3176	-0.89
865	-1.09
3172	-0.94
2599	-0.22
288	-0.39
866	-1.05
863	-0.73
2595	-0.35
286	-0.50
284	-0.52
3173	-0.40
3177	-0.50
862	-0.43
864	-1.58
2600	-0.40
2596	-0.35
285	0.28
3174	0.17
3178	-1.27
287	-1.17
2597	-1.10
283	-0.61
3175	-0.73
2598	-0.50
861	-0.66
554	-0.58
1132	
555	
1133	
556	
1134	
557	
1135	
558	
1136	
559	
1137	
1421	
1710	
1999	
2288	
1422	
1711	
2000	
2289	
1423	
1712	
2001	
2290	
1424	
1713	
2002	
2291	
1425	
1714	
2003	
2292	
1426	
1715	
2004	
2293	
2866	
3444	
2867	
3445	
2868	
3446	
2869	
3447	
2870	
3448	
2871	
3449	
3733	
4022	
4311	
4600	
3734	
4023	
4312	
4601	
3735	
4024	
4313	
4602	
3736	
4025	
4314	
4603	
3737	
4026	
4315	
4604	
3738	
4027	
4316	
4605	
560	
1138	
561	
1139	
562	
1140	
563	
1141	
564	
1142	
565	
1143	
1427	
1716	
2005	
2294	
1428	
1717	
2006	
2295	
1429	
1718	
2007	
2296	
1430	
1719	
2008	
2297	
1431	
1720	
2009	
2298	
1432	
1721	
2010	
2299	
2872	
3450	
2873	
3451	
2874	
3452	
2875	
3453	
2876	
3454	
2877	
3455	
3739	
4028	
4317	
4606	
3740	
4029	
4318	
4607	
3741	
4030	
4319	
4608	
3742	
4031	
4320	
4609	
3743	
4032	
4321	
4610	
3744	
4033	
4322	
4611	
566	
1144	
567	
1145	
568	
1146	
569	
1147	
570	
1148	
571	
1149	
1433	
1722	
2011	
2300	
1434	
1723	
2012	
2301	
1435	
1724	
2013	
2302	
1436	
1725	
2014	
2303	
1437	
1726	
2015	
2304	
1438	
1727	
2016	
2305	
2878	
3456	
2879	
3457	
2880	
3458	
2881	
3459	
2882	
3460	
2883	
3461	
3745	
4034	
4323	
4612	
3746	
4035	
4324	
4613	
3747	
4036	
4325	
4614	
3748	
4037	
4326	
4615	
3749	
4038	
4327	
4616	
3750	
4039	
4328	
4617	
572	
1150	
573	
1151	
574	
1152	
575	
1153	
576	
1154	
577	
1155	
1439	
1728	
2017	
2306	
1440	
1729	
2018	
2307	
1441	
1730	
2019	
2308	
1442	
1731	
2020	
2309	
1443	
1732	
2021	
2310	
1444	
1733	
2022	
2311	
2884	
3462	
2885	
3463	
2886	
3464	
2887	
3465	
2888	
3466	
2889	
3467	
3751	
4040	
4329	
4618	
3752	
4041	
4330	
4619	
3753	
4042	
4331	
4620	
3754	
4043	
4332	
4621	
3755	
4044	
4333	
4622	
3756	
4045	
4334	
4623	
2571	-0.16
3149	-0.77
2572	0.86
3150	-0.14
2573	-0.43
3151	0.31
2574	-0.19
3152	-0.34
2575	-0.01
3153	-0.41
2576	-0.23
3154	0.83
530	-0.35
1108	0.44
531	0.00
1109	-0.06
852	0.26
532	0.12
1110	-0.42
533	0.92
1111	-1.05
534	0.09
275	0.20
1112	-0.12
535	0.17
853	-0.14
1113	0.11
2594	0.31
2842	-0.44
3420	-0.26
2843	-0.55
3421	-0.65
2844	0.14
3422	-0.34
2845	-0.04
3423	0.15
2846	-0.08
276	0.15
3424	1.07
2847	0.27
3425	-0.48
536	-0.07
1114	-0.33
537	-0.12
1115	-0.75
538	-0.11
1116	-0.34
539	-0.05
1117	-0.24
540	0.23
1118	0.07
541	0.68
1119	0.08
2848	0.11
854	-0.40
2583	-0.23
3426	-0.53
2849	-0.70
3427	-0.44
2850	-0.16
3428	-0.41
2851	0.02
3429	0.12
2852	0.21
3161	0.25
3430	0.22
2853	-0.35
3431	-0.03
542	-0.05
1120	-0.56
543	-0.09
1121	-0.76
2584	-0.28
544	0.23
1122	1.60
545	-0.04
1123	-0.40
546	0.22
1124	-0.95
547	-0.87
1125	0.07
2854	-0.57
3162	-1.34
3432	0.06
2855	-0.55
3433	-0.20
2856	0.05
3434	-0.05
2857	0.34
3435	0.09
2858	-0.15
3436	-0.41
2859	-0.28
3437	-1.04
548	-0.58
2585	0.05
1126	0.41
549	-0.13
1127	-0.09
3163	-0.17
550	0.06
1128	-0.43
551	0.01
1129	-0.72
552	-0.06
1130	-0.26
553	-0.03
1131	-0.13
2860	-0.54
3438	1.37
2861	0.40
3439	-0.24
2862	0.21
3440	-0.64
2863	-0.67
3441	0.26
2864	-0.26
3442	-0.41
2865	0.93
3443	0.29
1686	1.16
2264	-0.16
1687	-2.42
2265	-0.03
1688	0.39
2266	0.38
1689	0.46
2267	-0.42
1690	0.03
2268	-0.35
1691	0.08
2269	0.40
3998	0.28
4576	-0.23
2586	-0.11
3999	0.42
4577	0.12
4000	0.49
4578	-0.12
4001	-0.37
3164	0.69
4579	-0.56
4002	0.14
4580	0.44
4003	-1.87
4581	-0.33
1692	0.19
2270	-0.49
2587	-0.26
1693	0.32
2271	-0.10
1694	-0.41
3165	-0.09
2272	-0.28
1695	-0.01
2273	-0.11
2588	-0.53
1696	-0.14
2274	0.34
1697	-0.36
2275	-0.73
4004	-0.48
4582	1.04
4005	-0.76
4583	0.29
4006	0.17
3166	0.44
4584	-0.61
4007	0.27
4585	-0.74
4008	0.09
4586	0.77
4009	0.51
4587	-0.76
1698	-0.79
2276	0.50
1699	0.06
2277	-1.26
1700	-0.11
2278	-0.29
277	-0.22
1701	-0.07
2279	-0.41
1702	-0.32
2280	0.16
855	0.16
1703	-0.13
278	-0.01
2281	0.25
4010	-0.04
4588	-0.47
856	-0.42
4011	-0.14
4589	-0.16
279	-0.01
4012	-0.64
4590	-0.53
4013	0.05
4591	-0.24
4014	-0.42
4592	-0.61
857	-1.02
4015	0.31
4593	-0.11
1704	-0.61
2282	-0.14
1705	-0.07
2283	-0.35
1706	0.20
2284	0.08
1707	-0.84
280	-0.14
2285	0.24
1708	-0.45
2286	-0.14
1709	0.11
2287	-0.03
4016	0.06
4594	-0.45
858	-0.09
4017	-0.24
4595	-0.03
4018	-0.32
4596	0.38
4019	-0.16
4597	-0.22
4020	-0.11
4598	0.10
4021	0.46
4599	-0.45
1397	0.94
1975	-0.03
1398	-0.16
1976	-1.27
1399	0.38
1977	-0.07
1400	0.05
1978	-0.03
1401	-1.37
1979	-0.60
1402	-1.26
1980	-0.22
3709	-0.16
4287	0.15
3710	0.00
4288	0.09
3711	0.01
281	-0.34
4289	-0.16
3712	0.08
859	-0.27
4290	0.40
3713	-0.01
4291	0.45
282	0.81
3714	-0.71
4292	0.34
1403	0.28
1981	1.28
1404	0.15
1982	-0.21
1405	-0.41
1983	-0.40
860	-0.26
1406	0.39
1984	1.36
1407	0.03
1985	-0.08
1408	0.15
1986	-0.35
3715	-1.24
4293	-0.66
3716	0.00
2589	0.90
4294	-0.01
3717	-0.61
4295	0.64
3718	0.26
4296	-0.48
3719	1.00
4297	0.36
3720	0.12
4298	0.13
1409	0.33
1987	0.40
1410	-0.98
1988	0.13
1411	-0.02
1989	1.06
1412	-1.10
1990	0.07
1413	0.41
3167	-0.28
1991	0.31
1414	-0.19
1992	0.34
3721	-0.07
4299	-0.30
3722	0.48
4300	0.35
3723	0.32
4301	0.02
3724	-0.09
4302	-0.22
3725	-0.67
4303	-0.16
3726	-0.15
4304	-0.74
1415	0.68
1993	-0.05
1416	-0.97
1994	-0.44
1417	-0.24
1995	0.79
1418	-0.34
1996	-0.09
1419	0.23
1997	-0.03
1420	-0.23
1998	0.30
3727	0.72
2590	-0.15
4305	-0.26
3728	0.38
4306	0.24
3729	0.15
4307	0.01
3730	-0.25
4308	-0.12
3731	0.42
4309	-0.25
3732	-0.42
4310	-0.13
265	0.10
843	-0.84
266	-0.10
844	-0.15
3168	0.37
2591	0.32
267	0.03
845	0.01
268	-0.23
846	0.04
269	-0.66
847	0.07
270	0.29
848	-0.17
2577	-0.59
3169	-0.08
3155	-0.06
2578	-0.15
2592	-0.26
3170	0.18
3156	0.22
2593	-0.85
2579	-0.29
3157	-1.43
2580	0.56
3158	0.55
2581	-0.07
3159	0.57
2582	-0.67
3160	-0.09
271	-0.06
849	0.75
272	-0.46
850	-0.46
273	-0.17
3171	0.20
851	-0.94
274	0.23
1	-0.91
579	-0.38
2	-0.28
580	-0.19
3	0.15
581	0.18
4	-0.16
582	0.12
5	-0.34
583	-0.07
6	0.35
584	-0.19
2313	-0.37
2891	0.03
2314	0.95
2892	-0.05
2315	-0.06
2893	0.59
2316	0.59
2894	1.11
2317	-0.31
2895	-0.67
2318	1.25
2896	0.85
7	0.08
585	-0.02
8	0.11
586	-0.04
9	0.02
587	-0.58
10	-0.20
588	-1.08
11	-2.07
589	-0.71
12	-0.99
590	-0.27
2319	-0.09
2897	0.31
2320	-0.27
2898	0.24
2321	-0.79
2899	-0.57
2322	-0.42
2900	-0.13
2323	0.44
2901	2.26
2324	2.23
2902	-0.01
13	0.48
591	0.23
14	-0.87
592	-0.38
15	-0.61
593	-0.39
16	-0.47
594	-0.70
17	0.11
595	-0.24
18	-0.34
596	0.51
2325	0.10
2903	-0.39
2326	-0.43
2904	0.84
2327	0.06
2905	-0.16
2328	0.15
2906	-0.21
2329	-0.56
2907	-1.86
2330	0.12
2908	0.21
19	-0.07
597	-0.04
20	-0.13
598	-0.43
21	0.01
599	-0.33
22	-0.06
600	-0.08
23	-1.14
601	-0.44
24	0.22
602	-0.90
2331	-0.56
2909	-0.72
2332	-0.89
2910	-1.03
2333	-1.19
2911	-0.14
2334	-0.77
2912	-0.35
2335	0.06
2913	0.05
2336	-0.66
2914	-1.34
290	-0.52
868	-0.41
291	-0.34
869	-0.13
292	0.18
870	-0.21
293	0.07
871	-0.14
294	-0.62
872	-0.52
295	-0.37
873	-0.79
2602	0.32
3180	-0.15
2603	-1.22
3181	-0.67
2604	-0.51
3182	-0.59
2605	-0.22
3183	0.10
2606	-0.17
3184	-0.36
2607	0.01
3185	-0.56
296	-0.42
874	-0.29
297	-0.43
875	-0.10
298	-0.07
876	-0.16
299	-0.50
877	-0.56
300	0.48
878	-0.29
301	-0.02
879	-0.12
2608	0.36
3186	0.48
2609	2.50
3187	1.63
2610	0.10
3188	-0.21
2611	-0.08
3189	-0.91
2612	-0.35
3190	-0.64
2613	0.30
3191	-1.25
302	0.43
880	1.08
303	0.65
881	0.21
304	0.03
882	-0.15
305	-0.48
883	-0.36
306	-0.41
884	0.03
307	-0.32
885	-0.21
2614	-0.49
3192	-0.26
2615	0.20
3193	-0.90
2616	-0.68
3194	-0.69
2617	-0.11
3195	-1.20
2618	-0.49
3196	-2.28
2619	-0.89
3197	-1.33
308	-1.50
886	-2.05
309	-2.06
887	-1.70
310	-1.70
888	-1.72
311	0.07
889	-0.56
312	-0.78
890	-1.24
313	-0.07
891	-0.13
2620	0.88
3198	-0.70
2621	0.04
3199	0.65
2622	1.30
3200	1.04
2623	0.24
3201	-0.38
2624	-0.12
3202	0.97
2625	0.48
3203	0.39
1446	0.37
2024	0.73
1447	0.99
2025	0.20
1448	0.80
2026	-0.44
1449	-0.69
2027	-0.48
1450	0.54
2028	-0.30
1451	-0.30
2029	-0.05
3758	-0.09
4336	-0.36
3759	-0.73
4337	-0.13
3760	-0.45
4338	-0.33
3761	-0.29
4339	0.41
3762	-0.70
4340	-0.19
3763	-0.10
4341	-0.75
1452	0.38
2030	-0.57
1453	-0.81
2031	-0.54
1454	0.02
2032	-0.54
1455	-0.19
2033	-0.33
1456	-0.38
2034	-0.45
1457	-0.30
2035	-0.47
3764	-0.18
4342	-0.89
3765	-0.69
4343	0.19
3766	-0.63
4344	-0.52
3767	0.09
4345	-0.26
3768	0.69
4346	-0.28
3769	0.36
4347	2.06
1458	-0.48
2036	-0.34
1459	0.73
2037	-0.02
1460	0.06
2038	0.63
1461	0.25
2039	-0.50
1462	0.38
2040	-0.53
1463	-0.38
2041	-0.86
3770	-1.06
4348	-0.46
3771	-0.98
4349	-0.61
3772	-0.58
4350	-0.49
3773	-0.04
4351	-1.22
3774	-0.30
4352	-0.07
3775	-0.04
4353	-1.18
1464	0.13
2042	0.03
1465	0.25
2043	-0.59
1466	0.06
2044	0.31
1467	0.10
2045	-0.64
1468	0.17
2046	-0.34
1469	-0.64
2047	-0.14
3776	-0.43
4354	-0.52
3777	-0.09
4355	-0.14
3778	0.03
4356	0.06
3779	-0.96
4357	-0.19
3780	0.57
4358	0.56
3781	0.93
4359	-0.21
1157	-0.76
1735	-0.32
1158	-0.48
1736	0.32
1159	0.20
1737	-0.25
1160	-0.12
1738	-0.06
1161	0.12
1739	-0.07
1162	-0.04
1740	0.26
3469	-0.06
4047	1.17
3470	0.68
4048	-0.68
3471	-0.33
4049	-0.48
3472	1.17
4050	-0.03
3473	-0.36
4051	-0.56
3474	-0.02
4052	-0.56
1163	-0.18
1741	-0.26
1164	-0.11
1742	-0.08
1165	0.03
1743	-0.03
1166	-0.29
1744	-0.53
1167	-0.27
1745	-0.47
1168	-0.68
1746	-0.45
3475	-0.11
4053	-0.28
3476	-0.36
4054	0.55
3477	1.31
4055	0.29
3478	-0.10
4056	0.96
3479	0.01
4057	-0.09
3480	0.14
4058	0.32
1169	0.10
1747	1.08
1170	1.17
1748	1.02
1171	0.29
1749	-0.21
1172	-0.93
1750	0.07
1173	-0.36
1751	-0.68
1174	-0.35
1752	-0.30
3481	0.15
4059	-0.41
3482	-0.19
4060	-0.46
3483	-1.07
4061	-0.61
3484	-0.28
4062	-0.23
3485	-0.50
4063	-0.13
3486	-0.54
4064	-0.56
1175	-0.03
1753	-0.05
1176	-0.24
1754	-0.14
1177	-0.76
1755	0.81
1178	1.00
1756	-0.32
1179	-0.55
1757	0.04
1180	-0.18
1758	-1.04
3487	-0.52
4065	-0.97
3488	0.36
4066	-1.76
3489	0.19
4067	1.27
3490	-0.03
4068	0.68
3491	0.90
4069	0.54
3492	0.11
4070	0.14
25	-0.12
603	-0.14
26	-0.09
604	0.09
27	0.31
605	0.07
28	-0.23
606	0.09
29	-0.81
607	-0.32
30	-0.84
608	-0.53
2337	0.19
2915	0.27
2338	0.31
2916	0.72
2339	0.24
2917	-0.98
2340	0.17
2918	-1.97
2341	-0.69
2919	-0.91
2342	0.01
2920	-0.03
31	-0.09
609	1.31
32	1.88
610	1.51
33	0.33
611	0.04
34	-0.14
612	-0.32
35	-0.11
613	-0.16
36	0.08
614	-0.26
2343	-0.10
2921	-0.21
2344	-0.19
2922	0.15
2345	0.58
2923	0.18
2346	-0.21
2924	-0.60
2347	-0.31
2925	-0.76
2348	-0.49
2926	-0.70
37	-0.66
615	0.02
38	0.18
616	-0.16
39	0.02
617	-0.33
40	-0.66
618	-3.43
41	0.02
619	0.29
42	0.73
620	-0.32
2349	0.05
2927	-0.18
2350	0.08
2928	0.12
2351	-0.24
2929	-0.01
2352	0.24
2930	-0.23
2353	-0.75
2931	-0.44
2354	-0.70
2932	-0.64
43	-0.36
621	-0.33
44	-0.60
622	0.09
45	-0.22
623	0.21
46	0.27
624	-0.40
47	-0.27
625	-0.03
48	1.44
626	-0.07
2355	-0.69
2933	0.14
2356	0.00
2934	0.31
2357	0.56
2935	1.31
2358	1.99
2936	0.47
2359	1.00
2937	0.30
2360	-0.73
2938	-0.40
314	-0.54
892	-0.56
315	0.78
893	-0.46
316	0.69
894	1.95
317	0.41
895	0.14
318	-0.14
896	1.03
319	0.63
897	-0.47
2626	-0.57
3204	-0.63
2627	0.16
3205	0.24
2628	-0.08
3206	-0.24
2629	-0.25
3207	-0.53
2630	-0.53
3208	-0.27
2631	-0.87
3209	-0.28
320	0.31
898	-0.75
321	-0.27
899	-0.32
322	0.99
900	1.35
323	1.75
901	1.66
324	1.40
902	0.91
325	2.61
903	-1.26
2632	-0.16
3210	-0.86
2633	-0.03
3211	-0.41
2634	-0.39
3212	-0.18
2635	-0.34
3213	0.65
2636	1.22
3214	1.61
2637	1.20
3215	1.66
326	0.48
904	0.71
327	0.07
905	0.50
328	0.05
906	0.16
329	0.22
907	0.09
330	0.48
908	0.72
331	0.28
909	-0.07
2638	0.49
3216	0.79
2639	0.62
3217	0.21
2640	0.66
3218	-0.53
2641	0.10
3219	-0.47
2642	-0.51
3220	-0.38
2643	-0.16
3221	-0.08
332	0.14
910	-0.21
333	0.05
911	0.17
334	0.31
912	1.18
335	-0.52
913	-1.02
336	0.07
914	0.06
337	0.41
915	-0.98
2644	-0.43
3222	-0.05
2645	-0.59
3223	0.26
2646	0.10
3224	-0.02
2647	0.38
3225	-0.14
2648	-0.15
3226	0.13
2649	0.11
3227	-0.16
1470	0.16
2048	0.00
1471	-0.14
2049	3.05
1472	1.72
2050	1.42
1473	0.74
2051	-0.07
1474	0.35
2052	-0.14
1475	-0.30
2053	-0.89
3782	-0.64
4360	0.02
3783	0.36
4361	-0.41
3784	0.21
4362	0.42
3785	0.36
4363	0.59
3786	0.94
4364	1.28
3787	0.85
4365	0.36
1476	0.20
2054	-0.04
1477	-0.04
2055	-0.54
1478	-0.72
2056	-1.39
1479	-1.88
2057	-1.68
1480	-0.86
2058	-1.10
1481	-0.93
2059	-0.76
3788	-1.51
4366	-0.72
3789	-0.01
4367	0.30
3790	-0.95
4368	-0.20
3791	-0.50
4369	-1.16
3792	-1.53
4370	-1.40
3793	-1.33
4371	-0.65
1482	-0.14
2060	-0.31
1483	-0.23
2061	0.98
1484	-0.18
2062	-0.19
1485	-0.28
2063	-0.51
1486	-0.08
2064	-0.24
1487	-0.44
2065	-0.50
3794	-0.52
4372	-0.53
3795	-0.39
4373	-0.12
3796	-0.14
4374	-0.55
3797	-0.51
4375	-0.17
3798	-0.32
4376	0.70
3799	-0.66
4377	-0.25
1488	0.02
2066	-0.21
1489	0.97
2067	-1.23
1490	-0.75
2068	0.26
1491	0.07
2069	-0.42
1492	0.09
2070	0.04
1493	0.03
2071	0.04
3800	-0.05
4378	0.11
3801	-0.50
4379	-1.69
3802	-0.87
4380	-0.55
3803	-0.35
4381	-0.69
3804	-0.24
4382	-0.94
3805	-0.06
4383	-0.63
1181	-0.02
1759	1.19
1182	0.29
1760	0.21
1183	-0.81
1761	-1.03
1184	-0.72
1762	-0.33
1185	-0.30
1763	0.06
1186	-0.21
1764	-0.00
3493	-0.17
4071	-0.24
3494	-0.14
4072	-0.21
3495	-0.18
4073	-0.03
3496	-0.26
4074	-0.12
3497	0.39
4075	-0.15
3498	-0.36
4076	-0.58
1187	-0.04
1765	-0.24
1188	-0.13
1766	-0.27
1189	1.60
1767	1.83
1190	0.94
1768	-0.44
1191	-0.29
1769	-0.17
1192	-0.15
1770	0.18
3499	-0.28
4077	0.03
3500	-0.24
4078	-0.07
3501	0.08
4079	-0.14
3502	-0.01
4080	-0.25
3503	-0.19
4081	-0.18
3504	-0.82
4082	-0.95
1193	-0.60
1771	-0.68
1194	-0.06
1772	0.86
1195	-0.19
1773	-0.84
1196	-0.35
1774	0.33
1197	-0.24
1775	0.22
1198	-0.41
1776	-0.90
3505	-1.08
4083	0.63
3506	0.41
4084	0.46
3507	0.70
4085	-1.11
3508	-0.75
4086	-0.80
3509	-0.28
4087	0.25
3510	0.24
4088	0.27
1199	-0.06
1777	-0.41
1200	0.31
1778	-0.45
1201	-0.14
1779	-0.05
1202	-0.99
1780	0.34
1203	0.24
1781	0.30
1204	0.20
1782	0.15
3511	-0.40
4089	0.15
3512	0.21
4090	0.34
3513	-0.27
4091	0.03
3514	-0.17
4092	0.66
3515	-0.35
4093	0.42
3516	0.23
4094	0.20
49	-0.63
627	-0.23
50	-0.31
628	-1.32
51	-0.84
629	-0.25
52	-0.06
630	-0.25
53	-0.27
631	-0.40
54	-0.54
632	-1.74
2361	-0.42
2939	-0.48
2362	0.04
2940	-0.33
2363	-0.85
2941	0.22
2364	-0.45
2942	0.33
2365	-0.52
2943	-0.66
2366	-0.68
2944	-0.12
55	-0.51
633	-0.45
56	0.04
634	-0.41
57	-0.11
635	-0.21
58	-0.32
636	0.06
59	-0.00
637	-0.30
60	0.38
638	-0.01
2367	1.17
2945	-0.48
2368	0.30
2946	1.26
2369	0.25
2947	0.26
2370	0.13
2948	-0.04
2371	-0.28
2949	-0.31
2372	-0.17
2950	-0.50
61	-0.11
639	1.10
62	0.37
640	0.09
63	0.15
641	1.15
64	1.95
642	1.10
65	-0.55
643	-0.43
66	1.78
644	-0.89
2373	2.57
2951	-0.17
2374	0.03
2952	0.77
2375	0.36
2953	0.77
2376	0.19
2954	-0.20
2377	-0.29
2955	0.23
2378	0.38
2956	-0.21
67	0.15
645	-0.30
68	-0.32
646	0.28
69	-0.51
647	-0.50
70	0.36
648	-0.18
71	-0.10
649	-0.26
72	-0.01
650	-0.60
2379	-0.16
2957	-0.48
2380	0.11
2958	-0.50
2381	0.23
2959	-0.39
2382	1.41
2960	1.88
2383	0.66
2961	0.36
2384	0.71
2962	0.96
338	0.67
916	0.43
339	-0.22
917	-0.12
340	1.19
918	0.74
341	0.10
919	1.42
342	-0.03
920	0.06
343	-0.41
921	0.64
2650	0.15
3228	1.83
2651	-0.12
3229	-0.34
2652	-0.25
3230	-0.51
2653	0.40
3231	0.33
2654	2.94
3232	2.31
2655	0.11
3233	-0.82
344	0.38
922	-0.26
345	-0.42
923	-0.53
346	-0.49
924	-0.51
347	-0.13
925	0.57
348	0.29
926	0.75
349	-0.38
927	-0.10
2656	0.18
3234	0.75
2657	0.40
3235	-0.46
2658	0.67
3236	0.62
2659	0.27
3237	0.03
2660	-0.39
3238	-0.05
2661	-0.46
3239	-0.55
350	-0.09
928	0.12
351	-0.31
929	-0.21
352	-0.23
930	-0.91
353	-0.10
931	-1.71
354	0.30
932	0.62
355	-0.37
933	-0.53
2662	-0.44
3240	-0.52
2663	-0.03
3241	-0.40
2664	0.13
3242	-0.14
2665	0.97
3243	1.00
2666	-0.24
3244	-0.66
2667	0.00
3245	-0.50
356	-0.09
934	0.93
357	1.32
935	-0.05
358	0.04
936	-0.36
359	-0.04
937	-0.11
360	-0.08
938	0.24
361	-0.41
939	-0.21
2668	0.42
3246	-0.74
2669	0.58
3247	0.04
2670	0.07
3248	0.12
2671	0.10
3249	-0.31
2672	-0.27
3250	0.23
2673	-0.41
3251	-0.34
1494	0.53
2072	-0.67
1495	0.14
2073	-0.47
1496	-0.02
2074	-0.44
1497	0.56
2075	-0.54
1498	0.70
2076	0.83
1499	0.40
2077	0.02
3806	-0.09
4384	-0.33
3807	-0.24
4385	0.59
3808	0.29
4386	-0.01
3809	-0.34
4387	0.40
3810	0.77
4388	-0.81
3811	-2.19
4389	0.10
1500	-0.13
2078	0.26
1501	0.52
2079	0.27
1502	0.36
2080	0.08
1503	1.12
2081	0.08
1504	-0.23
2082	0.10
1505	1.37
2083	0.06
3812	0.02
4390	-0.14
3813	1.37
4391	-0.21
3814	-0.59
4392	0.01
3815	-0.35
4393	0.43
3816	-0.48
4394	-0.84
3817	-0.81
4395	-0.55
1506	0.11
2084	-0.19
1507	0.58
2085	0.49
1508	0.70
2086	0.19
1509	-0.02
2087	0.18
1510	-0.75
2088	-1.24
1511	-0.75
2089	-0.43
3818	0.27
4396	-0.63
3819	-0.21
4397	-0.55
3820	0.66
4398	0.23
3821	-0.21
4399	-0.54
3822	-0.22
4400	-0.03
3823	0.21
4401	-0.73
1512	0.03
2090	1.60
1513	0.72
2091	-0.47
1514	0.19
2092	-0.42
1515	0.72
2093	-0.41
1516	-0.19
2094	-0.35
1517	-0.06
2095	-0.03
3824	0.05
4402	-0.18
3825	0.22
4403	-0.38
3826	0.00
4404	-0.49
3827	-0.10
4405	-0.44
3828	0.27
4406	-0.27
3829	-0.85
4407	0.12
1205	-1.10
1783	-1.48
1206	-0.20
1784	-0.96
1207	-0.59
1785	-1.55
1208	-1.66
1786	-0.81
1209	-1.51
1787	-0.50
1210	-0.56
1788	-1.71
3517	1.39
4095	-0.74
3518	
4096	-0.03
3519	-0.39
4097	-1.24
3520	-0.29
4098	-1.50
3521	-0.41
4099	-1.06
3522	-1.12
4100	-0.81
1211	0.44
1789	-0.97
1212	-0.81
1790	-0.99
1213	-0.49
1791	-0.99
1214	-1.75
1792	-0.52
1215	0.05
1793	0.51
1216	-0.68
1794	0.46
3523	0.75
4101	0.70
3524	-0.12
4102	-0.28
3525	0.32
4103	-0.86
3526	-0.03
4104	0.35
3527	0.22
4105	0.49
3528	-0.05
4106	-0.23
1217	-0.11
1795	-0.22
1218	-0.68
1796	-0.62
1219	0.01
1797	-0.17
1220	0.74
1798	-1.07
1221	-0.50
1799	-0.32
1222	0.03
1800	0.09
3529	-0.10
4107	0.10
3530	0.12
4108	-0.07
3531	-0.01
4109	-0.17
3532	-0.35
4110	0.32
3533	-0.30
4111	-0.35
3534	-0.20
4112	-0.59
1223	-0.69
1801	-0.25
1224	-0.20
1802	-0.69
1225	-0.29
1803	-0.64
1226	-0.09
1804	-0.23
1227	0.04
1805	0.30
1228	0.56
1806	-0.35
3535	0.09
4113	-0.00
3536	1.65
4114	-0.50
3537	-0.48
4115	0.03
3538	-0.34
4116	-0.09
3539	0.62
4117	0.43
3540	-0.05
4118	0.12
73	-0.34
651	0.05
74	-0.27
652	0.88
75	-0.22
653	0.11
76	0.24
654	-0.31
77	1.14
655	1.76
78	0.63
656	0.42
2385	0.99
2963	-0.10
2386	0.06
2964	-1.41
2387	-1.50
2965	0.10
2388	-0.88
2966	-0.38
2389	0.88
2967	0.60
2390	-0.89
2968	-0.25
79	1.21
657	0.70
80	0.13
658	0.05
81	-0.60
659	-1.86
82	-1.24
660	-1.09
83	-0.62
661	-0.34
84	-0.12
662	-0.07
2391	0.24
2969	0.08
2392	-0.19
2970	0.92
2393	0.09
2971	0.77
2394	2.41
2972	0.14
2395	-0.60
2973	-0.49
2396	0.37
2974	-0.17
85	-0.19
663	0.04
86	-0.46
664	-0.26
87	0.28
665	-0.06
88	0.40
666	-0.05
89	0.44
667	0.01
90	0.20
668	-0.45
2397	-0.20
2975	0.23
2398	1.87
2976	4.24
2399	4.24
2977	2.56
2400	1.03
2978	0.76
2401	-1.35
2979	0.85
2402	1.47
2980	1.46
91	0.31
669	0.53
92	0.89
670	0.09
93	0.80
671	-0.18
94	0.03
672	0.46
95	-0.24
673	0.35
96	0.26
674	-0.09
2403	-0.29
2981	-0.51
2404	0.11
2982	0.18
2405	-0.92
2983	-0.79
2406	0.80
2984	-0.10
2407	1.68
2985	-0.56
2408	-0.68
2986	-0.54
362	-0.19
940	0.20
363	-0.89
941	-0.55
364	-0.10
942	-0.21
365	-0.28
943	-0.04
366	0.27
944	-0.16
367	-0.61
945	-1.04
2674	-0.29
3252	-0.69
2675	0.25
3253	0.23
2676	0.28
3254	-0.34
2677	-0.21
3255	-0.37
2678	-0.58
3256	-0.77
2679	0.65
3257	-0.18
368	-0.39
946	0.01
369	-0.14
947	-0.63
370	0.77
948	0.06
371	-0.29
949	-1.30
372	-1.13
950	-0.41
373	0.15
951	-0.41
2680	-0.43
3258	0.01
2681	0.06
3259	0.07
2682	0.40
3260	-0.24
2683	-0.25
3261	-0.01
2684	0.16
3262	0.57
2685	0.51
3263	-0.43
374	0.33
952	0.83
375	0.63
953	0.61
376	0.56
954	-0.37
377	1.18
955	0.28
378	0.29
956	0.14
379	-0.03
957	-0.21
2686	-0.47
3264	-0.49
2687	-0.65
3265	-0.36
2688	-0.23
3266	-0.23
2689	-0.37
3267	0.51
2690	1.21
3268	0.05
2691	0.33
3269	0.01
380	0.06
958	-0.44
381	0.77
959	0.96
382	0.57
960	0.12
383	0.91
961	0.11
384	0.21
962	-0.04
385	0.63
963	0.75
2692	0.89
3270	0.52
2693	0.74
3271	0.89
2694	0.82
3272	0.44
2695	0.45
3273	1.18
2696	0.81
3274	-0.44
2697	0.11
3275	1.13
1518	0.06
2096	0.14
1519	-0.59
2097	-0.67
1520	-0.23
2098	-0.15
1521	-0.23
2099	-0.25
1522	0.79
2100	0.44
1523	0.89
2101	0.62
3830	-0.79
4408	-0.29
3831	-0.59
4409	-0.88
3832	0.20
4410	0.26
3833	0.31
4411	1.56
3834	2.19
4412	1.44
3835	0.33
4413	1.76
1524	1.93
2102	0.99
1525	-0.69
2103	0.05
1526	-0.41
2104	-0.63
1527	-0.08
2105	-0.43
1528	-0.14
2106	-0.31
1529	-0.00
2107	-0.41
3836	0.46
4414	0.25
3837	0.69
4415	0.57
3838	0.21
4416	-0.40
3839	0.60
4417	0.07
3840	-0.06
4418	-0.56
3841	0.97
4419	0.85
1530	-0.10
2108	-0.71
1531	0.01
2109	0.74
1532	1.05
2110	-0.06
1533	-0.01
2111	-0.11
1534	0.09
2112	-0.51
1535	-0.35
2113	-0.58
3842	-0.16
4420	-0.46
3843	2.21
4421	-0.12
3844	-0.93
4422	-1.54
3845	-1.29
4423	-0.36
3846	0.35
4424	-0.18
3847	0.07
4425	-0.43
1536	-0.46
2114	-0.66
1537	-1.20
2115	-0.30
1538	-0.30
2116	-0.29
1539	-0.59
2117	-0.67
1540	-0.01
2118	-0.11
1541	0.11
2119	-0.32
3848	-0.32
4426	-0.09
3849	0.45
4427	-0.65
3850	-0.79
4428	-0.16
3851	-0.41
4429	-0.02
3852	-0.31
4430	-0.55
3853	-1.88
4431	-0.57
1229	0.34
1807	0.16
1230	-0.41
1808	-0.44
1231	-0.27
1809	-0.23
1232	-0.08
1810	-0.41
1233	-0.04
1811	-0.06
1234	0.34
1812	-0.15
3541	-0.34
4119	-0.12
3542	-0.30
4120	-0.94
3543	0.28
4121	-0.13
3544	-0.43
4122	0.83
3545	-0.19
4123	-0.41
3546	0.06
4124	-0.12
1235	-0.27
1813	-0.01
1236	-0.53
1814	-0.74
1237	0.29
1815	-0.03
1238	-0.22
1816	-0.15
1239	1.52
1817	-0.07
1240	0.43
1818	0.44
3547	0.34
4125	0.46
3548	0.11
4126	0.25
3549	0.11
4127	1.07
3550	0.77
4128	0.43
3551	0.65
4129	0.77
3552	0.53
4130	0.54
1241	-0.30
1819	-0.16
1242	0.09
1820	1.08
1243	-0.73
1821	-0.45
1244	-0.19
1822	-0.42
1245	0.34
1823	-0.02
1246	-0.29
1824	-0.17
3553	0.07
4131	1.67
3554	0.53
4132	0.50
3555	0.20
4133	1.18
3556	0.99
4134	-0.01
3557	-0.27
4135	-0.14
3558	0.63
4136	0.99
1247	0.58
1825	-0.08
1248	0.26
1826	0.70
1249	0.53
1827	0.42
1250	0.08
1828	0.29
1251	-0.04
1829	-0.18
1252	-0.43
1830	-0.20
3559	0.07
4137	-0.91
3560	-0.16
4138	-0.01
3561	-0.39
4139	-0.43
3562	0.14
4140	0.65
3563	0.23
4141	0.32
3564	-0.42
4142	-0.37
97	0.06
675	-0.28
98	0.82
676	1.21
99	-0.37
677	-0.01
100	0.02
678	0.05
101	0.16
679	-0.02
102	-1.17
680	0.43
2409	-0.64
2987	-1.15
2410	-0.22
2988	-0.60
2411	-0.28
2989	-0.71
2412	0.09
2990	0.56
2413	-0.12
2991	-0.19
2414	-0.43
2992	-0.85
103	-0.56
681	-0.03
104	0.34
682	-0.06
105	0.45
683	0.13
106	0.08
684	0.00
107	0.36
685	0.38
108	0.32
686	0.10
2415	0.23
2993	0.34
2416	-0.53
2994	1.47
2417	0.65
2995	0.49
2418	-0.49
2996	0.30
2419	0.23
2997	-0.06
2420	0.13
2998	0.09
109	0.28
687	0.35
110	0.55
688	0.68
111	0.01
689	-0.47
112	-0.38
690	1.24
113	1.34
691	1.87
114	1.81
692	1.26
2421	0.32
2999	0.51
2422	1.17
3000	1.13
2423	0.83
3001	0.74
2424	0.80
3002	1.26
2425	0.76
3003	0.58
2426	-0.04
3004	-0.36
115	0.37
693	0.06
116	0.08
694	-0.15
117	0.28
695	-0.24
118	0.24
696	-0.03
119	-0.09
697	-0.57
120	-0.49
698	-0.40
2427	0.23
3005	0.36
2428	0.31
3006	-0.25
2429	0.74
3007	0.02
2430	0.85
3008	0.44
2431	0.29
3009	-0.11
2432	0.13
3010	-0.88
386	0.73
964	0.46
387	0.56
965	0.62
388	0.16
966	0.48
389	-0.41
967	-1.09
390	0.02
968	0.30
391	0.18
969	0.14
2698	-0.15
3276	-0.62
2699	0.17
3277	-0.09
2700	-0.18
3278	0.10
2701	0.06
3279	-0.85
2702	-0.51
3280	-0.76
2703	-0.12
3281	-1.03
392	-0.76
970	-0.46
393	-0.48
971	-0.70
394	0.15
972	-0.35
395	-0.14
973	-0.57
396	0.02
974	-0.23
397	-0.08
975	-0.01
2704	-0.35
3282	-0.51
2705	0.22
3283	-0.76
2706	-0.30
3284	-0.20
2707	-0.02
3285	0.02
2708	0.43
3286	0.36
2709	0.69
3287	0.34
398	-0.19
976	-0.58
399	0.57
977	-0.32
400	-0.21
978	-0.51
401	-0.26
979	-0.33
402	-0.66
980	-0.18
403	0.35
981	0.11
2710	0.14
3288	0.25
2711	0.66
3289	0.82
2712	-0.17
3290	0.08
2713	0.44
3291	0.06
2714	0.22
3292	0.53
2715	-0.55
3293	-0.10
404	-0.32
982	0.31
405	0.32
983	-0.17
406	-0.01
984	0.42
407	0.70
985	0.38
408	0.82
986	0.14
409	0.09
987	0.16
2716	0.86
3294	0.67
2717	0.37
3295	-0.71
2718	-0.42
3296	-0.51
2719	-0.84
3297	-0.21
2720	0.36
3298	-1.40
2721	0.02
3299	-0.35
1542	-0.81
2120	-0.41
1543	0.24
2121	-0.17
1544	0.29
2122	-0.11
1545	1.10
2123	0.79
1546	0.59
2124	-1.05
1547	-0.36
2125	-0.39
3854	0.62
4432	-0.46
3855	0.06
4433	0.87
3856	1.04
4434	1.32
3857	0.78
4435	0.85
3858	1.04
4436	0.36
3859	-0.17
4437	-0.14
1548	-0.02
2126	0.15
1549	0.25
2127	0.28
1550	0.44
2128	1.54
1551	0.11
2129	-1.44
1552	-0.45
2130	-0.11
1553	-0.01
2131	-0.71
3860	
4438	0.03
3861	0.33
4439	-0.11
3862	-0.13
4440	-0.59
3863	-0.49
4441	-0.39
3864	0.86
4442	-0.59
3865	-0.45
4443	-0.13
1554	0.06
2132	0.18
1555	0.10
2133	-0.43
1556	-0.25
2134	-0.22
1557	-0.12
2135	0.15
1558	0.25
2136	-0.15
1559	-0.06
2137	0.00
3866	-2.39
4444	-1.32
3867	0.12
4445	-0.17
3868	0.00
4446	-0.35
3869	-0.24
4447	-0.56
3870	-0.26
4448	0.41
3871	-0.51
4449	-0.67
1560	0.28
2138	0.24
1561	-0.20
2139	-0.17
1562	0.47
2140	-0.79
1563	-0.64
2141	-0.71
1564	0.55
2142	0.58
1565	0.14
2143	-0.77
3872	-0.43
4450	-0.49
3873	-0.29
4451	-0.58
3874	-0.14
4452	-0.44
3875	-0.23
4453	-0.45
3876	-0.61
4454	-0.58
3877	-0.37
4455	-0.51
1253	-0.48
1831	-0.54
1254	0.19
1832	-0.05
1255	-0.17
1833	0.11
1256	0.23
1834	0.07
1257	0.23
1835	0.36
1258	-0.20
1836	0.12
3565	-0.24
4143	-0.21
3566	-0.13
4144	0.28
3567	-0.34
4145	0.06
3568	0.03
4146	0.20
3569	-0.04
4147	0.07
3570	0.10
4148	-0.18
1259	-0.38
1837	-1.98
1260	-0.65
1838	-0.40
1261	-0.01
1839	-0.03
1262	0.46
1840	-0.57
1263	-0.28
1841	-0.37
1264	-0.04
1842	-0.21
3571	0.50
4149	-0.49
3572	-0.21
4150	0.22
3573	0.06
4151	-0.12
3574	-0.69
4152	0.58
3575	-0.18
4153	0.55
3576	1.09
4154	-0.01
1265	-0.25
1843	0.26
1266	2.55
1844	-0.34
1267	-0.06
1845	0.64
1268	-0.01
1846	-0.07
1269	0.00
1847	0.08
1270	0.55
1848	-0.30
3577	0.60
4155	0.47
3578	-0.14
4156	-0.50
3579	-0.46
4157	-0.28
3580	0.26
4158	0.28
3581	1.50
4159	0.33
3582	0.78
4160	-0.07
1271	-0.32
1849	-0.30
1272	0.13
1850	-0.63
1273	-0.81
1851	-1.18
1274	-1.66
1852	-0.37
1275	-0.47
1853	0.29
1276	0.15
1854	-0.10
3583	-0.50
4161	-0.72
3584	-0.20
4162	-0.79
3585	0.34
4163	0.84
3586	-0.54
4164	1.26
3587	0.46
4165	0.22
3588	-0.71
4166	-0.59
121	-0.19
699	0.10
122	0.35
700	-0.18
123	0.90
701	-0.08
124	-0.08
702	-0.30
125	0.07
703	-0.17
126	-0.14
704	-0.30
2433	-0.53
3011	0.04
2434	-0.15
3012	0.05
2435	-0.43
3013	0.32
2436	0.18
3014	0.35
2437	-0.05
3015	-0.37
2438	-0.38
3016	-0.23
127	0.41
705	-0.18
128	-0.45
706	-0.58
129	-0.30
707	-0.70
130	-0.42
708	0.11
131	-0.24
709	-0.39
132	-0.22
710	0.01
2439	-0.89
3017	0.11
2440	-0.65
3018	-0.66
2441	-0.23
3019	-0.87
2442	-0.46
3020	-0.35
2443	-0.03
3021	-0.26
2444	-0.14
3022	-0.45
133	-0.57
711	-0.38
134	-0.07
712	-0.44
135	-0.44
713	-0.31
136	-0.05
714	0.12
137	0.34
715	0.05
138	-0.51
716	-0.17
2445	-0.21
3023	-0.55
2446	-0.37
3024	-0.94
2447	-0.09
3025	0.06
2448	-0.70
3026	-0.58
2449	-0.52
3027	-0.10
2450	0.06
3028	-0.32
139	0.50
717	0.24
140	-0.19
718	-0.50
141	-0.21
719	-0.26
142	-0.39
720	-0.15
143	-0.92
721	0.15
144	-0.27
722	0.40
2451	0.10
3029	-0.01
2452	-0.56
3030	0.14
2453	-0.56
3031	-0.19
2454	-1.23
3032	-0.49
2455	-0.04
3033	-0.04
2456	1.38
3034	0.43
410	0.34
988	-0.81
411	-0.82
989	-0.88
412	-0.72
990	-0.65
413	-0.05
991	0.45
414	0.22
992	-0.59
415	-0.24
993	0.09
2722	-0.11
3300	-0.73
2723	-0.03
3301	-0.86
2724	-1.39
3302	-0.63
2725	-0.76
3303	-0.69
2726	-0.35
3304	-0.10
2727	0.30
3305	-0.52
416	0.25
994	-0.34
417	0.57
995	-0.07
418	-0.57
996	-0.54
419	0.18
997	0.99
420	0.01
998	-0.01
421	0.32
999	2.12
2728	1.80
3306	-0.44
2729	-0.15
3307	0.13
2730	0.35
3308	-0.34
2731	-0.37
3309	-0.28
2732	0.35
3310	0.02
2733	0.09
3311	0.76
422	0.07
1000	-0.13
423	-0.15
1001	-0.37
424	-0.12
1002	-0.38
425	-0.41
1003	-0.41
426	-0.29
1004	0.03
427	-0.47
1005	-0.34
2734	0.40
3312	-0.53
2735	0.11
3313	-0.08
2736	-0.08
3314	-0.67
2737	0.07
3315	-0.12
2738	-0.67
3316	-0.17
2739	-0.23
3317	-0.05
428	-0.31
1006	-0.06
429	0.39
1007	1.06
430	0.29
1008	-0.03
431	0.13
1009	0.33
432	0.36
1010	0.23
433	0.18
1011	0.06
2740	-0.69
3318	-1.17
2741	0.21
3319	-0.05
2742	-0.00
3320	-0.29
2743	2.16
3321	2.56
2744	0.76
3322	0.47
2745	-0.07
3323	-0.07
1566	0.36
2144	0.26
1567	-0.19
2145	0.24
1568	0.40
2146	0.05
1569	0.68
2147	0.28
1570	0.37
2148	0.22
1571	0.36
2149	-1.37
3878	0.18
4456	0.17
3879	0.23
4457	0.80
3880	0.66
4458	-0.20
3881	-0.57
4459	-0.37
3882	-0.04
4460	-0.10
3883	0.19
4461	-0.47
1572	0.30
2150	0.23
1573	0.60
2151	-0.45
1574	-0.33
2152	0.12
1575	0.07
2153	-0.21
1576	1.09
2154	-0.45
1577	1.75
2155	1.78
3884	1.52
4462	1.75
3885	2.25
4463	-0.39
3886	0.34
4464	-1.93
3887	0.18
4465	-0.96
3888	-0.31
4466	-0.48
3889	0.09
4467	0.08
1578	-0.17
2156	-0.35
1579	0.14
2157	-0.28
1580	-0.08
2158	-0.56
1581	0.19
2159	-0.11
1582	-0.25
2160	-0.60
1583	-0.40
2161	0.03
3890	-0.47
4468	-0.53
3891	-0.84
4469	-0.51
3892	-0.27
4470	-1.11
3893	-0.82
4471	-0.34
3894	
4472	-0.05
3895	-0.17
4473	-0.28
1584	0.04
2162	-0.74
1585	-0.24
2163	-0.01
1586	-0.33
2164	0.12
1587	0.29
2165	-0.40
1588	-1.80
2166	-0.85
1589	0.50
2167	-0.53
3896	-0.18
4474	-0.70
3897	0.07
4475	-0.06
3898	-0.08
4476	-0.07
3899	-0.77
4477	-0.44
3900	-1.36
4478	-0.75
3901	0.11
4479	0.46
1277	-0.49
1855	-0.21
1278	0.27
1856	0.06
1279	0.31
1857	0.05
1280	-0.33
1858	-0.64
1281	-0.69
1859	-0.75
1282	-0.19
1860	-0.31
3589	0.29
4167	0.56
3590	0.20
4168	-0.29
3591	-0.23
4169	0.44
3592	0.51
4170	-0.31
3593	0.18
4171	0.57
3594	-0.02
4172	-0.34
1283	-0.01
1861	0.01
1284	0.01
1862	-1.36
1285	-0.08
1863	-0.72
1286	-0.82
1864	-0.07
1287	0.11
1865	-0.07
1288	0.17
1866	0.61
3595	0.16
4173	0.74
3596	0.22
4174	0.81
3597	1.16
4175	0.87
3598	0.76
4176	0.54
3599	1.16
4177	0.93
3600	0.79
4178	0.90
1289	1.09
1867	0.80
1290	-0.03
1868	0.25
1291	0.28
1869	-0.17
1292	-0.21
1870	-0.07
1293	0.14
1871	-0.66
1294	0.03
1872	1.07
3601	0.14
4179	-0.22
3602	0.04
4180	-0.21
3603	0.03
4181	-0.05
3604	-0.35
4182	-0.05
3605	0.77
4183	-0.08
3606	-0.25
4184	-0.28
1295	-0.33
1873	-0.33
1296	-0.69
1874	0.34
1297	-0.48
1875	-0.41
1298	0.54
1876	0.42
1299	0.40
1877	0.70
1300	0.39
1878	0.13
3607	0.26
4185	0.32
3608	-0.44
4186	0.04
3609	-0.15
4187	0.93
3610	-0.11
4188	0.35
3611	-0.05
4189	0.58
3612	0.69
4190	0.52
145	-0.12
723	0.25
146	-0.02
724	0.00
147	-0.14
725	0.06
148	-0.56
726	0.17
149	0.17
727	0.66
150	0.40
728	-0.47
2457	-0.43
3035	-0.39
2458	-0.46
3036	0.34
2459	0.09
3037	-0.79
2460	0.23
3038	-0.07
2461	1.03
3039	1.24
2462	0.78
3040	-0.01
151	-0.55
729	-0.04
152	-0.66
730	0.04
153	-0.02
731	0.29
154	0.13
732	-0.56
155	-1.97
733	-0.27
156	-0.22
734	-0.58
2463	-0.02
3041	0.07
2464	0.07
3042	0.50
2465	0.84
3043	-0.70
2466	-0.62
3044	-1.08
2467	-0.09
3045	0.33
2468	-0.16
3046	-0.10
157	0.08
735	-0.02
158	-0.24
736	-0.04
159	-0.86
737	0.35
160	0.32
738	0.71
161	0.12
739	0.28
162	-0.57
740	1.14
2469	1.63
3047	1.09
2470	1.26
3048	1.06
2471	0.80
3049	-0.44
2472	0.37
3050	0.71
2473	0.84
3051	0.75
2474	-0.12
3052	-1.05
163	-0.13
741	-0.16
164	0.40
742	-0.08
165	-0.22
743	-0.26
166	-0.18
744	-0.32
167	-0.20
745	-0.59
168	-0.35
746	0.14
2475	-0.38
3053	0.02
2476	-0.63
3054	0.36
2477	0.84
3055	-0.28
2478	0.40
3056	0.30
2479	0.28
3057	0.23
2480	-0.10
3058	-0.20
434	-0.16
1012	-0.18
435	-0.12
1013	-0.07
436	0.69
1014	-0.28
437	-0.16
1015	-0.60
438	-0.61
1016	-0.37
439	0.01
1017	0.20
2746	0.47
3324	-0.29
2747	0.04
3325	-0.14
2748	-0.19
3326	-1.08
2749	-0.54
3327	-0.18
2750	0.09
3328	-0.14
2751	-0.03
3329	-0.26
440	-0.08
1018	0.05
441	-0.28
1019	0.45
442	0.59
1020	0.00
443	0.03
1021	0.17
444	0.05
1022	-0.71
445	-0.31
1023	-0.24
2752	-0.15
3330	0.39
2753	0.25
3331	-0.90
2754	-0.57
3332	-0.30
2755	0.09
3333	1.09
2756	0.23
3334	0.09
2757	-0.38
3335	-0.18
446	0.26
1024	0.31
447	0.06
1025	-0.56
448	-0.42
1026	0.71
449	1.77
1027	0.11
450	-0.36
1028	0.30
451	-0.27
1029	-0.22
2758	-0.53
3336	0.00
2759	0.37
3337	-0.67
2760	0.33
3338	-0.37
2761	-0.10
3339	-0.20
2762	0.25
3340	0.33
2763	0.53
3341	0.18
452	-0.35
1030	-0.54
453	-0.29
1031	-0.30
454	0.26
1032	0.42
455	-0.32
1033	-0.09
456	-0.75
1034	-1.18
457	-0.25
1035	-0.07
2764	-1.34
3342	0.26
2765	0.30
3343	-0.30
2766	-0.11
3344	0.75
2767	-0.42
3345	-0.78
2768	-0.04
3346	-0.17
2769	0.14
3347	0.07
1590	1.62
2168	0.96
1591	-0.17
2169	-0.43
1592	0.24
2170	-0.29
1593	-0.18
2171	-0.04
1594	0.27
2172	-0.42
1595	-0.07
2173	-0.31
3902	0.16
4480	0.02
3903	-0.40
4481	-0.69
3904	0.16
4482	-0.05
3905	0.17
4483	-0.04
3906	0.06
4484	-0.10
3907	-0.06
4485	-0.29
1596	0.02
2174	-0.24
1597	0.52
2175	0.14
1598	0.47
2176	-0.02
1599	-0.21
2177	-0.85
1600	0.41
2178	0.15
1601	-0.20
2179	-0.39
3908	0.54
4486	0.83
3909	0.77
4487	-1.71
3910	-1.65
4488	-0.12
3911	2.75
4489	-0.73
3912	-0.73
4490	-0.73
3913	0.00
4491	-0.30
1602	0.11
2180	-0.15
1603	0.11
2181	-0.40
1604	0.39
2182	-0.66
1605	0.21
2183	-0.06
1606	-0.16
2184	0.14
1607	0.47
2185	-0.30
3914	0.33
4492	-0.41
3915	0.01
4493	-0.39
3916	-0.46
4494	-0.87
3917	-0.04
4495	-0.50
3918	0.30
4496	-0.32
3919	0.13
4497	-0.29
1608	0.48
2186	-0.09
1609	-0.06
2187	-0.18
1610	-0.76
2188	-0.53
1611	0.03
2189	-0.00
1612	-0.03
2190	-0.32
1613	0.96
2191	0.27
3920	0.88
4498	0.73
3921	-0.19
4499	0.18
3922	-1.47
4500	0.32
3923	-0.12
4501	-0.62
3924	-0.15
4502	0.21
3925	0.45
4503	0.60
1301	0.54
1879	0.35
1302	0.23
1880	-0.26
1303	0.27
1881	-0.12
1304	0.45
1882	0.46
1305	-0.33
1883	0.19
1306	0.10
1884	0.31
3613	0.00
4191	-0.19
3614	-0.11
4192	0.28
3615	-0.06
4193	-0.04
3616	-0.22
4194	0.42
3617	-0.03
4195	0.72
3618	-0.31
4196	-0.54
1307	0.24
1885	0.40
1308	-0.04
1886	1.33
1309	0.31
1887	-0.39
1310	-1.09
1888	0.17
1311	-0.01
1889	-0.06
1312	0.01
1890	0.26
3619	0.49
4197	0.76
3620	0.61
4198	-0.29
3621	0.68
4199	0.70
3622	1.26
4200	1.47
3623	-0.08
4201	-0.79
3624	-0.50
4202	-0.18
1313	-0.56
1891	-0.15
1314	-0.14
1892	-0.34
1315	-0.20
1893	-0.83
1316	0.41
1894	1.07
1317	1.44
1895	1.17
1318	-0.22
1896	0.71
3625	0.59
4203	0.13
3626	0.32
4204	-0.66
3627	-0.46
4205	-0.78
3628	-0.61
4206	-1.05
3629	-0.01
4207	-0.53
3630	-0.07
4208	-0.83
1319	0.10
1897	0.09
1320	-0.64
1898	-0.47
1321	0.08
1899	0.23
1322	0.07
1900	0.93
1323	-0.31
1901	1.29
1324	0.15
1902	0.24
3631	0.74
4209	-0.51
3632	0.67
4210	-0.17
3633	0.23
4211	0.65
3634	0.74
4212	0.46
3635	-0.02
4213	1.22
3636	0.89
4214	0.95
169	-0.69
747	-0.24
170	0.17
748	0.14
171	0.37
749	0.54
172	-0.02
750	0.37
173	0.26
751	-0.10
174	-0.28
752	0.13
2481	0.27
3059	0.39
2482	-0.17
3060	-0.74
2483	0.32
3061	-0.03
2484	0.52
3062	0.01
2485	-0.24
3063	2.31
2486	0.37
3064	-0.10
175	-0.20
753	0.25
176	-0.05
754	-0.14
177	0.01
755	0.69
178	1.53
756	0.40
179	-0.03
757	0.09
180	-0.52
758	0.06
2487	0.41
3065	0.41
2488	0.34
3066	1.21
2489	1.83
3067	0.04
2490	0.00
3068	-0.05
2491	0.18
3069	-0.17
2492	1.32
3070	1.72
181	2.57
759	0.15
182	0.60
760	0.06
183	0.02
761	-0.25
184	0.94
762	1.11
185	0.72
763	0.09
186	-0.24
764	-0.31
2493	1.09
3071	0.43
2494	-0.14
3072	0.20
2495	0.07
3073	-0.22
2496	-1.00
3074	-0.47
2497	-0.68
3075	-0.99
2498	-0.25
3076	-0.42
187	0.30
765	0.33
188	-0.31
766	-0.30
189	-0.38
767	-0.24
190	-0.55
768	0.62
191	-0.33
769	-0.09
192	0.15
770	0.27
2499	0.33
3077	-0.08
2500	-0.91
3078	-0.18
2501	0.22
3079	-0.26
2502	-1.17
3080	-0.60
2503	0.06
3081	0.92
2504	0.50
3082	-0.05
458	-0.06
1036	-0.24
459	-0.20
1037	0.16
460	-0.07
1038	1.28
461	0.99
1039	1.74
462	0.63
1040	0.67
463	0.30
1041	-0.14
2770	0.21
3348	0.11
2771	0.50
3349	0.04
2772	-0.05
3350	0.30
2773	-0.32
3351	0.04
2774	-0.45
3352	-0.35
2775	0.07
3353	-0.58
464	0.42
1042	-0.23
465	0.23
1043	-0.30
466	0.34
1044	-0.28
467	0.07
1045	-0.14
468	-0.81
1046	-0.49
469	-0.36
1047	-0.09
2776	-0.22
3354	-0.47
2777	0.05
3355	-0.29
2778	0.71
3356	0.48
2779	0.05
3357	0.64
2780	0.41
3358	0.30
2781	0.04
3359	-0.05
470	0.44
1048	-0.04
471	-0.18
1049	0.44
472	1.41
1050	1.17
473	1.05
1051	0.02
474	0.94
1052	0.52
475	0.08
1053	-0.23
2782	1.13
3360	1.46
2783	0.08
3361	0.44
2784	0.81
3362	0.38
2785	1.35
3363	1.11
2786	0.57
3364	-0.03
2787	-0.52
3365	-0.60
476	-0.32
1054	0.09
477	0.50
1055	0.27
478	-0.14
1056	0.62
479	0.25
1057	-0.39
480	0.09
1058	-0.23
481	0.87
1059	0.86
2788	0.81
3366	0.58
2789	0.42
3367	-0.39
2790	-0.32
3368	-0.15
2791	-0.20
3369	-0.28
2792	0.21
3370	0.89
2793	0.57
3371	0.17
1614	1.50
2192	1.78
1615	1.73
2193	-0.21
1616	0.54
2194	0.21
1617	0.19
2195	-0.07
1618	-0.02
2196	-0.17
1619	-0.66
2197	0.63
3926	1.07
4504	-0.36
3927	0.32
4505	-0.61
3928	0.04
4506	0.17
3929	0.03
4507	0.44
3930	-0.17
4508	0.15
3931	0.10
4509	-0.62
1620	0.01
2198	0.09
1621	0.35
2199	-0.18
1622	-0.81
2200	0.17
1623	0.29
2201	0.12
1624	0.57
2202	0.63
1625	-0.49
2203	0.04
3932	-0.18
4510	0.20
3933	0.02
4511	0.27
3934	-0.47
4512	-0.61
3935	-0.58
4513	0.07
3936	-0.34
4514	-0.10
3937	0.28
4515	0.08
1626	0.48
2204	-0.12
1627	-0.19
2205	-0.07
1628	-0.09
2206	-0.29
1629	-0.01
2207	-0.49
1630	-0.35
2208	-0.12
1631	-0.17
2209	-0.09
3938	0.41
4516	-0.04
3939	-0.45
4517	-0.09
3940	0.21
4518	-0.59
3941	-0.29
4519	-0.28
3942	-0.14
4520	-0.07
3943	0.64
4521	0.78
1632	2.21
2210	-0.06
1633	-0.24
2211	0.65
1634	0.95
2212	-0.39
1635	0.21
2213	-0.03
1636	0.10
2214	-0.64
1637	0.56
2215	0.08
3944	0.47
4522	-0.33
3945	0.15
4523	-0.27
3946	0.25
4524	0.00
3947	0.15
4525	0.02
3948	-0.07
4526	-0.44
3949	-0.50
4527	-0.12
1325	0.17
1903	0.12
1326	1.07
1904	0.05
1327	0.66
1905	0.28
1328	0.25
1906	-0.06
1329	-0.33
1907	0.19
1330	0.21
1908	0.56
3637	-0.22
4215	0.11
3638	-0.33
4216	0.45
3639	0.09
4217	0.49
3640	0.06
4218	1.19
3641	0.47
4219	0.15
3642	-0.18
4220	0.16
1331	-0.37
1909	0.09
1332	-0.33
1910	-0.31
1333	0.22
1911	0.06
1334	-0.07
1912	-0.36
1335	-0.13
1913	-0.86
1336	-0.56
1914	0.00
3643	0.01
4221	1.18
3644	0.26
4222	-0.03
3645	0.14
4223	0.03
3646	0.24
4224	0.42
3647	0.40
4225	0.22
3648	0.06
4226	-1.22
1337	-0.99
1915	2.32
1338	2.81
1916	2.67
1339	2.67
1917	1.45
1340	1.16
1918	1.38
1341	0.77
1919	0.93
1342	0.23
1920	1.54
3649	0.21
4227	1.46
3650	0.45
4228	-0.08
3651	0.70
4229	1.87
3652	1.47
4230	1.30
3653	1.19
4231	-0.41
3654	-0.39
4232	-0.70
1343	-1.22
1921	-0.60
1344	-0.50
1922	-0.83
1345	0.09
1923	-0.38
1346	-1.37
1924	-0.18
1347	0.03
1925	-0.12
1348	0.00
1926	-0.32
3655	-0.05
4233	-0.09
3656	-0.06
4234	0.52
3657	-0.04
4235	0.44
3658	-0.06
4236	-0.05
3659	0.66
4237	1.06
3660	0.21
4238	0.69
193	-0.17
771	1.72
194	0.24
772	-0.06
195	-0.01
773	-0.52
196	0.07
774	1.13
197	-0.29
775	-0.20
198	2.73
776	1.86
2505	2.41
3083	3.17
2506	2.77
3084	1.45
2507	1.96
3085	-0.02
2508	-0.03
3086	0.78
2509	1.35
3087	0.29
2510	-0.54
3088	0.14
199	0.06
777	0.15
200	0.29
778	-0.61
201	-0.33
779	0.00
202	0.30
780	0.33
203	0.69
781	0.15
204	-0.47
782	-0.36
2511	-0.49
3089	-0.25
2512	-0.02
3090	-0.86
2513	-0.37
3091	-0.25
2514	0.34
3092	-0.61
2515	-0.27
3093	-0.36
2516	-0.28
3094	-0.60
205	-0.41
783	0.22
206	0.25
784	-0.16
207	-0.01
785	-0.36
208	-0.09
786	-0.15
209	-0.15
787	-0.01
210	-0.24
788	0.32
2517	0.24
3095	-0.06
2518	0.15
3096	-0.44
2519	-0.26
3097	-0.10
2520	1.67
3098	2.14
2521	0.40
3099	-0.64
2522	-0.34
3100	-0.45
211	-0.01
789	-0.07
212	-0.33
790	0.20
213	0.41
791	-0.06
214	0.37
792	-0.21
215	-0.18
793	-0.21
216	-0.25
794	0.20
2523	0.05
3101	-0.31
2524	1.07
3102	2.34
2525	1.68
3103	0.26
2526	-1.10
3104	0.05
2527	0.15
3105	-0.06
2528	0.08
3106	-1.19
482	-1.45
1060	-0.16
483	0.37
1061	-0.50
484	-0.79
1062	-1.37
485	-0.07
1063	-1.07
486	-1.57
1064	0.01
487	-0.14
1065	-0.29
2794	-0.58
3372	0.59
2795	0.09
3373	-0.09
2796	-0.27
3374	-0.08
2797	-0.24
3375	-0.07
2798	-0.18
3376	-0.39
2799	0.16
3377	-0.08
488	0.16
1066	-0.14
489	0.14
1067	-0.05
490	0.15
1068	-0.30
491	-0.06
1069	0.19
492	0.69
1070	1.07
493	0.03
1071	-0.28
2800	0.08
3378	0.47
2801	0.23
3379	-0.52
2802	-0.11
3380	-0.04
2803	1.47
3381	1.85
2804	0.03
3382	-0.29
2805	-0.97
3383	-0.24
494	0.32
1072	-0.52
495	-0.09
1073	1.12
496	0.68
1074	0.72
497	1.07
1075	-0.27
498	0.39
1076	0.35
499	0.45
1077	-0.55
2806	-1.02
3384	0.74
2807	-0.76
3385	-0.68
2808	-1.02
3386	0.13
2809	-0.33
3387	-0.08
2810	0.01
3388	0.23
2811	0.13
3389	-0.23
500	-0.29
1078	-0.11
501	0.48
1079	0.58
502	0.78
1080	-0.20
503	0.27
1081	0.92
504	0.65
1082	0.60
505	1.23
1083	-1.57
2812	0.05
3390	-0.48
2813	0.29
3391	1.07
2814	0.95
3392	-0.11
2815	-0.15
3393	-1.07
2816	-0.06
3394	-0.45
2817	0.27
3395	0.02
1638	-0.07
2216	-0.30
1639	0.06
2217	0.15
1640	0.61
2218	-0.66
1641	0.73
2219	-0.20
1642	0.20
2220	0.54
1643	-0.93
2221	-0.18
3950	0.00
4528	-0.27
3951	-0.24
4529	-0.33
3952	-0.30
4530	-1.26
3953	-0.42
4531	-0.37
3954	0.01
4532	0.20
3955	0.35
4533	-0.55
1644	-0.39
2222	-0.12
1645	0.13
2223	0.20
1646	0.27
2224	-0.87
1647	-0.03
2225	-0.71
1648	-0.29
2226	0.05
1649	1.49
2227	0.35
3956	0.02
4534	-0.71
3957	-0.76
4535	-0.09
3958	0.07
4536	-0.68
3959	-0.73
4537	-0.29
3960	-0.93
4538	-0.59
3961	0.20
4539	-0.55
1650	0.26
2228	0.09
1651	1.24
2229	-0.18
1652	0.48
2230	0.54
1653	0.11
2231	-0.55
1654	-0.86
2232	-2.54
1655	1.03
2233	0.65
3962	1.05
4540	1.23
3963	0.06
4541	-0.13
3964	-0.03
4542	0.18
3965	-0.00
4543	-0.38
3966	1.78
4544	-0.28
3967	0.23
4545	0.34
1656	0.46
2234	-0.36
1657	-0.57
2235	-0.26
1658	-0.01
2236	-0.33
1659	0.15
2237	-0.21
1660	0.19
2238	-0.48
1661	0.04
2239	-0.66
3968	-0.16
4546	-0.37
3969	-0.00
4547	-1.09
3970	-0.38
4548	-0.16
3971	0.21
4549	0.26
3972	-0.14
4550	-0.40
3973	-0.54
4551	-0.35
1349	0.22
1927	0.68
1350	0.17
1928	-0.14
1351	0.75
1929	0.90
1352	0.04
1930	0.67
1353	-0.18
1931	-0.55
1354	0.20
1932	0.00
3661	0.10
4239	-0.37
3662	-0.30
4240	0.02
3663	-0.41
4241	-1.09
3664	0.23
4242	0.58
3665	0.91
4243	0.12
3666	0.04
4244	-0.04
1355	0.34
1933	-1.27
1356	-0.33
1934	-0.06
1357	-0.08
1935	-0.26
1358	0.02
1936	1.49
1359	1.62
1937	-0.36
1360	0.06
1938	-0.09
3667	0.01
4245	-0.20
3668	0.06
4246	-0.26
3669	0.01
4247	0.85
3670	0.11
4248	0.17
3671	-0.26
4249	-0.58
3672	-0.43
4250	-0.70
1361	-0.76
1939	-0.12
1362	-0.31
1940	0.22
1363	0.18
1941	-0.60
1364	-0.31
1942	-0.06
1365	-0.33
1943	-0.21
1366	-0.54
1944	-0.35
3673	-0.02
4251	-0.25
3674	-0.58
4252	0.04
3675	-0.24
4253	-0.03
3676	-0.08
4254	0.05
3677	-0.28
4255	-0.57
3678	0.72
4256	1.16
1367	1.44
1945	1.79
1368	0.48
1946	0.30
1369	-0.05
1947	-0.26
1370	0.45
1948	0.15
1371	0.69
1949	-0.20
1372	0.05
1950	0.06
3679	-0.23
4257	-0.00
3680	-0.25
4258	-0.38
3681	-0.26
4259	-0.51
3682	-0.21
4260	0.57
3683	-0.14
4261	-0.23
3684	-0.34
4262	-0.24
217	-0.46
795	-0.64
218	-0.47
796	-0.50
219	-0.16
797	0.25
220	0.17
798	-0.28
221	-0.29
799	0.69
222	0.01
800	-0.08
2529	-0.34
3107	-0.70
2530	-0.25
3108	-0.13
2531	-0.07
3109	-0.03
2532	-0.15
3110	-1.43
2533	-0.84
3111	-0.27
2534	-0.84
3112	-0.44
223	-0.35
801	-0.16
224	0.19
802	0.27
225	0.61
803	-0.02
226	-0.60
804	-0.09
227	-0.03
805	0.07
228	-0.71
806	-0.47
2535	-0.62
3113	-0.21
2536	-0.58
3114	-0.15
2537	-0.37
3115	-0.10
2538	-0.63
3116	-0.49
2539	-0.60
3117	0.24
2540	0.54
3118	0.53
229	-0.06
807	-0.21
230	-0.05
808	0.82
231	-0.25
809	0.28
232	0.29
810	1.00
233	0.10
811	0.46
234	0.29
812	0.14
2541	0.20
3119	-0.30
2542	0.01
3120	0.69
2543	0.01
3121	0.16
2544	-0.13
3122	0.59
2545	-0.22
3123	-0.16
2546	-0.06
3124	-1.53
235	0.20
813	0.18
236	0.37
814	0.01
237	-0.21
815	-0.01
238	0.48
816	0.30
239	0.53
817	0.02
240	0.21
818	-0.01
2547	0.30
3125	-0.07
2548	0.25
3126	0.21
2549	0.43
3127	0.02
2550	-0.76
3128	0.44
2551	0.85
3129	2.09
2552	1.22
3130	1.50
506	1.05
1084	0.28
507	0.99
1085	0.56
508	0.70
1086	-0.36
509	0.31
1087	0.40
510	1.43
1088	0.73
511	1.12
1089	1.36
2818	0.65
3396	-0.10
2819	0.21
3397	0.26
2820	0.83
3398	-0.02
2821	-0.29
3399	-0.29
2822	0.29
3400	0.26
2823	-0.33
3401	-0.12
512	-0.08
1090	0.16
513	0.35
1091	0.64
514	1.09
1092	0.78
515	0.09
1093	-0.61
516	1.47
1094	0.22
517	-0.27
1095	-0.01
2824	0.28
3402	0.25
2825	-0.27
3403	0.39
2826	-0.12
3404	0.68
2827	0.46
3405	0.42
2828	0.55
3406	-0.56
2829	0.66
3407	0.47
518	0.71
1096	0.90
519	1.60
1097	0.28
520	0.76
1098	1.21
521	1.23
1099	1.74
522	0.72
1100	1.54
523	-0.52
1101	-2.26
2830	-2.03
3408	-1.87
2831	-1.75
3409	-1.07
2832	0.41
3410	0.04
2833	-0.31
3411	-0.64
2834	0.02
3412	-0.31
2835	-0.34
3413	-0.03
524	0.24
1102	0.45
525	0.83
1103	-0.47
526	0.34
1104	-0.43
527	-0.24
1105	-0.88
528	-0.78
1106	-0.51
529	-0.02
1107	0.03
2836	-0.37
3414	0.26
2837	-0.38
3415	0.12
2838	0.73
3416	-0.04
2839	-0.40
3417	0.04
2840	0.58
3418	0.09
2841	0.26
3419	0.54
1662	-0.03
2240	-0.26
1663	-0.23
2241	-0.37
1664	-0.72
2242	-0.96
1665	-0.29
2243	-0.52
1666	-0.05
2244	-0.05
1667	0.05
2245	0.96
3974	0.69
4552	0.73
3975	0.17
4553	-0.18
3976	-0.21
4554	-0.26
3977	-1.83
4555	-0.52
3978	-0.18
4556	-0.56
3979	0.08
4557	-0.26
1668	-0.20
2246	-0.25
1669	0.00
2247	0.23
1670	0.15
2248	0.18
1671	0.03
2249	1.15
1672	0.69
2250	-0.54
1673	-0.21
2251	0.00
3980	-0.24
4558	0.33
3981	-0.06
4559	0.47
3982	0.60
4560	0.13
3983	-0.19
4561	-1.54
3984	-0.55
4562	-0.84
3985	-1.77
4563	-0.52
1674	-0.38
2252	-0.73
1675	-0.71
2253	-1.27
1676	0.16
2254	-0.33
1677	0.61
2255	0.58
1678	1.16
2256	0.51
1679	-0.10
2257	0.98
3986	0.46
4564	-0.09
3987	0.39
4565	0.07
3988	-0.13
4566	-0.14
3989	-0.47
4567	0.04
3990	0.07
4568	0.09
3991	0.40
4569	0.58
1680	-0.20
2258	-0.59
1681	-0.52
2259	-0.14
1682	-0.03
2260	-1.03
1683	-0.60
2261	-0.72
1684	0.86
2262	-0.85
1685	0.78
2263	0.55
3992	-0.35
4570	-0.29
3993	-0.37
4571	-0.44
3994	-0.15
4572	-0.37
3995	0.43
4573	-0.29
3996	0.65
4574	0.44
3997	0.04
4575	0.30
1373	0.65
1951	-0.27
1374	-0.67
1952	0.19
1375	0.55
1953	0.39
1376	0.70
1954	0.33
1377	0.70
1955	0.65
1378	0.93
1956	0.73
3685	0.18
4263	0.37
3686	-0.09
4264	-0.22
3687	-0.55
4265	-0.02
3688	0.03
4266	-0.41
3689	-0.23
4267	-0.56
3690	0.07
4268	0.44
1379	0.30
1957	-0.19
1380	0.07
1958	-0.68
1381	0.01
1959	0.29
1382	0.30
1960	-0.85
1383	0.48
1961	1.21
1384	0.00
1962	-0.32
3691	0.07
4269	-0.35
3692	-0.28
4270	0.06
3693	0.43
4271	-0.37
3694	0.15
4272	-0.20
3695	0.27
4273	0.45
3696	0.16
4274	0.00
1385	-0.10
1963	0.26
1386	-0.05
1964	0.25
1387	0.59
1965	0.28
1388	0.80
1966	0.36
1389	0.35
1967	-0.53
1390	0.09
1968	0.37
3697	1.31
4275	0.27
3698	-0.19
4276	-0.14
3699	-0.45
4277	-0.26
3700	-0.34
4278	-0.26
3701	-0.23
4279	-0.49
3702	-0.12
4280	0.01
1391	0.37
1969	0.25
1392	0.42
1970	-0.16
1393	-0.76
1971	-0.61
1394	0.47
1972	-0.23
1395	-0.53
1973	-0.20
1396	0.03
1974	0.21
3703	-0.33
4281	-0.38
3704	0.02
4282	-0.22
3705	0.16
4283	-0.04
3706	0.25
4284	1.00
3707	-1.83
4285	-2.10
3708	0.14
4286	-0.19
241	2.20
819	1.59
242	0.41
820	0.06
243	0.18
821	-0.92
244	-0.10
822	0.22
245	-0.81
823	-1.02
246	-0.10
824	-0.86
2553	0.04
3131	2.20
2554	0.80
3132	1.03
2555	0.76
3133	-0.65
2556	-0.24
3134	-0.17
2557	-0.34
3135	0.05
2558	-0.31
3136	0.07
247	0.60
825	0.46
248	0.87
826	0.05
249	0.79
827	1.48
250	1.08
828	0.82
251	1.54
829	0.45
252	0.74
830	0.28
2559	-0.12
3137	0.31
2560	1.39
3138	0.20
2561	0.56
3139	0.05
2562	0.83
3140	-0.26
2563	0.30
3141	0.23
2564	0.32
3142	-0.02
253	0.05
831	-0.49
254	-0.81
832	-0.37
255	-0.33
833	-0.16
256	0.23
834	0.41
257	0.39
835	0.28
258	-0.11
836	-0.61
2565	0.14
3143	0.20
2566	0.22
3144	0.43
2567	0.45
3145	-0.33
2568	0.15
3146	0.28
2569	0.01
3147	-0.56
2570	-0.18
3148	-0.56
259	-0.27
837	-0.22
260	-0.08
838	0.26
261	0.90
839	0.81
262	0.75
840	0.04
263	-0.16
841	-0.86
264	-0.69
842	-0.43
