1	-0.190621946
2	-1.901924343
3	
4	0.551439928
13	1.192315357
16	1.056862337
17	0.177328449
25	-0.314873337
26	0.634505448
35	0.521419773
36	0.199937571
38	-0.228772781
43	1.340064578
46	0.102110826
48	-0.908334012
51	0.867125732
52	2.310703657
67	0.344507688
72	0.157808715
73	-0.864344901
75	0.389897019
76	0.1428006
80	
81	-0.187778666
82	-0.152961376
83	-0.148452438
84	4.137503524
85	0.065523573
86	0.614189735
93	-0.208764743
94	1.907492848
95	0.971564921
98	-0.198381447
99	-0.628905848
105	0.886173669
106	0.402585758
107	0.820494667
108	1.30619898
112	1.665580961
114	1.01759406
116	2.00196955
117	0.430824878
120	0.472248538
124	0.107087806
126	0.281938364
130	0.298818981
131	
136	
137	0.926142408
138	0.365556789
140	0.116037031
143	-0.382257817
144	0.02100412
156	-0.129451251
157	0.660896761
161	0.105527087
162	
163	3.754887502
164	-0.164600447
165	0.231991226
166	-4.5360529
167	-0.725250954
169	0.695396475
181	0.497138579
184	-0.537571631
186	0.225926275
187	1.049126857
192	-1.090953854
197	0.584051421
202	-0.144273366
205	1.001225219
206	-0.054107405
214	1.413433614
215	0.230810436
216	0.911481903
219	-0.146841388
233	0.458380134
235	0.770936437
236	0.055051044
239	0.687060688
243	1.103881144
244	-0.121678557
245	-6.58345891
246	-2.072011245
247	-2.267544458
258	0.65726159
259	0.115325809
265	0.64938915
267	-0.027437183
270	0.787779384
277	
281	1.043133109
286	1.180215628
287	0.349123383
290	0.313935304
297	1.046459311
307	0.020779917
309	0.337802174
310	0.77659863
311	6.147713722
314	0.291527401
316	1.179957155
318	0.562832764
322	1.063248157
327	2.931683057
328	-6.811214118
329	3.523561956
331	0.683052127
335	
336	0.253882707
351	0.372061528
357	-0.764371752
361	-0.792523571
362	0.89864548
364	0.241325443
366	-0.185111405
367	-0.078506234
370	1.073645353
374	0.971943715
375	-1.035082459
379	0.778973121
381	0.539914161
387	6.157852169
389	-0.212544635
396	0.069775308
398	1.146449432
400	0.484851016
404	0.184424571
405	1.326963685
406	0.726385279
407	-0.018038433
410	5.832890014
411	0.860257177
416	1.00338661
417	1.585874733
422	0.284661405
426	-0.847996907
427	0.645060722
429	-0.079632018
430	-0.145780626
431	0.042104984
432	0.397234677
433	-0.213475988
434	-0.137103201
435	-0.536285894
437	0.407911213
445	-1.317056863
450	-0.58710586
453	0.841391246
458	5.944858446
460	0.795357389
461	0.21201794
462	0.83588062
464	
466	0.575530717
468	0.196473242
471	3.140778656
473	1.72863661
478	0.217321432
481	0.345858406
484	1.072995824
485	0.894162999
487	-0.00737953
492	
494	0.116951523
496	0.415401036
498	3.069625795
499	0.48429241
501	
507	-0.053220196
508	3.733354341
510	2.290779396
514	0.270880489
520	0.031900084
522	0.31850262
525	0.991947728
526	-0.281855581
528	-0.699105605
532	0.916559244
545	0.650303254
546	0.520433277
556	0.486379416
557	0.098077669
559	-0.276215121
560	2.487778835
562	0.221608561
566	-0.733463905
570	0.190956728
573	1.72458187
574	0.361138124
580	0.098993409
585	
588	1.043864748
590	0.554837043
601	0.315130674
602	0.672741858
605	0.516015147
608	-0.37349302
610	-1.13441424
611	0.369688512
616	0.409179289
620	-0.110275259
622	1.386870481
623	-0.557008439
625	1.218883067
630	0.892933594
633	-0.494175476
635	-0.524603538
639	
641	-0.349121058
643	1.243793189
645	0.309449156
647	0.842899039
650	0.749469126
651	0.114185059
653	0.937455664
663	1.356085106
664	-0.067399285
665	0.631705139
671	0.195617869
674	-0.417132917
677	
678	0.567559454
684	0.379104959
687	0.408062328
688	-0.883788026
690	0.231946728
692	0.244307198
693	1.816997274
695	-0.086711633
703	0.117405954
710	-0.066375678
711	0.24254064
714	1.091175929
715	-0.200322916
716	0.680757352
719	
726	0.059931759
733	7.177917792
734	-2.951179872
738	-2.416839742
739	0.148667381
742	0.921760539
744	0.758561823
745	0.655306059
752	0.629202717
754	0.371448231
755	1.083416008
757	-0.431500196
760	-0.695846607
761	0.12755005
762	0.962847002
763	-0.295984828
764	-0.130107964
765	0.284640862
766	0.438269806
768	-0.236366455
770	3.117695043
771	0.362247076
774	-0.258008262
776	0.703853107
779	-0.005641044
782	0.510484285
787	0.399526754
788	0.350739006
793	1.13603854
797	-0.018085303
802	0.369286633
804	0.607202239
807	0.867026135
813	-0.907806302
816	0.499496352
817	-0.366663445
824	2.380768101
825	0.478965853
829	-0.506061673
830	-0.656567242
832	-1.262358829
836	1.047677975
839	1.732030889
840	0.601164926
842	0.775803984
843	0.392498677
847	0.133358872
848	0.587993374
849	0.740200667
853	3.957419235
857	0.242262708
858	0.135587594
860	-0.083020587
863	0.84450792
864	1.141077936
865	1.338759118
869	1.004212251
872	-0.657159391
875	0.629811454
881	0.155819749
883	-0.020402088
892	0.93230838
893	0.262267219
899	-0.232192045
900	0.057288529
902	0.903445646
905	-0.086336176
906	0.522016156
907	0.530420426
910	0.307509035
911	-0.025814318
912	0.462309144
914	1.555281681
915	0.207730908
922	0.779609932
923	3.341764511
924	0.680752577
927	-0.174716421
930	0.13131169
936	-0.064384781
938	0.592617839
947	7.470048726
949	0.346571833
951	0.399482685
956	
958	-0.146613016
960	0.063698342
964	0.857112024
971	0.112499518
982	0.395124863
992	1.763186355
993	0.119155155
994	1.04867854
998	-0.63306523
1000	1.545362985
1003	0.720507171
1004	1.153632878
1015	2.952117199
1017	-0.09293674
1019	-0.139682189
1023	0.104464225
1024	-0.378929553
1025	0.065648042
1028	0.30599722
1030	-0.40606343
1036	1.140014743
1039	0.252111909
1044	1.017019801
1046	0.399095955
1051	-0.418817158
1053	0.064512762
1055	-5.108524457
1060	0.950730606
1061	0.747582702
1063	2.238443109
1064	-0.027089275
1065	1.547134035
1070	0.930982826
1073	0.917284491
1085	0.275915697
1087	0.861480136
1093	-0.098137974
1096	
1097	0.481064634
1099	1.03166536
1103	1.205936849
1104	0.527640175
1105	1.603708934
1115	1.447458977
1121	1.539684106
1122	-0.642434457
1127	-0.303709131
1131	0.137383304
1137	0.3529074
1141	0.441305224
1142	0.608491036
1143	-0.206178902
1145	0.328732575
1147	0.512861452
1148	6.929554316
1149	0.262476411
1158	0.702675945
1162	-0.015887527
1164	0.437808807
1165	0.783081878
1167	0.857771072
1171	1.758803881
1172	0.214124805
1174	0.543428036
1178	0.259904606
1179	0.106343862
1180	0.583398604
1190	0.737720734
1193	0.898319924
1198	1.928928385
1200	0.873404903
1201	0.364108954
1206	0.783832199
1208	0.302194876
1209	1.292123135
1212	-0.383387428
1220	0.400869475
1223	0.35600909
1224	0.52678143
1226	1.321415501
1228	
1235	-0.515778936
1239	0.412957189
1242	-0.498959983
1245	0.562441047
1247	-0.073001831
1248	0.901192643
1249	1.812498225
1258	1.49417046
1261	-0.157812506
1262	1.117666911
1264	0.659277067
1265	0.873895025
1266	0.635495235
1269	0.121442527
1273	0.398478407
1275	0.718626003
1277	1.695303503
1280	-0.576255805
1281	0.679552352
1284	-0.00121184
1286	
1290	1.281791969
1292	0.480867236
1295	0.458860443
1297	-0.026273694
1299	0.859474023
1300	0.811378315
1302	0.556306042
1303	-0.554460412
1305	0.280463552
1311	1.420762694
1318	0.134635961
1322	0.681878034
1323	-0.547711105
1327	0.690205661
1328	0.605003649
1331	-5.221103725
1332	0.74349786
1340	0.985441904
1346	0.753581305
1353	0.757476624
1356	-5.469234794
1361	1.172562815
1364	0.508106577
1367	2.315599407
1373	0.104550345
1374	-0.30944405
1375	1.008529799
1380	1.674943868
1383	1.120639978
1385	-0.210251066
1392	0.816459627
1396	0.204118649
1398	0.925037942
1399	0.72969001
1402	0.100460182
1403	0.150572558
1406	1.403468111
1407	-0.107412942
1408	0.804242705
1413	0.780573037
1415	-0.339119396
1416	
1417	0.547611658
1421	2.923415872
1426	0.352990151
1428	0.912943266
1431	0.571541985
1432	1.865366911
1433	0.67278038
1434	0.95192626
1438	-0.164890623
1441	
1444	0.280441992
1447	0.537133976
1451	-0.101799705
1452	1.04050659
1456	0.775500196
1458	2.418583077
1461	0.582567986
1462	-0.021400072
1470	-0.849698951
1473	-0.458205358
1474	0.905705365
1482	0.202560547
1483	1.501157674
1489	-0.163941571
1490	1.815575429
1494	0.24898173
1498	0.319521597
1503	3.464991144
1506	-0.060415658
1508	-0.841302254
1509	-0.456692257
1513	0.681794252
1518	0.638947185
1519	3.109904073
1521	0.618711292
1524	0.324962155
1527	0.511104909
1530	1.437405312
1532	1.111529493
1541	0.525293675
1549	-0.290529297
1550	0.610407517
1556	-0.406076632
1558	0.233765717
1562	-0.603376216
1563	-0.483300526
1565	0.070016587
1570	
1574	-0.063286245
1580	-0.098064286
1583	0.830425806
1584	0.806920964
1585	0.133788358
1587	-0.161062433
1588	0.767538026
1592	0.007742568
1605	0.595158268
1607	0.885051843
1609	-0.727390772
1610	0.413259686
1614	0.121990524
1617	-0.212917473
1628	0.332088928
1632	0.179727576
1634	0.992311916
1638	0.050891565
1645	0.68775807
1647	-0.959561456
1648	0.976751054
1652	-0.995691301
1655	0.33198176
1657	-0.037099917
1659	0.885541275
1667	-0.376979138
1668	0.82662652
1669	0.277780991
1670	-0.546841976
1675	-0.162340406
1678	5.523561956
1679	-0.348117907
1680	-0.014446771
1683	-0.413196152
1691	0.528491605
1694	0.968090752
1698	0.205335966
1701	-0.278056596
1705	0.613531653
1706	1.013639677
1709	0.461234728
1712	4.578938713
1714	1.790525104
1724	0.077637411
1725	1.116657336
1727	1.088579046
1731	0.760880492
1736	0.678644896
1738	1.402886664
1744	-0.198735912
1752	
1763	0.510194732
1765	0.395367519
1768	0.107455337
1770	-0.478462879
1773	
1777	0.179020365
1778	0.659115257
1780	0.415790275
1781	-0.224193914
1789	0.40979133
1798	0.293595726
1799	0.89893544
1800	0.08920161
1802	-0.084341385
1805	0.375911168
1806	0.358869673
1811	0.034507341
1813	-0.491702573
1815	-0.762638064
1819	-0.192177808
1820	1.259579718
1824	0.105527087
1829	0.613729296
1835	0.236146717
1839	0.013707419
1840	0.308778812
1844	0.273404943
1847	-0.160157225
1848	-1.97664619
1851	0.846637797
1854	0.161866416
1862	0.227300194
1863	0.158772141
1866	0.036427757
1867	-0.279917628
1871	1.32721962
1872	
1879	-0.305865226
1882	0.281380698
1884	0.014298383
1886	0.699468751
1892	1.174284541
1893	0.205207978
1895	1.170684515
1897	1.575492366
1904	0.342369893
1909	0.132103536
1914	0.961130945
1917	6.678071905
1918	0.007687558
1925	-0.114838546
1926	-0.617117739
1928	1.267030553
1932	-0.175780578
1933	0.970455724
1934	1.046031042
1935	0.702677875
1936	0.187698376
1937	1.587079442
1938	-0.415441333
1942	0.756636142
1943	0.609595712
1945	0.450661409
1947	0.017801286
1954	0.187006191
1960	0.33824075
1968	1.278499212
1970	0.431146145
1971	0.459574637
1972	1.302414505
1980	1.625729324
1984	0.159085061
1990	1.522783509
1991	0.516790998
1997	-0.095881154
1999	-0.560799955
2000	0.74139784
2008	1.345151659
2010	0.531095629
2014	0.874469118
2016	0.320472542
2021	0.332486287
2024	0.385635499
2028	0.884411253
2029	0.170884559
2030	0.270551617
2035	0.47139474
2038	0.698712609
2039	1.237760004
2043	-0.498238789
2044	0.613733828
2052	0.09096538
2053	0.135632165
2055	3.722466024
2058	-0.073716931
2059	0.001680484
2061	0.201829256
2064	0.484385546
2066	-0.469231355
2070	1.668207034
2074	0.703958488
2079	-0.468415511
2080	0.60286507
2081	0.029056033
2084	-1.131244533
2085	0.869152521
2088	1.734409889
2089	0.092193698
2091	0.882446066
2092	
2095	0.2483129
2096	-0.538828042
2100	-0.191471505
2103	-0.405514725
2106	1.002315929
2115	-0.150886456
2118	0.619046028
2119	-0.48025793
2121	0.357240576
2123	1.063809179
2129	0.931430515
2136	-0.045992117
2141	-0.064384781
2144	-1.366479546
2148	0.006738429
2151	-0.218916427
2153	0.833266957
2155	-0.115477217
2157	
2164	0.3493023
2167	0.832385159
2174	-1.453097053
2181	-0.335050222
2183	0.596290507
2186	
2187	0.17765109
2191	0.867218886
2192	0.547487795
2194	0.010360512
2195	0.400816066
2201	
2202	1.377901733
2203	1.432636512
2206	0.662714393
2208	0.223261777
2211	-0.33633116
2214	0.865982652
2220	-0.60823228
2226	-1.360953252
2227	0.20683593
2232	0.336348611
2233	0.133120037
2235	0.240816086
2236	1.053968483
2237	0.510022081
2238	1.720845929
2239	2.203516625
2240	-0.256253942
2244	0.715661489
2245	0.572010538
2247	2.345434008
2252	0.408084739
2254	0.599169532
2258	
2262	-0.910513614
2263	-0.652076697
2265	-0.158945246
2267	0.489267499
2270	1.568518598
2273	-1.206051736
2275	1.144808324
2277	0.267964594
2278	1.971918852
2280	0.182510701
2282	1.149358794
2283	0.486543464
2287	0.630951026
2291	0.541474963
2293	-1.081914752
2294	3.464855566
2297	4.232660757
2302	1.452005163
2305	0.522975614
2308	-1.910297197
2311	0.731757303
2312	-0.005957455
2314	0.444536569
2324	1.287203831
2326	-1.544859741
2329	1.214154846
2330	0.645598298
2331	0.097429194
2332	-0.326044203
2333	0.103835811
2335	-0.183666167
2336	1.301536306
2338	0.552686098
2340	0.17111978
2344	1.24961389
2347	-0.198217953
2348	-0.011587974
2352	2.637473659
2353	0.15554635
2355	0.323377312
2356	-0.115343343
2358	-0.075531496
2362	-1.236904674
2366	0.948636499
2368	0.437332539
2370	0.697417994
2375	-0.115758143
2376	1.474085479
2377	0.125843933
2380	-1.688122235
2392	-0.427874581
2395	0.226331523
2398	0.238159737
2402	0.225730707
2407	0.447458977
2409	0.01267383
2410	2.388834754
2411	0.045052686
2415	0.476028129
2417	-0.085973223
2418	0.416914787
2422	1.292078167
2424	0.638501839
2430	0.836398581
2433	0.467539639
2435	1.804162797
2440	-4.321928095
2441	-5.529820947
2443	-0.021695071
2444	
2446	0.544467498
2447	0.768207505
2448	-0.034157011
2449	0.550268746
2456	-0.557376669
2457	0.187446171
2458	0.492242722
2460	-0.38516697
2461	-0.755252603
2465	0.467778961
2467	0.154527896
2474	1.167065347
2476	0.423000878
2491	0.635290375
2493	-0.269779924
2495	0.51147726
2496	-0.658913809
2498	-0.44181683
2500	-0.288161805
2502	-0.118142459
2507	1.113153662
2508	0.302092913
2510	-0.294569979
2511	-0.04543465
2512	-0.184485124
2514	1.046372569
2518	0.409262456
2520	1.757105065
2523	0.667293905
2524	0.400026287
2528	0.461272965
2536	0.049494991
2541	-0.177708808
2549	0.491248066
2551	-0.752236023
2552	-1.704871964
2553	1.250750976
2554	0.082299905
2561	-1.135212417
2563	3.572889668
2564	0.482875642
2566	0.42634599
2567	0.019056238
2569	1.453966408
2570	-0.02019806
2576	-1.383219174
2579	-0.420986766
2582	
2584	-0.148741711
2586	0.272140717
2587	-0.383795868
2588	0.110889007
2593	1.627198979
2595	-0.037209672
2598	0.381090167
2599	0.768202431
2601	-1.749789635
2602	0.154821522
2603	-0.168435383
2613	0.298341275
2619	1.142870761
2621	-0.398615617
2624	0.559375151
2626	-0.223774975
2629	0.464210341
2630	-0.329483287
2636	-4.852997588
2640	-0.079567257
2654	-0.048828843
2656	0.998837005
2659	6.061776198
2662	-0.111317023
2666	0.529393306
2667	2.897454219
2670	-0.257857102
2677	-0.698685072
2678	0.792318011
2684	-0.341824498
2692	0.568827382
2693	-0.083816461
2694	0.527706631
2695	1.06688648
2697	-0.221366687
2701	0.818136551
2703	4.614709844
2709	-0.508611615
2711	-0.127060844
2715	0.7488377
2716	
2717	1.345231607
2718	-0.521408803
2723	0.124012522
2724	-0.410283969
2725	4.578938713
2738	-0.124626655
2742	0.363682841
2743	0.416792389
2744	0.194294815
2748	0.516683432
2755	-0.796069115
2760	-0.292318341
2763	-0.111977652
2773	0.377014053
2774	0.394955526
2777	-0.245546979
2779	0.307655932
2787	0.276980689
2798	0.462062834
2800	0.963891148
2811	-0.005307284
2814	1.67730176
2821	-0.162534041
2825	0.447364216
2826	-0.881485529
2827	0.63496917
2830	-0.15565087
2831	0.212993723
2839	-0.028364891
2847	0.350595127
2852	0.543443231
2857	0.456657565
2859	1.028469659
2863	0.674850746
2864	0.239879848
2867	2.778208576
2869	0.285554026
2875	0.368076556
2878	-0.147074762
2882	0.534910007
2886	0.386278506
2888	-0.88099282
2889	-0.416646752
2890	0.464326263
2895	-0.257437627
2897	-0.166956331
2900	2.752232351
2902	-0.776766602
2905	0.4595734
2911	2.268488836
2918	-0.007417472
2920	-0.982477173
2924	-2.584962501
2926	0.452207292
2934	-0.517652566
2938	0.739510351
2943	0.606741791
2954	0.476813697
2955	-0.222618638
2960	-0.698937693
2963	0.552353915
2969	0.729119511
2972	0.648403378
2973	
2974	
2975	-1.065204011
2976	1.135198811
2980	-0.071802211
2981	0.042435266
2983	0.69884369
2985	0.583661017
2986	0.45490196
2987	1.294246482
2988	0.029923637
2990	0.235400416
2997	1.106210966
3000	0.336979685
3003	-0.230791601
3009	0.052065723
3024	3.054105739
3027	-0.19727996
3028	-0.170311213
3035	0.791891805
3038	0.403148344
3041	0.227475062
3046	-0.241725751
3047	
3053	0.834587291
3060	0.595769256
3061	-0.040222291
3062	-1.21696695
3063	0.251538767
3064	0.906260185
3066	1.190244986
3067	1.255403476
3070	1.048564967
3080	0.58221189
3082	0.75802721
3083	-0.345910598
3085	0.067232242
3086	0.553965907
3087	-0.364184284
3090	-0.990009626
3093	0.54509804
3098	0.71522306
3100	0.735255226
3104	1.378968245
3108	2.035082459
3109	-3.655351829
3114	
3117	-0.679378103
3120	0.27822081
3126	2.766863218
3127	2.051838932
3128	0.105982929
3130	-0.570046509
3132	0.564397809
3134	-0.111118619
3136	0.571156701
3138	6.776103988
3139	2.191967527
3143	0.503938004
3145	0.141516586
3152	0.234061834
3158	1.959479245
3160	-0.173430945
3164	0.526793966
3165	1.857042046
3168	-0.896824552
3169	0.780820959
3172	-0.577545029
3177	-0.28370193
3179	1.113554905
3185	0.148296151
3187	0.524214448
3188	-0.928890454
3193	1.810271226
3195	-0.520007059
3197	0.288773727
3202	0.094500882
3213	-0.286827517
3214	0.319997699
3215	0.830435916
3220	0.380433483
3222	1.465178143
3226	3.44625623
3229	0.329034981
3232	2.05985838
3233	0.080057215
3234	-0.12378654
3239	2.820819645
3240	-0.233398171
3250	-0.286019559
3256	5.137503524
3257	-0.566449203
3264	0.175701314
3270	0.225442518
3271	-1.594895036
3273	
3278	0.50589093
3279	1.232260758
3281	0.636502292
3285	-4.870670408
3286	5.221103725
3287	0.679390037
3288	0.342084899
3294	1.422233001
3300	1.182880461
3304	-0.524187827
3305	0.383633801
3308	-0.102502539
3309	-0.234994101
3311	0.918215511
3312	-0.336241498
3319	1.240672605
3320	1.308122295
3322	0.319068441
3323	-0.653330548
3324	0.584962501
3326	0.31897193
3327	0.862771075
3331	0.08374467
3337	-4.930737338
3338	-0.070787917
3339	-0.371470638
3342	-0.716939627
3344	2.042783701
3345	-1.115791564
3346	0.549258439
3348	0.345165877
3350	1.166065806
3353	4.329123596
3354	0.341276429
3355	-0.084662397
3358	0.565726282
3360	0.914189163
3361	0.28766527
3362	0.059662921
3365	0.774215076
3367	1.454473899
3372	-0.546634382
3373	2.339244972
3374	0.51893263
3380	-0.311180091
3388	-4.99095486
3400	0.293300798
3401	0.45414489
3402	-0.889317966
3405	6.153805336
3407	-0.099631181
3408	1.257797757
3409	-1.021398037
3410	0.096689636
3414	0.537756658
3415	1.155725614
3421	0.508639006
3422	0.507341604
3425	1.072620672
3428	4.883692773
3432	3.689299161
3433	-0.145160992
3436	-0.430826385
3449	-1.513548167
3450	0.517706062
3452	0.410522018
3460	1.332752869
3465	6.040015679
3468	0.471681079
3469	0.404653017
3470	-0.246448945
3472	0.97007991
3474	-0.316771816
3475	0.098387945
3478	-0.290947152
3479	0.403485832
3480	0.079159538
3482	5.442943496
3486	-0.659800803
3489	-0.371064874
3490	0.469833214
3494	1.993506238
3498	0.68115369
3499	-0.633872101
3500	-0.525492672
3502	-0.236598646
3503	-0.096826386
3506	0.266681697
3510	1.501546493
3511	0.29644049
3512	0.890356079
3520	0.77462372
3526	-0.174082627
3527	-0.893084796
3528	0.557967929
3534	-0.048653001
3539	-0.295270125
3542	0.042370798
3544	1.113108145
3547	-0.752739541
3549	2.065557924
3550	0.432464571
3553	2.538538164
3558	0.28655241
3568	0.445151772
3569	-1.176111146
3570	4.350497247
3574	0.469756645
3576	0.073462162
3578	0.034255542
3582	-0.298212026
3587	-0.689659879
3591	0.857669387
3598	0.572813418
3599	-0.316116627
3600	
3601	1.026125976
3605	0.311302968
3609	0.03129613
3612	
3613	0.051867172
3617	-1.132066224
3618	-0.032389829
3620	0.637044637
3623	0.495071338
3627	1.606555031
3630	0.229181587
3632	0.099863894
3633	0.765070932
3636	0.406205005
3637	-0.034999709
3641	0.426050492
3642	0.145671604
3643	2.300832259
3644	0.988033979
3649	-0.298773429
3654	0.14847253
3661	-0.200891352
3662	0.70080116
3663	0.00897281
3664	-0.156701638
3665	0.789141059
3666	-0.374768037
3672	1.031724355
3674	0.649701379
3675	-0.286987065
3677	0.712955431
3680	1.030246287
3683	1.036906575
3686	1.026791764
3693	0.898861361
3697	2.04187664
3702	0.840459016
3703	0.162483107
3710	0.488765113
3711	0.308122295
3714	0.78501983
3715	0.694850036
3723	0.237144033
3724	1.034033913
3725	0.324561675
3728	1.188338717
3729	0.278668822
3731	5.297805301
3732	0.875234108
3734	0.624490865
3735	1.953575663
3746	0.424154712
3751	-0.067364947
3752	0.667901238
3753	-1.195499967
3756	0.227199807
3758	-0.346175641
3759	2.500950888
3761	-0.110100842
3762	-0.139808412
3763	0.559897163
3766	0.172395947
3767	0.86492021
3773	-0.010482844
3777	0.986006728
3778	1.86314358
3780	0.308189716
3782	0.656293736
3785	0.210651196
3791	-0.020484858
3793	-0.340715819
3801	-0.145367897
3803	-0.515161308
3804	-0.073373186
3806	0.712349656
3809	0.536229929
3811	1.342996255
3812	-0.298424451
3815	5.754887502
3816	-0.034730545
3817	-0.319223323
3818	3.105017739
3819	-0.061313549
3831	0.426020549
3833	1.143561154
3839	0.400393161
3842	2.075311844
3847	-0.041918706
3850	1.476892951
3851	-0.287261794
3855	1.013166139
3856	0.602875508
3863	1.246869586
3877	2.281063283
3878	0.715327945
3884	0.297503162
3885	0.125981654
3886	-0.32678503
3887	0.743627127
3892	4.145677455
3895	0.417150776
3897	
3901	0.840050458
3902	0.879145605
3906	-0.595923812
3908	-0.30964694
3918	0.397562533
3922	0.628121119
3925	-0.574860097
3926	0.210046101
3927	-0.208241933
3930	0.31020561
3931	0.754243586
3937	-0.225453844
3939	0.276616118
3944	-1.892017319
3946	0.470868216
3948	0.259733333
3949	0.366334308
3957	0.596194898
3958	0.522840789
3960	-0.901819606
3964	0.304257069
3965	1.228933413
3966	-0.561751554
3967	2.029836292
3968	0.691407542
3971	0.966891688
3972	0.059185324
3974	0.408280133
3975	0.664921799
3976	0.317615102
3978	1.198471541
3980	-1.359558315
3983	0.918660373
3984	-0.230765602
3985	
3990	0.636618278
3995	0.670765654
3997	0.516236222
4001	0.430756712
4003	-0.086405253
4015	-0.194470119
4017	1.132060852
4023	-0.059665086
4025	-0.42804656
4026	-0.377195095
4029	-0.244264602
4030	0.364233129
4031	1.057094307
4033	0.375989347
4035	0.017073513
4037	-0.192998636
4039	0.385995135
4042	-0.370932638
4067	-0.06013365
4068	0.221467913
4072	0.035285061
4073	1.233009889
4076	
4079	0.252331871
4083	-0.468053328
4085	0.702342896
4088	1.131838031
4092	4.09592442
4094	0.484866666
4098	-0.256527177
4102	0.255229003
4107	0.037014842
4108	0.254183488
4112	-0.382286068
4113	-0.344149384
4115	-0.121585277
4119	-0.181784085
4121	1.252612284
4122	0.832971396
4128	-0.722069734
4132	
4133	0.551343553
4134	-0.030207736
4135	2.524033502
4139	-0.334969854
4140	-0.013130421
4142	1.367534322
4145	1.812019649
4148	0.25039758
4149	0.834829034
4150	-0.857741418
4153	0.782289585
4157	-0.304182545
4160	0.552337353
4163	
4164	0.723169092
4166	1.478406399
4167	0.245435812
4168	0.424874094
4169	-0.192811431
4171	0.650563168
4172	0.473317145
4175	0.783768102
4176	0.704460149
4177	1.168226896
4179	1.134106698
4182	-0.4112795
4184	-0.076240228
4186	0.402947071
4187	0.652076697
4191	0.321101099
4194	0.748075709
4195	-0.86710573
4197	0.690109597
4198	
4204	0.465613573
4207	0.498774463
4210	0.197142599
4214	-0.359226636
4217	-0.182909135
4218	
4221	1.090681946
4223	0.91736759
4224	-0.130727114
4225	0.738755261
4234	-0.59970452
4239	0.496458534
4242	0.282234783
4245	0.620262637
4248	0.199516158
4252	0.983060138
4254	0.674677517
4257	0.362447552
4258	-1.124310225
4260	0.576886618
4272	0.076413116
4273	0.261920786
4280	1.147475289
4284	-1.121990524
4285	-0.59419578
4289	0.071008112
4292	-4.770829046
4293	1.500939827
4295	-0.994512971
4298	-0.319778561
4302	0.001557145
4307	0.851069741
4310	-1.603831394
4313	0.082765496
4314	0.907205904
4315	-0.403234977
4317	0.871166582
4318	-0.356251278
4322	0.585683308
4329	0.264967018
4330	-0.046656625
4331	-0.233147907
4332	-0.554645173
4335	3.857980995
4345	-0.503517984
4348	0.334000927
4349	-0.327261539
4354	0.240522875
4355	0.06982764
4359	0.515469535
4360	0.706641057
4362	0.33391581
4371	-0.089037713
4373	-0.470767649
4376	-0.186205423
4377	-1.270975148
4379	0.878972196
4382	2.743485694
4385	0.61458767
4387	0.690027658
4388	0.618219317
4392	0.695100133
4402	-0.34991074
4404	
4406	-0.623970881
4411	0.919516079
4412	-0.075361556
4413	0.053489637
4421	0.304555531
4422	0.214943312
4425	-0.080870409
4428	-0.271404811
4432	3.23556781
4433	-0.075871027
4436	-0.13298254
4444	-1.620295574
4449	0.739173238
4451	-0.026062297
4452	0.194306908
4453	0.359594836
4457	1.127030565
4458	-0.555350845
4471	2.135543277
4474	-0.298672743
4476	0.302819272
4483	-0.10800719
4484	1.553244091
4488	-0.248623963
4492	0.165648634
4497	-0.200668525
4501	0.332929636
4504	0.654806489
4506	-0.314184897
4509	1.329740542
4513	-1.089117245
4521	1.846590085
4526	0.99149762
4527	-0.153870962
4530	-0.05638247
4531	-0.339180259
4534	1.667424661
4535	-0.589726495
4536	5.491853096
4539	
4540	0.573578912
4542	-0.125414718
4544	-0.224759436
4547	-0.199033406
4550	-0.024434218
4553	0.280569065
4556	-0.415270173
4558	-0.184570413
4562	0.110994789
4563	0.858287839
4565	5.762880293
4567	5.887525271
4577	1.225292312
4580	-0.406270095
4583	0.501889676
4589	-0.121678557
4591	1.263991508
4592	0.407214733
4595	-0.225382464
4599	0.452512205
4601	0.252204473
4603	0.270386703
4610	0.682755139
4611	1.73325548
4613	-1.395928676
4629	-0.688305963
4632	0.956505529
4633	0.151406199
4635	-1.079560974
4636	2.119603416
4638	-0.629735529
4639	-0.04496791
4640	1.607836967
4641	0.603142517
4643	0.071202551
4644	-0.215399834
4646	-0.557208091
4648	-0.221178542
4650	-0.104127387
4653	0.732084984
4661	2.186634901
4664	0.770101044
4669	0.009102207
4673	1.335838485
4679	0.191547276
4682	0.36808222
4683	0.428504995
4684	0.335275035
4691	-1.059094748
4692	-0.378303006
4693	0.006993203
4694	1.593139157
4696	0.379329035
4698	0.624632646
4700	0.141619331
4703	0.393707436
4705	-0.036606471
4706	-0.051838932
4708	1.798227678
4709	4.169925001
4711	1.261102902
4716	1.734831204
4718	-1.152817026
4719	0.443775274
4722	-0.453593911
4723	2.187380267
4726	6.307428525
4727	-0.794576317
4730	-0.572380778
4731	-0.337187162
4732	0.32808908
4736	0.804013415
4743	-0.25668112
4744	0.923131237
4752	0.074944974
4755	0.944750139
4756	-0.341440751
4757	0.753727385
4758	-0.135713323
4759	-0.304511042
4765	-0.820985741
4768	-0.117258223
4777	0.34977608
4779	-0.586803848
4781	-0.543386431
4782	-1.05025085
4785	0.303180047
4786	0.228317255
4789	-0.06161319
4796	0.901526303
4797	0.621690044
4804	1.357452319
4808	1.761285273
4810	3.728967023
4811	-0.281606512
4813	-0.691674837
4814	0.434669775
4815	1.723123289
4816	-0.366975259
4817	-0.005140249
4819	-0.019931902
4823	0.170259617
4825	0.038994132
4829	-0.341575337
4831	0.592792615
4832	0.490894176
4835	-0.816596164
4840	0.143364175
4841	1.0981906
4844	0.358231144
4848	0.366158875
4849	0.998144443
4850	4.977279923
4855	1.03174991
4858	0.452111718
4861	0.209120064
4863	0.279506694
4871	-0.04022036
4875	6.089582893
4879	0.511655689
4886	0.603674761
4890	0.674002787
4893	0.862654312
4897	-0.080774745
4900	-0.207309369
4901	0.031856269
4902	-0.017378906
4904	0.699445556
4905	0.73401831
4906	0.446579017
4907	0.857636506
4908	0.006445409
4912	0.203359229
4913	0.656237189
4917	0.495990406
4923	4.478971805
4924	1.057349874
4927	1.893526426
4930	0.198841344
4934	0.902293127
4939	-0.584962501
4940	2.643185722
4946	2.9914885
4948	-0.01778134
4954	4.145677455
4956	0.521651004
4957	0.159443518
4963	3.288358562
4964	0.802878361
4966	2.913122549
4967	-1.537696026
4977	0.131911676
4978	0.636005164
4981	0.227245083
4993	1.551759286
4995	4.871927702
5006	0.132637769
5007	-0.123532096
5009	-0.298785875
5010	0.014646776
5012	1.845553731
5018	0.42202393
5025	0.712583687
5037	1.068112706
5044	1.275146221
5047	0.500012628
5048	-0.973558114
5051	0.121167857
5052	0.280852152
5054	-0.293684619
5057	1.685642716
5062	1.632044096
5063	1.772339924
5065	-0.069644423
5067	1.378405116
5068	-0.647238556
5069	-0.191503254
5070	-0.538156519
5071	0.197232347
5075	0.907312005
5083	1.281217491
5087	-0.017310726
5089	-0.163732386
5094	0.050759679
5097	0.152485519
5099	0.47935848
5103	1.470310624
5105	0.551220075
5110	2.448737018
5112	0.363790118
5114	1.670353992
5115	-0.197071143
5116	-0.202978234
5118	0.008988783
5121	1.742072485
5122	0.379359962
5125	0.155445694
5129	0.584197754
5130	0.791305428
5132	-0.101481318
5134	-0.098355072
5142	-0.163424273
5144	0.779118546
5146	1.722075632
5148	1.121890156
5149	0.09592442
5151	0.549032644
5152	3.727358266
5154	-0.023803025
5155	
5161	-0.010647244
5163	0.396042606
5164	2.013693479
5166	0.660013206
5171	3.975404334
5172	1.49426419
5174	0.450327159
5175	1.062604008
5180	0.811238357
5181	-0.172333508
5184	1.472253333
5188	-0.15631457
5192	1.122759893
5193	-0.132128971
5196	2.731259476
5201	-0.053068629
5203	0.966286004
5206	-0.561426986
5207	-0.526447273
5212	0.163602714
5215	0.531864463
5217	0.319256711
5220	
5222	0.161932211
5228	-0.841041567
5232	1.804528878
5235	0.562936194
5238	0.365698972
5243	-0.365587057
5248	0.433011946
5250	0.348751883
5251	
5254	0.460346661
5255	0.176934324
5267	0.59254368
5269	2.683006245
5271	-0.9969402
5275	0.872221579
5276	0.349798151
5279	0.937715722
5284	0.473029222
5289	0.104816964
5293	0.200724504
5295	1.069315495
5297	-0.455349763
5299	0.858391324
5302	-0.547379318
5306	0.498627331
5307	1.208238035
5314	1.087140127
5317	0.626882756
5323	1.182273394
5327	-1.502605758
5329	1.199155713
5334	0.665328775
5335	1.108586133
5337	0.146220741
5338	-0.577838066
5341	0.839886255
5343	
5350	1.465348677
5351	-0.219009782
5356	
5358	0.742939495
5361	0.95034971
5362	-0.127816222
5364	
5365	-0.318950395
5366	0.210706249
5368	-0.067350703
5369	-0.378881909
5372	-1.710699939
5373	1.885105148
5377	-0.866539949
5380	0.322610059
5381	-0.133855747
5383	1.389566812
5387	-1.566363965
5389	
5391	0.136973868
5395	-0.06194609
5396	-0.21649182
5397	2.091205936
5400	0.887043811
5401	0.815230505
5403	2.418885715
5404	-0.115814493
5411	-0.481178826
5413	-0.136785348
5419	0.058416686
5424	0.674013689
5425	-0.512237714
5426	1.288947216
5430	1.084888898
5431	-0.019881275
5433	0.848962243
5435	0.094063711
5440	-0.174375163
5442	0.727395443
5443	1.730932117
5444	2.279438486
5448	0.394330018
5451	-0.011541622
5454	1.434685401
5457	0.10102992
5462	0.755726522
5466	0.624320585
5468	0.071832745
5473	-0.179346246
5479	0.758900565
5481	0.187429465
5485	1.050078284
5489	-0.572917159
5491	0.587360997
5492	
5493	2.22881869
5494	
5495	0.59600711
5496	0.029443778
5500	2.418172865
5501	0.409827865
5505	-0.98599837
5506	-0.005262115
5510	-0.903225125
5511	1.029081064
5514	-0.439071191
5515	0.94016675
5516	1.509502183
5517	-0.049056358
5518	0.834892015
5524	-0.662801005
5525	0.362134417
5532	-0.193024685
5534	1.202003514
5535	-0.627361085
5539	0.46457696
5543	0.538078011
5545	0.121330894
5549	-1.187220622
5550	0.25177795
5551	-0.367549768
5553	0.297176286
5556	0.656749169
5557	0.555719156
5558	0.305954459
5561	0.125409561
5563	0.113919592
5565	0.296216839
5566	0.2037826
5574	0.293070061
5585	0.649593714
5587	-0.164744762
5592	-0.623810311
5596	0.809897117
5603	-0.153545258
5606	0.136006693
5608	-0.173297872
5609	0.072945033
5615	0.087825981
5619	0.279728587
5622	-0.191020837
5627	0.936286229
5630	0.388144019
5633	-1.268908314
5635	0.506959989
5636	-0.053242021
5639	-0.438561781
5641	0.518567716
5642	0.445051197
5644	0.191023161
5646	0.210473731
5651	0.615214828
5653	1.491358656
5655	1.101365481
5657	0.596339353
5660	-3.720654081
5661	0.178970141
5665	-0.728195385
5668	-0.284327357
5673	0.161664668
5675	1.120395354
5679	-0.343954401
5682	-0.154529705
5685	0.460926898
5690	0.866864743
5692	1.212561412
5694	-4.496885173
5695	0.443606651
5697	0.388829449
5699	-0.861447625
5709	-0.244225738
5712	0.515920856
5713	0.419084332
5718	0.404906819
5720	0.897990536
5723	-0.064630059
5727	0.39598374
5734	0.084762062
5737	0.052256237
5739	-0.230727569
5740	0.216529123
5746	-0.06529146
5747	1.553882129
5750	-0.153865151
5753	-2.103515025
5759	-0.763380781
5764	
5765	
5770	1.780139159
5777	-6.031218731
5778	-0.012390372
5780	0.731183242
5782	1.544377685
5785	-0.464806728
5787	-0.902127136
5788	-0.34612779
5789	-0.159561341
5790	0.298595591
5791	
5792	0.682960939
5798	-0.339016053
5800	2.437836471
5803	0.297240463
5804	0.861403111
5805	0.459731711
5810	0.205717004
5812	0.76469899
5815	0.800136921
5819	0.476716029
5820	-0.111269302
5821	5.189824559
5823	-0.302847353
5824	-0.769288016
5825	-0.543894251
5830	-0.456139881
5831	
5834	-0.424719005
5839	0.939774419
5840	0.136150786
5842	1.061656591
5846	0.381726478
5849	0.757262309
5850	0.249978253
5852	0.940333911
5853	-0.178858126
5857	0.822619194
5865	0.540663493
5866	0.350673565
5876	-0.403462806
5877	0.101346889
5882	1.424873078
5883	0.484217527
5887	-0.207595419
5888	0.317249274
5890	0.446086289
5891	0.883159154
5897	-0.074681741
5898	0.325656679
5899	0.712471936
5900	0.261081739
5902	0.624421851
5906	0.064230535
5908	-0.048957026
5909	5.292781749
5914	0.913602083
5918	0.552054735
5920	-0.497337404
5922	-1.167235914
5924	-0.379345792
5925	-0.522421035
5926	0.68894092
5928	1.079727192
5931	0.617153786
5933	0.508000519
5934	0.714322851
5937	0.157505409
5938	-0.716743053
5941	
5945	0.815226573
5949	1.268800252
5951	0.255878079
5952	0.569365646
5953	-1.440793626
5954	0.623055672
5966	0.55449722
5968	0.798217858
5971	-0.345424649
5975	-0.13492958
5976	0.692288407
5977	0.227098028
5978	1.473663378
5984	-0.119134644
5987	0.387271971
5989	0.194142945
5993	0.096774875
6001	0.488810077
6010	0.939438754
6014	0.039015223
6018	1.566815154
6019	0.473186379
6024	0.426498891
6031	1.943233454
6033	0.361259459
6041	1.513324627
6043	0.355321503
6045	0.404099653
6053	-0.534050547
6054	0.082838048
6059	0.064130337
6061	0.020069918
6069	-0.3612148
6071	0.046170181
6072	0.584962501
6082	0.322395667
6083	0.334781363
6094	-0.132450296
6095	0.112860838
6097	-0.072909579
6099	0.868884273
6104	0.656314934
6109	-0.243205432
6111	0.556393349
6112	0.334528132
6113	0.613733828
6116	0.847996907
6121	-0.770984884
6126	-0.180020048
6128	-0.195106595
6129	1.048183534
6130	0.453289868
6131	0.309782665
6132	
6135	-0.639340709
6136	-0.668469065
6138	0.433496324
6140	0.366769239
6143	1.768647038
6147	-0.005198907
6148	0.887576107
6150	2.56561823
6152	-0.478337402
6153	0.607417352
6155	0.220026465
6162	1.073930341
6164	0.225119634
6169	-0.63978342
6173	1.544320516
6174	-0.070591968
6177	-0.328727927
6185	0.731154126
6187	-0.445830653
6190	-0.126788498
6192	1.926637356
6194	0.064441753
6195	-0.677681513
6197	2.330870448
6203	0.05564803
6210	1.30149117
6211	-0.101217513
6215	1.495695163
6219	0.941202334
6221	0.08819215
6225	0.216837932
6226	0.484512572
6236	-1.247927513
6237	0.095873764
6238	0.749421749
6241	-0.88702529
6242	-1.077393716
6245	1.886246286
6248	0.469728141
6252	-0.442364003
6253	-0.069433642
6256	1.439931678
6259	1.461767127
6260	0.519292722
6263	0.019899557
6268	0.206129708
6271	-0.523561956
6272	0.771946244
6286	0.269513145
6292	1.788945123
6293	0.114669889
6295	0.652608664
6299	1.116897018
6303	1.425151993
6305	0.07547573
6306	0.340464046
6307	0.395709238
6310	0.154015421
6312	-0.830607653
6318	0.146466029
6321	0.120629705
6329	2.807354922
6330	-3.498250868
6333	0.95723768
6334	-0.731359778
6336	-0.709844251
6337	0.22394705
6338	-0.28169825
6339	1.143981734
6340	0.484870447
6341	-0.39887268
6343	5.700439718
6345	-0.7857501
6348	-1.032507427
6352	0.052080835
6353	0.476251926
6358	2.086698094
6363	0.558862783
6367	0.888323764
6369	-0.326185929
6371	0.660456362
6372	2.705877916
6376	0.071073881
6378	0.013924243
6379	-0.238199386
6380	0.77653566
6382	0.52436249
6383	0.607910834
6394	0.512027489
6399	0.300184582
6400	0.007430205
6408	-0.35886135
6411	0.421732152
6412	-0.313824384
6415	0.410695952
6417	-0.444211913
6421	-0.651442196
6425	0.4325857
6432	0.906710809
6433	3.867896464
6435	0.687582124
6446	-0.114435786
6448	0.015596855
6449	0.077712669
6452	0.224431567
6457	0.449238983
6460	0.241576681
6461	0.606196335
6465	-0.070850326
6468	0.29764204
6469	-0.427133691
6476	4.378511623
6477	-0.412843286
6478	5.649615459
6483	-0.388082593
6485	0.661437947
6486	1.612976877
6488	-0.184669282
6491	3.791723402
6493	0.109697645
6494	-0.137938463
6495	-0.946074118
6496	0.598116048
6497	0.219876823
6498	-0.323483561
6503	6.10965421
6509	1.028789849
6513	0.426222972
6516	1.752050749
6520	0.089244031
6521	-0.684338664
6529	0.228609336
6530	0.251054116
6533	0.188512463
6536	0.820240638
6541	0.430239906
6542	1.190407263
6544	0.460761169
6546	-0.200959232
6549	
6555	0.278121772
6557	-0.099612924
6560	0.318414927
6561	0.361784854
6563	0.580265714
6565	2.485426827
6566	0.340830428
6567	0.390019039
6568	0.830763143
6571	0.63823872
6573	1.684565244
6574	-0.537999022
6576	0.159908292
6579	-0.592005778
6583	
6584	0.477780181
6589	2.895802248
6594	0.852342377
6596	0.313784922
6599	0.675202427
6602	1.008028374
6603	1.866625034
6604	0.992852033
6609	0.377646049
6610	-0.321928095
6615	0.406876515
6623	0.869204782
6632	0.422840087
6636	0.181694778
6638	-0.432959407
6643	-0.222620137
6648	0.466021428
6649	0.154692181
6650	0.069496847
6651	-0.438852749
6653	0.871826012
6657	0.812211195
6670	0.084619682
6671	0.376820635
6672	0.140405209
6679	0.168754458
6683	2.018185472
6687	1.380300458
6689	0.923977016
6690	0.186668265
6696	0.868381033
6700	-0.317072682
6702	-0.53750679
6704	0.375039431
6705	1.143005625
6707	-0.711174106
6712	1.84701914
6721	-0.544117448
6723	2.224743801
6725	0.797280609
6727	0.766478874
6728	1.598755101
6729	0.042603381
6732	-0.523619981
6735	1.006559846
6737	0.213746443
6739	0.567410847
6741	0.360294535
6750	0.114935767
6751	0.795753393
6766	0.431974128
6768	0.146783431
6769	1.447130307
6772	1.393634351
6773	-0.81162115
6777	0.535402452
6780	0.182544488
6781	-0.074508273
6787	-0.006763702
6791	-0.234552476
6793	0.737643552
6794	0.040357738
6795	0.641340991
6798	0.196895942
6799	-0.801489673
6800	0.518598204
6803	-0.675791479
6805	-0.669673332
6810	2.669496011
6820	-0.073248982
6821	0.638817402
6822	0.96203215
6827	0.08606389
6831	-0.292607521
6835	-0.670692375
6836	1.278371729
6841	0.277966892
6842	6.685099172
6846	0.678071905
6854	0.150624988
6858	0.568884293
6859	0.543871072
6861	0.651851715
6863	0.345253202
6864	-0.853330351
6867	0.376363721
6874	-0.855697165
6877	-0.024587879
6879	0.826885311
6882	2.573070605
6889	1.223348038
6892	-4.504620392
6896	-0.00620515
6897	0.070561497
6902	0.219367268
6905	0.591424751
6910	-0.143527311
6911	-0.049057448
6912	0.299286742
6914	-0.524684489
6916	-0.200860384
6917	-0.659822533
6920	0.84259998
6922	0.246088514
6935	0.873942298
6937	0.030437733
6943	-0.541569905
6944	-0.966068324
6948	1.251802852
6951	0.2225983
6954	0.956785219
6958	-0.048485372
6961	-0.34649259
6964	1.510961919
6965	0.969824886
6971	0.233091293
6973	
6974	0.284729477
6975	1.444379078
6977	-0.419376435
6983	0.264389685
6984	1.113930755
6986	0.395928676
6988	
6992	0.69281849
7000	-0.323314635
7001	0.553691039
7005	-0.311836563
7007	1.078777113
7012	0.041138695
7014	0.098578873
7015	0.206583077
7018	0.922805494
7019	0.405019866
7029	6.799605422
7030	1.164981803
7031	1.269107355
7032	-0.376799516
7034	-0.829540002
7035	-0.316836049
7044	-0.32564216
7053	0.202492864
7066	0.252945588
7068	1.267741409
7072	0.150223087
7079	-0.770073906
7081	0.596103058
7089	3.595406538
7091	1.40370706
7093	
7097	-0.439006147
7099	1.419365279
7103	-0.002400491
7115	-0.0575146
7118	-0.449438153
7122	0.175345277
7124	-0.089551585
7127	-0.011725626
7130	-0.456892342
7132	0.285043027
7137	1.989567406
7138	1.52560275
7140	0.161996105
7141	-0.251328905
7144	1.052283391
7150	-0.181762237
7153	0.187453654
7157	-0.016995295
7159	0.000659518
7160	-0.365549316
7164	-0.646152994
7167	-0.764916455
7168	0.52423627
7173	0.389832159
7175	-0.205872237
7182	-0.067904065
7188	0.116070553
7189	-1.42601301
7190	0.342081466
7196	
7199	0.438710328
7200	0.385481178
7206	-0.717943984
7208	1.59731203
7210	0.551364273
7212	0.426625474
7214	0.324272035
7216	1.116427453
7218	-0.275521622
7220	2.384232754
7222	0.459431619
7227	-0.067904065
7231	-0.908216065
7235	1.150667883
7240	-0.543705163
7243	3.196921734
7248	0.871194729
7249	0.349812192
7250	0.654710554
7257	1.357681843
7263	-0.588179213
7265	0.276096949
7266	0.259201619
7268	-1.442095956
7271	-4.892391026
7272	0.74810001
7273	2.665509245
7274	-0.531248779
7277	-0.18368318
7278	0.787931659
7280	0.248937505
7285	-0.033203214
7287	5.958842675
7289	0.059195793
7292	0.386642856
7294	0.187097768
7304	1.878321443
7306	-0.040106761
7307	-1.078736671
7311	1.360635346
7312	0.002809534
7315	-0.257183375
7317	-0.026472211
7325	-0.059600142
7326	0.247296367
7327	0.491886667
7328	-0.696906105
7329	-0.155892238
7330	0.632990855
7333	-1.935204877
7334	0.166903478
7337	0.711840563
7341	0.219922053
7342	0.377670647
7344	0.517109409
7347	1.122954794
7352	-0.15704371
7353	-0.680645849
7354	0.859243498
7355	-0.257356094
7356	0.17148856
7359	0.098730823
7360	-0.433020333
7363	-0.637074533
7366	-0.133911253
7369	0.897273698
7374	0.411516889
7380	-0.319666226
7386	4.244261601
7387	-0.624960569
7389	0.558055808
7394	0.013004663
7395	0.344816701
7396	0.106284793
7401	0.388565288
7402	-0.034444105
7408	-0.401807189
7411	-0.133560488
7415	-0.316744993
7422	0.165559809
7424	-0.680946755
7426	0.559232226
7429	0.558339977
7431	1.494853673
7432	1.025061922
7436	-1.067825365
7438	0.368426557
7439	-0.53927041
7442	0.394647386
7444	0.061763168
7447	0.260379254
7450	0.056292985
7455	0.613223836
7462	0.973005677
7464	0.208529475
7465	-4.114282259
7466	-0.973080875
7475	-0.492412343
7477	-0.343204755
7480	-0.157449488
7484	0.233641562
7486	-0.318190913
7488	1.154602332
7492	-0.368066633
7505	-0.055777457
7510	1.073134705
7521	0.592778154
7523	
7525	0.887309831
7526	-0.57913128
7527	0.791358386
7531	0.37122844
7541	0.712097625
7543	-0.477119796
7550	1.142200948
7551	-0.582337031
7552	
7554	-0.291048782
7555	1.643029193
7559	0.587996561
7560	0.396752838
7561	0.464126707
7562	-0.968988615
7563	-0.258168651
7566	-0.123716742
7571	0.368138885
7573	0.467188781
7582	-0.421826665
7584	0.218236792
7590	0.015868483
7591	0.73368674
7592	0.279072616
7593	-0.299560282
7594	0.923649114
7600	-0.031619185
7604	-0.455979197
7608	-0.230135619
7615	-0.291283883
7626	-0.727737754
7628	-0.248173225
7630	0.690262446
7632	4.711494907
7633	0.436620649
7634	0.188604108
7638	0.05930407
7639	-0.599075237
7641	-0.489891494
7642	-0.027819895
7643	-0.445050068
7645	-0.725781856
7647	0.759697806
7652	0.486505478
7655	0.201172191
7660	0.376065133
7664	0.172808662
7666	0.371491196
7672	
7681	-0.05573579
7682	0.057770532
7683	1.195585722
7685	0.237560798
7686	0.372494349
7688	0.581915625
7703	0.148416326
7704	-0.234791066
7706	1.856409146
7708	0.218320603
7709	-0.312724741
7710	1.003216713
7717	-0.418290477
7718	-0.153610691
7719	0.067114196
7722	0.09212898
7730	0.507005814
7731	-0.211156635
7732	0.055053867
7733	0.167059668
7736	0.186446446
7740	0.201047519
7742	-0.649526112
7743	0.343509139
7744	0.051884132
7745	0.256203913
7749	5.439623138
7750	0.063896848
7751	0.506753668
7755	-0.044854236
7763	-0.564527385
7766	0.925128202
7767	0.134874295
7768	-0.052836991
7771	-0.347451603
7776	-0.008513783
7780	0.243763283
7781	-0.151900407
7782	0.068328075
7787	-0.304646596
7790	-0.842090266
7793	-0.222166665
7798	0.348337098
7803	-1.831654057
7810	-0.528619675
7815	0.710678903
7816	0.437431517
7818	-2.027162331
7819	-0.535783967
7824	-0.631393531
7826	0.746243408
7829	-0.329727575
7837	2.274941173
7846	0.286453293
7850	1.34893324
7852	0.240739366
7855	-0.327343438
7856	-0.380634795
7857	0.296944334
7858	-0.017312548
7862	-0.045889399
7863	0.910083363
7864	0.562321661
7869	0.907815697
7870	-1.217300279
7872	-0.032715575
7879	1.071660985
7882	0.422003689
7883	-0.642423678
7886	-0.2285499
7887	0.003398576
7888	-0.194150237
7890	1.00805977
7894	-0.191177184
7895	-0.542779998
7896	-0.007371989
7902	-0.545103951
7909	0.026423725
7910	-0.222180587
7912	-0.208392594
7914	0.412587408
7918	-0.516026445
7920	0.434769564
7921	-0.229409434
7924	0.905672617
7931	0.542781036
7933	1.868885771
7936	0.07363831
7937	-0.730060899
7939	-0.478899981
7944	-0.895321023
7945	0.503816926
7950	1.591529875
7951	-1.10842246
7952	0.144389909
7961	1.186011986
7962	0.225089889
7980	2.469743993
7982	-0.140509661
7983	-0.28032719
7986	-0.026617417
7990	-0.603603498
7992	1.535472066
7995	-1.453436044
7998	2.049453993
8001	2.181432102
8008	0.132050424
8012	0.110974346
8013	0.975370333
8028	0.549687026
8033	-0.701560258
8034	0.3520562
8035	-0.243011843
8038	2.757208814
8039	0.383933839
8040	0.543142325
8044	1.240197232
8053	1.111155957
8054	0.01161129
8057	0.184257292
8058	0.079243055
8060	0.364260408
8062	0.444690773
8066	0.109986459
8068	-0.545497746
8078	1.135365345
8079	-0.297187558
8085	0.448933372
8091	0.470336395
8092	-0.170637268
8094	0.629118818
8095	-0.636505412
8105	0.808061375
8109	-0.403355694
8110	0.361163258
8111	0.181816898
8115	1.073037036
8117	-0.248667395
8118	1.613807853
8119	-0.251649846
8120	-0.265279846
8126	-1.080815763
8128	0.320961465
8130	0.15795236
8132	0.659152214
8137	0.161476735
8149	
8153	1.052882275
8154	0.153409915
8163	0.047305715
8169	0.625309244
8172	0.014174756
8176	0.019637426
8181	-0.428744919
8182	-0.579594327
8184	0.287841264
8187	-0.025969212
8189	-0.298844482
8190	-0.343771162
8191	1.256047077
8192	-0.117900441
8193	
8197	-0.155924322
8216	-0.534763513
8217	-1.225739743
8219	-0.507954522
8223	-0.654764532
8229	0.244418728
8234	-0.412963171
8235	0.248772826
8238	
8244	-0.212441834
8246	-0.163626978
8247	1.16175107
8251	-0.006919414
8257	5.887525271
8260	0.09350526
8261	-0.133954457
8264	-0.407454328
8265	-0.973538579
8266	-0.821479717
8267	0.098950283
8268	1.275007047
8272	5.14974712
8274	0.228950137
8277	-0.027942979
8282	0.504432665
8285	0.332132346
8287	-1.040753094
8293	-0.331030302
8298	-0.580827766
8304	
8308	1.282559542
8312	0.551708939
8313	-0.567222085
8314	-0.123684823
8315	0.509417418
8317	0.714749742
8320	3.060452517
8324	0.320239745
8325	5.635173947
8327	0.060167431
8328	-0.373730525
8329	0.343260297
8334	-4.145677455
8337	-0.47261155
8339	0.071479388
8344	-0.421399
8346	-0.288260382
8347	-0.317315539
8354	0.231640984
8355	-0.460702753
8363	-0.062380969
8364	0.355567864
8367	0.824547122
8368	0.457839616
8371	1.345597001
8375	0.358191639
8377	0.297377956
8379	-0.425578659
8381	0.068131
8384	-0.127266415
8386	-0.107522591
8387	1.211392828
8392	0.026311277
8399	-0.115477217
8402	-0.848675982
8406	0.705318718
8408	-0.822231533
8410	-0.304805754
8412	0.981892267
8414	-0.46205815
8416	0.056034035
8420	-0.451288965
8421	0.285888571
8429	0.414490091
8431	0.340857823
8432	-0.058622735
8438	2.577279285
8440	-0.062472162
8447	-0.05867189
8450	5.153805336
8451	0.239827015
8453	0.438064428
8458	0.019261902
8459	-0.092757141
8460	-1.024074135
8463	-0.343636582
8468	-0.126217716
8469	0.101714423
8470	0.529921137
8471	-0.441364782
8472	0.161996105
8474	0.149314722
8476	-0.102227066
8477	0.350406286
8479	-0.403355694
8483	0.110044695
8484	-0.806649735
8488	0.804528878
8490	0.026756458
8494	1.500693584
8496	1.367885385
8505	0.355553066
8506	-0.348967348
8513	-0.374395515
8521	-0.699046034
8524	0.015170435
8526	-0.957980494
8529	-0.089698307
8534	0.465022036
8535	0.315997172
8536	
8538	-0.230832784
8539	-0.473171675
8541	0.020433048
8544	-0.435584877
8545	0.154590888
8546	0.914552297
8548	0.371108091
8549	6.048551745
8554	
8559	-0.412700069
8563	2.17951105
8565	0.340001707
8569	2.144920995
8570	1.859213892
8594	0.316455674
8598	-0.026563605
8601	0.063390539
8602	0.458954616
8606	-0.416909914
8607	-0.128205232
8608	-0.647412808
8610	0.521544671
8611	-0.038364522
8613	-0.824190319
8614	0.14062906
8617	0.900607245
8619	-0.503857533
8620	0.206301522
8621	-0.014488369
8622	0.724320786
8623	0.404066381
8626	-0.189382291
8629	0.673639659
8631	0.048255169
8635	0.209984491
8637	1.195156677
8640	
8642	0.918916071
8644	0.485208254
8651	-0.050626073
8655	-0.271096678
8660	-0.114126119
8661	0.458354923
8662	-0.597339585
8665	0.140455447
8666	0.048785546
8668	-0.224853659
8670	0.52732871
8672	
8675	4.882643049
8679	0.723790205
8680	2.216751618
8693	-0.254404101
8697	-0.104920602
8698	0.268084512
8707	-1.22935128
8711	-0.026993605
8714	-0.142389052
8719	0.100028818
8722	-0.341254782
8723	-0.690480692
8724	0.610802506
8728	0.425256431
8729	-0.99367238
8731	-0.750625475
8732	-0.02019806
8736	3.031129897
8742	1.927379328
8744	-0.450007909
8767	0.376928944
8774	-0.001735051
8777	1.044989992
8780	-0.004195917
8784	0.205853894
8785	1.992584771
8799	1.514457196
8800	1.139551352
8801	-0.127393626
8803	1.037684476
8804	
8806	-0.763155118
8809	-0.64887215
8815	0.191562651
8819	-0.598830593
8820	1.001133749
8821	0.248834774
8822	0.520702302
8824	-0.525510319
8825	0.067409392
8827	-0.224252164
8830	1.053571565
8832	0.712142581
8837	-0.182317697
8839	-1.215487579
8841	0.143710898
8844	0.261124816
8845	-0.661625552
8853	1.046969657
8856	0.474408033
8859	0.635076534
8860	-0.549015804
8861	-0.285060712
8867	-0.182227187
8868	-0.480744401
8870	-0.401687946
8872	-0.158385809
8876	-0.276694955
8880	0.195787065
8893	-0.241746769
8899	0.780770365
8907	0.552725996
8911	-0.021244053
8912	
8913	1.127991214
8917	0.578795245
8919	-0.524159222
8920	5.807354922
8921	-0.111411376
8927	
8929	-0.197382997
8934	0.289788036
8936	-0.14417372
8938	0.893891673
8942	0.399730246
8943	-0.532751701
8945	-0.070047498
8949	-0.253377058
8954	-0.952694285
8958	0.655949094
8964	-0.142823058
8965	0.567769296
8966	-0.20183861
8974	0.208484524
8976	0.33030253
8977	0.488344311
8984	2.124109087
8986	-0.228632404
8989	0.961525852
8993	-0.093649234
8994	-0.569515939
8997	0.163415221
9001	-0.460752835
9004	0.932264355
9005	
9006	0.14475501
9007	1.619297654
9010	-1.197802616
9012	-0.510046794
9016	-1.414418715
9017	0.305345211
9023	-0.693775988
9026	0.928890454
9028	0.500844653
9031	-0.071759626
9036	-0.251538767
9037	-0.462756568
9041	-1.587001646
9045	-1.011315313
9052	-0.536675482
9061	-0.883806982
9062	0.545078965
9065	0.163896772
9067	0.211504105
9069	-0.765703789
9080	0.267695783
9088	0.065095028
9092	-0.04357228
9101	0.627376256
9104	0.058486008
9105	-0.099535674
9109	-0.105266347
9110	-0.458132478
9113	0.224260918
9115	-0.806665462
9117	-1.694636621
9120	-0.907468714
9122	-0.522517729
9124	0.809847916
9127	-0.658522329
9128	0.372371034
9131	-1.356934545
9132	0.36830007
9134	1.348097953
9141	0.03809979
9143	0.08246216
9146	-0.504156557
9147	-0.287421232
9148	0.161448753
9149	0.100476
9151	1.11147251
9152	0.233993146
9153	0.703983312
9157	-0.953084647
9160	0.009964386
9162	-0.285657315
9164	-0.13846209
9167	-0.304247088
9173	-1.16918337
9174	-0.163000165
9179	-0.861778985
9183	-0.91723254
9184	-0.204073224
9186	-0.171061429
9188	0.496101021
9189	0.80005442
9191	0.915786996
9192	-0.02859896
9193	1.07957536
9196	-0.426664797
9200	0.439934372
9201	-0.010022623
9203	-0.526983836
9205	0.083699781
9207	-0.719447833
9211	-0.846962346
9212	-0.144668583
9213	0.326520232
9215	-0.369509159
9220	0.861433046
9224	0.052538194
9225	-0.15375835
9228	0.692368835
9235	1.022552933
9238	0.220511871
9240	0.672877158
9241	0.114020097
9242	-0.103319603
9244	0.096486765
9245	1.062923566
9247	0.482857052
9253	0.795959641
9255	-0.177787119
9259	-0.202188851
9260	-0.063168554
9267	5.646738698
9268	-0.880177312
9269	
9270	1.589560736
9274	-0.214829447
9276	-0.190102883
9278	-0.778694628
9286	-0.317503169
9291	0.789383402
9300	-0.230917156
9304	-0.456187496
9306	0.363235069
9309	0.153289
9311	-0.682841149
9312	0.226955946
9314	0.008447423
9317	0.045229254
9326	-0.206900245
9331	-0.401056745
9333	0.916333587
9340	1.350349134
9342	0.212443491
9343	0.4984155
9346	-0.369645596
9349	1.674361586
9350	-0.321928095
9352	-3.262221849
9359	-0.052277279
9361	0.123426732
9363	0.373793011
9364	0.242313115
9366	-1.052516397
9368	-0.468072262
9370	0.48816439
9373	
9375	-2.013881709
9378	-1.245944145
9381	0.167091027
9385	0.320470091
9386	0.069443608
9389	0.353278988
9390	1.840207783
9392	-0.442408471
9394	-0.537288939
9395	-0.178556871
9396	0.386440031
9398	0.347229533
9399	1.051334898
9408	-0.847735809
9409	0.280563291
9410	0.791085083
9420	4.786596362
9425	0.134649527
9436	0.514573173
9439	-1.805768671
9441	-0.446694433
9443	0.862996333
9444	-0.732698164
9445	0.871410097
9446	-0.491105494
9447	-1.099217163
9448	-1.094585719
9450	-0.505788129
9462	0.371802223
9465	-0.007942502
9470	-0.29436074
9473	0.459825421
9474	-0.988270707
9479	-0.731803889
9483	
9484	0.897731949
9489	0.822752671
9491	-0.61485661
9493	0.465974465
9495	0.717135243
9503	-0.047561782
9507	-0.332746427
9508	0.013987458
9516	-0.03124068
9517	0.168416695
9519	-0.167501525
9520	0.310340121
9522	0.553283914
9524	1.089730161
9526	-0.115804545
9529	-0.365737598
9530	-0.66341962
9531	-1.326190122
9532	-0.747659262
9533	-3.608809243
9537	0.596514786
9538	0.693896872
9539	-1.084716959
9540	-0.42558297
9543	0.602423471
9550	0.0339749
9552	0.333650168
9558	0.423747198
9561	0.873328197
9562	0.406664318
9565	-0.481271198
9569	-0.355366287
9573	0.127755547
9574	0.381260487
9575	3.303050085
9580	-0.399124728
9582	-0.936879914
9586	0.016928819
9588	0.062414299
9591	-0.942801774
9595	-1.669026766
9599	-1.095440899
9601	0.063800511
9602	-0.499287895
9604	-0.352368043
9606	-0.148214004
9608	-0.696905017
9609	-0.054387406
9612	0.231677699
9618	4.343407822
9619	-0.434258341
9620	1.269671858
9621	-0.284536943
9622	-0.668271437
9623	-0.358894421
9624	-0.137181769
9628	-0.824130635
9630	1.256040159
9631	-0.397831184
9632	-0.053081725
9633	-4.232660757
9634	0.809683728
9636	-0.971506084
9639	7.426264755
9640	0.393207251
9644	-0.628569944
9645	3.081917562
9648	-1.394230389
9649	-0.272737404
9655	-0.011541622
9656	1.925822412
9657	-0.34930818
9660	
9662	-0.099966908
9664	3.935459748
9668	0.310340121
9670	-0.250543462
9673	-0.496675968
9675	
9681	-0.402815905
9682	0.528114407
9687	0.392537363
9690	-0.017312548
9694	-0.619139616
9695	-0.493793849
9697	-1.234295648
9700	-0.271483596
9707	0.691524993
9709	0.620772577
9713	-0.577137695
9714	-1.215267987
9715	1.86270769
9716	0.006168009
9718	3.171527106
9727	1.051357477
9730	0.045247559
9733	0.205694847
9737	-0.122212894
9739	0.550506776
9740	0.758466041
9741	-1.096502168
9742	-0.096796526
9748	-0.983363072
9749	-1.568495886
9753	-1.307503511
9758	-0.202714937
9762	-0.176807522
9764	-0.670031073
9765	-0.694750646
9773	-1.490986353
9775	
9777	-1.414151486
9778	0.098759126
9780	0.141554144
9782	0.115382927
9783	-0.497757629
9785	0.266514975
9792	0.086397204
9793	0.751337516
9797	-1.199783613
9798	0.463341364
9800	-1.5825439
9804	0.852980314
9805	0.486144765
9806	1.795778571
9810	0.355553066
9815	-0.245832095
9818	-0.143379265
9820	0.23798173
9821	0.010806755
9824	0.619205483
9831	-0.599147838
9835	-0.62356534
9836	-0.673750299
9838	0.1066908
9839	0.277840341
9843	-0.739838536
9850	0.803964333
9851	-0.268035087
9855	-0.639312597
9857	-0.659924558
9862	-0.529727992
9869	-0.363672636
9876	0.413266669
9877	0.640305535
9881	-0.122856748
9884	-0.169076607
9893	-0.374065718
9895	-0.529496224
9902	7.534497434
9906	-0.613564972
9909	-0.122105314
9910	-0.355903981
9912	-0.503387628
9923	0.124556088
9925	-0.001258347
9927	2.860466259
9929	-0.460973783
9934	-0.364203473
9936	-0.198779864
9937	-0.379718843
9941	-0.585380249
9943	-1.144389909
9945	0.4313677
9947	-0.174563896
9951	-0.150646904
9954	-0.242464199
9956	0.542318163
9963	-0.137828126
9964	0.283669252
9965	0.474343328
9967	1.210088271
9969	0.010183772
9972	0.825846875
9983	-2.075683176
9987	0.377298857
9988	-0.097847323
9991	-0.42757543
9992	0.185232254
9996	-0.04930628
10000	1.846654865
10001	-0.116126057
10007	-0.408874008
10012	5.074676686
10013	2.673556424
10014	-1.257157839
10015	-0.323680002
10017	-0.990505081
10019	-0.354078618
10024	-1.877101842
10028	0.604280678
10031	-0.506200333
10035	-0.627945671
10039	0.483041145
10040	0.349510996
10041	-1.854217344
10045	0.519506766
10046	2.436881888
10047	0.166144262
10050	-0.807992859
10056	-0.287452958
10060	0.395351001
10061	-0.675898913
10062	0.952393008
10063	0.319887508
10064	0.759497808
10068	-0.45205561
10070	0.679910905
10071	-0.55792757
10072	1.010083781
10073	-0.177396251
10075	-0.00544528
10081	-0.280285449
10083	1.568095046
10084	0.019524445
10085	2.183049921
10090	0.110122814
10091	0.321597543
10093	-0.431020952
10095	-0.874993639
10097	-0.607175924
10101	-0.567175873
10103	-0.508783996
10105	0.048964939
10109	3.459431619
10115	-0.989368448
10118	0.097455363
10120	0.05246742
10124	-0.138706271
10126	1.123360537
10130	0.529299688
10131	2.577551046
10132	0.246793765
10135	-0.059135124
10138	-0.364145418
10139	-0.550162618
10140	0.629512091
10142	-0.687676187
10144	0.060460984
10146	0.986910001
10149	-1.098697263
10152	0.814360528
10155	
10161	0.155481265
10166	-0.196812501
10175	0.788363489
10177	-0.331791418
10181	-1.205064337
10182	0.027028288
10184	-0.413830728
10187	-1.121663741
10188	-0.537045715
10190	-0.100636871
10191	-0.394614782
10193	0.035138002
10196	-0.613583179
10199	0.030573418
10202	0.237654813
10206	4.977279923
10207	0.429159731
10209	0.09295353
10212	-0.446473193
10213	0.449046391
10214	0.028078523
10218	0.232628881
10225	0.335273047
10227	0.573316964
10229	-0.024638655
10238	-0.364979793
10239	0.137777306
10240	-0.052412953
10243	-0.240267655
10244	-1.0842201
10249	1.289969985
10251	-0.306447664
10256	-0.635615106
10262	-0.684879377
10263	-0.570652174
10264	0.496346216
10265	-0.589826615
10266	0.31993067
10274	-0.191765118
10279	-0.490277586
10280	0.199029347
10284	0.721475308
10286	0.301327208
10296	0.031395196
10300	-0.897480468
10303	-0.531038096
10304	0.684916286
10308	0.568094015
10309	0.249162231
10312	-0.615795035
10315	0.098507258
10317	4.560714954
10327	0.090765464
10330	0.766440488
10331	-1.249498926
10332	-0.131102452
10334	-0.145963035
10338	-0.1462602
10343	-0.089005006
10345	-0.540027269
10348	1.295455884
10352	-0.093234807
10357	0.266706945
10360	0.017312548
10362	-0.139598073
10369	1.728697978
10370	0.137789234
10371	-0.182405404
10375	0.044612537
10376	-0.047243745
10378	0.276645796
10379	-0.632738225
10380	-0.070764688
10400	-0.720556434
10405	-0.27064759
10411	-0.59873535
10412	-0.162686175
10421	0.076504497
10423	0.054319641
10424	-0.065453061
10427	-0.392458098
10430	0.343570185
10438	-0.481447475
10440	-1.053666471
10443	1.092005522
10444	0.430165671
10445	-0.386100389
10452	0.909846939
10453	0.027674958
10455	0.408352392
10460	0.998533846
10461	0.093281471
10462	-0.101425805
10465	-0.567946524
10469	4.129283017
10471	-0.255104378
10472	0.491986488
10475	-0.648265083
10478	0.162716811
10479	-0.079903866
10480	-0.533926127
10484	0.128405732
10485	0.53754572
10486	-0.501703559
10488	0.008199741
10496	0.116779449
10497	-1.18663346
10501	0.130256386
10502	-0.059518548
10511	-0.35798281
10516	-0.871745509
10517	-0.252986128
10520	-0.446273397
10523	-1.61254576
10526	0.942873237
10529	5.031218731
10533	-0.078550648
10536	1.62005797
10537	0.18456776
10540	0.952656419
10547	-1.343698718
10551	5.741466986
10552	-0.222790242
10555	0.103287808
10556	-0.194503024
10562	0.037428407
10564	0.297066034
10566	-0.101996781
10567	-4.87774425
10568	-0.766580557
10569	
10572	-1.45779126
10573	-0.491227062
10574	0.005602706
10577	-0.761041937
10579	-0.001429119
10581	0.121213587
10584	4.529820947
10596	-1.279407548
10603	-0.692546393
10604	0.682784032
10605	-0.149364117
10608	-0.436439976
10609	0.691442141
10612	-0.23237504
10613	0.229313788
10615	0.008656196
10616	-0.434240028
10617	-0.092432675
10619	-0.147116738
10624	-0.345260599
10627	-0.732432377
10628	-0.146609835
10631	0.269799694
10634	0.122060778
10635	0.023998416
10636	-0.105305412
10639	0.516549345
10641	-0.352509702
10643	0.869381297
10647	
10654	1.800207504
10656	-0.13492958
10657	-0.434759401
10658	-6.08620719
10662	0.019991475
10664	0.954459216
10669	0.774534745
10670	0.263944911
10671	0.354405718
10672	-0.517145281
10673	-0.583599539
10674	-6.352264173
10675	-1.420233731
10678	-0.094768628
10680	-0.534052181
10681	-1.916833399
10683	1.757620778
10689	-0.208633289
10691	-0.843813663
10692	0.17776619
10693	-0.193400833
10694	0.107945333
10698	1.145275341
10702	-0.091004816
10708	0.040439444
10715	-0.190486324
10717	-0.286918948
10721	-0.393329012
10725	-0.574812382
10727	-0.441429945
10729	-0.815885848
10732	-0.38332864
10736	-0.67516031
10742	-1.390981832
10746	0.458127311
10748	2.256648946
10750	-0.00900749
10754	0.59760394
10757	-0.483783666
10758	-1.220714137
10763	0.875858775
10765	-0.529846028
10769	-0.334528132
10773	0.528167573
10777	-0.440970083
10780	-1.023458973
10783	-0.233786498
10785	0.959358016
10788	-0.183487273
10790	-0.728635714
10794	0.607128157
10795	0.586936092
10800	-0.902662999
10806	-0.15393183
10807	-0.677156199
10809	0.029826702
10811	
10815	-0.163378763
10820	
10821	-0.887693
10822	-0.539509104
10823	-0.441574637
10826	0.09683057
10831	0.196502554
10832	-0.428052082
10833	0.076253033
10835	1.009781021
10840	-0.339248276
10843	-0.736965594
10846	0.242183531
10849	-0.452236117
10851	0.323928465
10852	0.652606158
10853	-0.504680161
10854	-0.415534895
10860	0.173356971
10861	0.927328905
10862	-0.788606578
10863	-0.639463031
10864	-0.59348948
10866	0.521327266
10867	0.705231523
10874	0.128324097
10875	7.891783703
10876	1.135683598
10878	-6.09592442
10879	-0.551084491
10880	0.075868954
10884	-1.190769255
10886	0.366441733
10887	-0.313428534
10890	-0.279608304
10892	-0.446683126
10893	-5.002537723
10896	-1.277669053
10900	-0.549818671
10902	0.182060327
10906	1.962233629
10910	1.778266193
10912	
10913	0.600136295
10915	-0.096970088
10916	1.339525055
10924	-1.132392376
10928	0.147541323
10930	-0.588489012
10931	-0.74420442
10933	-0.257423264
10934	-0.410376122
10940	-0.22318949
10942	0.751179453
10950	-0.163411694
10952	0.587902577
10953	-1.800641097
10955	-0.90276271
10958	0.54221758
10968	-0.116823908
10973	-0.226301855
10981	-1.774330418
10991	-0.098622549
10992	0.025412419
10994	1.405199307
10995	0.436838327
10999	1.535345408
11003	-2.630354404
11009	-0.776077192
11014	-0.782408565
11018	0.302255716
11029	0.302005637
11030	-0.186822071
11033	-0.740882637
11034	0.56073988
11035	1.435485028
11036	0.315679947
11037	0.885357434
11043	0.373714034
11049	-0.002182595
11052	-0.811634188
11053	0.895185095
11057	-0.164638335
11062	-0.445362036
11065	0.075948853
11066	-0.003854899
11067	-1.3799208
11073	0.148344471
11077	-0.0738013
11083	-0.060720381
11085	0.086467215
11090	-0.274370528
11091	0.286582101
11093	-0.391076822
11098	-1.406168616
11099	-0.696989118
11102	0.026717338
11103	-0.822035353
11106	0.587962313
11109	0.434192452
11111	-0.325986311
11113	1.90603074
11114	0.118539615
11119	-0.126610109
11120	1.298658316
11121	-2.25039758
11122	0.559294435
11127	-0.657510583
11128	0.045653734
11130	-0.592710613
11131	0.624777963
11138	-0.123480143
11139	0.831877241
11140	-0.152410002
11141	-0.372466116
11146	-0.159599771
11155	0.173723712
11158	-0.407458596
11164	2.426922468
11167	0.351517762
11173	-0.555020185
11184	-0.807354922
11186	-1.019181413
11191	-0.725480124
11194	-0.23627201
11202	-0.684022173
11205	0.247862223
11206	0.414530846
11209	0.551904212
11213	-0.359823039
11214	-0.042341852
11218	0.084372635
11222	0.254214705
11225	1.211809082
11226	0.217077115
11231	-0.840637724
11232	-0.814412508
11234	0.614497399
11237	0.141203693
11238	1.225224012
11241	-0.605659445
11242	0.841795567
11248	-0.967013092
11249	-0.556948125
11252	-0.592418306
11254	-0.870053827
11256	-0.798041171
11259	-0.141721143
11260	1.480103031
11263	-1.002669187
11265	1.348895142
11268	0.071553261
11279	-0.014797002
11285	0.001692311
11288	-0.005628206
11296	-0.540769861
11299	-1.097765767
11301	-1.191340607
11314	-1.25352732
11321	0.082777676
11322	-0.460519123
11323	-0.597860728
11324	2.397802962
11326	1.08021241
11333	-0.405967085
11338	-1.409141721
11341	-0.114306328
11346	-1.194446397
11347	0.611106474
11351	0.573503877
11353	-0.764790855
11358	5.270528942
11359	-0.690648571
11364	-0.852042119
11365	0.171987468
11367	0.06667104
11368	5.482202926
11371	1.015672158
11372	0.173134558
11375	0.886196767
11376	-0.91938154
11377	0.338801913
11378	0.5837476
11390	-0.443554523
11400	0.298060027
11402	0.182900329
11403	0.397204206
11405	0.218286178
11412	-0.108123169
11414	-0.113054341
11415	-0.535133777
11420	-0.655519789
11424	0.761734668
11427	-3.711494907
11428	-0.503471003
11429	-0.260437294
11435	0.008294779
11445	
11446	0.507231197
11450	1.880634916
11454	-0.741130312
11466	
11468	1.876283258
11470	-0.008381694
11473	-0.311761599
11474	0.085925242
11480	-0.82303804
11484	0.1740294
11486	0.194079026
11487	0.467504919
11489	1.317915032
11490	1.604173105
11494	0.520007059
11500	-0.252131128
11502	-0.973008927
11507	-0.177297114
11508	-1.012678198
11515	0.136742695
11517	-0.800586142
11519	-0.752959117
11520	1.500534548
11525	-0.274464582
11534	0.437905872
11537	-0.183558028
11538	-0.97209052
11539	-0.478770783
11544	-0.195106595
11548	-0.794172452
11550	0.996244609
11551	1.478455742
11553	-0.373259087
11554	0.214261344
11556	-0.291516782
11559	0.707844828
11565	0.284059909
11566	0.306001854
11568	0.842565943
11572	
11575	0.035046947
11576	-0.220236463
11578	-0.16368631
11579	
11581	-0.877852891
11583	-1.004865755
11584	-0.259247642
11585	-1.042901656
11591	-0.886280316
11595	-1.094402225
11596	-0.363520158
11597	-1.078894047
11599	0.366646015
11610	-0.333797651
11611	-0.349584438
11616	-0.299699531
11617	-0.608038578
11618	-0.839714507
11621	-0.431354061
11622	1.478310875
11625	0.909515141
11636	0.127854063
11644	1.197113013
11652	-0.127225028
11659	0.086437269
11661	-0.646170056
11662	-1.172427509
11663	-0.32167519
11665	0.685665446
11666	1.280445089
11673	-0.746725634
11675	-0.357762694
11677	-5.5360529
11679	-0.953829819
11685	5.885086225
11686	0.171651746
11694	1.633713604
11695	-0.031287373
11701	-0.441598326
11706	-0.522513867
11717	-0.031836087
11721	-0.243728883
11722	-0.719263592
11724	-0.28912195
11726	-0.087142563
11728	-0.450213089
11729	0.059786722
11739	-1.589304048
11740	0.655649937
11750	-0.725427714
11751	-0.962486315
11752	-0.716778455
11754	0.275586778
11755	0.223626021
11758	-1.235050644
11764	0.048775515
11768	-0.511899039
11774	0.16460313
11777	-0.567876349
11782	-0.633942023
11783	-0.218516811
11786	-0.546658613
11788	-1.230224546
11793	-0.362688464
11794	-0.596514786
11803	0.201458148
11809	-0.551576332
11814	0.852621541
11815	0.029493941
11816	0.454274307
11818	0.353427154
11819	0.452031707
11822	0.386845572
11823	0.77422593
11824	0.726789441
11825	-1.299411727
11830	0.924848485
11835	-1.209273669
11836	-1.122736076
11838	-0.161154792
11839	-0.052352018
11840	-0.622657024
11841	-1.897845456
11844	0.37036845
11846	0.016983069
11851	-0.621012161
11854	1.53098488
11856	0.191686795
11860	0.03044487
11861	0.067375435
11862	-0.333706789
11866	-0.352505716
11867	-0.205155136
11870	-1.031934475
11874	-0.390591944
11876	-0.461122938
11877	-0.658508475
11888	
11894	0.268831913
11895	0.138343242
11896	-0.068471138
11902	1.771446594
11904	-0.262525608
11912	1.782408565
11914	-1.014381311
11918	-0.167235914
11919	-1.11311408
11920	-0.599957239
11924	-1.242549841
11929	
11934	-0.532845222
11935	-0.045962895
11939	-0.219851448
11942	-0.010492374
11944	-1.594713772
11945	0.004283116
11946	-0.926532439
11951	1.065718264
11952	-0.686646641
11953	0.254590104
11955	0.613605639
11957	1.295685192
11958	-0.241722364
11962	-0.322058355
11963	-0.070966521
11969	-0.271935223
11973	0.050763114
11981	1.527371931
11986	-0.588275235
11987	-0.352996753
11988	-0.325793034
11993	-0.248029981
11994	-0.060435854
11996	0.657287339
11999	-0.814810727
12002	0.267079618
12004	-0.538668848
12006	-1.094889669
12007	-0.534888732
12011	-0.183764681
12013	-0.789025551
12016	-0.410733697
12017	-0.690947774
12018	0.952000352
12019	-0.250902143
12025	-0.388628496
12036	-0.487646753
12064	0.28104362
12067	5.87036472
12068	-0.934565554
12075	-1.943794421
12077	0.993135459
12078	0.68400987
12087	-0.638588619
12095	-0.726088732
12096	0.28620039
12097	-0.698808633
12099	-0.857811196
12102	-0.533269267
12108	-0.681859864
12113	0.456752518
12121	0.185232254
12122	-0.301599689
12125	0.055574298
12127	-0.331340419
12128	0.087580868
12129	0.107000507
12133	
12137	-6.078951341
12141	0.520685615
12143	-0.011488011
12144	5.587488375
12146	
12148	3.786596362
12150	0.127039189
12152	-0.019824978
12158	-0.72609723
12160	-0.458419793
12167	-0.502333603
12168	0.062648796
12169	-0.446539081
12172	-0.743637028
12175	-0.113521522
12177	-0.679364725
12178	-0.429017801
12184	-0.312068072
12185	-0.188519815
12188	-0.763054823
12191	-0.399131108
12195	0.057715498
12196	-0.040965133
12202	-0.005005018
12204	0.115477217
12207	-0.043457956
12208	0.029747343
12209	0.066017173
12210	-0.471170049
12218	0.109387859
12219	-0.365174223
12223	0.106190049
12225	0.049089533
12226	0.248736023
12227	0.510747408
12231	0.166850858
12233	-1.383435502
12236	-0.592589891
12237	-0.534593547
12240	-0.26589406
12243	0.330176248
12244	-1.025919878
12245	-2.630662545
12250	-0.68667344
12253	-0.231828951
12254	-0.625742906
12256	-1.020590404
12259	-0.315543955
12262	2.201820811
12264	0.288874411
12265	-1.550039282
12269	-0.610092046
12270	-0.441795611
12273	-0.417210233
12289	-0.463555436
12291	-0.206887001
12292	0.006560698
12296	0.199869405
12309	-0.620043152
12311	-0.190430657
12312	0.459793544
12313	2.466699619
12314	1.06574736
12315	0.349704775
12316	-0.441775227
12317	0.531156057
12318	0.330824495
12326	
12329	-1.298826668
12331	-0.815321232
12332	-0.031388543
12335	-0.517683548
12336	-1.749158202
12337	-0.296113777
12344	-0.296515676
12345	-0.329052529
12349	-1.212276092
12352	3.20964543
12359	-1.47567226
12364	-0.165890514
12366	-0.145785789
12372	-0.582303154
12374	0.538825879
12381	1.24498795
12387	0.704795589
12389	-0.82694375
12391	
12393	1.207232614
12394	1.322573452
12396	-0.390663904
12413	-0.334452927
12414	0.308917037
12416	0.084990987
12419	-0.568927702
12420	-0.501880759
12421	2.817623258
12425	-0.052163854
12429	-0.592462603
12431	-0.855320247
12433	-0.213975851
12436	-0.81682335
12438	-0.468322171
12442	-0.398989558
12448	-0.338306848
12450	-0.093692429
12454	2.618321098
12457	0.179149235
12460	1.485869666
12461	0.688148978
12463	0.740206766
12466	-0.25261779
12474	0.365786037
12475	0.357212869
12482	2.403215609
12488	-0.371448231
12491	-0.602485328
12498	-0.258898631
12499	-0.35357429
12503	0.075338544
12504	-1.047887329
12509	-0.428774712
12510	0.704868161
12511	0.161144291
12513	0.323224733
12519	-0.448364218
12524	-0.746506361
12526	-0.093196605
12527	-0.379472139
12528	-0.056886091
12531	-0.42341751
12532	-0.663636815
12542	-0.05166212
12544	-0.3016557
12547	-0.697570314
12552	-0.041586837
12553	-0.318203636
12554	-0.172879528
12559	0.231963794
12566	-0.139386016
12568	-0.27611842
12569	-0.776675304
12571	0.034626343
12575	-0.187766078
12576	-0.281275792
12577	-0.401954022
12578	0.638425913
12579	-0.933237467
12580	-0.793115555
12582	-0.903733712
12583	0.284096021
12588	-0.403282001
12592	-0.020596042
12594	-0.609501177
12595	-1.089840257
12597	-0.844112352
12598	-0.22090893
12599	-2.761285273
12602	-0.125325003
12605	-0.129283017
12606	-0.010543494
12608	-0.491128769
12609	-0.012265281
12610	1.645499231
12611	0.201307127
12613	-1.194257528
12617	0.959505222
12618	-0.663509611
12619	-0.37997385
12624	0.35351074
12629	-0.158233125
12631	1.096925051
12633	0.362420956
12636	1.250878344
12639	
12646	-0.210121054
12649	0.737256724
12650	-1.125332478
12651	-1.192063229
12657	-1.13298254
12661	-0.066201531
12662	-0.301700287
12663	-0.325064769
12664	
12665	-0.103622631
12666	0.712010874
12668	-0.116602301
12670	-0.157018676
12672	4.350497247
12678	0.735815578
12679	-0.220528365
12680	-0.407990694
12687	-0.270176475
12697	0.227805918
12706	0.749900649
12707	0.156455455
12708	-0.019159578
12713	-0.453265552
12722	0.819596481
12725	-0.447794448
12726	-0.910768066
12728	0.747350638
12731	-1.335409415
12733	
12736	-0.725473411
12744	-0.550197083
12745	-3.660730008
12747	-0.456824934
12751	-0.681993184
12753	-1.318202387
12757	
12760	-0.169350337
12766	-1.670011156
12769	-0.346130022
12777	0.172200684
12780	0.06590944
12781	-0.393877937
12790	0.51927884
12792	1.688157517
12796	0.198104365
12797	0.153156788
12800	0.806594208
12803	0.183678157
12807	-0.592267301
12808	0.870918698
12809	1.50444546
12811	0.491408985
12813	1.481720203
12814	-0.480647252
12819	-1.257157839
12820	2.845399795
12823	-1.252524616
12824	-0.639996994
12827	0.40459137
12830	-0.364000615
12834	-0.150324565
12837	-1.021243155
12839	0.680102001
12840	-0.383298087
12843	-0.388612213
12844	-1.224893482
12845	-0.579013234
12848	-0.495973344
12850	-0.407967926
12854	0.57126022
12857	-0.528094522
12859	1.201520223
12872	0.418741468
12885	0.152890633
12887	0.173064709
12891	0.329052529
12892	0.118576027
12903	-0.293062541
12905	-0.507920006
12906	-0.145652478
12910	-0.438561052
12911	-1.029302136
12912	-0.344238257
12914	-0.243290845
12917	0.173491152
12922	3.063110044
12927	0.003334171
12929	-0.291214454
12931	-0.394019718
12933	-0.413317343
12939	0.171752354
12940	-0.828472894
12953	0.539803391
12954	-0.150806049
12955	1.206686016
12957	0.418534944
12959	0.534933388
12962	0.042091333
12963	0.303319693
12967	5.165911939
12968	0.554708285
12969	-0.479893471
12973	3.864127174
12978	-0.623938468
12983	0.098022341
12984	0.359387355
12985	-0.089966128
12992	-0.805508075
12993	-0.582018224
12997	-0.576095263
13000	-0.980528715
13001	0.060602101
13006	-0.664770542
13007	0.195316461
13009	-0.1902598
13010	0.043635129
13012	0.16266263
13016	-5.026800059
13017	
13019	-2.622930351
13022	-0.984837069
13023	-0.14890059
13029	0.687179109
13030	0.018859027
13032	1.251204278
13033	0.330751945
13034	5.937815169
13039	0.136896201
13041	0.753191385
13043	2.194235409
13046	0.3825415
13047	0.439261096
13058	0.029146346
13059	0.132450296
13065	0.017312548
13067	-0.667477669
13073	-0.561976963
13074	-0.201785732
13075	-0.994512971
13077	-0.876480087
13093	-2.008037319
13095	0.337581359
13099	-0.600509919
13103	0.541212652
13104	-0.263298902
13107	1.242646409
13108	0.440683006
13109	0.63756186
13114	-0.084920532
13119	0.558903839
13120	0.75460966
13121	0.017023148
13123	0.49516583
13125	0.494348578
13128	-0.086839213
13132	0.397130422
13133	-0.191243723
13134	0.604591307
13135	0.689299161
13136	-0.125103733
13139	0.439232004
13141	0.501304572
13143	-0.786442236
13151	-1.740836294
13159	-0.738651971
13165	-0.855241445
13175	0.685402402
13186	-1.442901084
13188	-1.565510138
13189	0.527979831
13191	0.885513985
13192	0.218272038
13195	0.88678939
13198	0.197639988
13205	0.630028609
13212	0.689161084
13216	0.018983103
13217	-0.322488256
13222	-0.009092646
13226	-0.522933303
13228	0.03336875
13230	-0.932173186
13232	-1.035134491
13235	-0.819347469
13240	-0.051686159
13244	-0.115578934
13245	1.301810761
13247	-0.008837363
13252	-0.3289749
13253	-0.886906221
13254	-0.285355452
13255	-0.828024259
13256	-0.397592365
13258	-0.236860745
13259	0.74857074
13262	0.594756373
13264	4.452858965
13265	-0.54227036
13269	0.650146669
13274	0.118877396
13276	0.51133116
13277	-0.186524173
13278	1.181342659
13280	2.139551352
13283	1.002317583
13285	-0.196560128
13290	0.162302403
13294	2.030728435
13296	0.129482518
13297	0.885273991
13299	0.369713509
13302	0.967951071
13304	-0.514573173
13308	1.811012789
13311	-0.566894208
13314	-0.29660258
13317	-0.354507884
13318	-1.337593414
13325	-0.788024195
13332	-0.907535952
13333	-0.637429921
13334	-0.335409415
13337	-0.002856823
13342	-0.167546882
13343	-0.257517401
13344	-0.468372767
13346	-0.271584709
13351	0.434502892
13354	0.148038281
13355	-0.050429427
13356	5.581953751
13360	1.139205819
13362	-0.978287744
13364	0.584962501
13366	-0.562313762
13367	0.511645823
13382	0.685126663
13383	2.071912765
13385	1.945634297
13386	-0.688157517
13388	0.270581215
13389	0.173424567
13392	0.618880984
13394	0.027266866
13396	0.566041639
13398	-0.902284222
13404	2.083780233
13406	0.411001986
13407	0.982275105
13408	0.254790412
13409	-0.710030015
13410	0.603020609
13411	-0.963543787
13412	-0.794681092
13414	0.547211989
13416	-1.650091312
13419	-0.684710476
13420	-1.117433414
13424	-0.053064819
13428	-0.439639473
13430	-0.111189859
13437	0.157852169
13439	1.717137385
13441	0.34075311
13448	0.929461007
13452	0.121543416
13460	0.456029837
13468	0.760642177
13476	-0.386537176
13479	-0.344578
13484	-0.437797402
13488	0.028316808
13493	0.594795131
13497	-0.398866209
13498	-0.219708337
13506	1.432959407
13507	0.741225634
13508	-0.471305719
13509	-0.761544591
13510	0.65693426
13515	0.141312815
13517	0.105330695
13519	0.795055657
13522	0.690445749
13523	0.266876472
13526	0.133658763
13527	0.10102992
13528	0.058552182
13534	0.384732828
13541	0.474818728
13543	0.542643938
13553	-1
13558	0.375717662
13559	0.26166757
13563	3.350497247
13566	-0.452599585
13568	0.339345148
13569	-1.279670407
13571	0.069053042
13575	-0.443449632
13584	0.069540933
13586	-0.214793119
13587	-0.458908998
13589	-0.199061617
13596	1.212717984
13597	1.866644141
13601	-0.536698835
13603	3.797198307
13606	-0.667596461
13610	0.418731983
13611	0.633796841
13625	-0.072620672
13627	-0.385810265
13631	-0.247846647
13632	-0.818874096
13644	0.097808741
13646	-1.11855661
13649	-0.120023597
13650	0.064788726
13653	-1.504280746
13654	-0.229411183
13657	-0.347387533
13658	-0.974076655
13662	-0.240177198
13663	-1.331567519
13665	-0.06637884
13666	0.553117064
13671	-0.05264148
13676	-0.287779872
13677	-0.54725642
13680	4.160241035
13683	-0.660250628
13684	0.687627067
13690	0.631800751
13691	0.737345201
13692	0.13982297
13693	0.887395148
13694	1.867518495
13696	0.220500362
13698	0.930598481
13700	-0.453086107
13704	0.270889389
13708	
13710	-0.657866785
13713	-0.197347132
13718	-1.050264223
13720	-0.323764753
13722	-0.772855381
13723	-0.977681621
13728	0.421735882
13734	0.368015008
13749	0.017305626
13752	0.015910519
13753	1.643461777
13755	-0.626740913
13757	-0.30822318
13760	1.066170037
13763	1.194098675
13764	0.297640528
13766	-0.389526173
13767	1.424399602
13768	1.286271874
13771	0.405374402
13774	0.97924144
13776	-0.432867752
13781	0.431977362
13782	0.489384841
13783	0.394172979
13786	0.418501355
13788	0.701918647
13789	
13790	-0.741298015
13795	-0.174221937
13797	0.211992492
13800	0.029953222
13801	-0.249547469
13805	-0.750620618
13806	-0.511084187
13808	-0.401599742
13813	1.524390694
13817	0.225660135
13822	1.074205263
13827	-0.245429957
13831	-0.312144617
13835	1.401222476
13838	-4.017921908
13839	-0.177440206
13843	0.487402972
13844	0.109711372
13846	0.333956192
13850	1.609195501
13851	0.051805388
13852	0.072597129
13855	0.17488994
13859	0.523844054
13865	0.109121722
13866	0.673717115
13869	0.673479768
13870	1.038027901
13882	0.130813067
13884	-0.381585794
13893	-1.289336277
13894	-1.298474075
13895	-0.339462353
13897	-0.272898034
13900	-0.978754821
13905	
13906	-0.247731295
13907	-0.859377134
13909	-1.17908125
13915	-0.473425999
13918	-0.625062221
13925	0.367558789
13930	0.856880649
13933	0.093035251
13939	-0.158662979
13941	1.576152122
13943	1.037670418
13944	1.351157322
13949	
13953	0.237039197
13954	0.54716647
13956	-0.288333814
13957	0.544834388
13960	0.15369654
13961	0.659486841
13963	-0.224780002
13965	-0.726246706
13968	0.363830826
13969	1.87075449
13973	-0.926605357
13977	0.828275005
13980	-0.347740903
13982	0.149072139
13986	-0.766129269
13987	-0.092630978
13988	-0.042153451
13989	-0.281243659
13991	0.288966787
13999	-1.177623213
14000	-0.017312548
14003	-0.1330552
14004	0.108415667
14011	-0.075442556
14013	0.126511666
14014	-0.600201724
14016	-1.111361109
14017	0.761276002
14018	0.216847426
14019	-0.259699147
14021	-0.369661629
14025	1.130101722
14027	1.258909892
14029	0.443194184
14034	2.33821575
14038	-0.484902306
14040	-0.095665109
14043	0.938599455
14045	0.089724934
14046	0.118858976
14048	0.123529918
14049	-0.581866587
14050	-0.759189557
14052	-0.606326703
14056	-0.385147927
14057	-0.583291748
14058	-0.510194732
14060	0.583080315
14061	-0.474695328
14063	-0.36923381
14066	-0.425155542
14069	-0.727594031
14070	-2.068394429
14074	-0.731624746
14075	-0.194198869
14077	0.389168699
14082	-0.507121898
14086	-0.673009345
14088	-0.247927513
14090	0.255887512
14094	1.332120071
14095	0.767784654
14098	-0.703542593
14100	0.153499454
14101	-0.990824465
14108	0.098722085
14111	0.460537047
14112	-0.079028246
14118	0.47337081
14122	3.716899971
14123	0.770368752
14125	5.462706751
14127	-0.19592021
14128	-1.044908357
14130	-0.217962897
14131	-0.27803023
14135	-2.108397732
14136	-0.292517005
14138	-1.036284117
14142	0.810715449
14143	-0.332942444
14144	1.031748359
14146	-0.515038483
14148	-0.55134822
14149	0.960392225
14153	-0.30282576
14154	-0.103850331
14158	-0.881835655
14159	-0.13760147
14160	-0.149161543
14168	0.499119236
14173	0.451379346
14176	0.201349147
14183	0.817251555
14185	-0.810009376
14186	-0.787680659
14196	1.301784022
14204	-0.067049202
14207	0.654165289
14208	-0.118751288
14209	0.707397185
14212	-0.540203773
14214	-0.718797843
14215	-0.434742909
14218	-0.367803274
14224	-0.654489845
14228	-0.968119534
14230	1.807966363
14233	-2.953648694
14236	-0.997406002
14241	0.264034888
14247	3.99095486
14249	0.416477171
14255	-0.171063736
14257	0.142792971
14258	0.354078618
14264	0.520149697
14267	-0.148911824
14269	
14270	0.775427233
14271	0.663079191
14272	-0.724290077
14275	2.454001823
14277	-1.656546912
14278	-0.028314282
14287	-0.087004042
14288	4.64385619
14289	6.203592714
14290	4.958842675
14294	-1.140499121
14295	-0.230903921
14299	-1.399822592
14300	0.500586634
14303	
14306	-2.937344392
14308	-0.997593502
14309	-1.056949071
14310	6.230741003
14313	-0.730547733
14315	-0.652578731
14316	-0.051883324
14317	-0.465743551
14321	0.569113133
14326	-0.066726114
14331	-0.039933627
14336	4.153805336
14343	-0.411255859
14344	0.931358334
14345	0.454097619
14347	-0.686869541
14360	-0.936193864
14368	0.468139109
14380	-0.573983303
14381	
14388	-1.236888438
14390	-1.219835206
14391	-1.226845549
14397	0.317117257
14399	0.013384941
14400	-0.333126301
14402	-1.131559704
14404	-0.923725034
14407	-0.227167843
14408	-0.223414884
14409	-0.109624491
14410	-0.716775434
14411	-0.20188575
14415	0.119635103
14420	0.353163474
14422	1.412416119
14427	-0.092767169
14434	-0.85548311
14437	-0.405288205
14438	1.688863367
14442	1.179998723
14445	0.440269239
14447	-0.431900937
14449	0.049992511
14451	0.99496441
14455	-0.355443885
14464	0.744028987
14466	-0.096059006
14471	-0.500116653
14472	-0.048435192
14475	-0.29774754
14480	1.358986129
14481	-0.557392752
14483	-1.063703982
14484	-0.575281657
14489	-0.671802964
14493	0.861579606
14499	1.925999419
14502	0.690388426
14507	0.119111212
14509	0.528438896
14510	0.401822482
14517	0.442763889
14518	0.206003461
14520	1.225015504
14521	1.50828691
14522	0.039722727
14524	0.854071421
14527	3.599912842
14532	-0.009312034
14534	-0.684124854
14536	0.324318642
14539	2.747816825
14550	-0.3111812
14554	0.416745842
14555	0.211572699
14556	0.356119348
14558	-0.088408974
14560	3.632268215
14567	-0.20623971
14571	0.390744586
14579	0.742202243
14581	0.782072535
14583	-0.113076907
14587	0.679390037
14592	-0.098159511
14596	0.490937876
14598	0.153022306
14599	0.741202587
14601	0.572750311
14608	-0.426123579
14609	0.546173506
14614	-0.275937853
14629	-0.349276041
14631	-0.601069754
14634	-0.506860017
14635	0.361233632
14640	-0.914439652
14643	-1.073956968
14646	-0.610439407
14650	-0.764187063
14652	-1.037177549
14655	0.033810158
14666	-0.367304888
14667	1.090447367
14669	1.969987431
14671	0.314873337
14672	-0.194786105
14673	-0.757429697
14681	-0.14432107
14684	0.564498398
14690	0.374317739
14694	-0.248140191
14695	-0.432959407
14700	-0.250790005
14701	1.087584943
14702	0.201198631
14704	
14708	-0.650045367
14710	-0.883686818
14711	-0.126482573
14713	-0.683716014
14715	0.03312207
14719	-0.812914447
14722	-0.205347056
14724	-0.823565149
14734	-0.077033675
14735	0.020177882
14736	-0.39444823
14743	0.584678086
14744	-0.355671647
14746	0.228915477
14750	0.656640525
14752	-0.010147955
14761	0.917362851
14762	0.325437829
14765	-0.197806783
14768	-5
14769	0.922671991
14773	0.520168989
14774	-0.544117448
14777	0.05643087
14779	-0.095901679
14781	0.190102883
14782	-0.015017036
14789	0.858297252
14791	0.012881291
14792	0.127148874
14794	-0.34361651
14796	0.114223117
14798	0.814935164
14801	-1.085705956
14804	-0.916074927
14806	-1.314715226
14807	-1.408406374
14813	-1.282238617
14815	-0.458775042
14816	-1.35847387
14818	0.288167689
14826	-0.101712857
14828	0.07308235
14830	0.038202454
14835	0.578910284
14838	0.663189644
14839	-0.541091002
14842	-1.467691346
14843	0.112664945
14844	1.340139371
14845	0.441875545
14854	0.364996817
14855	0.387367011
14856	-0.1537831
14859	-0.385794299
14860	-0.513527363
14861	0.000841467
14862	-0.222963221
14864	1.574110223
14867	-0.548030836
14868	-0.100469155
14870	-0.124124494
14873	-0.02844843
14875	-0.019562266
14882	-5.725195817
14887	0.380685994
14891	-0.719363976
14894	-0.453996528
14895	1.422233001
14896	
14899	-0.731322928
14900	0.0203815
14905	0.316681471
14909	-1.162572335
14911	-0.002751923
14912	-0.202248142
14914	0.185866545
14916	1.060175515
14918	5.899659026
14936	0.006821266
14940	-0.057860187
14943	1.035672849
14948	0.227256037
14949	-1.183934053
14954	0.013070939
14958	0.020051678
14960	1.584962501
14964	-1.407400916
14967	-0.671013312
14969	-0.774143723
14970	-0.572207474
14971	-0.748731679
14972	-1.013056153
14980	-1.469983022
14984	0.547487795
14985	0.711086962
14989	1.220227837
14990	-0.097465809
14991	-0.310990863
14992	0.276973597
14993	0.265869972
14998	0.800355371
15000	0.709088458
15004	0.98094526
15005	0.779785738
15009	1.613655952
15016	0.312422433
15017	0.096844644
15019	-1.159635231
15020	-0.559827805
15033	0.043501639
15036	0.036566129
15041	-1.234630691
15050	3.378511623
15052	0.161050063
15053	-0.880284011
15055	0.001586251
15058	0.240881264
15063	-0.642483719
15065	0.007020428
15068	0.081449814
15079	0.461257122
15080	4.29530935
15081	-0.102143216
15087	0.456624336
15091	0.430180986
15092	-0.39793759
15095	1.725260094
15098	-0.640583484
15101	0.434585896
15103	0.41030269
15105	0.153397676
15110	-0.333401436
15111	0.144825111
15112	0.402294369
15115	-0.945055657
15116	0.444445265
15117	-0.643133371
15118	0.169718681
15119	-1.116221834
15121	-0.860422533
15124	-0.615597413
15128	-0.522913667
15129	-1.113648601
15130	0.863288948
15132	-0.432111013
15133	-0.486965497
15134	
15135	-1.038056226
15138	-1.16940614
15139	-1.095008732
15142	-1.932853761
15144	1.676834071
15148	2.002337611
15150	0.056094562
15153	1.017565873
15154	-0.505204549
15156	0.013723719
15163	5.711494907
15166	-1.605702013
15168	-1.006473765
15169	-0.692370799
15171	0.890082308
15173	-0.27348774
15174	0.342193188
15175	-0.156354427
15176	0.284825388
15183	0.052565466
15185	0.481368611
15187	1.216276307
15198	0.571156701
15202	6.510961919
15203	-0.730878264
15204	0.520173774
15205	0.077167861
15209	0.270089163
15210	-0.004513463
15215	0.188801046
15216	-2.658911813
15218	-1.677229526
15221	-1.020142666
15226	-0.462947484
15232	0.109772455
15237	0.138728743
15239	-0.118925696
15241	0.776543252
15242	0.62477684
15246	-0.114987388
15247	-0.634222293
15252	0.320114778
15253	
15260	0.311289574
15265	0.122936106
15267	1.382469637
15270	
15272	-0.029659974
15273	0.155149649
15277	1.20325984
15278	0.474048715
15282	0.30024128
15283	0.536273008
15285	0.214164413
15291	-0.514801429
15296	-0.695728561
15297	-0.618620071
15306	-1.296462348
15307	-0.019365325
15312	0.78364014
15317	1.687233477
15331	
15333	-0.581369236
15334	0.5720927
15335	
15337	0.58202721
15340	0.429608198
15342	1.054804437
15344	-0.103369232
15348	0.727875461
15354	0.287216397
15356	0.702500105
15366	-0.2926635
15367	-0.553819118
15371	-0.5674143
15372	-0.077103153
15374	-0.681269605
15377	-0.00293828
15378	-0.551769322
15385	0.68056453
15386	-0.634023319
15387	-0.983455853
15389	-0.383201412
15391	-0.451460908
15403	0.40812913
15404	0.317549654
15405	1.44625623
15407	0.145124916
15408	0.316714576
15413	0.113674524
15415	-0.631591406
15416	-0.159559646
15417	-0.332888458
15418	-5.703211467
15421	3.867896464
15423	0.361923566
15426	0.047433212
15429	0.338651452
15432	0.959358016
15433	0.223952935
15434	0.762571318
15443	0.978657968
15446	-3.173127433
15448	-0.936806174
15449	0.321045443
15452	-0.137985037
15455	-0.612403029
15459	-0.868263968
15460	-0.19592021
15467	-1.865890133
15471	0.373068418
15474	1.049575599
15475	0.468808756
15477	-0.167516093
15480	0.246437895
15481	-0.008494794
15488	0.589174752
15491	-0.266861185
15497	0.358955947
15498	-1.025616057
15499	
15500	
15502	-0.463036856
15503	-1.019628807
15507	0.54407367
15514	-0.416448448
15516	-0.211745177
15518	0.279349386
15523	0.750152732
15526	0.665500334
15531	0.095986606
15532	-0.499026567
15535	-0.385417988
15542	-1.292781749
15543	-1.048363022
15545	-1.256908303
15547	0.471723025
15551	-0.713398842
15554	0.520935207
15555	0.259185934
15557	-0.807354922
15559	-0.355941625
15566	-0.456514135
15569	1.429217006
15570	1.201154958
15575	1.246774082
15578	4.87774425
15579	-0.534035412
15580	-1.106284793
15581	-0.322285596
15582	-5.663913842
15583	
15586	0.05688782
15587	1.278954409
15589	0.717951216
15590	0.961409338
15591	0.114749319
15592	0.30256277
15595	1.14543044
15596	-0.221467913
15598	0.219582888
15600	0.203706545
15604	0.626456067
15605	-0.457454595
15607	0.607543422
15610	0.16610329
15612	1.016545674
15618	-1.131361773
15620	-0.52973298
15621	1.041340795
15623	-0.737175425
15624	-1.16274432
15631	-2.015675069
15638	0.152703261
15641	2.118514471
15644	1.615607818
15647	1.443248667
15648	0.355716408
15649	0.023083613
15655	0.478696137
15658	0.104035572
15660	3.64385619
15661	0.998648529
15662	-0.57143629
15663	-0.393800645
15664	-0.348047156
15665	
15667	-0.032232507
15670	0.81400277
15674	0.524608594
15675	0.741221818
15678	0.743065794
15680	-0.90906035
15685	1.002217825
15690	-0.121990524
15693	0.567073115
15697	-0.35981553
15710	-0.178092322
15713	0.045023925
15716	-0.654700156
15725	0.960953096
15726	-0.078079286
15728	0.941026052
15731	0.360008134
15735	0.772482546
15736	-0.621076903
15737	0.090422217
15741	2.456806149
15742	3.916476644
15743	-0.25890652
15744	-0.412953583
