1	-0.019
2	-0.019
3	-0.019
4	-0.093
6	-0.029
7	0.132
8	0.104
9	-0.045
10	-0.233
11	0.021
12	-0.019
13	0.005
14	-0.361
15	-0.322
16	-0.021
17	-0.040
18	-0.179
19	-0.047
20	0.175
21	-0.043
22	0.218
23	0.021
25	-0.007
26	-0.026
27	0.015
30	-0.012
31	-0.082
32	0.856
33	0.317
34	0.114
35	0.060
36	0.228
37	-0.030
38	-0.020
39	0.034
40	0.098
41	0.012
42	-0.070
43	0.019
44	-0.015
45	0.087
46	-0.003
47	-0.029
48	-0.040
49	-0.019
50	-0.055
51	0.078
52	0.136
53	0.155
55	-0.003
56	0.006
57	-0.008
58	0.002
60	0.067
61	0.130
62	0.088
63	0.071
64	0.014
65	-0.090
66	0.007
67	0.012
68	-0.006
69	0.022
70	-0.017
71	-0.689
72	-0.757
73	-0.537
74	-0.373
75	0.025
76	-0.041
77	-0.327
78	-0.159
79	-0.013
81	-0.011
82	-0.016
84	-0.168
85	-0.009
86	0.084
88	-0.050
90	0.114
91	-0.069
92	-0.092
93	-0.075
94	-0.066
95	-0.183
96	-0.032
98	-0.101
99	-0.030
101	0.090
102	0.055
103	-0.012
104	0.183
106	0.005
108	-0.020
109	0.003
110	0.017
111	-0.041
112	0.012
113	0.195
114	0.150
115	0.172
116	-0.352
117	-0.215
118	0.002
119	-0.202
120	0.618
121	0.317
122	-0.007
125	-0.111
126	-0.041
127	0.019
128	-0.098
129	0.008
130	-0.132
131	0.020
132	0.167
133	0.013
134	0.209
135	-0.009
136	0.095
137	0.002
138	0.111
140	-0.044
141	0.066
142	0.055
143	0.198
144	0.157
145	0.135
146	-0.064
147	-0.007
150	-0.035
151	0.075
152	0.028
153	-0.006
154	-0.038
155	0.014
157	0.108
158	0.012
160	-0.079
161	-0.015
162	0.001
163	-0.221
164	0.057
165	0.193
166	-0.089
167	-0.056
168	0.126
169	0.209
170	0.087
171	0.126
172	-0.042
173	0.008
174	-0.073
175	-0.037
176	-0.027
177	-0.128
178	-0.044
179	0.183
180	0.041
181	0.127
182	-0.006
183	0.001
184	0.125
185	-0.065
186	0.041
187	-0.072
188	0.017
189	-0.006
190	-0.122
191	-0.036
192	0.000
193	0.029
194	-0.063
195	0.151
196	-0.093
197	-0.004
198	-0.002
199	0.014
200	0.000
207	0.017
208	-0.058
209	-0.146
210	0.064
211	-0.023
212	-0.124
213	-0.031
214	-0.076
215	-0.071
217	-0.099
218	-0.015
219	-0.051
220	0.075
221	-0.146
222	-0.023
223	-0.103
224	-0.245
225	0.046
226	-0.006
227	-0.028
228	0.025
229	0.049
230	-0.001
231	0.042
232	-0.009
233	0.100
234	-0.006
235	0.064
236	0.005
237	-0.083
238	0.070
239	0.002
240	-0.105
241	-0.047
242	-0.108
243	-0.097
245	-0.012
246	-0.012
247	-0.123
248	0.097
249	-0.003
250	0.144
251	0.028
252	-0.040
253	-0.134
254	0.091
255	0.006
256	-0.011
257	0.018
258	0.032
259	0.011
260	0.001
261	0.009
262	0.013
263	0.011
264	0.035
265	0.021
266	0.022
267	0.030
268	0.027
270	0.087
272	-0.365
273	0.358
274	0.027
275	0.015
276	-0.001
277	-0.039
278	0.029
279	-0.103
280	-0.216
281	0.025
282	0.020
283	-0.051
284	0.067
285	0.024
286	0.097
287	0.053
288	0.072
289	0.120
290	0.047
291	-0.035
292	0.034
293	0.017
294	0.052
296	-0.075
297	0.016
298	0.119
299	0.216
300	-0.006
301	0.004
302	-0.009
303	0.022
304	-0.146
305	0.066
306	0.014
307	-0.021
308	-0.024
309	-0.030
310	0.008
311	-0.102
312	0.009
313	0.009
315	0.061
316	0.023
317	0.008
318	0.009
319	-0.015
320	0.150
321	-0.064
323	-0.086
325	0.082
326	-0.077
327	-0.075
328	-0.164
329	0.034
330	0.001
331	0.017
333	0.209
334	-0.037
335	0.040
336	0.664
337	0.547
339	0.037
340	0.007
341	0.045
342	0.007
343	0.221
344	0.027
345	0.039
346	0.000
347	0.030
348	0.138
349	-0.026
350	0.096
351	-0.045
352	-0.004
353	0.034
354	-0.064
355	-0.053
356	-0.008
357	-0.055
358	0.045
359	0.063
360	0.026
361	0.013
362	-0.018
363	-0.043
364	-0.046
365	-0.017
366	-0.072
367	0.044
368	0.015
369	-0.007
370	-0.060
371	-0.006
372	0.019
373	0.032
374	-0.007
376	-0.009
377	-0.059
379	-0.045
380	-0.035
381	-0.033
382	0.030
383	-0.068
384	-0.078
385	0.014
386	-0.053
387	-0.095
388	-0.007
389	0.083
390	-0.037
391	0.018
392	-0.024
393	-0.017
394	-0.002
395	0.064
396	0.054
397	-0.054
398	0.086
399	0.063
400	-0.027
401	0.051
402	0.015
404	0.011
405	-0.057
406	0.022
407	0.045
408	0.111
409	0.245
410	-0.266
411	0.036
412	0.050
413	0.001
414	0.105
415	0.076
416	0.027
417	-0.168
418	0.048
419	-0.396
420	0.206
421	-0.024
422	0.132
423	0.175
424	0.005
425	-0.003
426	-0.079
427	0.085
428	-0.304
429	0.045
430	0.125
431	0.003
432	0.162
433	0.057
434	0.142
435	-0.194
436	-0.017
437	-0.286
438	-0.157
439	-0.081
440	0.084
441	-0.214
442	0.056
443	-0.032
444	0.105
445	-0.086
446	-0.106
447	-0.011
448	0.087
449	-0.019
450	0.015
452	0.040
453	-0.020
454	-0.031
456	-0.143
457	-0.143
458	0.048
459	-0.224
460	-0.003
461	0.135
462	-0.064
464	-0.002
466	0.073
467	-0.108
468	-0.013
469	-0.039
470	0.173
471	0.146
472	-0.101
473	-0.416
474	-0.006
475	-0.119
476	0.018
477	-0.043
478	0.118
479	0.051
480	0.070
481	0.180
482	0.022
483	0.016
484	-0.221
485	-0.153
486	-0.119
487	0.000
488	-0.052
489	-0.032
490	-0.032
491	0.000
492	-0.157
493	0.019
494	-0.138
495	0.023
496	0.029
498	0.131
499	0.166
500	-0.007
501	-0.028
502	-0.013
503	-0.008
504	0.065
505	-0.130
506	-0.084
507	0.019
508	-0.002
509	-0.005
510	-0.115
511	0.007
512	-0.046
513	-0.198
514	0.067
515	-0.088
516	0.105
517	-0.008
518	-0.002
519	0.100
520	0.078
521	0.022
522	0.017
523	0.085
524	-0.003
525	0.253
526	0.052
527	0.050
528	0.220
529	-0.047
530	-0.019
531	-0.032
532	0.093
533	0.191
534	-0.010
535	0.147
537	-0.132
538	0.330
539	-0.099
540	0.134
541	0.014
542	-0.075
543	-0.018
544	-0.077
545	0.022
546	0.185
547	-0.039
548	0.005
549	0.040
550	-0.106
551	-0.117
552	0.010
553	0.004
554	0.177
555	-0.132
556	0.209
557	0.165
558	-0.029
559	-0.083
560	-0.087
561	0.285
562	0.064
563	-0.039
564	0.078
565	0.413
566	0.010
567	-0.036
568	0.100
569	0.008
570	-0.107
571	0.075
572	-0.146
573	-0.068
574	0.184
575	0.006
576	-0.026
577	0.070
578	-0.047
579	0.006
580	0.010
581	-0.141
582	-0.029
583	0.367
584	0.225
585	0.341
586	0.400
587	0.032
588	0.288
589	0.104
590	0.324
591	0.008
592	0.159
593	0.398
594	0.687
595	0.467
596	0.631
597	0.451
598	-0.005
599	-0.005
600	-0.212
601	-0.099
602	0.045
603	0.016
604	-0.036
605	-0.016
606	-0.235
607	0.111
608	0.160
609	0.112
610	0.027
611	-0.108
612	-0.013
613	0.195
614	0.130
615	-0.056
616	-0.019
617	-0.022
618	-0.109
619	-0.022
620	-0.019
621	0.154
622	-0.007
623	0.013
624	0.016
625	0.022
626	0.156
627	0.011
628	-0.067
629	-0.021
630	0.166
631	-0.117
632	0.178
633	-0.052
634	0.081
635	-0.020
636	-0.069
637	0.050
638	-0.008
639	-0.014
640	0.132
641	-0.020
642	-0.157
643	0.069
644	-0.041
645	0.066
646	-0.066
648	-0.064
649	0.112
650	0.116
651	0.004
652	0.074
653	-0.118
654	0.026
656	0.023
658	-0.197
659	0.181
661	0.024
662	0.176
663	-0.116
667	-0.329
669	0.089
671	0.090
674	-0.397
675	-0.093
676	-0.243
677	0.011
678	-0.125
679	0.042
680	0.040
681	0.001
682	-0.062
683	-0.141
684	-0.031
685	-0.084
686	0.154
687	-0.049
688	-0.023
689	0.107
690	0.015
691	0.008
692	0.097
693	0.024
694	0.019
695	0.022
696	-0.076
697	0.032
698	0.092
699	0.089
701	-0.009
702	-0.067
703	-0.014
704	-0.055
705	0.217
706	0.080
707	0.033
708	0.103
709	0.111
710	0.084
711	0.084
712	0.072
713	-0.066
714	-0.102
715	-0.004
716	-0.024
717	-0.200
718	0.022
719	-0.009
720	-0.983
722	-0.017
723	-0.229
724	-0.262
725	-0.091
726	-0.035
727	-0.045
728	-0.018
729	-0.332
730	-0.001
731	0.016
733	-0.150
734	-0.096
735	-0.050
736	-0.048
737	0.164
738	0.017
739	0.068
740	0.250
741	0.005
742	0.096
750	-0.055
751	-0.088
752	-0.042
753	-0.188
754	-0.185
755	-0.004
756	0.049
757	-0.077
758	-0.048
759	-0.011
760	0.007
761	-0.098
763	0.018
764	0.094
765	0.017
766	0.078
767	0.004
768	-0.082
769	-0.125
772	-0.159
773	0.080
774	0.285
775	0.024
776	0.047
777	-0.201
778	0.145
779	-0.105
780	-0.084
781	-0.119
782	-0.152
783	-0.089
784	0.027
785	-0.065
786	-0.046
787	0.124
788	0.088
789	-0.239
790	-0.057
791	0.054
792	0.006
793	-0.175
794	-0.031
795	0.084
796	-0.145
797	0.222
798	0.063
799	-0.112
801	-0.099
802	0.043
803	0.092
805	0.419
806	-0.037
807	-0.048
808	-0.016
809	0.009
810	0.109
811	-0.209
812	0.238
813	-0.006
814	0.170
815	0.072
816	-0.062
817	-0.037
818	0.165
820	0.066
821	0.088
822	0.050
823	0.105
824	0.151
825	-0.052
826	-0.006
827	-0.018
828	0.013
829	0.116
830	-0.026
831	0.143
832	-0.057
833	0.017
834	0.025
835	-0.049
836	0.073
837	-0.022
838	-0.230
839	-0.137
840	0.033
841	-0.049
842	-0.078
843	0.230
844	-0.123
845	-0.080
846	-0.043
847	0.064
848	-0.047
849	0.015
850	-0.142
851	-0.017
852	0.097
853	0.194
854	0.114
855	0.164
856	-0.076
857	0.079
858	0.168
859	0.071
860	0.716
861	0.031
862	0.070
864	-0.018
865	-0.230
866	0.033
867	-0.023
868	0.065
869	-0.085
870	-0.159
871	-0.398
872	0.109
873	0.163
874	0.029
875	-0.120
876	0.020
877	-0.080
878	-0.092
879	-0.012
880	-0.078
881	-0.172
882	-0.482
884	0.095
885	0.087
886	0.091
887	-0.056
888	-0.061
890	0.022
891	0.040
892	0.003
893	-0.097
894	0.048
895	-0.040
896	-0.159
897	-0.031
898	-0.004
899	0.052
900	0.219
901	0.122
902	-0.017
903	-0.186
904	0.302
905	-0.162
906	-0.077
907	0.013
908	0.192
909	-0.158
910	0.075
911	0.209
914	-0.023
915	-0.019
916	-0.142
917	0.087
918	-0.180
919	-0.002
920	-0.061
921	-0.081
922	0.015
923	0.083
924	-0.080
925	-0.252
926	0.114
927	0.130
928	0.052
929	0.179
930	0.002
931	-0.232
932	-0.059
933	-0.006
934	0.033
935	0.000
936	-0.166
937	-0.064
940	-0.141
941	-0.062
942	0.029
943	0.001
944	0.042
945	0.435
946	0.082
947	-0.122
948	-0.031
949	0.063
950	0.004
951	-0.084
952	0.035
953	0.083
954	-0.114
955	0.039
956	0.010
957	0.135
958	-0.150
959	-0.010
960	-0.177
961	-0.013
962	-0.183
963	0.001
964	0.033
965	0.056
966	0.036
967	0.106
968	-0.013
969	0.048
970	-0.125
972	-0.254
973	0.138
974	-0.119
975	0.311
976	-0.121
977	0.006
978	0.014
979	-0.068
980	-0.004
981	-0.022
982	0.109
983	-0.019
984	-0.275
985	-0.040
986	0.210
987	0.032
988	-0.121
989	0.034
991	-0.017
992	-0.072
993	0.110
994	-0.043
995	-0.071
996	0.032
997	-0.030
998	-0.121
999	0.004
1000	-0.076
1001	0.000
1002	-0.046
1003	0.148
1004	-0.595
1005	-0.027
1006	0.186
1007	-0.039
1008	0.001
1009	-0.097
1010	0.140
1011	0.094
1012	0.065
1013	-0.053
1015	0.100
1016	0.126
1017	0.274
1018	0.242
1020	-0.165
1021	0.008
1022	-0.071
1023	0.008
1024	0.060
1025	-0.117
1026	0.004
1027	0.114
1028	-0.077
1029	-0.012
1033	0.036
1034	0.108
1035	-0.166
1036	0.100
1037	-0.040
1038	-0.101
1039	-0.106
1040	0.016
1041	-0.024
1042	0.013
1043	-0.007
1044	-0.081
1045	-0.025
1046	-0.065
1047	-0.015
1048	0.067
1049	0.217
1050	-0.071
1051	0.110
1052	0.002
1053	0.032
1054	0.002
1055	0.357
1056	-0.074
1057	-0.088
1058	0.106
1059	0.018
1060	0.002
1061	0.089
1062	0.334
1063	-0.050
1064	-0.427
1065	-0.016
1066	-0.164
1067	-0.035
1068	0.005
1069	0.031
1070	-0.057
1071	-0.016
1072	-0.126
1073	-0.396
1074	-0.207
1075	-0.384
1076	-0.094
1077	-0.057
1078	-0.104
1079	-0.001
1080	0.111
1081	-0.025
1082	0.118
1083	0.245
1085	-0.069
1086	-0.009
1087	-0.313
1088	0.293
1089	0.039
1090	0.022
1091	-0.015
1092	-0.156
1093	0.240
1094	-0.143
1095	0.097
1097	-0.047
1098	0.161
1099	0.008
1100	-0.133
1101	0.182
1102	0.452
1103	-0.003
1104	-0.166
1105	-0.014
1106	-0.086
1107	-0.073
1108	-0.026
1109	-0.138
1110	0.005
1111	0.096
1112	0.020
1113	0.057
1114	-0.244
1115	-0.070
1116	-0.083
1117	0.037
1118	0.078
1119	-0.090
1120	-0.148
1121	-0.009
1122	0.005
1123	-0.170
1124	-0.030
1125	0.017
1126	-0.008
1127	-0.077
1128	-0.297
1129	0.283
1130	-0.149
1131	-0.277
1132	-0.020
1133	-0.013
1134	-0.007
1135	-0.030
1136	-0.065
1137	-0.015
1138	-0.158
1139	0.136
1140	-0.205
1141	0.007
1142	0.092
1143	-0.217
1144	0.129
1145	-0.165
1146	-0.107
1147	-0.038
1148	0.014
1149	0.048
1150	0.118
1151	-0.006
1152	0.013
1153	-0.114
1154	-0.201
1155	-0.119
1156	-0.004
1157	0.106
1158	0.008
1159	-0.003
1161	0.054
1162	0.014
1163	0.155
1164	-0.093
1165	0.074
1166	0.050
1167	0.086
1168	-0.041
1169	0.036
1170	0.110
1171	0.026
1172	-0.009
1173	-0.094
1174	-0.110
1175	-0.041
1176	-0.229
1177	-0.045
1178	-0.139
1179	-0.011
1180	-0.026
1181	-0.044
1183	-0.068
1184	0.088
1185	0.039
1186	0.025
1187	0.093
1188	-0.167
1189	0.031
1190	-0.103
1191	0.102
1192	-0.219
1193	-0.135
1194	0.089
1195	0.049
1197	-0.357
1198	-0.008
1199	-0.234
1200	0.167
1201	0.085
1202	-0.141
1203	0.040
1204	-0.163
1205	0.118
1206	-0.154
1208	0.005
1210	0.092
1211	-0.036
1212	0.009
1213	-0.001
1214	0.024
1215	-0.037
1216	-0.001
1217	-0.062
1218	-0.003
1219	0.142
1220	-0.017
1221	-0.050
1222	-0.077
1223	-0.004
1224	0.088
1225	-0.182
1226	-0.006
1227	0.101
1228	0.158
1229	0.143
1232	-0.245
1233	0.038
1234	0.000
1235	0.010
1236	-0.097
1237	-0.030
1238	-0.012
1239	-0.013
1240	0.080
1241	-0.472
1243	-0.264
1244	0.064
1245	-0.003
1246	0.052
1247	-0.137
1248	0.063
1249	-0.004
1250	0.146
1251	-0.052
1252	0.221
1253	-0.032
1254	0.127
1255	0.101
1256	-0.005
1257	0.145
1258	-0.022
1259	0.021
1260	-0.172
1261	-0.098
1262	0.014
1263	0.019
1264	0.120
1265	-0.027
1266	-0.079
1267	0.056
1268	0.075
1269	0.013
1270	0.144
1271	-0.046
1272	0.045
1273	-0.009
1274	-0.185
1275	-0.016
1276	-0.328
1277	0.094
1278	0.046
1279	0.150
1280	-0.039
1281	0.143
1282	0.108
1283	0.075
1284	-0.173
1285	-0.097
1286	0.183
1287	0.146
1288	-0.016
1289	-0.023
1290	-0.021
1291	-0.015
1292	0.175
1293	0.021
1294	-0.139
1295	-0.036
1296	-0.129
1297	0.002
1298	0.092
1299	0.005
1300	-0.003
1301	0.001
1302	0.009
1303	-0.038
1304	0.217
1305	-0.165
1306	-0.101
1307	-0.133
1308	-0.070
1309	0.053
1310	-0.058
1311	0.316
1312	0.021
1313	-0.015
1314	0.198
1315	-0.100
1316	0.134
1317	-0.128
1318	-0.010
1319	0.196
1320	-0.106
1321	-0.072
1322	-0.117
1323	-0.103
1324	-0.173
1325	-0.107
1326	0.144
1327	-0.019
1328	0.114
1329	-0.084
1330	0.047
1331	0.021
1332	0.093
1333	-0.007
1334	-0.065
1335	0.014
1336	-0.005
1337	0.029
1338	0.018
1339	-0.082
1340	0.014
1341	-0.006
1342	-0.015
1344	-0.021
1345	0.184
1346	-0.033
1347	0.003
1348	0.143
1349	-0.016
1350	0.167
1351	-0.051
1352	-0.003
1353	0.060
1354	0.030
1355	-0.001
1356	0.120
1357	-0.015
1358	-0.027
1359	-0.021
1360	0.060
1361	0.022
1362	-0.097
1363	-0.011
1364	0.035
1365	-0.045
1366	0.011
1367	-0.031
1368	-0.095
1369	0.034
1370	0.019
1371	-0.021
1372	-0.196
1373	0.099
1374	0.086
1375	-0.035
1376	0.412
1377	0.229
1378	-0.360
1379	-0.047
1380	-0.216
1381	0.020
1382	0.031
1383	0.014
1384	0.046
1385	-0.113
1386	0.012
1387	0.022
1388	0.114
1389	0.046
1390	0.085
1391	0.010
1392	0.030
1393	0.242
1396	0.126
1397	-0.008
1398	-0.010
1399	0.062
1400	0.069
1401	0.005
1402	0.018
1403	0.023
1404	-0.005
1405	0.004
1406	0.021
1407	0.091
1408	0.112
1409	-0.028
1410	0.035
1411	0.092
1412	0.023
1413	0.183
1414	-0.070
1415	-0.389
1416	0.036
1417	0.028
1418	-0.040
1419	0.054
1420	0.150
1421	0.127
1422	-0.047
1425	0.037
1426	-0.090
1427	-0.047
1428	-0.257
1429	0.100
1430	-0.021
1431	0.025
1433	-0.042
1434	0.007
1435	0.113
1436	0.061
1437	0.035
1438	0.078
1439	0.009
1440	-0.079
1441	0.059
1442	-0.127
1443	0.024
1444	0.074
1445	-0.018
1446	-0.131
1447	0.161
1448	-0.115
1449	-0.245
1450	-0.084
1452	0.753
1453	0.112
1454	-0.076
1455	0.018
1456	0.039
1457	0.018
1458	-0.102
1459	0.003
1460	0.170
1461	-0.012
1462	0.073
1463	-0.039
1464	-0.051
1465	-0.220
1466	0.030
1467	-0.034
1468	0.043
1469	-0.013
1470	0.061
1473	-0.091
1474	-0.164
1475	0.055
1476	-0.036
1477	0.014
1478	0.015
1479	-0.006
1480	0.055
1481	0.108
1482	0.089
1483	-0.069
1484	0.079
1485	-0.070
1486	0.163
1487	-0.041
1488	-0.043
1489	-0.060
1490	-0.126
1491	0.006
1492	0.037
1493	-0.495
1495	0.232
1496	0.014
1497	0.086
1498	-0.103
1499	-0.039
1500	-0.201
1501	-0.031
1502	0.023
1503	0.006
1504	0.291
1505	0.070
1506	0.036
1507	-0.056
1508	-0.016
1509	0.072
1510	0.034
1511	-0.098
1512	-0.006
1513	0.074
1514	-0.001
1515	-0.041
1516	0.020
1517	0.139
1518	-0.005
1519	-0.051
1521	-0.074
1523	0.040
1524	0.001
1525	-0.144
1526	0.072
1527	0.024
1528	-0.013
1529	-0.006
1530	0.104
1531	0.050
1532	-0.095
1533	0.002
1534	0.023
1535	0.114
1538	0.060
1539	-0.137
1540	0.026
1541	-0.015
1542	0.196
1543	0.183
1544	-0.034
1545	-0.080
1546	-0.014
1547	-0.018
1548	0.017
1549	-0.184
1550	0.143
1551	0.070
1552	-0.022
1553	0.036
1554	-0.056
1555	0.054
1556	0.081
1557	-0.246
1558	0.016
1559	0.016
1560	-0.016
1561	-0.007
1562	-0.001
1563	-0.033
1564	-0.136
1565	-0.027
1566	-0.035
1567	0.009
1568	-0.002
1569	-0.001
1570	-0.236
1571	0.031
1572	0.105
1573	-0.014
1575	-0.156
1576	0.015
1577	0.004
1578	0.099
1579	-0.032
1580	0.052
1581	-0.003
1582	0.167
1583	-0.013
1584	-0.159
1585	-0.106
1586	-0.155
1587	0.099
1588	-0.032
1589	0.000
1590	-0.103
1591	-0.140
1592	-0.045
1593	-0.020
1594	0.017
1596	0.012
1597	0.071
1598	-0.181
1599	-0.025
1600	0.042
1601	-0.062
1602	0.027
1603	-0.042
1604	-0.005
1605	0.123
1606	-0.037
1607	0.023
1608	0.113
1609	-0.084
1610	-0.045
1612	0.059
1613	0.060
1614	-0.188
1615	-0.033
1616	-0.010
1617	-0.010
1618	0.006
1620	0.047
1621	0.120
1622	-0.112
1623	-0.092
1624	-0.061
1625	-0.001
1626	0.001
1627	0.084
1628	0.152
1629	0.055
1630	-0.049
1631	0.083
1632	-0.003
1633	-0.058
1634	0.051
1635	0.101
1636	0.165
1637	0.016
1638	0.151
1639	-0.003
1640	0.177
1641	0.196
1642	0.288
1643	0.022
1644	0.051
1645	0.010
1646	-0.265
1647	-0.170
1648	-0.045
1649	0.120
1650	-0.253
1651	0.133
1652	-0.010
1653	0.020
1654	-0.031
1655	-0.063
1656	-0.509
1657	-0.003
1658	-0.075
1659	0.015
1660	0.236
1661	-0.434
1663	0.001
1664	-0.302
1667	-0.075
1668	-0.136
1669	0.067
1670	-0.193
1671	0.155
1672	0.029
1673	-0.051
1674	0.003
1675	-0.086
1676	0.003
1677	-0.142
1678	-0.219
1679	0.130
1680	-0.146
1681	0.184
1682	-0.087
1683	0.237
1684	0.206
1685	0.125
1686	-0.076
1687	-0.546
1688	0.058
1689	-0.119
1690	-0.068
1691	-0.043
1692	-0.003
1693	-0.131
1694	0.094
1695	0.191
1696	0.046
1697	0.058
1698	0.096
1699	0.016
1700	0.002
1701	0.014
1702	0.091
1703	-0.131
1704	0.170
1705	0.238
1706	-0.095
1707	0.025
1708	-0.076
1709	-0.074
1710	-0.151
1711	0.048
1712	0.016
1713	-0.181
1714	0.068
1715	-0.111
1716	0.154
1717	0.137
1718	0.153
1720	0.042
1721	-0.069
1722	-0.055
1723	-0.297
1724	-0.159
1725	-0.074
1726	-0.070
1727	0.053
1728	0.128
1729	-0.099
1730	0.063
1731	-0.059
1732	-0.513
1733	0.020
1734	0.012
1735	0.008
1736	0.019
1737	0.015
1738	0.009
1739	-0.662
1740	-0.055
1741	-0.030
1742	0.220
1743	0.149
1744	0.025
1745	-0.037
1746	-0.009
1747	-0.004
1748	-0.011
1749	0.047
1750	0.125
1751	-0.181
1752	-0.209
1753	0.002
1754	-0.089
1755	-0.064
1756	0.061
1757	-0.016
1758	-0.041
1759	-0.083
1760	0.097
1761	0.022
1762	-0.008
1763	-0.035
1764	-0.051
1765	-0.015
1766	-0.032
1767	-0.017
1768	-0.019
1769	-0.009
1770	0.142
1771	0.066
1772	0.066
1773	-0.001
1774	0.153
1775	0.155
1776	0.010
1777	-0.302
1778	-0.186
1779	-0.087
1780	0.059
1781	-0.054
1782	0.141
1783	-0.979
1784	-0.004
1785	0.023
1786	-0.008
1787	0.015
1788	-0.074
1789	0.031
1790	0.128
1791	-0.065
1792	0.073
1793	0.016
1794	0.100
1795	-0.339
1796	0.005
1797	0.056
1798	0.083
1799	0.114
1800	-0.013
1801	-0.152
1802	-0.075
1803	-0.131
1804	0.161
1805	-0.029
1806	0.078
1807	-0.101
1808	-0.076
1809	-0.021
1810	-0.050
1811	-0.032
1812	0.055
1813	0.005
1814	-0.170
1815	0.006
1816	0.007
1817	-0.204
1818	0.045
1819	0.000
1820	-0.047
1821	-0.125
1822	-0.002
1823	-0.021
1824	-0.087
1825	0.295
1826	-0.076
1827	-0.077
1828	-0.082
1829	-0.104
1830	0.065
1831	-0.007
1832	0.134
1833	-0.101
1834	-0.148
1835	0.221
1836	-0.023
1837	-0.064
1838	0.061
1839	-0.071
1840	-0.257
1841	0.004
1842	0.183
1843	0.022
1844	-0.025
1845	-0.109
1846	-0.076
1847	0.047
1848	0.008
1849	-0.190
1850	-0.002
1851	-0.122
1852	0.052
1853	0.126
1854	-0.214
1855	0.003
1856	-0.021
1857	-0.014
1858	0.029
1859	0.018
1860	0.177
1861	0.212
1862	0.111
1863	0.008
1864	-0.187
1865	0.003
1866	-0.074
1867	0.081
1868	-0.004
1869	-0.015
1870	0.027
1871	0.031
1872	-0.031
1873	-0.047
1874	-0.027
1875	0.034
1876	0.047
1877	-0.029
1878	0.152
1879	-0.063
1880	-0.056
1881	0.013
1882	-0.032
1883	-0.355
1884	-0.078
1885	-0.070
1886	0.012
1887	-0.229
1888	0.023
1889	-0.095
1890	-0.051
1891	0.048
1892	-0.029
1893	0.159
1894	0.035
1895	-0.006
1896	-0.070
1897	0.113
1898	-0.003
1899	0.115
1900	0.157
1901	0.002
1902	0.007
1903	0.164
1904	0.040
1905	0.004
1906	-0.105
1907	0.043
1908	-0.134
1912	-0.118
1913	-0.049
1914	0.147
1915	-0.005
1916	-0.314
1917	-0.034
1918	0.001
1919	-0.146
1920	0.075
1921	-0.268
1922	-0.039
1923	0.061
1924	0.060
1925	0.029
1926	0.040
1927	0.027
1928	-0.126
1929	-0.027
1930	-0.112
1931	0.002
1932	0.015
1933	0.004
1934	0.194
1935	-0.006
1936	0.076
1937	0.165
1938	-0.055
1939	0.033
1940	0.076
1941	0.006
1942	-0.013
1943	-0.020
1944	-0.058
1945	-0.078
1946	-0.125
1947	-0.016
1948	-0.111
1949	0.077
1950	0.147
1951	-0.040
1952	0.025
1953	-0.048
1955	-0.078
1956	-0.134
1957	0.068
1958	-0.043
1959	0.068
1960	0.200
1961	0.092
1962	-0.015
1963	0.063
1964	0.235
1965	-0.039
1966	0.231
1967	-0.321
1968	0.295
1969	-0.060
1970	0.099
1971	-0.035
1972	0.039
1973	-0.114
1974	-0.088
1976	-0.112
1979	0.030
1980	0.008
1981	0.162
1982	-0.484
1983	0.028
1985	0.120
1987	0.065
1988	-0.028
1990	0.064
1991	0.010
1992	-0.066
1993	-0.022
1994	0.021
1995	0.261
1996	0.017
1997	-0.009
1998	0.047
1999	-0.059
2000	0.195
2001	-0.045
2002	0.018
2004	0.457
2006	-0.057
2007	0.067
2008	-0.013
2009	-0.059
2010	-0.028
2011	-0.127
2012	-0.022
2013	0.163
2014	0.182
2015	0.000
2016	0.059
2017	0.048
2019	-0.329
2020	-0.130
2021	-0.319
2022	-0.172
2023	-0.241
2024	-0.156
2025	-0.226
2026	-0.182
2027	0.218
2028	-0.003
2029	-0.083
2030	0.025
2031	-0.001
2032	-0.005
2033	0.005
2034	-0.016
2035	-0.019
2037	0.206
2038	0.062
2039	0.159
2040	-0.289
2041	0.046
2042	-0.085
2043	0.010
2044	-0.006
2045	0.071
2046	-0.021
2047	-0.159
2048	0.014
2049	-0.071
2050	-0.016
2051	-0.001
2052	0.011
2054	0.026
2055	0.111
2056	0.480
2057	0.015
2058	0.090
2059	0.048
2060	0.087
2061	0.143
2062	-0.152
2063	0.149
2064	0.020
2065	0.018
2066	-0.079
2068	0.332
2069	0.041
2070	0.067
2071	0.018
2072	0.096
2073	0.122
2074	-0.004
2075	0.033
2076	-0.028
2077	0.207
2078	0.146
2079	0.075
2080	-0.017
2081	0.015
2082	-0.234
2083	0.007
2084	0.114
2086	0.010
2087	0.010
2088	-0.034
2089	0.016
2090	-0.071
2091	0.209
2092	0.152
2093	-0.010
2094	-0.137
2095	-0.015
2096	-0.041
2097	-0.216
2098	-0.022
2099	-0.094
2100	0.120
2101	0.016
2102	-0.045
2103	0.093
2104	0.074
2105	0.005
2106	0.080
2107	0.006
2109	-0.042
2110	0.021
2112	-0.215
2113	-0.194
2114	-0.005
2115	0.016
2116	0.012
2117	0.000
2118	0.054
2119	-0.074
2120	-0.090
2121	0.045
2122	0.015
2123	0.101
2124	-0.018
2125	0.020
2126	0.005
2127	0.013
2128	0.029
2129	0.098
2130	-0.027
2131	0.013
2132	-0.002
2133	0.074
2134	0.039
2135	-0.012
2136	0.043
2137	0.186
2138	0.010
2139	0.015
2140	-0.013
2141	-0.081
2142	-0.044
2143	0.026
2144	-0.372
2145	0.073
2146	-0.059
2147	-0.012
2148	-0.003
2149	0.039
2150	0.103
2151	-0.067
2152	0.150
2153	-0.051
2154	-0.291
2155	0.793
2156	-0.030
2157	0.036
2158	-0.037
2159	-0.254
2160	-0.018
2161	0.014
2163	0.266
2164	0.083
2165	-0.064
2166	0.061
2167	-0.190
2168	0.044
2169	-0.027
2170	-0.002
2171	-0.038
2172	0.081
2173	0.132
2174	0.056
2175	0.094
2176	-0.023
2177	-0.001
2178	-0.059
2179	0.091
2180	-0.022
2181	0.066
2182	-0.134
2183	0.003
2184	0.003
2185	0.078
2186	0.067
2187	-0.003
2188	-0.128
2190	0.010
2191	0.013
2192	0.023
2193	0.010
2194	0.072
2195	-0.014
2196	0.006
2197	0.004
2198	0.058
2199	-0.040
2200	0.069
2201	-0.057
2202	-0.020
2203	-0.147
2204	-0.022
2205	0.069
2206	-0.240
2207	-0.004
2208	-0.114
2209	-0.110
2210	-0.011
2211	0.056
2212	0.195
2213	0.026
2214	-0.002
2215	0.164
2216	0.004
2217	-0.043
2218	0.009
2219	0.294
2220	-0.082
2221	-0.022
2222	0.120
2223	-0.004
2224	-0.016
2225	-0.047
2226	0.012
2227	-0.116
2228	-0.008
2229	0.098
2230	-0.012
2231	-0.004
2232	-0.033
2233	-0.013
2234	-0.452
2235	-0.257
2236	-0.021
2237	-0.060
2238	-0.018
2239	-0.155
2240	0.153
2241	-0.141
2242	-0.040
2243	-0.124
2244	-0.105
2245	0.002
2246	0.068
2247	-0.012
2248	-0.121
2249	-0.104
2250	0.011
2251	0.060
2253	-0.080
2254	0.112
2255	-0.088
2256	0.131
2257	-0.093
2258	-0.056
2259	-0.062
2260	-0.066
2261	0.062
2262	-0.013
2263	0.021
2264	-0.071
2265	0.086
2266	-0.192
2267	-0.032
2268	-0.045
2269	0.001
2270	-0.036
2271	0.072
2272	0.042
2273	0.027
2274	-0.078
2275	-0.058
2276	-0.053
2277	-0.037
2278	-0.014
2279	0.096
2280	-0.136
2281	-0.180
2282	-0.042
2283	-0.298
2284	-0.204
2285	-0.304
2286	-0.359
2287	0.018
2288	-0.145
2289	-0.009
2290	-0.202
2291	-0.009
2292	0.030
2293	-0.002
2294	-0.229
2295	-0.193
2296	-0.073
2297	-0.056
2298	0.036
2299	0.082
2300	0.026
2301	0.055
2302	-0.012
2303	0.142
2304	-0.090
2305	0.056
2306	0.258
2307	0.197
2308	-0.113
2309	0.112
2310	-0.288
2311	-0.225
2312	0.321
2313	0.237
2314	-0.010
2315	0.133
2316	-0.092
2320	0.070
2321	0.016
2323	-0.308
2324	0.028
2325	-0.034
2326	0.122
2327	-0.056
2328	-0.227
2329	0.026
2330	-0.020
2331	-0.056
2332	-0.169
2333	0.090
2334	-0.003
2335	-0.001
2336	0.045
2337	0.049
2338	0.017
2340	0.173
2341	-0.130
2342	-0.048
2343	-0.036
2344	-0.054
2345	-0.054
2346	0.011
2347	-0.068
2349	-0.023
2350	-0.088
2351	0.241
2352	0.245
2353	-0.107
2354	0.052
2355	0.082
2356	0.113
2357	-0.061
2358	-0.080
2360	-0.053
2361	0.000
2363	-0.026
2364	0.121
2366	-0.232
2367	0.014
2368	0.080
2369	0.043
2370	-0.013
2371	0.071
2372	-0.086
2373	0.113
2374	0.039
2375	0.026
2377	-0.212
2378	-0.036
2379	-0.083
2380	-0.107
2381	-0.101
2382	0.118
2384	-0.004
2385	0.038
2386	0.112
2387	-0.216
2388	0.029
2389	-0.115
2390	-0.033
2391	0.010
2392	0.247
2393	0.015
2394	-0.192
2395	0.006
2398	0.011
2399	0.025
2400	0.038
2405	-0.302
2406	-0.090
2407	-0.049
2408	0.034
2409	-0.035
2410	-0.136
2411	0.002
2412	0.080
2413	-0.039
2414	0.367
2415	-0.026
2416	-0.194
2417	-0.241
2418	-0.065
2419	0.137
2420	-0.049
2421	0.046
2422	-0.076
2423	0.106
2424	-0.025
2425	0.036
2426	0.024
2427	-0.038
2428	0.118
2429	0.135
2430	0.138
2432	0.145
2433	0.009
2434	0.053
2435	0.080
2436	0.125
2437	0.019
2439	0.019
2440	-0.004
2441	-0.112
2442	0.029
2443	-0.007
2445	0.030
2447	-0.050
2448	-0.021
2449	-0.040
2450	0.020
2451	-0.011
2452	-0.468
2453	0.057
2454	-0.001
2456	0.014
2457	-0.005
2459	-0.222
2460	0.003
2461	0.050
2462	0.029
2463	-0.069
2464	-0.073
2465	-0.451
2466	0.063
2467	-0.002
2468	0.000
2469	-0.093
2470	0.045
2471	0.016
2472	-0.168
2473	0.004
2474	-0.041
2475	-0.116
2476	0.194
2477	-0.001
2478	0.005
2479	0.013
2480	-0.179
2481	-0.001
2482	-0.007
2484	-0.108
2485	-0.070
2486	0.130
2487	-0.034
2488	-0.001
2489	-0.113
2490	-0.003
2491	0.102
2493	-0.073
2494	-0.152
2495	-0.015
2496	0.187
2497	0.007
2498	0.594
2501	-0.211
2502	-0.067
2503	-0.038
2504	-0.237
2505	0.080
2506	-0.001
2507	0.064
2508	0.335
2509	0.072
2510	0.069
2511	0.073
2512	0.131
2513	-0.101
2514	0.138
2515	-0.014
2516	-0.060
2517	-0.119
2518	-0.017
2519	-0.076
2521	-0.259
2522	-0.048
2524	-0.006
2525	-0.017
2526	-0.010
2527	-0.013
2528	0.028
2529	-0.094
2530	-0.140
2531	-0.024
2532	0.040
2533	0.139
2534	-0.619
2535	-0.295
2536	-0.021
2537	0.312
2538	0.001
2539	-0.026
2540	0.075
2541	-0.051
2542	0.101
2543	-0.079
2544	-0.064
2545	0.076
2546	-0.069
2548	-0.099
2549	0.222
2550	-0.092
2551	0.140
2552	-0.173
2553	-0.037
2554	0.044
2555	-0.043
2556	-0.125
2557	-0.175
2558	-0.163
2559	-0.004
2560	0.089
2561	0.000
2562	0.088
2563	0.103
2564	-0.104
2565	0.151
2566	-0.036
2567	-0.008
2568	0.044
2569	-0.016
2570	0.022
2571	-0.040
2572	0.038
2573	0.048
2574	-0.047
2575	0.114
2576	0.162
2577	0.088
2578	0.021
2579	-0.106
2580	0.077
2581	0.003
2582	0.000
2583	-0.014
2584	-0.026
2585	-0.141
2586	-0.082
2587	-0.011
2592	-0.384
2593	0.076
2594	-0.010
2595	0.116
2596	0.014
2597	0.039
2598	0.127
2599	-0.473
2600	0.264
2601	0.478
2602	-0.058
2603	-0.133
2604	0.131
2605	-0.021
2606	0.163
2607	0.175
2608	-0.058
2609	0.056
2610	-0.181
2611	-0.033
2612	0.056
2613	-0.005
2614	-0.145
2615	0.002
2616	0.028
2617	0.057
2618	0.041
2619	-0.014
2620	-0.094
2622	-0.052
2623	0.097
2624	-0.021
2626	-0.090
2628	0.066
2630	-0.067
2632	0.327
2633	0.117
2635	0.144
2636	0.020
2637	0.186
2638	0.055
2639	0.011
2640	0.257
2641	0.017
2642	-0.025
2643	0.094
2644	0.082
2645	0.257
2646	-0.045
2648	-0.077
2649	-0.035
2650	0.094
2651	-0.143
2653	-0.023
2654	0.018
2655	-0.030
2656	-0.001
2657	0.037
2658	-0.065
2659	-0.199
2660	-0.236
2661	-0.019
2662	-0.160
2663	-0.034
2664	0.020
2665	-0.278
2666	0.013
2667	-0.190
2668	-0.042
2670	-0.030
2671	-0.029
2672	-0.282
2673	-0.066
2674	0.163
2675	-0.012
2676	0.089
2677	-0.278
2678	0.143
2679	-0.362
2680	0.120
2681	-0.003
2682	0.091
2683	-0.061
2684	-0.008
2685	-0.056
2686	-0.006
2687	-0.004
2688	-0.167
2689	0.033
2690	0.115
2696	-0.114
2697	-0.025
2698	0.024
2699	0.035
2700	0.248
2701	-0.070
2702	0.074
2703	0.010
2704	0.001
2705	-0.013
2706	0.003
2707	0.090
2709	0.012
2711	-0.046
2712	0.047
2713	0.096
2714	-0.005
2715	0.101
2716	-0.113
2717	-0.084
2718	-0.027
2719	0.051
2720	-0.055
2721	-0.064
2722	0.023
2723	-0.015
2724	0.085
2725	-0.113
2726	-0.074
2727	0.120
2728	0.069
2729	-0.192
2730	0.188
2731	0.073
2732	-0.076
2733	0.112
2734	0.262
2735	0.086
2736	-0.114
2737	0.014
2738	0.052
2739	-0.070
2740	0.060
2741	-0.225
2742	-0.105
2743	-0.089
2744	0.031
2745	0.121
2746	-0.001
2747	0.040
2748	-0.006
2750	0.080
2751	0.413
2752	0.158
2753	0.150
2754	0.145
2755	-0.060
2756	0.097
2757	0.000
2758	0.016
2759	-0.095
2760	-0.040
2761	0.034
2762	-0.290
2763	-0.048
2764	-0.007
2765	-0.072
2766	0.160
2767	-0.001
2768	0.190
2769	-0.086
2770	-0.084
2771	-0.011
2772	0.095
2773	0.043
2774	0.063
2775	0.136
2776	0.011
2777	-0.005
2779	0.155
2780	0.262
2781	0.035
2782	0.022
2783	-0.036
2784	0.215
2785	-0.005
2786	0.081
2787	0.085
2788	0.148
2790	-0.127
2792	-0.041
2793	-0.006
2794	0.079
2795	-0.080
2796	-0.030
2797	-0.026
2798	0.007
2799	0.065
2800	-0.033
2801	0.026
2802	-0.034
2803	0.020
2804	-0.074
2805	-0.058
2806	-0.095
2807	-0.001
2808	0.196
2809	-0.121
2810	-0.077
2811	-0.034
2812	-0.078
2813	0.013
2818	0.713
2819	0.054
2820	-0.072
2821	-0.015
2823	-0.042
2824	0.051
2825	0.162
2826	-0.065
2827	0.067
2828	0.015
2829	-0.039
2830	-0.021
2831	-0.041
2832	-0.084
2833	0.035
2834	-0.323
2835	0.060
2836	-0.147
2837	-0.025
2838	-0.092
2839	-0.124
2840	-0.170
2841	-0.068
2842	-0.026
2843	-0.046
2844	0.020
2845	0.050
2846	-0.045
2847	-0.063
2848	-0.148
2849	0.139
2850	0.038
2852	-0.159
2853	-0.011
2854	0.076
2855	-0.020
2856	-0.047
2857	-0.029
2858	-0.124
2859	-0.047
2860	0.019
2861	0.001
2862	-0.015
2863	-0.010
2865	-0.198
2866	0.117
2867	0.010
2868	-0.037
2869	0.043
2870	0.077
2871	-0.011
2872	0.029
2873	-0.089
2874	0.009
2875	0.024
2876	0.232
2877	-0.067
2878	0.057
2879	0.002
2880	0.127
2881	-0.053
2882	-0.077
2883	-0.032
2884	0.048
2885	-0.194
2886	-0.014
2888	-0.094
2889	0.006
2890	0.019
2891	0.035
2892	0.067
2893	-0.038
2894	-0.037
2895	-0.028
2896	-0.001
2897	-0.124
2898	-0.108
2899	0.016
2900	-0.075
2901	-0.021
2902	0.071
2903	-0.088
2904	-0.205
2905	0.120
2906	-0.082
2907	0.013
2908	0.044
2909	-0.068
2910	-0.020
2912	-0.077
2913	-0.193
2914	0.041
2915	-0.007
2916	0.004
2917	0.004
2918	0.001
2919	0.106
2920	0.018
2921	0.070
2922	0.030
2923	0.000
2924	0.001
2925	-0.143
2926	0.126
2927	-0.073
2928	0.276
2929	-0.099
2930	-0.028
2931	0.091
2932	0.214
2933	-0.073
2934	-0.036
2935	0.096
2936	-0.036
2937	0.015
2938	-0.180
2939	0.202
2940	0.150
2941	0.188
2942	0.286
2943	-0.060
2944	0.088
2945	0.078
2946	-0.021
2947	-0.003
2948	-0.153
2949	0.097
2950	-0.063
2951	0.014
2952	-0.178
2953	-0.011
2954	0.342
2955	0.036
2956	0.059
2957	-0.156
2958	-0.061
2959	-0.087
2960	-0.032
2961	-0.073
2962	-0.104
2963	-0.009
2964	0.130
2965	0.196
2966	0.031
2968	-0.058
2969	0.234
2970	0.022
2971	-0.084
2972	-0.028
2973	0.083
2975	-0.030
2976	-0.272
2977	0.130
2978	-0.054
2979	-0.189
2980	0.060
2981	0.033
2982	0.018
2983	0.089
2984	-0.018
2985	0.094
2986	-0.005
2987	0.027
2988	-0.024
2989	-0.074
2990	0.248
2991	-0.043
2992	0.009
2993	-0.108
2994	0.049
2995	-0.012
2996	0.003
2997	0.009
2998	0.050
2999	-0.058
3000	0.002
3001	0.063
3002	0.062
3003	-0.095
3004	0.129
3005	-0.022
3006	0.105
3007	0.369
3008	-0.084
3009	-0.103
3010	-0.189
3011	-0.157
3012	-0.241
3013	0.105
3014	0.267
3015	0.006
3016	0.003
3017	0.081
3018	0.044
3019	-0.022
3020	0.000
3021	-0.044
3022	-0.237
3023	-0.098
3024	-0.105
3025	0.103
3026	0.248
3027	-0.029
3028	0.142
3029	-0.029
3030	0.080
3031	-0.072
3032	0.006
3033	-0.071
3034	-0.129
3035	0.004
3036	-0.001
3037	-0.150
3038	0.094
3039	-0.006
3040	0.021
3041	-0.002
3042	-0.015
3043	0.408
3044	0.018
3045	0.004
3046	0.033
3047	0.140
3048	0.261
3049	-0.072
3050	-0.078
3051	0.065
3052	0.095
3053	-0.130
3054	0.021
3055	0.004
3056	0.044
3057	-0.133
3058	-0.011
3059	-0.101
3060	0.164
3061	-0.010
3062	0.038
3063	0.035
3064	-0.054
3065	-0.119
3066	-0.091
3067	-0.196
3068	-0.137
3070	0.244
3071	-0.124
3072	0.010
3073	-0.205
3074	0.032
3075	-0.171
3077	0.048
3078	-0.044
3079	0.060
3081	-0.008
3082	0.013
3083	0.254
3084	0.005
3085	0.079
3086	0.001
3087	0.013
3088	0.004
3089	-0.022
3090	-0.016
3091	-0.072
3092	-0.044
3093	-0.134
3094	0.000
3095	0.038
3096	0.010
3097	-0.176
3098	-0.167
3099	-0.143
3100	0.012
3101	0.077
3102	0.123
3103	-0.127
3104	0.033
3105	0.069
3106	0.030
3107	-0.019
3108	-0.001
3109	0.004
3110	0.236
3111	0.049
3112	0.004
3113	0.000
3114	-0.003
3116	0.053
3117	-0.033
3119	0.010
3120	0.057
3121	0.107
3122	0.118
3124	0.023
3125	-0.001
3126	0.011
3127	-0.026
3128	-0.001
3129	-0.056
3130	-0.070
3131	0.013
3132	0.001
3133	-0.041
3134	0.008
3135	-0.005
3136	0.004
3137	0.002
3138	-0.150
3140	0.048
3141	-0.108
3142	0.090
3143	-0.044
3145	-0.068
3146	-0.042
3147	-0.230
3148	-0.127
3149	0.004
3150	-0.132
3151	0.092
3152	0.014
3153	-0.031
3154	0.032
3155	-0.065
3156	-0.029
3157	-0.022
3158	0.008
3159	-0.032
3160	0.064
3161	-0.036
3162	0.040
3163	-0.036
3164	0.004
3165	0.322
3166	-0.066
3167	0.115
3168	-0.152
3169	0.165
3170	-0.045
3172	0.647
3173	0.159
3175	-0.153
3176	-0.002
3177	0.097
3178	-0.218
3179	0.004
3180	-0.015
3181	-0.045
3183	-0.015
3184	-0.298
3185	-0.032
3186	0.060
3187	0.076
3189	-0.067
3190	0.036
3191	-0.145
3192	-0.106
3193	-0.017
3194	0.033
3195	0.010
3196	-0.122
3197	-0.075
3198	0.029
3199	-0.161
3200	0.003
3201	0.037
3202	-0.245
3203	0.011
3204	-0.086
3205	-0.079
3206	0.007
3207	-0.066
3208	0.005
3209	0.041
3210	-0.052
3211	0.012
3212	-0.296
3213	-0.447
3214	-0.013
3215	0.081
3216	0.091
3217	0.015
3218	0.014
3219	-0.125
3220	0.022
3221	-0.202
3222	-0.002
3223	-0.019
3224	-0.064
3225	-0.105
3226	0.245
3227	0.051
3228	-0.102
3229	-0.134
3230	0.171
3231	0.212
3232	-0.127
3233	-0.262
3234	0.000
3235	-0.004
3236	-0.362
3237	0.012
3238	-0.007
3239	-0.132
3240	-0.003
3241	0.009
3242	0.076
3243	-0.125
3244	-0.183
3245	0.028
3246	0.008
3247	0.000
3248	0.101
3249	0.019
3250	0.079
3251	0.014
3252	0.000
3253	-0.132
3254	-0.051
3255	0.089
3256	-0.006
3257	0.036
3258	-0.031
3259	-0.055
3260	-0.087
3261	0.066
3262	0.156
3263	-0.032
3264	-0.045
3265	0.035
3266	0.020
3267	-0.081
3268	0.028
3269	0.052
3270	-0.029
3271	-0.037
3279	0.043
3280	-0.011
3281	-0.091
3282	-0.026
3283	-0.130
3284	-0.013
3285	-0.069
3286	0.019
3287	-0.110
3288	-0.027
3289	0.002
3290	-0.076
3292	-0.008
3293	-0.088
3294	0.081
3295	0.216
3296	0.224
3297	0.167
3298	0.023
3299	0.159
3300	0.019
3301	0.102
3302	0.096
3303	0.129
3304	0.320
3305	0.009
3306	0.130
3307	0.026
3308	0.044
3310	-0.091
3313	0.171
3314	0.024
3315	0.097
3316	0.007
3317	0.054
3318	0.004
3319	0.165
3320	0.317
3321	0.232
3322	-0.010
3323	0.001
3324	0.023
3325	0.004
3326	-0.001
3327	0.007
3328	-0.018
3329	-0.002
3330	0.000
3332	-0.031
3333	0.022
3334	0.018
3335	0.008
3336	-0.168
3337	0.004
3339	0.156
3340	0.029
3341	0.208
3342	0.224
3343	-0.197
3344	0.007
3345	-0.156
3346	-0.041
3347	0.021
3348	0.168
3350	-0.075
3351	0.011
3352	0.016
3353	0.003
3354	-0.036
3355	-0.160
3356	0.023
3357	0.041
3358	0.033
3359	0.527
3360	-0.022
3361	-0.119
3362	0.115
3363	0.033
3364	-0.006
3365	-0.183
3366	0.093
3367	-0.010
3368	-0.207
3369	-0.004
3370	0.036
3371	0.006
3372	-0.014
3373	0.001
3374	0.010
3375	-0.002
3376	0.001
3377	-0.025
3378	-0.075
3379	0.068
3380	0.091
3382	-0.070
3383	0.079
3384	-0.129
3385	0.075
3386	0.011
3387	0.117
3388	-0.138
3389	-0.424
3390	0.062
3391	0.165
3392	-0.009
3393	0.006
3394	0.018
3395	0.019
3396	0.168
3397	-0.005
3398	-0.026
3399	-0.244
3400	-0.269
3401	0.010
3402	-0.097
3403	-0.043
3404	-0.186
3405	-0.213
3407	0.001
3408	0.122
3409	0.064
3410	0.037
3411	0.126
3412	-0.078
3413	-0.012
3414	0.117
3415	0.092
3416	0.002
3417	-0.311
3418	-0.012
3419	0.034
3421	0.013
3422	0.003
3423	-0.220
3424	0.113
3425	-0.039
3428	-0.104
3429	-0.084
3430	-0.105
3431	0.076
3432	-0.157
3433	0.070
3434	0.145
3435	0.005
3436	0.014
3437	0.083
3438	-0.060
3439	-0.061
3440	0.003
3441	-0.106
3442	0.049
3443	-0.086
3444	0.009
3445	0.019
3446	-0.248
3447	-0.161
3448	-0.025
3449	-0.025
3450	-0.123
3451	-0.046
3452	-0.121
3453	-0.129
3454	0.037
3455	-0.053
3456	-0.043
3457	-0.164
3458	-0.045
3459	-0.060
3460	-0.386
3461	-0.166
3462	0.025
3463	0.005
3464	-0.255
3465	-0.002
3466	-0.008
3467	-0.036
3468	0.082
3469	-0.043
3470	-0.016
3471	0.139
3472	-0.094
3473	-0.082
3474	-0.008
3475	-0.011
3476	-0.101
3477	0.100
3478	-0.047
3479	0.020
3480	-0.001
3481	-0.036
3482	-0.030
3483	0.166
3485	-0.040
3486	0.173
3487	0.011
3488	-0.007
3489	0.002
3490	0.002
3491	-0.001
3492	-0.040
3493	0.011
3494	0.003
3495	-0.410
3496	-0.218
3497	-0.096
3498	-0.304
3499	0.121
3500	0.049
3501	-0.021
3502	-0.046
3503	-0.069
3504	0.001
3505	0.021
3506	-0.103
3507	-0.007
3508	0.024
3509	-0.636
3510	-0.420
3511	-0.108
3512	0.022
3513	0.000
3514	0.030
3515	-0.035
3516	-0.008
3517	-0.885
3518	0.016
3519	-0.277
3520	0.342
3521	-0.117
3522	-0.122
3523	0.147
3524	-0.133
3525	0.050
3526	0.060
3527	-0.029
3528	-0.030
3529	-0.001
3530	-0.007
3531	-0.009
3532	0.006
3533	0.035
3534	-0.083
3535	-0.130
3536	-0.008
3537	0.056
3538	-0.009
3539	0.142
3540	-0.146
3541	-0.075
3542	-0.120
3543	-0.170
3544	-0.251
3546	0.012
3547	-0.001
3548	-0.031
3549	0.074
3550	-0.111
3551	-0.119
3552	-0.020
3553	-0.020
3554	0.003
3555	0.007
3556	-0.034
3557	0.025
3558	0.007
3559	-0.112
3560	-0.072
3562	-0.049
3564	0.013
3565	-0.115
3566	-0.129
3567	-0.002
3568	0.214
3569	0.026
3570	-0.035
3571	-0.098
3572	-0.186
3573	-0.082
3575	-0.041
3576	0.117
3577	0.039
3579	0.005
3580	0.165
3581	-0.030
3582	-0.008
3583	0.010
3584	0.033
3585	-0.037
3587	0.044
3588	-0.189
3589	-0.072
3590	0.016
3591	-0.002
3592	-0.172
3595	0.005
3599	-0.023
3600	-0.211
3601	0.100
3603	-0.041
3604	-0.015
3605	-0.012
3606	0.116
3607	-0.293
3608	-0.022
3609	-0.035
3610	-0.103
3611	0.063
3613	-0.002
3616	-0.227
3617	-0.082
3618	-0.068
3619	-0.080
3620	0.006
3621	-0.072
3622	-0.001
3623	-0.054
3624	-0.126
3625	-0.037
3626	0.025
3627	-0.055
3629	-0.238
3630	0.065
3631	0.025
3632	-0.089
3633	-0.017
3634	0.006
3635	0.025
3636	0.055
3637	0.368
3638	0.004
3639	0.297
3640	-0.033
3641	-0.011
3642	0.032
3643	0.005
3644	-0.029
3645	0.033
3646	-0.031
3648	-0.051
3649	0.064
3650	0.010
3651	-0.010
3652	0.095
3653	0.040
3655	0.028
3657	-0.026
3660	-0.718
3661	-0.480
3663	0.062
3665	-0.088
3666	0.064
3667	0.130
3668	0.038
3669	0.001
3670	-0.074
3671	-0.331
3672	0.126
3673	0.076
3674	0.205
3676	0.016
3677	0.003
3679	-0.164
3680	0.027
3681	0.011
3682	0.000
3683	0.009
3684	0.363
3685	-0.004
3686	0.028
3687	0.001
3688	0.008
3689	0.081
3691	-0.007
3692	0.048
3693	0.001
3694	-0.071
3695	0.008
3698	0.093
3699	-0.187
3700	-0.009
3701	-0.160
3702	0.189
3703	-0.013
3704	0.198
3706	0.024
3707	0.032
3708	0.006
3709	0.081
3711	0.399
3712	0.228
3713	-0.033
3714	0.008
3715	0.068
3716	-0.003
3717	0.005
3718	0.015
3719	0.029
3720	0.038
3721	0.080
3722	-0.093
3723	-0.004
3724	-0.006
3725	-0.021
3726	0.111
3727	0.140
3728	0.017
3729	-0.056
3730	-0.240
3731	0.000
3732	-0.176
3733	0.008
3734	0.146
3735	-0.014
3736	-0.228
3737	-0.228
3738	-0.173
3739	0.110
3740	-0.014
3741	-0.019
3742	0.064
3743	0.146
3744	0.101
3745	-0.022
3746	0.008
3747	-0.014
3749	0.141
3750	-0.006
3751	0.096
3752	-0.010
3753	-0.138
3754	-0.064
3755	-0.094
3762	0.025
3763	0.010
3764	-0.136
3765	0.025
3766	-0.382
3767	0.010
3769	0.117
3770	-0.007
3771	-0.289
3772	-0.273
3773	-0.276
3774	0.118
3775	0.117
3776	0.096
3778	0.076
3779	-0.015
3780	0.018
3781	-0.294
3782	-0.003
3783	0.064
3784	-0.056
3785	0.027
3786	-0.015
3787	-0.037
3788	-0.073
3789	-0.148
3790	0.015
3791	-0.018
3792	-0.004
3793	0.010
3794	-0.160
3795	-0.049
3800	0.154
3801	0.057
3802	-0.031
3803	-0.127
3804	-0.034
3805	0.022
3806	-0.021
3807	0.052
3808	0.004
3809	-0.103
3810	0.016
3811	0.210
3813	0.022
3814	-0.025
3815	0.020
3816	-0.323
3817	-0.051
3818	0.033
3819	0.378
3820	-0.048
3821	-0.021
3822	0.005
3823	-0.003
3824	0.008
3825	0.000
3826	0.062
3827	-0.066
3828	0.062
3829	0.184
3830	-0.317
3831	-0.174
3832	0.026
3833	0.003
3834	0.088
3835	-0.066
3836	-0.070
3837	0.162
3838	0.014
3839	0.028
3840	0.006
3842	-0.002
3843	0.009
3844	0.018
3845	-0.041
3846	-0.078
3847	-0.344
3848	0.009
3850	0.184
3856	-0.003
3857	-0.025
3859	-0.005
3860	0.138
3861	0.072
3862	0.026
3863	0.018
3865	0.156
3866	-0.049
3867	0.070
3868	-0.032
3869	-0.167
3870	-0.184
3871	-0.062
3872	-0.113
3873	0.334
3874	-0.168
3875	0.069
3876	-0.070
3877	0.268
3878	0.023
3879	-0.040
3882	0.054
3884	-0.231
3886	0.161
3887	0.006
3888	-0.198
3890	-0.027
3891	-0.015
3892	0.195
3894	0.041
3895	0.034
3896	0.098
3897	0.055
3898	0.215
3899	-0.045
3900	0.006
3901	0.001
3902	-0.005
3903	0.115
3904	0.014
3905	-0.121
3906	0.108
3907	-0.006
3908	-0.336
3909	-0.129
3911	0.050
3912	-0.121
3913	-0.095
3914	-0.158
3915	-0.014
3916	-0.215
3917	0.504
3918	-0.071
3919	0.011
3920	-0.021
3924	-0.326
3925	-0.145
3926	-0.109
3927	0.125
3929	-0.007
3930	0.087
3931	-0.509
3932	-0.155
3933	-0.407
3934	0.241
3935	0.018
3936	0.009
3937	-0.099
3938	0.052
3939	0.091
3940	-0.020
3941	0.487
3942	-0.558
3943	-0.012
3944	0.020
3945	-0.055
3947	0.047
3948	0.019
3949	0.060
3950	0.181
3951	-0.146
3952	-0.075
3953	0.029
3954	0.138
3955	0.104
3956	-0.491
3957	0.317
3958	1.061
3959	0.404
3960	0.487
3961	0.054
3962	0.047
3963	0.005
3964	-0.033
3965	-0.017
3966	0.058
3967	0.002
3972	0.021
3973	-0.009
3974	-0.276
3975	0.010
3980	0.054
3981	-0.130
3982	0.121
3983	0.153
3984	0.000
3985	0.187
3987	-0.181
3988	-0.053
3989	-0.053
3991	0.097
3992	0.016
3993	-0.059
3994	-0.529
3995	-0.317
3996	0.010
3997	-0.110
3998	-0.203
3999	-0.071
4000	0.070
4001	0.084
4003	0.004
4004	0.015
4005	0.097
4006	-0.041
4011	0.224
4012	-0.031
4013	-0.158
4014	-0.041
4015	-0.366
4016	-0.347
4017	-0.018
4018	0.032
4019	-0.354
4020	-0.033
4021	-0.049
4022	-0.003
4023	-0.006
4024	-0.492
4025	-0.439
4026	0.016
4027	-0.115
4028	0.020
4031	-0.034
4032	0.164
4033	-0.101
4034	-0.099
4035	-0.007
4036	0.003
4037	-0.078
4038	-0.023
4039	-0.074
4040	-0.227
4041	-0.089
4042	-0.025
4043	0.206
4044	0.019
4045	-0.176
4046	0.013
4047	-0.054
4048	0.177
4049	0.018
4050	-0.005
4051	-0.358
4052	0.019
4053	-0.079
4054	-0.251
4055	0.005
4056	-0.091
4057	-0.016
4058	0.124
4059	0.011
4060	-0.009
4061	-0.017
4062	-0.092
4063	-0.011
4064	-0.039
4065	-0.106
4066	-0.096
4067	0.002
4068	-0.006
4069	-0.093
4070	0.015
4071	0.030
4072	0.070
4073	0.096
4074	-0.020
4075	-0.123
4076	-0.112
4077	0.077
4078	-0.101
4080	-0.008
4081	0.003
4082	0.018
4083	0.016
4086	0.017
4087	0.062
4088	0.031
4090	0.022
4091	0.024
4092	0.166
4093	-0.015
4094	-0.166
4095	-0.082
4096	-0.082
4097	-0.051
4098	0.240
4099	-0.020
4100	0.119
4101	-0.027
4102	0.111
4103	-0.019
4104	0.005
4105	-0.036
4106	-0.090
4107	-0.014
4108	-0.012
4109	0.013
4110	0.107
4111	-0.283
4112	0.004
4113	-0.163
4114	-0.008
4115	0.224
4116	0.073
4117	0.015
4118	0.070
4119	0.038
4120	-0.136
4121	-0.079
4122	-0.174
4123	0.164
4124	-0.012
4125	-0.001
4126	-0.158
4127	-0.326
4128	-0.098
4129	-0.328
4130	0.001
4131	-0.048
4132	-0.009
4133	0.087
4135	-0.214
4136	0.051
4137	-0.129
4138	0.089
4139	0.131
4140	0.001
4141	-0.009
4142	-0.079
4143	-0.090
4144	-0.101
4145	0.009
4146	-0.053
4147	0.203
4148	0.088
4149	-0.109
4150	0.047
4151	-0.063
4152	0.058
4153	-0.120
4154	0.060
4155	-0.011
4156	-0.189
4157	-0.027
4158	-0.045
4159	-0.065
4160	-0.104
4161	0.006
4162	-0.002
4166	0.068
4167	-0.129
4168	0.110
4169	0.118
4170	-0.072
4171	-0.103
4172	-0.223
4173	-0.105
4174	0.036
4175	-0.014
4176	0.127
4177	0.014
4178	0.024
4179	0.037
4180	-0.001
4182	0.069
4183	-0.069
4184	0.005
4185	0.025
4186	0.063
4187	0.060
4188	-0.006
4189	-0.059
4190	0.145
4191	-0.003
4192	-0.040
4193	-0.006
4194	0.005
4195	0.021
4196	0.003
4197	0.002
4198	0.028
4199	0.016
4200	-0.030
4201	0.224
4202	-0.083
4203	0.020
4204	0.002
4205	0.016
4206	-0.287
4207	-0.110
4208	0.058
4209	-0.202
4210	-0.020
4211	-0.005
4212	-0.063
4213	-0.168
4214	-0.136
4215	0.089
4216	0.062
4217	-0.106
4218	-0.012
4219	-0.369
4220	-0.229
4221	-0.057
4222	0.019
4223	0.007
4224	0.007
4225	0.061
4226	0.079
4227	0.110
4228	0.020
4229	-0.013
4230	-0.019
4231	-0.062
4232	-0.044
4233	0.002
4234	0.083
4235	-0.133
4236	0.022
4237	0.020
4238	-0.175
4239	-0.112
4240	-0.112
4241	0.139
4242	0.063
4243	0.039
4244	0.473
4245	0.867
4246	-0.005
4247	0.012
4248	0.079
4249	0.147
4250	0.094
4251	0.072
4252	0.156
4254	0.469
4255	0.008
4256	-0.080
4257	0.073
4258	-0.087
4259	-0.023
4260	0.002
4261	0.117
4262	-0.022
4263	0.038
4264	-0.003
4265	0.021
4266	-0.005
4267	0.003
4268	0.027
4269	0.135
4271	0.011
4272	0.148
4274	0.006
4275	0.002
4276	0.005
4277	0.016
4278	0.011
4279	0.196
4280	0.024
4281	0.006
4282	0.008
4283	-0.016
4284	0.007
4285	0.029
4286	-0.145
4287	0.142
4288	-0.074
4289	-0.011
4290	0.055
4291	0.229
4292	0.069
4293	0.430
4294	-0.028
4295	-0.061
4296	0.066
4297	0.181
4298	-0.046
4299	-0.091
4300	0.006
4301	0.015
4302	0.017
4303	0.000
4305	-0.020
4306	0.081
4307	-0.242
4308	0.006
4309	-0.012
4310	0.015
4311	0.009
4312	-0.031
4313	0.046
4314	-0.010
4315	0.030
4316	-0.036
4317	0.092
4318	0.018
4319	-0.130
4320	0.149
4321	0.144
4322	-0.059
4323	0.015
4324	-0.282
4325	0.052
4326	0.220
4327	0.025
4328	0.005
4329	0.117
4330	0.059
4331	-0.009
4332	-0.026
4333	-0.102
4334	0.104
4335	-0.096
4336	0.166
4337	0.025
4338	0.015
4339	-0.005
4340	-0.113
4341	0.047
4342	0.017
4343	-0.100
4344	0.002
4345	-0.121
4346	0.074
4347	0.002
4348	-0.101
4349	-0.072
4350	-0.005
4351	0.029
4352	-0.029
4353	-0.035
4355	0.081
4356	0.131
4357	0.144
4358	0.128
4360	-0.138
4361	0.137
4362	0.605
4363	0.005
4364	0.263
4365	-0.127
4366	-0.012
4367	-0.023
4371	-0.008
4372	0.010
4373	-0.034
4374	0.053
4375	0.086
4376	-0.206
4377	0.034
4378	-0.050
4379	-0.001
4380	0.026
4381	-0.009
4382	0.028
4383	-0.177
4384	-0.035
4385	0.129
4386	-0.017
4387	0.004
4388	-0.038
4389	0.004
4390	-0.018
4391	0.107
4392	-0.019
4393	-0.016
4394	0.040
4395	-0.064
4396	-0.036
4397	0.081
4398	0.027
4399	-0.076
4400	0.185
4401	-0.076
4402	0.148
4403	-0.008
