1	0.589615759
2	-1.03097585
3	0.36940486
4	-1.178278494
5	0.528232529
6	
7	0.948111534
8	0.072269001
9	-1.178267702
10	1.405753082
11	0.370856806
12	-1.065418211
13	1.521728752
14	0.036539328
15	0.655398073
16	0.546017903
17	0.45629698
18	0.923362833
19	0.64541313
20	1.05598881
21	0.188665909
22	-1.173769246
23	
24	-2.195995972
25	-0.922254467
26	
27	2.897706515
28	0.245758796
29	-1.291487309
30	0.759968475
31	1.679981469
32	-1.978613238
33	1.648209975
34	-2.731973603
35	3.174362333
36	-1.636827522
37	-1.916403007
38	-0.819960944
39	1.996135689
40	1.934701366
41	-1.388043905
42	-3.015480304
43	2.248883857
44	1.996574796
45	2.52942041
46	3.694289045
47	-0.213841305
48	1.36237096
49	0.366171775
50	0.439977573
51	
52	0.74618482
53	3.09188812
54	3.533774837
55	0.653141848
56	-0.119744894
57	-1.491246178
58	-0.439683914
59	-1.166832231
60	
61	-2.37429034
62	0.029780777
63	-2.841768715
64	-0.766191379
65	-0.030843844
66	1.033866893
67	-3.040274962
68	-2.360031187
69	-2.634809854
70	-2.331813547
71	-1.251732654
72	-0.046196037
73	-0.441855278
74	
75	-3.83489757
76	-0.875273579
77	-0.464968028
78	-0.761019673
79	2.273542226
80	2.43590807
81	0.728010369
82	2.296706849
83	-1.639226433
84	-1.261478945
85	-0.613392153
86	-0.16509337
87	-0.365112628
88	-0.820520878
89	2.967306213
90	1.879364572
91	-1.149934664
92	0.057213011
93	0.072455725
94	-2.028188024
95	-2.594256352
96	-2.357280153
97	-1.251929405
98	0.104330934
99	2.381203111
100	1.493858781
101	-0.015185705
102	-0.437993357
103	-2.530420684
104	-0.820617861
105	-0.981948953
106	0.188018403
107	1.682968072
108	-0.014483561
109	1.226595355
110	3.694376149
111	5.11595719
112	3.423971364
113	3.809381019
114	4.360547053
115	1.739933611
116	1.873127615
117	-0.885082063
118	
119	0.551593171
120	
121	-2.420034553
122	-0.959632219
123	0.61855315
124	0.55556446
125	0.563863263
126	1.656111631
127	0.171211377
128	0.576133356
129	0.67628738
130	0.825737452
131	-1.828562534
132	-0.890484561
133	0.853663981
134	0.906033521
135	0.359529044
136	-0.433085372
137	0.937277122
138	2.532844533
139	0.433512737
140	0.693477039
141	0.057810918
142	-0.860783084
143	-1.640032453
144	2.006587517
145	-0.283810466
146	0.174691795
147	1.199553389
148	-1.93597761
149	0.99903878
150	0.186076543
151	0.7079283
152	
153	1.231790873
154	1.054131633
155	2.430034795
156	-1.915345365
157	-1.817298261
158	0.113712666
159	-0.933019858
160	-0.763736275
161	1.465833941
162	-1.373351179
163	1.703220768
164	0.857525239
165	0.361836635
166	0.664158968
167	-0.802128345
168	-0.065948042
169	0.308442053
170	1.965697148
171	2.440589537
172	1.020302254
173	0.877923902
174	-0.179773317
175	-1.994037903
176	1.774033043
177	-1.297830919
178	-0.202193599
179	-1.615661737
180	-2.001086094
181	0.775621492
182	-2.001086094
183	-3.614618178
184	1.966325772
185	1.453307955
186	4.014485528
187	1.298533154
188	-3.252627315
189	-2.773328788
190	3.419957839
191	0.931121734
192	-0.995076078
193	1.254171952
194	-1.579751863
195	-0.396175515
196	-3.097130987
197	
198	
199	-0.199145182
200	-0.508290966
201	-1.177014011
202	0.101405099
203	-2.806874911
204	-2.926426662
205	-0.474008304
206	-2.118527191
207	-1.402449573
208	2.917220682
209	-1.726143047
210	-2.117352553
211	
212	-1.753199849
213	-0.744178901
214	-0.807492747
215	-1.553219253
216	-2.086594993
217	-0.964465482
218	-2.111047988
219	-3.115596969
220	-2.911203967
221	-0.741008062
222	-2.274423435
223	1.817831513
224	0.801768342
225	0.84335369
226	4.376250079
227	0.958903854
228	-1.935029628
229	1.935392897
230	-2.151136236
231	-1.177031881
232	-0.946821796
233	-0.475837763
234	0.829026472
235	0.236985682
236	-0.353412205
237	1.248834999
238	1.367813585
239	-2.120839574
240	1.619283487
241	-1.061951442
242	-2.753555369
243	0.860817287
244	0.365825633
245	
246	-0.558508242
247	-0.321193555
248	0.014483561
249	2.316753864
250	
251	-0.182315144
252	
253	-2.337331728
254	0.304984744
255	0.778647533
256	-3.064107438
257	-1.868087067
258	-2.755269165
259	
260	-0.422613443
261	0.662391985
262	0.176163933
263	0.56663873
264	-2.02104099
265	2.41133334
266	2.491821505
267	2.459002871
268	1.210364244
269	1.300975972
270	4.084491745
271	-0.580519726
272	-0.342002951
273	-0.319130695
274	-0.415440436
275	-0.763181595
276	-0.608138349
277	2.920305029
278	2.983836837
279	1.665640112
280	1.609231037
281	1.730629129
282	2.614444035
283	2.273480979
284	0.573079918
285	0.383279326
286	1.816074508
287	1.904099823
288	1.695076713
289	
290	
291	
292	
293	
294	
295	
296	
297	
298	
299	
300	
301	
302	
303	
304	
305	
306	
307	
308	
309	
310	
311	
312	
313	-0.879954942
314	1.591945401
315	
316	-1.649376729
317	-1.140884829
318	-1.053704775
319	
320	-1.846579226
321	-2.21417931
322	-1.765959435
323	0.3959592
324	-1.086396644
325	-2.251625829
326	3.238725095
327	-1.086245689
328	-0.940109306
329	-1.220325038
330	-1.365933748
331	-0.122011158
332	
333	
334	
335	
336	
337	-2.856460101
338	0.251377331
339	1.167349996
340	-2.824298215
341	-0.574315199
342	2.237794966
343	0.430368705
344	2.298885493
345	0.21447946
346	1.222646326
347	-0.957457362
348	-2.227781278
349	0.444636182
350	0.129334932
351	0.598403033
352	0.933865004
353	-0.306648287
354	0.655979693
355	0.356482966
356	-1.512220097
357	1.334395046
358	-1.614042001
359	-0.81073674
360	-1.684239974
361	2.340704264
362	-1.800192535
363	0.715522713
364	0.333980859
365	-1.198628342
366	0.657563551
367	-0.495996558
368	-3.317940186
369	-2.706026898
370	-1.432061722
371	0.292426788
372	-1.590465051
373	2.862807251
374	1.139594216
375	2.446752613
376	2.221167389
377	-1.194596527
378	-2.59610499
379	-1.27037241
380	1.43043332
381	
382	
383	
384	
385	
386	0.64941303
387	3.02860804
388	1.31028787
389	-1.238046443
390	-1.744784778
391	0.29296094
392	0.183867191
393	-1.228129007
394	-1.330661607
395	-0.413999197
396	3.520717403
397	-0.919927026
398	-0.868237874
399	-1.339995574
400	-1.378070556
401	0.839262036
402	-1.406011045
403	-2.584856899
404	-2.615908538
405	-2.718693588
406	-2.486539658
407	0.956870517
408	0.380256061
409	-1.651934624
410	-2.042948128
411	-1.260386242
412	1.737998929
413	0.271843868
414	0.082395989
415	2.584663028
416	-0.085281372
417	1.446300654
418	-0.008833542
419	-0.954993862
420	-2.360281025
421	0.662312583
422	0.588792335
423	0.976492298
424	0.374469814
425	1.090674828
426	1.177269428
427	-2.6286262
428	-0.489720313
429	0.496401035
430	0.000426178
431	-2.48643231
432	-1.17819798
433	0.400519742
434	0.234009532
435	-1.869778874
436	-0.908524301
437	1.366948529
438	0.277610901
439	-1.996382975
440	-0.226235349
441	-0.681808647
442	0.828822642
443	-0.192975979
444	-2.884985052
445	0.179786798
446	3.58367933
447	4.270669696
448	
449	3.326836222
450	
451	-2.166067763
452	2.308031688
453	-0.385530878
454	-1.449458026
455	2.084609501
456	2.480033146
457	-0.602872007
458	-1.671588194
459	0.420001305
460	1.770261264
461	1.737535465
462	2.569242809
463	-0.520860059
464	0.32588702
465	0.418538247
466	-1.019941867
467	-1.597697218
468	2.078669274
469	0.385397855
470	1.749850474
471	0.163330036
472	1.131293899
473	-0.786596672
474	-0.298263124
475	-0.696119031
476	1.000234174
477	-0.574628963
478	-1.52125127
479	-0.307870426
480	0.599633562
481	-0.295574062
482	-0.417150677
483	-0.324395858
484	-2.287658385
485	-1.960369113
486	0.066011328
487	1.57581974
488	-0.924308794
489	0.666503909
490	0.669287065
491	1.689636896
492	-1.732776629
493	-0.467862339
494	0.213743835
495	-2.18217944
496	-0.776257965
497	-0.248856437
498	4.681113789
499	0.616590877
500	1.422124488
501	1.036402368
502	0.87749204
503	-0.742345502
504	1.271017467
505	1.160216759
506	1.808282871
507	-0.26089351
508	1.299189376
509	0.361719236
510	1.78664605
511	-2.775321383
512	1.541290286
513	1.566836781
514	-1.641485208
515	-1.217131529
516	-1.623206084
517	-0.664702261
518	-2.33744632
519	0.370601508
520	-0.581522368
521	2.72771877
522	1.197871026
523	0.232113797
524	-3.749616624
525	-2.294165034
526	1.111685428
527	2.187604663
528	-0.357431175
529	0.78378231
530	0.203150013
531	-0.654159752
532	0.33119884
533	
534	
535	-0.073467317
536	-0.377099481
537	0.670190856
538	-0.253194839
539	-1.851414905
540	-2.850487361
541	-1.269806599
542	-2.798478708
543	-1.481822096
544	-0.235934353
545	-1.753109488
546	-0.704434759
547	-2.190604526
548	-2.044689015
549	-0.808340923
550	-0.475360794
551	1.193847135
552	-2.081237171
553	-0.268294072
554	2.444664905
555	-1.528323829
556	-1.648732759
557	-2.375802907
558	0.635260652
559	0.933012866
560	0.869854083
561	0.316259398
562	2.135166263
563	-0.899513663
564	1.318742842
565	2.77717587
566	0.191557364
567	0.556373942
568	-0.742639897
569	-2.67857926
570	1.681927783
571	0.91322896
572	1.712320235
573	1.225844333
574	
575	0.135999979
576	-0.710588694
577	-0.814482242
578	-1.387048705
579	0.4482392
580	1.917509419
581	
582	-0.000426178
583	-1.494701119
584	-0.710655097
585	-0.584678824
586	2.611323514
587	-1.098676371
588	0.772641795
589	0.71241229
590	-0.472378649
591	-1.250436201
592	-2.874025293
593	-0.133563416
594	-0.068152301
595	2.516604372
596	-0.233013991
597	-1.420345504
598	-0.385231835
599	0.951836727
600	-1.682307203
601	2.384576682
602	2.234457308
603	2.432424309
604	1.214100433
605	1.204849884
606	3.979222077
607	-0.580833912
608	0.65025256
609	-0.488106107
610	-0.391099144
611	-0.774931835
612	-0.64517249
613	2.776693192
614	2.832864838
615	1.698822489
616	1.512994345
617	1.567348425
618	3.217597546
619	2.07654996
620	0.285251025
621	0.257963563
622	1.65819306
623	1.721509911
624	1.728322072
625	
626	
627	
628	
629	
630	
631	
632	
633	
634	
635	
636	
637	
638	
639	
640	
641	
642	
643	
644	
645	
646	
647	
648	
649	
650	-1.843968622
651	0.144842417
652	
653	-0.589343015
654	
655	-2.62598419
656	1.412147227
657	1.524509276
658	1.848790646
659	-0.871965049
660	-1.230691426
661	2.72771315
662	-1.679608705
663	-0.700717086
664	-0.942319038
665	
666	1.315597617
667	0.523359534
668	
669	
670	
671	
672	
673	-0.895339642
674	-1.598254176
675	-0.343771889
676	2.626509508
677	1.81554529
678	2.563856908
679	-0.893361042
680	3.437555143
681	0.423371859
682	1.461960026
683	-0.232356739
684	-1.571402937
685	1.899641983
686	0.393000083
687	-0.061789797
688	1.160524341
689	0.785366419
690	1.215771397
691	3.312136369
692	1.05637561
693	1.038218975
694	0.652056568
695	-2.323185627
696	-0.461514867
697	2.979923285
698	0.626134848
699	-1.060018844
700	-0.862739644
701	-0.626866132
702	0.826898283
703	-2.809961225
704	-2.949508417
705	-3.047871104
706	-1.946062516
707	-1.596212572
708	0.530882416
709	0.049673171
710	
711	3.374392291
712	-1.865408099
713	-1.220873554
714	-1.973239744
715	0.105456565
716	
717	0.612217335
718	0.456882022
719	
720	
721	-0.066332855
722	1.374675471
723	3.463700166
724	-1.886741069
725	-1.257800128
726	-1.413816346
727	0.260374905
728	-0.16074924
729	-1.178692717
730	-1.226853344
731	-0.370506696
732	-2.304068823
733	2.210327911
734	-1.347412287
735	0.038604258
736	0.053702727
737	0.478975233
738	1.5938818
739	-2.406849059
740	-2.395440104
741	-1.85094294
742	-2.099787302
743	-1.508550039
744	
745	
746	-3.177957781
747	-1.304932576
748	1.538222706
749	3.639071915
750	-1.258495715
751	1.148610878
752	1.113660707
753	
754	2.215892375
755	0.58383064
756	-0.491374959
757	0.555499531
758	-0.60928919
759	0.251000389
760	2.01684251
761	1.03478815
762	-0.456754856
763	-1.201700476
764	-0.179532508
765	0.050454067
766	0.271363787
767	
768	-3.079132112
769	0.510891955
770	0.693079174
771	-1.851207606
772	2.264051202
773	2.699978566
774	0.053722188
775	0.491186488
776	1.327719976
777	2.359004416
778	1.549732541
779	-2.234624841
780	0.614751606
781	3.034569863
782	
783	4.493968819
784	4.607173248
785	4.050733111
786	1.10697636
787	-2.904346935
788	-1.486883885
789	-1.199670018
790	-1.884888892
791	-2.215590591
792	-1.185281946
793	-0.743843955
794	2.681603512
795	0.931084782
796	1.816703868
797	0.458931448
798	-1.627474274
799	1.953030562
800	-2.083148204
801	-0.33318978
802	1.099869342
803	-1.07750305
804	0.006095921
805	0.287049701
806	-0.359049384
807	-0.755251918
808	-1.108623461
809	3.861613516
810	0.263274195
811	-0.221972181
812	-0.136029129
813	0.400871817
814	0.517152223
815	0.891845672
816	0.509241605
817	-0.565010617
818	3.591443866
819	
820	-1.350313643
821	-1.108099586
822	-2.005227446
823	0.111229801
824	-0.714557336
825	0.920454761
826	0.979054783
827	0.609346732
828	-2.309349515
829	-0.753818145
830	-1.23080856
831	-1.209414917
832	
833	-0.281208057
834	-0.378471872
835	1.325708753
836	0.511436341
837	-0.210944823
838	1.622860157
839	1.183488146
840	0.601493371
841	-1.655240379
842	2.275745802
843	-0.025594303
844	0.578667349
845	0.265128667
846	0.380995919
847	1.053446373
848	-0.912254985
849	0.52974075
850	0.040721625
851	-1.885843656
852	-1.394807392
853	1.419476604
854	-0.459807525
855	2.406981575
856	-1.054706284
857	0.388025046
858	-0.526529835
859	-0.852837143
860	-3.115590813
861	3.989659573
862	0.473888322
863	4.196277459
864	0.775077309
865	-0.885006837
866	0.239844214
867	-0.5087678
868	1.717557134
869	
870	
871	0.019411839
872	-0.216155255
873	-0.158705768
874	-1.084259379
875	-1.454276985
876	-2.603910292
877	-2.573890231
878	-2.364760504
879	-2.651307116
880	-2.675550728
881	-1.113569208
882	-0.422480368
883	-1.934609367
884	-2.675507585
885	0.310977133
886	0.309283237
887	-0.294832038
888	-1.943666114
889	0.937610116
890	-1.604110814
891	-2.726748754
892	-2.042211678
893	-2.675198429
894	1.572776776
895	1.618596885
896	1.223145444
897	0.063416296
898	-1.022390459
899	-1.51951229
900	0.481489403
901	1.997617675
902	-0.723482479
903	-0.006095921
904	-1.529864464
905	-1.841274831
906	1.530633205
907	-0.635600698
908	1.847188548
909	-0.2289824
910	-2.583554374
911	0.242890218
912	-1.691122191
913	-1.240063648
914	2.15527576
915	-0.683686267
916	-0.0953732
917	-0.841768816
918	2.518203131
919	-0.694130562
920	-1.419005557
921	
922	2.385878671
923	1.376284541
924	1.694686622
925	0.396706846
926	-1.014178831
927	-1.336543344
928	-1.027667005
929	-1.435189998
930	3.035454962
931	1.053412744
932	2.755328812
933	-1.778721397
934	0.286132031
935	0.553422865
936	-2.150412784
937	2.598245293
938	2.597763656
939	1.295520133
940	1.347031587
941	1.383429704
942	4.154869363
943	-0.359897408
944	-0.085848311
945	-0.20555376
946	-0.458636688
947	-0.485438522
948	-0.471299507
949	3.08024979
950	3.127761972
951	1.781535438
952	1.894568648
953	3.620773458
954	3.776695877
955	0.554374933
956	0.397099039
957	0.524660392
958	1.979913935
959	1.889266469
960	2.455908196
961	
962	
963	
964	
965	
966	0.078164423
967	
968	
969	
970	
971	
972	
973	
974	
975	
976	
977	
978	
979	
980	
981	
982	
983	
984	
985	-1.168894414
986	
987	0.84684402
988	1.455970021
989	
990	
991	-1.796001822
992	-1.710170386
993	-0.692382011
994	1.03025849
995	1.073243157
996	-2.312941473
997	-1.965700122
998	-0.138107505
999	-2.034173602
1000	-3.178647674
1001	
1002	-0.025459107
1003	0.011603656
1004	
1005	
1006	
1007	
1008	
1009	0.610269235
1010	1.969601646
1011	0.782513906
1012	1.455128777
1013	0.987242057
1014	0.465259536
1015	-1.894580423
1016	-0.116796114
1017	0.668033595
1018	-0.059795318
1019	-0.353672287
1020	0.850654637
1021	1.20419908
1022	-0.442279735
1023	-0.53425157
1024	0.382051597
1025	0.513593825
1026	1.165362574
1027	1.584171084
1028	
1029	0.060979072
1030	0.135038283
1031	-1.48976541
1032	1.342876498
1033	-2.955546769
1034	-1.54960541
1035	-0.022094826
1036	-1.142987564
1037	0.954861765
1038	3.99433772
1039	-0.874157807
1040	-2.578374126
1041	-2.532812786
1042	2.283543036
1043	-2.231343213
1044	1.118593054
1045	-0.912434142
1046	1.150513409
1047	2.450169439
1048	-1.652866739
1049	-0.491781699
1050	0.501925807
1051	
1052	-0.840893713
1053	1.426479866
1054	
1055	
1056	
1057	1.888715759
1058	1.210341966
1059	2.803723893
1060	2.669710043
1061	-0.730934271
1062	0.630020229
1063	0.640501699
1064	-0.435428605
1065	0.088077057
1066	-1.838493319
1067	0.561298304
1068	1.303545635
1069	0.090742241
1070	-3.012705183
1071	-0.650280213
1072	-1.578290558
1073	0.698705543
1074	-0.730122238
1075	-3.017479758
1076	-2.717816448
1077	-2.274389676
1078	-2.066720465
1079	-0.087036656
1080	-1.591569609
1081	-0.884629107
1082	-1.4493707
1083	-0.501374146
1084	-0.2767253
1085	1.283105042
1086	1.382168074
1087	1.036134388
1088	1.565091234
1089	0.202221982
1090	0.145851173
1091	2.01475849
1092	-2.053916353
1093	0.27278344
1094	0.856141251
1095	-0.712122653
1096	0.322164993
1097	1.069605623
1098	-0.225268924
1099	1.537599817
1100	-0.087867072
1101	-1.0042552
1102	0.813165291
1103	0.868701071
1104	-1.970818875
1105	-0.083131233
1106	0.198340405
1107	0.774223597
1108	1.592087736
1109	1.93071403
1110	0.511102222
1111	1.016219681
1112	1.898233552
1113	2.313590393
1114	1.048279723
1115	-0.482944721
1116	0.972707845
1117	3.461309077
1118	4.473312381
1119	
1120	3.703721983
1121	
1122	1.580555721
1123	-1.003682214
1124	-1.921979264
1125	0.327311867
1126	-0.075630014
1127	-0.237419021
1128	0.428818138
1129	2.225991741
1130	0.277793848
1131	-1.915523221
1132	1.339555144
1133	1.687930837
1134	0.824206685
1135	
1136	0.281758355
1137	1.252501995
1138	-1.051274964
1139	-0.513832128
1140	0.410946289
1141	1.210004273
1142	-1.026803596
1143	
1144	3.843672425
1145	1.574389772
1146	1.582992601
1147	0.108622666
1148	-0.164510809
1149	-0.330196798
1150	
1151	-0.249208804
1152	1.050231206
1153	0.099191474
1154	3.061848025
1155	
1156	-2.260629363
1157	-1.258049744
1158	-1.133114832
1159	-1.118532313
1160	-1.131685894
1161	0.520847364
1162	0.912424543
1163	1.729122721
1164	-0.717716175
1165	0.498087433
1166	0.380727364
1167	-0.125524664
1168	1.159571003
1169	0.206903845
1170	-0.459009197
1171	1.265084488
1172	0.849958715
1173	0.323615005
1174	-0.619483199
1175	
1176	-0.959762057
1177	2.144635987
1178	2.352477047
1179	-0.713566394
1180	-1.631658169
1181	-0.152738264
1182	-0.422295584
1183	1.783663874
1184	-2.310534609
1185	0.72412317
1186	-1.077600957
1187	-2.202132089
1188	-1.732645788
1189	-0.646007505
1190	-2.972974494
1191	2.267936413
1192	2.325665959
1193	0.140653039
1194	1.290524786
1195	-2.556472585
1196	
1197	2.992997211
1198	0.438510111
1199	2.792620818
1200	0.940073419
1201	-1.510572875
1202	-0.57204912
1203	-0.658195115
1204	1.165001952
1205	
1206	
1207	-0.434456156
1208	-0.639839987
1209	-1.594576239
1210	-2.70008953
1211	-2.435273282
1212	-0.790466244
1213	-1.832468196
1214	-2.431759986
1215	-2.03708367
1216	-1.079895615
1217	0.123127283
1218	-1.654316364
1219	-2.588745686
1220	-0.819250217
1221	-2.229542359
1222	-1.181059275
1223	0.111771591
1224	-1.736028522
1225	-0.694518324
1226	-2.064473209
1227	-2.27352425
1228	-2.168644619
1229	-2.154559879
1230	0.63681047
1231	0.046161497
1232	0.891517331
1233	-0.240657454
1234	1.046248656
1235	-0.637769029
1236	0
1237	-1.133371032
1238	2.031565299
1239	-0.888208712
1240	-0.038628742
1241	1.149476995
1242	0.390658364
1243	-0.65539063
1244	2.618613863
1245	-0.130107062
1246	-3.078181828
1247	-0.337664436
1248	-3.095773837
1249	-2.080608927
1250	0.280344858
1251	0.343733852
1252	-1.464468726
1253	-1.070671215
1254	-0.265793378
1255	1.125187489
1256	-0.5493459
1257	
1258	2.084797175
1259	-0.295570447
1260	-1.455994466
1261	2.23293112
1262	0.330044189
1263	-1.861689693
1264	-2.051810291
1265	-2.504297627
1266	1.204192897
1267	-0.934300717
1268	-0.570122689
1269	0.308217552
1270	-0.749729099
1271	
1272	-0.23202649
1273	2.41894118
1274	2.374103241
1275	1.054496904
1276	1.120853335
1277	1.118178587
1278	3.752913643
1279	-0.571523702
1280	-0.38425438
1281	-0.349003159
1282	-0.662873481
1283	-0.515364379
1284	-0.437433413
1285	2.855680515
1286	2.548704887
1287	1.698422447
1288	1.712752377
1289	3.030143152
1290	3.314634494
1291	0.296459404
1292	0.323758318
1293	0.334172958
1294	1.8393533
1295	1.846421032
1296	2.313023082
1297	
1298	
1299	
1300	
1301	
1302	
1303	
1304	
1305	
1306	0.470412711
1307	0.033399245
1308	
1309	
1310	
1311	
1312	
1313	
1314	
1315	
1316	
1317	
1318	
1319	
1320	
1321	
1322	-0.532201581
1323	-2.752014493
1324	-0.549625924
1325	
1326	-3.084935351
1327	-2.794437075
1328	-2.101024431
1329	-0.310772121
1330	2.314498149
1331	1.601162107
1332	0.261255665
1333	
1334	-2.051731375
1335	-2.439168493
1336	0.148263183
1337	
1338	-0.296766173
1339	
1340	
1341	
1342	
1343	
1344	
1345	0.340758418
1346	1.205497415
1347	-0.520041903
1348	1.686735751
1349	-0.217191175
1350	1.313716826
1351	-1.050236259
1352	2.022282915
1353	2.888669054
1354	3.350641384
1355	3.551564436
1356	0.781041928
1357	1.339582505
1358	0.546483665
1359	1.517703133
1360	-0.39840837
1361	0.990779756
1362	1.156013492
1363	0.876112227
1364	-1.715345516
1365	-1.515050126
1366	-1.056952505
1367	-1.014738145
1368	-0.843855341
1369	0.524417638
1370	0.052757756
1371	-0.44913617
1372	-1.934733113
1373	1.605153866
1374	3.424607176
1375	0.019680234
1376	-0.709526461
1377	-1.119979065
1378	-0.222824993
1379	-2.344468844
1380	-1.575897902
1381	-1.60547032
1382	-1.182472734
1383	0.531161381
1384	-1.754417172
1385	-1.621276121
1386	-1.362524142
1387	0.775134895
1388	-0.098447413
1389	-1.011472455
1390	-2.23859366
1391	-1.458328271
1392	3.179845143
1393	-0.053332175
1394	2.138303081
1395	1.612482001
1396	-1.007961627
1397	0.185200417
1398	-1.091371371
1399	1.203423718
1400	0.967585625
1401	
1402	0.486959512
1403	-0.147378037
1404	1.053389637
1405	-1.326735034
1406	-0.006733235
1407	-1.022279739
1408	1.437361561
1409	-0.359337982
1410	0.70959136
1411	
1412	
1413	0.877668764
1414	-0.306574258
1415	-1.182976512
1416	-0.621748912
1417	0.671333101
1418	-1.144408253
1419	-2.127022522
1420	0.12424075
1421	-0.954824396
1422	1.350787971
1423	-0.603418993
1424	1.259267733
1425	1.335615175
1426	1.002652052
1427	-0.158551337
1428	-1.106499389
1429	0.659962507
1430	1.873158801
1431	2.457756779
1432	-0.415415919
1433	-0.356301441
1434	1.388442116
1435	-0.845033846
1436	0.618447105
1437	-0.964176501
1438	0.162339406
1439	0.827818096
1440	0.197575511
1441	-2.917073789
1442	-2.845721095
1443	1.461736591
1444	
1445	-1.238209404
1446	-1.931549304
1447	0.500519237
1448	-0.909561978
1449	-0.77526925
1450	-0.157113523
1451	2.702106403
1452	1.710904737
1453	1.739246384
1454	1.151784038
1455	-0.061222993
1456	0.991354246
1457	2.59632956
1458	0.504858681
1459	2.665057204
1460	2.519244999
1461	-0.226772306
1462	2.363698091
1463	1.188002695
1464	-0.938390967
1465	-0.740874069
1466	-1.360248828
1467	0.690322527
1468	1.064375689
1469	-0.869618748
1470	-1.413296467
1471	0.841719597
1472	0.353597913
1473	0.248879051
1474	1.534739442
1475	-0.499783969
1476	0.696714693
1477	5.454822515
1478	1.807724771
1479	1.978048618
1480	0.002131044
1481	3.980286821
1482	2.002568235
1483	2.231136871
1484	-0.408768183
1485	0.480324192
1486	-1.621472195
1487	2.263934206
1488	1.57914091
1489	-0.315333213
1490	2.702590782
1491	-0.444114633
1492	0.799983999
1493	0.173987801
1494	3.783279037
1495	1.861507356
1496	0.718805975
1497	0
1498	0.395712635
1499	-1.649495735
1500	0.141553255
1501	-1.207760529
1502	0.222024482
1503	0.32825941
1504	-0.660074569
1505	-0.472666667
1506	-1.802638385
1507	-2.323628889
1508	1.64626256
1509	0.762440655
1510	0.995630802
1511	-1.251894513
1512	2.304601415
1513	-0.311573561
1514	0.177687826
1515	-0.218483678
1516	-2.233195353
1517	
1518	-0.043859039
1519	-1.409420366
1520	-1.21721405
1521	-0.786233642
1522	-1.306954291
1523	-1.097597072
1524	-2.083552806
1525	0.912504855
1526	1.650940501
1527	-0.586268028
1528	2.389218899
1529	0.519386424
1530	-0.512624979
1531	-0.376245284
1532	-2.043650835
1533	1.587301049
1534	1.510560597
1535	1.342790686
1536	
1537	
1538	-0.5505788
1539	
1540	
1541	
1542	
1543	-0.764198263
1544	-1.567649188
1545	-2.086159735
1546	-2.315628847
1547	-1.454290313
1548	0.546417582
1549	-0.302317443
1550	
1551	0.752718889
1552	2.368889063
1553	1.76259984
1554	-1.437057194
1555	-1.268408603
1556	-1.786906409
1557	0.064044118
1558	0.695533834
1559	-2.051301323
1560	-1.799591383
1561	0.818411042
1562	1.041884103
1563	1.95966359
1564	-1.821344981
1565	-0.558038631
1566	1.67951245
1567	0.019355201
1568	3.292336804
1569	4.462453409
1570	0.211736819
1571	0.558972513
1572	-0.951057015
1573	0.358073673
1574	1.880914934
1575	-2.916902277
1576	-2.915849473
1577	-0.566032866
1578	-2.003617358
1579	0.518803597
1580	-0.327090755
1581	0.61927893
1582	2.097184015
1583	0.23574047
1584	0.343819152
1585	-1.711470018
1586	-0.070790429
1587	-0.206381683
1588	-1.697818291
1589	-1.950518082
1590	-2.397080884
1591	-2.592981353
1592	
1593	-2.226613726
1594	-0.905765739
1595	
1596	-1.542596439
1597	-1.033953299
1598	
1599	0.857798328
1600	-2.156074953
1601	0.377231449
1602	-1.542438959
1603	-1.751988909
1604	-0.704578093
1605	-0.105651539
1606	-0.856588503
1607	-0.530746345
1608	-0.835182469
1609	3.522646515
1610	4.28422375
1611	-1.406924632
1612	-1.376019623
1613	-0.267936003
1614	-0.290266056
1615	3.806610143
1616	3.296764612
1617	3.702531543
1618	0.374530903
1619	0.078520734
1620	3.058635988
1621	
1622	2.545923248
1623	2.644391669
1624	2.665992593
1625	2.051252022
1626	2.229918795
1627	2.373431618
1628	2.36917531
1629	-2.427234879
1630	-2.580769605
1631	-2.504917007
1632	1.246395685
1633	
1634	
1635	
1636	
1637	
1638	
1639	
1640	
1641	
1642	
1643	
1644	
1645	
1646	
1647	
1648	
1649	
1650	
1651	
1652	
1653	
1654	
1655	
1656	
1657	-0.49610524
1658	-1.429013883
1659	
1660	
1661	-2.322831759
1662	0.095042773
1663	0.657493979
1664	1.4208594
1665	0.484295105
1666	0.372821238
1667	2.345746502
1668	-2.150981502
1669	1.046705616
1670	-1.92213993
1671	1.463601003
1672	-2.028479738
1673	
1674	-2.184609852
1675	
1676	
1677	
1678	
1679	
1680	
1681	4.382296832
1682	1.874510566
1683	0.265007055
1684	
1685	0.495585217
1686	-1.873448237
1687	-1.620372137
1688	0.064053078
1689	0.747081427
1690	0.670657721
1691	-0.539422304
1692	0.342649954
1693	1.225003006
1694	0.858555877
1695	1.849940972
1696	1.140005868
1697	1.764395112
1698	1.74669663
1699	1.003516287
1700	-1.17117296
1701	-1.109847874
1702	
1703	-1.378231339
1704	0.977030972
1705	-1.399224752
1706	-0.431495787
1707	1.697495911
1708	-1.168006898
1709	0.560594827
1710	
1711	-2.144953962
1712	-1.114628609
1713	-0.226414307
1714	-2.676159944
1715	-2.522781764
1716	2.747751811
1717	-0.505259798
1718	1.100255971
1719	-1.651986772
1720	-1.099786036
1721	-1.058748601
1722	-1.725226947
1723	1.662028026
1724	2.026010453
1725	0.931023428
1726	-0.230949462
1727	-0.565318649
1728	1.766559336
1729	2.182099429
1730	
1731	-0.048912037
1732	-1.023877232
1733	0.399762247
1734	-1.838603253
1735	0.005766167
1736	0.592066752
1737	-0.562007809
1738	
1739	-0.002433549
1740	0.73380413
1741	-0.591492883
1742	0.375748507
1743	-0.649030915
1744	1.201838018
1745	-0.58629591
1746	
1747	-1.499627886
1748	0.767815004
1749	
1750	-0.128720336
1751	-1.644907733
1752	2.472805814
1753	-0.142153964
1754	-1.908290328
1755	
1756	0.497091622
1757	0.850366918
1758	1.61584944
1759	-0.387761079
1760	2.406850316
1761	-1.369947921
1762	-2.483669153
1763	0.955246825
1764	2.925657425
1765	1.146976649
1766	0.090777594
1767	0.299678789
1768	0.596715466
1769	3.957899112
1770	0.00694875
1771	-0.321494892
1772	0.63662395
1773	
1774	-0.279913692
1775	1.819230382
1776	-0.035680707
1777	-2.672443619
1778	1.817927851
1779	0.91148033
1780	-3.051943807
1781	0.030715765
1782	1.166992114
1783	2.012252522
1784	0.073676342
1785	-1.017461813
1786	-0.297964395
1787	-1.282730451
1788	1.923535077
1789	0.994887117
1790	-0.712190255
1791	-0.445244661
1792	2.942195891
1793	
1794	-1.783661393
1795	-0.421723059
1796	1.141610953
1797	1.229127605
1798	0.823927433
1799	0.369143247
1800	0.348468953
1801	0.990245323
1802	-0.139247959
1803	0.330654717
1804	0.485621351
1805	-0.038235409
1806	-0.136952912
1807	0.403991635
1808	0.742109091
1809	-0.452557308
1810	-1.788603341
1811	0.26220605
1812	0.698499354
1813	1.017882549
1814	1.003636885
1815	0.197549294
1816	0.660120215
1817	
1818	1.464445667
1819	0.402980119
1820	0.878654824
1821	0.469577826
1822	-0.706190209
1823	0.968728418
1824	-1.349492526
1825	
1826	0.236099807
1827	-0.549032499
1828	0.321115403
1829	-1.144914287
1830	3.089253454
1831	4.270732752
1832	-0.305290834
1833	-0.159275004
1834	-1.622133809
1835	-2.192914294
1836	0.102510724
1837	-0.626910695
1838	0.233257619
1839	-2.317987351
1840	-0.52352152
1841	-1.316752159
1842	-1.717690324
1843	-1.908356705
1844	0.233478152
1845	0.121450566
1846	-0.02677667
1847	-0.370121028
1848	
1849	-1.002346929
1850	1.655439649
1851	1.112994616
1852	-1.260656411
1853	
1854	3.303344114
1855	-1.582698914
1856	0.604978198
1857	-0.002891896
1858	-1.714646865
1859	
1860	-1.514059587
1861	0.183535904
1862	1.300241706
1863	0.177545441
1864	-0.480727123
1865	2.600849454
1866	0.95663781
1867	-1.080684037
1868	
1869	-2.182620298
1870	0.714954767
1871	1.069743674
1872	2.107229073
1873	
1874	-1.084840949
1875	
1876	
1877	
1878	
1879	-0.904294016
1880	-1.933507506
1881	-2.923189057
1882	-0.11345759
1883	-1.36942468
1884	-1.359606929
1885	-1.19918687
1886	-0.912157752
1887	0.36238491
1888	2.323956016
1889	1.651256195
1890	1.194217737
1891	0.528808007
1892	0.247866822
1893	2.203479173
1894	0.683821127
1895	2.962157428
1896	-0.652482569
1897	-0.576980489
1898	-2.047112397
1899	-2.342122027
1900	-1.289428055
1901	-1.044351685
1902	1.302063045
1903	-0.592054092
1904	-1.193238828
1905	3.054014542
1906	1.471570282
1907	1.159312428
1908	-0.072825136
1909	1.787301402
1910	2.060293305
1911	-2.01582046
1912	-0.494598808
1913	-1.391630482
1914	0.394797416
1915	2.172931292
1916	0.284181467
1917	1.825785618
1918	
1919	0.71371293
1920	-1.424580448
1921	0.59945313
1922	-1.508081022
1923	-0.303529163
1924	-1.348633276
1925	-1.360135331
1926	-0.573433125
1927	-1.177477551
1928	-3.615007334
1929	-1.751259595
1930	0.392905479
1931	
1932	-0.292639869
1933	-1.86131262
1934	
1935	-2.649136565
1936	-2.032862461
1937	0.037565119
1938	-1.323253758
1939	1.166444477
1940	-2.197650381
1941	0
1942	-0.859525604
1943	-0.545410346
1944	-0.382442922
1945	2.811575305
1946	4.26940223
1947	-1.301183873
1948	-1.32057004
1949	-0.210575243
1950	-0.240705637
1951	3.671023207
1952	
1953	3.838192526
1954	0.3969777
1955	0.274212182
1956	3.077415816
1957	3.707447936
1958	2.617986624
1959	2.70039992
1960	2.7581387
1961	2.174035712
1962	2.274831992
1963	2.37766968
1964	2.44124826
1965	-1.914495347
1966	-2.270385669
1967	-2.569301779
1968	1.076642266
1969	
1970	
1971	
1972	
1973	
1974	
1975	
1976	
1977	
1978	
1979	
1980	
1981	
1982	
1983	
1984	
1985	
1986	
1987	
1988	
1989	
1990	
1991	
1992	
1993	-1.191976088
1994	-0.076295891
1995	0.268426245
1996	
1997	0.644519275
1998	-0.336309978
1999	-0.086187456
2000	1.359576565
2001	1.99427451
2002	3.648328957
2003	-0.020344977
2004	0.192624793
2005	-0.920219166
2006	-1.532708616
2007	-0.944210623
2008	
2009	
2010	-0.448405178
2011	
2012	
2013	
2014	
2015	
2016	
2017	-0.360394652
2018	2.094855456
2019	0.801098982
2020	0.542553901
2021	1.609349096
2022	0.365064548
2023	0.258466197
2024	0.478329467
2025	-2.848116934
2026	-0.007640821
2027	1.426161891
2028	1.752026188
2029	1.561543229
2030	0.709501741
2031	0.474806466
2032	0.482242567
2033	1.247240854
2034	0.865435583
2035	-0.135073919
2036	-1.19580658
2037	-0.792116095
2038	-2.339565424
2039	-1.445417367
2040	-1.890728384
2041	0.145269725
2042	
2043	-2.800692841
2044	-1.824800008
2045	1.306419105
2046	4.40693327
2047	-2.816588567
2048	-0.504434023
2049	-0.702654165
2050	-0.149931625
2051	-1.913612678
2052	0.881195224
2053	-1.603046311
2054	1.009484264
2055	-1.996088899
2056	-1.218446342
2057	-1.22703447
2058	
2059	0.333544106
2060	-2.978167372
2061	0.868889988
2062	
2063	-1.42994141
2064	0.527246445
2065	1.4441084
2066	0.724015528
2067	-0.2122976
2068	-0.708628951
2069	-1.205880006
2070	
2071	2.890703701
2072	-2.221072861
2073	0.23490254
2074	0.580174218
2075	1.352803376
2076	1.276327692
2077	
2078	-0.835313644
2079	1.293955305
2080	0.354505413
2081	2.803248668
2082	
2083	0.655149528
2084	1.82925605
2085	1.403859263
2086	-0.077307418
2087	-0.018881974
2088	1.292813504
2089	0.781699705
2090	
2091	0.274655588
2092	-0.711305549
2093	-1.589325779
2094	1.790534059
2095	0.653454876
2096	0.36970227
2097	-1.105859673
2098	-2.646007345
2099	0.128993923
2100	-0.272252103
2101	0.558312353
2102	2.859638226
2103	1.121110714
2104	-1.907581188
2105	1.744722011
2106	-0.268970742
2107	-1.854571155
2108	-0.606849028
2109	-0.722083055
2110	-2.023549297
2111	
2112	-1.968632053
2113	-2.885830296
2114	1.714128299
2115	-1.956761798
2116	-0.431519577
2117	1.231755595
2118	0.369314179
2119	1.971677496
2120	-2.338347932
2121	0.547506747
2122	-0.861108967
2123	0.945486034
2124	1.153396044
2125	1.213305282
2126	0.433767785
2127	-1.96968708
2128	2.023984774
2129	2.253319168
2130	-0.439026098
2131	3.029739042
2132	
2133	0.07043199
2134	1.469078983
2135	-1.822014491
2136	1.159492075
2137	-0.325515759
2138	-0.887278684
2139	1.819253243
2140	0.535973976
2141	0.718407266
2142	0.265187361
2143	0.440773855
2144	-0.386650987
2145	-1.00400777
2146	-0.028351347
2147	4.17857865
2148	1.85246306
2149	-0.129130259
2150	0.05169136
2151	0.773977356
2152	0.761873765
2153	4.63436742
2154	2.840172579
2155	-1.30276929
2156	1.110259516
2157	-0.982588864
2158	-1.169410326
2159	0.007640821
2160	-0.553653095
2161	1.49863454
2162	
2163	-0.920680906
2164	-1.015011477
2165	-1.643990622
2166	2.348693562
2167	-1.469592852
2168	0.20924776
2169	1.784136002
2170	-0.766798287
2171	1.442675887
2172	0.728586467
2173	-0.028238423
2174	-0.411841236
2175	
2176	-0.180946661
2177	-1.212312348
2178	1.157601971
2179	-1.67941929
2180	0.364956189
2181	
2182	0.863452739
2183	-0.570573825
2184	0.047969138
2185	-1.724338838
2186	1.389993124
2187	1.086340236
2188	2.978611036
2189	0.362151545
2190	2.076923871
2191	-1.86738102
2192	-0.981234048
2193	-1.038422546
2194	-1.969969488
2195	-0.817892131
2196	-1.794930664
2197	0.176154123
2198	1.847971876
2199	0.331814002
2200	3.42739161
2201	-1.260816793
2202	-0.988591399
2203	-0.886421754
2204	-1.032524004
2205	0.281612347
2206	1.849992343
2207	0.840764409
2208	1.186211614
2209	
2210	-2.281752808
2211	
2212	
2213	
2214	
2215	-0.577784758
2216	-1.976670814
2217	-2.988182595
2218	1.772898174
2219	-1.441833718
2220	0.498634414
2221	4.398253432
2222	-0.025821582
2223	0.356097145
2224	1.102789495
2225	0.617509667
2226	-1.757196991
2227	0.44370181
2228	2.234712881
2229	1.66409753
2230	-0.293348284
2231	-2.178410456
2232	-0.375721916
2233	
2234	
2235	-1.854789317
2236	-0.464645773
2237	
2238	-0.438770788
2239	-0.434649385
2240	0.376404169
2241	0.882313545
2242	1.066928395
2243	-0.096667825
2244	-0.619020775
2245	1.951058742
2246	-1.977868353
2247	-1.921463311
2248	0.662523405
2249	-2.195885087
2250	-2.444174384
2251	0.617060267
2252	0.726893665
2253	
2254	
2255	0.050657701
2256	-1.342957633
2257	1.00615475
2258	0.541640493
2259	-1.579340494
2260	-1.165892574
2261	-3.116153115
2262	-1.882086074
2263	-0.909899131
2264	
2265	-2.027764218
2266	0.432774608
2267	0.473059114
2268	-1.11389025
2269	0.345970746
2270	-0.800346594
2271	-1.860514605
2272	-1.422256148
2273	-0.310849274
2274	-2.068289057
2275	0.200863976
2276	-0.930360203
2277	
2278	-0.137353157
2279	-2.143632982
2280	1.596878509
2281	4.232933333
2282	-1.290707654
2283	-1.401180158
2284	-1.236047484
2285	-0.309445161
2286	-0.29492887
2287	3.51860017
2288	3.631994895
2289	0.370468303
2290	0.148561779
2291	0.33544377
2292	3.058113023
2293	
2294	2.559661994
2295	2.677767962
2296	2.193515083
2297	
2298	2.135151876
2299	2.346497662
2300	2.343866521
2301	-1.459945468
2302	-2.640497998
2303	
2304	0.986420041
2305	
2306	
2307	
2308	
2309	
2310	
2311	
2312	
2313	
2314	
2315	
2316	
2317	
2318	
2319	
2320	
2321	
2322	
2323	
2324	
2325	
2326	
2327	
2328	
2329	-0.15141539
2330	-2.156292651
2331	-0.48664859
2332	-1.37526238
2333	-0.556952057
2334	0.706327818
2335	1.06975294
2336	1.265819241
2337	-0.374072205
2338	3.404866835
2339	1.639681449
2340	-2.012066347
2341	-1.398410264
2342	0.672540019
2343	-1.828289758
2344	-2.403725561
2345	4.352111565
2346	
2347	
2348	
2349	
2350	
2351	
2352	
2353	0.797422906
2354	-1.159171497
2355	-2.504986236
2356	0.066433732
2357	-1.100398784
2358	-1.485471432
2359	1.743528912
2360	-0.336882104
2361	-0.346037149
2362	3.180521816
2363	1.65563847
2364	
2365	0.314480171
2366	1.56456108
2367	0.631352582
2368	1.190326706
2369	1.23184281
2370	2.088590918
2371	-0.582311697
2372	-1.198875132
2373	-0.880728027
2374	-1.552249596
2375	-1.830339771
2376	0.740002987
2377	0.29056624
2378	-2.377248907
2379	-2.341239711
2380	-3.563117641
2381	2.193247503
2382	4.070358311
2383	-0.361052226
2384	0.22388137
2385	-1.324952147
2386	-2.051484948
2387	-2.279659091
2388	-0.21374853
2389	-0.41402009
2390	-1.581896252
2391	-1.986978014
2392	-1.492158103
2393	-1.085670372
2394	-0.478493599
2395	0.55197909
2396	
2397	-2.1323778
2398	-1.072504413
2399	3.320759353
2400	-0.72720524
2401	-0.296297932
2402	0.030657408
2403	0.927793439
2404	-1.536465728
2405	-2.202141088
2406	-0.738334396
2407	0.36735689
2408	-1.719661029
2409	0.580321453
2410	-0.192949489
2411	0.4858174
2412	1.412618459
2413	0.628081823
2414	-1.168084823
2415	
2416	-1.338173155
2417	1.507174486
2418	0.448034181
2419	2.041212755
2420	-0.387755602
2421	1.122888422
2422	-0.213987628
2423	-1.977041872
2424	-1.761593558
2425	1.672809502
2426	0.096369783
2427	2.936220747
2428	-0.789116036
2429	1.829710082
2430	-0.243510925
2431	0.781953859
2432	-0.183670924
2433	-1.128440528
2434	-1.732644703
2435	2.694738017
2436	-0.225324089
2437	0
2438	2.307433947
2439	0.509251878
2440	-1.117846298
2441	0.166628104
2442	-0.302747432
2443	2.234572477
2444	1.354338612
2445	-1.885286482
2446	1.889242528
2447	-0.462386028
2448	-1.281727811
2449	-3.114109825
2450	0.128763354
2451	1.751082917
2452	1.55404966
2453	-2.068308603
2454	-1.462794723
2455	0.69563729
2456	2.700461892
2457	0.151157115
2458	0.170122291
2459	1.485330079
2460	0.7294737
2461	0.730230692
2462	1.299006609
2463	0.633478292
2464	2.399988149
2465	0.645790719
2466	-0.104527392
2467	2.623153045
2468	-2.231883057
2469	-0.717871273
2470	0.779293848
2471	1.726517566
2472	
2473	-1.260352837
2474	1.609674104
2475	-0.375908953
2476	-1.119571924
2477	-0.873759573
2478	-1.388703688
2479	1.449865771
2480	-0.622067144
2481	-1.164108546
2482	1.12454452
2483	0.076868318
2484	-1.387516318
2485	-0.034121279
2486	0.330627861
2487	0.4269769
2488	
2489	4.211703687
2490	0.060351625
2491	0.724055058
2492	0.423174614
2493	0.686390377
2494	-0.834358263
2495	0.146643189
2496	-0.673983552
2497	1.24220204
2498	
2499	1.305586258
2500	-0.868711113
2501	-1.180097035
2502	0.875802575
2503	3.015453851
2504	0.187098636
2505	0.003443857
2506	-3.278453146
2507	0.353460346
2508	-0.122419338
2509	0.691986493
2510	0.606723041
2511	-0.089358588
2512	-0.875351296
2513	-0.63836519
2514	0.689371279
2515	4.189155932
2516	3.52388935
2517	0.574961801
2518	0.239378286
2519	2.800551258
2520	-0.181938573
2521	-2.54656288
2522	1.761906114
2523	-2.28050686
2524	0.010511015
2525	-0.110984279
2526	-1.973967423
2527	-1.049742952
2528	-0.548729219
2529	-1.467230622
2530	-1.51335934
2531	-1.674304131
2532	1.285345849
2533	1.161331728
2534	0.776445447
2535	-0.446543219
2536	4.420208141
2537	-2.0687785
2538	0.777935583
2539	-2.195332948
2540	3.382084324
2541	1.354127784
2542	2.365406018
2543	
2544	-1.597472248
2545	
2546	
2547	
2548	
2549	
2550	
2551	-1.587214277
2552	-2.053104462
2553	-2.647867959
2554	0.270247291
2555	1.478699842
2556	0.173699762
2557	2.125176688
2558	-0.954750743
2559	-0.447464382
2560	1.216375629
2561	0.764974919
2562	0.184030721
2563	0.920911035
2564	-1.152660137
2565	0.294619481
2566	0.659152666
2567	-1.905098028
2568	0.370144245
2569	0.311489621
2570	
2571	-2.819645141
2572	-0.948066988
2573	-1.800807983
2574	0.700329425
2575	1.125005059
2576	0.683193372
2577	0.53118963
2578	1.039862568
2579	3.422622281
2580	1.095163749
2581	1.459343385
2582	-1.991494326
2583	-2.871346756
2584	-1.176669341
2585	-2.300195425
2586	-1.999818501
2587	-0.732226391
2588	0.100653105
2589	0.4755601
2590	2.619345807
2591	-2.109970628
2592	-1.694883979
2593	-1.057264547
2594	1.448859573
2595	-0.280572134
2596	0.308669502
2597	-3.150403444
2598	
2599	-3.263282554
2600	-2.082186728
2601	-2.041364733
2602	0.344324465
2603	-1.009039974
2604	1.213234078
2605	-2.74134721
2606	
2607	-2.230059238
2608	-0.335452965
2609	-2.771550435
2610	-2.82736062
2611	2.292301545
2612	0.017920825
2613	0.595246564
2614	-2.003270486
2615	0.112803212
2616	2.097979869
2617	4.209170093
2618	-1.418826386
2619	-1.53694917
2620	-1.543788162
2621	-0.382260128
2622	-0.406077837
2623	3.566320186
2624	3.619033714
2625	0.210393849
2626	0.377595369
2627	0.156913368
2628	2.790104963
2629	3.401950206
2630	2.51822649
2631	2.471244034
2632	1.782835377
2633	1.992693437
2634	2.060240244
2635	2.18631848
2636	2.270117735
2637	-2.764814338
2638	-2.743194472
2639	0.96952604
2640	0.865797933
2641	
2642	
2643	
2644	
2645	
2646	
2647	
2648	
2649	
2650	
2651	
2652	
2653	
2654	
2655	
2656	
2657	
2658	
2659	
2660	
2661	
2662	
2663	
2664	
2665	2.399802046
2666	
2667	-2.052752862
2668	
2669	
2670	
2671	-1.516085815
2672	0.307722193
2673	-0.897177717
2674	-0.79396004
2675	-0.93475684
2676	-2.412912673
2677	-2.022103517
2678	-3.399981923
2679	-1.185123424
2680	-0.299289213
2681	0.866069924
2682	-0.875763305
2683	
2684	
2685	
2686	
2687	
2688	
2689	-0.990070813
2690	-1.657228684
2691	0.020983944
2692	-1.133632578
2693	-0.182418055
2694	-1.765360829
2695	
2696	-3.117342661
2697	1.900473658
2698	-1.680218792
2699	0.512954335
2700	-1.359518883
2701	3.677524299
2702	1.010778485
2703	1.056450768
2704	-0.489064102
2705	
2706	2.103192975
2707	
2708	
2709	0.019592225
2710	
2711	
2712	2.493043766
2713	3.849113701
2714	2.028307131
2715	-2.537884447
2716	-2.097845606
2717	-1.580850932
2718	-1.701928863
2719	
2720	0.379388052
2721	1.235267456
2722	-0.873824142
2723	-1.18523812
2724	0.546281269
2725	3.932784207
2726	0.031139004
2727	0.859908667
2728	0.54804628
2729	1.391444657
2730	-2.009155532
2731	0.969728584
2732	
2733	-1.871005193
2734	1.719446182
2735	-1.208920605
2736	0.543632261
2737	-1.258677419
2738	-1.790634089
2739	0.56745816
2740	-1.907372837
2741	1.857863611
2742	0.417398674
2743	1.797271526
2744	0.905077418
2745	0.856823944
2746	
2747	0.75968927
2748	3.388286132
2749	
2750	0.003135385
2751	-0.128516773
2752	0.650104505
2753	-2.282215085
2754	-1.516506529
2755	-2.000516169
2756	-1.272212914
2757	-1.227739376
2758	2.598564592
2759	-0.027157948
2760	-2.565694394
2761	0.711275621
2762	-2.196541899
2763	1.145175911
2764	0.703893899
2765	1.280029425
2766	0.705383665
2767	-0.926543584
2768	0.222437401
2769	1.803805166
2770	-1.046479895
2771	1.043367717
2772	-0.126048245
2773	1.026440874
2774	-0.006139313
2775	1.494627435
2776	2.189251407
2777	0.356161741
2778	1.441781231
2779	-1.98631604
2780	
2781	-0.27330701
2782	3.59487011
2783	2.617310098
2784	1.382984563
2785	-0.089190234
2786	-0.380274038
2787	0.241983034
2788	-0.633195774
2789	-0.502030281
2790	1.208608564
2791	-0.331930954
2792	0.044579626
2793	-0.856372625
2794	-0.888045106
2795	-1.123496803
2796	4.234063052
2797	0.337311854
2798	-1.540567108
2799	2.67703426
2800	-1.944924183
2801	-1.423264602
2802	-0.366927796
2803	1.820965454
2804	0.640250286
2805	0.869834831
2806	2.350532536
2807	1.510598495
2808	0.767326184
2809	-2.209459591
2810	-0.654609869
2811	-1.928786932
2812	1.110070254
2813	-0.003135385
2814	1.022171616
2815	1.235289868
2816	1.708630245
2817	-1.113344432
2818	-0.60386467
2819	1.065369918
2820	-0.668403191
2821	-0.61886625
2822	1.281980548
2823	-2.220819047
2824	-1.331639484
2825	1.00632857
2826	-1.201176106
2827	2.756807019
2828	-2.676157432
2829	1.492994324
2830	2.160050067
2831	-0.368689911
2832	-0.050431929
2833	1.394771606
2834	1.08243107
2835	-0.424824148
2836	-2.18608624
2837	-2.839157533
2838	-3.635228505
2839	1.01512927
2840	-1.509368309
2841	-0.305369903
2842	1.304487816
2843	-0.316917376
2844	
2845	2.112256377
2846	-1.43355241
2847	-1.035533868
2848	0.386844006
2849	1.944517229
2850	-0.362013782
2851	
2852	1.574263911
2853	-0.519313251
2854	-1.454366784
2855	-2.42956222
2856	1.159600519
2857	-1.856348035
2858	-1.285763059
2859	-2.702302712
2860	1.339897485
2861	0.176730717
2862	3.088460638
2863	1.679787052
2864	-1.757312143
2865	1.37558686
2866	0.761296346
2867	-1.53051254
2868	0.258396788
2869	-0.464760046
2870	2.205592459
2871	0.491679843
2872	-2.44338871
2873	-0.906105835
2874	1.789242448
2875	-1.229918209
2876	-0.627278975
2877	1.619646434
2878	-0.715234491
2879	0.175990278
2880	-0.168023886
2881	
2882	-0.524528738
2883	-1.274425776
2884	0.894082642
2885	-2.826905063
2886	-0.959991518
2887	3.019786119
2888	-1.116164444
2889	-0.094149129
2890	-2.249970667
2891	-0.79486576
2892	-1.08782489
2893	-2.057689647
2894	1.021644012
2895	0.307708128
2896	0.688189629
2897	-1.121399634
2898	-2.269035323
2899	0.123507872
2900	-0.141370867
2901	0.707873844
2902	-0.106590751
2903	-1.217056114
2904	2.209562031
2905	0.459722211
2906	0.259624156
2907	-0.567829199
2908	-2.365023699
2909	-1.563191221
2910	-0.576879301
2911	1.111843881
2912	1.685385078
2913	0.385393078
2914	-1.907372837
2915	-2.640116772
2916	-3.868832025
2917	
2918	-2.071675889
2919	-2.980949048
2920	
2921	
2922	
2923	0.357533097
2924	-0.231631178
2925	1.172380691
2926	2.626137486
2927	0.140586566
2928	-1.248432412
2929	-1.659993144
2930	3.151105302
2931	2.739039126
2932	-1.10452674
2933	-1.876687027
2934	1.782491353
2935	0.600786515
2936	-0.990473154
2937	3.229121952
2938	-0.690931958
2939	1.826473545
2940	0.104269801
2941	-2.130713414
2942	0.056857636
2943	-2.459249001
2944	1.383773579
2945	
2946	-3.669279343
2947	0.396243316
2948	0.863721528
2949	-1.171345827
2950	0.837669673
2951	2.854121397
2952	0.917175624
2953	-0.291096858
2954	3.234155284
2955	3.332738166
2956	3.453419992
2957	3.713791967
2958	3.50880837
2959	3.048410614
2960	3.201544214
2961	3.789273122
2962	3.741334613
2963	4.190451726
2964	4.071096241
2965	3.391921251
2966	
2967	3.511390682
2968	1.211249403
2969	1.285685442
2970	-0.457250435
2971	0.905495359
2972	-0.462237976
2973	-0.537121601
2974	-0.491490519
2975	
2976	
2977	
2978	
2979	
2980	
2981	
2982	
2983	
2984	
2985	
2986	
2987	
2988	
2989	
2990	
2991	
2992	
2993	
2994	
2995	
2996	
2997	
2998	
2999	
3000	
3001	-2.351371609
3002	-0.965459001
3003	
3004	
3005	-0.997244398
3006	
3007	-1.279043157
3008	-1.001367376
3009	-2.873586878
3010	-1.172411106
3011	1.371055276
3012	-0.295326646
3013	1.254725704
3014	0.746283292
3015	-0.590071348
3016	1.477131172
3017	-1.229151307
3018	0.284495541
3019	
3020	
3021	
3022	
3023	
3024	
3025	0.634983822
3026	0.051308206
3027	-0.801167258
3028	-0.66152168
3029	-1.391887388
3030	-2.726687915
3031	-0.190559806
3032	-2.094432782
3033	0.437028133
3034	0.373209252
3035	2.738049392
3036	-1.419934245
3037	0.135034172
3038	0.921175404
3039	0.67001676
3040	2.715728083
3041	0.577297964
3042	2.073023018
3043	0.407352721
3044	0.371125045
3045	-0.943331493
3046	-1.985835236
3047	1.282189593
3048	-0.637126195
3049	2.914882323
3050	2.363290834
3051	
3052	5.254393059
3053	-2.658843951
3054	
3055	
3056	-0.254503973
3057	0.613280182
3058	-1.878490709
3059	0.442562789
3060	3.428754198
3061	4.024335385
3062	-0.468389582
3063	0.648065876
3064	1.36435507
3065	4.656359502
3066	-2.317273086
3067	3.275824488
3068	-0.148284323
3069	-2.242981966
3070	-0.190198102
3071	-3.115102586
3072	
3073	-2.227347005
3074	-2.621762276
3075	-0.411196082
3076	-2.583252422
3077	0.938862842
3078	-0.72959374
3079	4.707765104
3080	1.5151419
3081	0.23728701
3082	2.928242583
3083	-1.899385458
3084	
3085	1.659178965
3086	-0.590052138
3087	-0.405203047
3088	-2.144260154
3089	2.048837393
3090	0.272487961
3091	-1.387712017
3092	-0.994386663
3093	-1.331161604
3094	-0.841052643
3095	1.351725334
3096	
3097	-2.523781868
3098	-2.576299902
3099	-2.661147342
3100	0.799579671
3101	0.942565961
3102	-0.769378185
3103	0.125982523
3104	-0.939672208
3105	1.232390318
3106	-0.812590179
3107	-1.264842524
3108	-0.315293683
3109	1.31607033
3110	1.738185045
3111	-1.965286645
3112	0.177546174
3113	0.036079229
3114	0.47685914
3115	-2.196094461
3116	1.494815305
3117	-0.130776581
3118	-0.332797964
3119	
3120	0.853827386
3121	0.297070379
3122	-1.094546909
3123	1.529203865
3124	-0.665302852
3125	-0.985074722
3126	-1.221698335
3127	1.04179937
3128	2.119643133
3129	-0.432200572
3130	-0.335504077
3131	-1.911180034
3132	4.353120499
3133	0.097227865
3134	-0.1354053
3135	-1.939002724
3136	0.924732117
3137	0.283271704
3138	1.729325836
3139	0.138112992
3140	0.563726532
3141	-0.250184312
3142	-0.761845009
3143	-1.228032937
3144	0.277968206
3145	-1.926313599
3146	1.180439239
3147	-0.012253276
3148	0.153386258
3149	-0.899961396
3150	0.442247049
3151	1.087357059
3152	-0.001077247
3153	-0.042480682
3154	0.144936652
3155	1.784194485
3156	1.083715069
3157	-0.221461711
3158	2.279337131
3159	
3160	-1.950594003
3161	1.614697422
3162	3.277371779
3163	-1.557077683
3164	-2.599289421
3165	-0.130486178
3166	0.932600078
3167	-1.505332144
3168	0.937581431
3169	-0.301093508
3170	0.164084824
3171	2.914841472
3172	-0.859731924
3173	-2.715050211
3174	-2.649521546
3175	-2.305033783
3176	-0.097815077
3177	0.909090919
3178	2.065570385
3179	0.280170304
3180	
3181	1.130169574
3182	-2.295607007
3183	-1.636478673
3184	0.405897592
3185	0.869262064
3186	-0.588577211
3187	
3188	1.181296606
3189	0.241702029
3190	0.647360377
3191	-1.896693351
3192	1.246385297
3193	-3.190070336
3194	0.145037429
3195	-1.305494494
3196	2.251358223
3197	0.828225269
3198	0.365845565
3199	-0.274528884
3200	0.656832783
3201	-0.67699108
3202	1.69878374
3203	-1.815367215
3204	-1.402164154
3205	0.538435955
3206	-0.347099125
3207	-1.532825253
3208	-2.392349112
3209	1.620425388
3210	0.001077247
3211	-2.034367692
3212	0.832951059
3213	-2.201505773
3214	1.262370475
3215	0.219232453
3216	0.161337898
3217	-0.305754163
3218	3.804284777
3219	-0.406709026
3220	2.448196651
3221	-1.294615588
3222	1.219416655
3223	0.776073757
3224	0.873120589
3225	-1.666250831
3226	-1.891104363
3227	-1.102232775
3228	-2.044292579
3229	-1.480590373
3230	0.795814356
3231	0.673366875
3232	2.63596981
3233	-1.884429698
3234	-0.409722613
3235	-1.367145739
3236	3.754737888
3237	0.568867396
3238	1.083232891
3239	-1.987709945
3240	-1.378092885
3241	2.199252158
3242	1.527959755
3243	2.37042487
3244	0.268609481
3245	-0.935572725
3246	0.420396094
3247	-1.376082009
3248	1.796618414
3249	0.334649279
3250	-1.915192076
3251	-1.586674481
3252	-2.155512277
3253	-2.621762276
3254	-1.967835809
3255	-2.657108992
3256	
3257	-2.025241932
3258	
3259	-1.435567718
3260	-0.325611029
3261	0.44479605
3262	1.080404002
3263	-0.270507785
3264	-0.73181813
3265	2.26586758
3266	1.219707649
3267	2.387434168
3268	-1.10199355
3269	
3270	0.517995269
3271	1.074505074
3272	-0.554785017
3273	1.047034348
3274	0.25420907
3275	-1.330692247
3276	1.125308116
3277	-1.639330138
3278	-0.095488821
3279	-2.490101335
3280	-2.226768468
3281	-2.3640784
3282	-1.885663709
3283	-0.788552869
3284	-1.24697174
3285	-3.0238547
3286	-1.440262328
3287	-1.288945489
3288	0.272569883
3289	-0.583420683
3290	3.030467282
3291	2.964464409
3292	3.334384495
3293	3.218133334
3294	3.272679633
3295	2.670233783
3296	2.685604926
3297	3.417143817
3298	3.457107271
3299	3.715560497
3300	3.384195613
3301	3.189448545
3302	3.370018426
3303	3.331783036
3304	1.049300282
3305	1.048817582
3306	-0.50988622
3307	0.855058962
3308	-0.558069092
3309	-0.49506785
3310	-0.549700842
3311	
3312	
3313	
3314	
3315	
3316	
3317	
3318	
3319	
3320	
3321	
3322	
3323	
3324	
3325	
3326	
3327	
3328	
3329	
3330	
3331	
3332	
3333	
3334	
3335	
3336	
3337	-0.843248034
3338	-0.123432606
3339	-0.671397777
3340	-1.822828777
3341	0.146391849
3342	
3343	-0.158511463
3344	-2.305528302
3345	-1.255615965
3346	-1.372214745
3347	0.883390139
3348	0.516568202
3349	-1.543107606
3350	0.073548899
3351	1.408043765
3352	-0.204392651
3353	
3354	-0.189417957
3355	
3356	
3357	
3358	
3359	
3360	
3361	
3362	2.740400489
3363	0.315395116
3364	-0.534004583
3365	-0.374873212
3366	-2.70932745
3367	-0.862282054
3368	-0.030738808
3369	0.185657403
3370	-1.607179602
3371	0.30748574
3372	-1.442803884
3373	1.531424953
3374	0.650937876
3375	-0.404468089
3376	0.799571423
3377	0.717737905
3378	3.856615743
3379	-0.023371965
3380	0.392420586
3381	-2.442681332
3382	-0.427369102
3383	-1.888854273
3384	-2.284340927
3385	2.988918302
3386	2.032346582
3387	-2.938297538
3388	
3389	
3390	-2.671093996
3391	0.945723638
3392	1.56882085
3393	-0.222100652
3394	
3395	2.927983072
3396	1.744789588
3397	3.942404481
3398	0.02674346
3399	1.022953677
3400	1.181864708
3401	-1.973187517
3402	-2.552345244
3403	-0.60285078
3404	-1.057379527
3405	-2.082787446
3406	0.625839161
3407	1.470057301
3408	-0.851553217
3409	0.91784501
3410	-2.331498384
3411	-1.934211422
3412	
3413	0.867911335
3414	2.389425726
3415	0.959086732
3416	2.318307238
3417	0.687523781
3418	0.778205598
3419	-0.67929291
3420	1.41389094
3421	-0.501022632
3422	2.893178812
3423	0.972295875
3424	-0.861985889
3425	
3426	-0.856652543
3427	-2.232839065
3428	-1.887771436
3429	-0.524957942
3430	
3431	-0.669613996
3432	-2.693209288
3433	-2.096352922
3434	-1.41319203
3435	-1.01792069
3436	0.946977754
3437	-1.748730939
3438	0.27928221
3439	-1.382369648
3440	-1.75848911
3441	0.747307023
3442	-0.358470437
3443	-0.428451939
3444	-0.502406077
3445	0.545992995
3446	1.087539944
3447	-1.072226035
3448	1.498976276
3449	1.933404691
3450	-2.141066166
3451	-0.984203522
3452	-2.275713007
3453	-2.55927379
3454	-0.624856096
3455	0.893530632
3456	2.687988359
3457	1.41217923
3458	0.223429886
3459	1.354879849
3460	-1.72212559
3461	0.130734111
3462	2.919174416
3463	0.534358808
3464	-0.097094803
3465	
3466	
3467	
3468	3.596241207
3469	3.330664057
3470	1.600181274
3471	-0.912508709
3472	1.043041292
3473	-2.05409512
3474	1.485363711
3475	0.649239084
3476	1.600549304
3477	-2.314769991
3478	
3479	0.902689695
3480	-0.649811369
3481	1.411086199
3482	0.503106265
3483	1.035967777
3484	1.316179186
3485	
3486	
3487	-0.933875794
3488	-1.693981551
3489	-0.919555741
3490	0.132856955
3491	-0.06495103
3492	1.097299474
3493	1.772733039
3494	0.007238474
3495	2.07623857
3496	-2.369298786
3497	1.779898625
3498	-0.816596187
3499	-0.062612766
3500	1.016784957
3501	0.268431006
3502	-1.56744633
3503	-1.218694616
3504	2.769056124
3505	-0.648858534
3506	-1.114938436
3507	-0.669613996
3508	-2.093035591
3509	-3.217321547
3510	-1.453238762
3511	-2.242796492
3512	-0.354757732
3513	0.762142739
3514	1.990155465
3515	0.196595416
3516	1.360943832
3517	0.50820453
3518	-3.542864713
3519	-1.976444186
3520	-0.450251168
3521	0.054883714
3522	-0.652488747
3523	
3524	-0.598433318
3525	
3526	-3.077104956
3527	-2.102139425
3528	0.013680888
3529	-0.901187524
3530	-1.961624221
3531	-0.488347292
3532	2.986571172
3533	-0.007615051
3534	0.506838098
3535	0.634765582
3536	-0.368489571
3537	-0.267328541
3538	-0.713022571
3539	1.683670569
3540	0.21263243
3541	0.390263783
3542	-0.31163058
3543	-0.605710194
3544	-1.657213756
3545	0.304984707
3546	-0.683407318
3547	-1.944099552
3548	0.489807297
3549	-2.558365731
3550	-0.599519407
3551	0.079413643
3552	-1.062340079
3553	-1.083649472
3554	1.406008603
3555	1.293494351
3556	0.6526739
3557	1.033505242
3558	-0.03171229
3559	0.603238037
3560	-1.443570266
3561	2.448415993
3562	0.560624197
3563	0.429701033
3564	-2.04806518
3565	-1.003105605
3566	1.134837557
3567	0.129740247
3568	-2.005264624
3569	-1.496234617
3570	0.950859262
3571	-2.4905146
3572	1.180541183
3573	-2.719455068
3574	1.499980563
3575	0.876462456
3576	0.27177759
3577	0.669707239
3578	-0.146062755
3579	-0.664223148
3580	0.062864096
3581	-1.256775368
3582	-0.755334076
3583	1.906609294
3584	-0.289390006
3585	3.03265599
3586	-1.457804725
3587	-0.34735159
3588	-0.007238474
3589	-2.656785604
3590	-2.859092601
3591	-2.693653892
3592	-0.973825371
3593	
3594	0.250498584
3595	-1.479738735
3596	-0.814652996
3597	0.780896157
3598	0.413742466
3599	-0.275369745
3600	0.4689149
3601	0.819922497
3602	0.544796156
3603	1.45496106
3604	-1.730232888
3605	
3606	-0.640528415
3607	0.451388807
3608	2.985030223
3609	-0.807764335
3610	1.260968817
3611	3.047817986
3612	1.483935518
3613	-1.462068929
3614	0.126996166
3615	-1.765977025
3616	-3.44042268
3617	-2.241594346
3618	-2.002419672
3619	2.771615975
3620	-2.014590208
3621	-3.125450893
3622	-0.616738806
3623	-0.657676795
3624	1.334944229
3625	3.098639045
3626	3.1590274
3627	3.124188378
3628	3.477507756
3629	3.429979922
3630	1.207479198
3631	2.850353588
3632	3.257617448
3633	3.439619179
3634	3.491180525
3635	3.837769261
3636	3.835091645
3637	3.270753482
3638	3.447556093
3639	1.035190595
3640	1.106184422
3641	1.04870256
3642	-0.558106194
3643	0.833197311
3644	-0.629894716
3645	-0.676607032
3646	
3647	
3648	
3649	
3650	
3651	
3652	
3653	
3654	
3655	
3656	
3657	
3658	
3659	
3660	
3661	
3662	
3663	
3664	
3665	
3666	
3667	
3668	
3669	
3670	
3671	
3672	
3673	
3674	
3675	-0.151236783
3676	-0.78209198
3677	-1.784755587
3678	-1.78354052
3679	1.722382549
3680	-1.629507383
3681	-1.437965653
3682	1.556863853
3683	1.83944393
3684	-0.572635759
3685	-2.050575011
3686	0.117257321
3687	-1.266134341
3688	1.70281467
3689	-0.545561348
3690	0.608046524
3691	
3692	
3693	
3694	
3695	
3696	
3697	
3698	-0.452797659
3699	0.697954207
3700	1.744531863
3701	-0.398813481
3702	0.996356509
3703	-0.195837035
3704	1.955766085
3705	-1.073880898
3706	0.821282094
3707	-0.179949973
3708	-1.294913859
3709	0.044832116
3710	0.275911692
3711	
3712	
3713	
3714	3.472506023
3715	0.548074539
3716	1.036829362
3717	-1.05549345
3718	-1.317969562
3719	0.516334227
3720	-2.610365515
3721	2.685711114
3722	-1.015978464
3723	-3.274605259
3724	-1.359872695
3725	-2.949276549
3726	-2.811819572
3727	-0.456144412
3728	1.933495709
3729	2.092655805
3730	-1.113162869
3731	1.627546241
3732	0.056152922
3733	0.905878308
3734	0.232875214
3735	0.57216148
3736	-0.322059292
3737	-2.793578861
3738	-0.846421569
3739	-0.577301167
3740	-0.855980753
3741	-0.960662852
3742	3.24252856
3743	0.688565797
3744	0
3745	-1.812802575
3746	-1.013629985
3747	-0.810307243
3748	-2.253975512
3749	0.898076482
3750	0.603182861
3751	0.914070822
3752	2.861345812
3753	2.55253226
3754	0.984571397
3755	2.044981151
3756	2.309488604
3757	-1.843329953
3758	0.859851909
3759	2.057362886
3760	-1.109701356
3761	-2.106129701
3762	
3763	-0.973723951
3764	0.426421463
3765	2.613814334
3766	2.290864761
3767	-0.708108221
3768	-0.870860194
3769	
3770	-0.574461332
3771	-2.767427056
3772	1.322115823
3773	-1.324592784
3774	0.454136342
3775	0.11895278
3776	-0.700548053
3777	-3.241233687
3778	1.555196011
3779	-1.243141178
3780	-1.485223649
3781	1.841849241
3782	1.19633853
3783	2.170946574
3784	-0.063459587
3785	1.253477069
3786	-0.465618709
3787	-0.381847053
3788	-0.344508935
3789	-0.092987993
3790	-0.399983541
3791	1.329895121
3792	2.446154269
3793	-1.255019157
3794	2.784595161
3795	0.642096908
3796	-1.395425775
3797	0.216440401
3798	2.237960102
3799	-0.324224624
3800	-1.003632628
3801	1.686885019
3802	0.508331828
3803	4.00873515
3804	2.910665747
3805	2.876302062
3806	0.628038956
3807	-1.056923151
3808	0.43954311
3809	0.208126662
3810	0.342938278
3811	-0.58495956
3812	0.366243731
3813	1.383951412
3814	0.830652034
3815	1.682546108
3816	-0.923611853
3817	1.182794789
3818	3.863891947
3819	0.976823586
3820	-0.749499597
3821	1.061181861
3822	-0.252961604
3823	-1.656708415
3824	0.021579675
3825	
3826	-0.376466372
3827	0.863183164
3828	0.592843942
3829	0.665900926
3830	-0.852716559
3831	2.17618289
3832	0.20043787
3833	0.496485622
3834	-0.387694198
3835	-3.495962665
3836	-0.863912826
3837	0.198934127
3838	-1.311383012
3839	2.717452862
3840	0.320330615
3841	2.318812019
3842	0.309361673
3843	-1.206825816
3844	-2.679483598
3845	-2.48608379
3846	1.452116213
3847	-2.32534706
3848	2.953850499
3849	0.585529711
3850	0.919345355
3851	1.945919975
3852	1.341612286
3853	-0.092688184
3854	-2.354042321
3855	2.125073013
3856	-0.541254523
3857	-0.42856421
3858	0.548507804
3859	-0.948035938
3860	0.049100439
3861	-1.64274637
3862	-2.974976345
3863	0.753682196
3864	1.723489092
3865	-0.34603597
3866	-3.386955444
3867	-0.428551514
3868	0.948644766
3869	-1.929651743
3870	-1.261775705
3871	-1.173122951
3872	0.001454625
3873	0.638461062
3874	-0.252961604
3875	0.954605388
3876	-0.105455467
3877	-0.109354559
3878	2.725460832
3879	-1.331452489
3880	
3881	2.526016917
3882	1.526065892
3883	0.327911674
3884	0.507710066
3885	-2.218164956
3886	-0.604242278
3887	-0.799911388
3888	-0.375536931
3889	-1.564907116
3890	-2.498008704
3891	-0.010648136
3892	-1.983455877
3893	-0.47517449
3894	0.297952318
3895	-0.558606377
3896	-0.599489082
3897	-1.429607895
3898	0.178089373
3899	-0.020112408
3900	-1.615835691
3901	0.293830882
3902	2.019945837
3903	1.441271424
3904	-1.859868225
3905	-2.520566978
3906	-2.212586794
3907	0.588679031
3908	0.165945343
3909	0.458122644
3910	-0.160252206
3911	-0.594732079
3912	3.388471802
3913	1.543617152
3914	-0.877573683
3915	-1.510062974
3916	-0.983253356
3917	-0.08352892
3918	-0.210650406
3919	
3920	-1.154863598
3921	-1.301478529
3922	-1.831732718
3923	-1.958826807
3924	0.420892374
3925	-0.707216876
3926	-2.383466634
3927	-3.995381825
3928	-1.500193585
3929	
3930	-0.306730585
3931	-0.108711995
3932	-0.449811709
3933	-0.125035715
3934	-2.54347124
3935	-0.964942548
3936	-0.06608423
3937	2.688994628
3938	1.136067668
3939	-1.386060068
3940	0.590905722
3941	0.163136761
3942	-1.7458657
3943	0.068163375
3944	1.662199152
3945	-1.512430814
3946	0.167064789
3947	3.558579571
3948	3.562827874
3949	2.166327885
3950	0.558183782
3951	-0.7260469
3952	-3.174014016
3953	-2.38564766
3954	-1.824799111
3955	1.053178735
3956	-1.40545707
3957	-2.171045954
3958	-1.690847782
3959	-0.354744298
3960	-0.22550023
3961	3.069741647
3962	2.9587983
3963	2.99394282
3964	3.359031892
3965	3.445593116
3966	1.161728286
3967	2.865569491
3968	3.430930309
3969	3.552564135
3970	3.453525087
3971	3.456441576
3972	3.789041721
3973	3.418730634
3974	3.193209875
3975	0.987714408
3976	1.155084567
3977	1.13693426
3978	-0.479330097
3979	0.870607417
3980	-0.368563613
3981	
3982	
3983	
3984	
3985	
3986	
3987	
3988	
3989	
3990	
3991	
3992	
3993	
3994	
3995	
3996	
3997	
3998	
3999	
4000	
4001	
4002	
4003	
4004	
4005	
4006	
4007	
4008	
4009	
4010	-2.989311274
4011	0.710475907
4012	-1.408030601
4013	
4014	
4015	-3.250775044
4016	-2.947517907
4017	-2.627867358
4018	-1.247539557
4019	4.506359262
4020	0.56560302
4021	-1.403245903
4022	-0.270661181
4023	-1.132884691
4024	0.555601747
4025	0.415184275
4026	0.023670633
4027	
4028	
4029	
4030	
4031	
4032	
4033	0.349574518
4034	0.143851568
4035	-2.906244781
4036	0.375022743
4037	-1.942134637
4038	-0.130119862
4039	-1.277983936
4040	-2.080020325
4041	1.201429466
4042	2.258845661
4043	1.700603933
4044	0.979685937
4045	4.230340704
4046	2.598827188
4047	-1.206620762
4048	-0.085970776
4049	-1.581468997
4050	-1.807868408
4051	-2.041658741
4052	-1.073217163
4053	0.003783621
4054	-1.430777909
4055	1.060967172
4056	0.815169142
4057	-2.535729476
4058	-1.024669507
4059	1.315584227
4060	3.265811678
4061	-1.144341537
4062	-1.489404023
4063	-1.339019826
4064	-2.498681584
4065	-0.282144445
4066	1.554888344
4067	-0.300187446
4068	-2.419932538
4069	0.661592263
4070	1.492449804
4071	0.810489278
4072	1.422482022
4073	
4074	
4075	-3.01955366
4076	
4077	-0.174584495
4078	-0.037079622
4079	
4080	-1.132106866
4081	1.345348329
4082	-1.846376838
4083	2.017898938
4084	1.170101082
4085	-0.303208439
4086	0.217931237
4087	1.101127857
4088	-1.844568393
4089	2.356220146
4090	2.290313192
4091	1.15913205
4092	0.938589281
4093	-0.611971094
4094	0.697939051
4095	0.676437299
4096	-2.158683723
4097	-2.264044238
4098	
4099	-1.186823139
4100	0.509947993
4101	2.964105859
4102	0.575872328
4103	0.761449083
4104	
4105	-1.719474866
4106	-1.513636337
4107	0.120146877
4108	1.158106935
4109	-1.751566177
4110	-2.646641155
4111	
4112	-0.549529941
4113	-0.709986629
4114	1.199769696
4115	0.920353785
4116	3.491980801
4117	-0.375194794
4118	2.248265595
4119	-0.333517807
4120	0.196834102
4121	-0.078742306
4122	-2.601823237
4123	1.846666494
4124	-2.913648334
4125	-0.061177173
4126	-0.291700832
4127	-1.19974873
4128	
4129	-0.617359947
4130	-1.059632163
4131	0.484561255
4132	-2.426606645
4133	0.237143297
4134	2.545625436
4135	0.559916689
4136	-2.513618022
4137	1.257112459
4138	1.833677805
4139	1.613018727
4140	-0.248285942
4141	0.722606725
4142	0.653410338
4143	-0.637214583
4144	1.388949709
4145	
4146	-1.338889542
4147	-1.770460421
4148	-2.891608875
4149	0.268540151
4150	0.689128421
4151	0.636869927
4152	1.308982736
4153	2.075422782
4154	-3.192435377
4155	0.089507298
4156	1.647383352
4157	0.440009383
4158	-1.632033058
4159	0.242576453
4160	0.488075827
4161	0.989851579
4162	1.814821668
4163	0.062991951
4164	1.057983783
4165	-0.904805305
4166	-0.670674325
4167	
4168	
4169	1.11045086
4170	0.128981707
4171	1.310302102
4172	-0.972071426
4173	-0.907430706
4174	0.012694721
4175	
4176	
4177	-1.31228367
4178	-0.733355709
4179	-2.732374227
4180	-0.659221009
4181	-2.032167007
4182	-2.211165459
4183	0.16103342
4184	-0.34230533
4185	
4186	
4187	-1.297302925
4188	-0.071791375
4189	1.408370712
4190	-2.038179597
4191	
4192	0.259623694
4193	-0.218029827
4194	-0.896962127
4195	-1.144611791
4196	0.489784184
4197	-2.746323985
4198	2.19822843
4199	0.6350612
4200	0.380827061
4201	-0.053310932
4202	-0.024938122
4203	2.598584989
4204	0.939757589
4205	-2.524176359
4206	1.698159506
4207	0.130153453
4208	2.214281581
4209	0.036803235
4210	-2.411519064
4211	0.296369964
4212	-1.662246836
4213	0.959142189
4214	-0.509075563
4215	-2.691218165
4216	-0.251387568
4217	2.356484193
4218	-0.948565053
4219	-0.821455364
4220	0.467923123
4221	-0.70958846
4222	1.180434631
4223	-2.8176926
4224	-2.108432152
4225	4.079787003
4226	0.582237044
4227	0.992788277
4228	0.425350184
4229	-1.495791554
4230	-1.227012414
4231	-2.126837169
4232	-0.744122923
4233	2.941419629
4234	
4235	1.601757439
4236	0.434236171
4237	0.23765704
4238	-1.988462573
4239	-1.060071434
4240	-2.591406784
4241	0.652948764
4242	0.312023422
4243	2.745222599
4244	2.027402813
4245	-2.929082652
4246	-1.820817413
4247	-2.484885
4248	0.660938173
4249	0.95811836
4250	0.399050318
4251	0.488912374
4252	
4253	0.912271972
4254	3.250862876
4255	0.006614497
4256	-0.256854101
4257	-0.72050262
4258	-0.867064977
4259	2.000707092
4260	0.893223777
4261	
4262	-3.147092871
4263	-0.366748212
4264	-3.05464498
4265	-0.277215899
4266	-1.32880032
4267	-1.390313121
4268	-1.3257746
4269	0.005466991
4270	0.091829199
4271	0.677522875
4272	0
4273	
4274	-1.653109444
4275	-1.89466623
4276	-2.037616006
4277	1.508658406
4278	-1.064768224
4279	2.851389616
4280	-0.846230275
4281	-1.330474961
4282	-0.275952475
4283	-0.161389548
4284	2.989351518
4285	-0.220452923
4286	-0.752876547
4287	-2.467872
4288	-1.386177221
4289	1.635110943
4290	0.188353133
4291	1.386926773
4292	1.77076973
4293	-0.375707246
4294	-1.191184446
4295	-1.655110899
4296	0.838463479
4297	1.207701732
4298	1.129665913
4299	1.212898474
4300	1.928221892
4301	3.30563209
4302	3.11074022
4303	
4304	-0.859479931
4305	-0.98869335
4306	0.918194991
4307	0.987845088
4308	1.116680316
4309	-0.369027303
4310	-0.436882842
4311	1.29685785
4312	1.123937802
4313	2.237338172
4314	2.207685139
4315	
4316	
4317	
4318	0.317564865
4319	
4320	
4321	0.999283349
4322	
4323	
4324	
4325	
4326	
4327	
4328	
4329	
4330	
4331	
4332	
4333	
4334	
4335	
4336	
4337	
4338	
4339	
4340	
4341	
4342	
4343	
4344	0.992810835
4345	
4346	
4347	
4348	0.077474275
4349	
4350	
4351	-0.492753426
4352	1.336575384
4353	0.229966805
4354	-1.466450082
4355	-2.736350879
4356	-1.785306929
4357	-0.359886927
4358	-0.48499142
4359	1.276141115
4360	-1.9951855
4361	-0.062744046
4362	
4363	
4364	
4365	
4366	
4367	
4368	
4369	0.613268852
4370	-1.319055558
4371	-1.171490038
4372	4.008498886
4373	-0.568997107
4374	2.456144092
4375	-1.714642166
4376	-0.888392501
4377	0.682553845
4378	2.436481376
4379	1.671696482
4380	2.561094844
4381	4.059454483
4382	-1.18591789
4383	0.036446264
4384	0.373383119
4385	-1.379173819
4386	0
4387	0.807140881
4388	-2.861991173
4389	0.865480306
4390	-1.641094097
4391	0.259880459
4392	-0.036406523
4393	-2.142991568
4394	-2.401231946
4395	1.253981789
4396	2.393107717
4397	-0.059333799
4398	-0.713022143
4399	-1.042710824
4400	-1.974153361
4401	-0.095586784
4402	2.85307871
4403	-0.290607477
4404	1.270057152
4405	1.870030841
4406	1.161567278
4407	0.448613111
4408	-1.822563502
4409	-2.375801671
4410	-0.443658651
4411	-2.564008279
4412	1.604272647
4413	0.512435375
4414	
4415	-1.711789097
4416	-0.022512538
4417	0.272218587
4418	-0.614112331
4419	1.781119961
4420	-1.200963473
4421	-0.275847061
4422	0.746515304
4423	0.060330704
4424	0.384897151
4425	0.854524828
4426	2.543108029
4427	3.359531149
4428	1.019303598
4429	
4430	
4431	-0.232837405
4432	
4433	-1.151935185
4434	-1.895226103
4435	1.967212673
4436	0.43011136
4437	0.076510323
4438	-0.178476455
4439	0.741865009
4440	2.233990585
4441	0.404250568
4442	-0.194219194
4443	-1.900045389
4444	1.310283375
4445	-1.467647399
4446	-1.676901838
4447	-0.784726268
4448	1.190015549
4449	-1.057055201
4450	2.79018284
4451	0.664126061
4452	3.823612384
4453	-1.242301968
4454	1.27289334
4455	-1.038774033
4456	2.11378566
4457	0.011235599
4458	-1.468435001
4459	-1.538362924
4460	-2.004966248
4461	0.335165764
4462	0.546261879
4463	-1.335177104
4464	2.960309737
4465	-0.811303258
4466	2.982264856
4467	3.503007298
4468	-2.698937627
4469	-1.64653074
4470	2.278597206
4471	-2.239261112
4472	-1.409839053
4473	1.726843735
4474	1.02360937
4475	0.499515087
4476	-0.384692142
4477	0.95505823
4478	
4479	0.807850049
4480	0.569593788
4481	-0.273743671
4482	-1.081393127
4483	0.143509393
4484	-2.472594926
4485	1.571121867
4486	0.891730765
4487	1.121222649
4488	0.178371037
4489	0.433189656
4490	-2.002324238
4491	2.752377682
4492	-0.14952034
4493	1.076561047
4494	1.996645048
4495	2.814248714
4496	1.553644748
4497	-1.185423855
4498	-0.868979143
4499	-0.197319542
4500	0.629324036
4501	0.386539362
4502	0.127796042
4503	0.387122967
4504	-0.258714113
4505	1.676797987
4506	-0.627303954
4507	0.248888649
4508	-1.210736985
4509	0.559069427
4510	-0.624049166
4511	-1.657483752
4512	-1.089499714
4513	-1.244916972
4514	-1.474601814
4515	-1.885697941
4516	-2.003615394
4517	0.096630118
4518	-0.684193945
4519	0.386016213
4520	-0.859609363
4521	-0.419775226
4522	-0.368492602
4523	-0.941249869
4524	-0.015603277
4525	1.821047685
4526	-2.707893939
4527	-0.608594899
4528	1.179376379
4529	0.393854296
4530	1.048155433
4531	1.667587839
4532	0.82004279
4533	-1.223847767
4534	0.37418304
4535	-0.834719078
4536	-1.377496302
4537	-0.689529291
4538	0.872183856
4539	1.671593547
4540	1.476035818
4541	1.338818437
4542	1.733964164
4543	0.540505059
4544	0.269881496
4545	-0.972149111
4546	0.296316675
4547	1.385738325
4548	-1.85808119
4549	-1.74204114
4550	1.599611427
4551	-2.659708772
4552	2.739932656
4553	-1.414537573
4554	-2.134081525
4555	-0.646658104
4556	1.00705337
4557	0.963509685
4558	0.411536854
4559	-1.946030502
4560	-1.025233307
4561	-2.307405434
4562	-0.894130539
4563	0.893461718
4564	-0.017933843
4565	0.850215064
4566	-0.929620135
4567	-1.282508811
4568	0.067638559
4569	-0.377078518
4570	0.666819678
4571	-0.819370801
4572	-1.196683041
4573	
4574	
4575	0.098362412
4576	1.674163273
4577	0.729892029
4578	-2.580419027
4579	-0.680083785
4580	-1.607221917
4581	1.691693785
4582	-3.034687141
4583	-1.191640055
4584	-0.313238752
4585	3.037720482
4586	-0.853366523
4587	0.643222902
4588	0.114492268
4589	1.43503842
4590	1.025539313
4591	0.222517927
4592	0.880783565
4593	2.699279092
4594	0.718937211
4595	1.273557732
4596	1.229897828
4597	-2.386398156
4598	-2.143402837
4599	-1.580497943
4600	-2.416900544
4601	-1.606866362
4602	-1.813176716
4603	
4604	-1.3585895
4605	-0.475773986
4606	-1.16905029
4607	1.277395508
4608	2.086302041
4609	-1.259620834
4610	-1.541744662
4611	-2.347193659
4612	-0.619111544
4613	-1.520720536
4614	-0.262197207
4615	-0.212065144
4616	-1.544215397
4617	0.153714774
4618	1.376894237
4619	0.087928219
4620	-0.886749322
4621	-0.994683728
4622	-0.144315384
4623	-0.079644144
4624	
4625	
4626	
4627	0.403245669
4628	1.716082393
4629	-0.132312572
4630	0.763024276
4631	
4632	-0.132603228
4633	3.542984088
4634	3.508814936
4635	3.452371291
4636	-0.21528547
4637	-0.193869891
4638	-0.325521946
4639	4.349576826
4640	-0.567239713
4641	-0.58911257
4642	1.364666388
4643	1.243170873
4644	1.197708499
4645	-0.222834862
4646	-0.243925368
4647	1.630242231
4648	1.435482889
4649	2.449694768
4650	2.442603452
4651	
4652	
4653	
4654	
4655	
4656	
4657	
4658	
4659	
4660	
4661	
4662	
4663	
4664	
4665	
4666	
4667	
4668	
4669	
4670	
4671	
4672	
4673	
4674	
4675	
4676	
4677	
4678	
4679	
4680	
4681	
4682	-0.680568398
4683	-2.104739244
4684	0.94747094
4685	-1.287736727
4686	-0.931110924
4687	1.680984171
4688	2.3021479
4689	-0.510669362
4690	
4691	-0.520008333
4692	-0.828362512
4693	0.108467833
4694	-0.111624821
4695	1.168809149
4696	0.699253448
4697	-0.020156915
4698	
4699	
4700	
4701	
4702	
4703	
4704	
4705	0.997130607
4706	-0.49505133
4707	0.584857019
4708	2.008156896
4709	1.527274741
4710	-0.1128045
4711	-2.350214832
4712	-0.98679124
4713	1.182069508
4714	0.642602271
4715	1.241046976
4716	1.10864205
4717	0.956608297
4718	-1.329268058
4719	0.803750193
4720	0.482335845
4721	-2.254775445
4722	-0.225492651
4723	-0.227874126
4724	0.968796667
4725	0.48354482
4726	-2.419356467
4727	1.314512416
4728	-1.928239565
4729	-2.183038433
4730	-1.005295984
4731	1.703825684
4732	1.783383569
4733	-2.242219889
4734	
4735	-1.139829033
4736	-2.639850597
4737	-0.139625633
4738	1.314494614
4739	1.502604477
4740	0.653508675
4741	1.322824725
4742	-0.348438805
4743	
4744	1.138437229
4745	-0.55685455
4746	
4747	-2.531254764
4748	-2.546748756
4749	1.093587597
4750	-0.278523591
4751	2.073528045
4752	3.62085352
4753	1.080131039
4754	2.714755758
4755	-1.550948551
4756	-0.265828031
4757	-0.463015976
4758	0.478827831
4759	1.288912219
4760	0.083944832
4761	-1.238390758
4762	0.493905096
4763	
4764	1.143403145
4765	
4766	-0.806712933
4767	1.174961683
4768	-0.902749541
4769	-2.350919306
4770	
4771	1.924406378
4772	
4773	-0.147213094
4774	1.074317695
4775	-2.029335681
4776	1.192279609
4777	-1.103623819
4778	-0.789235824
4779	2.099562422
4780	2.462380321
4781	-1.949423582
4782	0.04659868
4783	0.848411923
4784	0.175478012
4785	0.339532344
4786	2.231016534
4787	1.137728531
4788	-0.998992588
4789	1.416757927
4790	1.328281735
4791	2.70737863
4792	-0.593869572
4793	-0.880044397
4794	-2.011412165
4795	-2.063237233
4796	-2.52066208
4797	-2.470008677
4798	1.69163559
4799	-1.897444978
4800	3.019137696
4801	-2.52066208
4802	2.813829222
4803	0.756400745
4804	-2.707152976
4805	3.180436004
4806	-0.572189337
4807	0.787710332
4808	-0.023673651
4809	1.270811147
4810	-1.592923478
4811	0.107135903
4812	-0.750667261
4813	1.858434365
4814	0.113323205
4815	-0.127174274
4816	0.171308872
4817	0.829099989
4818	3.270562525
4819	-3.09194048
4820	-2.140478818
4821	1.188566852
4822	-0.235932826
4823	3.47629471
4824	-1.920136389
4825	-1.832775301
4826	-0.863110587
4827	0.376818851
4828	0.476477653
4829	-1.673772466
4830	2.547929972
4831	1.743425257
4832	
4833	0.669354077
4834	1.244074615
4835	0.225322385
4836	-1.210125403
4837	0.491761794
4838	-0.366549309
4839	-0.994258618
4840	1.881811028
4841	-1.1067217
4842	0.256249671
4843	1.086802007
4844	0.216180801
4845	-2.423239967
4846	-1.25920882
4847	-0.228131441
4848	-1.32253508
4849	-0.450169553
4850	-2.852992452
4851	0.716429952
4852	-2.20408014
4853	-0.909362266
4854	0.582523707
4855	0.009500563
4856	-0.106153783
4857	0.65080101
4858	
4859	0.055140273
4860	0.166444852
4861	-0.714660955
4862	-2.645718846
4863	-1.48809753
4864	0.279893954
4865	-2.06601116
4866	0.203138256
4867	1.24131363
4868	-0.327047615
4869	1.068296582
4870	-0.141725795
4871	-0.742627525
4872	0.031559697
4873	-1.686810681
4874	0.669730696
4875	0.300189519
4876	0.368918851
4877	0.80365749
4878	1.65744251
4879	1.249152387
4880	-0.293673496
4881	0.365479872
4882	-0.550270074
4883	-2.709467494
4884	0.672211942
4885	-2.375811818
4886	-1.183510358
4887	-2.121220223
4888	1.302299968
4889	-1.668575625
4890	-1.460122422
4891	2.557005043
4892	0.797991933
4893	-1.964959692
4894	0.295511535
4895	-2.417917435
4896	-0.785541383
4897	-0.731243984
4898	1.162896954
4899	-1.687059317
4900	1.331424178
4901	-0.615417639
4902	-0.444653988
4903	-1.237012072
4904	3.656360856
4905	2.80719474
4906	1.907874689
4907	-0.540738054
4908	-2.40011755
4909	1.732397181
4910	1.823842969
4911	-0.239110226
4912	0.690423479
4913	0.26694243
4914	-2.480888326
4915	1.120856991
4916	-0.008824201
4917	-0.080042639
4918	-2.56124564
4919	-0.274672655
4920	-0.355070264
4921	0.345086376
4922	-1.22859049
4923	1.190839912
4924	0.458760473
4925	-1.078243948
4926	1.01415958
4927	0.38343223
4928	1.479459711
4929	1.274160921
4930	-0.29498312
4931	0.009584204
4932	0.98332595
4933	-1.001094624
4934	-2.740539852
4935	-2.427789565
4936	-1.106550129
4937	-1.204104915
4938	-1.875903134
4939	1.184990804
4940	-2.333249994
4941	-0.234616171
4942	2.983727405
4943	0.905975692
4944	-1.143791472
4945	2.777311405
4946	-1.375517474
4947	-0.367437084
4948	-1.660920317
4949	-0.602616654
4950	0.831398924
4951	-0.190754553
4952	-1.31644054
4953	0.017357236
4954	0.684704297
4955	1.167280167
4956	0.102413396
4957	-2.550864816
4958	-1.625425593
4959	-0.825448016
4960	
4961	0.937558342
4962	1.138641572
4963	0.437924314
4964	-2.186297326
4965	-1.716714661
4966	0.182265345
4967	
4968	-0.504061155
4969	1.563592107
4970	1.255183306
4971	1.192778139
4972	1.227049534
4973	3.268186726
4974	3.320492182
4975	-0.921804947
4976	-0.848912933
4977	-0.958794024
4978	1.142899566
4979	1.068647852
4980	3.03358088
4981	-0.395255865
4982	1.376597941
4983	1.220346246
4984	1.32952128
4985	2.182564309
4986	2.278609324
4987	
4988	
4989	
4990	
4991	
4992	
4993	
4994	
4995	
4996	
4997	
4998	
4999	
5000	
5001	
5002	
5003	
5004	
5005	
5006	
5007	
5008	
5009	
5010	
5011	
5012	
5013	
5014	
5015	
5016	
5017	-0.639202544
5018	
5019	-0.082683693
5020	0.008824201
5021	
5022	4.173291016
5023	-0.58790925
5024	-1.997582817
5025	-1.727252682
5026	-0.189591885
5027	-1.692721238
5028	-1.627088778
5029	-1.285447409
5030	2.108243058
5031	-3.314729553
5032	2.509002275
5033	-1.232468675
5034	-1.254577165
5035	
5036	
5037	
5038	
5039	
5040	
5041	0.238056889
5042	-0.193443135
5043	-0.933310189
5044	1.726036701
5045	1.699704939
5046	1.580707664
5047	1.989433272
5048	0.402762698
5049	1.344494737
5050	0.789578074
5051	0.555377914
5052	1.45534262
5053	0.140093243
5054	-2.53103737
5055	1.048993988
5056	1.21252671
5057	-2.122665426
5058	-0.483197234
5059	-1.371594114
5060	-1.034480816
5061	0.580024517
5062	-1.614317451
5063	1.342050808
5064	-2.123269246
5065	-2.608608725
5066	-1.323810674
5067	1.882558635
5068	3.732843033
5069	-1.720208248
5070	
5071	-1.311738288
5072	-1.646679424
5073	-0.038326283
5074	2.41162323
5075	-3.042142675
5076	0.886573806
5077	0.43490717
5078	1.696985734
5079	0.368658015
5080	1.754944755
5081	0.710564821
5082	-1.927614931
5083	-2.576399252
5084	-2.6494618
5085	1.445265916
5086	
5087	
5088	
5089	-1.193207985
5090	1.146353092
5091	1.356997267
5092	-0.684028343
5093	0.105139497
5094	0.476837742
5095	1.103937562
5096	0.509079052
5097	4.289751025
5098	-1.55154544
5099	1.580152761
5100	-2.12010353
5101	0.399320273
5102	-1.184763019
5103	1.854744079
5104	-2.088763875
5105	-1.640930021
5106	-2.997095497
5107	-2.309536658
5108	1.092387351
5109	0.123967398
5110	0.482771509
5111	-1.998589422
5112	-0.134032093
5113	-1.524762907
5114	-0.165067945
5115	0.382350269
5116	-1.080791341
5117	-2.701773968
5118	3.683006538
5119	1.135630315
5120	0.984737408
5121	1.574164538
5122	1.574690766
5123	1.407259362
5124	-0.909653553
5125	0.243426884
5126	-0.325816565
5127	
5128	-0.324122301
5129	-0.908568538
5130	0.181919851
5131	-1.918670349
5132	1.225021691
5133	1.702669935
5134	-0.845289457
5135	-2.222667014
5136	1.526490939
5137	-0.644863709
5138	2.227046419
5139	1.190882403
5140	-0.373484876
5141	2.588243873
5142	-2.301783032
5143	0.204054048
5144	-1.338482326
5145	0.22710462
5146	-1.636940524
5147	1.080999163
5148	0.46368063
5149	-1.438906689
5150	0.393880331
5151	1.732502267
5152	0.481707775
5153	2.122003533
5154	2.619659842
5155	-3.29330277
5156	-0.115643484
5157	1.043433077
5158	-1.615356952
5159	1.554973776
5160	-2.293162515
5161	-2.528734354
5162	-1.392512399
5163	0.741434589
5164	-2.10616538
5165	-0.829858174
5166	0.247395389
5167	-1.15292787
5168	1.619161649
5169	1.383960839
5170	1.832517962
5171	0.975980304
5172	0.452859588
5173	1.24586161
5174	-0.437187612
5175	-1.633072749
5176	0.90054311
5177	-1.254837556
5178	0.852180753
5179	1.160192328
5180	1.197568602
5181	-0.441074602
5182	-1.802389943
5183	-0.54351596
5184	-0.416024528
5185	1.449603034
5186	-2.404365125
5187	-1.863117401
5188	-2.117927251
5189	-0.721539076
5190	1.730037259
5191	-0.143337056
5192	1.904497973
5193	-0.826114971
5194	-1.558904575
5195	-0.17027042
5196	-2.648217864
5197	-0.895746998
5198	-2.368364521
5199	-0.187182955
5200	-0.748620035
5201	-0.271112672
5202	1.294134064
5203	0
5204	0.642609808
5205	1.472133099
5206	-2.092907787
5207	1.129574635
5208	1.872869891
5209	-1.581916294
5210	2.483667591
5211	-0.670772712
5212	-1.699733282
5213	-1.111499998
5214	4.144427594
5215	1.323572919
5216	0.237258054
5217	0.893040236
5218	1.09249692
5219	-2.624550762
5220	0.677243705
5221	-1.690684173
5222	-2.292602976
5223	-0.982820202
5224	2.362110532
5225	-0.519297658
5226	1.74389102
5227	-1.05854742
5228	-1.918291633
5229	0.998606242
5230	0.698043195
5231	-1.887901635
5232	-1.185873399
5233	0.552588715
5234	0.878817038
5235	-2.3582928
5236	-0.847002806
5237	
5238	-0.421367592
5239	-0.541692331
5240	0.981037462
5241	-0.110948923
5242	1.523447239
5243	-1.327890026
5244	-2.553712048
5245	-1.5231669
5246	1.812219436
5247	-1.031556715
5248	-0.124478775
5249	0.737957392
5250	
5251	0.544954085
5252	-0.23308575
5253	1.371497161
5254	-0.541029211
5255	1.51839251
5256	-0.087114569
5257	0.967017512
5258	0.738176208
5259	0.421968532
5260	0.212265238
5261	-0.048478654
5262	-1.592367434
5263	0.01920561
5264	-1.724200339
5265	0.650243956
5266	0.162180308
5267	0.373081191
5268	
5269	0.32791961
5270	-1.562843287
5271	-2.668552826
5272	-2.582759144
5273	0.040801356
5274	-2.397687064
5275	0.287174076
5276	-1.214285587
5277	-0.396810753
5278	1.214486059
5279	1.535136315
5280	-0.927230954
5281	-0.896789622
5282	-1.173770536
5283	-1.768690972
5284	1.042066796
5285	-0.48518212
5286	1.018633024
5287	0.760034018
5288	-0.019123665
5289	-0.61223819
5290	1.85749779
5291	1.865319708
5292	-0.296409263
5293	-3.513071166
5294	-0.114269733
5295	-0.271477128
5296	
5297	-0.561003544
5298	0.469188501
5299	0.322121666
5300	-0.066764073
5301	1.339406854
5302	0.037728786
5303	-1.294400091
5304	
5305	3.328215588
5306	3.342643918
5307	3.351495699
5308	-0.488329002
5309	-0.404567047
5310	-0.296880739
5311	-0.827040427
5312	-0.986319385
5313	-0.951673743
5314	1.107758312
5315	1.124703298
5316	3.074892039
5317	-0.469179964
5318	1.245649305
5319	1.129295828
5320	1.347552011
5321	2.251373829
5322	2.238316423
5323	
5324	0.800887459
5325	0.354258534
5326	
5327	
5328	
5329	
5330	
5331	
5332	
5333	
5334	
5335	
5336	
5337	
5338	
5339	
5340	
5341	
5342	
5343	
5344	
5345	
5346	
5347	
5348	
5349	
5350	
5351	
5352	
5353	0.164706477
5354	0.678178305
5355	-0.263957967
5356	-0.693507563
5357	
5358	
5359	-0.87339072
5360	-3.167800011
5361	0.981663972
5362	-1.242675002
5363	0.047253555
5364	-1.133115739
5365	-0.660676331
5366	2.134147123
5367	-1.671909122
5368	1.159413528
5369	-0.66673084
5370	1.844367138
5371	
5372	
5373	
5374	
5375	
5376	
