1	-1828
2	-1434
3	-1527
4	-1536
5	-1828
6	-1658
7	-1689
8	-1548
9	-1845
10	-1.47
11	-1703
12	-1861
13	-1565
14	-1436
15	-1716
16	-1565
17	-1448
18	-1565
19	-1.57
20	-1572
21	-1595
22	-1456
23	-1478
24	-1488
25	-.291
26	-.304
27	-.243
28	-.276
29	-.277
30	-.292
31	-.277
32	-.243
33	-.278
34	-.305
35	-.243
36	-.243
37	-.292
38	-.305
39	-.243
40	-.278
41	-.279
42	-.243
43	-.243
44	-.279
45	-.257
46	-.243
47	-.243
48	-.262
49	-.262
50	-.305
51	-.243
52	-.28
53	-.263
54	-.243
55	-.243
56	-.292
57	-.292
58	-.305
59	-.243
60	-.281
61	-.292
62	-.305
63	-.282
64	-.282
65	-.309
66	-.263
67	-.283
68	-.264
69	-.293
70	-.283
71	-.266
72	-.293
73	-.294
74	-.266
75	-.283
76	-.309
77	-.283
78	-.294
79	-.294
80	-.267
81	-.305
82	-.31
83	-.294
84	-.305
85	-.283
86	-.267
87	-.312
88	-.267
89	-.294
90	-.284
91	-.312
92	-.268
93	-.306
94	-.268
95	-.306
96	-.314
97	-.268
98	-.294
99	-.268
100	-.314
101	-.314
102	-.306
103	-.285
104	-.294
105	-.294
106	-.295
107	-.296
108	-.314
109	-.326
110	-.307
111	-.314
112	-.314
113	-.296
114	-.326
115	-.326
116	-.326
117	-.307
118	-.296
119	-.307
120	-.326
121	-.326
122	-.296
123	-.326
124	-.298
125	-.298
126	-.314
127	-.307
128	-.307
129	-.307
130	-.299
131	-.307
132	-.336
133	-.336
134	-.326
135	-.336
136	-.314
137	-.3
138	-.308
139	-.315
140	-.309
141	-.336
142	-.326
143	-.326
144	-.326
145	-.327
146	-.369
147	-.369
148	-.35
149	-.327
150	-.327
151	-.336
152	-.35
153	-.336
154	-.328
155	-.369
156	-.371
157	-.372
158	-.372
159	-.372
160	-.328
161	-.317
162	-.373
163	-.339
164	-.35
165	-.317
166	-.373
167	-.374
168	-.35
169	-.374
170	-.374
171	-.328
172	-.374
173	-.339
174	-.339
175	-.339
176	-.317
177	-.329
178	-.374
179	-.376
180	-.353
181	-.33
182	-.331
183	-.331
184	-.339
185	-.317
186	-.354
187	-.354
188	-.331
189	-.331
190	-.317
191	-.376
192	-.331
193	-.354
194	-.376
195	-.354
196	-.331
197	-.34
198	-.34
199	-.376
200	-.317
201	-.317
202	-.317
203	-.354
204	-.317
205	-.317
206	-.34
207	-.331
208	-.317
209	-.341
210	-.343
211	-.376
212	-.319
213	-.354
214	-.376
215	-.331
216	-.376
217	-2828
218	-2167
219	-1877
220	-1.99
221	-2865
222	-2273
223	-.376
224	-.343
225	-.319
226	-.354
227	-.376
228	-.376
229	-.356
230	-.319
231	-.377
232	-.356
233	-.357
234	-.331
235	-.32
236	-.359
237	-.32
238	-.377
239	-.331
240	-.321
241	-.343
242	-.343
243	-.379
244	-.343
245	-.359
246	-.381
247	-.331
248	-.343
249	-.381
250	-.343
251	-.331
252	-.321
253	-.359
254	-.343
255	-.333
256	-.343
257	-.381
258	-.321
259	-.359
260	-.321
261	-.381
262	-.359
263	-.321
264	-.333
265	-.359
266	-.343
267	-.381
268	-.333
269	-.359
270	-.344
271	-.359
272	-.359
273	-.381
274	-.334
275	-.321
276	-.334
277	-.346
278	-.346
279	-.347
280	-.321
281	-.347
282	-.381
283	-.348
284	-.334
285	-.348
286	-.359
287	-.359
288	-.381
289	-.381
290	-.321
291	-.381
292	-.36
293	-.321
294	-.321
295	-.336
296	-.348
297	-.362
298	-.322
299	-.381
300	-.336
301	-.363
302	-.363
303	-.363
304	-.348
305	-.336
306	-.336
307	-.349
308	-.363
309	-.381
310	-.323
311	-.363
312	-.365
313	-.323
314	-.324
315	-.365
316	-.365
317	-.381
318	-.336
319	-.381
320	-.336
321	-.381
322	-.366
323	-.369
324	-.369
325	-.349
326	-.326
327	-.35
328	-.336
329	-.35
330	-.326
331	-.369
332	-.336
333	-.35
334	-.35
335	-.35
336	-.381
337	-2369
338	-2243
339	-3053
340	-3388
341	-2413
342	-2243
343	-2084
344	-2118
345	-2243
346	-2243
347	-2243
348	-2502
349	-2565
350	-1.96
351	-2.15
352	-2662
353	-3453
354	-2243
355	-2.72
356	-2259
357	-1965
358	-3901
359	-2828
360	-2828
362	-1389
363	-1243
364	-1203
365	-1243
366	-1207
367	-1331
368	-1243
369	-1243
370	-1.21
371	-1221
372	-1343
373	-1222
374	-1243
375	-1345
376	-1252
377	-1359
378	-1395
379	-1243
380	-1243
381	-1243
382	-1.4
383	-1255
384	-1359
385	-1.27
386	-.243
387	-.193
388	-.204
389	-.182
390	-.243
391	-.204
392	-.243
393	-.182
394	-.243
395	-.182
396	-.183
397	-.184
398	-.204
399	-.184
400	-.204
401	-.243
402	-.184
403	-.243
404	-.243
405	-.184
406	-.193
407	-.243
408	-.193
409	-.204
410	-.184
411	-.184
412	-.207
413	-.185
414	-.243
415	-.243
416	-.243
417	-.243
418	-.193
419	-.243
420	-.185
421	-.243
422	-.207
423	-.243
424	-.193
425	-.193
426	-.185
427	-.243
428	-.185
429	-.193
430	-.243
431	-.243
432	-.243
433	-.243
434	-.207
435	-.243
436	-.193
437	-.185
438	-.208
439	-.208
440	-.208
441	-.208
442	-.194
443	-.194
444	-.194
445	-.209
446	-.185
447	-.243
448	-.243
449	-.209
450	-.194
451	-.243
452	-.21
453	-.187
454	-.243
455	-.194
456	-.21
457	-.243
458	-.187
459	-.243
460	-.243
461	-.243
462	-.243
463	-.194
464	-.243
465	-.194
466	-.243
467	-.195
468	-.187
469	-.188
470	-.195
471	-.243
472	-.243
473	-.243
474	-.243
475	-.188
476	-.243
477	-.189
478	-.211
479	-.189
480	-.243
481	-.243
482	-.195
483	-.189
484	-.243
485	-.189
486	-.196
487	-.243
488	-.196
489	-.189
490	-.196
491	-.189
492	-.243
493	-.211
494	-.197
495	-.189
496	-.243
497	-.243
498	-.211
499	-.19
500	-.243
501	-.19
502	-.243
503	-.243
504	-.212
505	-.243
506	-.213
507	-.243
508	-.197
509	-.243
510	-.197
511	-.191
512	-.214
513	-.243
514	-.243
515	-.191
516	-.197
517	-.243
518	-.191
519	-.197
520	-.214
521	-.243
522	-.191
523	-.191
524	-.198
525	-.198
526	-.243
527	-.199
528	-.243
529	-.243
530	-.199
531	-.192
532	-.219
533	-.2
534	-.221
535	-.243
536	-.2
537	-.221
538	-.243
539	-.223
540	-.223
541	-.224
542	-.193
543	-.224
544	-.193
545	-.2
546	-.2
547	-.243
548	-.201
549	-.193
550	-.243
551	-.243
552	-.201
553	-.243
554	-.243
555	-.243
556	-.243
557	-.243
558	-.243
559	-.243
560	-.243
561	-.243
562	-.243
563	-.226
564	-.243
565	-.243
566	-.243
567	-.243
568	-.243
569	-.243
570	-.243
571	-.243
572	-.243
573	-.243
574	-.229
575	-.243
576	-.243
577	-.243
578	-.243
579	-.243
580	-.243
581	-.243
582	-.243
583	-.243
584	-.243
585	-.243
586	-.229
587	-.243
588	-.243
589	-.243
590	-.243
591	-.233
592	-.243
593	-.243
594	-.243
595	-.243
596	-.243
597	-.243
598	-.243
599	-.236
600	-.243
601	-.243
602	-.243
603	-.243
604	-.243
605	-.243
606	-.243
607	-.285
608	-.286
609	-.243
610	-.243
611	-.243
612	-.243
613	-.3
614	-.243
615	-.286
616	-.243
617	-.243
618	-.243
619	-.269
620	-.3
621	-.243
622	-.286
623	-.286
624	-.243
625	-.243
626	-.286
627	-.287
628	-.288
629	-.243
630	-.269
631	-.27
632	-.243
633	-.243
634	-.288
635	-.243
636	-.243
637	-.3
638	-.271
639	-.243
640	-.243
641	-.288
642	-.3
643	-.243
644	-.243
645	-.271
646	-.301
647	-.271
648	-.243
649	-.273
650	-.243
651	-.243
652	-.288
653	-.243
654	-.301
655	-.273
656	-.274
657	-.243
658	-.301
659	-.274
660	-.301
661	-.301
662	-.301
663	-.243
664	-.289
665	-.289
666	-.243
667	-.302
668	-.302
669	-.243
670	-.275
671	-.243
672	-.243
673	-.302
674	-.302
675	-.243
676	-.289
677	-.243
678	-.243
679	-.276
680	-.302
681	-.243
682	-.243
683	-.303
684	-.276
685	-.29
686	-.276
687	-.243
688	-.303
689	-.243
690	-.303
691	-.303
692	-.251
693	-.29
694	-.243
695	-.304
696	-.257
697	-.29
698	-1462
699	-1729
700	-1615
701	-1767
702	-1498
703	-1788
704	-1466
705	-1658
706	-1658
707	-1815
708	-1499
709	-1506
710	-1828
711	-1506
712	-1404
713	-1413
714	-1413
715	-1506
716	-1466
717	-1.42
718	-1.51
719	-1517
720	-1423
721	-1523
723	-1009
724	-1051
725	-1091
726	-1136
727	-1055
728	-1009
729	-1153
730	-1066
731	-1009
732	-1138
733	-1066
734	-1141
735	-1073
736	-1155
737	-1144
738	-1009
739	-1009
740	-1.15
741	-1014
742	-1073
743	-1076
744	-1108
745	-1.08
746	-1014
747	-.091
748	-.123
749	-.118
750	-.123
751	-.106
752	-.118
753	-.091
754	-.118
755	-.123
756	-.091
757	-.118
758	-.101
759	-.123
760	-.123
761	-.101
762	-.106
763	-.091
764	-.106
765	-.106
766	-.091
767	-.106
768	-.123
769	-.091
770	-.118
771	-.106
772	-.118
773	-.091
774	-.123
775	-.118
776	-.101
777	-.106
778	-.118
779	-.091
780	-.12
781	-.124
782	-.091
783	-.102
784	-.102
785	-.124
786	-.106
787	-.12
788	-.124
789	-.091
790	-.147
791	-.091
792	-.106
793	-.125
794	-.125
795	-.091
796	-.106
797	-.106
798	-.091
799	-.091
800	-.091
801	-.147
802	-.107
803	-.148
804	-.125
805	-.108
806	-.121
807	-.148
808	-.132
809	-.121
810	-.134
811	-.134
812	-.121
813	-.125
814	-.126
815	-.108
816	-.128
817	-.121
818	-.121
819	-.121
820	-.134
821	-.123
822	-.149
823	-.109
824	-.134
825	-.123
826	-.128
827	-.11
828	-.134
829	-.15
830	-.15
831	-.15
832	-.123
833	-.11
834	-.128
835	-.15
836	-.111
837	-.111
838	-.15
839	-.135
840	-.15
841	-.111
842	-.128
843	-.112
844	-.123
845	-.112
846	-.15
847	-.165
848	-.136
849	-.136
850	-.128
851	-.112
852	-.112
853	-.128
854	-.128
855	-.165
856	-.15
857	-.112
858	-.112
859	-.165
860	-.136
861	-.136
862	-.165
863	-.112
864	-.15
865	-.136
866	-.15
867	-.165
868	-.167
869	-.168
870	-.136
871	-.112
872	-.128
873	-.128
874	-.128
875	-.168
876	-.112
877	-.169
878	-.136
879	-.128
880	-.136
881	-.128
882	-.112
883	-.136
884	-.15
885	-.157
886	-.157
887	-.138
888	-.157
889	-.15
890	-.138
891	-.138
892	-.169
893	-.128
894	-.15
895	-.138
896	-.157
897	-.169
898	-.169
899	-.169
900	-.158
901	-.138
902	-.158
903	-.15
904	-.169
905	-.169
906	-.139
907	-.128
908	-.15
909	-.158
910	-.158
911	-.169
912	-.128
913	-.15
914	-.139
915	-.15
916	-.17
917	-.151
918	-.151
919	-.17
920	-.128
921	-.14
922	-.159
923	-.17
924	-.16
925	-.14
926	-.128
927	-.16
928	-.171
929	-.152
930	-.128
931	-.14
932	-.14
933	-.172
934	-.128
935	-.128
936	-.161
937	-.152
938	-.173
939	-1161
940	-1167
941	-1224
942	-1169
943	-1176
944	-1.23
945	-.153
946	-.128
947	-.161
948	-.161
949	-.161
950	-.173
951	-.14
952	-.153
953	-.154
954	-.161
955	-.129
956	-.173
957	-.154
958	-.14
959	-.141
960	-.154
961	-.161
962	-.154
963	-.155
964	-.161
965	-.173
966	-.129
967	-.141
968	-.141
969	-.161
970	-.161
971	-.142
972	-.142
973	-.161
974	-.173
975	-.13
976	-.161
977	-.13
978	-.174
979	-.155
980	-.175
981	-.13
982	-.155
983	-.155
984	-.156
985	-.156
986	-.156
987	-.161
988	-.161
989	-.161
990	-.142
991	-.176
992	-.176
993	-.156
994	-.176
995	-.156
996	-.176
997	-.131
998	-.176
999	-.161
1000	-.177
1001	-.131
1002	-.178
1003	-.161
1004	-.162
1005	-.144
1006	-.179
1007	-.179
1008	-.179
1009	-.144
1010	-.163
1011	-.179
1012	-.156
1013	-.163
1014	-.179
1015	-.156
1016	-.164
1017	-.179
1018	-.144
1019	-.164
1020	-.144
1021	-.131
1022	-.144
1023	-.144
1024	-.144
1025	-.144
1026	-.164
1027	-.156
1028	-.132
1029	-.164
1030	-.165
1031	-.179
1032	-.144
1033	-.144
1034	-.179
1035	-.144
1036	-.179
1037	-.132
1038	-.165
1039	-.156
1040	-.144
1041	-.179
1042	-.145
1043	-.156
1044	-.132
1045	-.156
1046	-.146
1047	-.146
1048	-.156
1049	-.193
1050	-.193
1051	-.18
1052	-.181
1053	-.156
1054	-.181
1055	-.182
1056	-.193
1057	-.165
1058	-.204
1059	-1243
1060	-1243
1061	-1243
1062	-1177
1063	-1243
1064	-1274
1065	-1381
1066	-1381
1067	-1243
1068	-1274
1069	-1277
1070	-1243
1071	-1243
1072	-1178
1073	-1.19
1074	-1381
1075	-1277
1076	-1292
1077	-1.19
1078	-1298
1079	-1243
1080	-1301
1081	-1191
1082	-1385
1084	-.944
1085	-.973
1086	-.98
1087	-.98
1088	-.928
1089	-.931
1090	-.906
1091	-.944
1092	-.906
1093	-.98
1094	-.98
1095	-.98
1096	-.912
1097	-.938
1098	-.913
1099	-.98
1100	-.944
1101	-.98
1102	-.944
1103	-.938
1104	-.915
1105	-.941
1106	-.944
1107	-.944
1108	-.043
1109	-.054
1110	-.063
1111	-.063
1112	-.03
1113	-.063
1114	-.035
1115	-.063
1116	-.035
1117	-.054
1118	-.063
1119	-.054
1120	-.035
1121	-.054
1122	-.036
1123	-.063
1124	-.03
1125	-.044
1126	-.044
1127	-.044
1128	-.054
1129	-.063
1130	-.031
1131	-.063
1132	-.031
1133	-.054
1134	-.056
1135	-.064
1136	-.065
1137	-.044
1138	-.044
1139	-.032
1140	-.056
1141	-.032
1142	-.044
1143	-.037
1144	-.065
1145	-.032
1146	-.044
1147	-.037
1148	-.056
1149	-.065
1150	-.032
1151	-.044
1152	-.066
1153	-.066
1154	-.044
1155	-.037
1156	-.066
1157	-.046
1158	-.046
1159	-.032
1160	-.056
1161	-.032
1162	-.047
1163	-.057
1164	-.032
1165	-.047
1166	-.057
1167	-.032
1168	-.066
1169	-.066
1170	-.033
1171	-.033
1172	-.047
1173	-.066
1174	-.048
1175	-.048
1176	-.033
1177	-.034
1178	-.057
1179	-.066
1180	-.066
1181	-.066
1182	-.068
1183	-.037
1184	-.068
1185	-.049
1186	-.034
1187	-.034
1188	-.068
1189	-.057
1190	-.037
1191	-.049
1192	-.035
1193	-.073
1194	-.073
1195	-.037
1196	-.051
1197	-.037
1198	-.057
1199	-.037
1200	-.051
1201	-.057
1202	-.068
1203	-.057
1204	-.037
1205	-.037
1206	-.069
1207	-.037
1208	-.051
1209	-.058
1210	-.058
1211	-.073
1212	-.059
1213	-.069
1214	-.075
1215	-.037
1216	-.051
1217	-.069
1218	-.076
1219	-.077
1220	-.051
1221	-.051
1222	-.051
1223	-.051
1224	-.051
1225	-.037
1226	-.077
1227	-.051
1228	-.077
1229	-.059
1230	-.051
1231	-.051
1232	-.051
1233	-.069
1234	-.077
1235	-.038
1236	-.038
1237	-.077
1238	-.07
1239	-.038
1240	-.071
1241	-.051
1242	-.039
1243	-.051
1244	-.059
1245	-.071
1246	-.039
1247	-.051
1248	-.051
1249	-.04
1250	-.04
1251	-.042
1252	-.059
1253	-.077
1254	-.051
1255	-.078
1256	-.059
1257	-.078
1258	-.078
1259	-.051
1260	-.051
1261	-.078
1262	-.042
1263	-.078
1264	-.051
1265	-.052
1266	-.042
1267	-.042
1268	-.079
1269	-.052
1270	-.054
1271	-.079
1272	-.091
1273	-.091
1274	-.072
1275	-.08
1276	-.042
1277	-.042
1278	-.091
1279	-.073
1280	-.08
1281	-.073
1282	-.073
1283	-.073
1284	-.042
1285	-.073
1286	-.091
1287	-.059
1288	-.059
1289	-.042
1290	-.042
1291	-.059
1292	-.091
1293	-.073
1294	-.08
1295	-.059
1296	-.08
1297	-.073
1298	-.06
1299	-.08
1300	-.081
1301	-.092
1302	-.042
1303	-.042
1304	-.06
1305	-.093
1306	-.073
1307	-.081
1308	-.06
1309	-.042
1310	-.061
1311	-.084
1312	-.081
1313	-.063
1314	-.063
1315	-.063
1316	-.086
1317	-.086
1318	-.093
1319	-.063
1320	-.073
1321	-.086
1322	-.094
1323	-.073
1324	-.094
1325	-.087
1326	-.082
1327	-.087
1328	-.073
1329	-.087
1330	-.073
1331	-.073
1332	-.063
1333	-.082
1334	-.113
1335	-.083
1336	-.083
1337	-.094
1338	-.113
1339	-.087
1340	-.114
1341	-.095
1342	-.087
1343	-.083
1344	-.114
1345	-.114
1346	-.083
1347	-.083
1348	-.102
1349	-.087
1350	-.096
1351	-.096
1352	-.087
1353	-.096
1354	-.083
1355	-.096
1356	-.097
1357	-.103
1358	-.097
1359	-.097
1360	-.114
1361	-.103
1362	-.087
1363	-.083
1364	-.115
1365	-.115
1366	-.103
1367	-.087
1368	-.083
1369	-.099
1370	-.099
1371	-.104
1372	-.115
1373	-.083
1374	-.099
1375	-.104
1376	-.115
1377	-.099
1378	-.115
1379	-.083
1380	-.083
1381	-.099
1382	-.115
1383	-.1
1384	-.1
1385	-.083
1386	-.115
1387	-.083
1388	-.087
1389	-.115
1390	-.1
1391	-.088
1392	-.116
1393	-.104
1394	-.104
1395	-.116
1396	-.083
1397	-.088
1398	-.116
1399	-.106
1400	-.1
1401	-.089
1402	-.106
1403	-.084
1404	-.084
1405	-.089
1406	-.116
1407	-.106
1408	-.089
1409	-.084
1410	-.089
1411	-.09
1412	-.106
1413	-.091
1414	-.091
1415	-.106
1416	-.117
1417	-.1
1418	-.118
1419	-.106
1420	-1.08
1421	-.998
1422	-1.11
1423	-1083
1424	-1083
1425	-.98
1426	-1001
1427	-.985
1428	-1014
1429	-1016
1430	-.989
1431	-1115
1432	-.99
1433	-1004
1434	-1005
1435	-1091
1436	-1026
1437	-.995
1438	-1029
1439	-1136
1440	-1136
1441	-1042
1442	-1051
1443	-1051
1445	-.845
1446	-.807
1447	-.811
1448	-.846
1449	-.828
1450	-.878
1451	-.828
1452	-.813
1453	-.813
1454	-.828
1455	-.879
1456	-.828
1457	-.881
1458	-.828
1459	-.881
1460	-.819
1461	-.791
1462	-.828
1463	-.828
1464	-.791
1465	-.847
1466	-.847
1467	-.82
1468	-.848
1469	.025
1470	.044
1471	.059
1472	.059
1473	.044
1474	.058
1475	.044
1476	.024
1477	.03
1478	.03
1479	.023
1480	.058
1481	.034
1482	.03
1483	.058
1484	.029
1485	.056
1486	.056
1487	.028
1488	.056
1489	.034
1490	.028
1491	.056
1492	.034
1493	.056
1494	.02
1495	.028
1496	.034
1497	.02
1498	.056
1499	.034
1500	.056
1501	.043
1502	.056
1503	.043
1504	.055
1505	.033
1506	.028
1507	.043
1508	.028
1509	.032
1510	.02
1511	.027
1512	.043
1513	.032
1514	.027
1515	.054
1516	.042
1517	.02
1518	.02
1519	.042
1520	.027
1521	.032
1522	.042
1523	.054
1524	.054
1525	.052
1526	.027
1527	.02
1528	.02
1529	.041
1530	.052
1531	.02
1532	.041
1533	.052
1534	.027
1535	.026
1536	.041
1537	-.002
1538	.041
1539	.02
1540	-.002
1541	.051
1542	.041
1543	.041
1544	.051
1545	.02
1546	.049
1547	-.002
1548	.04
1549	-.002
1550	.049
1551	.04
1552	-.002
1553	.007
1554	-.014
1555	.02
1556	.007
1557	.049
1558	.007
1559	.049
1560	-.015
1561	.048
1562	-.015
1563	.047
1564	.007
1565	.047
1566	-.015
1567	-.015
1568	-.015
1569	.046
1570	-.002
1571	.02
1572	.02
1573	-.017
1574	-.003
1575	.02
1576	-.004
1577	.007
1578	-.004
1579	.02
1580	.007
1581	.02
1582	.007
1583	.02
1584	.006
1585	.02
1586	.02
1587	.02
1588	-.017
1589	.02
1590	.005
1591	-.004
1592	.005
1593	-.017
1594	-.017
1595	.005
1596	.005
1597	.02
1598	.02
1599	.005
1600	.02
1601	.02
1602	.005
1603	-.005
1604	.02
1605	.02
1606	-.017
1607	-.005
1608	.005
1609	-.018
1610	.02
1611	.02
1612	-.006
1613	.005
1614	.02
1615	-.006
1616	-.006
1617	.02
1618	.004
1619	.003
1620	.02
1621	-.019
1622	.02
1623	-.021
1624	-.021
1625	-.021
1626	.018
1627	.017
1628	-.025
1629	.016
1630	-.881
1631	-.89
1632	-.901
1633	-.887
1634	-.887
1635	-.887
1636	-.881
1637	-.021
1638	-.021
1639	.016
1640	.003
1641	-.006
1642	.003
1643	.016
1644	-.021
1645	-.007
1646	-.021
1647	-.007
1648	-.008
1649	-.021
1650	-.008
1651	.015
1652	.015
1653	-.009
1654	.003
1655	-.009
1656	-.009
1657	.003
1658	-.026
1659	-.009
1660	-.021
1661	.003
1662	-.009
1663	-.021
1664	-.009
1665	-.026
1666	.015
1667	-.026
1668	-.021
1669	.003
1670	-.009
1671	.002
1672	-.009
1673	.002
1674	-.026
1675	.015
1676	-.009
1677	.002
1678	.002
1679	.014
1680	.002
1681	-.011
1682	-.026
1683	.002
1684	-.021
1685	.002
1686	-.026
1687	.014
1688	.001
1689	-.011
1690	.001
1691	.014
1692	-.011
1693	-.027
1694	-.021
1695	.001
1696	.014
1697	.014
1698	-.021
1699	-.011
1700	0
1701	.013
1702	.013
1703	-.021
1704	-.011
1705	0
1706	.013
1707	-.021
1708	-.027
1709	-.027
1710	-.002
1711	-.011
1712	-.027
1713	-.027
1714	-.012
1715	.013
1716	-.012
1717	-.021
1718	.012
1719	.012
1720	-.028
1721	-.021
1722	-.021
1723	-.002
1724	-.002
1725	-.012
1726	-.002
1727	-.029
1728	-.021
1729	-.021
1730	-.012
1731	-.021
1732	-.002
1733	-.012
1734	.012
1735	.012
1736	-.021
1737	.012
1738	-.029
1739	-.012
1740	-.012
1741	.011
1742	-.021
1743	-.002
1744	.011
1745	-.023
1746	.011
1747	.011
1748	-.024
1749	-.012
1750	.011
1751	-.002
1752	-.029
1753	-.012
1754	-.002
1755	-.002
1756	-.024
1757	-.013
1758	-.043
1759	-.013
1760	-.029
1761	.011
1762	-.025
1763	-.014
1764	-.014
1765	-.029
1766	.01
1767	.01
1768	-.029
1769	-.025
1770	-.014
1771	.008
1772	-.014
1773	.008
1774	.008
1775	.008
1776	-.043
1777	-.029
1778	.008
1779	.007
1780	-.025
1781	-.89
1782	-.895
1783	-.901
1784	-.895
1785	-.921
1786	-.944
1787	-.947
1788	-.952
1789	-.954
1790	-.921
1791	-.921
1792	-.895
1793	-.921
1794	-.899
1795	-.954
1796	-.957
1797	-.921
1798	-.927
1799	-.904
1800	-.904
1801	-.906
1802	-.98
1803	-.957
1804	-.927
1806	-.716
1807	-.752
1808	-.746
1809	-.735
1810	-.758
1811	-.758
1812	-.746
1813	-.758
1814	-.713
1815	-.737
1816	-.753
1817	-.753
1818	-.758
1819	-.738
1820	-.766
1821	-.767
1822	-.748
1823	-.755
1824	-.757
1825	-.713
1826	-.75
1827	-.769
1828	-.713
1829	-.758
1830	.085
1831	.079
1832	.085
1833	.085
1834	.155
1835	.069
1836	.069
1837	.079
1838	.079
1839	.101
1840	.154
1841	.101
1842	.079
1843	.113
1844	.068
1845	.101
1846	.101
1847	.079
1848	.085
1849	.079
1850	.1
1851	.068
1852	.113
1853	.112
1854	.1
1855	.11
1856	.11
1857	.084
1858	.11
1859	.084
1860	.11
1861	.079
1862	.099
1863	.11
1864	.098
1865	.098
1866	.098
1867	.067
1868	.084
1869	.083
1870	.079
1871	.067
1872	.083
1873	.098
1874	.067
1875	.098
1876	.083
1877	.067
1878	.079
1879	.098
1880	.067
1881	.11
1882	.11
1883	.11
1884	.067
1885	.067
1886	.11
1887	.11
1888	.097
1889	.079
1890	.082
1891	.097
1892	.081
1893	.096
1894	.096
1895	.096
1896	.079
1897	.11
1898	.079
1899	.11
1900	.109
1901	.079
1902	.079
1903	.109
1904	.067
1905	.109
1906	.067
1907	.067
1908	.079
1909	.109
1910	.108
1911	.108
1912	.108
1913	.095
1914	.079
1915	.079
1916	.079
1917	.095
1918	.108
1919	.095
1920	.079
1921	.079
1922	.108
1923	.094
1924	.079
1925	.079
1926	.108
1927	.094
1928	.094
1929	.079
1930	.094
1931	.066
1932	.094
1933	.079
1934	.108
1935	.094
1936	.079
1937	.093
1938	.107
1939	.079
1940	.107
1941	.079
1942	.066
1943	.079
1944	.092
1945	.107
1946	.066
1947	.107
1948	.079
1949	.092
1950	.079
1951	.092
1952	.091
1953	.091
1954	.066
1955	.091
1956	.079
1957	.066
1958	.079
1959	.075
1960	.091
1961	.106
1962	.091
1963	.065
1964	.091
1965	.091
1966	.091
1967	.065
1968	.09
1969	.075
1970	.074
1971	.074
1972	.074
1973	.09
1974	.079
1975	.105
1976	.089
1977	.089
1978	.079
1979	.064
1980	.063
1981	.074
1982	.074
1983	.079
1984	.073
1985	.073
1986	.063
1987	.089
1988	.105
1989	.073
1990	.089
1991	.105
1992	.089
1993	.089
1994	.063
1995	.072
1996	.072
1997	.072
1998	.046
1999	.063
2000	.079
2001	.071
2002	.046
2003	.079
2004	.046
2005	.079
2006	.046
2007	.046
2008	.079
2009	.046
2010	.105
2011	.062
2012	.039
2013	.07
2014	.105
2015	.062
2016	.105
2017	.046
2018	.105
2019	.046
2020	.046
2021	.105
2022	.105
2023	.07
2024	.069
2025	.039
2026	.105
2027	.039
2028	.069
2029	.039
2030	.046
2031	.069
2032	.104
2033	.069
2034	.103
2035	.032
2036	.032
2037	.046
2038	.062
2039	.032
2040	.062
2041	.062
2042	.062
2043	.103
2044	.038
2045	.046
2046	.062
2047	.038
2048	.062
2049	.038
2050	.037
2051	.062
2052	.103
2053	.037
2054	.062
2055	.062
2056	.062
2057	.102
2058	-.771
2059	-.771
2060	-.823
2061	-.772
2062	-.773
2063	-.791
2064	-.853
2065	-.855
2066	-.795
2067	-.828
2068	-.856
2069	-.729
2070	.037
2071	.037
2072	.026
2073	.037
2074	.046
2075	.046
2076	.037
2077	.102
2078	.037
2079	.046
2080	.045
2081	.032
2082	.026
2083	.037
2084	.037
2085	.037
2086	.045
2087	.102
2088	-.825
2089	-.828
2090	-.733
2091	-.856
2092	-.774
2093	-.828
2094	.032
2095	.062
2096	.037
2097	.06
2098	.031
2099	.026
2100	.026
2101	.06
2102	.06
2103	.026
2104	.031
2105	.026
2106	.031
2107	-.828
2108	-.856
2109	-.774
2110	-.796
2111	-.774
2112	-.777
2113	-.859
2114	-.828
2115	-.796
2116	-.86
2117	-.828
2118	.06
2119	.036
2120	.036
2121	.036
2122	.036
2123	.036
2124	.03
2125	.059
2126	.025
2127	.025
2128	.03
2129	.03
2130	.03
2131	.035
2132	.025
2133	-.828
2134	-.863
2135	-.828
2136	-.8
2137	-.828
2138	-.828
2139	-.779
2140	-.828
2141	-.864
2142	-.784
2143	-.801
2144	-.828
2145	-.784
2146	-.828
2147	-.784
2148	-.828
2149	-.784
2150	-.788
2151	-.803
2152	-.828
2153	-.831
2154	-.833
2155	-.828
2156	-.828
2157	-.836
2158	-.865
2159	-.865
2160	-.838
2161	-.791
2162	-.869
2163	-.804
2164	-.838
2165	-.828
2167	-.642
2168	-.687
2169	-.689
2170	-.691
2171	-.658
2172	-.703
2173	-.644
2174	-.646
2175	-.691
2176	-.648
2177	-.691
2178	-.694
2179	-.671
2180	-.658
2181	-.648
2182	-.649
2183	-.658
2184	-.694
2185	-.658
2186	-.672
2187	-.649
2188	-.695
2189	-.658
2190	-.65
2191	.193
2192	.177
2193	.213
2194	.176
2195	.174
2196	.172
2197	.172
2198	.172
2199	.213
2200	.172
2201	.172
2202	.172
2203	.184
2204	.184
2205	.212
2206	.184
2207	.212
2208	.184
2209	.193
2210	.183
2211	.211
2212	.172
2213	.211
2214	.172
2215	.183
2216	.183
2217	.172
2218	.172
2219	.172
2220	.172
2221	.211
2222	.154
2223	.182
2224	.211
2225	.211
2226	.172
2227	.172
2228	.182
2229	.211
2230	.21
2231	.172
2232	.209
2233	.181
2234	.181
2235	.169
2236	.181
2237	.18
2238	.135
2239	.209
2240	.154
2241	.168
2242	.209
2243	.209
2244	.135
2245	.167
2246	.167
2247	.209
2248	.143
2249	.153
2250	.153
2251	.153
2252	.153
2253	.153
2254	.135
2255	.167
2256	.135
2257	.208
2258	.207
2259	.207
2260	.167
2261	.166
2262	.143
2263	.153
2264	.207
2265	.153
2266	.142
2267	.142
2268	.153
2269	.151
2270	.142
2271	.142
2272	.166
2273	.207
2274	.141
2275	.207
2276	.141
2277	.207
2278	.151
2279	.207
2280	.141
2281	.166
2282	.141
2283	.151
2284	.206
2285	.165
2286	.141
2287	.151
2288	.124
2289	.141
2290	.205
2291	.15
2292	.204
2293	.124
2294	.135
2295	.134
2296	.204
2297	.123
2298	.134
2299	.134
2300	.15
2301	.141
2302	.122
2303	.134
2304	.122
2305	.133
2306	.119
2307	.133
2308	.15
2309	.204
2310	.132
2311	.141
2312	.119
2313	.141
2314	.132
2315	.15
2316	.149
2317	.132
2318	.132
2319	.119
2320	.204
2321	.131
2322	.131
2323	.141
2324	.204
2325	.149
2326	.119
2327	.149
2328	.131
2329	.119
2330	.131
2331	.149
2332	.149
2333	.204
2334	.141
2335	.119
2336	.204
2337	.14
2338	.14
2339	.14
2340	.14
2341	.14
2342	.119
2343	.119
2344	.14
2345	.165
2346	.119
2347	.119
2348	.14
2349	.14
2350	.131
2351	-.713
2352	-.718
2353	-.703
2354	-.717
2355	-.719
2356	-.703
2357	-.729
2358	-.72
2359	.13
2360	.149
2361	.165
2362	.119
2363	.13
2364	.149
2365	.139
2366	.139
2367	.165
2368	.139
2369	.119
2370	.164
2371	.139
2372	.164
2373	.139
2374	.119
2375	.129
2376	.138
2377	.164
2378	.163
2379	.138
2380	.129
2381	.138
2382	.163
2383	.149
2384	.129
2385	.119
2386	.137
2387	.148
2388	.129
2389	.129
2390	.148
2391	.163
2392	.129
2393	.137
2394	.137
2395	.148
2396	.119
2397	.137
2398	.147
2399	.119
2400	.163
2401	.163
2402	.163
2403	.163
2404	.147
2405	.129
2406	.129
2407	.119
2408	.137
2409	.129
2410	.145
2411	.162
2412	.129
2413	.145
2414	.119
2415	.119
2416	.161
2417	.119
2418	.129
2419	.137
2420	.161
2421	.144
2422	.161
2423	.135
2424	.135
2425	.144
2426	.119
2427	.16
2428	.129
2429	.16
2430	.119
2431	.144
2432	.144
2433	.135
2434	.16
2435	.118
2436	.127
2437	.16
2438	.144
2439	.117
2440	.16
2441	.135
2442	.117
2443	.117
2444	.117
2445	.135
2446	.126
2447	.144
2448	.116
2449	.135
2450	.16
2451	.16
2452	.135
2453	.159
2454	.114
2455	.114
2456	.114
2457	.159
2458	.114
2459	.159
2460	.126
2461	.135
2462	.114
2463	.158
2464	.144
2465	.135
2466	.126
2467	.144
2468	.158
2469	.114
2470	.126
2471	.157
2472	.157
2473	.135
2474	.144
2475	.088
2476	.088
2477	.157
2478	.125
2479	.157
2480	.156
2481	.156
2482	.088
2483	.087
2484	.156
2485	.125
2486	.087
2487	.086
2488	.144
2489	.124
2490	.144
2491	.114
2492	.086
2493	.086
2494	.113
2495	.086
2496	.085
2497	.155
2498	.144
2499	.085
2500	.124
2501	.155
2502	.113
2503	-.705
2504	-.729
2505	-.71
2506	-.72
2507	-.713
2508	-.721
2509	-.714
2510	-.722
2511	-.729
2512	-.738
2513	-.714
2514	-.74
2515	-.729
2516	-.713
2517	-.743
2518	-.729
2519	-.729
2520	-.743
2521	-.751
2522	-.746
2523	-.746
2524	-.729
2525	-.714
2526	-.729
2528	-.595
2529	-.606
2530	-.618
2531	-.633
2532	-.624
2533	-.622
2534	-.627
2535	-.595
2536	-.634
2537	-.622
2538	-.606
2539	-.611
2540	-.627
2541	-.622
2542	-.622
2543	-.622
2544	-.635
2545	-.622
2546	-.597
2547	-.627
2548	-.622
2549	-.597
2550	-.636
2551	-.636
2552	.244
2553	.221
2554	.234
2555	.337
2556	.233
2557	.337
2558	.221
2559	.233
2560	.233
2561	.25
2562	.233
2563	.233
2564	.242
2565	.242
2566	.335
2567	.233
2568	.25
2569	.335
2570	.242
2571	.242
2572	.335
2573	.22
2574	.233
2575	.242
2576	.22
2577	.335
2578	.334
2579	.334
2580	.25
2581	.242
2582	.25
2583	.22
2584	.232
2585	.242
2586	.22
2587	.242
2588	.25
2589	.249
2590	.242
2591	.219
2592	.219
2593	.242
2594	.332
2595	.232
2596	.332
2597	.219
2598	.231
2599	.231
2600	.219
2601	.231
2602	.219
2603	.217
2604	.216
2605	.23
2606	.216
2607	.332
2608	.331
2609	.331
2610	.23
2611	.216
2612	.33
2613	.33
2614	.242
2615	.249
2616	.242
2617	.249
2618	.249
2619	.249
2620	.242
2621	.242
2622	.229
2623	.229
2624	.329
2625	.216
2626	.216
2627	.216
2628	.249
2629	.249
2630	.242
2631	.248
2632	.248
2633	.216
2634	.242
2635	.247
2636	.247
2637	.216
2638	.329
2639	.242
2640	.24
2641	.271
2642	.271
2643	.271
2644	.216
2645	.229
2646	.229
2647	.216
2648	.239
2649	.247
2650	.247
2651	.27
2652	.269
2653	.246
2654	.228
2655	.246
2656	.269
2657	.268
2658	.267
2659	.246
2660	.245
2661	.216
2662	.239
2663	.238
2664	.266
2665	.216
2666	.266
2667	.216
2668	.245
2669	.216
2670	.228
2671	.245
2672	.203
2673	.265
2674	.216
2675	.264
2676	.238
2677	.264
2678	.228
2679	.264
2680	.237
2681	.216
2682	.236
2683	.216
2684	.236
2685	.236
2686	.216
2687	.263
2688	.236
2689	.263
2690	.227
2691	.226
2692	.226
2693	.216
2694	.226
2695	.226
2696	.236
2697	.263
2698	.203
2699	.236
2700	.216
2701	.216
2702	.215
2703	.263
2704	.263
2705	.172
2706	.262
2707	.226
2708	.193
2709	.202
2710	.202
2711	.262
2712	.225
2713	.262
2714	.193
2715	.172
2716	.202
2717	.225
2718	.192
2719	.225
2720	.201
2721	.201
2722	.191
2723	.2
2724	.2
2725	.261
2726	.191
2727	.172
2728	.261
2729	.2
2730	.225
2731	.199
2732	.261
2733	.172
2734	.225
2735	.172
2736	.199
2737	.199
2738	.26
2739	.259
2740	.225
2741	.172
2742	.172
2743	.172
2744	.199
2745	.259
2746	.197
2747	.224
2748	.172
2749	.224
2750	.197
2751	.259
2752	.19
2753	.172
2754	.259
2755	.223
2756	.197
2757	.179
2758	.172
2759	.197
2760	.197
2761	.179
2762	.259
2763	.259
2764	.259
2765	.19
2766	.179
2767	.179
2768	.197
2769	.19
2770	.172
2771	.172
2772	.259
2773	.179
2774	.259
2775	.196
2776	.179
2777	.19
2778	.259
2779	.196
2780	-.606
2781	-.606
2782	-.606
2783	-.696
2784	-.696
2785	-.672
2786	-.658
2787	-.672
2788	-.652
2789	-.672
2790	-.606
2791	-.606
2792	.258
2793	.19
2794	.189
2795	.189
2796	.172
2797	.257
2798	.189
2799	.188
2800	.187
2801	.257
2802	.178
2803	.256
2804	.187
2805	.187
2806	.196
2807	.172
2808	.256
2809	.196
2810	-.673
2811	-.658
2812	-.606
2813	-.654
2814	-.696
2815	-.655
2816	.187
2817	.178
2818	.256
2819	.172
2820	.187
2821	.187
2822	.256
2823	.196
2824	.256
2825	.186
2826	.195
2827	.195
2828	.178
2829	-.637
2830	-.658
2831	-.698
2832	-.674
2833	-.658
2834	-.674
2835	-.699
2836	-.663
2837	-.658
2838	-.658
2839	-.675
2840	.195
2841	.194
2842	.186
2843	.186
2844	.172
2845	.172
2846	.184
2847	.193
2848	.178
2849	.177
2850	.172
2851	.214
2852	.193
2853	.177
2854	.172
2855	-.7
2856	-.7
2857	-.703
2858	-.658
2859	-.658
2860	-.665
2861	-.637
2862	-.703
2863	-.676
2864	-.639
2865	-.665
2866	-.679
2867	-.667
2868	-.679
2869	-.703
2870	-.639
2871	-.658
2872	-.658
2873	-.682
2874	-.667
2875	-.668
2876	-.703
2877	-.684
2878	-.684
2879	-.658
2880	-.684
2881	-.639
2882	-.639
2883	-.685
2884	-.686
2885	-.669
2886	-.641
2887	-.703
2889	-.591
2890	-.574
2891	-.584
2892	-.589
2893	-.598
2894	-.599
2895	-.584
2896	-.59
2897	-.599
2898	-.591
2899	-.574
2900	-.584
2901	-.591
2902	-.587
2903	-.591
2904	-.587
2905	-.588
2906	-.591
2907	-.591
2908	-.599
2909	-.591
2910	-.591
2911	-.576
2912	-.601
2913	.365
2914	.342
2915	.416
2916	.416
2917	.416
2918	.364
2919	.364
2920	.364
2921	.326
2922	.325
2923	.416
2924	.363
2925	.342
2926	.315
2927	.342
2928	.363
2929	.342
2930	.415
2931	.363
2932	.342
2933	.325
2934	.414
2935	.414
2936	.315
2937	.315
2938	.342
2939	.414
2940	.363
2941	.342
2942	.315
2943	.362
2944	.342
2945	.362
2946	.342
2947	.342
2948	.361
2949	.361
2950	.412
2951	.361
2952	.342
2953	.411
2954	.36
2955	.411
2956	.314
2957	.325
2958	.325
2959	.41
2960	.342
2961	.36
2962	.409
2963	.314
2964	.325
2965	.36
2966	.359
2967	.313
2968	.359
2969	.409
2970	.342
2971	.342
2972	.313
2973	.359
2974	.342
2975	.409
2976	.324
2977	.342
2978	.284
2979	.409
2980	.409
2981	.359
2982	.359
2983	.313
2984	.284
2985	.358
2986	.284
2987	.358
2988	.284
2989	.409
2990	.324
2991	.358
2992	.409
2993	.358
2994	.358
2995	.284
2996	.357
2997	.408
2998	.283
2999	.283
3000	.283
3001	.283
3002	.406
3003	.324
3004	.357
3005	.357
3006	.283
3007	.324
3008	.406
3009	.406
3010	.313
3011	.283
3012	.297
3013	.406
3014	.323
3015	.313
3016	.322
3017	.321
3018	.297
3019	.297
3020	.321
3021	.311
3022	.283
3023	.321
3024	.405
3025	.405
3026	.311
3027	.309
3028	.297
3029	.297
3030	.309
3031	.405
3032	.297
3033	.281
3034	.321
3035	.297
3036	.297
3037	.319
3038	.404
3039	.309
3040	.309
3041	.28
3042	.309
3043	.297
3044	.404
3045	.319
3046	.319
3047	.309
3048	.297
3049	.342
3050	.28
3051	.318
3052	.296
3053	.309
3054	.28
3055	.296
3056	.28
3057	.296
3058	.342
3059	.318
3060	.28
3061	.296
3062	.28
3063	.318
3064	.28
3065	.295
3066	.309
3067	.318
3068	.317
3069	.279
3070	.295
3071	.279
3072	.294
3073	.279
3074	.317
3075	.279
3076	.279
3077	.342
3078	.308
3079	.294
3080	.308
3081	.294
3082	.317
3083	.342
3084	.278
3085	.316
3086	.278
3087	.307
3088	.294
3089	.316
3090	.278
3091	.316
3092	.294
3093	.294
3094	.293
3095	.316
3096	.307
3097	.278
3098	.307
3099	.293
3100	.277
3101	.307
3102	.315
3103	.306
3104	.304
3105	-.603
3106	-.602
3107	-.591
3108	-.606
3109	-.603
3110	-.603
3111	.315
3112	.304
3113	.304
3114	.315
3115	.315
3116	.293
3117	.293
3118	.342
3119	.256
3120	.293
3121	.276
3122	.293
3123	.342
3124	.293
3125	.255
3126	.276
3127	.304
3128	.275
3129	.304
3130	.293
3131	.342
3132	.342
3133	.304
3134	.255
3135	.342
3136	.274
3137	.271
3138	.292
3139	.342
3140	.271
3141	.271
3142	.304
3143	.254
3144	.291
3145	.291
3146	.254
3147	.302
3148	.254
3149	.29
3150	.271
3151	.253
3152	.302
3153	.253
3154	.271
3155	.342
3156	.302
3157	.253
3158	.29
3159	.342
3160	.289
3161	.288
3162	.271
3163	.342
3164	.271
3165	.271
3166	.287
3167	.271
3168	.287
3169	.287
3170	.342
3171	.301
3172	.287
3173	.253
3174	.287
3175	.287
3176	.271
3177	.301
3178	.271
3179	.342
3180	.271
3181	.342
3182	.271
3183	.342
3184	.342
3185	.253
3186	.342
3187	.287
3188	.342
3189	.34
3190	.271
3191	.301
3192	.286
3193	.338
3194	.252
3195	.301
3196	.3
3197	.285
3198	.285
3199	.284
3200	.271
3201	.235
3202	.222
3203	.337
3204	.222
3205	.337
3206	.252
3207	.252
3208	.252
3209	.235
3210	.222
3211	.235
3212	.221
3213	.235
3214	.3
3215	.298
3216	.251
3217	.251
3218	.298
3219	.221
3220	.245
3221	.25
3222	.244
3223	.234
3224	.234
3225	-.628
3226	-.606
3227	-.629
3228	-.594
3229	-.606
3230	-.606
3231	-.612
3232	-.612
3233	-.594
3234	-.623
3235	-.615
3236	-.615
3237	-.606
3238	-.615
3239	-.63
3240	-.594
3241	-.63
3242	-.615
3243	-.616
3244	-.632
3245	-.623
3246	-.624
3247	-.617
3248	-.633
3250	-.548
3251	-.55
3252	-.565
3253	-.583
3254	-.571
3255	-.55
3256	-.579
3257	-.571
3258	-.58
3259	-.566
3260	-.551
3261	-.58
3262	-.58
3263	-.551
3264	-.58
3265	-.571
3266	-.583
3267	-.572
3268	-.553
3269	-.573
3270	-.554
3271	-.584
3272	-.574
3273	-.581
3274	.429
3275	.429
3276	.388
3277	.509
3278	.429
3279	.387
3280	.386
3281	.428
3282	.396
3283	.509
3284	.386
3285	.396
3286	.394
3287	.394
3288	.449
3289	.394
3290	.509
3291	.428
3292	.394
3293	.428
3294	.394
3295	.449
3296	.385
3297	.426
3298	.356
3299	.449
3300	.385
3301	.449
3302	.385
3303	.449
3304	.385
3305	.508
3306	.394
3307	.385
3308	.356
3309	.507
3310	.385
3311	.393
3312	.356
3313	.507
3314	.392
3315	.449
3316	.385
3317	.384
3318	.384
3319	.392
3320	.355
3321	.506
3322	.392
3323	.383
3324	.392
3325	.383
3326	.448
3327	.447
3328	.392
3329	.382
3330	.382
3331	.381
3332	.505
3333	.505
3334	.381
3335	.381
3336	.391
3337	.447
3338	.354
3339	.447
3340	.354
3341	.353
3342	.504
3343	.378
3344	.378
3345	.353
3346	.353
3347	.353
3348	.378
3349	.378
3350	.353
3351	.504
3352	.502
3353	.352
3354	.352
3355	.447
3356	.391
3357	.502
3358	.377
3359	.377
3360	.352
3361	.391
3362	.447
3363	.389
3364	.446
3365	.377
3366	.351
3367	.377
3368	.501
3369	.35
3370	.388
3371	.349
3372	.446
3373	.349
3374	.349
3375	.424
3376	.348
3377	.424
3378	.424
3379	.377
3380	.424
3381	.329
3382	.424
3383	.328
3384	.424
3385	.423
3386	.328
3387	.445
3388	.445
3389	.422
3390	.328
3391	.328
3392	.348
3393	.328
3394	.327
3395	.377
3396	.445
3397	.347
3398	.346
3399	.377
3400	.376
3401	.444
3402	.346
3403	.373
3404	.375
3405	.422
3406	.372
3407	.327
3408	.346
3409	.375
3410	.372
3411	.326
3412	.421
3413	.421
3414	.421
3415	.374
3416	.372
3417	.342
3418	.372
3419	.342
3420	.373
3421	.373
3422	.326
3423	.371
3424	.342
3425	.42
3426	.373
3427	.371
3428	.373
3429	.419
3430	.418
3431	.418
3432	.37
3433	.373
3434	.342
3435	.342
3436	.417
3437	.417
3438	.369
3439	.367
3440	.367
3441	.367
3442	.366
3443	.326
3444	.342
3445	.326
3446	.366
3447	.526
3448	.481
3449	.476
3450	.404
3451	.554
3452	.474
3453	.473
3454	.524
3455	.525
3456	.473
3457	.525
3458	.554
3459	.522
3460	.444
3461	.553
3462	.403
3463	.553
3464	.444
3465	.521
3466	.552
3467	.552
3468	.552
3469	.443
3470	.521
3471	.471
3472	.443
3473	.403
3474	.55
3475	.521
3476	.443
3477	.549
3478	.471
3479	.52
3480	.548
3481	.403
3482	.401
3483	.443
3484	.443
3485	.52
3486	.548
3487	.518
3488	.518
3489	.442
3490	.441
3491	.441
3492	.518
3493	.401
3494	.547
3495	.47
3496	.46
3497	.47
3498	.44
3499	.518
3500	.44
3501	.468
3502	.467
3503	.46
3504	.459
3505	.517
3506	.467
3507	.467
3508	.44
3509	.401
3510	.439
3511	.457
3512	.401
3513	.465
3514	.438
3515	.516
3516	.465
3517	.436
3518	.435
3519	.465
3520	.435
3521	.401
3522	.435
3523	.516
3524	.401
3525	.457
3526	.4
3527	.435
3528	.435
3529	.465
3530	.457
3531	.516
3532	.435
3533	.457
3534	.516
3535	.434
3536	.4
3537	.516
3538	.457
3539	.433
3540	.432
3541	.516
3542	.457
3543	.456
3544	.465
3545	.463
3546	.432
3547	.516
3548	.431
3549	.456
3550	.463
3551	.431
3552	.514
3553	.514
3554	.431
3555	.463
3556	.454
3557	.462
3558	.398
3559	.398
3560	.453
3561	.398
3562	.43
3563	.397
3564	.452
3565	.514
3566	.452
3567	.514
3568	.511
3569	.452
3570	.397
3571	.43
3572	.452
3573	.509
3574	.462
3575	.397
3576	.461
3577	.461
3578	.397
3579	.397
3580	.46
3581	.45
3582	.45
3583	.43
3584	.449
3585	.43
3586	-.548
3587	-.568
3588	-.565
3589	-.548
3590	-.565
3591	-.565
3592	-.565
3593	-.565
3594	-.565
3595	-.577
3596	-.565
3597	-.565
3598	-.565
3599	-.548
3600	-.565
3601	-.578
3602	-.569
3603	-.578
3604	-.57
3605	-.565
3606	-.583
3607	-.578
3608	-.565
3609	-.565
3611	-.533
3612	-.533
3613	-.54
3614	-.529
3615	-.531
3616	-.519
3617	-.54
3618	-.519
3619	-.54
3620	-.519
3621	-.531
3622	-.533
3623	-.533
3624	-.533
3625	-.521
3626	-.533
3627	-.533
3628	-.541
3629	-.533
3630	-.533
3631	-.533
3632	-.533
3633	-.533
3634	-.541
3635	.769
3636	.997
3637	.699
3638	.768
3639	.767
3640	.822
3641	.631
3642	.631
3643	.821
3644	.819
3645	.816
3646	.763
3647	.816
3648	.631
3649	.815
3650	.996
3651	.699
3652	.992
3653	.629
3654	.987
3655	.812
3656	.699
3657	.757
3658	.81
3659	.983
3660	.807
3661	.979
3662	.757
3663	.974
3664	.974
3665	.627
3666	.698
3667	.757
3668	.968
3669	.807
3670	.968
3671	.805
3672	.612
3673	.626
3674	.611
3675	.625
3676	.757
3677	.698
3678	.966
3679	.61
3680	.757
3681	.696
3682	.624
3683	.693
3684	.966
3685	.962
3686	.757
3687	.757
3688	.624
3689	.757
3690	.962
3691	.61
3692	.692
3693	.609
3694	.608
3695	.957
3696	.692
3697	.608
3698	.607
3699	.623
3700	.623
3701	.607
3702	.622
3703	.605
3704	.757
3705	.69
3706	.69
3707	.757
3708	.547
3709	.605
3710	.757
3711	.619
3712	.618
3713	.546
3714	.545
3715	.757
3716	.605
3717	.952
3718	.748
3719	.69
3720	.688
3721	.617
3722	.686
3723	.617
3724	.545
3725	.605
3726	.617
3727	.617
3728	.605
3729	.602
3730	.545
3731	.544
3732	.617
3733	.748
3734	.686
3735	.602
3736	.746
3737	.602
3738	.602
3739	.686
3740	.745
3741	.744
3742	.686
3743	.684
3744	.736
3745	.617
3746	.601
3747	.612
3748	.543
3749	.612
3750	.6
3751	.735
3752	.5
3753	.683
3754	.735
3755	.542
3756	.682
3757	.599
3758	.541
3759	.596
3760	.596
3761	.596
3762	.734
3763	.68
3764	.68
3765	.498
3766	.58
3767	.68
3768	.58
3769	.58
3770	.596
3771	.596
3772	.579
3773	.678
3774	.54
3775	.497
3776	.579
3777	.54
3778	.578
3779	.677
3780	.578
3781	.677
3782	.596
3783	.494
3784	.494
3785	.577
3786	.576
3787	.575
3788	.575
3789	.595
3790	.674
3791	.54
3792	.494
3793	.593
3794	.574
3795	.593
3796	.494
3797	.593
3798	.592
3799	.494
3800	.494
3801	.591
3802	.539
3803	.574
3804	.674
3805	.57
3806	.539
3807	.591
3808	.674
3809	.59
3810	.538
3811	.538
3812	.536
3813	.569
3814	.536
3815	.494
3816	.494
3817	.568
3818	.536
3819	.567
3820	.674
3821	.567
3822	.674
3823	.59
3824	.589
3825	.534
3826	.588
3827	-.533
3828	-.541
3829	-.543
3830	-.554
3831	-.543
3832	-.543
3833	.587
3834	.586
3835	.534
3836	.494
3837	.494
3838	.534
3839	.674
3840	.564
3841	.673
3842	.67
3843	.534
3844	.534
3845	.669
3846	.533
3847	.585
3848	.584
3849	.583
3850	.582
3851	.564
3852	.494
3853	.564
3854	.494
3855	.494
3856	.582
3857	.494
3858	.564
3859	.564
3860	.491
3861	.582
3862	.582
3863	.668
3864	.582
3865	.561
3866	.489
3867	.582
3868	.532
3869	.481
3870	.489
3871	.488
3872	.668
3873	.559
3874	.665
3875	.664
3876	.531
3877	.664
3878	.488
3879	.481
3880	.488
3881	.48
3882	.559
3883	.48
3884	.531
3885	.479
3886	.531
3887	.487
3888	.487
3889	.487
3890	.531
3891	.486
3892	.664
3893	.486
3894	.478
3895	.531
3896	.486
3897	.529
3898	.558
3899	.529
3900	.661
3901	.527
3902	.527
3903	.486
3904	.659
3905	.659
3906	.658
3907	.485
3908	.558
3909	.656
3910	.527
3911	.656
3912	.478
3913	.655
3914	.485
3915	.484
3916	.558
3917	.557
3918	.527
3919	.556
3920	.477
3921	.484
3922	.483
3923	.483
3924	.653
3925	.556
3926	.527
3927	.651
3928	.555
3929	.483
3930	.65
3931	.526
3932	.554
3933	.483
3934	.477
3935	.477
3936	.554
3937	.65
3938	.65
3939	.483
3940	.477
3941	.476
3942	.482
3943	.482
3944	.648
3945	.648
3946	.476
3947	-.554
3948	-.543
3949	-.543
3950	-.537
3951	-.554
3952	-.537
3953	-.554
3954	-.565
3955	-.555
3956	-.565
3957	-.546
3958	-.546
3959	-.565
3960	-.542
3961	-.565
3962	-.538
3963	-.565
3964	-.539
3965	-.539
3966	-.543
3967	-.56
3968	-.565
3969	-.543
3970	-.565
3972	-.495
3973	-.527
3974	-.528
3975	-.506
3976	-.506
3977	-.529
3978	-.495
3979	-.506
3980	-.496
3981	-.497
3982	-.516
3983	-.497
3984	-.506
3985	-.498
3986	-.533
3987	-.498
3988	-.501
3989	-.529
3990	-.511
3991	-.533
3992	-.512
3993	-.529
3994	-.512
3995	-.539
3996	
3997	.647
3998	
3999	.867
4000	
4001	1467
4002	.866
4003	1458
4004	1457
4005	1439
4006	.734
4007	1431
4008	.647
4009	1094
4010	.864
4011	1089
4012	.863
4013	.86
4014	.86
4015	.86
4016	.647
4017	.855
4018	.731
4019	1088
4020	.73
4021	.73
4022	.85
4023	.646
4024	.849
4025	1419
4026	1081
4027	.646
4028	1079
4029	.728
4030	1407
4031	1406
4032	.642
4033	1076
4034	1072
4035	.641
4036	1.4
4037	.728
4038	1068
4039	.844
4040	.842
4041	.841
4042	.727
4043	1393
4044	.725
4045	.641
4046	.841
4047	.641
4048	.722
4049	1387
4050	.84
4051	1066
4052	1062
4053	.641
4054	.804
4055	.802
4056	.837
4057	1.06
4058	.721
4059	.837
4060	.835
4061	.832
4062	.801
4063	.721
4064	.832
4065	.72
4066	.719
4067	.718
4068	.716
4069	.716
4070	1.05
4071	.715
4072	.832
4073	.64
4074	.83
4075	.715
4076	1047
4077	.801
4078	.714
4079	.798
4080	.797
4081	1045
4082	1043
4083	.796
4084	.794
4085	.712
4086	1041
4087	.79
4088	.64
4089	.64
4090	1039
4091	.789
4092	.788
4093	.712
4094	.712
4095	.64
4096	.637
4097	.829
4098	.712
4099	.711
4100	.784
4101	.636
4102	.711
4103	.827
4104	1035
4105	1026
4106	.783
4107	1024
4108	.779
4109	1.02
4110	.635
4111	.779
4112	.827
4113	.71
4114	.776
4115	.708
4116	.776
4117	1014
4118	.708
4119	1013
4120	.773
4121	1011
4122	.633
4123	.631
4124	.631
4125	.771
4126	.823
4127	1006
4128	1005
4129	1005
4130	1003
4131	.631
4132	.771
4133	.706
4134	1
4135	.998
4136	.701
4137	.7
4138	.7
4139	.822
4140	.7
4141	
4142	
4143	
4144	
4145	
4146	4093
4147	
4148	.904
4149	4.07
4150	
4151	
4152	4
4153	
4154	
4155	1384
4156	.899
4157	
4158	
4159	.896
4160	1.37
4161	1346
4162	1336
4163	3999
4164	
4165	1332
4166	2435
4167	2393
4168	
4169	2342
4170	3923
4171	2256
4172	1.31
4173	
4174	
4175	2088
4176	1302
4177	
4178	1297
4179	2062
4180	1289
4181	1288
4182	
4183	3902
4184	3866
4185	1287
4186	1943
4187	1.92
4188	1273
4189	
4190	1271
4191	1918
4192	
4193	
4194	1913
4195	.893
4196	
4197	1267
4198	1249
4199	
4200	.892
4201	
4202	
4203	.891
4204	
4205	.888
4206	3.81
4207	1.24
4208	
4209	3757
4210	.888
4211	1238
4212	3749
4213	1232
4214	.885
4215	
4216	3676
4217	1226
4218	3667
4219	1216
4220	3606
4221	
4222	
4223	1209
4224	1195
4225	3564
4226	3316
4227	1193
4228	.884
4229	
4230	1894
4231	1192
4232	1885
4233	1854
4234	1813
4235	1772
4236	.882
4237	.882
4238	1192
4239	1187
4240	
4241	3245
4242	1727
4243	3228
4244	
4245	
4246	1726
4247	1716
4248	.881
4249	3073
4250	1181
4251	.88
4252	1173
4253	1165
4254	
4255	
4256	1163
4257	1.7
4258	3.06
4259	1631
4260	1628
4261	1161
4262	1157
4263	.879
4264	1578
4265	1144
4266	3042
4267	1572
4268	
4269	
4270	1564
4271	2791
4272	1494
4273	.876
4274	2716
4275	2654
4276	.875
4277	2652
4278	1494
4279	
4280	2619
4281	
4282	1481
4283	.872
4284	
4285	1473
4286	
4287	
4288	
4289	.87
4290	.869
4291	1128
4292	1119
4293	1118
4294	1115
4295	
4296	
4297	.868
4298	1.47
4299	.868
4300	2564
4301	1114
4302	2558
4303	2522
4304	1.11
4305	1099
4306	.868
4307	2441
4308	-.506
4309	-.513
4310	-.491
4311	-.514
4312	-.525
4313	-.506
4314	-.506
4315	-.514
4316	-.493
4317	-.514
4318	-.506
4319	-.526
4320	-.515
4321	-.506
4322	-.506
4323	-.506
4324	-.506
4325	-.506
4326	-.516
4327	-.516
4328	-.539
4329	-.493
4330	-.495
4331	-.516
4333	-.466
4334	-.455
4335	-.473
4336	-.473
4337	-.473
4338	-.455
4339	-.466
4340	-.502
4341	-.455
4342	-.471
4343	-.502
4344	-.471
4345	-.503
4346	-.475
4347	-.466
4348	-.475
4349	-.506
4350	-.455
4351	-.473
4352	-.475
4353	-.473
4354	-.506
4355	-.475
4356	-.473
4357	
4358	
4359	
4360	
4361	
4362	
4363	
4364	
4365	
4366	
4367	
4368	
4369	
4370	
4371	
4372	
4373	
4374	
4375	
4376	
4377	
4378	
4379	
4380	
4381	
4382	
4383	
4384	
4385	
4386	
4387	
4388	
4389	
4390	
4391	
4392	
4393	
4394	
4395	
4396	
4397	
4398	
4399	
4400	
4401	
4402	
4403	
4404	
4405	
4406	
4407	
4408	
4409	
4410	
4411	
4412	
4413	
4414	
4415	
4416	
4417	
4418	
4419	
4420	
4421	
4422	
4423	
4424	
4425	
4426	
4427	
4428	
4429	
4430	
4431	
4432	
4433	
4434	
4435	
4436	
4437	
4438	
4439	
4440	
4441	
4442	
4443	
4444	
4445	
4446	
4447	
4448	
4449	
4450	
4451	
4452	
4453	
4454	
4455	
4456	
4457	
4458	
4459	
4460	
4461	
4462	
4463	
4464	
4465	
4466	
4467	
4468	
4469	
4470	
4471	
4472	
4473	
4474	
4475	
4476	
4477	
4478	
4479	
4480	
4481	
4482	
4483	
4484	
4485	
4486	
4487	
4488	
4489	
4490	
4491	
4492	
4493	
4494	
4495	
4496	
4497	
4498	
4499	
4500	
4501	
4502	
4503	
4504	
4505	
4506	
4507	
4508	
4509	
4510	
4511	
4512	
4513	-.482
4514	-.484
4515	-.476
4516	-.486
4517	-.506
4518	-.476
4519	-.484
4520	-.484
4521	-.484
4522	-.486
4523	-.484
4524	-.488
4525	
4526	
4527	
4528	
4529	
4530	
4531	
4532	
4533	
4534	
4535	
4536	
4537	
4538	
4539	
4540	
4541	
4542	
4543	6246
4544	
4545	
4546	
4547	
4548	
4549	
4550	
4551	
4552	5834
4553	
4554	
4555	
4556	5655
4557	
4558	5166
4559	
4560	
4561	
4562	
4563	5139
4564	
4565	
4566	
4567	
4568	
4569	
4570	4961
4571	
4572	
4573	
4574	
4575	
4576	
4577	
4578	
4579	
4580	
4581	4664
4582	4644
4583	
4584	
4585	
4586	
4587	
4588	
4589	.949
4590	
4591	
4592	.949
4593	
4594	
4595	
4596	
4597	
4598	
4599	
4600	
4601	.946
4602	.945
4603	
4604	
4605	
4606	
4607	
4608	
4609	.944
4610	
4611	
4612	
4613	.941
4614	
4615	
4616	
4617	.931
4618	
4619	
4620	
4621	
4622	.927
4623	
4624	
4625	
4626	
4627	4606
4628	
4629	4.42
4630	
4631	
4632	.921
4633	4386
4634	
4635	
4636	4311
4637	
4638	
4639	
4640	4276
4641	
4642	
4643	.92
4644	
4645	
4646	.919
4647	.914
4648	4267
4649	
4650	
4651	
4652	
4653	.913
4654	.91
4655	.908
4656	
4657	
4658	4229
4659	
4660	
4661	
4662	.905
4663	4203
4664	
4665	4.18
4666	
4667	4163
4668	.905
4669	-.521
4670	-.522
4671	-.489
4672	-.523
4673	-.523
4674	-.506
4675	-.506
4676	-.506
4677	-.491
4678	-.491
4679	-.491
4680	-.523
4681	-.476
4682	-.491
4683	-.491
4684	-.476
4685	-.506
4686	-.484
4687	-.484
4688	-.523
4689	-.491
4690	-.476
4691	-.524
4692	-.484
4694	-.48
4695	-.453
4696	-.432
4697	-.48
4698	-.468
4699	-.469
4700	-.433
4701	-.433
4702	-.471
4703	-.481
4704	-.466
4705	-.481
4706	-.471
4707	-.455
4708	-.471
4709	-.455
4710	-.466
4711	-.436
4712	-.455
4713	-.436
4714	-.436
4715	-.436
4716	-.481
4717	-.455
4718	
4719	
4720	
4721	
4722	
4723	
4724	
4725	
4726	
4727	
4728	
4729	
4730	
4731	
4732	
4733	
4734	
4735	
4736	
4737	
4738	
4739	
4740	
4741	
4742	
4743	
4744	
4745	
4746	
4747	
4748	
4749	
4750	
4751	
4752	
4753	
4754	
4755	
4756	
4757	
4758	
4759	
4760	
4761	
4762	
4763	
4764	
4765	
4766	
4767	
4768	
4769	
4770	
4771	
4772	
4773	
4774	
4775	
4776	
4777	
4778	
4779	
4780	
4781	
4782	
4783	
4784	
4785	
4786	
4787	
4788	
4789	
4790	
4791	
4792	
4793	
4794	
4795	
4796	
4797	
4798	
4799	
4800	
4801	
4802	
4803	
4804	
4805	
4806	
4807	
4808	
4809	
4810	
4811	
4812	
4813	
4814	
4815	
4816	
4817	
4818	
4819	
4820	
4821	
4822	
4823	
4824	
4825	
4826	
4827	
4828	
4829	
4830	
4831	
4832	
4833	
4834	
4835	
4836	
4837	
4838	
4839	
4840	
4841	
4842	
4843	
4844	
4845	
4846	
4847	
4848	
4849	
4850	
4851	
4852	
4853	
4854	
4855	
4856	
4857	
4858	
4859	
4860	
4861	
4862	
4863	
4864	
4865	
4866	
4867	
4868	
4869	
4870	
4871	
4872	
4873	
4874	
4875	
4876	
4877	
4878	
4879	
4880	
4881	
4882	
4883	
4884	
4885	
4886	
4887	
4888	
4889	
4890	
4891	
4892	
4893	
4894	
4895	
4896	
4897	
4898	
4899	
4900	
4901	
4902	
4903	
4904	
4905	
4906	
4907	
4908	
4909	
4910	
4911	
4912	
4913	
4914	
4915	
4916	
4917	
4918	
4919	
4920	
4921	
4922	
4923	
4924	
4925	
4926	
4927	
4928	
4929	
4930	
4931	
4932	
4933	
4934	
4935	
4936	
4937	
4938	
4939	
4940	
4941	
4942	-.427
4943	-.436
4944	-.438
4945	-.427
4946	-.441
4947	-.447
4948	-.44
4949	-.44
4950	-.428
4951	-.447
4952	-.442
4953	-.44
4954	-.441
4955	-.442
4956	-.448
4957	-.459
4958	
4959	
4960	
4961	
4962	
4963	
4964	
4965	
4966	
4967	
4968	
4969	
4970	
4971	
4972	-.428
4973	-.45
4974	
4975	
4976	-.428
4977	-.443
4978	-.429
4979	-.443
4980	-.477
4981	-.429
4982	
4983	
4984	
4985	
4986	
4987	
4988	
4989	
4990	
4991	
4992	
4993	
4994	-.444
4995	-.444
4996	-.43
4997	-.459
4998	-.478
4999	-.45
5000	-.43
5001	-.445
5002	-.45
5003	-.46
5004	-.466
5005	-.45
5006	
5007	
5008	
5009	
5010	
5011	
5012	
5013	
5014	
5015	
5016	
5017	
5018	-.466
5019	-.45
5020	-.445
5021	-.43
5022	-.445
5023	-.445
5024	-.466
5025	-.466
5026	-.45
5027	-.445
5028	-.466
5029	-.478
5030	-.445
5031	-.478
5032	-.478
5033	-.451
5034	-.451
5035	-.478
5036	-.466
5037	-.478
5038	-.453
5039	-.466
5040	-.478
5041	-.446
5042	-.431
5043	-.479
5044	-.447
5045	-.432
5046	-.48
5047	-.432
5048	-.447
5049	-.466
5050	-.453
5051	-.447
5052	-.48
5053	-.466
5055	-.413
5056	-.413
5057	-.399
5058	-.413
5059	-.413
5060	-.413
5061	-.413
5062	-.413
5063	-.399
5064	-.405
5065	-.407
5066	-.407
5067	-.407
5068	-.413
5069	-.436
5070	-.401
5071	-.401
5072	-.407
5073	-.408
5074	-.413
5075	-.408
5076	-.413
5077	-.413
5078	-.413
5079	
5080	
5081	
5082	
5083	
5084	
5085	
5086	
5087	
5088	
5089	
5090	
5091	
5092	
5093	
5094	
5095	
5096	
5097	
5098	
5099	
5100	
5101	
5102	
5103	
5104	
5105	
5106	
5107	
5108	
5109	
5110	
5111	
5112	
5113	
5114	
5115	
5116	
5117	
5118	
5119	
5120	
5121	
5122	
5123	
5124	
5125	
5126	
5127	
5128	
5129	
5130	
5131	
5132	
5133	
5134	
5135	
5136	
5137	
5138	
5139	
5140	
5141	
5142	
5143	
5144	
5145	
5146	
5147	
5148	
5149	
5150	
5151	
5152	
5153	
5154	
5155	
5156	
5157	
5158	
5159	
5160	
5161	
5162	
5163	
5164	
5165	
5166	
5167	
5168	
5169	
5170	
5171	
5172	
5173	
5174	
5175	
5176	
5177	
5178	
5179	
5180	
5181	
5182	
5183	
5184	
5185	
5186	
5187	
5188	
5189	
5190	
5191	
5192	
5193	
5194	
5195	
5196	
5197	
5198	
5199	
5200	
5201	
5202	
5203	
5204	
5205	
5206	
5207	
5208	
5209	
5210	
5211	
5212	
5213	
5214	
5215	
5216	
5217	
5218	
5219	
5220	
5221	
5222	
5223	
5224	
5225	
5226	
5227	
5228	
5229	
5230	
5231	
5232	
5233	
5234	
5235	-.424
5236	-.424
5237	-.455
5238	-.424
5239	-.455
5240	-.455
5241	-.413
5242	-.413
5243	-.424
5244	-.413
5245	-.413
5246	-.424
5247	
5248	
5249	
5250	
5251	
5252	
5253	
5254	
5255	
5256	
5257	
5258	
5259	
5260	
5261	
5262	
5263	
5264	
5265	
5266	
5267	
5268	
5269	
5270	
5271	
5272	
5273	
5274	
5275	
5276	
5277	
5278	
5279	
5280	
5281	
5282	
5283	
5284	
5285	
5286	
5287	
5288	
5289	
5290	
5291	
5292	
5293	
5294	
5295	
5296	
5297	
5298	
5299	
5300	
5301	
5302	
5303	
5304	
5305	
5306	
5307	
5308	
5309	
5310	
5311	
5312	
5313	
5314	
5315	
5316	
5317	
5318	
5319	
5320	
5321	
5322	
5323	
5324	
5325	
5326	
5327	
5328	
5329	
5330	
5331	
5332	
5333	
5334	
5335	
5336	
5337	
5338	
5339	
5340	
5341	
5342	
5343	
5344	
5345	
5346	
5347	
5348	
5349	
5350	
5351	
5352	
5353	
5354	
5355	
5356	
5357	
5358	
5359	
5360	
5361	
5362	
5363	
5364	
5365	
5366	
5367	
5368	
5369	
5370	
5371	
5372	
5373	
5374	
5375	
5376	
5377	
5378	
5379	
5380	
5381	
5382	
5383	
5384	
5385	
5386	
5387	
5388	
5389	
5390	
5391	-.424
5392	-.424
5393	-.457
5394	-.457
5395	-.436
5396	-.425
5397	-.425
5398	-.413
5399	-.413
5400	-.425
5401	-.415
5402	-.457
5403	-.424
5404	-.459
5405	-.424
5406	-.436
5407	-.426
5408	-.459
5409	-.416
5410	-.424
5411	-.436
5412	-.424
5413	-.436
5414	-.436
5416	-.397
5417	-.412
5418	-.404
5419	-.395
5420	-.413
5421	-.397
5422	-.395
5423	-.404
5424	-.424
5425	-.413
5426	-.413
5427	-.395
5428	-.395
5429	-.395
5430	-.436
5431	-.404
5432	-.398
5433	-.395
5434	-.436
5435	-.395
5436	-.436
5437	-.413
5438	-.436
5439	-.436
5440	
5441	
5442	
5443	
5444	
5445	
5446	
5447	
5448	
5449	
5450	
5451	
5452	
5453	
5454	
5455	
5456	
5457	
5458	
5459	
5460	
5461	
5462	
5463	
5464	
5465	
5466	
5467	
5468	
5469	
5470	
5471	
5472	
5473	
5474	
5475	
5476	
5477	
5478	
5479	
5480	
5481	
5482	
5483	
5484	
5485	
5486	
5487	
5488	
5489	
5490	
5491	
5492	
5493	
5494	
5495	
5496	
5497	
5498	
5499	
5500	
5501	
5502	
5503	
5504	
5505	
5506	
5507	
5508	
5509	
5510	
5511	
5512	
5513	
5514	
5515	
5516	
5517	
5518	
5519	
5520	
5521	
5522	
5523	
5524	
5525	
5526	
5527	
5528	
5529	
5530	
5531	
5532	
5533	
5534	
5535	
5536	
5537	
5538	
5539	
5540	
5541	
5542	
5543	
5544	
5545	
5546	
5547	
5548	
5549	
5550	
5551	
5552	
5553	
5554	
5555	
5556	
5557	
5558	
5559	
5560	
5561	
5562	
5563	
5564	
5565	
5566	
5567	
5568	
5569	
5570	
5571	
5572	
5573	
5574	
5575	
5576	
5577	
5578	
5579	
5580	
5581	
5582	
5583	
5584	
5585	
5586	
5587	
5588	
5589	
5590	
5591	
5592	
5593	
5594	
5595	
5596	
5597	
5598	
5599	
5600	
5601	
5602	
5603	
5604	
5605	
5606	
5607	
5608	
5609	
5610	
5611	
5612	
5613	
5614	
5615	
5616	
5617	
5618	
5619	
5620	
5621	
5622	
5623	
5624	
5625	
5626	
5627	
5628	
5629	
5630	
5631	
5632	
5633	
5634	
5635	
5636	
5637	
5638	
5639	
5640	
5641	
5642	
5643	
5644	
5645	
5646	
5647	
5648	
5649	
5650	
5651	
5652	
5653	
5654	
5655	
5656	
5657	
5658	
5659	
5660	
5661	
5662	
5663	-.416
5664	-.388
5665	-.416
5666	-.389
5667	-.388
5668	-.39
5669	-.39
5670	-.417
5671	-.417
5672	-.39
5673	-.391
5674	-.381
5675	-.391
5676	-.418
5677	-.39
5678	-.419
5679	-.391
5680	
5681	
5682	
5683	
5684	
5685	
5686	
5687	
5688	
5689	
5690	
5691	
5692	
5693	
5694	-.39
5695	
5696	
5697	
5698	-.419
5699	-.392
5700	-.42
5701	-.393
5702	-.393
5703	-.383
5704	
5705	
5706	
5707	
5708	
5709	
5710	
5711	
5712	
5713	
5714	
5715	
5716	-.383
5717	-.385
5718	-.42
5719	-.385
5720	-.385
5721	-.388
5722	-.389
5723	-.42
5724	-.42
5725	-.385
5726	-.389
5727	-.408
5728	
5729	
5730	
5731	
5732	
5733	
5734	
5735	
5736	
5737	
5738	
5739	
5740	-.395
5741	-.401
5742	-.395
5743	-.41
5744	-.401
5745	-.41
5746	-.395
5747	-.422
5748	-.422
5749	-.41
5750	-.401
5751	-.395
5752	-.422
5753	-.395
5754	-.385
5755	-.395
5756	-.395
5757	-.388
5758	-.401
5759	-.395
5760	-.401
5761	-.395
5762	-.388
5763	-.395
5764	-.401
5765	-.402
5766	-.402
5767	-.404
5768	-.395
5769	-.422
5770	-.411
5771	-.424
5772	-.395
5773	-.404
5774	-.411
5775	-.395
