2048	513	699	0.063717
2096	262	1006	-2.495109
2144	495	1139	-0.863692
2192	466	559	-0.481264
2730	522	947	-1.149306
1141	536	848	-0.226425
1874	3918	718	3.137752
2490	2504	1973	0.647263
2778	3083	3120	0.103457
2803	573	1058	-0.692823
1274	334	175	-0.417653
2826	509	806	-0.727447
1322	7721	1791	1.972622
1370	2078	1535	0.676309
558	1605	3551	-0.639307
2874	1835	3645	-0.590871
1418	1316	2071	-0.3616
807	4046	1767	1.446935
855	1499	1419	0.302947
606	1750	3133	-0.415667
654	1889	3415	-0.468633
2122	1647	863	1.39833
692	1592	2478	-0.301418
2170	830	1159	-0.132459
903	526	905	0.43333
442	595	1019	-0.777457
3018	363	838	1.19258
2240	322	168	0.036318
2559	416	1213	0.598096
2607	54	31	2.54934
1466	486	896	-0.842186
1514	778	1562	-0.644282
1180	395	1501	-2.706418
1276	345	1379	-2.404137
1324	226	412	-1.526256
1372	477	2534	-2.389748
1540	453	1565	-1.740403
1588	247	571	-0.520146
3066	770	2009	-1.310367
1636	404	1615	-1.946896
951	273	1234	-1.675399
2851	595	1123	-0.876192
999	464	2027	-2.527369
2538	402	803	0.600253
2655	696	1334	-1.473457
2732	870	1025	-0.176775
1420	281	553	-1.532298
2586	828	1162	-0.195703
2962	1494	2009	-0.226425
1468	535	540	-0.74384
2780	256	623	-1.66843
2828	730	1384	-0.806361
2876	613	891	-0.491914
2924	2191	1422	0.704536
2179	390	274	-0.132459
1672	1869	1835	0.328724
385	617	1148	-1.128855
433	406	629	-0.89845
481	479	1255	-1.52025
5254	477	1145	-0.989269
2972	635	1141	-0.55831
1166	519	969	-1.153446
1214	631	1356	-1.157604
2634	708	981	-0.136954
3020	690	1765	-1.240081
1262	306	137	0.650684
2288	330	599	-1.295909
1954	613	1334	-1.187205
2002	613	1574	-1.532298
2050	559	1638	-1.634297
2098	491	546	-0.006242
2146	379	1184	-0.934461
2194	533	2710	-2.418736
2242	434	1134	-1.654637
1684	254	251	0.035055
1732	1501	1633	0.352934
3068	763	464	0.84949
1035	1288	954	0.631373
1516	380	218	0.181773
1182	1434	1282	0.514025
867	1229	1583	-0.119096
915	691	1027	0.143949
5330	520	852	-0.951268
1011	703	1304	-1.244616
1230	885	1426	-0.189354
1059	741	1378	-0.656829
1107	881	1515	-0.833108
773	936	1154	-0.150559
1278	1156	1009	0.877646
1326	2058	1633	0.538011
1374	2585	1478	1.057969
821	3885	1027	3.283526
1047	736	721	0.241112
2321	680	722	-0.214996
2830	1229	1951	-0.271773
2878	1045	1686	-0.664434
1720	382	610	-1.014226
2369	735	1795	-2.334178
869	365	1255	-1.902045
917	462	1194	-0.57912
3010	343	946	-0.96492
2682	562	1663	-1.919744
1422	530	1443	-1.620964
1470	473	1048	-1.740403
1095	462	1442	-2.063532
1780	359	554	-0.411707
1828	4871	3477	0.582862
1876	955	876	0.55994
1542	4012	1026	2.183342
2974	790	2359	-1.35504
1590	1674	1816	0.16304
3022	1258	906	1.136192
2658	1471	1430	0.389958
2324	4217	1835	1.091931
1310	518	974	-0.441799
5286	349	769	-1.417887
2417	1701	1799	0.141679
2899	1195	897	0.518713
1358	2098	1269	0.758092
2736	1364	2109	-0.346674
2947	632	1254	-0.649282
2784	371	135	-0.141468
2348	1267	1622	-0.221511
2832	602	1043	-0.73561
2396	268	111	0.696739
2444	1069	1251	0.021051
1518	1918	2342	-0.019504
1184	727	1351	-0.92451
1232	409	578	-0.917932
1280	603	911	-0.231363
4852	820	1774	-0.999889
1013	452	1226	-0.00756
1328	368	477	-0.797602
2492	333	448	-0.654307
2227	2017	1471	0.541826
2218	9504	572	3.597386
1768	1840	1164	1.264983
625	2932	942	1.657804
2880	202	271	-0.659358
1061	621	551	0.402293
1109	690	2064	-1.52025
1143	368	764	-1.258346
809	392	1200	-1.445286
857	937	2581	-1.089167
2540	1153	2012	-0.607558
1406	783	1888	-1.213293
2976	554	1118	-0.326509
3024	914	1859	-0.812243
3072	858	499	0.839926
2372	335	1245	-2.243794
2266	661	1355	-1.191506
740	245	461	0.487844
1083	609	743	-0.142978
3073	496	1166	-1.149306
3121	614	1119	-0.0343
2290	789	1496	-0.944511
1956	694	2599	-1.747894
1932	675	435	0.43841
1980	5997	520	3.953379
2028	13009	1551	2.44324
2420	6577	923	2.322738
2076	1995	591	2.199147
1454	1231	1261	0.052599
3169	1387	1556	0.024889
3217	1450	1976	-0.520146
3265	2041	2350	0.069841
775	898	694	0.389958
823	778	1059	-0.509193
2312	69	31	1.97426
871	795	904	-0.06736
919	620	1156	-1.325037
1816	252	378	-1.339926
1864	786	1393	-0.569818
2360	884	1104	-0.038373
1638	358	199	-0.189354
3313	455	984	0.192631
1376	474	1717	-2.149607
3361	420	716	-1.032441
3409	1010	1926	-0.301418
3075	526	810	-0.556024
1424	202	624	-2.63091
3123	761	1654	-1.025115
2124	2393	2418	0.205507
3171	388	762	-1.073723
967	974	1148	-0.074388
1015	693	1446	-1.315233
793	349	899	-0.524561
905	562	1419	-0.947884
2468	1032	836	0.67764
2516	1342	3036	-0.749365
406	259	537	-1.718262
3219	310	1092	0.625086
2995	292	1139	-1.588387
1686	777	1052	-0.156666
3267	62	28	2.081891
3315	465	1162	-1.253748
1912	229	576	-1.35504
1578	502	975	-1.222143
2564	527	1381	-1.200164
3363	519	890	-0.698072
2612	373	1463	-1.532298
3411	779	903	-0.119096
2660	245	1361	-2.511109
1063	496	910	-0.869922
2326	727	973	-0.304964
3077	1550	1463	0.260471
3125	1043	1038	-0.205303
3058	1181	2609	-0.421637
3173	311	203	-0.101552
3221	569	1529	0.159697
1472	453	1730	-1.339926
1520	200	385	-1.145182
3269	2075	1986	0.333425
3317	1769	1871	-0.141468
3365	268	154	-0.032945
3413	2141	3015	-0.070165
3079	481	539	-0.197297
2172	452	593	-0.172099
2220	2564	3471	-0.125013
2465	919	1010	0.131399
3127	712	1355	-0.931133
1111	1701	1553	0.602406
777	1510	1358	0.374772
2004	930	741	0.404917
2052	1623	1317	0.641765
3175	1104	830	0.52725
3223	561	392	-0.3902
1626	342	201	-0.14752
3271	674	836	0.097537
3319	1071	1414	-0.041098
3367	456	999	-0.951268
3415	700	1619	-1.132912
702	1593	1481	0.340902
3081	560	1764	-1.675399
454	573	989	-0.982252
3129	901	2261	-0.873052
750	1064	2920	-1.081415
416	462	1095	0.595934
3177	929	2073	-1.028772
464	310	201	0.089188
2374	519	1989	-1.062294
825	387	927	-1.295909
2422	325	921	-1.946896
1502	560	1030	-0.524561
512	1657	3213	-0.53122
560	727	1107	-0.53122
3225	590	1257	0.448495
3273	477	1246	-1.532298
2470	513	810	0.344619
673	727	1402	-0.999889
502	395	673	-1.272267
2148	748	1742	-0.975283
608	1776	3198	-0.470727
656	582	1026	-0.971817
3321	665	1589	-1.054747
3369	957	1147	0.067396
550	1166	870	0.631373
3417	1286	1135	0.290294
3083	1697	848	1.008588
704	3463	2141	1.020928
3131	3464	1037	2.179351
3179	991	1263	-0.126498
3227	840	1670	-0.879342
3275	328	829	-1.235566
2518	436	1059	-1.884653
3323	523	1653	-1.778431
1734	543	846	-0.656829
3371	379	826	-1.178658
598	574	1870	-1.575648
3419	800	2015	-1.300705
3085	706	1184	-0.679819
3133	1400	1003	-0.285614
646	1183	1318	0.269512
3181	476	1030	-1.526256
2268	959	1361	-0.371043
1131	644	1314	-1.021472
3229	989	3850	-1.732969
752	522	1073	-1.069899
694	936	1607	-0.569818
3277	839	1150	-0.306742
3325	595	765	-0.192524
3373	733	877	-0.068762
1186	551	1890	-2.219403
742	524	1333	-1.538377
3421	738	1535	0.662904
3087	700	1683	-0.934461
1168	1266	1756	-0.210138
3135	596	769	-0.123531
3183	870	1326	-0.341134
1234	559	1864	-1.514279
1282	522	812	-0.901671
1330	809	826	0.344619
5109	434	955	-2.149607
3231	3855	1239	1.95517
408	1037	480	0.865597
3279	482	1032	-0.885671
456	236	857	-1.588387
3327	1296	2459	-0.190938
3375	1023	1261	-0.117622
3423	715	1684	-1.556839
3043	379	1017	-1.423308
3137	422	1969	-1.11279
3185	492	1026	-1.532298
1782	668	1435	-1.12079
3233	692	1109	-0.195703
504	474	2533	-2.195592
2566	458	1186	-2.053276
3281	401	845	-1.124815
2614	291	1339	-2.746423
3329	403	1875	0.3353
3377	602	1779	-1.434237
1001	419	1926	-2.63091
2513	491	1492	-2.361577
387	280	376	-0.982252
2662	552	933	-0.397967
2328	479	1518	-1.689483
1049	503	1315	-0.958071
435	506	894	0.276487
1097	497	2342	-2.72622
4658	317	1344	-2.195592
531	443	1205	-1.85912
552	201	618	0.625787
3425	299	1921	2.392133
579	308	993	-1.876069
627	358	1154	1.407024
2805	333	1326	-3.642511
675	1192	1623	-0.01817
723	408	1032	-0.06736
1216	202	948	
1674	509	887	-0.851346
2376	859	877	0.263494
1830	1824	1241	0.865597
797	1778	981	1.612377
3091	385	1173	-1.45646
3139	692	1759	-1.439746
3187	1571	3376	-0.417653
1941	3038	4433	-0.244653
3235	1511	1944	-0.068762
873	1648	2087	-0.214996
3283	583	749	-0.228069
1264	541	2337	-1.696601
2424	526	1590	-1.526256
1312	473	948	-0.803433
3331	1014	1128	-0.091458
2588	1493	676	1.310848
3379	512	706	-0.549198
3427	976	1853	-0.760508
418	1100	2789	-0.978761
3093	799	3332	-1.80993
2853	606	1612	2.512878
3141	637	825	0.058791
3189	603	1691	-1.588387
1378	449	1026	-1.588387
3237	474	1371	1.026572
3285	254	157	-0.072978
3333	546	1217	1.115809
921	687	1237	-0.622086
3381	1034	1050	0.152978
2472	4651	924	2.308001
2520	2557	2009	0.43672
3429	429	643	-0.200492
2196	363	389	-0.441799
3095	370	808	-1.325037
2244	925	1190	-0.333795
3143	785	732	-0.080046
2292	278	623	-1.956112
3191	83	30	1.810028
3239	496	781	0.023611
3287	603	1161	-0.73561
3335	639	1567	-1.339926
3383	521	1032	-0.89204
389	536	1927	-2.160907
1989	981	2448	-1.153446
2037	895	1316	-0.376752
490	263	146	0.887397
538	5572	1273	1.989775
1145	1842	1785	0.510102
3431	799	1908	-1.244616
969	529	1158	-1.675399
1934	482	1250	-1.450858
1982	795	1379	-0.786041
3074	330	335	-0.085736
811	677	1752	-1.725588
859	616	1453	-1.217708
3122	406	1023	-0.651791
907	1072	1465	-0.313884
3170	750	813	0.099909
3218	1271	1136	0.460132
2636	1455	1378	0.503002
2684	700	382	1.036839
2085	1838	880	2.513196
600	1237	1991	-0.367255
3266	308	466	-0.968362
2568	442	996	-1.108814
2901	589	1726	-1.581998
2350	406	886	-1.634297
2133	592	805	0.262487
3314	555	1728	-2.268795
3362	331	655	-1.538377
3410	363	1007	-2.053276
3076	424	292	0.045118
1426	538	2018	-2.138434
1878	812	1319	-1.025115
1544	685	1089	-0.59561
1592	302	470	0.363913
1640	2578	3262	-0.058992
1688	1312	1031	0.817633
1474	555	1273	-1.38597
2949	2567	1386	1.683665
1017	1233	1113	2.058768
1522	9967	1342	2.73634
2030	2156	965	1.133667
2078	1245	1185	0.370262
586	2090	1728	0.483817
1722	2237	1248	1.093249
2126	1698	1742	0.03758
3124	355	724	-0.81816
3172	650	1968	-1.49658
3220	242	561	-1.620964
3268	411	1650	-1.85912
3316	278	943	-2.043123
648	386	1086	-0.96492
955	312	1164	-2.023123
1003	427	1426	-2.511109
2616	696	1729	-0.975283
2664	245	150	-0.458227
2408	676	1875	-1.320123
1065	332	696	-0.078628
3364	350	522	-1.039821
3412	528	1093	-0.732881
3078	1245	1675	-0.173655
3126	422	465	-0.321079
3174	1770	835	0.970131
2174	1801	644	1.691897
3222	1977	798	0.073497
1188	806	1674	-0.614796
1113	1294	1692	0.363913
1236	248	558	-1.538377
4712	462	1723	-1.80993
3270	525	725	-0.600372
1770	473	788	-0.464457
466	889	1106	-0.259817
2561	1115	1417	0.296154
1818	2395	1486	0.99561
3318	2154	750	2.162172
1866	987	934	0.541826
1284	4503	2457	0.997544
2609	1394	779	0.796014
2398	825	1684	-0.901671
2456	331	789	-1.526256
2657	900	1674	-0.146003
1051	600	1257	-1.467759
1332	190	758	-1.136985
2329	515	1829	0.292251
3366	631	662	-0.022178
2377	729	1204	0.828556
3414	491	1013	-1.178658
1099	437	942	-1.16178
2997	991	1395	-0.266632
1360	84	63	1.723465
1380	1000	1904	-0.423635
3080	1002	1663	-0.526776
841	1750	1796	0.292251
1408	274	1031	-2.595192
1456	770	2514	-1.305525
1736	1476	1914	-0.123531
3045	993	2051	-0.982252
2504	617	844	-0.474929
1147	1290	804	1.052957
2711	145	1016	-1.200164
3128	666	1586	-1.213293
3176	2453	1610	0.521826
3224	214	148	-0.210138
3272	556	308	0.543349
3368	856	737	0.255413
893	626	1294	-0.211755
696	334	923	-2.053276
3416	299	771	-1.276951
744	264	542	-1.204521
2425	363	1899	-0.14752
2473	439	1945	-2.47936
2759	622	1554	-1.56307
3082	377	564	-0.641791
1504	343	1347	-2.043123
2521	928	1229	0.26751
1170	426	968	-1.575648
3130	562	1643	-2.160907
3178	569	140	-0.161271
2807	419	1438	-1.794056
2569	886	1397	0.615934
2855	350	1076	0.167479
3226	376	1081	-1.884653
2903	284	788	-1.100909
2617	559	365	-0.189354
2323	713	1302	-0.651791
2371	773	1395	-0.636828
3274	497	810	-0.73016
2222	2863	1266	1.08841
2270	982	1199	-0.063167
3322	780	1163	-0.481264
3370	728	466	0.585052
2446	1154	884	1.204035
1428	321	500	-0.89204
1847	265	128	0.05384
779	1050	2728	-0.885671
1476	550	1558	-1.490749
1524	290	122	0.343691
827	643	1561	-1.315233
514	880	1691	-0.771775
409	394	1337	-1.654637
562	504	1085	-0.860591
3418	1169	2912	-0.711317
610	1479	3400	-0.78031
3084	700	1148	-0.641791
3132	375	606	-0.507017
3180	3232	3331	0.166371
3228	1157	1048	0.35017
1936	3990	1426	1.306249
3276	854	1486	-0.485511
3324	419	954	-0.996336
3372	943	892	-0.010202
3420	314	709	-0.914658
3086	450	981	-1.108814
658	3486	8405	-0.695444
706	1201	1292	0.243168
3134	434	869	-0.612377
3182	465	1390	-1.817962
3230	601	1582	-1.360129
3278	427	588	-0.639307
875	714	1262	-0.567506
3326	432	390	-0.113214
754	848	1604	-0.763313
3374	377	520	-0.682406
3422	417	453	-0.433686
3088	700	1127	-0.59561
2665	1486	641	-0.535685
923	6550	1249	2.547497
971	817	1896	-0.84523
3136	219	673	-2.116455
420	736	1892	-1.682416
468	165	614	-2.667951
457	468	1499	-1.80993
505	543	1713	-1.770709
1218	366	1276	-2.418736
3184	490	1808	-1.479188
1266	320	345	-0.636828
1314	514	2008	-1.919744
813	493	1775	-2.053276
1362	450	1745	-1.965415
1190	590	1188	-1.300705
3232	291	791	-1.718262
3280	320	807	-1.675399
3328	210	1031	-2.5778
516	387	369	-0.114681
2494	693	2070	-1.391219
861	701	3184	-1.817962
909	419	1250	-1.725588
2542	372	1397	-1.647811
957	453	1713	-1.842453
1005	438	1776	-1.703769
1053	324	1234	-1.502445
1101	350	491	-0.303189
1410	413	412	-0.253049
1149	465	1465	-1.956112
2590	526	1755	-1.993852
2638	298	1254	-1.937763
2686	553	1331	-1.231072
2352	366	1287	-2.47936
3376	473	1447	-1.703769
3424	393	1336	-1.747894
2331	552	1129	-0.885671
2379	404	1022	1.791866
3090	239	155	-0.125013
3138	1400	2227	-0.447928
553	920	1790	-0.609965
1784	689	971	-0.289104
1238	5874	632	3.457475
1286	2553	1482	1.121797
3186	1167	3104	-0.989269
2427	729	1663	-1.085284
3234	429	714	0.393498
2475	512	756	-0.038373
1914	573	1649	-2.105644
1019	1986	2656	-0.352245
3282	310	732	-1.778431
3330	314	611	0.843312
2951	357	1319	-0.058992
2999	340	896	-1.634297
1832	345	1011	-1.85912
3047	410	791	-0.123531
601	853	2363	-1.073723
649	701	805	-0.270056
3378	781	1286	-0.477036
3426	626	1012	-0.483385
2724	2419	866	1.606879
3092	706	1795	-1.11279
3140	259	414	0.397905
2690	446	849	-1.09698
3188	1031	1412	-0.239648
2400	280	530	-1.240081
3236	669	1088	-0.477036
2448	1749	1715	0.338105
3284	2558	852	1.336634
1067	964	1570	-0.409732
889	500	733	-0.8575
1115	795	2799	-0.763313
781	814	1955	-1.116782
3332	524	617	0.243168
3380	843	683	0.390844
2496	281	584	-1.445286
3428	445	775	-0.78031
1580	839	1811	-1.141075
829	840	1352	-0.239648
1984	986	1020	0.316395
941	551	1925	-1.35504
3142	1076	1839	-0.464457
2738	514	1778	-2.268795
3190	365	142	-0.004925
2032	328	89	1.334567
3238	518	1552	-1.834222
2080	1348	1148	0.544868
815	1017	1529	-0.433686
863	337	854	-1.226597
911	768	1590	-0.815197
1458	1120	1306	0.023611
564	1685	2715	-0.341134
2786	1727	903	1.219624
3286	1263	491	1.367457
1506	496	298	-0.285614
3334	3266	2688	0.476526
3382	711	895	-0.189354
3430	786	447	-0.308522
3096	2088	2684	0.078351
3144	972	1533	-0.540169
3192	854	248	1.019512
1958	559	1241	-1.329976
2523	781	1020	-0.348528
2571	578	1178	-1.556839
2619	534	1100	-0.989269
2667	684	672	0.504584
1007	790	2018	-1.157604
2128	5438	2962	0.862286
3240	631	1430	-0.992796
3288	1512	1146	0.49983
634	7461	955	2.954362
1880	2973	524	2.970605
3336	1485	741	1.386946
3384	1121	2273	-0.644282
1676	1277	1381	0.090385
485	482	442	0.185043
2333	4293	2492	0.390844
3432	1310	2786	-0.520146
3097	514	1032	0.276487
1055	329	867	-1.281657
2381	1116	4162	-1.417887
682	240	155	0.954627
730	906	1294	-0.417653
1103	969	964	0.458478
1151	908	849	0.411879
794	501	406	-0.367255
3145	726	539	-0.016838
3193	812	4195	-2.831581
4819	231	57	0.864495
3241	204	160	0.210823
3289	681	764	-0.146003
3337	1066	1330	0.475713
697	1420	4652	-1.182922
1724	607	1682	-1.132912
3385	480	904	0.363913
1772	482	1921	-2.560706
842	632	1781	-0.634356
3433	896	732	-0.085736
2429	1095	1437	-0.153608
2477	541	1678	0.117526
4993	551	1009	-1.145182
1820	215	464	-0.873052
1172	2105	1712	0.146214
3099	1762	3071	-0.146003
1895	406	285	0.057556
2525	859	1479	0.367546
1334	762	1648	-0.968362
1546	2743	1454	1.053414
1594	604	888	-0.203697
1642	492	958	-1.226597
1690	607	996	-1.069899
1738	255	136	-0.135453
3147	1816	2678	-0.114681
1786	2195	1210	1.171298
1834	1919	846	1.799907
1882	1580	1110	0.915568
1548	3059	1583	0.930136
1596	255	669	-1.627608
2176	220	1189	-3.172507
581	482	1633	-1.884653
1644	3458	3549	0.212942
1692	1477	805	1.594728
3195	1067	1075	0.43841
3243	1259	1126	0.28144
612	473	946	-1.141075
660	269	301	0.105816
708	1478	1370	0.708412
756	589	602	-0.038373
877	3743	739	2.488389
3291	1591	970	0.942456
2544	512	2171	-2.281534
890	430	1407	-1.502445
1220	318	876	-0.713988
3339	410	819	-0.411707
2006	409	1044	-1.445286
1740	1985	1685	0.302947
2573	1105	1867	-0.583804
629	769	1404	-0.593238
677	1344	1333	0.256427
725	1130	1155	2.53916
1868	337	1313	-2.231524
938	729	1540	-1.200164
3387	1935	2853	0.017197
986	469	1077	-1.165973
1034	665	1632	-0.873052
1082	517	1120	-1.124815
2621	910	863	0.322104
2669	692	1811	
745	310	1188	-1.594818
3435	449	447	0.179587
1268	237	81	0.556944
3101	497	471	-0.254737
2335	837	1371	-0.386339
3149	466	441	0.218219
2592	273	633	-1.439746
2640	464	1650	-2.649259
2688	216	458	-1.984283
2689	350	607	-0.934461
2737	621	1395	-0.626976
2181	14483	1839	3.107771
989	11917	1794	2.532004
2785	1588	1297	0.431631
2833	1131	1077	-0.107366
2881	892	809	0.002939
2929	751	841	-0.125013
2977	976	944	0.200162
937	782	2945	-0.768946
3197	439	480	-0.184618
3245	591	406	0.002939
2383	356	1106	-0.917932
3293	542	592	-0.322885
3341	661	515	0.215056
3389	761	1058	-0.593238
3437	788	1726	-0.194112
1316	780	1510	-0.562897
925	703	2413	-0.58851
3103	617	1358	-0.927816
2229	524	1463	-1.620964
3151	411	567	0.585781
1916	264	605	-2.003514
2834	717	915	-0.042463
2882	568	1646	-1.910856
3199	1864	3011	-0.405795
3247	475	694	-0.251364
2930	411	370	-0.236326
411	451	1179	-1.817962
3295	1414	3058	-0.708654
3343	1112	1610	-0.401874
3391	380	156	-0.692823
1130	980	1897	-0.760508
796	806	1332	-0.509193
844	942	622	0.627186
1382	2795	852	1.782879
3439	473	508	0.160813
973	5999	884	2.79612
2978	284	226	0.215056
3105	505	861	0.358438
3153	511	1279	0.544868
3201	509	382	-0.321079
3249	662	517	0.167479
1364	1567	1131	0.356607
3297	781	1753	-1.770709
3345	754	897	0.989788
3026	435	783	0.362091
2692	327	2093	-2.788096
2431	464	1238	-1.124815
3025	572	1094	0.48945
2691	885	1128	-0.170545
2054	1497	923	1.397036
892	378	646	0.406662
940	193	500	-1.401801
988	480	1911	-2.649259
1036	234	733	1.14373
3393	465	383	-0.53122
3441	1063	2564	-1.407135
3107	1736	3049	-0.481264
459	322	518	0.021051
2740	219	1248	-2.746423
2788	438	1793	-2.013271
1021	582	1429	-0.026202
2419	681	1176	-0.464457
3155	800	1058	-0.135453
1412	333	1286	-2.334178
3203	515	1678	-1.538377
3251	700	1901	-1.276951
3299	448	1864	-2.043123
3347	423	1120	-1.412497
2836	369	1076	-2.831581
3395	3162	5290	-0.258121
2739	1526	1676	0.198016
3443	519	590	0.470819
1430	1569	1839	0.018483
2224	1262	2081	-0.441799
507	1336	1148	0.718675
1084	786	2167	-1.689483
1132	197	387	1.172109
798	620	1201	-1.003454
846	619	2346	-1.817962
3109	598	1361	0.615227
2884	2634	2465	0.279462
894	669	1463	-1.182922
942	625	1493	-1.149306
990	583	1332	-1.12079
1038	334	221	-0.081465
1086	854	1947	-0.88885
2932	317	820	-1.484952
3157	740	1395	-0.168993
1478	379	953	-1.407135
2980	616	2405	-1.434237
1069	715	1436	-0.908144
3028	223	691	-1.16178
391	425	2044	-1.732969
1788	265	708	-1.675399
3205	499	2362	-2.231524
1117	385	1555	-1.66843
1134	430	1213	-1.38597
3253	682	730	0.219271
2694	646	922	-0.355977
1037	499	1858	-1.747894
1460	665	2476	-1.450858
1526	2394	2111	0.45765
3301	2741	2195	0.02744
2272	1493	1418	0.346473
1938	6269	616	2.764121
1986	777	1155	-0.352245
800	639	2368	-2.195592
848	280	633	-1.56307
2467	1751	1156	0.977548
2479	411	255	0.195865
1192	528	523	-0.211755
896	740	1008	-0.085736
1582	707	1394	-0.873052
2034	1369	1474	0.148474
1836	635	3376	-1.946896
1884	208	842	-2.053276
1550	318	1114	-1.607805
3349	942	1479	0.474084
1508	220	1146	-1.514279
1174	500	2460	-1.893311
555	338	939	-1.174412
3397	871	1629	-0.170545
1598	2860	1173	1.613421
1646	2361	1545	0.692162
439	1442	1857	-0.045199
3445	1183	2806	-0.992796
3111	470	1302	-1.526256
2102	661	1647	-1.344939
2150	499	1230	-1.514279
3159	444	568	0.075927
2515	3919	1205	1.439204
2082	18256	859	4.207086
944	337	537	-1.028772
2742	579	957	0.273504
3255	576	1395	-1.581998
3303	1906	3886	-0.468633
4948	469	949	-0.732881
3351	1926	2531	-0.181474
3399	626	1738	-1.396496
3447	425	813	-0.576786
2130	663	1550	-1.178658
3113	771	1278	-0.299649
1240	267	280	-0.51356
2790	332	1368	-2.687
3161	1090	1208	0.284401
3209	1423	2924	-0.674664
2198	571	1729	-1.80993
831	3307	1274	1.748613
2178	2082	1236	1.122224
2787	677	1095	-0.380576
2226	666	1882	-1.276951
603	460	1254	0.786518
1222	513	1174	-0.313884
3257	886	1532	0.190469
3305	463	1523	-1.45646
3353	440	1649	1.311554
1538	367	239	-0.292607
927	539	1908	-1.826059
975	403	2360	-2.116455
1023	514	1486	-0.181474
1071	348	1547	-1.842453
1586	401	1131	-0.842186
2563	559	1177	-1.108814
3401	583	1156	0.325892
3449	609	2262	0.019768
3115	590	1692	-1.675399
1270	568	1357	-1.445286
2772	199	672	-0.803433
2820	438	1612	-2.105644
3163	406	823	-0.224784
2274	1893	769	1.912965
2552	601	684	0.215056
2838	826	1345	-0.553744
2886	1542	1179	0.285385
1119	691	306	-0.39602
1288	24753	1568	3.46516
3211	1118	1250	0.029985
3259	1039	1492	-0.417653
3307	692	1329	-0.786041
1678	695	1556	-1.062294
3355	591	936	-0.354109
3403	429	1121	-1.675399
3451	805	1067	-0.072978
3117	1536	913	0.460132
3165	1479	2485	-0.685
3213	840	1132	-0.052072
2527	1085	938	0.953114
1318	2887	1356	1.326955
1694	462	1203	-2.320755
1742	311	1251	-2.256217
1790	384	1076	-0.597989
1838	342	705	-0.75771
1886	359	817	0.847248
1552	350	1763	-2.612892
1600	233	835	-2.033073
1648	80	85	-0.55831
2575	388	1230	-2.149607
3261	707	420	0.103457
2934	648	1045	-0.654307
785	673	1348	-0.921216
3309	527	719	-0.289104
3357	740	791	0.209762
651	640	703	0.090385
3405	2902	5495	-0.3902
422	1590	3010	-0.520146
2868	488	632	-0.786041
1336	470	814	-0.481264
3453	889	1178	-0.064563
3119	636	1293	-0.800513
1696	623	937	-0.187773
1744	727	2836	-1.532298
1792	273	780	-1.937763
1840	343	2285	-2.900574
1888	200	1127	-2.433551
1554	421	830	-1.325037
3167	532	641	0.154101
1384	757	1910	-1.375553
3215	2203	3848	-0.3616
2623	756	1204	-0.355977
3263	1878	2095	0.047618
2246	624	744	0.322104
3311	2835	3976	-0.158199
2982	316	1436	-2.433551
3359	636	1085	-0.839151
3407	446	1158	-1.267605
2671	368	880	0.900784
3455	319	168	0.064945
3030	409	830	0.092775
3098	387	1283	-2.268795
3146	1010	1856	-0.328325
2294	394	753	-0.218248
992	1021	3453	-1.556839
3194	941	1575	-0.303189
1602	494	1101	-1.928713
3242	494	1061	-1.249172
2337	10479	1372	3.45106
3338	3389	972	2.296739
3386	3003	1067	1.719954
3434	446	444	-0.727447
3100	844	2482	-1.100909
3148	564	894	-0.763313
470	1624	3655	-0.672097
3196	615	1867	-1.439746
3244	680	944	-0.481264
3292	1618	2384	-0.111748
1940	330	377	-0.507017
2696	1997	1959	0.166371
3388	1966	1947	0.27151
3436	649	515	0.368452
3102	806	1158	-0.251364
833	810	1704	-0.873052
881	1018	547	0.262487
929	562	1434	-1.195826
977	498	1523	-2.138434
1025	816	1496	-0.070165
1073	692	1330	-0.809298
3150	397	810	-0.152083
3198	369	976	-0.602762
3246	563	1101	-0.806361
3294	532	1241	-1.689483
3342	525	1747	-1.919744
1432	2292	799	1.442613
1480	1353	1890	-0.186194
3390	1456	2407	-0.394076
1040	412	638	-1.047256
3438	370	321	-0.551469
3104	559	1826	-2.127384
1528	279	589	-1.401801
3152	396	635	-0.8575
3200	967	1059	0.089188
3248	301	688	-1.069899
3296	510	1091	-0.168993
2744	580	1133	-0.848283
3344	1795	419	2.152482
2916	5360	1037	2.40356
2611	85	47	0.990274
3392	690	1520	-1.108814
2835	887	1075	0.004243
3440	261	718	-1.581998
1988	435	734	-0.524561
3106	493	1162	-1.45646
1194	633	846	0.344619
1242	559	1835	-1.620964
1290	521	1129	-1.007032
1338	1193	1819	-0.342977
1386	861	1013	0.001632
1434	526	918	-0.860591
1482	431	818	-0.682406
1530	407	1316	-2.003514
1196	333	1301	-1.417887
1244	180	295	-1.253748
1292	408	1832	-2.767042
1340	158	427	0.474899
1388	390	1997	-2.974682
1436	218	487	-1.696601
1484	321	1939	-2.361577
1532	254	510	-1.965415
1726	2076	2493	0.052599
3154	435	1065	-0.58851
3202	400	1056	-1.450858
3250	929	1484	-0.429653
3298	4520	766	2.802415
2036	7942	483	3.233134
2600	4775	1949	1.139549
2648	1654	727	1.425135
2314	379	90	1.172109
2362	3005	840	2.476467
2410	3959	638	2.975159
2458	5514	1059	2.617262
2792	843	2432	-1.104854
2659	849	1646	-0.498359
1774	547	273	-0.634356
3346	766	1540	-0.754921
1088	379	1817	-2.389748
1136	149	800	2.866929
3394	1101	1654	-0.283873
3442	961	2135	-0.605157
3108	530	1462	-0.999889
487	449	1517	-1.544493
3156	310	604	-1.428757
3204	762	1658	-0.911396
1650	529	951	-0.498359
3252	541	757	-0.500516
3300	1037	1432	-0.228069
3348	496	490	-0.070165
3396	451	1381	-1.607805
1822	529	2386	-1.732969
3444	180	620	-0.809298
3110	368	1095	-1.620964
3158	742	1119	-0.367255
2840	209	920	-3.342407
699	570	1222	-1.077562
3206	456	1012	-1.620964
3254	426	1981	-1.675399
3302	1267	2643	-0.593238
802	1606	974	1.24067
850	1157	1781	-0.337458
898	577	1475	-1.747894
946	897	1800	-0.760508
2084	349	996	-1.620964
3350	833	1644	-0.800513
396	357	353	-0.572135
444	398	778	-0.830101
2325	2868	1153	1.276374
3398	2469	837	1.94455
3446	2798	1764	1.017621
2888	1744	1786	0.19371
3112	1182	1353	-0.00361
1698	1967	1303	0.87164
3160	1091	620	0.893845
3208	668	317	-0.101552
518	2723	1223	1.38104
566	2382	1894	0.568875
3256	542	635	-0.070165
3304	874	641	0.561435
3352	1205	358	1.880948
3400	4102	801	2.858854
614	1102	1262	0.147344
3448	380	338	0.151854
3114	685	669	0.548658
3162	1599	2473	-0.080046
3210	488	1083	-1.329976
3258	805	1609	-0.487641
3306	462	689	-0.502678
3354	684	1207	-0.464457
3402	360	624	-0.344824
3450	375	1045	-1.675399
3116	429	1090	-0.458227
3164	209	625	-2.527369
662	421	1548	-1.80993
710	575	1391	-1.365244
2277	903	2234	-0.181474
3260	527	777	-0.187773
747	970	1029	0.008147
3308	1728	2309	-0.108824
3356	529	501	-0.004925
3404	853	736	0.206572
3452	402	516	-0.344824
3118	1239	1633	-0.138456
2936	1539	1450	0.289315
3166	4708	2389	1.17777
3214	2181	1078	1.240291
3262	1878	1644	0.252366
3310	1135	995	0.474899
3358	933	2621	-1.047256
1198	218	278	-0.012851
1246	745	1250	-0.760508
1294	610	1146	-1.039821
3406	496	897	-0.703349
3454	365	943	-0.335624
3120	1583	2394	-0.417653
2984	491	1591	-1.365244
3168	207	601	-2.243794
3216	1637	1245	0.042611
1870	579	1123	-0.752139
1918	1066	1818	-0.682406
1121	965	1104	0.779938
994	695	1290	-0.848283
2506	349	855	-1.370385
3264	222	112	-0.04657
1960	365	1755	-3.141736
2008	212	531	-1.946896
3312	835	2285	-1.182922
3360	198	655	-2.347784
3408	414	1047	-0.89524
3456	228	717	-1.919744
3457	543	995	-0.661892
3505	531	665	-0.190938
1342	594	2636	-2.138434
3032	223	972	-1.396496
2698	332	774	-1.607805
413	391	1837	-2.5778
5247	1232	893	0.5792
3553	1899	462	2.454551
2132	1514	2279	-0.313884
3601	721	945	-0.75771
3649	1924	2083	0.210823
2373	812	764	-0.472825
3697	4685	1678	1.615245
2931	400	365	-0.39602
2979	513	609	0.119851
2180	690	643	0.379263
3027	1128	963	0.710987
3745	692	929	-0.213374
3793	561	622	-0.565199
787	3571	1475	1.185803
1042	752	2007	-1.334938
1090	1231	2110	-0.333795
1138	568	1329	-1.360129
3459	437	874	-0.908144
1085	671	2066	-1.85912
1746	1053	868	0.557694
1794	546	1379	-1.946896
804	380	1913	-2.033073
1842	491	1386	-1.965415
1890	305	1225	
1556	424	1939	-2.043123
1604	366	961	-1.556839
3507	1288	2098	-0.411707
1584	2295	1369	0.873281
2421	2155	1307	0.936315
3555	713	963	-0.248003
3603	502	1181	-1.116782
1632	217	639	-1.508345
535	1262	1615	-0.136954
1680	3631	1065	2.164129
2469	743	1860	-0.59561
3651	450	1080	-1.054747
3699	717	713	0.19155
1652	164	135	0.114027
1366	219	101	0.401417
852	7704	487	3.283133
900	2505	1805	0.735131
948	571	638	-0.164353
996	1720	1596	0.329666
1044	474	766	-0.732881
3747	359	1001	-1.514279
2554	533	1527	-2.527369
1092	492	2570	-2.877043
3795	321	515	0.341833
1140	204	409	-1.360129
3461	335	576	-0.317475
3509	430	651	-0.097213
3557	486	1369	-1.85912
835	444	972	0.93323
3605	452	978	-0.317475
1133	479	1506	-1.315233
3653	402	1192	-1.550647
2056	347	1339	-2.746423
2104	256	268	-0.125013
2152	377	1378	-2.30751
2200	172	647	0.229731
2248	452	2296	-2.63091
2296	282	223	-0.00888
2794	403	682	-0.777457
3701	816	1639	-0.560601
3749	1955	2904	-0.198893
3797	467	1022	-0.011526
2693	309	1017	-2.195592
2842	341	878	-0.713988
2228	1188	2512	-0.677238
3463	519	786	-0.581459
1728	327	532	-1.423308
1962	711	1402	-1.100909
1700	367	774	-1.407135
2741	596	1327	0.311613
2602	497	1285	-1.226597
3511	2127	3521	-0.355977
3559	465	1504	-1.295909
2517	760	1670	-1.423308
3607	1050	1564	-0.275215
1390	1531	1914	-0.047942
461	447	1480	-1.725588
3655	525	1763	-1.45646
1776	748	1812	-1.085284
2890	648	1534	-1.09698
2650	1721	929	1.628692
3703	615	1229	-0.549198
806	464	1388	-2.172335
854	790	1743	-1.089167
902	696	1252	-0.732881
950	399	1726	-2.207427
998	624	1439	-1.370385
3751	383	696	-0.88885
1414	387	1625	-2.511109
2938	283	1021	0.884698
2986	394	917	-1.344939
3799	1246	2831	-0.803433
1748	1234	2530	-0.634356
3034	477	879	-1.281657
2385	553	1607	1.38956
758	442	1412	-1.937763
424	2331	1696	0.862286
472	321	307	-0.275215
520	444	825	0.157462
568	200	163	1.089732
616	432	517	-0.12205
2700	801	3542	-1.627608
3465	554	2081	-1.884653
1462	357	1333	-2.495109
1510	588	1598	-0.641791
2748	181	647	-2.5778
509	315	1192	-2.195592
2796	364	1766	-2.527369
3513	571	2090	-0.164353
3561	448	982	-1.575648
1176	392	2239	-2.63091
3609	309	1801	-1.401801
492	512	2368	-2.063532
2844	453	930	-0.283873
3657	496	1208	-1.305525
1046	845	2401	-1.249172
1438	1784	1267	0.83255
2892	911	2239	-0.934461
2940	280	963	-1.902045
3705	512	2458	-2.023123
557	641	1830	-1.258346
1094	930	1538	-0.415667
3753	1342	1586	-0.090024
664	1866	2619	-0.198893
3801	2261	1953	0.963159
3467	2191	773	1.4604
540	4051	646	3.09499
1824	398	563	-0.89204
1224	283	639	-0.63189
3515	463	805	0.018483
2988	1013	2266	-0.786041
605	376	1552	-1.508345
3563	845	1602	-0.560601
3611	597	2106	-1.445286
3659	595	1117	-0.806361
1943	72	29	1.400914
3707	610	999	-0.259817
712	877	2220	-1.344939
3755	450	579	-0.429653
3803	1224	2061	-0.341134
1872	299	338	0.258451
1920	285	462	-1.325037
1991	650	1693	-1.380748
760	270	381	-0.248003
3469	998	1841	-0.63189
426	439	500	-0.184618
3517	660	1584	-0.310307
3565	528	1197	-1.16178
3613	580	1272	-0.3616
3661	279	158	-0.173655
3709	415	1377	-0.500516
3757	685	2409	-1.581998
1921	701	526	0.471636
3805	529	1973	-0.711317
474	623	1282	-0.92451
1142	2454	2601	0.19155
3471	583	508	0.290294
3519	1252	2513	-0.836125
3567	841	906	-0.022178
3615	1211	2239	-0.690208
799	693	1470	-1.195826
3663	411	600	-0.719349
522	3540	5824	-0.282136
3711	1637	2841	-0.556024
570	553	1915	-1.801961
3759	1072	2607	-0.800513
618	1509	1818	0.03884
3807	398	380	-0.237986
847	1249	917	0.610261
4997	1055	1352	-0.363481
3036	592	1431	-1.073723
1486	706	916	-0.08431
1796	296	810	-2.105644
3473	596	2224	-1.725588
3521	364	887	-0.041098
3569	407	905	-1.490749
653	374	2249	-2.5778
2702	326	1676	-2.809602
2010	427	1902	-1.747894
3617	516	3137	-2.854054
3665	259	1382	-2.073895
3713	452	1185	-0.774612
3761	779	1375	-0.593238
3809	499	1805	-0.409732
1844	578	2458	-1.876069
2750	398	1437	-1.755441
2798	278	1557	-2.560706
2316	274	98	1.306958
3475	297	835	-1.315233
2364	237	792	-1.786213
3523	347	963	0.102276
3571	339	901	-1.423308
3619	514	1897	-1.817962
3667	398	914	-1.375553
3715	3588	4184	0.106993
3763	2135	3285	-0.210138
666	614	506	0.704536
3811	449	212	-0.192524
2846	496	1406	-1.262965
3477	451	340	0.247266
2894	348	1511	-2.47936
2412	468	1256	-1.634297
3525	725	2111	-1.620964
2942	620	1738	-1.910856
2039	816	1677	-0.705998
3573	663	1648	-1.16178
1892	289	1098	-1.884653
1558	549	963	-1.195826
1606	540	940	-0.999889
1654	429	1148	-1.627608
3621	550	960	0.126796
3669	745	601	0.43841
1534	679	2419	-1.763046
701	744	1750	-1.066089
3717	498	2851	-0.249682
4614	388	1475	-1.993852
3765	1481	2065	-0.183045
3813	1234	4438	-1.09698
2276	450	1077	-1.380748
3479	374	1603	-1.479188
1200	409	1548	-1.627608
1248	286	661	-1.244616
3527	567	823	-0.268342
3575	206	68	0.907675
979	618	2380	-1.439746
3623	1449	1287	0.337171
2990	731	2157	-1.240081
3671	366	867	-1.423308
3719	431	586	0.359353
3767	535	1383	-0.951268
749	430	854	-0.982252
1272	923	2386	-1.003454
1320	194	705	-2.667951
1368	381	2567	-2.543899
1416	197	858	-1.675399
3038	442	1402	-1.556839
3815	556	1157	-0.669536
3458	351	451	0.149602
3506	752	1576	-0.806361
1296	503	2355	-2.127384
2704	541	2795	-1.984283
3554	316	86	0.365731
1464	977	1036	0.1291
1512	280	651	-1.56307
808	414	1943	-2.404137
2752	2585	2525	0.424805
3602	390	1521	-0.996336
3650	768	2449	-1.200164
3698	559	1080	-0.703349
3746	619	1642	-1.170183
3794	1007	2356	-0.786041
1177	1422	3945	-0.971817
3460	743	930	-0.367255
3508	236	842	-1.675399
2800	1665	2387	-0.223146
3556	524	2358	-1.794056
1702	482	2042	-0.863692
1750	365	941	-1.725588
1798	322	1531	-1.526256
1846	391	424	0.090385
1894	412	2015	-2.974682
3604	383	836	-1.021472
1027	309	1418	-0.047942
1033	447	313	-0.664434
3652	554	1990	-1.484952
1560	236	74	1.334912
1608	276	242	-0.108824
1656	79	34	1.690932
3700	396	819	-0.89524
2848	237	892	0.009445
2433	1079	1532	0.021051
1942	110	47	1.345197
3748	1376	1328	0.126796
1344	1663	417	2.074188
856	440	411	-0.297884
904	262	1028	-0.746599
952	175	604	-1.634297
1000	373	2123	0.65817
1225	876	3459	-1.56307
3796	262	575	-0.917932
3462	328	229	-0.386339
3510	394	870	-1.021472
3558	291	109	1.539272
2964	342	1262	-1.696601
2481	1150	3388	-1.770709
3606	417	1680	-2.195592
3654	382	2163	-2.320755
1273	390	1928	-1.575648
415	516	1567	-1.834222
2896	681	1740	-1.066089
3702	653	1351	-1.226597
3750	806	1597	-0.763313
2944	921	1274	-0.198893
1075	1356	1836	-0.195703
3798	718	1144	-0.266632
3464	1659	1837	-0.02084
895	807	1335	-1.093066
3512	396	535	-0.104454
1123	623	1773	-1.850752
5093	1327	2307	-0.445881
3560	1469	3880	-0.75771
3608	647	2226	-1.544493
3656	466	2852	-2.160907
463	296	1007	-2.746423
1321	380	2634	-2.595192
1369	522	1382	-1.128855
1417	333	1345	-0.226425
3704	206	978	-2.003514
3752	369	1902	-2.219403
3800	238	393	0.254398
3466	365	894	-1.490749
3514	412	442	-0.439765
583	568	2124	-1.588387
3562	515	2272	-1.910856
3610	677	854	-0.470727
2992	922	2062	-0.794699
3040	305	1322	-2.268795
511	322	876	1.04746
3658	349	1249	-1.910856
1392	691	2782	-1.984283
3706	408	1257	-1.428757
1440	362	331	-0.423635
1488	1572	1464	0.317349
1536	689	900	-0.229715
3754	583	1160	-0.96492
3802	900	1535	-0.542419
3468	2031	1066	0.823972
3516	378	821	-0.61965
3564	242	89	0.426516
1990	713	1919	-1.45646
2706	400	781	-1.11279
3612	1175	1015	0.447658
3660	1141	818	0.486235
2754	1005	1828	-0.754921
1465	721	2442	-2.043123
3708	1049	2096	-0.609965
3756	2339	3053	-0.052072
3804	684	1751	-1.039821
3470	423	892	-1.157604
714	521	1508	-1.902045
3518	956	1412	-0.365366
3566	1161	314	1.798607
3614	1449	1739	-0.276941
3662	375	632	-1.116782
3710	527	1463	-1.703769
3758	435	1175	-1.755441
3806	550	878	-0.382493
3472	590	1467	-1.329976
1537	468	634	-0.027547
3012	1413	1570	0.211883
3520	498	1028	-1.093066
3568	660	2856	-1.594818
3616	743	1381	-0.866802
1585	659	921	-0.848283
3664	1424	1330	0.178493
588	1750	1495	0.356607
3712	269	554	-0.934461
3760	892	1696	-0.622086
3808	337	807	-0.634356
3474	486	1167	-1.550647
1633	470	954	-1.014226
1681	754	1415	0.135981
3522	397	665	0.544109
3570	268	493	-1.344939
3618	461	829	-0.00756
1729	315	499	-0.411707
3666	228	535	-2.160907
3714	780	1803	-0.985754
3762	2217	3016	-0.056218
762	601	1612	-1.450858
636	279	953	-3.46019
684	541	3253	-2.023123
3810	1334	1670	-0.022178
3476	2133	1859	0.330607
2529	877	1134	1.920092
3524	498	1103	-1.128855
3572	615	1151	-0.659358
3620	282	949	-2.389748
1800	249	134	-0.289104
3668	434	1222	-1.434237
1513	338	580	-0.447928
3716	363	875	-1.276951
631	516	1338	-1.325037
4898	425	1119	-1.682416
3764	835	2128	-1.062294
3060	506	765	-0.500516
3812	370	885	-1.11279
3478	801	1853	-1.145182
3526	1030	2343	-1.017843
3574	532	1531	-1.380748
2577	1651	4179	-1.028772
2625	941	2112	-0.851346
3622	1026	1209	0.021051
2058	572	1514	-1.725588
3670	1126	1930	-0.489775
3718	570	1296	-1.054747
607	796	1444	-0.914658
732	408	1176	-1.502445
1969	620	1273	1.603196
1848	3220	5544	-0.292607
1896	248	164	-0.101552
679	636	2077	-1.305525
3766	873	1353	-0.458227
1081	494	1068	-0.659358
1048	331	207	0.102276
727	428	1876	-0.239648
655	413	1013	-1.445286
2673	1181	589	0.453499
393	816	1689	-1.032441
1096	434	1997	-2.5778
441	760	1224	0.174102
2565	1251	1743	-0.363481
3814	1019	1556	-0.310307
3480	779	833	-0.011526
3528	1605	915	1.052043
3576	2641	1487	0.798963
3624	667	614	0.180681
3672	4582	2559	0.86118
3720	682	974	-0.214996
3768	1288	2582	-0.562897
3816	389	783	-1.244616
2087	597	1249	-1.132912
1144	208	724	-1.956112
2789	575	1599	-1.428757
3481	511	773	-0.04383
2038	953	1176	-0.042463
2837	578	1736	-0.357848
3529	706	926	0.16304
3577	672	1812	-1.556839
3625	1390	1703	0.004243
3673	627	1263	-0.705998
3721	599	1031	0.318302
3769	497	1093	0.234921
3817	468	1451	0.84837
1777	395	1091	0.246243
3483	647	2141	-1.675399
3531	408	681	-0.138456
3579	295	734	-1.021472
3627	617	943	-0.94115
2017	589	1436	-1.286385
2065	831	1784	0.2087
3675	991	566	1.257565
3723	661	1401	-1.291136
1825	4508	1395	1.603987
3771	482	1717	-2.320755
2613	514	1263	-1.439746
703	278	1067	-1.876069
1179	464	1251	-1.993852
2508	1217	1906	-0.409732
3819	458	301	-0.056218
3485	790	2844	-1.682416
3533	672	1469	0.885238
3581	480	2516	-2.746423
3629	389	1776	-1.867559
3677	400	2190	-1.740403
3725	526	1734	0.517153
3773	818	1995	-1.365244
3821	495	3584	-0.065961
3487	2358	2843	0.118689
3535	379	875	-0.198893
837	7426	574	1.988163
3583	462	1075	-1.222143
3631	451	1072	-1.484952
2802	286	1060	-2.72622
3679	352	1266	-2.649259
3727	526	1195	-0.341134
3775	457	1841	-2.294438
3823	559	829	-0.04657
3489	1264	3715	-1.085284
3537	503	1225	1.2001
3585	505	2292	-3.000657
3633	559	2204	-2.023123
3681	436	1572	-1.003454
1227	286	1456	0.157462
1275	404	2484	-3.172507
2850	265	1162	-2.073895
2106	508	1472	-0.971817
3729	488	3089	-3.380147
2898	537	1376	-1.058514
3777	547	2379	-2.463856
1657	377	261	0.08799
1705	384	606	-0.59561
3825	932	2127	-0.800513
3491	313	928	-0.08431
2339	636	1928	-1.52025
2387	1572	1586	0.097537
3539	346	1501	-1.755441
2154	428	1374	-1.867559
3587	322	556	-0.96492
3635	469	1430	-1.956112
3683	481	1383	-1.569339
1129	389	785	-0.287358
810	483	1153	-1.157604
858	476	1561	-1.473457
906	584	1462	-1.581998
2113	1184	828	0.649317
2086	2331	1497	0.787115
2134	1693	1184	0.852286
2182	2272	2051	0.111688
2230	6257	817	2.568792
2278	4365	353	1.464343
1944	272	46	2.678707
1992	345	429	-0.167444
3731	2562	1158	1.325217
3779	1544	2000	-0.042463
3827	3101	1334	1.432038
1753	780	897	0.002939
3493	873	1864	-0.989269
3541	824	2302	-1.581998
3589	784	1554	-0.934461
3637	1449	2031	-0.194112
3685	949	1962	-0.716665
1323	601	1226	-1.039821
3733	1280	1984	-0.528996
3781	627	1226	-0.639307
1873	555	1081	-0.468633
3829	756	4170	-1.850752
489	407	1766	-2.172335
537	454	1906	-1.876069
954	674	1785	-0.914658
1002	387	1310	-2.149607
1050	339	890	-0.317475
398	367	940	-1.620964
2933	848	878	-0.105909
3495	1295	1878	-0.152083
3543	473	1181	-1.569339
3591	1778	1053	0.958651
3639	539	1405	-1.286385
3687	447	1203	-1.80993
2946	277	921	
3735	480	1325	-0.786041
2202	337	1633	-0.114681
2135	505	1015	-0.869922
3783	371	1305	-2.127384
3831	495	1915	-1.077562
3497	548	2255	-2.389748
3545	372	1229	1.477875
3593	434	1512	-1.244616
3641	320	1569	-1.928713
1371	369	1176	-1.412497
2435	341	1482	-2.463856
1801	430	995	-0.315678
2483	518	863	0.047618
3689	420	1260	-0.403833
2250	351	1161	-2.294438
3737	845	2928	-1.38597
2161	721	1950	-2.72622
2040	799	2509	-1.310367
3785	484	1502	-1.182922
2088	222	1314	-3.547201
2298	532	1514	-1.71099
3833	739	2255	-0.863692
3499	488	1889	-1.910856
4946	630	1673	-1.291136
3547	327	1353	-1.937763
585	388	1634	-2.47936
1849	468	1135	-0.786041
2994	330	1510	-2.511109
3595	286	1566	-2.949364
3042	343	1383	-1.329976
3691	945	844	0.3353
1897	3449	3227	0.380158
3739	1024	1822	-0.827102
2708	980	2601	-1.021472
3787	2143	1001	1.633561
3835	361	1743	-1.508345
3501	672	2406	-2.116455
3549	645	1996	-1.108814
3597	2063	2393	0.170796
3645	744	519	-0.123531
3693	504	517	-0.466543
3741	1078	3395	-1.755441
3789	746	2028	-1.208898
3837	730	2652	-1.320123
3503	338	691	-1.081415
3551	610	750	0.341833
3599	1485	3525	-0.498359
3647	1230	1489	-0.213374
3695	380	453	0.233885
3743	335	554	0.720588
3791	409	1005	-0.411707
417	453	1471	-2.195592
1964	486	2008	-2.219403
1419	252	1287	-3.999186
3839	344	739	-0.441799
2756	2458	1658	0.595934
2209	486	335	-0.159734
2556	431	1021	-1.380748
3482	432	816	-0.971817
3530	501	1068	-0.978761
2257	584	373	-0.219878
3578	485	636	-0.549198
3626	539	1069	-0.586154
3674	734	1258	-0.586154
2981	468	1629	-2.127384
3722	691	1594	-0.824113
2012	469	742	-0.836125
3770	755	2441	-1.12079
3818	477	1340	-1.412497
1098	654	1101	-0.848283
1146	999	1942	-0.800513
812	621	1347	-1.165973
3484	394	1332	-0.978761
3532	218	514	-0.719349
3580	457	1370	-1.763046
2726	998	685	-0.114681
3628	1054	320	2.038344
3676	611	1255	-0.978761
3724	270	584	-0.644282
465	999	1519	-0.328325
1539	1066	1778	-0.443838
1587	684	1087	-0.806361
2136	735	2680	-1.575648
3772	625	869	-0.303189
3820	225	244	0.046368
3486	492	1870	-1.884653
3534	511	2613	-2.347784
943	344	1260	-2.687
3582	314	733	-0.602762
3630	368	892	-0.61965
3678	370	1706	-2.746423
3726	650	1535	-0.75771
1635	659	1797	-1.093066
3774	661	1676	-0.851346
1923	492	588	-0.384415
3822	581	1299	-0.860591
3488	494	790	-0.317475
2184	1392	1278	0.375672
3536	2261	336	2.637323
3584	7779	1053	2.609682
3632	5149	337	3.480275
2661	982	1825	-1.204521
2531	728	913	0.105816
2579	364	1651	-2.543899
1563	423	505	0.090385
3680	616	2304	-1.249172
1611	366	265	0.045118
1683	705	2209	-1.842453
3728	273	830	-1.902045
3776	638	3022	-2.094949
3824	327	791	-1.428757
3490	1109	1549	-0.378662
1971	1315	1301	0.556944
2019	55	28	2.061271
3538	2395	1194	1.290163
2067	2302	754	3.235455
3586	5773	781	2.511072
2627	3237	633	2.789222
2232	12043	2410	1.87935
3634	522	882	-0.544674
3682	374	966	-1.755441
3730	962	1507	-0.256427
3778	512	774	-0.572135
3826	919	1919	-0.815197
2675	516	2265	-3.027325
1659	354	409	-0.237986
1731	619	1008	-0.462376
3492	453	935	-1.244616
2280	1732	811	1.408946
3540	291	528	-0.672097
3588	1006	2003	-0.58851
885	531	2087	-1.993852
1779	480	1482	-2.294438
1827	332	1056	-1.556839
1875	396	893	0.02744
1541	396	1208	-1.778431
1589	313	1169	0.865046
1637	470	2524	-2.854054
1685	380	1985	0.806005
1733	372	1246	-2.172335
1781	590	2024	-1.946896
1829	394	1644	-2.543899
1877	308	1104	1.024225
933	653	1546	-1.047256
981	657	1058	-0.646779
428	887	1403	-0.214996
476	803	1280	-0.59561
3636	1128	1557	0.013329
1543	434	1232	-1.467759
1591	498	1194	-0.063167
860	234	368	-0.646779
3684	590	2031	-1.581998
908	394	1533	-2.043123
956	234	452	-2.243794
3732	281	263	0.069841
3780	682	1035	-0.474929
3828	302	631	-1.136985
1004	1717	1940	0.089188
3494	589	887	-0.682406
1052	255	755	-2.207427
3542	608	842	-0.301418
2604	635	1673	-1.069899
2183	1115	1481	-0.290854
513	1453	1095	1.410225
3590	1015	900	0.336236
1639	206	68	1.585116
3638	604	1659	-1.45646
3686	441	1222	-1.755441
2804	606	2374	-1.842453
1687	855	1508	-0.698072
3734	558	1894	-1.56307
1029	353	1043	-0.04383
1077	719	1657	-1.258346
1125	676	2102	-1.581998
791	381	887	-1.195826
839	601	900	0.325892
633	377	1751	-2.268795
3782	496	700	-0.520146
3830	674	2361	-2.023123
3496	1008	1921	-0.431667
3544	245	624	-1.740403
3592	638	1469	-1.054747
3640	427	540	-0.141468
3688	1161	2413	-0.528996
3736	530	481	-0.068762
3784	1253	1141	0.352013
887	261	141	0.440941
935	819	1103	-0.275215
983	621	1096	-0.63189
1031	482	1085	0.85005
1735	397	1204	-1.508345
1783	622	1355	-0.996336
1831	488	1405	-1.213293
1079	381	1032	-1.484952
1127	455	1211	-1.226597
770	273	846	-2.788096
5095	552	597	0.028713
866	799	1618	-0.752139
914	1112	1603	-0.047942
5338	671	1194	-0.674664
1010	388	441	-0.239648
3832	275	319	-0.313884
3498	397	933	-0.985754
3546	361	1207	-0.417653
3594	475	1428	-1.786213
3642	1600	1295	0.817633
3690	424	1292	-1.928713
3738	1639	2804	-0.299649
2231	395	792	-1.003454
2115	803	1637	-0.692823
3786	557	811	-0.602762
3834	555	1397	-1.16178
3500	1104	2773	-0.996336
3548	574	979	-0.544674
3596	1648	1712	0.132546
3644	819	713	0.244194
3692	1119	2154	-0.664434
3740	589	1299	-0.821132
3788	428	1125	-0.760508
2852	1453	2443	-0.392137
3836	322	393	-0.57912
3502	1615	2582	-0.310307
3550	486	1293	-1.641031
3598	428	1264	-1.770709
3646	353	340	-0.415667
3694	521	1309	-1.258346
3742	423	1029	-0.651791
1879	451	1366	-1.526256
2327	2916	1750	0.693472
3790	10923	1975	2.276652
3838	1500	1803	0.017197
561	424	1725	-1.893311
609	325	1291	-1.826059
3504	527	1648	-1.747894
3029	878	2626	-1.157604
2695	609	1229	-0.75771
2743	708	2170	-1.588387
3552	3051	3832	-0.002297
3600	1178	1704	-0.283873
3648	1561	2544	-0.287358
3696	1028	1531	-0.263219
3744	320	860	-1.417887
991	1361	3218	-0.882501
3792	317	339	0.132546
3840	243	677	-1.801961
2163	470	710	0.796605
3841	372	1748	-2.47936
1039	1443	1917	0.026166
3889	418	528	-0.672097
3937	315	944	-1.80993
1087	996	1068	0.365731
3985	341	2378	-2.72622
2774	1559	2596	-0.321079
1058	347	1659	-2.63091
2279	527	1862	-1.794056
4033	298	185	-0.341134
4081	461	442	-0.417653
1467	1404	1435	0.319254
657	985	2256	-0.783171
2900	2036	1926	0.20444
4129	1961	902	1.391515
2060	1108	1565	-0.271773
2108	209	483	-2.418736
2156	341	1152	-2.033073
2204	226	388	0.363002
2252	431	1677	-2.418736
2300	214	499	0.553939
1966	608	1103	-0.921216
2014	407	1130	-2.195592
2062	440	852	0.269512
4177	494	385	-0.574458
3843	235	68	1.63866
1707	2936	787	2.198566
524	3293	4799	-0.149038
2948	908	1282	-0.162811
3891	1049	2199	-0.421637
2996	1691	2100	-0.103002
3939	201	60	1.8565
1106	437	442	0.021051
3987	351	459	-0.226425
2341	4477	2535	0.731357
2389	3132	1527	1.084434
2437	4584	1641	1.860379
2485	2517	2600	0.399663
2533	3698	1468	1.716901
4035	853	1514	-0.494058
3044	245	1142	-2.767042
681	579	1812	-2.003514
4083	361	265	-0.202093
2710	342	1425	-2.183896
2581	667	2388	-2.033073
2629	489	1617	1.699584
4131	385	1045	-1.508345
4179	737	876	-0.165897
3845	547	1642	-1.601291
2758	541	1301	-2.281534
2806	314	733	-0.78031
2854	576	1754	-1.794056
5239	606	1746	-0.999889
3893	405	1740	-1.439746
2110	413	1181	-1.116782
820	204	394	-1.003454
3941	371	1920	-2.63091
753	453	871	-0.612377
868	392	1629	-1.965415
3989	536	1507	-0.92451
2902	1065	1334	0.322104
2375	910	944	0.213999
2677	2328	1175	1.337665
419	375	310	-0.401874
2211	343	949	-1.718262
1634	2460	1518	0.77633
2950	1523	3122	-0.727447
4037	268	186	-0.006242
4085	519	1913	-2.361577
4133	394	1284	-2.160907
1515	449	909	-1.253748
4181	398	2216	-0.498359
3847	271	560	-1.550647
1181	407	1577	-1.689483
1922	443	1458	-3.111883
1970	574	1182	-1.45646
3895	874	1764	-0.636828
3943	230	76	1.310848
572	1305	263	2.13002
3991	1257	1653	-0.070165
4039	220	83	0.543349
4087	1442	2545	-0.462376
4135	562	1197	-0.989269
729	535	1470	-0.649282
4859	1957	1049	0.890088
620	1572	4058	-1.003454
395	546	1103	-0.842186
443	774	1931	-1.770709
1100	1323	2124	-0.264924
1148	405	420	-0.144489
814	921	1136	0.004243
491	2058	2166	0.125642
539	920	1120	-0.004925
4183	331	310	-0.082886
1229	571	2864	-2.149607
3849	392	252	-0.427643
2998	424	970	-1.281657
3897	471	1424	-0.687601
3945	468	1618	-2.013271
3993	371	239	-0.602762
3046	1051	1056	0.672975
4041	315	772	-1.740403
4089	554	765	-0.51356
4137	468	394	1.20325
4662	988	2150	-0.863692
4185	837	3018	-1.588387
1682	469	1491	-1.755441
5340	391	1089	-0.901671
3851	386	712	-1.104854
2343	1311	1211	0.377469
1945	2496	2165	0.319254
862	604	1706	-1.794056
910	682	1932	-1.434237
958	383	1581	-2.595192
3899	440	1789	-2.667951
3947	236	116	0.381053
3995	722	2061	-1.417887
4043	337	1242	-1.984283
4091	625	1745	-1.747894
4139	683	1353	-0.722041
4187	801	1163	-0.411707
3853	407	1342	-2.389748
3901	442	2506	-2.116455
3949	317	1134	-2.463856
1277	399	1155	-0.636828
1325	504	2396	-2.023123
3997	921	2355	-1.058514
1373	418	1085	-1.508345
587	628	1976	-1.305525
1755	1224	2775	-0.590871
1012	265	1035	-2.375563
4045	437	375	-0.126498
4093	756	2156	-1.725588
2712	540	1742	-1.682416
1421	392	1356	-1.412497
467	514	897	-0.947884
4189	439	1771	-1.334938
1469	366	1028	1.287637
2423	531	136	1.620956
1545	420	1206	-2.207427
3855	373	507	-0.866802
2760	479	985	-1.484952
2808	1099	2517	-0.824113
1006	761	1835	-1.174412
1054	563	1952	-2.023123
1102	697	1385	-1.077562
635	261	819	1.213807
3903	506	1675	-2.281534
2791	829	753	0.145082
2391	1948	1795	0.45433
1150	459	2600	-2.687
816	534	2102	-2.013271
515	343	1311	-2.854054
3951	335	1329	-1.937763
2018	333	257	-0.158199
683	485	1687	-1.407135
1517	335	319	-0.700707
3999	541	1612	-1.396496
563	507	1111	-1.365244
1183	496	1595	-2.043123
4047	317	1489	-2.231524
2856	193	792	0.686247
731	757	2476	-2.389748
1803	294	523	0.714198
864	172	289	0.729465
1231	422	1196	-1.965415
4095	543	1373	-1.334938
397	453	1830	-2.347784
4191	470	1740	-2.172335
1135	495	711	-0.768946
3857	633	2273	-1.928713
3905	468	554	-0.661892
3953	794	1925	-0.904902
912	632	1263	-0.863692
5344	841	860	0.174102
4001	2114	1895	0.408404
1593	639	1717	-1.249172
4049	756	1353	-0.713988
2259	747	762	0.622982
1993	6637	2036	1.692138
4145	802	1098	-0.136954
2439	1266	1624	-0.012851
2041	1803	3476	-0.901671
4193	1559	3856	-0.754921
668	2910	3907	-0.119096
1851	477	645	-0.098657
1899	378	893	-1.325037
1565	375	579	-0.116151
1613	798	3998	-1.928713
1661	516	1473	-0.75771
1709	362	855	-0.074388
1757	476	1609	-0.873052
1805	481	1372	-0.921216
1853	438	1045	0.310654
1901	666	1622	-1.093066
1567	391	718	0.331547
1615	216	667	-0.155136
1663	490	1079	-1.391219
1711	634	1784	-1.747894
3859	415	811	-0.866802
1759	815	1845	-0.869922
2089	713	1234	-0.546933
3907	452	1442	-1.893311
1279	476	1757	-1.35504
1925	446	1629	-2.974682
1973	731	1096	1.877148
3955	558	1089	-0.833108
1060	18901	1810	2.745546
611	1920	3213	-0.447928
1108	1312	1547	-0.120572
774	270	171	0.923398
659	232	1447	-2.706418
2652	216	1243	-2.667951
2904	340	1897	-2.256217
2952	216	793	-2.30751
4003	318	1592	-2.706418
3000	1021	2507	-0.917932
4051	228	98	0.041356
4147	315	799	-1.66151
4195	482	2629	-2.767042
3861	1030	1422	-0.208524
3909	574	2289	-2.033073
2021	7759	1863	1.826603
2839	869	1097	-0.133955
3957	408	240	0.554691
2471	3072	1356	1.47668
2519	1009	903	0.161927
4005	723	732	-0.544674
1641	661	1374	-0.982252
4053	856	1758	-0.687601
2487	416	1037	-1.538377
1008	544	1686	-2.334178
1807	484	553	0.321155
1855	588	1550	-1.842453
1903	348	899	-2.053276
4149	637	1270	-1.116782
1327	266	1285	-1.794056
3048	190	888	-1.755441
707	305	1073	-0.359722
3863	796	1317	-0.51356
3911	1054	2311	-0.809298
2822	1613	2587	-0.297884
822	814	1743	-0.904902
2713	618	1912	-1.157604
2761	622	2884	
3959	279	938	-2.033073
4007	1453	3032	-0.458227
1375	1894	4754	-0.639307
1689	446	1331	0.542588
2887	354	1015	-1.755441
2935	686	1164	-0.741089
2983	74	29	1.276374
2809	496	1278	1.780896
3031	768	1253	-0.636828
2697	292	257	-0.258121
4055	478	799	-0.803433
4103	858	1286	-0.605157
2857	707	2120	-0.011526
4199	391	2199	-3.082895
2069	446	525	-0.132459
3842	608	1305	-1.213293
3890	497	450	1.291963
3938	540	1103	-0.96149
3986	609	1299	-1.145182
1569	591	1054	-0.556024
1665	567	659	0.282428
1713	584	1025	-0.487641
1761	2665	3188	-0.101552
1809	618	1689	-1.391219
1857	740	1275	-1.305525
1905	607	808	-0.88885
1571	830	1163	0.042611
1619	1094	1066	0.210823
4034	1618	837	1.0525
1667	1654	2435	0.451834
1715	1568	871	0.715479
1763	2116	2514	-0.028894
2905	697	2072	-1.993852
801	389	1322	-1.434237
716	621	2870	-2.375563
2953	618	1300	1.810671
4082	1754	3518	-0.348528
4130	1199	715	0.79424
1811	1593	1456	0.429076
445	1781	1690	0.674977
3001	744	2298	-2.404137
755	1752	598	1.739688
4178	2248	1683	0.574051
3844	747	1762	-0.876192
2535	458	285	-0.344824
2745	765	1167	-0.228069
3049	521	1400	1.214584
3892	338	1106	-2.105644
1056	206	677	-2.116455
1104	431	1799	-2.767042
2583	474	1287	-1.544493
1152	235	402	-1.588387
1153	418	1177	-2.149607
2793	651	1558	-0.590871
2567	1410	2262	-0.644282
764	261	260	-0.914658
2841	895	1893	-1.902045
2318	1086	665	0.901316
3988	303	168	-0.104454
2137	4471	1846	1.592867
1737	317	202	0.259462
2889	372	211	0.035055
1785	650	1440	-1.149306
2366	2729	865	2.203349
2715	1151	2226	-0.612377
4036	748	1320	-0.483385
421	841	1714	-0.703349
849	849	1688	-0.656829
870	960	1140	-0.012851
2158	1235	1072	0.863391
2763	2584	1824	0.779337
4084	425	828	-1.089167
918	1082	2093	-0.614796
4180	261	787	-1.946896
966	616	1601	-1.300705
1730	297	1086	-2.448589
3846	550	1408	-1.526256
897	650	1907	-1.320123
3894	853	736	0.584323
2414	698	1597	-0.971817
2631	513	1190	-1.217708
3942	1168	536	1.03823
1201	400	382	-0.443838
3990	724	1328	-0.62943
5107	677	1304	-0.763313
1471	385	174	-0.337458
430	470	1349	-1.902045
4038	438	333	-0.047942
1062	1371	1272	0.264499
4134	656	1064	-0.612377
4182	478	1272	-1.100909
2811	403	1327	-1.058514
3848	378	1461	-1.817962
3896	283	791	-1.334938
3944	398	1282	-1.445286
3992	304	703	-1.149306
4088	419	959	-1.032441
4184	285	596	-1.262965
2206	495	1478	-0.004925
2254	710	1691	-1.069899
1833	538	1953	-2.105644
1881	597	2103	-2.105644
2066	974	1113	-0.037013
2114	342	225	-0.221511
3850	1251	2112	-0.500516
1185	312	283	-0.626976
2859	884	1841	-0.978761
3898	970	1749	-0.674664
3946	228	91	0.58213
3994	604	1353	-0.487641
4090	392	1430	-2.268795
2679	664	1553	-1.439746
469	448	2621	-2.361577
4138	475	1387	-1.66843
517	708	1090	0.022332
2345	4755	3861	0.585052
4186	309	780	-1.588387
2185	472	1783	-2.649259
3852	941	1212	0.114027
1249	314	657	0.012036
493	816	1494	-0.622086
3900	477	1142	-1.054747
3996	373	717	-0.63189
4044	851	2237	-0.996336
1297	309	237	-0.517946
478	1379	2716	-0.574458
4140	808	1354	-0.481264
4188	1490	2835	-0.454094
2233	8406	1622	2.417313
2393	536	412	0.002939
1345	350	210	0.178493
2441	469	1511	1.012877
2907	493	1498	-1.52025
565	468	1437	-1.329976
2955	560	1284	-1.725588
2117	727	2088	-1.235566
613	533	1110	-0.429653
2489	1318	2472	-0.016838
2302	4172	1106	1.970982
1393	3002	1483	0.349247
1441	3982	1167	1.609501
1489	2723	864	2.606885
3003	610	1074	-0.732881
3854	355	968	-2.149607
3902	524	395	-0.00361
1968	666	1247	-1.11279
1155	573	1482	-1.149306
1203	575	902	0.143949
1251	443	1090	-1.286385
1299	1352	1042	0.842185
3051	441	1100	-1.240081
661	798	2157	-0.989269
2717	612	1857	-1.66151
526	417	1310	-2.448589
3998	1228	1231	0.492655
4046	462	430	0.036318
4094	609	1224	-0.310307
4142	594	1542	-1.305525
1110	1379	1719	-0.068762
2937	717	1335	0.767252
4190	537	1122	-1.093066
945	706	1678	-1.085284
3856	389	1582	-1.876069
5282	391	1340	-1.817962
5089	386	877	-1.286385
4995	386	826	-1.191506
3904	279	1024	-2.294438
3952	247	86	0.528795
4000	288	718	-1.526256
4096	1060	1858	-0.310307
4192	423	1366	-1.017843
3858	557	735	-0.644282
3906	255	927	-0.687601
637	539	1950	-1.66843
685	506	1561	-1.946896
733	438	1401	-0.399919
3954	399	526	-0.53345
4002	1440	2273	-0.312094
4050	369	893	-1.479188
4098	363	794	-0.777457
4146	397	1122	-1.928713
4194	300	1013	-1.984283
2537	881	2275	-1.732969
2585	1296	2102	-0.567506
1859	968	2271	-0.951268
3860	523	1717	-1.407135
3908	307	856	-1.514279
2016	327	698	-1.770709
1907	414	506	-0.289104
1547	429	1200	-1.439746
3956	660	1117	-0.59561
2064	728	1846	-1.401801
4004	335	824	-1.339926
4052	572	1938	-1.581998
2615	1011	1351	-0.116151
2112	637	778	-0.299649
2633	686	1462	0.15858
1347	710	897	-0.228069
1573	554	731	-0.537924
1621	273	203	-0.727447
2681	325	2039	0.856743
4148	368	1816	-2.149607
1717	611	1283	-0.435708
1765	594	909	0.425661
1813	431	1431	-1.401801
1861	621	1600	-1.007032
2281	480	983	0.26148
2347	628	2600	-1.80993
4196	415	1038	-1.594818
3862	443	1168	-1.550647
2765	1104	1158	0.473269
2165	1153	1893	-0.276941
1395	425	1681	-2.63091
2663	1525	1814	0.215056
2306	228	78	0.45433
2354	1323	2871	-0.839151
2395	883	2114	-1.222143
2443	383	1339	-2.900574
3910	859	3279	-1.329976
3958	486	851	-0.754921
776	524	1322	-1.145182
993	510	1042	-1.085284
2402	1138	948	0.506164
2450	2285	1940	0.490253
2162	866	1353	-0.866802
4006	502	685	0.132546
2813	1881	2387	-0.297884
2861	1143	1704	-0.256427
4054	1116	1223	-0.014178
1947	1097	1057	0.196941
4102	1141	1066	0.941946
824	873	698	0.618054
2909	3365	1372	1.920476
2498	501	768	-0.443838
872	715	1755	-1.021472
4150	395	1007	-1.544493
2491	473	1067	-0.763313
2870	2726	4227	-0.229715
4198	1350	594	1.953872
1909	2926	2654	0.766036
1595	1265	1080	0.689537
3864	826	415	1.129867
3912	1933	650	1.206781
3960	6786	959	2.388174
2587	6403	969	3.090474
4008	2010	731	1.632026
2957	3049	1532	1.777803
446	273	174	-0.205303
3005	953	3611	-1.028772
4056	1172	1742	-0.297884
2635	763	1482	-0.821132
709	353	1531	-3.054724
2683	616	1710	-1.778431
2349	1114	1397	0.07714
2397	846	1468	-0.103002
3053	320	1374	1.959977
2719	365	1357	-2.5778
4104	328	697	-1.093066
2767	550	1882	-1.544493
1281	395	236	-0.132459
4200	269	1390	-1.575648
3865	485	688	0.005546
495	746	1361	-0.574458
2160	4516	1375	1.723932
1575	571	898	-0.752139
2208	410	688	-0.553744
2445	540	1449	-0.593238
1041	509	1195	-0.836125
757	740	2075	-1.100909
2546	656	610	0.079561
2815	383	1378	-2.612892
2863	686	1285	-0.794699
3913	529	1226	-0.470727
3961	662	2491	-1.484952
4009	654	1196	-0.202093
2985	482	1080	-1.276951
2213	666	813	-0.049317
494	322	208	0.867249
2261	786	1108	0.19371
1443	1091	1106	0.071061
1995	1448	1583	0.07714
542	919	1754	-0.777457
590	684	1119	-0.698072
638	961	1013	-0.024859
686	595	1046	-0.768946
3033	1040	2636	-1.569339
4057	856	2338	-1.365244
2210	1894	1262	0.844438
423	667	1859	-1.412497
4105	446	1168	0.487844
1623	289	134	-0.219878
1927	532	1749	-1.391219
4153	378	643	-0.392137
1671	710	489	0.357523
4201	267	589	-0.164353
3867	393	1553	-1.884653
2510	450	483	-0.063167
3915	1925	2336	0.029985
1491	4398	1842	1.418817
2043	2370	1943	0.565162
3963	868	1270	-0.376752
2911	662	1038	-0.312094
4011	1707	1675	0.264499
2258	3714	609	1.639677
2256	441	356	-0.270056
2304	309	927	-1.893311
2305	738	1577	-0.968362
2353	952	1861	-1.434237
4107	981	1061	0.069841
1089	3264	1444	1.498275
2091	5010	533	3.700948
2139	16835	711	4.464787
3869	6571	647	2.937989
2187	487	298	-0.097213
3917	648	1533	-1.538377
3965	949	2006	-1.007032
4013	693	1508	-0.456158
622	1708	1002	0.943986
1975	11999	1387	3.215844
920	1840	787	0.963159
4109	2141	1143	0.089188
4157	1999	1896	0.550924
4205	3047	2087	0.924957
670	1012	2050	-0.968362
2023	578	854	-0.221511
718	1342	2271	-0.403833
3919	530	545	0.041356
4015	1252	1957	-0.280401
1643	236	115	0.160813
4111	377	267	0.035055
4159	361	175	-0.328325
766	728	1213	-0.821132
4207	338	164	-0.028894
3873	623	1364	-1.267605
3921	727	1896	-1.85912
3969	629	2323	-1.80993
4017	884	2373	-1.073723
1691	362	1029	1.373443
4065	525	1086	-0.511374
4113	1262	4477	-0.800513
4161	617	820	-0.452035
4209	941	2810	-1.253748
2071	416	283	-0.263219
3875	650	1153	-0.722041
3923	746	893	-0.107366
2235	648	1930	-1.71099
3971	1948	3082	-0.285614
4019	1080	1790	-0.574458
4067	644	1459	-0.666982
4115	532	631	0.138264
4163	704	1876	-1.036125
4211	376	1000	0.13025
3925	577	1143	0.002939
2959	599	1235	-0.556024
3973	1198	3487	-0.904902
4021	327	1712	3.44293
2493	1220	2311	-0.78031
2541	563	1310	-0.84523
1205	659	955	-0.515751
471	397	932	-1.45646
4117	1020	1881	-0.786041
4165	792	946	-0.214996
4213	429	855	0.099909
3007	794	1282	-0.641791
2119	636	243	1.293041
3879	552	868	-0.560601
3927	1050	2061	-0.576786
3975	1193	974	0.363913
4023	658	867	0.045118
4071	399	884	-0.947884
2589	336	2280	1.576763
2637	424	1667	-0.085736
1253	535	2247	-2.543899
1301	397	1070	0.159697
1739	1088	1686	-0.328325
4119	444	763	0.282428
1377	553	1523	-1.919744
4167	300	953	-2.023123
4215	934	878	0.483009
432	586	852	-0.125013
1787	357	1356	-1.145182
1835	495	1480	-1.329976
3881	1634	1147	1.395739
2699	351	1311	-1.244616
3929	385	1316	0.982462
3977	677	1565	-1.043532
734	1278	881	0.650684
2283	2881	1662	0.930652
519	7918	802	4.410072
2167	25269	734	3.861357
4025	1518	1440	1.011449
968	1292	2533	-0.600372
1349	324	873	-1.021472
1397	604	2035	-1.344939
1445	514	886	-1.187205
543	617	1025	-0.487641
591	514	947	-0.824113
639	345	919	-0.698072
567	341	1161	-1.703769
2721	382	1424	-0.218248
615	742	2319	-2.463856
1719	801	1480	-0.535685
735	532	1433	-1.093066
1493	462	1802	-1.634297
401	633	1690	-1.52025
4073	453	977	0.282428
1767	438	1051	-1.508345
1815	1114	1503	-0.195703
1863	409	998	-0.502678
1911	399	1380	-1.647811
1577	708	637	-0.063167
1625	408	693	-0.556024
1673	524	719	0.968641
1721	384	1003	-0.477036
1769	479	1066	-0.141468
1817	618	1445	-0.908144
1865	583	1383	-0.954664
1913	447	1949	-1.56307
1579	348	294	-0.357848
4121	1310	4566	-1.116782
2215	522	1605	-1.365244
663	639	689	0.08679
711	1149	1983	-0.365366
2769	719	1954	-0.498359
4169	424	1603	-2.527369
2817	494	1356	0.635543
4217	363	1574	-1.439746
2865	946	720	-0.047942
1924	3776	2994	0.458478
891	3424	1367	1.736234
1949	1241	1509	-0.092894
2918	663	905	-0.136954
3883	625	813	-0.324695
3931	1027	1520	-0.264924
3979	495	615	-0.339294
4027	1688	2138	-0.080046
2685	933	1336	0.93426
2351	456	1425	-1.696601
2399	645	1146	-1.174412
1997	712	1690	-1.937763
4075	1808	2628	-0.315678
4123	399	1299	-1.473457
4171	505	1510	-1.428757
4219	505	1346	-1.654637
3885	612	638	-0.517946
3933	756	2345	-0.968362
3981	576	2196	-2.687
4029	1548	4404	-1.174412
2447	696	1095	-0.321079
2495	829	1240	-0.481264
2543	1126	1126	0.243168
2591	533	801	0.672975
4077	455	2046	-2.207427
4125	612	1778	-0.355977
759	350	1056	-0.794699
1723	375	292	0.099909
1771	410	1332	-2.268795
1425	566	2040	-1.747894
4173	512	1804	-1.675399
4221	395	1324	0.322104
2913	486	351	-0.359722
1473	361	1475	-2.30751
2961	488	2749	1.958685
3887	2043	868	1.301628
3935	1217	1431	0.102276
1819	6871	1170	2.485449
2639	8538	1391	2.385647
3983	1229	656	0.973599
2966	1852	1980	0.028713
3014	2076	2985	-0.221511
400	1585	2827	-0.458227
2045	4325	1750	1.685365
448	269	1583	-3.172507
449	399	1863	-2.256217
497	340	1617	-2.231524
4079	2725	4259	-0.261516
4127	1484	1259	0.546386
4175	1239	1224	0.134837
4223	787	1699	-1.439746
3866	486	1495	-1.725588
1159	252	73	0.733246
2401	720	1476	-0.833108
1972	445	903	-1.365244
593	615	1758	-1.365244
641	552	1495	-0.624528
1207	559	1536	-0.651791
689	625	1930	-1.965415
737	901	1652	0.069841
403	495	893	-0.73561
451	368	721	-1.132912
3914	578	960	-0.656829
3962	581	1061	-0.716665
2687	866	1547	-0.830101
4010	1484	2370	-0.192524
4058	746	1204	-0.411707
4106	1328	1618	0.16304
4154	729	1097	-0.634356
1016	411	965	-1.360129
1064	86	32	1.814731
2449	521	1884	-0.565199
2020	239	473	-1.014226
2068	473	1154	-1.300705
2093	494	2532	-2.116455
3062	709	1092	-0.179905
4202	491	1341	-0.449979
2728	665	2064	-1.174412
2776	180	412	-1.696601
2594	1408	836	0.794832
2558	1927	2070	0.291273
1255	737	1540	-0.830101
2263	308	846	2.154458
1521	733	1767	-0.947884
3868	1405	1862	-0.165897
3916	364	734	-1.182922
1549	570	1747	-2.149607
2606	82	42	0.72567
499	447	1268	-1.334938
2497	620	1765	-1.732969
2545	824	551	0.131399
1597	863	2015	-1.028772
1303	452	1294	-0.350385
2330	544	1551	-1.725588
547	444	1269	-1.473457
2654	653	1326	-1.295909
1187	1036	2129	-0.791805
425	576	1201	-0.866802
4012	438	696	-0.687601
4060	951	1325	-0.526776
4108	738	1007	-0.477036
4156	848	1080	-0.301418
473	1624	1879	0.124486
4204	408	283	0.068619
3870	763	895	-0.158199
521	1607	1972	0.167479
3918	1236	2152	-0.355977
3966	681	856	-0.167444
4014	2510	3199	-0.054834
4062	1552	806	1.077772
480	795	1014	-0.359722
528	1112	2506	-0.556024
4110	2257	1322	1.027041
4158	4599	1865	1.267198
1112	1469	1969	-0.150559
4206	1099	2781	-0.958071
3009	506	1731	-0.800513
3057	538	1550	1.687789
2723	654	2712	-1.718262
3872	727	2269	-1.38597
2771	418	948	-1.305525
2819	346	281	-0.256427
3920	270	206	0.160813
2867	461	1378	-1.601291
2915	543	1934	-1.66843
3968	508	1699	-1.747894
4016	835	717	0.258451
2963	590	2189	-2.256217
1137	359	1981	-2.877043
4064	369	296	-0.155136
3011	383	1986	-2.831581
1235	248	1239	0.151854
4112	239	881	-2.023123
4160	506	1729	-1.675399
3059	504	1337	-1.52025
1867	496	827	0.282428
2725	463	420	0.151854
1283	700	2388	-1.502445
2773	1176	1356	-0.312094
2141	9355	1930	2.316043
2189	7730	1661	2.686586
2164	773	914	-0.071571
1929	1720	1477	0.332487
1915	1797	1372	0.543349
4208	1025	550	0.624385
3874	1882	626	1.523703
3922	2140	1489	0.936828
2821	910	1758	-1.423308
3970	636	1127	-0.848283
595	1289	2260	-0.474929
643	501	1177	1.77913
2378	1346	2370	-0.609965
2426	749	823	0.196941
2474	988	2029	-0.760508
4018	2168	1781	0.708412
2747	1123	1057	0.392614
2237	2603	1560	0.981971
4066	1301	693	1.094126
4114	3308	1082	2.087589
2869	897	659	0.074713
2593	1126	1740	-0.452035
1581	563	491	0.029985
4162	891	744	0.403168
1977	476	1612	2.734216
2320	553	1930	-1.627608
1331	308	1002	0.311613
2917	539	1501	-0.698072
2965	411	2056	
569	1303	1733	-0.14752
803	1338	1345	0.304879
4210	681	1678	-1.062294
1379	1755	1451	0.5792
1629	547	772	-0.687601
1677	1641	2609	-0.153608
2522	913	1025	0.246243
3876	1099	2133	-0.556024
617	1094	1338	0.008147
3013	693	2765	-2.495109
1351	451	2576	-1.867559
1399	449	1227	-0.53122
1725	3411	3377	0.507741
4020	991	578	0.750085
2570	899	1667	-0.597989
2618	2292	831	2.06277
4068	400	352	-0.433686
4116	549	614	-0.224784
2666	3422	1582	1.373443
1447	511	1801	-1.473457
4212	285	659	-1.380748
2212	485	1368	-1.375553
3878	507	1091	-1.182922
2795	750	1105	-0.280401
3974	1426	2412	-0.346674
1427	874	1176	-0.189354
4022	751	1282	-0.470727
1475	394	915	-1.329976
4070	742	781	-0.019504
851	864	809	0.177397
2843	795	1146	-0.384415
899	482	1707	-2.281534
2641	1853	2549	-0.181474
4118	1028	1257	0.002939
4166	1948	645	1.468573
4214	1406	1179	0.949067
2025	440	1181	-1.755441
3880	689	1180	-0.331968
3928	294	773	-1.620964
1495	422	1399	-1.093066
2332	537	2451	-2.023123
1523	291	927	-0.51356
1161	516	1273	-1.634297
3976	1500	1699	0.134837
1209	607	1303	-0.189354
4024	472	611	-0.411707
3061	807	1860	0.682945
4072	1031	2470	-1.050995
2727	401	387	-0.094332
1189	357	2087	-1.588387
2380	215	886	-2.687
5290	355	728	-1.249172
2775	335	1013	-0.569818
739	453	1389	0.121012
405	385	1052	-2.195592
4120	434	1116	-1.208898
576	1241	2877	-0.708654
4168	1021	1526	-0.172099
4216	328	594	-1.007032
3882	460	1045	-1.191506
3930	603	1583	-1.329976
1257	693	2243	-1.689483
2428	792	2220	-1.35504
3978	405	1513	-1.867559
1773	514	825	0.731357
1821	329	603	-0.372942
1869	463	890	0.414478
1917	418	833	-0.365366
1583	1936	4348	-0.562897
1631	350	252	0.183954
1679	402	576	-0.092894
2823	346	925	0.417932
4074	408	850	-1.170183
2871	622	1400	-1.010622
2919	391	1064	-1.581998
4218	796	1362	-0.53345
1305	501	939	0.279462
1353	849	1334	-0.445881
2307	484	1509	-1.182922
3932	540	684	-0.206912
2967	757	1669	-1.244616
3015	764	1123	-0.380576
3980	892	1390	-0.386339
4076	508	1210	-0.290854
4172	1585	1576	0.168586
1645	203	101	0.397025
2368	1221	1868	-0.462376
2073	1044	2363	-1.462094
2285	999	2867	-1.450858
4220	561	585	-0.061774
3886	1414	611	1.260539
3934	1597	2539	-0.200492
3982	579	821	-0.445881
665	366	1241	-1.842453
4660	1221	2367	-0.447928
2824	874	1195	-0.264924
2121	1346	2095	-0.304964
453	797	1057	-0.038373
3063	851	642	0.928068
4174	1184	987	0.435873
1693	668	683	-0.537924
4222	473	414	-0.403833
3888	1313	982	0.647948
2729	1126	1937	-0.651791
3936	367	694	-1.062294
3984	893	1780	-0.885671
2891	1665	1453	0.279462
4032	906	734	0.506164
826	977	1323	-0.179905
624	1385	2138	-0.447928
5302	2017	3568	-0.326509
4854	3942	2112	0.926514
922	1464	1567	0.213999
5105	585	360	0.759318
947	362	361	1.267936
2825	1160	1735	-0.809298
1951	945	1971	-0.700707
4176	838	1675	-0.679819
1999	473	1058	-1.286385
1741	887	1539	-0.63189
4224	820	805	0.047618
4225	701	1208	-0.89524
761	387	1585	-2.094949
1727	339	286	0.256427
1775	387	1023	-1.45646
4273	1000	2454	-0.989269
2047	830	1024	0.073497
2095	5181	348	2.545856
2169	11386	1609	3.70977
2260	9365	677	3.488308
4321	2448	1172	1.123502
4369	416	1426	-2.073895
4417	361	485	-0.692823
1789	307	1887	-1.647811
2873	447	2358	-1.182922
2143	1100	1440	0.058791
501	440	1240	-1.867559
4706	346	923	-1.634297
597	335	1103	-2.5778
2921	641	2707	-3.027325
4465	511	1913	-1.770709
4513	360	939	-0.644282
2969	938	630	0.357523
4561	378	1673	-0.774612
4227	348	961	-1.569339
4275	521	1349	-1.884653
4323	376	1119	-1.607805
4371	379	1311	-2.003514
4419	320	1058	-1.984283
4467	483	1414	-1.993852
1237	589	2415	-1.718262
4515	299	1439	-2.231524
645	426	1312	0.521826
693	445	2178	-2.47936
1401	312	1466	1.889296
741	400	1055	0.105816
4563	643	1519	-1.093066
4229	447	578	-0.593238
4277	1082	2081	-0.244653
4325	734	936	-0.229715
4373	616	1368	-1.032441
4469	523	1574	0.210823
3017	529	1592	-1.300705
1823	371	449	0.22869
1871	366	524	0.207637
427	432	1454	-2.127384
4517	1078	1585	-0.229715
4565	431	1484	-0.249682
4231	424	1152	-1.300705
4279	548	1455	-1.339926
475	281	1238	-2.809602
4327	402	1077	-1.391219
4375	858	1538	-0.794699
4423	599	712	-0.321079
4471	2467	2946	0.015909
1919	304	101	-0.359722
1449	1798	1508	0.472453
2355	5637	1401	2.146225
2403	244	80	1.135772
2451	1312	1342	0.169692
4519	697	399	0.493455
4567	1092	1569	-0.283873
4233	1065	1494	-0.317475
4281	902	1934	-0.708654
3065	645	2571	1.058424
4329	350	1172	-1.817962
407	376	1229	-1.634297
2731	328	400	-0.135453
2191	416	484	0.841056
4377	674	1822	-1.526256
2476	198	416	-0.496206
2524	288	963	-0.911396
2572	185	364	-0.297884
2620	525	1568	-1.607805
2668	227	756	-1.763046
2334	449	1313	-1.884653
2382	358	1094	-1.217708
2430	442	1170	-1.213293
2478	1798	3638	-0.242982
2526	675	2241	-0.803433
1018	738	2054	-0.947884
1778	430	1345	-1.884653
1066	434	2219	-2.30751
1114	362	1669	-1.627608
4425	367	1281	-2.595192
1562	496	1188	-1.407135
4473	442	1303	0.249309
4521	493	874	-1.09698
1837	507	1255	-1.49658
4569	630	2283	-1.937763
4235	353	813	-1.417887
4283	679	1947	-1.153446
4331	398	792	-0.806361
4379	641	1462	-0.654307
4427	368	957	-1.550647
4475	487	1287	-0.848283
2239	279	852	1.756104
4523	389	1538	-1.842453
2779	348	1396	-1.412497
1497	387	1793	-1.620964
1926	12182	2336	2.040048
523	6049	918	3.514367
1974	1603	1837	0.123329
2287	1925	867	1.459183
1953	1106	1142	0.032523
2001	802	818	-0.771775
2049	6443	2029	1.842493
2022	275	105	-0.246326
4571	2659	926	1.721126
2499	527	1384	-1.191506
2827	602	1554	-1.594818
1163	2350	1029	1.124778
2574	1015	2145	-0.927816
2939	582	1072	-1.12079
1885	3329	1929	1.546828
1551	4627	1137	1.749524
4237	2559	847	1.694065
2097	4679	1464	2.264892
2872	1875	794	1.120517
4285	2648	1447	1.263504
2145	7990	1077	2.144386
2193	15303	970	3.442092
2987	464	538	0.201233
828	1237	1034	0.50221
4333	1283	871	0.631373
4381	1380	1550	0.041356
4429	3143	1437	1.342806
4477	2669	1607	1.244826
4525	2177	1738	0.455992
1285	2124	1493	0.89545
4573	711	1719	-1.077562
2875	1075	1385	-0.206912
4239	1296	1010	0.419655
4287	3053	1027	1.553497
4335	1547	829	0.863943
1333	1171	1127	1.043778
496	3749	2426	0.675644
4383	2546	1078	1.447243
1211	1493	1045	0.906618
4431	2652	952	1.356726
1259	1077	949	0.167479
4479	511	829	-0.384415
876	671	2002	-1.258346
4527	598	1131	-0.786041
544	252	1080	-2.706418
4575	624	1418	-1.502445
2622	951	2626	-1.093066
2670	1039	2328	-0.806361
2336	1154	2071	-0.597989
1826	702	1049	-0.500516
4241	1335	2710	-0.690208
4289	1383	3599	-0.84523
720	3323	6451	-0.350385
4337	658	1377	-0.89524
4385	414	1391	-0.982252
4433	543	1671	-2.023123
2923	290	177	-0.55831
2971	2106	3032	0.046368
924	249	978	-0.958071
972	738	2882	-1.417887
571	257	597	-1.222143
1381	983	1757	-0.78031
592	4391	987	1.943426
640	1613	429	2.30461
2241	7353	508	1.421981
2289	15296	721	3.138887
4481	1416	1952	0.22556
4529	626	762	-0.53122
1955	2388	4403	-0.380576
2003	386	869	0.574788
1610	2017	1199	0.991247
2547	1265	1621	-0.110285
4577	1616	1310	0.721861
4243	291	577	-1.484952
4291	727	1735	-1.093066
3019	262	194	-0.294363
4339	470	703	-0.639307
619	643	1493	-1.226597
4387	691	1524	-1.017843
4435	602	1830	-1.200164
4483	509	850	-0.876192
1599	666	1148	-1.423308
4531	1182	1192	0.1291
1020	358	717	-0.96492
1068	2244	2323	0.111688
1116	1774	877	1.217301
4579	655	2168	-1.732969
3067	630	1452	-1.747894
4245	363	566	-1.195826
2416	5838	907	2.310732
2464	2753	700	2.570696
4293	1048	1472	-0.59561
1307	770	1348	-1.244616
2051	554	1021	-1.010622
2733	1161	1429	-0.359722
2217	2095	1241	0.893845
2781	762	2783	-1.817962
4341	471	1026	-1.141075
1647	345	1028	-1.124815
782	323	1280	-2.375563
1695	438	1616	-0.947884
4389	614	2188	-0.8575
1429	346	1422	-1.946896
1477	563	1697	-1.902045
1525	444	2317	-2.053276
1191	629	1015	-0.679819
2829	2189	1460	1.035445
4437	729	1279	-0.854418
2595	694	1903	-1.054747
4485	577	1742	-1.817962
2265	706	1429	0.694126
4533	504	1304	-2.023123
4581	576	1151	-0.605157
4247	299	1001	-1.965415
2099	544	867	-0.96492
2147	1512	1751	0.210823
4295	723	1304	-0.763313
1355	957	2016	-0.63189
1743	212	97	0.668959
667	330	657	0.857854
4343	425	823	-0.996336
2195	1696	457	2.672395
2070	486	377	-0.187773
2243	6383	947	2.569293
2291	2235	533	2.859229
1957	5234	786	2.489367
2005	3688	1976	0.840491
1239	1989	1001	1.17292
2053	6310	1067	3.412759
2101	5326	883	1.445702
2149	7195	1210	3.19509
2197	5968	1187	2.661846
2245	4706	657	3.842475
2293	10362	635	4.845418
1959	6817	445	2.05475
2007	7082	791	3.294075
2103	2434	1740	0.346473
2247	12134	556	4.173584
2295	5248	585	3.457929
1961	7563	855	2.324917
2009	11007	1163	2.40946
2057	14669	972	4.318196
2105	18427	796	2.457359
2153	4181	856	2.048693
2201	8535	1009	3.337611
2249	9923	682	2.82005
1931	2218	1982	0.359353
4391	590	2230	-1.993852
4439	1793	1325	0.524154
4487	385	2284	-2.809602
4535	295	1404	-2.256217
1403	394	1834	-1.689483
1451	331	1473	-2.033073
1499	434	1043	-0.507017
4583	644	1490	-0.971817
4226	280	85	0.397905
4274	356	1233	-2.361577
4322	340	1332	-2.094949
1165	455	1429	-1.974804
2297	510	2068	0.478151
1213	1257	2677	-0.498359
4370	483	1312	-0.985754
2877	755	918	0.309694
1963	32733	1517	3.641006
2011	34827	1164	4.201769
2059	11885	494	4.062211
2107	6868	457	
4418	1243	747	0.738265
4466	626	772	-0.054834
4514	1188	1118	0.174102
4562	811	995	-0.074388
2155	1753	1196	1.003321
4228	1213	764	0.642454
1261	1026	3271	-1.349976
4276	394	602	-0.860591
4324	1156	2471	-0.636828
4372	531	1016	-0.947884
4420	822	1301	-0.498359
2384	338	707	-1.291136
4468	648	1111	-0.760508
688	3116	2036	0.710987
995	914	1826	-0.760508
2643	769	1547	-0.474929
3035	588	1029	-0.583804
1791	468	1144	-1.575648
4516	359	592	-0.992796
2251	591	956	-0.61722
1287	955	1890	-0.690208
1658	421	874	-1.025115
1706	399	736	-0.319275
1754	459	1147	-1.867559
2701	564	2041	-1.66151
4564	729	1264	-0.423635
1335	299	949	1.062957
1383	445	1224	-1.434237
4230	468	517	-0.301418
4278	382	820	-0.996336
2925	602	1610	-1.508345
715	549	1504	-1.56307
4326	347	1272	-1.946896
4374	284	1863	-2.667951
4422	578	687	-0.088593
2973	917	671	0.240083
3021	380	2049	-2.033073
4518	526	1121	-1.473457
4566	321	916	-1.826059
2299	2046	849	1.772478
551	2312	1355	1.054326
1802	1793	1407	0.710987
1979	1051	891	0.93939
2432	1737	1749	0.342762
2309	2319	1365	0.836529
2357	2999	2723	0.533414
1309	593	1539	0.317349
4232	159	599	-1.49658
4280	352	937	-1.054747
4328	390	1042	-1.508345
4376	674	985	-0.317475
5097	834	1218	-1.165973
4424	852	1451	-0.489775
3069	1217	3179	-2.023123
2735	746	937	0.085589
4472	1344	747	0.917139
4520	4562	1487	1.364451
1431	526	1304	-1.240081
2480	3114	684	2.105129
736	337	810	-1.770709
402	1859	927	0.955634
2118	359	383	-0.116151
4568	505	1096	-1.200164
1357	430	869	-1.204521
1405	463	2118	-2.172335
4234	289	302	-0.927816
4282	654	1604	-1.249172
2749	371	1404	1.942863
4330	375	858	-1.191506
4378	666	942	-0.116151
1453	451	1734	-2.334178
599	293	511	-1.445286
647	533	1815	-0.264924
695	556	2017	-1.349976
4426	338	882	-1.634297
4474	1483	3096	-0.682406
4522	451	1945	-2.47936
763	382	1195	-2.172335
1850	579	730	0.264499
1898	1068	1672	-0.06736
1564	664	709	0.236989
4570	2816	1143	1.380382
878	844	1325	-0.339294
926	852	1854	-1.12079
974	482	1501	-1.544493
1022	575	1391	-1.231072
1070	463	1836	-2.043123
2405	581	1241	-1.039821
4236	67	42	0.898121
1501	581	1493	-0.59561
1167	457	1296	-1.295909
2528	576	1156	-0.911396
2576	296	554	-1.544493
4284	196	879	-1.770709
429	514	1768	-1.834222
4332	480	1895	-1.641031
4380	668	1656	-1.007032
4428	702	1426	-0.771775
768	544	845	-0.61722
769	1281	2167	-0.449979
4476	391	561	-0.685
2797	819	2333	-1.380748
4524	533	1539	-1.213293
2624	713	1287	-1.054747
1215	600	1138	-1.423308
1263	782	1491	-0.612377
1311	911	1127	0.310654
1359	6025	1528	1.658802
1407	704	1297	-0.535685
1455	233	81	1.368124
1503	562	1702	-1.620964
1169	3937	1708	1.286914
1217	473	1616	-1.893311
4572	379	798	-0.75771
1265	906	2491	-1.349976
2166	475	226	0.112858
1839	1249	1524	-0.000985
1887	665	684	0.366639
1553	2637	1978	0.579933
4238	529	1053	-0.978761
4286	857	970	0.063717
477	934	1174	-0.278669
2783	417	934	-1.157604
1479	803	1641	-0.911396
4334	507	575	-0.282136
4382	811	1184	-0.213374
4430	3253	1136	1.350978
1527	874	1638	-0.833108
4478	484	1916	-2.256217
2831	317	303	-0.173655
1313	531	1649	-1.380748
1361	394	1236	-1.850752
1409	567	1304	-0.931133
1457	357	963	-1.85912
1505	633	1179	-0.800513
4526	357	660	-1.556839
4574	1245	3161	-0.75771
4240	166	67	1.299845
4288	370	1208	-1.654637
1193	596	1773	-1.893311
573	6018	2376	1.133245
4336	6706	2769	1.162739
4432	4943	1828	1.325565
4480	1256	1115	0.292251
4528	149	250	0.187217
1171	755	1939	-0.989269
4576	1250	666	1.205997
1601	1687	1329	1.061146
1219	582	1380	-1.329976
4242	972	1006	0.07228
1965	1104	2238	-1.484952
4290	889	989	0.124486
2845	1090	2173	-1.217708
1649	659	1421	-1.12079
1697	584	1598	-0.135453
1745	1071	1073	0.07714
4338	1178	1770	-0.339294
817	5065	10078	-0.439765
1118	1068	1382	-0.042463
4386	863	1348	-0.304964
1241	2810	2566	0.472453
4434	870	1091	-0.397967
4482	919	889	0.105816
4530	510	1276	-1.291136
4578	1374	1434	0.265504
1793	638	1960	-1.66843
1841	1300	2002	-0.553744
621	1652	1104	1.020456
669	2788	1462	1.270144
2672	417	1334	-1.654637
1660	779	2911	-0.982252
743	647	944	-0.371043
717	538	1588	-1.71099
5298	416	898	-1.077562
4244	300	1549	-2.47936
1289	635	1787	-1.740403
4292	290	1320	-2.334178
4340	351	1479	-2.160907
386	377	655	-1.213293
4388	427	1045	-1.339926
1267	635	2353	-1.360129
4436	673	2956	-1.439746
2879	381	1450	-2.334178
2927	430	1122	-1.508345
4484	594	2254	-1.817962
4532	101	125	-0.911396
4580	335	752	-1.479188
4246	446	547	-0.359722
2013	1492	2378	-0.162811
4294	610	696	0.103457
4342	612	1447	-0.996336
1337	418	1648	-1.66843
1315	714	1817	-1.550647
1363	503	1493	-1.38597
1411	444	1191	-1.675399
1459	420	1216	-1.428757
1507	993	1782	-1.017843
4390	301	1584	-3.082895
1889	445	2542	-1.627608
2512	529	2560	-2.207427
2027	307	1045	-1.71099
4438	350	673	-1.479188
2893	544	2291	-2.268795
784	548	1506	-1.291136
2975	429	328	-0.00361
4486	554	1344	-1.204521
4534	405	659	-1.157604
1555	1307	697	0.846687
4582	458	1321	-1.902045
865	619	1185	-0.75771
2061	1676	1490	0.07714
2109	2171	1548	1.351317
4248	236	76	0.916615
4296	417	1328	-1.581998
4344	1519	2218	-0.549198
434	550	592	-0.120572
482	241	131	1.183801
1173	861	1894	-0.934461
1221	517	2147	-2.30751
1269	587	2339	-2.334178
530	756	1514	-0.999889
4392	1077	692	0.918707
578	939	2220	-0.854418
2453	1176	2139	-0.51356
4440	688	2208	-1.231072
3023	327	298	-0.301418
3071	312	188	0.009445
4488	325	947	-1.627608
1385	498	2265	-2.063532
626	413	788	-0.863692
4536	385	1126	-1.249172
4584	282	634	-1.235566
1708	162	536	0.75502
880	865	2466	-1.195826
479	847	1001	-0.056218
1433	407	593	-0.78031
4249	539	1197	-0.639307
674	437	1359	-1.937763
2157	619	1497	-1.054747
2205	557	1894	-0.149038
2762	767	1891	-0.989269
4297	643	1430	-1.081415
4345	539	585	-0.365366
4393	2007	2404	0.254398
4441	397	269	-0.63189
1043	333	190	0.106993
1317	343	2023	-2.974682
722	341	1321	-2.433551
388	394	647	-1.187205
4537	517	315	-0.233015
1365	445	1882	-2.207427
1756	304	1290	-2.053276
1804	189	717	-2.900574
4585	560	1032	0.090385
2501	641	1571	-2.256217
1852	483	1504	-1.601291
1413	536	884	-0.614796
2941	652	1334	0.07228
4251	468	1118	-1.187205
928	323	539	-0.546933
4347	284	145	-0.081465
2549	6750	1723	2.365565
2338	8059	1257	2.819191
1024	1484	948	0.847809
1072	1945	2217	0.017197
1120	801	1240	-0.312094
5099	1474	1123	0.382841
5101	1241	1078	-0.135453
5103	1117	1023	0.179587
930	1570	1396	0.440941
978	1683	1295	0.493455
1026	2561	2132	0.40579
788	5896	2387	1.179785
836	1833	1181	0.866148
884	6425	3036	1.04654
932	413	704	-1.174412
980	1381	1423	0.109343
2075	1543	971	1.321382
2253	8162	716	1.336977
2301	11917	690	2.062604
1603	1218	1267	0.563673
2123	202	78	1.074201
2642	1465	556	1.38104
4443	1474	730	1.384326
2308	1989	2005	0.175201
2171	3979	827	3.301865
1091	1501	2058	0.000324
2219	2199	1489	0.607412
4491	893	1220	-0.127985
2810	322	250	-0.234669
2356	2955	727	2.196821
2214	1780	445	3.817864
450	3429	1704	1.10329
2262	835	960	-0.064563
2267	781	1384	-1.085284
1461	584	1674	-1.550647
1481	375	312	-0.496206
4539	421	1961	-1.826059
4587	449	398	-0.006242
1529	499	2842	-2.72622
4253	487	383	-0.417653
1195	1071	1551	-0.032945
939	358	1106	-1.826059
4301	378	1111	0.286369
4349	420	310	-0.443838
4397	447	642	-0.437734
1509	484	996	-0.605157
1175	465	1917	-1.682416
1223	393	998	-0.063167
1271	426	999	-1.200164
2597	407	666	-0.866802
2645	498	1691	0.551679
4445	466	443	-0.666982
1651	502	629	-0.184618
575	388	429	0.081977
4493	1700	4362	-0.746599
4541	700	1228	-0.803433
4589	446	1132	0.606698
2858	1502	2520	-0.206912
1243	302	1265	-1.984283
623	361	1294	-2.268795
1319	320	1057	1.548778
1367	289	972	-2.033073
1415	453	1689	-2.687
5296	348	1234	-1.946896
1291	610	1377	-1.007032
1699	1869	806	1.812169
1747	1841	937	0.898654
4303	492	1000	-0.677238
4351	259	114	-0.027547
1339	342	1137	-2.404137
719	576	1695	-1.919744
4399	463	1134	-0.741089
767	311	462	0.407533
4447	411	692	-0.722041
2906	417	329	-0.59561
4495	550	461	0.073497
4543	792	976	-0.210138
1933	12277	1600	2.381421
1981	3700	1433	2.69068
2029	283	123	0.071061
2077	4186	1545	2.510647
1967	2687	406	1.55902
2125	3432	636	2.575691
4591	2034	2638	-0.070165
1795	796	1169	-0.299649
2311	68	28	1.97426
2359	767	1473	-0.433686
1463	248	98	0.493455
458	442	1005	-1.490749
4257	634	1524	-0.89845
4305	436	1036	-0.304964
1387	501	1621	-2.149607
2954	347	253	-0.524561
4353	592	1590	-1.272267
4401	1094	4378	-1.627608
3002	470	1061	-0.815197
3050	329	218	-0.614796
4449	358	2711	-3.111883
436	192	1088	-3.342407
1511	363	1044	-0.242982
484	488	2735	-2.294438
498	1305	1096	0.360266
1154	1170	933	0.361179
1202	1088	1349	-0.094332
1250	1666	1310	0.528023
1298	6668	1425	2.27692
2386	1601	1777	0.146214
2434	1074	1288	-0.041098
1900	523	504	0.279462
1566	1645	952	1.335257
1614	1487	1241	0.551679
1662	2285	1111	1.919708
1710	1677	1959	-0.052072
1758	2599	724	2.587478
1806	3453	945	1.829339
1854	2817	1209	1.835834
1902	2204	1919	0.43333
2173	3388	1830	1.012401
2221	3868	1891	1.099373
2269	1654	1018	-0.214996
2407	496	875	-0.72474
2455	830	1013	-0.319275
4497	685	2002	-1.467759
4545	608	2462	-2.231524
1346	472	1937	-2.268795
1394	335	155	-0.310307
1442	315	1287	-2.746423
1490	439	737	-0.914658
1156	1268	1604	-0.132459
532	277	710	-1.286385
580	594	1811	-1.344939
1435	547	1150	-1.157604
4593	1032	1043	0.781737
4259	480	1069	-1.174412
2560	714	1335	-0.435708
4307	567	936	-0.127985
2015	403	917	-1.538377
2503	458	551	-0.3616
2551	277	1044	2.126278
2599	344	1044	-1.66843
2647	1560	2197	0.096348
2313	329	274	0.602406
2361	405	1670	2.390095
2409	465	1274	-1.479188
2457	392	1345	1.981145
2505	510	1948	-2.127384
2063	768	869	-0.0343
4355	400	960	-1.195826
1935	1246	2344	-0.509193
546	1131	1237	-0.063167
1928	346	168	0.319254
2989	7616	798	2.932565
1976	2367	265	1.551834
2024	8320	1762	1.921243
1028	350	993	-1.581998
1076	1037	2144	-0.682406
2482	1176	2158	-0.371043
2530	448	995	-1.45646
2578	752	1922	-1.370385
2626	425	970	-1.16178
4451	1469	2564	-0.507017
506	540	983	-0.934461
2716	487	2008	-2.183896
1124	290	1398	-2.649259
790	320	781	-2.043123
1483	431	1583	-2.063532
2674	562	1547	-1.601291
2340	1118	1851	-0.253049
3037	1212	2084	-0.788918
2703	62	28	1.432663
2751	1121	1144	0.155223
2799	475	964	-1.003454
594	1296	2071	-0.405795
4499	846	1057	-0.016838
4547	900	1076	-0.075799
2553	695	1578	0.936828
4595	705	909	-0.359722
1983	733	1136	-0.609965
2031	1499	1555	0.165262
4261	714	1076	-0.692823
4309	2037	2100	0.560688
1204	726	773	0.22556
4357	876	923	-0.382493
4405	1296	2266	-0.313884
4453	780	2153	-1.165973
4501	2367	4394	-0.308522
2388	279	461	-0.8575
2079	632	1483	-1.850752
4549	604	1381	-1.170183
4597	604	1469	-0.719349
2436	1403	1439	0.266507
4263	1553	1754	0.103457
4311	722	1240	-0.639307
2601	626	1193	-0.96149
2649	810	1309	-0.339294
2812	408	1079	-1.267605
2404	1363	1578	-0.006242
1139	688	1112	-0.682406
4359	1595	1241	0.401417
4407	904	1178	-0.317475
4455	755	1146	-0.464457
4503	2461	1296	1.16151
4551	1228	598	1.095878
4599	2549	1482	0.945513
4265	977	1988	-0.971817
4313	1064	2126	-0.572135
4409	1359	1760	-0.237986
1568	1605	1160	0.740765
2608	927	1632	-0.294363
2656	257	1216	-2.448589
2111	906	1085	-0.108824
2860	381	649	-0.934461
1252	3385	3688	0.040099
4457	2927	1571	1.0214
4505	798	1768	-0.687601
2847	456	1168	0.366639
4601	500	1736	-0.285614
2159	890	1211	-0.228069
4267	369	1679	-2.389748
2908	437	1155	-0.687601
2127	556	2046	-1.423308
4315	1567	1991	-0.060382
4363	729	1277	-0.449979
2895	679	1669	-0.88885
2315	55	28	2.018712
2363	556	1047	-0.489775
2411	1367	1390	0.211883
2207	1964	1224	0.858409
4411	1007	2392	-0.644282
4459	1333	3426	-0.812243
1531	507	1349	-1.778431
4507	585	559	0.012036
1197	469	2050	-2.320755
1245	512	2474	-2.183896
2956	258	1089	-2.877043
3004	381	328	-0.161271
4555	247	116	-0.053452
3052	387	638	-0.186194
2718	467	1061	-1.434237
2766	1787	3280	-0.357848
2814	1306	2636	-0.586154
4603	350	256	0.071061
4269	572	1145	-0.73561
2862	2387	2750	0.196941
4317	371	329	-0.462376
4365	434	261	-0.644282
1616	398	386	-0.423635
1664	1460	1771	0.133692
1760	2328	2187	0.325892
1808	198	579	-2.320755
4413	557	2858	-2.013271
1300	182	913	-3.593721
4461	567	1740	-2.294438
1348	445	2718	-2.281534
1396	225	609	-1.581998
4509	364	931	0.155223
628	192	652	4.212588
676	516	1530	-1.490749
724	181	616	-1.462094
390	332	861	-1.467759
438	364	1420	-1.974804
1444	632	2872	-1.817962
1843	3501	875	1.772255
1492	254	1081	-1.956112
4557	523	517	-0.324695
642	395	954	-1.423308
602	814	1523	-0.540169
4605	1751	988	-0.047942
4271	1685	649	1.374438
4319	462	343	0.061257
1856	851	1208	-0.135453
1158	366	1126	-2.013271
2322	405	1199	-1.696601
1904	392	423	-0.355977
4367	1156	2167	-0.481264
4463	1108	2425	-0.583804
1570	491	1234	-1.52025
4511	519	921	-1.149306
2484	487	508	-0.078628
1206	1552	1958	0.023611
2943	1265	1076	0.767252
2991	63	30	1.436094
1891	5629	1277	2.455001
2255	2108	810	1.767571
1557	522	400	0.563673
690	563	1427	-1.165973
2175	1054	1223	0.036318
2303	6398	1496	1.708636
4607	831	641	0.718675
2459	850	687	0.381053
2507	498	1109	-1.047256
2555	544	1308	-1.876069
2532	308	918	-2.073895
1605	1318	2047	-0.783171
4250	372	899	-1.35504
4298	555	1568	-1.141075
2580	214	695	-2.053276
1618	2789	1943	0.591595
1254	492	1237	-1.786213
4346	590	828	-0.409732
486	291	167	1.360092
534	575	1193	-1.11279
1666	379	1590	-1.200164
1714	392	1456	-2.073895
582	488	1064	-1.093066
698	415	557	-0.766126
4394	572	1315	-0.695444
1762	577	1440	-1.755441
2603	387	1279	-1.170183
2651	429	1081	0.593044
2317	382	1111	-1.801961
2365	785	1652	-2.433551
738	952	809	0.334363
2910	2288	1468	1.116238
4442	669	706	0.073497
4490	439	359	-0.242982
1946	1022	1376	-0.010202
1302	972	1898	-0.992796
886	2054	1040	1.095878
934	1043	1604	-0.439765
3039	709	1802	-1.38597
2705	774	1696	-0.848283
4538	467	556	-0.522351
1994	24701	1107	4.046402
1350	1316	1003	0.401417
2072	597	690	0.236989
2042	3655	946	2.473491
2090	6066	1328	2.083033
2138	5833	657	3.513314
2120	5343	1620	1.452465
2168	1241	1391	-0.04383
1653	389	1690	-2.612892
2753	613	1989	-1.867559
2801	627	1543	-1.675399
2849	559	1258	1.298417
2897	414	1085	-2.063532
2945	524	2249	-0.116151
746	674	1258	-0.462376
4586	328	574	-0.100104
2993	377	1096	-1.620964
4252	472	1174	-1.375553
4300	282	498	-0.860591
2223	1603	885	0.823397
4348	606	1549	-1.514279
4396	222	107	-0.172099
1810	821	2458	-1.66843
1858	486	1256	-1.867559
2452	325	693	-0.612377
2500	947	1113	-0.319275
4444	2214	2497	0.092775
4492	377	709	-0.89204
2413	368	1669	-2.268795
2676	215	710	-1.842453
2342	453	1336	-1.614363
2370	525	832	0.429076
2390	553	1031	-0.210138
2461	496	1091	0.506953
805	519	1615	-1.614363
2234	438	1101	-1.428757
4540	497	1639	-1.647811
4588	285	339	-0.664434
2509	424	1306	-0.954664
1906	824	1787	-1.100909
4254	548	657	-0.313884
4302	424	1051	-0.312094
4350	289	684	-1.614363
4398	314	231	-0.273493
4446	733	1566	-0.301418
1398	646	2633	-1.305525
1446	315	1111	-2.281534
1494	702	1918	-0.549198
1160	685	2119	-1.240081
1208	187	926	-2.543899
1256	880	2630	-1.226597
630	593	1236	-1.49658
4494	374	1820	-2.334178
3041	716	1644	-1.058514
2707	247	613	-1.300705
2466	476	966	0.175201
404	3007	1825	0.7097
4542	478	1174	-1.226597
4590	806	1090	-0.135453
1293	767	1430	-1.149306
4256	340	990	-0.839151
4304	327	872	-1.581998
4352	1424	1689	-0.015507
4400	384	766	-0.934461
1572	263	1047	-2.003514
2271	528	1286	-0.537924
2557	579	1500	2.466848
2605	572	1640	-1.434237
4448	1411	1727	-0.057604
4496	422	451	-0.183045
4544	379	225	-0.507017
1937	22272	1241	3.37073
1985	3864	1540	2.071552
4592	1406	483	1.573511
4258	679	748	-0.111748
452	419	383	0.284401
500	828	1718	-0.738346
4306	1569	3734	-0.583804
4354	328	1098	-1.834222
4402	989	2828	-0.9378
4450	430	1334	-1.842453
4498	1157	1941	-0.348528
2514	488	1767	-2.320755
1620	203	540	0.015909
1668	461	1707	-2.612892
1716	184	422	1.016674
1764	438	1823	-2.033073
1812	285	735	-1.937763
1860	254	739	-0.439765
1908	168	426	1.374438
1304	286	265	-0.00888
4546	789	1803	-0.622086
1574	331	277	-0.359722
2958	400	1514	-2.256217
3006	279	1439	-3.865655
1701	424	1372	0.22242
4594	808	2586	-1.770709
1341	470	1510	-1.295909
1389	609	1502	-1.842453
1437	514	1801	-1.320123
1670	367	418	-0.244653
678	379	1346	-2.013271
4260	454	1251	-1.439746
2438	314	540	0.866699
2486	552	1051	-0.452035
2534	393	846	-0.481264
2582	452	1274	-1.538377
2630	364	753	-0.749365
2678	632	1465	-1.226597
2344	815	1499	-0.806361
2392	262	127	0.064945
2440	450	670	0.051356
2488	285	224	0.093967
2536	651	898	-0.639307
4308	403	321	-0.014178
1352	68	44	2.172813
1400	592	727	0.05384
1448	2543	1683	0.629282
4356	536	1293	-1.601291
4404	1998	372	2.216136
853	934	2699	-1.093066
4452	622	837	0.010741
1496	888	1333	-0.172099
2216	970	1874	-0.692823
2264	290	844	-1.71099
4500	204	1030	-2.116455
1485	478	1773	-1.56307
412	782	2627	-1.965415
2653	654	2386	-0.851346
726	416	1383	-2.294438
392	568	3067	-1.946896
1162	488	1735	-2.023123
4548	455	1673	-1.956112
1718	1169	2274	-0.711317
1210	492	983	-0.62943
460	264	177	0.771499
508	489	1741	-2.172335
4596	340	475	-0.685
4262	612	848	-0.470727
4310	1548	2947	-0.165897
2282	3239	2296	0.716119
1533	846	2900	-1.439746
2319	832	1260	-0.251364
1258	1872	2135	0.063717
2367	1226	2182	-0.498359
4358	658	904	-0.331968
2584	393	626	-1.047256
1797	943	1391	-0.479148
1306	911	1466	-0.520146
2632	1951	2039	0.254398
4406	1148	1779	-0.264924
1199	767	1096	-0.517946
1845	9301	757	3.80422
1893	11363	1161	3.364139
4454	361	298	1.0525
4502	1008	1580	-0.449979
4550	863	1152	-0.234669
1948	3550	1476	1.291963
2920	1588	1351	0.514808
987	1098	1239	0.219271
1559	836	1797	-0.685
1766	1168	2025	-0.236326
1814	957	1526	-0.234669
1862	433	1007	-1.178658
1910	805	1921	-1.226597
4598	560	1157	-1.010622
1247	312	224	-0.231363
4264	456	1471	-1.965415
4312	441	895	-0.914658
901	810	2267	-1.003454
2562	1883	2081	-0.092894
4360	1795	1335	0.744503
4408	485	491	0.012036
4456	7477	1863	1.794698
4504	496	667	-0.520146
4552	864	1460	-0.456158
982	956	1321	-0.384415
2033	1047	1333	-0.197297
1996	1330	513	1.689966
913	3248	944	1.670449
2044	2704	1580	1.022342
2092	930	520	1.005239
2140	1183	1405	0.121012
4600	621	598	0.209762
2548	2316	401	2.296607
4266	2461	796	1.506436
4314	3568	1730	1.294837
4362	500	679	-0.363481
4410	1141	1948	-0.511374
949	579	1952	-1.52025
4458	501	1286	-1.235566
4506	408	1055	-0.695444
4554	340	972	-1.876069
3054	518	1334	-1.544493
2081	1174	2491	-0.9378
4602	540	1106	-0.711317
4268	613	1388	-1.136985
4316	280	634	-1.56307
556	315	449	-1.231072
4364	706	2096	-1.634297
4412	223	549	-1.965415
4460	418	1628	-1.850752
1295	489	1015	-1.132912
4508	326	619	-1.054747
4556	370	1241	-2.183896
440	225	744	-0.869922
4604	468	910	-0.51356
2188	290	83	-0.226425
2129	10769	424	3.70224
2236	17618	611	4.293774
2284	2463	170	2.810011
4270	1668	1093	0.667617
4318	1319	2128	-0.324695
4366	554	793	-0.517946
1950	730	907	-0.110285
1354	449	1866	-2.183896
4414	570	1512	-1.050995
4462	351	1013	-1.544493
4510	470	1081	-0.708654
4558	466	1146	-1.272267
2596	589	1525	-1.100909
2680	231	470	-1.028772
4606	1915	2462	-0.022178
4272	1381	1469	0.257439
4320	666	687	0.050111
2720	1566	1897	-0.289104
1998	574	1241	-0.768946
4368	664	2510	-2.243794
4416	472	750	-0.812243
4464	617	941	-0.494058
4512	396	556	-0.646779
2968	357	735	-0.771775
3016	1283	1827	-0.328325
2346	3426	823	2.857952
1343	428	594	-0.851346
1391	325	1317	-2.138434
1439	324	590	-0.136954
1487	464	1300	-1.801961
1535	514	648	-0.090024
2394	1528	1683	0.173001
1030	1540	1437	0.395263
997	1754	1168	1.113232
2046	668	1417	-1.295909
1576	340	574	-0.59561
2442	545	1180	-1.380748
2644	772	1736	-0.746599
488	1020	3088	-1.058514
1402	1222	2116	-0.656829
1607	702	1485	-1.217708
1450	1976	1514	0.587966
4560	5003	1350	1.843115
2310	77	34	1.895414
2358	756	1437	-0.904902
2406	313	416	0.563673
4608	233	562	-1.607805
4609	444	1481	-2.389748
2610	245	334	0.026166
4627	204	87	0.724402
4669	456	2677	-1.49658
4709	795	1743	-0.876192
4725	336	237	-0.224784
2415	414	1312	-1.267605
4765	539	1297	-0.485511
4805	946	1359	-0.749365
4821	301	200	-0.254737
2094	1718	1751	0.288334
2177	866	907	-0.12205
2142	837	1052	0.104637
4611	658	1070	-0.551469
4629	377	370	-0.367255
4671	654	1008	-0.597989
604	248	1425	-3.342407
536	220	1240	-1.054747
2768	195	654	-2.924671
2816	390	1873	-2.418736
584	530	2291	-1.956112
2864	332	746	-1.556839
961	1017	596	1.013827
4711	357	1209	-1.755441
4727	236	111	0.257439
4767	433	1026	-0.509193
4807	1969	1790	0.308733
4823	278	64	0.347398
4613	520	1788	-1.801961
4631	229	90	0.297127
2912	418	358	-0.075799
4673	380	1668	-0.84523
4713	641	1638	-1.213293
4753	386	1371	-0.624528
1057	1152	3752	-1.231072
1105	505	1416	-0.413685
4769	614	997	-0.703349
1498	554	1454	-1.703769
1164	666	806	-0.092894
1212	218	564	2.908569
1260	865	2052	-0.84523
1308	733	1059	-0.312094
1356	359	874	-1.262965
1404	200	662	-1.003454
771	1190	1908	-0.342977
4809	454	1708	-2.433551
4754	666	1646	-1.412497
2960	497	1129	-0.746599
652	380	768	-1.682416
5304	433	1563	-1.703769
4615	302	867	-1.732969
4657	368	804	0.394381
3008	674	1826	-1.339926
1452	1132	736	0.470819
4675	327	232	0.009445
3056	205	550	-2.033073
4715	443	635	-0.479148
4755	2107	4700	-0.651791
4771	483	469	-0.190938
4811	1391	2248	-0.3616
1078	5847	833	2.391534
1126	2751	1472	0.962159
792	4080	1164	1.637388
840	529	647	-0.239648
888	1015	2656	-0.927816
5336	596	802	-0.341134
984	496	474	0.081977
1032	744	737	0.442625
1080	1742	2069	0.029985
1500	212	206	-0.306742
680	1094	2845	-0.901671
728	237	443	0.565162
394	746	909	-0.110285
4851	799	1237	-0.352245
4617	1763	913	1.05706
748	586	321	0.686247
2190	1419	1483	0.302947
4659	574	1249	-1.334938
4677	411	344	-0.485511
4717	992	1533	-0.342977
4757	438	1048	-0.04657
4773	579	971	-0.439765
2770	856	2299	-0.996336
4813	1333	1006	0.568875
4853	578	1315	-0.378662
1178	418	1100	-1.581998
4619	426	777	-0.904902
4661	1396	2770	-0.520146
414	438	952	-1.66843
4679	380	299	-0.027547
4719	489	851	-0.746599
4759	1095	1134	0.056319
1930	784	1374	-0.634356
1978	6506	1571	2.060104
2026	8033	1105	2.48053
4775	382	346	0.079561
2225	1096	1858	-0.700707
2273	737	1743	2.422668
2074	564	1510	-1.569339
1939	340	1088	-1.38597
4815	2728	440	2.225938
4855	2382	1036	1.213418
1655	196	55	1.619402
1703	385	277	-0.386339
1226	562	2204	-2.149607
4621	525	1341	-1.575648
2818	849	1945	-1.124815
1751	224	77	1.011449
1045	1570	3277	-0.644282
1987	1088	3138	-1.291136
2035	826	1915	-0.760508
4663	1452	2663	-0.556024
1093	705	3012	-2.033073
462	791	2969	-1.502445
510	802	1404	-0.646779
4705	1022	2163	-0.885671
2866	1168	1309	0.22242
2083	1831	630	2.560733
2238	2705	791	2.647019
2914	1712	701	2.197403
2286	6231	1712	1.820685
1799	2543	3321	-0.14752
4721	324	166	-0.111748
4761	328	1478	-0.622086
1624	408	423	-0.593238
4801	636	2137	-2.347784
2454	3545	1402	1.477576
2502	2364	974	1.454913
2550	5163	2559	1.187002
2598	4510	949	1.893444
4817	312	213	-0.264924
1952	836	2008	-1.149306
4857	533	2658	-1.508345
2463	541	1121	-1.696601
2000	356	645	-1.136985
2755	778	1582	-1.081415
4623	1141	1171	0.102276
1128	294	516	-0.975283
2511	365	666	-1.174412
4665	712	1363	-0.656829
4707	541	1560	-1.249172
2131	1943	1278	0.666273
4723	360	489	-0.205303
548	162	515	1.346901
596	643	2726	-1.538377
819	537	1472	-2.361577
644	4625	719	2.927321
4763	1238	1682	-0.037013
4648	2674	4331	-0.39602
4625	335	647	-0.732881
4667	536	1510	-1.601291
