2048	2249	1728	0.042491
2096	9539	2910	1.727252
2144	8285	4212	0.808286
2192	2897	2610	-0.220275
2730	3419	2087	0.655484
1141	2330	2039	-0.464768
1874	4540	17901	-2.331578
2490	5207	6513	-0.815581
2778	2505	2144	-0.316195
2803	5767	3217	0.046502
1274	2232	2179	-0.139161
2826	3176	2140	0.356613
1322	4607	48792	-3.800315
1370	5883	14677	-1.49461
558	8358	5211	0.093416
2874	7567	4568	0.375993
1418	3558	1806	0.689374
807	4438	5574	-0.798353
855	5943	4470	0.045835
606	9943	3017	1.498471
654	7881	2572	1.189692
2122	1679	2698	-0.354304
692	4039	2316	1.060707
2170	4139	2766	-0.160265
903	8655	3754	0.701229
442	3710	2241	0.572292
3018	4767	2613	0.731275
2240	2840	2117	0.291422
2559	9621	3021	1.31468
2607	7622	2201	1.839595
1466	4467	1968	0.076728
1514	4380	2574	-0.225515
1180	6500	2435	1.494402
1276	9027	2186	2.391855
1324	5026	2314	1.254735
1372	7905	2431	1.986199
1540	5038	1822	0.495268
1588	5434	1999	1.843474
3066	6309	1848	1.824829
1636	2758	1248	0.470256
951	7091	1956	1.712357
2851	7941	2918	0.747954
999	7344	2217	2.9447
2538	3714	2076	0.724526
2655	7357	2698	1.040174
2732	7366	3400	0.651485
1420	6293	3372	0.461484
2586	6051	2811	0.320245
2962	4279	2389	0.393592
1468	2241	1861	0.36441
2780	5717	2039	0.611725
2828	8826	3134	1.175987
2876	2419	2872	0.181117
2924	6032	5500	-0.440591
2179	4617	2599	0.200748
1672	8261	4789	0.069583
385	2593	1511	0.608307
433	2085	1235	0.193863
481	3589	2125	0.843474
5254	6999	2683	0.923748
2972	2230	2028	-0.135153
1166	3722	2041	0.795435
1214	6372	3668	0.313627
2634	4972	3368	0.147919
3020	6975	2526	1.770412
1262	571	878	-0.407486
2288	6693	2443	1.152426
1954	4959	2109	1.697877
2002	4937	2186	1.561417
2050	5068	2483	0.948414
2098	2973	2477	-0.457012
2146	4171	1901	1.755788
2194	8166	2260	1.692746
2242	5954	2015	1.40094
1684	3226	2401	-0.086743
1732	1146	3139	-1.193007
3068	8516	4633	0.289854
1035	5089	2935	0.778575
1516	3223	2480	0.383165
1182	4759	3622	-0.660753
867	5403	3604	0.215504
915	6086	3080	0.12967
5330	2881	5458	-1.841101
1011	5583	3070	1.797064
1230	2535	4626	-0.333604
1059	4907	2945	0.267107
1107	5158	2954	0.102288
773	4347	3587	-0.684026
1278	4520	3910	-0.009049
1326	4520	7286	-0.678501
1374	5988	12032	-1.347157
821	3585	9829	-2.800143
1047	5305	4157	-0.102105
2321	6908	4409	0.410422
2830	2434	1959	0.339341
2878	4121	2336	-0.285975
1720	8022	3173	1.045593
2369	5248	2965	0.647835
869	5147	1875	-0.53265
917	4908	2212	-0.100558
3010	4884	1735	1.42979
2682	4905	1980	0.51467
1422	5344	2057	1.310919
1470	5098	2298	1.798107
1095	4154	2277	0.036445
1780	7024	4603	0.50628
1828	3511	8934	-1.440051
1876	4138	6372	-1.374407
1542	3966	11204	-1.819314
2974	7473	3072	0.521746
1590	7023	7229	-0.43302
3022	4514	5400	-0.847686
2658	4838	5515	-0.927457
2324	4093	8011	-1.209267
1310	3567	1952	0.297149
5286	5389	1973	1.301455
2417	5558	4248	-0.388755
2899	4811	3898	-0.145607
1358	6368	4490	0.114204
2736	7594	3344	0.833806
2947	4297	1893	0.820974
2784	2384	1997	0.139444
2348	8131	4525	0.448626
2832	6698	2630	1.195206
2396	8112	2803	1.358381
2444	5912	3050	0.71534
1518	3273	1799	-0.009049
1184	4556	2120	-0.542219
1232	6394	2218	1.929582
1280	8222	2573	1.241697
4852	8793	1714	1.940181
1013	4432	1438	1.462375
1328	2844	1244	-1.328515
2492	5893	2818	0.451745
2227	5441	4576	0.085107
2218	608	6996	-2.641079
1768	7341	6800	-0.604197
625	3833	5666	-1.382729
2880	4528	2795	0.89618
1061	2337	1551	0.082536
1109	4522	2648	-0.536227
1143	5753	2612	1.72027
809	4122	1844	0.953005
857	6403	2141	1.299361
2540	6512	3823	0.262818
1406	6729	3601	0.799842
2976	2446	2275	-0.001321
3024	9428	3385	1.193936
3072	6742	5536	-0.222891
2372	7871	3458	1.023739
2266	3913	2668	0.097862
740	8763	3313	0.948955
1083	2303	2832	-0.804583
3073	3994	1653	-0.082181
3121	3532	2004	-0.009049
2290	5042	2916	0.440562
1956	9002	2682	1.642508
1932	1080	1848	-0.564091
1980	3226	17510	-3.138917
2028	3235	33263	-3.107168
2420	3182	11319	-1.642034
2076	4797	12031	-1.682555
1454	6701	6175	-0.37646
3169	5885	3963	-0.738093
3217	5266	4212	0.014646
3265	7040	5503	-0.131958
775	2535	3578	-1.152369
823	6063	4133	-0.137555
2312	3248	3040	0.150327
871	3428	2803	-0.398077
919	6394	3120	-0.113
1816	3732	2073	0.062386
1864	8010	3479	1.174909
2360	7136	4749	0.301811
1638	934	1316	-0.601642
3313	5695	3377	0.304392
1376	5734	2065	1.488898
3361	3121	1604	0.18519
3409	4395	1983	-0.497558
3075	4212	2351	0.276692
1424	7046	2125	1.649515
3123	10241	2856	1.481936
2124	5620	5364	-0.186867
3171	3734	2369	0.067625
967	4198	2873	0.254183
1015	6651	3354	0.902718
793	2788	1341	1.08367
905	4423	1855	0.60335
2468	7840	8488	-0.397037
2516	4590	2545	0.458837
406	2488	1325	0.828327
3219	7651	2408	1.539773
2995	7290	2521	1.664311
1686	3793	2764	-1.055451
3267	6711	2133	1.31824
3315	6579	2485	1.830784
1912	4562	1618	0.386969
1578	4847	2137	1.330692
2564	6702	1813	1.747787
3363	5684	1981	1.864271
2612	4969	1722	1.624635
3411	8642	4144	0.364895
2660	10001	2099	1.583606
1063	4221	1847	1.151763
2326	5487	2317	1.061675
3077	6370	2787	0.643805
3125	3623	1958	-0.130364
3058	2999	1289	0.890459
3173	4580	2239	0.442359
3221	4856	2713	0.38078
1472	7815	2105	0.860171
1520	4119	1358	0.11545
3269	7339	3735	0.462804
3317	5067	3346	0.23171
3365	2793	1571	0.246566
3413	3929	2240	0.390286
3079	3781	1890	0.436956
2172	3523	3172	-0.667542
2220	5418	5584	-0.308554
2465	4424	4365	-0.967102
3127	5558	2429	0.334851
1111	7810	4818	0.08959
777	4670	2245	0.980645
2004	7045	3363	0.761751
2052	7120	3133	0.997024
3175	6350	2562	0.969574
3223	3043	1723	-0.331654
1626	2132	3677	-0.943486
3271	7349	2767	1.078454
3319	6908	2898	0.987176
3367	6147	2493	1.218619
3415	9949	2533	1.870535
702	5648	4402	0.104809
3081	7972	2185	1.938271
454	4588	1963	1.172099
3129	6759	3043	1.005497
750	9515	2154	1.970931
416	3734	1499	1.279924
3177	8443	2588	1.188415
464	17896	7957	0.849768
2374	9339	2658	2.001803
825	3716	2463	-0.781416
2422	5521	2211	0.377431
1502	5697	2418	-0.757282
512	9997	3120	1.481777
560	8656	2698	1.627384
3225	4347	2339	0.858396
3273	8217	2825	1.004474
2470	4608	2086	0.045167
673	6038	2685	1.155512
502	3864	1923	1.171449
2148	10140	3381	1.606436
608	13405	2903	2.054577
656	9935	2950	1.816229
3321	4904	2758	0.571898
3369	5604	2341	0.974334
550	5249	2329	1.29535
3417	3884	1812	0.200748
3083	6079	4376	-0.229024
704	6512	3275	1.199217
3131	8357	5920	-0.236964
3179	6461	2442	0.934511
3227	7180	2575	1.665765
3275	4674	2168	1.006775
2518	7653	2229	1.379183
3323	6536	2467	1.391425
1734	4315	1798	1.007796
3371	5603	2315	1.350806
598	6445	1738	1.482888
3419	7101	2254	1.454083
3085	5393	2064	1.321414
3133	4050	2340	-0.110655
646	4361	1887	1.321041
3181	2372	1087	1.187776
2268	2677	1530	-0.614479
1131	6931	2529	1.28593
3229	8637	2025	1.775752
752	11181	2187	1.859929
694	5280	1495	1.642373
3277	8311	2663	1.284577
3325	5990	3618	0.719433
3373	7141	2918	0.776005
1186	4724	1937	1.221713
742	4581	2131	1.476363
3421	7234	2509	1.343356
3087	8091	2216	2.052156
1168	4867	2142	1.342627
3135	4142	2186	0.233372
3183	6962	1902	1.508262
1234	5527	1933	0.150327
1282	4755	2751	0.714656
1330	3759	2984	0.22392
5109	9223	3009	0.992112
3231	6749	3221	0.674888
408	1454	1841	-0.547038
3279	6617	1793	2.037415
456	4124	2064	0.792276
3327	3089	2172	-0.042756
3375	6348	2715	1.023488
3423	6707	2557	1.131682
3043	5495	2257	1.213648
3137	4886	2517	-0.889324
3185	4420	1544	1.287474
1782	4696	6444	-1.982848
3233	3324	2331	0.116695
504	4819	2005	1.286123
2566	5172	2259	1.264256
3281	4141	1923	0.841367
2614	4770	1680	1.696212
3329	4585	2079	0.13579
3377	7178	2702	0.998827
1001	5411	2087	1.500966
2513	4893	2403	0.531651
387	3250	1454	0.67915
2662	5937	2467	0.609068
2328	2460	1469	0.863124
1049	4665	1807	0.726893
435	7879	2847	1.000113
1097	5335	1586	1.767194
4658	5089	2162	0.888449
531	7923	3185	1.125352
552	5374	2267	1.126712
3425	7114	2028	2.496563
579	3993	1790	1.831904
627	6713	3346	0.853942
2805	5510	1958	0.339341
675	5890	1527	1.735541
723	7203	2503	1.243513
1216	7398	2531	1.585469
1674	3998	2366	0.760446
2376	5810	5453	-0.155355
1830	4198	5096	-0.656702
797	2603	3947	-1.139182
3091	9196	2629	1.41241
3139	9790	2851	1.451303
3187	17766	2135	2.157948
1941	12754	2723	2.100865
3235	7868	2919	1.398009
873	6531	5406	-0.392888
3283	6941	2544	1.231959
1264	4051	1598	1.051471
2424	5871	2245	1.449501
1312	4770	3498	0.343811
3331	7054	3723	0.504172
2588	6431	10985	-1.090184
3379	5508	2690	0.932038
3427	8512	2584	1.771125
418	11015	2242	2.240088
3093	12138	1638	2.10428
2853	3531	2357	1.12399
3141	4176	6084	-0.201292
3189	6535	2111	1.154851
1378	4371	2340	-0.001321
3237	6103	2757	1.012631
3285	3124	1494	0.551171
3333	4431	2076	-0.034041
921	3897	2990	-0.844429
3381	8202	3402	0.823431
2472	6932	5718	0.270313
2520	3182	1583	0.787518
3429	3660	2353	0.28145
2196	4487	2760	-0.098242
3095	5484	2224	1.077265
2244	5819	3161	0.535749
3143	4801	3154	0.122276
2292	6630	3137	1.279924
3191	4856	2858	0.401107
3239	4012	2668	0.209855
3287	5962	3105	0.597984
3335	7694	3214	0.833199
3383	6099	2517	1.050493
389	4658	1649	1.172099
1989	4258	2740	0.235583
2037	6831	4677	0.210987
490	3762	32935	-2.909343
538	4517	13782	-2.067554
1145	6795	5576	-0.163552
3431	7304	3155	0.67915
969	4296	1886	0.063042
1934	3920	2369	0.947059
1982	4103	3751	0.493989
3074	2334	1912	0.756846
811	5435	2703	1.452612
859	5896	2344	1.381819
3122	3715	1650	0.868416
907	5057	3806	-0.259356
3170	3370	2298	0.45972
3218	5798	4870	-0.249442
2636	5736	5582	-0.408537
2684	6060	6305	-0.639334
2085	4938	4705	-0.652667
600	3045	2282	0.285136
3266	3698	1659	0.376952
2568	6442	2419	1.221095
2901	5989	2377	0.871345
2350	3775	2327	0.524645
2133	3911	3870	-1.165732
3314	4442	2444	0.416431
3362	3080	1714	0.527123
3410	4659	1944	0.926796
3076	5656	2653	0.661634
1426	5675	1626	1.512121
1878	4879	5923	-1.845516
1544	3456	3374	-0.746904
1592	5287	4082	-0.170987
1640	4873	5724	-0.403293
1688	6491	5515	-0.147225
1474	5223	2502	1.136404
2949	4419	6091	-0.950693
1017	3748	2993	-0.458116
1522	4086	26630	-3.295759
2030	4438	9642	-1.355255
2078	4869	8274	-1.216318
586	4107	7504	-1.377173
1722	4012	17254	-2.847211
2126	1752	1703	-0.242292
3124	7918	3387	0.832895
3172	4340	1726	1.169932
3220	6403	3348	0.321259
3268	4919	1922	0.994183
3316	7598	2604	1.39212
648	5273	2427	0.606023
955	6042	1659	1.761087
1003	4287	2178	0.320752
2616	2276	1203	0.766309
2664	3713	2017	0.199604
2408	4561	1841	1.361967
1065	3145	1945	0.33335
3364	2019	1301	0.5976
3412	8071	2736	0.508804
3078	6581	3412	0.532472
3126	3837	1694	0.204173
3174	3744	3060	-0.180987
2174	4233	6692	-1.287166
3222	2576	3633	-0.487266
1188	9391	3912	0.823124
1113	4509	2521	0.121039
1236	5740	2075	1.97171
4712	6232	1989	2.015865
3270	2846	1439	0.29559
1770	3619	2345	-0.383614
466	3554	2529	0.109204
2561	4425	4502	-0.127978
1818	4845	5413	-0.720702
3318	3620	8372	-1.713092
1866	4255	4165	-0.281335
1284	7550	11903	-0.939902
2609	4879	6419	-0.980053
2398	5043	2429	1.064812
2456	6917	3012	1.037454
2657	8910	3950	0.728918
1051	7039	2791	2.278759
1332	5832	2109	1.476204
2329	4482	2415	1.05537
3366	6186	2544	1.041161
2377	2950	1735	0.871637
3414	4316	1554	1.114176
1099	4113	2901	-0.110655
2997	6930	3130	0.604115
1360	3390	3592	-0.182663
1380	7306	3666	0.634956
3080	3719	2056	0.748615
841	4296	2543	0.376473
1408	8382	2870	1.320295
1456	5276	1960	1.012123
1736	4629	4158	0.591043
3045	4483	2540	0.446393
2504	5645	2782	0.650027
1147	4679	3589	0.213248
2711	7252	2271	1.89814
3128	10703	2731	1.939779
3176	2239	1674	0.627521
3224	3097	1832	-0.201292
3272	1853	1223	0.39312
3368	1189	1125	-0.381565
893	4201	2059	0.325306
696	2018	2507	-1.067573
3416	8021	3471	0.916228
744	3896	2144	0.988478
2425	4741	1667	-1.42541
2473	4527	1637	0.953544
2759	5866	2187	0.675244
3082	2457	1401	-0.024685
1504	8130	1993	2.772535
2521	3501	2161	-1.918944
1170	6074	2005	2.465758
3130	7103	2713	0.867536
3178	1105	885	0.193863
2807	5729	1909	1.807208
2569	3317	1756	0.945432
2855	5538	2214	1.236231
3226	5259	2028	1.549912
2903	8121	2468	1.301835
2617	3506	2083	-0.121644
2323	5717	3348	0.585221
2371	7364	3706	0.368286
3274	5185	2501	0.621908
2222	5121	7848	-0.850954
2270	5095	3702	0.08639
3322	7375	4028	0.341827
3370	4089	2896	0.156322
2446	4338	3936	-0.257546
1428	6266	2406	1.214685
1847	3611	2712	-0.195327
779	6066	1995	1.301835
1476	5995	2180	1.871396
1524	1793	1606	0.116695
827	4585	2087	-0.544626
514	5715	2243	2.41654
409	4605	1699	1.811557
562	3989	1610	0.60182
3418	3860	1538	0.480249
610	10520	2332	2.223888
3084	2376	1384	0.476785
3132	3927	1900	0.288283
3180	3576	1624	0.782417
3228	7127	2794	1.030745
1936	2252	2189	0.030362
3276	2352	1188	1.00703
3324	3749	1999	0.262818
3372	911	1682	0.347767
3420	6353	2804	1.24934
3086	5347	1752	1.264453
658	24567	6554	1.127391
706	4943	5790	-0.841182
3134	4534	1828	0.373591
3182	8306	2075	1.671299
3230	6234	2341	1.243714
3278	3435	2011	0.071536
875	6141	2224	0.973014
3326	2882	1758	0.192711
754	5552	1724	1.450321
3374	2060	1337	0.464563
3422	3160	1602	0.047169
3088	4331	1853	0.607546
2665	2854	2147	-0.090562
923	6927	16513	-2.073094
971	4473	1904	0.958112
3136	6524	2067	1.565661
420	5390	2043	1.791138
468	6358	1943	1.960556
457	5910	1730	1.650186
505	6256	1836	1.446873
1218	5382	2742	0.282505
3184	1833	1134	0.80704
1266	1145	1263	-0.815581
1314	6671	2473	1.738248
813	5302	2110	1.158149
1362	7733	2059	1.922452
1190	4017	2795	-0.022538
3232	6844	2513	1.179646
3280	1994	1040	0.443706
3328	8004	2520	1.497846
516	3000	1871	0.474613
2494	5841	2169	-0.738093
861	5756	1648	1.624222
909	4964	2131	0.527535
2542	7288	2177	1.947384
957	4170	1157	1.656874
1005	5273	1659	1.927245
1053	4081	1461	1.099156
1101	2530	1214	0.619654
1410	5610	4563	0.046502
1149	4075	1559	1.184147
2590	6116	2148	1.845352
2638	5551	1802	2.315025
2686	4559	1637	0.448626
2352	5778	2682	1.122626
3376	5214	2084	0.986395
3424	10773	2822	1.70209
2331	3820	2420	-0.134353
2379	6292	2190	0.436956
3090	1553	1182	-0.555528
3138	11849	3524	1.08225
553	3737	1415	1.325878
1784	7232	5227	0.15273
1238	3915	45412	-3.682533
1286	6147	5602	-0.377479
3186	6489	2204	1.122626
2427	5492	2543	1.330138
3234	3612	2260	0.407172
2475	5047	2783	-0.504479
1914	6064	2188	-1.572319
1019	7458	4778	0.252556
3282	4737	2338	-0.044216
3330	5806	2415	1.113488
2951	6119	2088	1.890677
2999	4849	2551	0.385544
1832	3575	3425	-0.781416
3047	4719	1968	1.103801
601	5532	2194	0.821896
649	2242	1258	0.892179
3378	5816	2128	1.5033
3426	3780	2193	0.29611
2724	4493	9047	-1.147954
3092	4872	2782	0.42057
3140	4089	1942	0.427886
2690	148	172	-0.058191
3188	3366	3342	-0.272118
2400	7400	2806	1.299361
3236	6587	2965	0.752903
2448	6963	4696	0.024241
3284	1868	6043	-1.87698
1067	4542	4018	-0.358296
889	3412	2034	0.106695
1115	9185	5179	0.329839
781	5743	2757	0.633844
3332	8608	6114	-0.131161
3380	2608	4044	-0.547038
2496	5792	3249	0.985091
3428	9917	4802	0.563977
1580	6754	4090	0.412275
829	3477	3363	-0.233427
1984	8352	6644	0.166432
941	5990	2019	1.275249
3142	7857	3362	0.714656
2738	4862	1974	0.698104
3190	3034	1497	0.710201
2032	763	2337	-1.27709
3238	4958	2339	1.226644
2080	8678	6262	0.157517
815	4937	2810	1.026747
863	5512	2270	1.453919
911	5511	2796	0.788471
1458	2481	1611	-0.271201
564	21320	8369	0.832591
2786	4827	16829	-2.612091
3286	3854	13479	-2.69134
1506	4672	3731	-0.039115
3334	5590	9574	-1.235366
3382	4445	2619	0.035096
3430	5048	5716	-0.767769
3096	1261	1794	0.279338
3144	8069	3820	0.475048
3192	440	1451	-0.383614
1958	4835	2628	0.882973
2523	4077	2851	-0.185183
2571	6510	3818	1.453103
2619	3979	2764	-0.569017
2667	5025	2495	0.143085
1007	4341	3098	1.405921
2128	6647	22498	-1.819314
3240	9024	3509	0.975125
3288	720	1412	0.423777
634	3662	32350	-2.922246
1880	3651	17323	-3.171707
3336	4877	11480	-1.900075
3384	5454	3394	0.170566
1676	5357	5387	-0.8283
485	2496	1828	0.473743
2333	1236	2521	-0.727912
3432	7037	2483	0.962659
3097	3503	1420	-0.059674
1055	4878	2208	0.64747
2381	7383	2096	1.687589
682	6302	3049	0.694272
730	6157	3139	1.292668
1103	5525	3206	0.255808
1151	4862	2218	1.767552
794	1965	1981	-0.43302
3145	3295	1968	0.706759
3193	9618	2387	2.819966
4819	4280	2605	0.402977
3241	300	706	-0.031874
3289	1596	1269	0.072837
3337	2904	1291	1.016179
697	8243	1723	2.32252
1724	13774	2637	2.299653
3385	2782	1479	0.575048
1772	7116	2181	0.299742
842	2298	1325	0.726893
3433	3302	1510	0.930661
2429	4101	2660	0.662715
2477	5565	2318	1.196686
4993	6044	2415	0.165248
1820	5761	1955	-0.328737
1172	1725	2229	-0.489544
3099	1519	1347	-0.306653
1895	4354	4077	-0.111436
2525	6889	3245	1.000627
1334	4376	1741	1.386721
1546	4923	7470	-0.789079
1594	4876	4575	0.01877
1642	4764	3039	0.505437
1690	4459	3902	-0.036938
1738	940	1662	-0.47483
3147	4477	3561	0.078022
1786	3763	14703	-1.592728
1834	4478	9270	-1.40242
1882	5090	8354	-1.374407
1548	5452	8246	-0.836332
1596	5326	1957	0.651849
2176	9048	2609	0
581	5763	1945	0.378868
1644	5528	6764	-0.511447
1692	6875	8284	-0.812426
3195	4701	3673	-0.089797
3243	4915	5543	-0.465881
612	35017	63907	-0.385667
660	3961	2362	0.91427
708	4795	3346	0.428341
756	5365	7628	-1.047451
877	2966	18447	-3.739691
3291	3063	5805	-1.620604
2544	6610	2153	1.761327
890	4439	2219	0.687618
1220	6189	1967	1.638986
3339	4845	2048	0.451745
2006	5238	2462	1.073211
1740	4902	8901	-0.682642
2573	5657	3903	0.012578
629	5409	3674	-0.003423
677	4469	4693	-0.22464
725	3120	3869	-1.50086
1868	7506	2453	3.074012
938	4781	2571	0.587553
3387	1936	1569	-0.077639
986	4199	2740	0.648566
1034	3770	1607	1.35153
1082	3581	2578	-0.090562
2621	2621	2133	-0.703607
2669	6887	4019	0.390759
745	3667	1166	2.055204
3435	3319	2249	0.099129
1268	386	765	-0.446035
3101	2528	1456	0.189247
2335	4529	3113	0.340336
3149	2401	1818	0.213813
2592	6946	3051	1.677977
2640	7162	2089	2.43746
2688	5629	1951	1.725387
2689	3412	1778	0.153329
2737	3956	2168	-0.151282
2181	5809	18410	-2.398517
989	5184	10900	-1.305046
2785	4511	2895	-0.524351
2833	4032	3108	-0.495262
2881	2356	1586	0.478518
2929	1443	1961	-0.061159
2977	3823	1944	0.493563
937	1504	1058	0.075432
3197	1728	2111	-0.362304
3245	374	890	-0.789079
2383	6890	2360	-0.62096
3293	1093	1005	0.285661
3341	1490	1171	0.34133
3389	2260	1361	0.189825
3437	10005	2315	2.067568
1316	3519	2858	-0.047142
925	4176	2904	0.305422
3103	2099	1542	-0.106759
2229	5115	2323	0.802665
3151	5591	3168	0.174095
1916	7120	2904	2.781926
2834	5092	2161	0.707104
2882	6942	2092	1.268982
3199	4523	2275	0.814496
3247	2411	1910	0.260666
2930	1568	1432	-0.18771
411	6540	2407	1.258316
3295	2185	1700	0.260666
3343	5109	3048	-0.391853
3391	2048	1819	0.481114
1130	4026	2680	-0.048608
796	5201	6388	-0.930997
844	6490	14485	-1.22818
1382	4435	8253	-1.76072
3439	3269	2339	0.167615
973	3583	24803	-3.577172
2978	101	82	0.075432
3105	2522	1565	0.357591
3153	6362	2480	0.950847
3201	1554	1292	0.288283
3249	1246	1449	-0.16685
1364	1362	1819	-0.58269
3297	1154	1020	0.561189
3345	5328	1902	1.27349
3026	4649	3140	0.011196
2692	4599	1340	1.691202
2431	3732	2002	0.012578
3025	3305	1975	0.133347
2691	4497	2973	0.038465
2054	4093	4394	-0.869122
892	4252	2002	-0.151282
940	5574	1527	2.246096
988	5159	2222	0.196164
1036	5622	2333	1.172099
3393	2399	1529	0.456183
3441	7337	2778	0.979071
3107	1999	1594	0.254183
459	3080	1655	0.720113
2740	9149	3460	1.09402
2788	5308	1821	1.643049
1021	4423	1964	0.507122
2419	8793	3881	0.811706
3155	8507	4824	0.493989
1412	8889	3353	1.323277
3203	2878	1414	0.812637
3251	6671	2049	1.719519
3299	5069	2203	1.365541
3347	7347	3238	1.174045
2836	6964	2611	1.347906
3395	2082	1742	-0.545831
2739	8747	4016	0.873389
3443	3498	3026	-0.439506
1430	5368	4013	-0.020396
2224	4246	3402	0.11918
507	5512	4706	-0.199584
1084	6691	2726	1.059739
1132	6517	2137	1.576986
798	3686	2610	0.610208
846	6666	1878	1.706032
3109	3635	1827	0.96079
2884	3786	3342	-0.09286
894	4035	2215	0.614375
942	5552	2099	1.530136
990	6386	2921	1.294393
1038	1790	1295	0.43107
1086	3666	3084	0.220562
2932	6025	2653	0.834717
3157	3666	1586	1.239676
1478	4404	2208	1.24633
2980	4743	1646	1.315993
1069	4810	2130	0.867536
3028	6824	2223	1.558332
391	4921	1661	1.291708
1788	6231	4127	0.596831
3205	7249	2004	1.976078
1117	5111	2099	0.068278
1134	5276	1730	1.78177
3253	1677	1530	-0.227268
2694	2925	2241	0.158114
1037	7921	2286	1.283996
1460	4794	2456	-0.030432
1526	3555	6594	-2.029609
3301	2897	3094	-0.58144
2272	7923	7968	-0.472585
1938	2929	30412	-3.076397
1986	6687	4630	0.592589
800	7441	3030	1.309222
848	7545	3760	0.790692
2467	8227	8577	-1.00647
2479	3119	3061	-0.189398
1192	10382	4404	0.582882
896	7103	4099	0.268711
1582	6415	3196	0.895609
2034	4430	7394	-0.837946
1836	6597	2280	-1.599625
1884	5855	2558	1.823589
1550	4736	2036	1.511196
3349	6061	2273	1.177495
1508	6601	2197	1.818499
1174	3554	2195	0.247658
555	4371	1578	1.587186
3397	6343	2829	0.694272
1598	5732	10193	-1.090184
1646	2891	6373	-1.485308
439	6508	4428	-0.002021
3445	5740	3064	0.235031
3111	3794	1654	1.696468
2102	5894	2777	1.480824
2150	4987	2533	1.209486
3159	6118	3620	-0.139161
2515	4482	11864	-1.292242
2082	3136	54942	-4.321612
944	5918	3642	0.42057
2742	4877	2497	0.213248
3255	6605	2172	1.415469
3303	2587	1796	-0.054495
4948	6853	3592	0.525471
3351	4150	2758	0.218879
3399	4567	2220	0.996508
3447	7240	2814	1.998777
2130	7458	3469	1.270748
3113	3193	2905	-0.096701
1240	8611	3106	1.617866
2790	4945	1884	0.953005
3161	3047	1753	0.241639
3209	4488	2356	0.705034
2198	7015	4194	0.17995
831	4873	9195	-2.529853
2178	5192	13437	-2.421864
2787	6215	3328	0.394534
2226	3855	2058	1.115093
603	4362	2195	0.294029
1222	6588	3421	0.979071
3257	6230	2342	1.245727
3305	3820	1654	1.308656
3353	5139	1364	1.924698
1538	1940	2468	-0.781416
927	9555	3299	1.999345
975	7605	1809	1.752886
1023	7430	3160	0.80423
1071	6106	2477	1.018453
1586	5349	3307	0.260666
2563	4357	2235	0.775683
3401	5045	2329	1.169932
3449	6626	2032	1.815774
3115	3660	1746	1.165802
1270	7580	2613	1.342262
2772	6573	1806	2.757661
2820	7007	2164	1.865895
3163	5331	2498	-0.338493
2274	3714	4661	-0.717832
2552	7416	7237	-0.167676
2838	5481	2714	0.049167
2886	5016	5676	-0.523171
1119	6048	5627	0.000776
1288	4247	27855	-2.538664
3211	5816	3912	-0.113783
3259	6035	2855	0.484133
3307	4550	2087	0.887011
1678	7215	2736	1.455551
3355	5735	3075	0.97275
3403	3856	1638	1.6903
3451	7630	4915	0.485424
3117	2415	3387	-1.075736
3165	5123	2514	0.677021
3213	3574	2626	0.244379
2527	4358	4782	-0.922171
1318	4709	11798	-1.768883
1694	4835	3024	0.697061
1742	5002	1835	2.276538
1790	3735	5742	-1.599625
1838	4858	2926	-0.505637
1886	4266	3664	-0.085982
1552	5740	1818	-1.393934
1600	7031	2572	1.562296
1648	5206	1706	2.017261
2575	7314	2292	0.767931
3261	1382	1515	0.540238
2934	3953	1687	1.186283
785	4840	1887	1.432963
3309	2386	1267	0.368769
3357	2744	1287	0.370701
651	5559	1911	1.116238
3405	2291	1979	0.13701
422	6927	2194	1.737265
2868	3404	2638	-0.512613
1336	8149	3720	0.708137
3453	2445	1711	0.290377
3119	2944	1752	0.828937
1696	8216	3236	0.873973
1744	6726	2202	-1.50086
1792	7290	4121	0.705725
1840	5878	1648	-2.184647
1888	7553	1880	1.359637
1554	5736	1618	2.035682
3167	3936	2224	-0.004826
1384	6424	2103	1.126259
3215	1989	1386	-0.039115
2623	5260	3663	-0.242292
3263	3957	1647	0.667387
2246	3886	5788	-0.948887
3311	2317	1766	-0.220275
2982	6247	2125	1.862537
3359	6955	2770	1.284383
3407	3565	1716	1.167325
2671	6367	2298	0.861944
3455	2784	2389	-0.093627
3030	5016	2470	0.456183
3098	4855	1656	2.327577
3146	4076	2700	-0.053757
2294	2672	1990	-0.053757
992	8911	3819	2.267748
3194	1774	1318	-0.239625
1602	3789	2354	0.91427
3242	4457	1531	-1.287166
2337	4283	7325	-0.798353
3338	4268	2283	0.331847
3386	5567	2512	0.871345
3434	2423	1421	0.198458
3100	8213	2039	1.744129
3148	5017	2093	0.899881
470	11031	2006	1.836481
3196	6534	1568	2.085007
3244	3830	2197	-0.739556
3292	9641	3110	1.028748
1940	2745	5011	-0.98753
2696	3562	1868	0.734969
3388	7187	3506	0.577405
3436	4682	2746	0.387444
3102	4625	2931	0.260666
833	3748	2305	0.707793
881	4091	2421	-0.275795
929	5025	2667	0.566756
977	4781	2072	-0.230783
1025	3723	1504	0.045167
1073	7115	2303	1.259903
3150	3228	2068	-0.87079
3198	3379	1726	1.125352
3246	3042	1524	0.144901
3294	5246	2127	1.760006
3342	5712	1816	1.490159
1432	5771	15024	-1.823634
1480	5544	3788	-0.223765
3390	4139	2563	0.155126
1040	5031	3756	-0.031874
3438	2473	1826	0.225594
3104	7529	2506	1.745716
1528	6692	3615	0.690776
3152	4496	2816	0.029684
3200	5492	3181	0.477218
3248	4601	2452	0.215504
3296	5270	3380	0.221682
2744	9401	5172	0.364895
3344	3535	5833	-0.332628
2916	4155	8421	-1.748598
2611	5706	4451	-0.156989
3392	7447	3685	0.472872
2835	10647	6540	-0.268455
3440	8921	3006	1.758441
1988	5968	2990	0.532882
3106	5136	2005	1.283028
1194	3993	2263	0.959452
1242	6343	2858	-0.803022
1290	3995	2334	0.678795
1338	3139	1863	0.703652
1386	4037	2817	0.024923
1434	4676	2445	0.494842
1482	4209	2594	0.592976
1530	4552	2688	-0.452607
1196	5962	2895	0.763381
1244	4713	2275	1.364828
1292	5500	2998	1.380238
1340	6251	2271	1.457343
1388	6730	2244	2.63167
1436	6380	2130	1.577852
1484	6695	2308	0.600671
1532	5807	2580	1.549764
1726	1708	2522	-0.094394
3154	4151	1980	0.146109
3202	5382	2352	1.174909
3250	4757	3093	-0.126391
3298	3537	11468	-2.375702
2036	1406	14115	-3.205608
2600	4727	7372	-0.875811
2648	5761	9348	-1.126167
2314	4848	12238	-1.469994
2362	3838	14646	-2.289318
2410	3656	22174	-2.538664
2458	4576	15878	-2.811704
2792	4256	1916	0.922916
2659	4829	2194	0.367318
1774	2626	2462	-0.186025
3346	5723	2333	0.283031
1088	6254	2647	1.750219
1136	7678	1928	1.124671
3394	4111	2498	0.325306
3442	4734	3126	-0.492971
3108	6468	2605	1.03968
487	5336	2197	1.092381
3156	6149	3245	0.633102
3204	7033	3800	0.474178
1650	6829	2610	1.442423
3252	9352	4051	0.7872
3300	7720	4861	0.390759
3348	5800	2821	0.835626
3396	7067	2241	1.206354
1822	7448	1792	3.125709
3444	6059	2300	0.884128
3110	4232	1818	1.305251
3158	5262	3326	0.500789
2840	7361	2616	1.336953
699	4235	2315	0.725879
3206	4842	2376	1.008561
3254	4111	1672	1.361609
3302	3298	2022	0.218879
802	4007	6437	-1.315409
850	5775	3791	0.423777
898	4293	2141	1.023739
946	5860	2878	0.908652
2084	10757	4575	1.082013
3350	5562	2378	0.20132
396	1571	1147	-0.162729
444	8618	3426	0.998312
2325	5313	9027	-1.67134
3398	3785	7470	-1.579076
3446	5867	7254	-0.87079
2888	2121	2024	-0.050076
3112	5413	3173	0.329336
1698	5667	6384	-0.539818
3160	5637	3176	0.42332
3208	7479	3672	0.31923
518	3298	3027	0.606785
566	4574	1476	1.649784
3256	10480	4158	0.653668
3304	5830	3472	0.572686
3352	4443	2214	0.311582
3400	7761	3090	0.708826
614	3711	2103	-0.019683
3448	3398	1798	-0.233427
3114	3653	1915	0.859284
3162	4817	2418	0.461043
3210	5100	1999	1.317117
3258	3400	2423	-0.156989
3306	3236	1680	0.754548
3354	6841	2006	1.471241
3402	3553	1671	0.929006
3450	5405	2248	0.458395
3116	5189	2149	0.778254
3164	5522	2287	0.055798
662	4835	1586	1.337503
710	4178	2294	1.332169
2277	3266	1921	-0.34538
3260	9522	5335	0.214377
747	4005	2428	0.731612
3308	7305	2303	2.250376
3356	3423	2081	0.689374
3404	8015	3393	0.690776
3452	3793	1615	-1.00456
3118	3730	2802	0.04383
2936	6752	3126	0.637175
3166	6248	3978	0.386019
3214	5124	3715	0.059098
3262	4629	2395	0.535749
3310	4860	2742	0.440112
3358	6942	1612	1.682145
1198	2469	1697	-0.148846
1246	4522	3008	-1.752623
1294	4317	2694	-0.238737
3406	3576	2510	0.414124
3454	4030	2292	-0.24765
3120	1807	1246	-0.267542
2984	4083	1704	0.987957
3168	4658	1957	-0.300027
3216	2198	1648	-0.016836
1870	3439	2282	1.029996
1918	5325	2917	-0.547038
1121	4813	2410	0.481545
994	5294	2899	0.779857
2506	5440	2092	1.454736
3264	7203	4622	0.043161
1960	5746	2130	1.41241
2008	6575	2793	1.482095
3312	9323	2103	2.658023
3360	7378	2319	-0.970785
3408	4268	1864	0.639021
3456	5727	1704	-0.109095
3457	4024	1850	0.102919
3505	3437	2496	0.03307
1342	8143	1983	1.818386
3032	7766	2686	1.472364
2698	3453	1889	0.18519
413	4238	1434	1.53059
5247	1430	1468	0.256349
3553	1721	2691	-1.188409
2132	5309	4601	0.317705
3601	2746	1790	0.334851
3649	10524	5766	0.179366
2373	3439	2254	0.225594
3697	4156	8194	-1.900075
2931	4288	2053	0.674532
2979	5611	3925	-0.148035
2180	5130	4472	-0.062646
3027	7371	4616	-0.089033
3745	4865	3023	0.30902
3793	3440	1875	0.431978
787	5347	8631	-0.978193
1042	5827	2372	0.83835
1090	4584	2918	0.462804
1138	4727	1995	1.192877
3459	6005	2301	0.597215
1085	5149	2069	1.363041
1746	5406	6993	-0.682642
1794	5423	3070	-0.872461
804	6905	2072	1.369103
1842	3297	2929	-0.587709
1890	5322	2846	1.256527
1556	4178	1812	0.892465
1604	7212	3657	0.623782
3507	10791	4467	0.68304
1584	6406	4347	0.09278
2421	4626	5471	-1.482226
3555	3151	2053	0.337348
3603	5046	2414	1.075359
1632	5886	2251	2.387499
535	6576	4641	0.144296
1680	4044	10214	-1.914193
2469	5315	4042	-0.28041
3651	5171	2094	1.206772
3699	5371	3663	0.177027
1652	4688	4305	-0.02111
1366	1060	1305	-0.482726
852	3172	26665	-2.755192
900	7958	7795	-0.618363
948	5854	6211	-0.495262
996	6617	6377	-0.07915
1044	5880	3948	0.13518
3747	3919	1700	0.957308
2554	4381	2180	1.203841
1092	8363	1955	2.433911
3795	8564	3055	1.249741
1140	5639	3246	0.851559
3461	8286	3185	0.82251
3509	3794	2557	0.866949
3557	4824	1947	0.915109
835	5762	3182	0.168206
3605	2488	1543	0.748615
1133	6404	1656	1.552875
3653	11437	4168	1.079167
2056	7260	2739	1.379711
2104	6828	1954	2.406512
2152	6610	2317	1.95186
2200	6293	1951	0.29663
2248	7463	2381	1.692746
2296	3019	2509	0.053814
2794	4022	2461	-0.071614
3701	4253	2256	0.210421
3749	11878	4563	0.822203
3797	3621	2263	0.330341
2693	4810	2115	0.929006
2842	5063	2026	0.356123
2228	4334	3831	0.003565
3463	2305	1643	0.471129
1728	9436	3747	0.893037
1962	4629	2309	1.034229
1700	7559	3243	0.863418
2741	3925	2427	0.380302
2602	6940	2677	0.972485
3511	6853	3669	0.388866
3559	4689	1762	0.994441
2517	5535	2978	0.475048
3607	9060	4153	0.780178
1390	3465	2363	-0.131958
461	5768	1951	1.730105
3655	6077	2149	1.736157
1776	7793	4026	0.773751
2890	7909	3013	0.944888
2650	3924	11399	-2.547553
3703	5297	2479	0.853645
806	3881	2661	0.099129
854	4992	2975	1.072733
902	3993	2551	-0.124806
950	4790	1734	-0.369357
998	6652	3024	1.610633
3751	5383	2421	0.83986
1414	7269	2513	1.74657
2938	4815	1817	0.421487
2986	3351	2695	-0.455909
3799	10201	3579	1.011361
1748	4814	1862	-1.098535
3034	4788	2118	1.308467
2385	4926	1851	1.235013
758	4437	1461	1.762287
424	4236	4842	-1.053445
472	3396	3914	-0.019683
520	3815	2321	-0.114566
568	2415	2240	-0.130364
616	3932	4438	-0.090562
2700	5343	1519	1.997261
3465	7138	2141	1.743518
1462	4424	2114	0.929558
1510	9304	4544	0.991075
2748	4876	2447	0.761425
509	5315	1878	1.539624
2796	5503	1639	2.386921
3513	6624	2931	1.155512
3561	6703	2837	0.649662
1176	4984	1795	0.947872
3609	4159	1715	1.003706
492	5959	1598	0.83835
2844	7790	4101	0.469382
3657	7189	4130	0.145505
1046	6359	3783	-0.163552
1438	4350	10917	-2.101265
2892	5455	3502	0.265501
2940	8449	2633	1.391078
3705	7467	2234	1.708946
557	5614	2247	1.00958
1094	4452	2421	1.336585
3753	8803	4513	0.45972
664	18650	8706	0.509224
3801	4841	4348	-0.311413
3467	2745	3032	-0.717832
540	3919	15537	-2.056565
1824	6448	4292	0.520916
1224	6682	2116	1.912695
3515	5857	2342	0.922082
2988	5111	2150	1.050004
605	5018	1793	1.205726
3563	10187	3223	0.997797
3611	5538	2396	-0.360298
3659	8300	2985	1.190755
1943	7029	2949	0.555191
3707	7797	2841	1.135507
712	7304	2119	1.051715
3755	2906	1531	-0.622262
3803	3784	2197	0.147316
1872	4042	2426	0.111708
1920	3756	1750	-0.51612
1991	10931	2059	1.566682
760	7113	2709	1.125352
3469	4250	1869	0.043161
426	1750	1639	-0.37341
3517	4403	2240	0.321766
3565	9240	2660	1.198374
3613	6280	3226	0.562783
3661	9009	3579	0.804855
3709	3877	1675	-0.124015
3757	9134	2368	2.128692
1921	627	871	0.249838
3805	6886	2547	1.002424
474	5217	1591	1.634089
1142	6454	1950	2.627689
3471	2711	1517	0.073486
3519	5058	2066	1.563175
3567	4526	1345	1.632451
3615	6993	2988	0.739983
799	3701	2373	0.813257
3663	9650	3585	0.983524
522	13914	5111	1.037206
3711	7087	3316	0.846177
570	4573	1500	1.673136
3759	10777	2238	2.30378
618	5424	2198	1.124671
3807	3397	2281	0.170566
847	3748	2177	1.116467
4997	12581	4401	1.019714
3036	8412	6463	-0.375442
1486	2986	2469	0.055798
1796	6004	3958	0.634585
3473	5135	1578	1.472043
3521	4191	2084	1.09519
3569	9516	2294	1.42979
653	6391	1514	2.03413
2702	6626	1774	1.236231
2010	5771	1816	2.078907
3617	7152	3233	0.731612
3665	6045	1830	1.834363
3713	8165	2718	0.973014
3761	5402	2565	1.022986
3809	5462	2652	0.818203
1844	7752	2215	-2.11276
2750	5145	1762	1.345724
2798	7660	2022	1.935349
2316	1280	1376	-0.239625
3475	6922	1775	1.475405
2364	7755	2254	2.672658
3523	6713	2264	2.005008
3571	8149	2513	1.426942
3619	10081	2695	1.312049
3667	12567	3302	1.520864
3715	13942	2949	1.931305
3763	6904	1718	1.542019
666	12952	1971	2.359836
3811	2811	2140	0.060414
2846	5693	2099	1.020722
3477	1224	850	0.776969
2894	8506	1405	1.787284
2412	4912	1661	0.90696
3525	5849	2203	1.347906
2942	8792	2728	1.52665
2039	8012	3277	0.945974
3573	8087	2841	0.850067
1892	10302	3267	1.877615
1558	4157	1717	0.639759
1606	4748	3182	0.300777
1654	5938	1991	1.53059
3621	2874	2046	0.091505
3669	2869	1624	0.331847
1534	9498	2684	-0.918662
701	5163	3286	0.331345
3717	5073	1901	0.598753
4614	5174	2315	1.742051
3765	3902	2013	0.491427
3813	5598	2172	0.712602
2276	5482	2822	0.712602
3479	4171	1390	1.380414
1200	10249	2791	1.408487
1248	6748	2711	2.398798
3527	3517	2177	0.045835
3575	1400	1091	0.053814
979	7318	1946	1.62711
3623	5270	3154	0.417813
2990	8605	4157	0.979596
3671	5545	1939	1.101481
3719	4130	2137	0.372147
3767	6904	3218	0.779216
749	2951	1500	0.889598
1272	4785	3193	0.201891
1320	7350	2350	1.65407
1368	4828	1497	1.752281
1416	7370	3063	0.893323
3038	6104	2309	1.529682
3815	4093	2374	0.652577
3458	2261	1558	0.104179
3506	10977	4929	0.428341
1296	6650	2548	1.429288
2704	6039	1828	1.71563
3554	5144	1812	0.370701
1464	1718	3418	-0.752821
1512	6087	2610	1.008306
808	6669	2184	-0.68819
2752	2457	1644	0.118559
3602	3252	1806	0.209288
3650	9475	2470	1.732951
3698	3867	2001	-0.38464
3746	7514	1427	2.168792
3794	4397	1697	0.099761
1177	10347	1781	2.382866
3460	3130	1616	0.363439
3508	8723	2237	2.029641
2800	6360	3293	0.50628
3556	4155	1381	1.474605
1702	8125	4132	0.767931
1750	5208	2338	0.920135
1798	6775	2795	0.878047
1846	1815	2258	-0.727912
1894	7269	2684	1.683703
3604	6052	1963	1.395069
1027	6686	1995	2.343535
1033	1157	968	0.035096
3652	3511	1200	1.379007
1560	219	819	-0.636688
1608	8222	5573	0.197312
1656	3447	8871	-1.237773
3700	4178	2947	-0.090562
2848	8870	3094	1.298216
2433	3133	3551	0.527535
1942	2210	3733	-0.825105
3748	2535	2112	0.107323
1344	8956	7748	-0.319075
856	6754	3052	1.340068
904	9161	2320	1.8729
952	6467	1851	2.53363
1000	6210	2242	0.197885
1225	2853	1222	1.154411
3796	4344	2519	0.394063
3462	2104	1430	-0.027555
3510	9671	2576	1.617866
3558	7356	2329	1.783886
2964	9203	2766	1.340434
2481	8733	1866	2.94459
3606	5860	1806	1.755788
3654	7034	1304	2.553783
1273	4523	1448	1.289016
415	4506	1774	1.007285
2896	782	923	0.432885
3702	4306	1735	0.720454
3750	2797	1701	-0.542219
2944	8335	1679	2.153982
1075	4818	1880	1.280506
3798	5280	2102	0.25147
3464	1679	1572	0.314648
895	8869	2775	1.536471
3512	6244	4197	0.046502
1123	7344	2804	1.679281
5093	4656	2275	0.733963
3560	8429	2223	1.399562
3608	9710	1933	2.429058
3656	5961	1523	2.023562
463	6420	1816	2.055472
1321	5969	1403	1.782358
1369	5729	2268	1.252741
1417	4992	1600	1.625598
3704	10146	3269	1.5869
3752	4054	1551	1.507024
3800	4120	2595	-0.437339
3466	4007	1810	0.965325
3514	4421	3227	-0.047142
583	5594	2122	1.676017
3562	5670	1687	0.564772
3610	4184	2085	0.182865
2992	4372	2653	0.445945
3040	10044	3089	1.618974
511	5721	2513	1.41224
3658	6396	1574	2.283614
1392	9499	3292	1.371233
3706	4539	1992	1.372474
1440	6552	3567	0.744308
1488	8453	4523	0.536567
1536	2395	2633	-0.279485
3754	6244	2424	1.49722
3802	6436	3041	0.717048
3468	2739	2193	-0.152095
3516	6960	3326	0.6756
3564	633	831	0.313117
1990	6360	3513	1.279729
2706	4634	2882	-0.198732
3612	4080	2308	0.30026
3660	4140	2475	0.42057
2754	5005	1771	0.939713
1465	5810	1514	1.98821
3708	3056	2088	0.256349
3756	7859	2076	1.598837
3804	11398	2572	1.691846
3470	4113	1786	1.222948
714	9246	2499	1.663914
3518	5696	3190	0.29455
3566	3808	1809	0.557194
3614	7087	3243	0.36538
3662	5033	2081	1.072015
3710	3786	1521	0.225036
3758	5426	1603	0.272444
3806	3336	1905	0.159306
3472	3503	2056	0.42057
1537	3973	2412	0.204173
3012	6497	2831	0.93506
3520	6191	2669	0.805479
3568	6392	1853	1.548725
3616	6888	2638	0.677376
1585	3492	1358	0.389813
3664	5318	2555	0.976442
588	4249	3056	0.013957
3712	7903	3740	0.845877
3760	3286	1717	0.829852
3808	7185	3319	0.200176
3474	10172	2260	1.59813
1633	2200	1565	-0.415925
1681	3497	2780	0.422404
3522	2697	1748	0.065664
3570	3436	1674	0.004262
3618	3991	1822	0.169976
1729	2596	3444	-0.846056
3666	5680	2177	1.212401
3714	7603	2480	1.154411
3762	15002	2747	2.331454
762	3363	1201	1.863621
636	4899	1767	1.361609
684	2642	1381	1.231551
3810	6090	3959	0.074784
3476	5080	5118	-0.249442
2529	4098	3393	0.578973
3524	5310	2183	1.261686
3572	4543	3076	0.426518
3620	8704	3380	1.308089
1800	2326	2080	-0.162729
3668	4576	1965	0.76273
1513	1352	992	0.482409
3716	8176	3172	1.287667
631	8836	3514	1.211153
4898	4163	1851	0.525471
3764	6842	2298	1.544259
3060	3885	1974	0.085749
3812	5069	2387	1.16689
3478	4699	1596	0.975125
3526	6731	2565	1.225209
3574	4685	2015	1.426271
2577	10438	3810	0.847076
2625	6577	3395	0.658383
3622	5407	4352	-0.480464
2058	5292	2470	1.724266
3670	9441	3187	1.196263
3718	10271	3189	1.093552
607	4534	2546	0.559194
732	8028	2280	2.023377
1969	3213	1838	1.386896
1848	2062	2945	-0.553095
1896	3715	2962	-0.466995
679	5907	2137	1.100551
3766	6931	3308	0.808598
1081	3152	1362	0.981169
1048	6062	3774	0.15692
727	6950	2100	1.54709
655	8100	2986	1.066979
2673	1445	1503	-0.089797
393	3831	1822	1.180505
1096	7740	2075	2.471736
441	4358	3890	-0.408537
2565	4548	3799	0.088311
3814	6224	2927	0.670966
3480	1377	1136	0.470692
3528	6667	4751	-0.089033
3576	3844	3438	-0.114566
3624	4703	3055	0.379346
3672	7906	5539	0.15273
3720	7386	4868	0.147316
3768	2419	1666	0.118559
3816	6035	3232	0.686564
2087	5269	2518	0.414586
1144	7104	3188	0.97802
2789	4997	2440	0.155724
3481	2678	1627	0.418273
2038	4656	3657	0.168206
2837	4889	3200	-0.93455
3529	1935	1596	0.252013
3577	5859	2457	0.716365
3625	5519	3350	0.194439
3673	3426	1739	0.567153
3721	3006	1421	0.44818
3769	4034	1523	1.591179
3817	4948	1838	2.081439
1777	4131	1637	-0.362304
3483	7274	2151	1.489529
3531	3586	1822	-2.242171
3579	2473	1316	0.13701
3627	5536	2072	1.181149
2017	4443	2292	0.557194
2065	3434	2193	0.481545
3675	2621	4047	-1.279599
3723	5383	3227	0.766633
1825	3857	17282	-2.777415
3771	6093	2148	1.741316
2613	4923	2369	1.122172
703	4417	1897	1.067459
1179	5460	3322	-2.406239
2508	8885	2865	1.034477
3819	3258	3346	-0.677125
3485	8946	2937	1.490474
3533	2679	1544	0.647835
3581	6574	1723	2.159562
3629	6492	1772	1.95681
3677	5314	1534	1.976756
3725	4073	1551	0.815424
3773	5095	2006	1.151984
3821	7869	1746	2.753885
3487	3972	2209	0.887011
3535	3358	1333	-0.69657
837	3011	15793	-1.87698
3583	3354	1904	0.801411
3631	6035	2293	1.203211
2802	5820	1631	2.22623
3679	5300	1615	2.222375
3727	5422	2442	0.963193
3775	4663	1956	1.685648
3823	5718	2572	0.045835
3489	9269	3357	1.246531
3537	2824	1513	0.950307
3585	7529	2303	1.44638
3633	6514	2027	1.630947
3681	4098	1388	1.7116
1227	6775	1303	-2.884025
1275	4906	2874	-0.191935
2850	5611	2101	1.705651
2106	5467	2029	-0.246755
3729	5936	1899	1.536471
2898	6510	2937	0.840162
3777	5731	1667	2.020046
1657	1066	1714	-0.6868
1705	1055	2094	-0.879172
3825	5619	2245	0.987957
3491	2500	1822	-0.668906
2339	4850	1835	-0.595285
2387	6840	5292	-0.416985
3539	4659	1446	0.346285
2154	4838	2094	1.700177
3587	3101	1781	-0.472585
3635	6419	2027	0.532472
3683	4799	1869	0.811706
1129	2574	1183	1.409171
810	4036	2280	-0.246755
858	3954	1520	-0.029712
906	4876	2500	1.196897
2113	5719	6243	-0.58019
2086	5259	13154	-1.675064
2134	6133	9227	-0.959776
2182	2758	2832	0.319737
2230	3019	14422	-2.222626
2278	2563	5991	-2.38325
1944	1237	14499	-3.39485
1992	2571	2400	-0.560412
3731	5152	3192	0.246566
3779	5468	2309	1.396799
3827	4356	6276	-1.53271
1753	3031	2374	0.221122
3493	5005	2571	0.917904
3541	4023	1615	1.181363
3589	5336	1609	1.447037
3637	4879	2090	0.78529
3685	5667	1951	1.491575
1323	6343	1594	-0.776846
3733	4727	1584	0.842271
3781	3411	1725	0.933688
1873	4165	2181	-0.550668
3829	9296	2284	1.567411
489	5503	1868	1.888036
537	3582	1765	1.138645
954	3582	1300	-0.993174
1002	3156	2734	0.287235
1050	3178	1660	1.307522
398	3330	1991	0.395476
2933	1947	1970	-0.011873
3495	5516	2401	1.383047
3543	4401	1658	-0.970785
3591	3408	3020	-0.548247
3639	6007	2795	1.11119
3687	4978	2072	1.852831
2946	4731	2072	-0.16685
3735	5880	1646	0.5205
2202	7645	2277	-1.943041
2135	6608	3226	0.354163
3783	5640	1761	1.741071
3831	5548	1757	-1.079843
3497	8280	2396	1.546643
3545	3748	1834	0.669178
3593	4788	1894	1.094254
3641	7262	2086	1.964876
1371	3097	2608	-0.595285
2435	5743	1837	-0.245861
1801	1817	1800	0.197312
2483	6125	2989	0.410886
3689	4478	1898	1.256129
2250	5410	2037	2.077683
3737	7045	2313	1.53587
2161	5252	2993	-1.836706
2040	4499	2392	0.969309
3785	4554	2281	0.996508
2088	7553	2863	2.3857
2298	4855	1966	1.402145
3833	5392	2304	1.114635
3499	5689	1669	1.534364
4946	6620	3277	0.527123
3547	7431	2218	1.644939
585	5227	2172	0.068278
1849	2413	1409	1.226849
2994	7041	2216	1.366255
3595	4180	1693	0.636436
3042	5494	1774	2.149431
3691	3412	4622	-1.183832
1897	997	4696	-1.582471
3739	5281	7252	-0.932772
2708	6651	2324	1.247335
3787	3078	7078	-2.503877
3835	5656	1596	-0.510282
3501	7699	2439	1.376187
3549	6097	1891	1.806405
3597	5807	2770	0.543084
3645	2015	1304	0.460602
3693	1901	1330	0.169976
3741	7688	2388	1.532856
3789	4509	1984	1.134383
3837	6333	1838	1.822234
3503	2481	1227	0.289331
3551	4422	1881	1.080591
3599	2252	1757	-0.270285
3647	3525	2775	0.171744
3695	2120	1911	-0.743959
3743	4501	3840	-0.365321
3791	3011	2020	-0.449315
417	4969	2066	0.941623
1964	6987	2169	1.471562
1419	6274	1870	-0.778367
3839	4256	1460	0.644172
2756	6112	2971	0.741649
2209	3735	3830	0.07608
2556	7025	2919	1.787635
3482	2337	1639	0.053151
3530	5017	2520	0.151529
2257	2335	1821	0.293508
3578	3452	2254	0.028326
3626	6333	2306	1.278173
3674	2751	1705	1.034229
2981	6358	2282	1.138869
3722	4713	1757	1.985239
2012	9476	6012	0.021509
3770	4978	2413	1.282253
3818	5949	3418	0.899881
1098	4201	5710	-1.310214
1146	5510	4346	-0.058191
812	5211	3863	-0.426575
3484	4271	1725	1.450812
3532	5309	1975	0.561987
3580	4304	1948	0.350724
2726	2098	6211	-1.957784
3628	2758	12464	-0.761763
3676	7009	2995	0.58093
3724	3628	1842	0.037792
465	5909	2935	0.580539
1539	8097	3389	0.987697
1587	5895	6176	-0.716401
2136	4499	2365	1.628619
3772	9085	3732	0.516339
3820	3335	1859	-0.026836
3486	6261	2123	1.849759
3534	6119	1730	1.375834
943	7555	2073	0.11918
3582	3532	2097	0.056459
3630	3850	1483	0.609448
3678	4889	1579	1.196475
3726	4866	1660	1.209903
1635	6452	2546	0.897035
3774	2451	1832	0.301811
1923	1089	916	1.010852
3822	6409	2985	0.915109
3488	3226	1734	0.124747
2184	7162	3203	0.904983
3536	4021	7845	-2.166185
3584	4981	12820	-2.160106
3632	4046	14071	-1.80222
2661	4528	2733	0.087671
2531	6525	4146	-0.043485
2579	10769	3146	2.134413
1563	3699	4523	-0.6868
3680	8184	2387	0.861944
1611	3578	4262	-0.925692
1683	6739	3826	0.32581
3728	8650	2141	1.799263
3776	10425	2608	1.859058
3824	6072	1904	0.357591
3490	2759	2274	-0.064881
1971	5649	3562	0.203603
2019	4051	4093	-0.168503
3538	5208	8783	-1.195314
2067	5091	11358	-1.603091
3586	3617	17589	-2.255416
2627	3535	10285	-1.938175
2232	2431	13477	-2.310224
3634	4418	2797	-0.240513
3682	4536	2207	0.831375
3730	3897	2367	0.112957
3778	4441	3193	0.174682
3826	5078	3045	0.727569
2675	7861	2115	2.177224
1659	4995	5325	-0.388755
1731	3182	2490	0.409031
3492	3581	1920	0.776648
2280	5133	9081	-1.385518
3540	6924	3640	0.945432
3588	8887	3732	0.912307
885	6408	2266	1.650857
1779	6567	3190	0.155724
1827	4530	1901	1.566828
1875	4205	5876	-1.126167
1541	4320	2079	-0.244075
1589	5919	2766	0.301811
1637	7120	1963	-0.211602
1685	4693	1967	-0.473707
1733	4327	2494	-0.233427
1781	5190	2248	0.222802
1829	5947	2395	-0.478206
1877	4787	2223	-0.561637
933	3566	1462	1.023237
981	8354	4318	0.433791
428	3788	1968	0.860762
476	8419	2912	1.083433
3636	10235	3716	1.00037
1543	4753	2268	-0.803022
1591	5207	4211	-1.827972
860	2881	1812	0.072837
3684	6618	2482	0.854835
908	10023	2332	2.794611
956	4358	1687	-0.434098
3732	8575	3879	0.743312
3780	8387	4615	0.522989
3828	4330	2121	-0.151282
1004	6235	4765	0.143085
3494	2325	2151	-0.576452
1052	7228	3426	0.962393
3542	4829	3971	0.042491
2604	3211	1591	1.142888
2183	7354	3709	0.492282
513	3811	3734	-0.726465
3590	3501	2179	0.899881
1639	613	1005	-0.460329
3638	5100	1946	1.222948
3686	3324	1559	0.243284
2804	6123	2017	1.640478
1687	6165	3906	0.142479
3734	5471	2374	1.051226
1029	3899	2005	0.413662
1077	5099	2450	0.851858
1125	5550	2637	-0.779891
791	4048	1462	1.51857
839	5396	2593	-0.374425
633	5971	2347	0.977494
3782	5396	3493	0.392648
3830	8011	2402	2.106748
3496	9369	3227	1.043379
3544	6961	2997	1.915684
3592	8347	4183	0.59952
3640	4061	2331	0.154528
3688	9990	3181	1.268392
3736	10709	3954	1.309033
3784	9627	3483	1.092849
887	1970	1717	0.117938
935	6117	3561	0.627147
983	4348	1981	0.973806
1031	5510	2393	1.103338
1735	4898	2103	1.589897
1783	5092	2385	-1.132653
1831	6200	2367	1.427278
1079	5700	2714	0.925965
1127	7390	2841	1.25294
770	3596	1654	0.917346
5095	5903	3196	0.417813
866	5921	2210	1.534364
914	3994	1912	0.804542
5338	3120	1694	0.891032
1010	1616	1851	-0.519639
3832	3157	2274	0.213813
3498	6150	2314	0.924026
3546	4742	1784	-0.202147
3594	6067	2219	1.541869
3642	6815	4893	-0.095163
3690	6418	2056	1.885918
3738	7793	3011	1.567703
2231	4791	2903	0.532472
2115	5628	2411	1.549022
3786	4904	3076	0.521331
3834	5908	1724	2.448754
3500	9260	2940	1.440274
3548	6322	2985	0.583662
3596	6022	5580	-0.551881
3644	9762	4092	0.891319
3692	10725	2462	2.194269
3740	13429	3784	1.784355
3788	3905	1627	0.639759
2852	9991	3942	0.732284
3836	4078	2722	0.013268
3502	9036	3881	0.719433
3550	5452	1878	0.438761
3598	4781	1891	1.574384
3646	2811	1671	0.354163
3694	4672	1823	0.846476
3742	5706	2305	0.970369
1879	6010	3109	-3.046544
2327	6485	4265	0.188669
3790	6477	19311	-1.819314
3838	7332	2701	1.376364
561	5363	1588	2.243875
609	3939	1719	0.190403
3504	7202	1894	1.099621
3029	5919	3112	0.617772
2695	6530	2517	1.33897
2743	8958	2311	1.319361
3552	24796	9495	0.672751
3600	8713	3114	1.323277
3648	16829	2970	2.697872
3696	4740	1985	0.762078
3744	10221	3043	1.597564
991	5463	2917	0.26228
3792	3093	1819	0.563977
3840	5515	1754	0.523817
2163	4634	2754	-0.161086
3841	7473	1943	1.49722
1039	3459	2272	0.437859
3889	1630	1220	0.051825
3937	9092	2503	1.312049
1087	5509	5312	-0.002722
3985	5948	2690	0.953005
2774	6351	2655	0.954352
1058	7430	2096	1.597423
2279	8274	2235	2.483994
4033	2869	1622	0.026966
4081	3498	1676	0.481977
1467	5715	5305	0.244926
657	10561	3243	1.050249
2900	6759	4100	0.32581
4129	3306	2618	-0.92393
2060	8097	4307	0.377431
2108	6392	2114	1.815774
2156	6700	2216	1.406264
2204	5315	2365	-0.015416
2252	6707	2208	1.648172
2300	9876	2780	1.603628
1966	3560	2095	0.55479
2014	4536	1935	1.072494
2062	4070	2448	0.361006
4177	4445	3167	0.156322
3843	924	1158	-0.479334
1707	4837	15270	-2.722757
524	24955	7326	1.066498
2948	5847	4615	-0.436258
3891	2754	2002	0.183447
2996	3409	3669	-0.347356
3939	1277	1060	0.050497
1106	1913	2059	-0.738093
3987	2650	2235	0.200176
2341	1707	3476	-0.630105
2389	3671	7571	-1.150159
2437	4650	11966	-1.606569
2485	6890	10551	-1.183832
2533	4321	11182	-1.585879
4035	10043	2727	1.866111
3044	9214	3597	0.903285
681	6011	2460	1.571775
4083	2869	2088	0.370218
2710	6958	2127	1.126938
2581	4940	1552	1.316742
2629	6822	2177	2.005666
4131	7872	2853	0.954352
4179	6192	3420	0.667387
3845	8128	2705	0.988998
2758	6455	1902	1.478118
2806	4508	1734	1.37389
2854	5207	2071	1.379183
5239	4035	1639	0.736977
3893	5026	2113	1.268982
2110	6289	1604	0.808909
820	12286	5392	0.657659
3941	7251	2092	1.606155
753	3494	1489	0.840765
868	1700	1736	0.600288
3989	4432	3761	-0.028992
2902	7221	4689	0.133347
2375	8974	5496	0.007735
2677	4804	6569	-1.476091
419	2470	1786	0.144901
2211	4571	2237	0.24602
1634	5661	6914	-0.488405
2950	6606	3249	0.491427
4037	2158	1556	0.325306
4085	7210	2332	1.689268
4133	7758	2204	1.930089
1515	5615	2277	0.943801
4181	4837	2570	0.955965
3847	3128	2155	0.33335
1181	4825	1809	0.863713
1922	3471	1679	1.075836
1970	4361	2824	0.754876
3895	3808	2068	0.106695
3943	854	1358	0.226152
572	3141	7990	-1.732662
3991	3088	2297	-0.262077
4039	2636	1709	0.168796
4087	2858	2064	0.724864
4135	5939	2013	1.851954
729	3412	1579	0.694621
4859	4656	2776	-0.029712
620	11351	3011	1.822686
395	3668	1521	1.116925
443	6880	2913	1.03398
1100	6944	10734	-1.331157
1148	3395	9740	-1.186118
814	3346	9006	-2.565571
491	5387	18595	-1.823634
539	6416	5714	-0.164375
4183	3713	3200	-0.182663
1229	6095	1454	2.137056
3849	5362	2128	1.090973
2998	5328	2511	1.059739
3897	5870	2558	0.967983
3945	7950	2455	1.417842
3993	1838	1462	0.30902
3046	6504	3324	0.208153
4041	6632	2852	0.998569
4089	2616	1663	0.386969
4137	6265	3145	0.571503
4662	10472	4240	0.60335
4185	4508	1623	1.532101
1682	3499	1861	-0.163552
5340	4596	1863	1.169498
3851	4960	1303	1.332538
2343	4745	6804	-1.656579
1945	4438	6535	-0.823511
862	4282	1762	0.437408
910	4928	1944	0.222242
958	5693	1451	-0.38464
3899	9051	2419	2.820299
3947	1268	1107	0.048501
3995	4265	2178	0.862829
4043	4673	2160	1.030745
4091	7503	2397	1.594306
4139	5810	1550	1.527409
4187	6623	3074	0.772783
3853	6186	2001	1.309411
3901	8253	2506	1.356402
3949	8122	2324	1.425431
1277	4459	2005	0.570318
1325	5387	1788	1.16863
3997	6436	3371	0.655484
1373	4380	1901	1.100551
587	7286	2571	1.6444
1755	3063	3766	-0.520815
1012	6940	2345	1.970931
4045	2463	1620	0.340833
4093	5588	2574	1.133259
2712	4151	1678	1.423413
1421	5220	1558	1.362325
467	5065	2435	0.93506
4189	4636	1926	1.159903
1469	3973	1747	0.431524
2423	4949	2553	1.005241
1545	5082	2089	0.155126
3855	4865	2084	0.871345
2760	7635	2296	1.961048
2808	6303	2460	1.289016
1006	7180	3220	1.755064
1054	5678	1663	1.851406
1102	4131	2445	0.563579
635	6057	2584	1.425431
3903	8533	3393	1.44868
2791	4688	4792	-1.476091
2391	5117	3633	-0.131161
1150	7527	2205	2.128775
816	9040	3562	1.025495
515	4750	2139	0.707793
3951	8781	2508	1.895939
2018	5174	3336	0.598753
683	4857	1856	1.155732
1517	1535	1002	0.053151
3999	7384	2640	1.01542
563	6494	1858	2.117402
1183	5984	2319	0.711917
4047	8401	2565	1.834028
2856	6766	1982	2.004255
731	7703	2691	1.323462
1803	4835	2779	-1.535951
864	4214	1898	0.323284
1231	7321	2171	2.023932
4095	9796	4195	0.863713
397	9646	2685	1.206354
4191	7614	2229	1.264453
1135	4325	2672	-0.144799
3857	9219	2501	1.42004
3905	10303	3404	1.008051
3953	7201	2557	1.391599
912	7538	2503	1.971321
5344	5057	3027	0.434244
4001	4376	3847	-0.186867
1593	6025	3049	0.578189
4049	6283	2624	1.007796
2259	7767	3556	1.086739
1993	2777	8568	-1.756663
4145	3365	1616	0.824657
2439	6103	3644	0.88355
2041	6807	2636	1.789972
4193	7541	2588	1.227464
668	21349	9016	0.625279
1851	3318	4395	-0.592753
1899	4765	2502	1.053422
1565	5025	1834	1.036958
1613	6862	1455	1.694031
1661	5128	1696	1.425599
1709	1956	3074	-0.887625
1757	4467	1626	2.143386
1805	3948	2125	0.62864
1853	3207	1576	1.096124
1901	3913	1624	1.267999
1567	4045	4006	-1.379947
1615	6454	2814	-1.815013
1663	4745	3229	0.047836
1711	4562	4942	-2.961986
3859	8873	2796	1.217792
1759	3768	2498	-0.073117
2089	4210	2347	0.395476
3907	9042	2526	1.031492
1279	5376	2736	-0.286906
1925	5614	1803	1.598837
1973	4172	2108	0.631245
3955	5848	3468	0.524645
1060	2195	53549	-3.832064
611	6685	3047	1.444074
1108	9980	5025	0.526298
774	4826	1488	1.650723
659	7814	1250	2.600513
2652	8589	2138	1.716384
2904	4496	1297	1.323835
2952	6811	2151	1.27603
4003	8152	1989	2.606616
3000	5599	2039	1.265242
4051	2247	1478	0.17292
4147	5080	1588	1.622292
4195	4602	2715	-0.265717
3861	9746	2646	1.389163
3909	6283	3118	0.497395
2021	5785	18147	-1.895413
2839	7982	5203	-0.510282
3957	2773	1591	0.332348
2471	8950	5216	0.238891
2519	5446	2599	0.669536
4005	2656	1580	0.398764
1641	4952	2544	0.575442
4053	6520	2881	0.628267
2487	7033	4114	1.743763
1008	8598	4265	0.865479
1807	4056	3915	-0.903023
1855	5383	3714	-2.034943
1903	5329	2686	1.81566
4149	5615	2139	0.97802
1327	6932	1451	1.176634
3048	9001	3027	1.21032
707	4123	1921	0.477652
3863	11768	4056	0.912587
3911	8016	3445	0.443706
2822	1477	1256	-0.43302
822	4882	2274	1.224593
2713	5335	2078	1.362504
2761	6577	1659	1.966246
3959	4553	1803	2.231271
4007	3157	1906	0.360519
1375	1958	3112	-0.920415
1689	4332	1826	-0.050076
2887	10102	4033	0.805792
2935	6033	2630	0.884705
2983	5049	3190	0.041151
2809	4356	2353	1.486372
3031	6618	3305	0.342323
2697	10103	3306	0.609828
4055	3219	2121	0.731612
4103	8849	3916	0.962659
2857	8885	1772	2.013535
4199	8561	2608	1.957008
2069	3322	2214	0.27457
3842	7828	1249	2.235689
3890	5660	2650	0.96692
3938	6619	1569	1.614256
3986	4637	2353	0.810464
1569	6043	2952	0.532882
1665	1611	1675	-0.72936
1713	2554	3123	-0.673007
1761	1940	2724	-1.188409
1809	2941	2513	-0.181825
1857	4903	3140	0.299224
1905	1040	1643	-0.557967
1571	4218	5230	-0.426575
1619	4567	9719	-2.166185
4034	3511	2527	-0.265717
1667	2597	4962	-1.457909
1715	3713	15231	-3.39485
1763	3521	3675	-0.588968
2905	7361	2112	1.739967
801	3719	1355	1.65634
716	8343	2412	1.919586
2953	4009	2438	0.954083
4082	3020	2019	0.468945
4130	4017	3425	-0.444944
1811	6252	9214	-0.08522
445	4650	5783	-1.617077
3001	3991	1477	0.572686
755	4345	8359	-1.437106
4178	3663	2928	-0.227268
3844	5576	2365	0.760119
2535	2579	1481	0.416892
2745	3506	2247	0.45441
3049	5273	1942	1.017695
3892	7263	2026	1.656874
1056	6738	2233	1.742785
1104	5283	2225	0.568341
2583	8142	3252	-0.663463
1152	4817	2298	1.542467
1153	4282	1833	0.33335
2793	5256	2355	0.602203
2567	4274	2232	0.474613
764	5432	2889	0.634956
2841	6090	4185	0.45441
2318	4580	6261	-0.766264
3988	2880	1954	0.308507
2137	5414	9041	-0.011167
1737	1902	2366	-0.350328
2889	5421	1784	1.079879
1785	5277	2534	-0.158626
2366	5509	12911	-1.463933
2715	5679	3125	0.456626
4036	3572	2055	0.695319
421	7140	2594	0.986655
849	5365	2589	0.969839
870	4696	2899	0.37311
2158	4245	3698	-0.618363
2763	5577	4238	-1.225797
4084	7393	2731	1.059981
918	4274	2165	0.52836
4180	6423	3172	0.981692
966	4595	1110	1.756754
1730	6738	1677	2.457891
3846	6632	2167	1.206563
897	5774	1931	1.418011
3894	5391	3605	0.105438
2414	4179	2324	0.438761
2631	4592	2269	1.590325
3942	4593	5642	-0.714971
1201	3961	2767	-0.031153
3990	5925	2800	1.057072
5107	9830	5118	0.467632
1471	2134	2925	-0.441678
430	4956	1942	0.937526
4038	2540	1687	0.264965
1062	6590	3465	0.26228
4134	5048	2612	0.835323
4182	5010	2233	0.93506
2811	4277	1624	1.733321
3848	3018	1062	1.238259
3896	5578	2168	1.06914
3944	4749	1532	1.394549
3992	7505	3029	0.877757
4088	8554	2882	0.960522
4184	6738	3718	0.700188
2206	9251	2623	-0.60804
2254	4775	2873	0.464563
1833	5528	1918	-1.732662
1881	4872	2111	-0.841182
2066	4810	4183	0.507122
2114	1208	1382	-0.420171
3850	8633	2028	1.745472
1185	2417	1142	0.681981
2859	7027	1653	-1.29479
3898	6100	2113	2.149594
3946	1394	1055	0.214941
3994	3706	2041	0.085749
4090	9192	2483	1.820765
2679	8516	2766	1.662722
469	7000	2065	1.540073
4138	6062	1609	1.728245
517	4304	2085	0.720454
2345	1168	2820	-0.009049
4186	4497	1879	1.348632
2185	4914	2636	0.42057
3852	262	593	-0.263895
1249	4358	1849	-0.22464
493	5554	2713	0.148521
3900	7610	2351	1.304493
3996	10544	4472	0.709513
4044	8187	2955	1.090034
1297	1772	1251	-0.086743
478	10977	6171	0.249838
4140	3271	1857	0.710201
4188	810	872	-0.132755
2233	4518	14253	-1.77299
2393	1644	1194	0.250926
1345	2689	1966	0.223361
2441	4786	2814	1.407804
2907	5333	1579	1.604612
565	4651	1789	1.70882
2955	5432	2056	1.118981
2117	6365	2372	0.849469
613	5617	2187	0.818511
2489	4942	2584	1.708946
2302	4087	2503	-0.036938
1393	5624	11452	-1.318016
1441	4635	12706	-1.836706
1489	4889	6795	-0.920415
3003	2539	1828	0.213813
3854	8126	2719	1.084379
3902	3811	2066	0.287235
1968	4666	1859	1.499719
1155	5200	2128	1.351349
1203	8825	3701	0.771169
1251	5223	1743	0.846177
1299	7687	3731	0.891319
3051	5698	2955	0.478951
661	5561	2179	0.823738
2717	5456	2125	1.798801
526	5545	2044	1.557891
3998	4458	4235	-0.535033
4046	3035	2023	0.170566
4094	8762	4060	0.498245
4142	1482	1127	-0.244967
1110	4582	3787	-0.020396
2937	4432	2990	0.58093
4190	3862	2017	0.959452
945	4112	1597	1.140434
3856	5442	1870	1.156392
5282	7081	1899	1.231347
5089	6516	2579	0.457069
4995	9272	2738	1.419026
3904	9607	2317	1.683703
3952	3852	2999	-0.170987
4000	8678	3232	0.933962
4096	3177	2312	-0.091327
4192	5100	1860	1.155512
3858	10717	3992	0.78529
3906	5216	2079	0.330341
637	7076	2619	0.861058
685	4481	2198	1.159684
733	4928	2597	0.502905
3954	3791	1765	1.011615
4002	2913	1895	0.491427
4050	4369	2103	-0.298142
4098	8464	3638	0.979071
4146	743	471	0.106067
4194	3066	2179	-0.222018
2537	5230	2785	0.72317
2585	6967	2405	1.565369
1859	6516	4470	-0.575209
3860	7695	2727	1.049026
3908	8083	2772	1.150216
2016	9682	2821	1.77729
1907	3608	2327	1.214478
1547	4140	3299	-1.075736
3956	3704	1955	0.573474
2064	7664	2541	1.908455
4004	8978	3163	1.093552
4052	5291	2013	1.578862
2615	6734	4679	0.096594
2112	4190	3068	0.045835
2633	4143	2250	0.382212
1347	3672	4456	-0.390819
1573	1844	1072	-0.344393
1621	170	587	-1.693897
2681	6036	1543	2.276179
4148	6128	2114	1.162311
1717	1982	1483	0.629757
1765	1966	1435	-0.486129
1813	2203	1232	-0.165199
1861	4171	1947	0.915669
2281	1616	1071	0.923748
2347	4355	3556	-1.693897
4196	9436	2521	1.392815
3862	7227	2352	1.373713
2765	3559	1860	0.602586
2165	4542	4521	-2.282445
1395	6648	2776	0.623408
2663	7778	5589	0.020825
2306	913	1187	-0.100558
2354	3538	3738	0.155126
2395	6195	2039	-1.764793
2443	5043	2120	-0.454807
3910	10317	3419	0.812637
3958	4268	2002	0.635696
776	1142	2452	-1.377173
993	4792	2496	0.97275
2402	4710	5075	-0.342423
2450	7081	5636	-0.20386
2162	4364	3189	0.092142
4006	3416	2147	0.250382
2813	3775	3002	0.256349
2861	5296	3553	0.229491
4054	3787	2659	0.353182
1947	2886	4725	-1.54574
4102	5828	4128	0.07608
824	4844	3490	-0.194478
2909	4334	5637	-1.145754
2498	3628	2430	0.205881
872	3338	1750	1.440439
4150	1822	1095	0.249293
2491	6327	3009	-1.585879
2870	4272	2623	-0.079907
4198	3871	5531	-1.132653
1909	6289	6931	-0.357297
1595	5576	5561	-0.162729
3864	3773	3248	-0.08294
3912	7699	6955	-0.496409
3960	2259	7690	-1.785412
2587	5591	14068	-2.190878
4008	8675	8274	-0.43302
2957	5224	4715	-0.505637
446	1428	1487	-0.451508
3005	4083	1541	0.719773
4056	5200	2360	1.199217
2635	5212	2468	1.399217
709	3829	1500	1.796021
2683	8020	2629	1.882733
2349	3701	1893	0.646738
2397	4893	1994	1.295733
3053	4550	1420	1.704762
2719	3803	1764	0.776327
4104	8327	4355	0.799528
2767	7305	2352	0.612483
1281	997	1441	-0.526715
4200	6092	1551	1.825506
3865	5809	2157	1.375658
495	7288	3048	1.013646
2160	6402	13395	-1.732662
1575	4578	4219	-0.595285
2208	3548	2347	-1.221046
2445	4372	2364	0.391231
1041	3954	1643	1.174909
757	7042	2691	0.998827
2546	4695	2057	0.177027
2815	4985	1697	1.946387
2863	4542	2050	-0.318114
3913	6348	2106	1.65714
3961	5430	2095	1.420378
4009	3199	1739	0.382212
2985	5203	2281	0.586388
2213	4111	2825	-0.495262
494	6008	2960	1.271729
2261	5940	3566	0.369253
1443	5492	3639	0.27881
1995	6412	5885	-0.236078
542	3072	2445	0.734633
590	5831	2662	1.179646
638	3963	2617	0.384593
686	4137	2228	0.679504
3033	6887	2601	1.658073
4057	6285	2326	0.993148
2210	6925	6516	-0.274874
423	4989	2058	1.886236
4105	3831	1568	1.403004
1623	2990	15511	-1.832329
1927	6260	2042	1.190967
4153	2777	1717	0.395005
1671	2688	5902	-1.257238
4201	1303	1479	-0.075375
3867	5741	1992	0.986916
2510	4239	1657	1.690686
3915	6463	3395	0.509224
1491	7726	5859	0.228379
2043	5972	8964	-1.242604
3963	4742	3711	0.090867
2911	4400	3140	-0.059674
4011	6153	7701	-0.857523
2258	2534	15985	-3.528382
2256	2574	1827	0.834413
2304	7010	3014	1.067219
2305	4821	2011	1.160779
2353	5796	3015	0.651121
4107	3184	2404	-0.330681
1089	3604	4316	-1.126167
2091	3722	25550	-2.681084
2139	3464	31352	-3.091664
3869	2061	6912	-2.521119
2187	2681	3864	-0.892732
3917	6352	2764	1.032737
3965	3873	2261	0.294029
4013	5369	3435	0.039137
622	4428	15417	-1.854405
1975	5742	19039	-2.948563
920	3295	6366	-1.055451
4109	2939	4046	-1.32588
4157	3458	2928	-0.537423
4205	3588	4892	-0.468111
670	6138	2554	1.005753
2023	4688	1953	1.322718
718	4873	2689	0.615886
3919	3013	1493	0.432885
4015	2367	1905	-0.016126
1643	5937	3736	0.236135
4111	2458	2283	-0.447127
4159	3138	2245	-0.005529
766	4746	1812	1.145781
4207	2100	2720	-0.301916
3873	3825	1637	1.091208
3921	5382	1749	1.874725
3969	6549	2653	1.494872
4017	4840	1547	1.464478
1691	5441	3238	0.043161
4065	3458	1924	0.822817
4113	2209	1421	-0.236078
4161	2199	1630	0.539423
4209	6514	1941	1.903884
2071	4243	2398	0.122276
3875	4268	1282	1.881349
3923	4105	1954	0.510903
2235	5451	2395	0.465879
3971	4352	3221	-0.126391
4019	5394	2938	0.96346
4067	2995	1875	-0.315237
4115	2594	2185	-0.717832
4163	3512	2261	0.326315
4211	3128	1600	1.160998
3925	2866	1448	0.372628
2959	5437	1913	1.103338
3973	3072	1808	-0.281335
4021	6438	1887	2.403232
2493	3319	2140	1.680454
2541	4761	2049	-0.716401
1205	3715	2049	-0.134353
471	5699	2122	1.327177
4117	5072	4095	-0.249442
4165	2603	2834	-0.690975
4213	3966	2025	0.982478
3007	5095	2176	1.193089
2119	5412	3754	0.558794
3879	4915	1930	1.251142
3927	3427	1612	0.489716
3975	4378	2515	0.481977
4023	4750	4598	-0.623565
4071	3543	2211	0.179366
2589	5656	1771	0.671323
2637	4945	1830	1.888036
1253	8844	2685	1.627796
1301	5280	3024	0.349247
1739	5598	9021	-0.922171
4119	2448	1674	-0.530271
1377	5863	2139	1.244117
4167	3617	1514	1.296115
4215	4858	3208	-0.034764
432	3468	3543	-0.741022
1787	5740	2847	-0.519639
1835	6300	2557	1.5545
3881	4707	6344	-1.190705
2699	6698	2459	1.886978
3929	4322	1838	1.155071
3977	3995	1898	1.117839
734	3287	5853	-1.292242
2283	8147	14162	-0.922171
519	3144	14181	-3.017556
2167	3988	60338	-3.655133
4025	2593	4491	-2.095567
968	3404	2989	-0.047875
1349	4365	2296	0.604496
1397	6993	4012	-0.240513
1445	5205	4498	-0.182663
543	6589	7611	-0.746904
591	4013	2504	0.637175
639	8778	4052	0.844076
567	7727	2073	1.713995
2721	4794	1857	1.51489
615	7950	2658	2.208805
1719	3692	12067	-1.585879
735	6991	2797	1.04682
1493	5601	2104	0.789741
401	3987	2039	1.125125
4073	3522	2641	0.050497
1767	4029	3122	-0.369357
1815	9454	6160	1.383397
1863	4770	5781	-1.863374
1911	5012	2268	1.737019
1577	1323	1762	-1.00647
1625	907	1273	-0.820332
1673	2756	1625	0.912307
1721	2695	1451	0.564374
1769	2978	1542	0.613618
1817	4003	2712	0.485424
1865	3635	1912	0.969309
1913	4089	1807	0.754548
1579	2771	3114	-0.884235
4121	3459	1233	1.502679
2215	5521	2773	0.370218
663	3436	2278	0.061729
711	6651	3218	1.080116
2769	2831	1429	0.375513
4169	5416	2048	1.358201
2817	4084	1976	0.610967
4217	6132	2065	1.527409
2865	1100	1008	-0.274874
1924	3416	6868	-1.045461
891	6515	13192	-1.565608
1949	4380	4314	0.716706
2918	3892	3516	0.225036
3883	5994	4376	0.138228
3931	5819	3380	0.342323
3979	3436	2937	0.144296
4027	4757	4134	-0.526715
2685	3696	1474	0.816042
2351	4672	2436	-1.385518
2399	7387	2798	2.434524
1997	4819	2851	0.421029
4075	3144	2354	-0.050811
4123	4485	1365	0.180534
4171	3638	1381	1.479711
4219	6707	1962	1.696725
3885	2322	2453	0.110457
3933	7435	1527	2.017354
3981	4633	1344	1.426439
4029	2029	1311	-0.005529
2447	4237	2198	-0.643315
2495	7194	2035	0
2543	5347	2129	1.472684
2591	4647	1959	0.164656
4077	5727	1977	1.461403
4125	3157	1376	1.21655
759	4634	2044	1.418857
1723	2530	8473	-1.150159
1771	5292	3493	-0.186025
1425	7087	1832	1.865679
4173	5463	1656	1.961933
4221	4798	1774	1.64129
2913	2438	2447	-0.818746
1473	5096	1927	0.721133
2961	7607	1855	2.099667
3887	5266	5807	-0.504479
3935	6895	4017	0.280923
1819	5253	19339	-2.197147
2639	4712	18904	-2.631322
3983	3544	3274	-0.497558
2966	3422	2132	0.263892
3014	3794	2938	-0.081422
400	2995	2281	0.409031
2045	5310	4673	0.432431
448	8939	2180	2.389359
449	5198	2321	-1.315409
497	6216	1673	1.25314
4079	2849	2154	0.072187
4127	2865	5068	0.445945
4175	2255	2940	-0.904749
4223	4127	2527	0.289331
3866	6559	3021	0.996508
1159	3231	1812	0.426518
2401	6487	4816	0.08959
1972	6500	2796	0.967717
593	7372	2298	1.175772
641	3508	1679	0.792592
1207	11766	4345	1.057314
689	5089	2166	1.227464
737	4952	2761	0.350232
403	5959	2926	0.549962
451	8376	3936	0.741316
3914	7570	3691	0.987697
3962	4081	2544	0.286186
2687	8794	4499	0.494842
4010	2712	3110	-0.98753
4058	5807	3399	0.576227
4106	4477	3398	0.026966
4154	3965	2601	0.187511
1016	7738	3684	0.663435
1064	575	1878	-0.947083
2449	5062	2293	-0.961603
2020	4453	1903	1.205517
2068	8204	2793	2.705469
2093	5116	2087	1.849319
3062	3767	1826	0.646738
4202	4834	1953	1.243311
2728	9978	2947	1.486372
2776	5235	2268	0.91455
2594	3105	6327	-0.904749
2558	5505	5477	-0.410643
1255	4833	2569	-1.44894
2263	6955	2743	1.615924
1521	5092	1896	1.308467
3868	2703	1754	-0.100558
3916	7190	3164	1.058043
1549	6728	2646	1.088388
2606	6797	2015	1.721146
499	5489	2131	2.289225
2497	5796	2619	0.775683
2545	3819	5879	-0.382589
1597	6566	2824	0.765659
1303	9183	3127	1.041161
2330	5784	1872	1.540223
547	5708	2743	-0.243183
2654	6682	3284	1.182435
1187	5109	2758	-0.073117
425	4201	1527	1.432129
4012	5756	1741	1.491261
4060	9613	3761	0.806728
4108	10280	3911	1.029248
4156	10922	3723	1.03398
473	6691	1530	2.058421
4204	3773	2157	0.181117
3870	3559	1924	0.13701
521	6869	2185	0.987437
3918	3200	2525	-0.706436
3966	4482	2035	0.96692
4014	3050	2185	0.004957
4062	4962	2694	0.369253
480	14266	2654	2.322725
528	8872	2315	1.719394
4110	4463	3893	-0.034041
4158	7466	4436	0.365865
1112	9168	4477	0.389813
4206	2738	1402	2.13928
3009	5791	2146	0.984046
3057	5566	1863	1.377246
2723	7511	1795	2.194736
3872	8009	2072	2.204805
2771	7338	2128	-0.732262
2819	1787	1341	0.254725
3920	2035	1641	0.384117
2867	5333	1668	-0.137555
2915	7114	2218	1.759645
3968	8121	2384	1.689526
4016	11315	5436	0.529595
2963	7703	2058	2.156978
1137	4610	1494	1.888565
4064	3197	1750	0.340833
3011	2999	1552	2.202491
1235	7738	2226	0.612862
4112	9163	2126	0.766309
4160	9386	2769	1.291324
3059	6953	2567	1.655139
1867	4311	3803	-1.069607
2725	2117	1688	-0.014706
1283	7194	2043	3.212053
2773	3525	2337	0.113581
2141	5464	20898	-2.024304
2189	5209	17711	-1.797991
2164	7994	5301	0.507122
1929	4703	4628	-0.375442
1915	4328	4908	-0.429792
4208	3606	3924	-0.697973
3874	3371	7564	-2.421864
3922	5583	6694	-1.027727
2821	4616	2750	0.919299
3970	4831	2772	0.524645
595	5994	3248	0.507122
643	7244	2935	1.315243
2378	4479	2194	0.465002
2426	3502	3072	-0.507957
2474	6356	3682	0.24109
4018	5337	4594	-0.324861
2747	6157	4571	-0.913422
2237	5604	7970	-0.533841
4066	4892	7278	-1.102737
4114	4312	10340	-1.652923
2869	1835	1032	-0.038389
2593	7699	2394	1.088623
1581	1109	1638	-0.754306
4162	4077	3918	-0.310459
1977	3695	2342	-1.310214
2320	4441	1449	1.521016
1331	5938	2447	-0.137555
2917	3547	1424	0.724526
2965	6402	1781	1.862645
569	7284	2944	1.023739
803	4543	4266	-0.380542
4210	5205	2752	0.62003
1379	5030	7146	-0.489544
1629	1102	1585	-0.507957
1677	983	1406	-0.244075
2522	3765	3135	-0.09286
3876	8809	3715	0.979858
617	4172	2144	0.983524
3013	6198	1918	1.668536
1351	8694	2080	1.916301
1399	6879	3991	0.515087
1725	5589	12513	-1.349849
4020	9409	8545	-0.566551
2570	8103	6294	-0.389787
2618	4128	8737	-1.141368
4068	9740	2848	0.791959
4116	4792	4462	-0.738093
2666	5097	7703	-1.385518
1447	6982	2441	1.567266
4212	6467	2883	0.850366
2212	5697	2294	1.133034
3878	5759	2919	0.721473
2795	4943	4183	-1.385518
3974	1929	1517	-0.005529
1427	7398	4208	0.819435
4022	4215	2775	0.078022
1475	3956	2345	-0.272118
4070	2956	2321	0.060414
851	5112	4729	-0.246755
2843	7264	4035	0.075432
899	7609	2214	1.793466
2641	5979	4773	0.048501
4118	4618	4122	-0.380542
4166	3196	6562	-1.382729
4214	4987	5197	-0.732262
2025	5038	2971	1.491261
3880	3438	2946	-0.480464
3928	7874	2962	1.338603
1495	6321	2450	-1.331157
2332	9857	3275	1.159903
1523	5638	1708	1.062883
1161	7245	2711	1.065294
3976	7276	3775	0.733963
1209	4157	2158	0.375033
4024	9131	3688	0.888449
3061	5476	2124	1.020218
4072	9328	2718	1.42274
2727	1792	1407	0.222802
1189	6004	1762	1.504233
2380	7796	2556	2.196525
5290	2928	1738	0.169976
2775	6724	1930	-0.798353
739	6848	2468	1.377598
405	3503	2219	0.24602
4120	10370	3367	1.811329
576	18501	6428	0.950307
4168	6995	2994	0.887874
4216	8130	2810	1.31618
3882	6343	2315	1.367858
3930	5792	1810	1.711726
1257	6841	2458	1.757718
2428	8729	3476	1.187989
3978	7367	2141	1.711348
1773	2487	1415	-0.167676
1821	2077	2030	-0.382589
1869	3147	1225	1.198163
1917	2044	1209	0.810464
1583	2700	3044	-0.537423
1631	7848	6063	0.171744
1679	3194	4401	-0.903023
2823	4581	1746	1.57337
4074	3031	1887	0.444602
2871	4840	2531	0.621533
2919	4709	2029	1.466092
4218	4155	2874	0.012578
1305	3687	2973	-0.120067
1353	5475	2824	0.944073
2307	6617	1951	1.910525
3932	9038	4659	0.501213
2967	8276	2383	1.613003
3015	5091	3158	0.310046
3980	8398	3848	0.614375
4076	4860	1950	0.626401
4172	6705	7015	-0.502166
1645	2693	3333	-0.651326
2368	10333	4868	0.283558
2073	7722	3882	1.025495
2285	2557	1217	1.197741
4220	6636	3549	0.549156
3886	3329	3056	-0.533841
3934	5610	3071	0.347274
3982	4925	3229	-0.071614
665	3641	1410	1.308089
4660	9204	3827	0.271911
2824	8267	3046	0.964526
2121	7597	4029	1.108195
453	2958	2341	0.354654
3063	4537	3476	0.037792
4174	4452	4077	-0.449315
1693	7988	2870	0.626774
4222	3707	1836	0.455297
3888	6771	6934	-0.447127
2729	5184	3109	0.593748
3936	11219	4210	1.008816
3984	10035	3275	1.425095
2891	6198	5704	-0.23431
4032	9399	10868	-0.779891
826	2703	1796	0.764358
624	10104	2333	1.655006
5302	10075	1829	1.98754
4854	4638	1830	1.620358
922	5087	2285	1.085559
5105	8770	4522	0.492282
947	7423	1960	1.771958
2825	4156	3435	0.342323
1951	4445	3840	-1.018008
4176	4884	3207	0.228935
1999	5472	2967	-1.768883
1741	7777	3777	1.218205
4224	6959	5208	0.009121
4225	3100	1705	0.779857
761	5160	1589	1.613839
1727	2977	6668	-1.310214
1775	3851	4598	-1.333806
4273	7444	3245	0.491855
2047	4545	3850	0.369253
2095	3304	22146	-2.051116
2169	4818	14788	-2.62166
2260	4414	13020	-2.847211
4321	6373	4694	-0.119279
4369	4975	2342	1.027498
4417	3166	1822	0.085749
1789	5845	2056	1.117153
2873	5350	1670	1.675494
2143	8814	3139	0.841669
501	5970	2252	0.755533
4706	5426	2007	0.341827
597	5692	1150	1.758803
2921	7024	1975	2.142976
4465	5338	2181	1.278173
4513	2837	1149	1.407975
2969	1221	1172	-0.761763
4561	5551	1846	1.369103
4227	5919	1559	1.298979
4275	5992	3490	0.92097
4323	6915	2434	1.18029
4371	6203	2161	1.752402
4419	6101	2072	1.697877
4467	9574	3582	1.592886
1237	7202	2042	1.377775
4515	4233	1740	1.292476
645	5005	1685	1.394029
693	7432	2132	2.220329
1401	4836	2276	0.072837
741	5798	2783	-0.240513
4563	4526	3236	-0.463657
4229	5722	2719	0.812017
4277	10208	5634	0.260128
4325	5310	3640	0.32833
4373	5253	3308	0.221122
4469	4637	2586	0.629757
3017	5689	1984	1.275639
1823	2941	3892	-1.627697
1871	4389	3072	-0.180987
427	4978	2002	1.102642
4517	4227	2372	0.699494
4565	6203	2629	0.906113
4231	6374	2303	1.574239
4279	7777	3618	0.883262
475	5851	1365	2.561311
4327	8207	2729	1.978594
4375	6125	2867	0.871052
4423	6947	2830	1.090503
4471	7292	4312	0.871345
1919	2193	3224	-1.440051
1449	6847	3008	1.347542
2355	6265	3759	-0.142379
2403	1289	1264	0.371665
2451	4613	2117	0.117317
4519	1502	1232	0.152129
4567	8239	6058	0.648566
4233	6843	3605	0.542678
4281	6494	4403	-0.253936
3065	5556	2148	1.198374
4329	3839	1970	-0.370369
407	4955	1780	0.583272
2731	1624	1400	-0.293445
2191	4432	3059	-0.184343
4377	5978	2408	1.507333
2476	4838	2014	0.555592
2524	7885	2324	1.674709
2572	5102	2687	-0.218534
2620	6345	2108	1.473165
2668	8338	2725	1.563029
2334	4925	1702	1.201531
2382	3657	1329	-0.303808
2430	4036	1729	1.640071
2478	3597	2463	-0.229903
2526	4531	1719	1.559802
1018	4943	3671	-0.116134
1778	4488	2507	0.108578
1066	5833	1580	2.181257
1114	7213	2437	1.704635
4425	5143	2030	1.749733
1562	3850	2341	0.291944
4473	4913	3072	0.422404
4521	4453	2119	1.006264
1837	4663	2272	-1.957784
4569	6721	2834	0.9378
4235	5534	2218	1.65754
4283	7616	3480	0.821896
4331	7879	3610	0.747292
4379	5773	2908	0.507122
4427	5875	2310	0.849469
4475	7418	4111	0.916787
2239	5247	2308	0.944888
4523	5309	1885	1.61842
2779	8874	2200	-0.761763
1497	5632	2137	-0.142379
1926	8072	10858	-0.63801
523	4692	6667	-0.92393
1974	6136	4415	0.350724
2287	3153	9912	-2.154064
1953	4340	5075	1.199217
2001	3444	5105	-0.23785
2049	4920	9741	-1.172482
2022	930	1583	-0.367337
4571	4474	5443	-0.421236
2499	5014	2047	1.654472
2827	6339	1800	2.044134
1163	4959	3237	0.286711
2574	7415	3379	1.287281
2939	5681	2994	0.344801
1885	5139	5563	-1.254784
1551	4738	10899	-1.841101
4237	2825	3068	-0.920415
2097	3714	5256	-0.624869
2872	5399	6875	-0.604197
4285	4459	4429	-0.772298
2145	3382	13149	-2.453867
2193	2791	18971	-2.835235
2987	6686	3448	0.450855
828	7569	6730	-0.268455
4333	3878	3619	-0.588968
4381	4171	2453	-0.037663
4429	4245	5636	-1.188409
4477	4020	4922	-0.542219
4525	6096	4320	0.196164
1285	4689	3820	0.193288
4573	5909	2804	0.617772
2875	4806	2391	0.423777
4239	5261	3300	0.236135
4287	5759	5711	-0.553095
4335	8377	5646	0.066972
1333	4245	2589	0.290899
496	4899	3889	0.353673
4383	5296	7139	-0.814002
1211	6405	4563	-0.030432
4431	5532	7638	-1.310214
1259	2349	1761	0.24054
4479	5410	3166	0.791009
876	4314	1948	1.245325
4527	7859	3359	1.077978
544	8936	2214	2.499093
4575	6853	3137	1.261686
2622	5930	2673	1.150216
2670	5069	1921	1.176203
2336	9380	2601	1.477161
1826	45	108	1.158807
4241	7924	2197	1.848108
4289	6702	2543	1.160123
720	9312	3679	1.230122
4337	4646	2107	1.16689
4385	5587	1964	1.453593
4433	4409	1447	1.357122
2923	2242	1747	0.08639
2971	4095	2052	0.611725
924	8263	2169	2.155765
972	4316	1972	0.751586
571	4430	1327	0.461924
1381	5477	2340	0.821282
592	3598	7311	-1.315409
640	3493	8406	-1.709223
2241	2131	7917	-2.067554
2289	2349	29605	-3.60249
4481	7288	4087	0.41597
4529	3556	2497	0.225036
1955	2993	4633	-0.929226
2003	7014	4483	0.200176
1610	5844	17410	-2.556521
2547	9804	4938	0.693923
4577	6464	4402	-0.079907
4243	3040	1637	-0.453706
4291	6302	3190	0.652577
3019	1893	1481	-0.254837
4339	8567	3036	0.78529
619	5202	2421	0.986655
4387	6054	2757	1.276225
4435	6405	1806	1.699028
4483	5293	2102	1.051959
1599	6337	2973	-0.133554
4531	4418	2603	0.415048
1020	8208	3065	1.165366
1068	4331	2515	1.154411
1116	7660	6182	-0.232545
4579	7759	2500	1.731467
3067	7201	3009	1.465608
4245	8512	3224	0.754548
2416	1816	5272	-1.943041
2464	5373	15748	-1.957784
4293	5152	2655	0.816351
1307	6141	2793	1.776344
2051	4218	2882	-1.081902
2733	4836	3304	0.569528
2217	4188	8198	-1.019945
2781	5729	2011	1.569305
4341	3752	1892	0.463244
1647	5819	1557	1.818499
782	5950	1654	2.030742
1695	5284	2739	-0.899581
4389	4662	2189	0.912026
1429	5121	1632	1.998872
1477	5911	2019	1.141327
1525	6353	1682	1.770887
1191	5342	2984	1.074166
2829	5271	6249	-0.027555
4437	2947	1715	0.591043
2595	6887	2442	1.19118
4485	5550	1898	1.385148
2265	3193	2495	0.499094
4533	6496	2556	1.142442
4581	6442	3118	0.541865
4247	3150	1823	0.346285
2099	4628	2168	-1.274587
2147	9341	4562	0.770199
4295	6473	2560	1.254536
1355	7240	2375	1.434962
1743	6073	3827	0.053814
667	4165	2757	0.580147
4343	4005	2614	0.567153
2195	2850	22486	-3.504851
2070	1759	2308	-0.048608
2243	2832	34126	-3.552479
2291	4372	11739	-1.67134
1957	2037	29207	-3.628465
2005	1435	11703	-3.076397
1239	6361	39804	-2.766242
2053	3013	23594	-3.481862
2101	1807	25468	-3.933847
2149	2850	22893	-3.415904
2197	3660	31507	-2.744263
2245	2615	17570	-3.091664
2293	2459	36547	-4.047175
1959	2250	17179	-2.040305
2007	4265	17552	-2.421864
2103	2787	7383	-0.425505
2247	2304	47913	-3.017556
2295	3670	16454	-2.495367
1961	2407	21625	-3.061359
2009	2829	27969	-3.138917
2057	2306	44542	-3.800315
2105	1567	56079	-3.504851
2153	2104	12556	-2.733452
2201	4353	65535	-3.415904
2249	1918	36400	-3.60249
1931	5483	5478	-0.22464
4391	8297	3719	0.902435
4439	7208	3133	0.870174
4487	9604	2239	2.977189
4535	7344	1508	0
1403	7796	3577	1.192665
1451	5363	1534	1.822348
1499	6283	3499	-0.189398
4583	3456	1864	0.616641
4226	1618	1068	0.606785
4274	3188	1913	1.043872
4322	5485	1906	-0.032596
1165	5143	2286	0.553987
2297	5788	2324	2.139691
1213	4870	2372	-0.471465
4370	4338	1853	0.522575
2877	1431	1030	0.539423
1963	3194	43802	-3.933847
2011	3745	65535	-4.175009
2059	2507	23415	-3.552479
2107	3370	22139	-2.871602
4418	4473	3793	0.085749
4466	5414	4073	-0.509119
4514	4693	2334	0.20132
4562	3122	1962	0.440562
2155	4358	6290	-0.889324
4228	1922	3366	-0.743959
1261	5995	2861	-0.164375
4276	7746	2782	1.065053
4324	6043	2618	0.834413
4372	7434	3181	0.753561
4420	2355	1770	-0.055233
2384	9456	3463	1.119666
4468	10770	5557	0.563579
688	3136	5778	-0.954317
995	6503	3462	1.066979
2643	5932	2344	1.24311
3035	9431	3470	0.891032
1791	6140	3134	-0.271201
4516	1821	1103	0.913989
2251	3719	2870	0.204742
1287	5397	3463	0.923748
1658	4758	2136	0.742979
1706	3429	1641	0.754876
1754	4753	2216	0.489716
2701	6761	2349	1.736896
4564	1840	1074	0.436956
1335	5569	2233	-0.490685
1383	2899	3334	-0.277638
4230	4929	1703	1.35424
4278	5656	3454	0.326819
2925	5061	1824	1.181792
715	3777	2262	0.574262
4326	4889	2186	-0.035488
4374	7761	2172	2.23307
4422	3326	2051	0.12967
2973	2027	1238	-0.036213
3021	5134	1524	0.104179
4518	7765	1840	1.571194
4566	3246	1944	1.11119
2299	4873	9901	-2.197147
551	7812	8077	-0.464768
1802	6629	9152	-0.72214
1979	5487	5062	-0.751339
2432	6545	6330	-0.447127
2309	6193	7573	-0.717832
2357	7270	5858	-0.371381
1309	5251	2273	0.952466
4232	5690	1827	1.220064
4280	6105	1958	1.687976
4328	2953	1554	1.072972
4376	9904	3854	0.758483
5097	8866	4352	0.617772
4424	6263	4518	0.038465
3069	5612	2399	0.952736
2735	4432	5504	-0.682642
4472	7239	12453	-1.104844
4520	3527	15048	-1.881556
1431	6941	3276	0.419192
2480	7397	18055	-1.900075
736	6426	3048	1.167978
402	4148	5502	-0.671638
2118	1213	1316	-0.428719
4568	7453	3003	0.781138
1357	6520	4584	0.126596
1405	5733	2709	0.153329
4234	5925	2286	0.905831
4282	3908	2294	0.397356
2749	4915	2266	-0.338493
4330	4937	2666	-0.262986
4378	7071	4116	-0.118492
1453	6589	2252	2.302942
599	4415	2165	0.651485
647	9585	2550	2.353348
695	6229	2087	1.341348
4426	5588	2269	1.587757
4474	3927	2358	0.280395
4522	5482	1724	1.30582
763	4799	2020	1.238664
1850	3019	2527	0.121658
1898	6084	2463	0.692525
1564	4604	3394	-0.741022
4570	4275	12411	-1.549024
878	3104	1810	0.15273
926	6671	2966	1.038938
974	6678	2386	1.138421
1022	5084	2946	0.889023
1070	6158	2517	0.986395
2405	6911	3814	0.480249
4236	5230	1910	1.249741
1501	4139	2113	-0.577697
1167	5673	2619	1.060223
2528	4765	1873	1.134608
2576	6647	3444	1.818386
4284	6857	1836	2.159078
429	4843	1773	1.27681
4332	3872	1724	1.075359
4380	8225	2102	1.723642
4428	8223	5129	0.374072
768	9189	2782	1.763726
769	4295	2210	0.620782
4476	8166	4231	0.754219
2797	6791	2298	1.196897
4524	3565	1667	0.731275
2624	5948	2519	1.154851
1215	7073	3341	0.52836
1263	5623	1895	1.211777
1311	6769	2935	1.222125
1359	6917	4956	0.064354
1407	8945	5080	0.78529
1455	1299	1230	-0.006232
1503	7112	3142	0.023559
1169	5529	5204	-1.249894
1217	5626	2078	0.379824
4572	6691	2599	0.890459
1265	7652	2959	1.372651
2166	3082	2474	0.015334
1839	5256	4736	-0.553095
1887	5363	5220	-0.380542
1553	7015	6857	-0.192782
4238	5262	2163	1.02047
4286	7733	4570	0.496545
477	3143	1979	0.275632
2783	7088	2884	-0.232545
1479	5901	3268	0.539016
4334	5320	3870	0.132735
4382	5596	2987	-0.47708
4430	4188	8359	-1.519848
1527	9956	4443	0.721473
4478	9248	3143	0.992371
2831	1810	1375	0.020825
1313	5471	1892	0.650027
1361	6183	2369	1.577997
1409	4446	2105	0.406241
1457	3884	2043	-0.599095
1505	3408	1918	0.489716
4526	3613	1451	0.494416
4574	5545	2465	0.707449
4240	606	775	0.023559
4288	7857	2111	1.715505
1193	5029	1779	0.601054
573	7783	3960	0.391231
4336	4834	2085	1.712483
4432	6410	3130	0.806104
4480	9871	3968	1.038444
4528	7196	3587	0.550366
1171	6716	3099	0.770845
4576	5514	4642	-0.548247
1601	3115	3817	-0.738093
1219	9054	4325	1.817932
4242	5520	2721	0.801098
1965	5784	4537	1.056829
4290	3987	3272	-0.655355
2845	8297	5425	0.214377
1649	5987	2062	-0.296261
1697	6147	2592	0.844376
1745	4177	2688	0.61324
4338	5428	2592	0.226152
817	16193	6125	2.080828
1118	3924	1976	0.292465
4386	5307	2923	-0.176808
1241	7229	3064	0.811085
4434	3678	1575	1.14088
4482	1799	1515	0.255808
4530	6084	2157	1.449993
4578	5598	2249	0.959987
1793	6073	1995	0.035096
1841	4867	3683	-0.764762
621	3679	2388	0.541052
669	5471	3553	0.128442
2672	9988	1993	2.805785
1660	2825	2019	0.217193
743	10277	3779	1.049271
717	4891	1747	1.418857
5298	4582	1546	1.427948
4244	2568	1295	1.357482
1289	6777	2542	1.751675
4292	8178	3070	0.804855
4340	4065	1849	1.737388
386	3256	1277	1.463993
4388	10006	3513	0.970369
1267	6593	2229	1.112339
4436	3720	1402	1.094722
2879	5967	1637	0.143085
2927	5215	2208	1.679412
4484	4025	1385	1.406948
4532	6405	1601	1.59714
4580	6530	2647	1.051959
4246	4499	1929	0.896465
2013	6090	2555	1.0689
4294	3429	1870	0.211553
4342	5951	2736	-0.571489
1337	5921	1917	1.593596
1315	5356	2646	1.103338
1363	5934	1883	2.113272
1411	6951	4258	0.683746
1459	5471	2247	1.326806
1507	7490	3359	-1.526258
4390	6307	2962	-1.445968
1889	7947	2930	1.051226
2512	5058	1871	1.696597
2027	5485	1944	1.994507
4438	2628	1187	0.378389
2893	7560	2238	1.27603
784	3086	2518	0.567945
2975	4223	2010	-0.020396
4486	4314	2558	0.499094
4534	6279	2593	0.89618
1555	3100	5665	-0.859171
4582	6395	2957	0.872513
865	4051	1829	-0.017547
2061	4309	7750	0.077375
2109	4687	9282	-1.77299
4248	713	1105	0.312094
4296	8417	2518	1.21655
4344	1086	1126	0.122895
434	2982	1939	0.527535
482	5373	1468	1.687718
1173	6067	2140	1.076312
1221	6309	2406	0.709513
1269	6954	2072	0.900449
530	5607	2177	1.407633
4392	5896	6830	-1.012223
578	5172	2518	0.998054
2453	7632	3152	0.979858
4440	5559	2202	0.90696
3023	1604	1375	-0.313323
3071	4090	2551	0.068278
4488	4907	1562	1.529077
1385	6599	1698	1.96781
626	4892	2388	0.495268
4536	2888	1125	1.422908
4584	4045	1787	0.653668
1708	9178	2414	2.283401
880	5861	3003	0.728244
479	5342	2563	0.827411
1433	1114	933	-0.120067
4249	3058	1431	0.691126
674	3680	1228	1.631494
2157	4371	2489	0
2205	6643	2143	1.655673
2762	5006	1543	1.213855
4297	3764	1529	2.309418
4345	2163	1774	0.225594
4393	5671	2139	1.377775
4441	1615	1213	0.082536
1043	3410	2454	0.365865
1317	5696	1932	1.189905
722	4648	1692	1.097291
388	1378	1097	0.376473
4537	1743	1214	0.730602
1365	7875	3052	1.772314
1756	5157	2513	1.31824
1804	7087	2892	1.430793
4585	2609	1617	0.197885
2501	5740	2976	0.672751
1852	6751	3175	1.186283
1413	3602	2993	-0.18015
2941	4181	3826	-0.294383
4251	2586	2237	0.386969
928	6460	3335	0.587165
4347	3710	2837	-0.047142
2549	5439	11268	-1.987937
2338	3295	14689	-2.512461
1024	5610	6572	-0.809282
1072	3357	2782	0.323284
1120	8646	5353	0.234478
5099	4714	4695	-0.193629
5101	8026	5789	0.107323
5103	6094	5389	-0.148035
930	3997	4651	-0.449315
978	4814	4632	-0.327767
1026	4448	6586	-0.448221
788	4494	6912	-0.786007
836	8107	6969	-0.261169
884	4286	4297	-0.328737
932	4755	2520	0.931487
980	2200	2407	-0.321
2075	6057	8156	-1.347157
2253	1974	14034	-3.122917
2301	1991	23467	-3.528382
1603	5930	5350	-0.154539
2123	11267	4272	0.728918
2642	2933	2489	-0.659401
4443	3426	2914	-0.618363
2308	4708	3406	0.354654
2171	5494	12106	-2.172301
1091	7746	4098	0.954352
2219	5359	3953	0.26228
4491	3528	2413	0.25797
2810	1752	1390	-0.282261
2356	4613	9241	-1.460916
2214	2572	6254	-2.089902
450	4324	5235	-0.732262
2262	5242	3705	0.318722
2267	7494	3373	0.719773
1461	5559	2461	1.131457
1481	3023	1081	0.429252
4539	2587	2449	-0.340456
4587	2226	1352	0.486713
1529	7184	1643	2.030467
4253	1931	1482	0.029684
1195	3479	2719	-0.292508
939	6734	1929	0.734298
4301	3790	1659	1.356402
4349	1944	1581	0.250926
4397	1803	1304	-0.175974
1509	3666	1584	-0.032596
1175	5280	2045	1.375481
1223	6979	3175	-0.255739
1271	5053	2477	0.815114
2597	5019	1495	1.448352
2645	5352	2319	1.167325
4445	2870	1594	0.485854
1651	5327	3214	0.536975
575	4959	2405	0.439661
4493	1942	1262	0.383641
4541	2459	1151	0.557995
4589	4117	1656	1.289208
2858	1670	1594	-0.152095
1243	10215	5916	-3.864854
623	4486	1587	1.07345
1319	6799	3182	1.163621
1367	3979	1445	1.783533
1415	8274	2949	1.22951
5296	6383	2232	1.052691
1291	2958	2848	-0.106759
1699	6015	7798	-1.245028
1747	4826	8951	-1.221046
4303	5134	2024	1.19753
4351	3473	2503	0.123513
1339	6706	2622	-0.497558
719	4185	2459	0.484133
4399	4004	2007	-1.23057
767	2988	1540	0.943801
4447	5777	2918	0.973542
2906	1497	1445	-0.052283
4495	1795	1846	-0.011167
4543	3758	3004	0.189825
1933	4127	20356	-3.031945
1981	3805	6997	-1.579076
2029	2682	2492	-0.401204
2077	5000	9026	-2.296238
1967	2648	6354	-0.820332
2125	4452	13075	-2.47856
4591	3228	1548	0.421946
1795	6200	3836	-1.199943
2311	6267	3712	0.648566
2359	4582	3946	0.013268
1463	1688	1416	-0.034764
458	3016	1373	1.319921
4257	3400	2096	0.701229
4305	4225	2089	1.029248
1387	6246	2593	0.307994
2954	3180	1410	0.801098
4353	4287	1755	1.105191
4401	4097	1532	1.142442
3002	5539	2018	1.978401
3050	3741	1898	0.959452
4449	7027	1767	2.35122
436	8409	1716	2.770611
1511	6317	5551	-1.42541
484	4770	1306	1.355502
498	6262	3766	0.504594
1154	3993	2726	0.601054
1202	4964	2936	0.30336
1250	6105	4723	0.253641
1298	5835	12868	-1.434169
2386	5571	3519	-0.275795
2434	5457	3500	0.132735
1900	3636	5029	-1.156804
1566	3737	9372	-2.44577
1614	5616	13634	-1.836706
1662	3358	15066	-2.744263
1710	1316	1343	0.791009
1758	3795	15015	-2.744263
1806	3563	12135	-2.847211
1854	4052	6893	-1.849951
1902	4792	4066	0.182283
2173	4455	8057	-0.829901
2221	7122	7737	-0.455909
2269	4213	5736	-0.943486
2407	6908	2875	0.816351
2455	7915	3386	1.078216
4497	4194	1435	2.143304
4545	5510	1538	1.712357
1346	7146	2073	1.965757
1394	2919	3126	-0.480464
1442	6253	1912	1.831232
1490	2936	4213	-1.031641
1156	5861	4703	0.206449
532	5550	3175	0.406241
580	4400	1967	1.638036
1435	7046	2423	0.043161
4593	3316	3117	-0.587709
4259	3091	2395	0.244379
2560	8807	4168	0.796066
4307	4611	2342	0.925689
2015	5966	3650	0.504172
2503	2878	1852	0.54349
2551	6630	2299	1.05391
2599	5502	2217	1.267606
2647	3716	2376	0.631245
2313	1363	1456	-0.164375
2361	4847	2397	0.277752
2409	4602	2322	1.001398
2457	5012	2230	-1.443005
2505	6004	1986	-0.106759
2063	3758	2669	-0.772298
4355	3944	2321	-0.139964
1935	7114	2693	1.391773
546	5124	3089	0.626774
1928	429	907	-0.733717
2989	4260	10542	-2.788715
1976	3192	3398	-0.505637
2024	6498	9430	-0.769276
1028	7244	2363	1.628893
1076	4006	1952	1.38986
2482	3338	1921	0.398764
2530	3889	1994	1.05877
2578	5428	1999	-0.742489
2626	4525	2155	1.395761
4451	3916	2552	-0.171816
506	3595	2203	1.106809
2716	8866	2332	1.649784
1124	7459	3351	1.055127
790	3823	1711	1.354059
1483	5215	2550	-0.72936
2674	5721	1807	1.002424
2340	3862	2591	0.797012
3037	6586	3438	0.546327
2703	4312	2268	0.475917
2751	8034	3759	0.43831
2799	5038	2333	0.355634
594	3789	1482	1.079879
4499	2270	1506	-0.34538
4547	3986	2801	0.37311
2553	4687	2852	0.598369
4595	4095	2249	0.116073
1983	4979	2495	0.695319
2031	7035	3735	0.667028
4261	2882	2082	0.26228
4309	6404	2761	0.812017
1204	5253	2910	0.510064
4357	3698	2084	0.709169
4405	4318	2008	1.002937
4453	5347	2026	1.421897
4501	2552	1718	0.646372
2388	6967	2709	1.386197
2079	5858	2485	1.149773
4549	4299	1170	1.660068
4597	5443	1893	1.48874
2436	5843	2754	1.20405
4263	2551	2393	-0.547038
4311	5961	2675	1.429623
2601	4305	1627	1.378303
2649	6434	2552	1.17318
2812	5201	2087	1.414281
2404	4345	9481	-1.50086
1139	4546	2360	0.517589
4359	3788	2873	0.28461
4407	4534	3213	-0.268455
4455	4826	2601	0.429252
4503	2209	2345	0.070234
4551	3107	3008	-0.079907
4599	3924	3287	-0.635368
4265	5203	2581	0.777612
4313	4108	1963	0.927625
4409	5349	2429	0.791326
1568	8759	4920	0.292465
2608	5038	2254	1.079404
2656	9043	2255	2.366415
2111	8051	4169	2.794098
2860	4314	2741	-0.005529
1252	2036	2763	-0.387725
4457	4896	5960	-0.617067
4505	3557	2409	0.132735
2847	8559	3243	0.952736
4601	3901	1788	1.416995
2159	4686	3710	-0.178478
4267	3242	2253	-0.111436
2908	5903	2205	1.212609
2127	6334	2185	2.044225
4315	4126	3183	0.560392
4363	4112	2626	0.534521
2895	8022	2299	1.488898
2315	4989	2121	1.693646
2363	5864	2594	0.661273
2411	5527	8508	-1.323252
2207	7136	11118	-0.471465
4411	4528	2886	-0.733717
4459	4335	3705	-0.246755
1531	8321	2207	2.321697
4507	1588	1159	0.116073
1197	5248	1608	1.383573
1245	6014	1470	1.773145
2956	8301	2440	1.915478
3004	1918	1618	0.103549
4555	3281	2482	0.095959
3052	2529	2100	0.25743
2718	4195	2098	0.971957
2766	2316	1413	0.498669
2814	3924	2477	0.602586
4603	2388	1957	0.192711
4269	5815	2871	0.950847
2862	1928	2824	0.773429
4317	2194	1338	0.159902
4365	1622	1119	0.146109
1616	5810	5028	-0.021824
1664	7709	4863	0.116695
1760	7990	6784	-0.300971
1808	8387	2945	1.687201
4413	6545	1598	2.119586
1300	6540	1732	2.184644
4461	5137	1839	1.574674
1348	3492	1764	1.221507
1396	5943	2787	0.754219
4509	2970	1597	0.755205
628	5232	2643	1.044855
676	4992	2406	0.761425
724	6833	2561	0.494416
390	5718	1905	1.346088
438	3574	1878	1.675102
1444	5961	2102	2.327508
1843	4690	46578	-3.970215
1492	9895	3019	0.854537
4557	1676	1168	-0.073117
642	4274	2076	1.761087
602	2710	2018	0.058439
4605	2390	5553	-1.849951
4271	3118	5643	-1.012223
4319	2382	3319	-0.393923
1856	7251	4915	0.073486
1158	3356	1665	1.52665
2322	8711	1795	2.009046
1904	4544	5790	-1.067573
4367	3819	2216	-0.191088
4463	1481	1818	-0.361301
1570	5344	2745	1.496282
4511	5160	2271	0.975915
2484	6415	8173	-1.016076
1206	4755	3082	0.006347
2943	7207	5206	-0.424436
2991	7510	4260	0.30026
1891	5543	18690	-2.766242
2255	3076	6306	-2.073094
1557	2403	2312	-0.243183
690	5630	2045	1.185643
2175	5851	3842	-0.143992
2303	4135	6924	-1.310214
4607	3340	3100	-0.044946
2459	7920	4207	0.31923
2507	5006	2318	0.564374
2555	6105	2433	0.624905
2532	6316	2130	1.823476
1605	5068	4516	-0.458116
4250	5520	1943	1.338603
4298	5130	1911	0.762404
2580	6255	2867	1.24311
1618	4146	8868	-0.857523
1254	5070	2094	1.528319
4346	3394	2215	0.369253
486	8644	1937	2.39275
534	5992	2024	0.748946
1666	5140	2062	0.28461
1714	6257	1530	1.707554
582	3854	1776	0.567549
698	2711	2089	0.289331
4394	3925	1919	1.254735
1762	4844	2605	0.008428
2603	6663	2576	1.070099
2651	5338	2186	1.325321
2317	5405	2319	1.675102
2365	4839	2438	0.246566
738	3929	5637	-0.787542
2910	5915	5646	-0.326797
4442	3253	2373	0.002172
4490	2262	1814	0.171744
1946	5276	2825	0.782737
1302	5764	3538	0.531651
886	3781	4754	-0.716401
934	5158	3110	0.515505
3039	9412	3057	1.066979
2705	8911	3163	0.988738
4538	4279	3740	-0.069365
1994	3981	65535	-3.504851
1350	5683	4849	-0.110655
2072	7684	5367	0.160498
2042	3570	8410	-1.709223
2090	3925	9026	-2.650931
2138	2920	15576	-2.414021
2120	3608	10097	-1.357968
2168	2797	3273	-0.527899
1653	6678	2402	0.565963
2753	5223	2600	-0.026836
2801	6192	2060	0.648932
2849	4970	3406	-0.02111
2897	4752	2086	0.837443
2945	5904	2533	1.145115
746	3171	1846	-0.031153
4586	2074	1363	-0.071614
2993	5983	2598	0.901017
4252	5986	2623	0.871345
4300	7460	4732	0.244379
2223	2052	8377	-1.849951
4348	7365	3683	0.625653
4396	3193	1731	0.395005
1810	7013	2546	2.472561
1858	4114	2443	0.832895
2452	6509	3582	0.376473
2500	3679	2331	0.388392
4444	3542	5056	-0.793705
4492	3680	2558	0.087031
2413	5259	2028	0.669894
2676	7903	3295	1.144002
2342	5171	2361	0.703652
2370	7229	2951	0.962659
2390	5209	2143	1.256328
2461	5175	4467	-1.32588
805	5118	2352	0.663075
2234	3523	1958	0.217755
4540	5306	1989	1.433797
4588	3262	1882	0.360031
2509	4903	1862	-0.109095
1906	7456	3154	0.853645
4254	2334	1476	0.13579
4302	5089	1896	1.389686
4350	3712	1725	1.842035
4398	1639	1476	-0.061902
4446	2737	1623	0.611725
1398	7977	3229	1.267409
1446	5550	1948	2.121179
1494	3557	4018	-0.201292
1160	4463	3368	0.509644
1208	7911	2469	1.645074
1256	6362	3130	2.002558
630	5262	2686	0.893037
4494	4364	1869	1.621187
3041	6030	3007	0.772138
2707	6239	2358	1.076312
2466	5223	2155	0.502482
404	3757	6532	-1.010301
4542	4785	2414	0.926796
4590	5070	2088	0.962926
1293	4382	2506	0.778575
4256	7011	2558	0.961858
4304	7583	2623	1.402832
4352	8486	3785	0.556794
4400	6055	2626	1.021477
1572	7805	2692	1.362862
2271	5315	2100	1.337687
2557	4898	2962	0.561987
2605	5722	2701	0.752245
4448	7957	2529	1.159027
4496	4969	3508	0.132123
4544	1096	1081	0.489288
1937	3546	26597	-3.314808
1985	4860	8967	-1.479154
4592	4485	6600	-1.075736
4258	4185	2047	0.71773
452	3615	2467	0.174095
500	3943	2451	0.488859
4306	3605	2049	0.900733
4354	4707	1883	1.783533
4402	3540	1798	1.041408
4450	5672	2123	1.960064
4498	3868	2076	0.789106
2514	4981	1526	1.444403
1620	7042	1939	0
1668	6825	2433	1.329768
1716	7455	2517	1.357841
1764	7686	3102	1.286895
1812	9525	3062	1.597989
1860	11597	4650	0.83411
1908	5104	1794	-0.192782
1304	7480	2014	1.091912
4546	1961	1440	0.422862
1574	2267	2109	-0.458116
2958	5600	1782	1.876973
3006	7191	1971	2.362539
1701	4051	1845	-0.314279
4594	6074	1842	1.451631
1341	6390	2462	1.156831
1389	4512	1814	0.920413
1437	6861	1949	1.603347
1670	2238	1999	-0.368346
678	5811	1395	1.794047
4260	6293	2313	0.95838
2438	3000	2101	0.273508
2486	3772	1852	0.893895
2534	2873	1568	1.365006
2582	4810	2172	-1.077787
2630	4064	1989	1.626423
2678	5307	1754	0.972485
2344	6389	2520	2.019304
2392	10609	4098	0.894467
2440	3843	2200	0.617772
2488	3257	2601	-0.312367
2536	6098	2084	1.311296
4308	3580	2201	-0.030432
1352	3097	1899	0.713972
1400	7708	2698	1.617034
1448	3360	1853	-0.567783
4356	5463	1969	1.123536
4404	4768	12331	-1.419613
853	5744	2209	1.226439
4452	2435	1318	0.895609
1496	9129	5981	0.111082
2216	6461	2849	1.287859
2264	8421	2835	0.804542
4500	8781	1979	1.378479
1485	5469	1555	1.723892
412	3311	1583	1.065053
2653	5989	2547	0.860762
726	3518	2023	0.633102
392	4806	1343	2.03787
1162	5402	1744	1.474445
4548	5835	1702	1.397318
1718	5706	2097	1.361609
1210	9641	3184	1.158588
460	1928	2267	-0.352314
508	5730	2125	2.417226
4596	3909	2118	0.285136
4262	3993	2539	0.329839
4310	3212	2105	0.348261
2282	8347	10185	-0.545831
1533	7072	1868	1.529834
2319	8627	3144	0.944345
1258	7842	1969	1.434296
2367	7511	2777	0.987176
4358	3543	2326	0.029684
2584	4594	3317	0.795435
1797	2894	2637	0.600671
1306	4231	4427	-0.643315
2632	5624	9677	-1.305046
4406	6353	4164	-0.070864
1199	5084	3860	1.010343
1845	2881	23655	-3.223
1893	2269	18685	-3.258718
4454	4249	6005	-1.033603
4502	4620	2899	0.693923
4550	3906	2253	0.383165
1948	4019	4545	-0.736633
2920	6021	2669	0.834413
987	5156	2979	1.035967
1559	4874	1288	1.769579
1766	4120	2579	-0.107537
1814	4060	1983	0.709857
1862	4009	2163	0.544301
1910	8250	3566	-2.296238
4598	4784	1953	1.114864
1247	4808	7749	-1.42541
4264	6873	3256	0.700535
4312	9014	3478	1.070579
901	6691	2052	1.529682
2562	1698	2124	-0.163552
4360	6429	3791	0.279338
4408	6035	3864	0.286711
4456	8070	7556	-0.329709
4504	7554	2937	1.463669
4552	4405	2122	0.773751
982	5553	2254	1.128974
2033	4658	2781	-0.161086
1996	4327	9355	-1.610059
913	3202	9859	-0.690975
2044	6532	6600	-0.548247
2092	5207	7921	-1.440051
2140	5825	6101	-0.660753
4600	7772	6044	-0.061902
2548	4616	7803	-0.980053
4266	3097	3480	-0.619661
4314	4676	3206	0.256349
4362	3533	1982	0.905266
4410	4935	1821	0.662715
949	4170	1465	1.438617
4458	4417	1675	1.576842
4506	4091	1803	-0.216797
4554	4596	1645	1.397836
3054	5408	1524	0.744308
2081	6799	3024	1.043379
4602	4292	1681	1.034726
4268	4572	1881	0.871052
4316	9543	2460	1.862428
556	4569	4973	-0.837946
4364	9221	1910	1.935854
4412	7658	1917	1.351168
4460	5639	1310	1.629304
1295	3280	2166	0.458837
4508	8081	2591	1.061433
4556	6376	1913	1.40575
440	4586	1934	1.318614
4604	6721	4097	0.276692
2188	3347	3148	-0.358296
2129	2509	22636	-3.061359
2236	2871	27573	-2.847211
2284	2687	20682	-2.166185
4270	3207	3006	-0.214196
4318	3322	2008	0.500789
4366	4097	2246	1.120122
1950	4633	4678	-0.490685
1354	8059	2257	2.118242
4414	4399	2029	0.975388
4462	4516	1803	1.165148
4510	5467	2209	1.260696
4558	4341	1848	0.97802
2596	1591	1011	0.374072
2680	7108	2340	2.024762
4606	3548	1634	1.118296
4272	5755	2234	1.033483
4320	4564	2322	0.577405
2720	8366	3030	1.162092
1998	3430	2455	0.828632
4368	7321	1885	1.650589
4416	3480	2211	0.077375
4464	5172	2413	0.777291
4512	7311	2747	0.753232
2968	7134	2542	1.221713
3016	8447	4401	0.522989
2346	3977	7975	-1.823634
1343	5388	5453	-0.648648
1391	4194	2585	0.098496
1439	5531	2601	0.339839
1487	5618	2488	0.372628
1535	4080	2063	-0.239625
2394	5533	2849	0.707104
1030	5105	3582	0.484563
997	3928	3354	-0.09286
2046	5239	3017	0.591816
1576	8487	3961	0.773106
2442	3693	1722	0.989517
2644	7657	2480	0.943257
488	4819	3079	1.192877
1402	3369	4220	-0.051547
1607	5635	2789	0.094689
1450	5859	3865	0.310558
4560	3156	13350	-2.503877
2310	8845	6396	0.059756
2358	5880	4052	0.50375
2406	2476	1740	0.220562
4608	9495	3850	1.089799
4609	3365	1617	0.002172
2610	4862	1572	1.429623
4627	2899	1801	0.449072
4669	6978	2248	1.452776
4709	7038	2792	1.10241
4725	2659	1774	0.286711
2415	6703	2593	1.750219
4765	4611	3137	0.336849
4805	3381	1343	0.447287
4821	2565	1799	0.080604
2094	5957	4169	0.966389
2177	4132	5862	-1.972746
2142	4369	2860	0.999856
4611	5377	2710	1.027248
4629	4121	1892	0.398764
4671	4879	3098	0.40251
604	4760	2127	0.047169
536	5907	2574	1.508416
2768	7068	2059	1.989071
2816	8504	2112	2.218354
584	5204	2149	1.224387
2864	5813	2452	0.651485
961	2944	1524	0.283558
4711	7017	2122	2.206884
4727	2336	1300	0.332849
4767	8281	4698	0.44818
4807	6425	2483	1.48732
4823	5033	2586	0.330341
4613	8850	2410	1.950172
4631	3694	1643	0.499518
2912	7075	3639	0.542678
4673	6623	2492	1.232163
4713	5337	2086	0.079959
4753	7232	2568	1.405921
1057	12001	2078	2.616366
1105	4292	1787	0.882683
4769	1413	1767	-1.03754
1498	5745	2681	0.042491
1164	1545	2057	-0.47483
1212	7401	3480	0.647104
1260	3465	3562	-0.291572
1308	6631	14082	-1.693897
1356	4067	2744	-0.045678
1404	6856	2658	1.246732
771	6380	2679	0.734969
4809	3943	1469	0.956502
4754	6250	2257	0.864008
2960	2541	1921	0.037792
652	5588	1754	1.171666
5304	4947	1827	1.211985
4615	7083	2220	1.339153
4657	4858	2429	0.565169
3008	8948	3120	1.204469
1452	1070	1813	-0.74838
4675	3374	1986	0.178782
3056	6416	2290	1.645344
4715	4087	2421	0.752574
4755	13622	2297	1.737511
4771	1901	4189	-1.232965
4811	7428	2241	3.087428
1078	5071	4357	-0.019683
1126	4093	2591	0.283031
792	1865	4675	-1.957784
840	6633	3972	0.414124
888	6138	2963	1.305441
5336	4277	1661	1.324206
984	2064	1260	0.130284
1032	7112	3159	0.905548
1080	5631	2547	0.765984
1500	2616	1938	-0.064135
680	4513	1996	1.038691
728	7110	3187	0.964526
394	5192	3293	0.17995
4851	6849	3204	0.86783
4617	4514	1777	0.599904
748	2519	1607	-0.761763
2190	5354	3418	0.433791
4659	7764	3001	0.935335
4677	4913	2851	0.414124
4717	5240	3471	-0.069365
4757	7153	3082	1.085087
4773	1422	2405	-1.132653
2770	5352	1612	1.742907
4813	2494	1575	0.746961
4853	3291	1862	0.374553
1178	4510	2268	-0.229024
4619	6242	3575	0.544707
4661	6359	2513	1.239676
414	2598	1796	0.847076
4679	3050	2038	-0.061159
4719	6347	2945	0.645639
4759	6603	4165	0.384593
1930	7028	1954	2.212635
1978	3470	2672	0.593748
2026	4948	4631	-0.162729
4775	1202	2435	-1.610059
2225	7146	2142	2.044768
2273	5324	3049	0.764684
2074	4893	2761	1.226644
1939	7404	3372	0.875138
4815	3401	5218	-0.337514
4855	7612	3145	0.988217
1655	834	1221	-0.073869
1703	7769	7377	-0.268455
1226	6433	1925	2.490211
4621	7490	2078	1.707934
2818	5394	2092	1.080828
1751	1557	1346	-0.084459
1045	8779	3324	0.805479
1987	10977	3187	1.363756
2035	10197	4288	0.895609
4663	4260	2924	0.411349
1093	8019	2493	1.282834
462	8818	1474	2.456214
510	3240	2181	0.633102
4705	4047	1863	0.175855
2866	5066	6591	-1.195314
2083	5054	9265	-1.410979
2238	3124	13663	-2.538664
2914	3688	10404	-2.11276
2286	6337	18460	-2.178455
1799	4143	10557	-1.320631
4721	3593	2236	0.524231
4761	8055	3214	0.94135
1624	3779	3078	0.375513
4801	5213	1515	2.055204
2454	5575	5922	-1.154584
2502	6341	5396	-0.370369
2550	5050	7148	-0.815581
2598	5136	17313	-1.881556
4817	2201	1475	0.475917
1952	6839	3011	1.010343
4857	6762	2146	1.716761
2463	6299	2836	0.738648
2000	10668	4364	0.971692
2755	8002	2973	0.935883
4623	6606	8126	-0.825105
1128	8052	4437	0.461484
2511	4015	1979	0.275632
4665	4410	2304	0.88355
4707	8750	2417	1.711474
2131	4898	7709	-1.422507
4723	3036	1558	0.267642
548	4067	2139	1.289593
596	4388	2315	0.479384
819	7481	3252	0.884705
644	4221	11679	-2.331578
4763	6011	2836	1.227464
4648	1101	866	-0.072366
4625	4558	1730	0.291944
4667	4110	1614	0.760446
