1	2.426501
2	0.096718796
3	4.8580256
4	1.2596604
5	1.1361228
6	0.8258738
7	2.4188907
8	0.34806377
9	3.8713398
10	0.18693191
11	0.1371984
12	1.2923211
13	1.2682091
14	0.49228024
15	1.5096226
16	3.0703306
17	1.8537437
18	1.7035487
19	1.1796367
20	0.6092953
21	1.3205491
22	1.3138084
23	1.1840383
24	0.4383159
25	1.9833715
26	1.2873286
27	4.7667637
28	1.1440477
29	0.2986023
30	1.1742284
31	0.91584885
32	11.079719
33	1.4487976
34	1.497715
35	2.171898
36	0.1573765
37	0.74626523
38	0.4961826
39	3.1965723
40	0.32650664
41	4.3735795
42	1.9437376
43	0.6099776
44	1.42292
45	9.677817
46	0.08467131
47	0.9342596
48	3.0060859
49	1.4622402
50	2.0085893
51	0.3639956
52	2.145677
53	1.0289664
54	0.7767074
55	1.2124355
56	1.3734547
57	0.94998807
58	0.31638086
59	2.178091
60	9.986646
61	0.15029383
62	0.6418503
63	1.9678849
64	1.3149613
65	0.3388714
66	0.030649472
67	0.5997085
68	1.6426002
69	1.2133572
70	0.038453583
71	1.5822397
72	0.8931583
73	0.11105059
74	0.29916832
75	1.3235277
76	0.16551015
77	5.0888333
78	5.2006216
79	0.45436844
80	0.4430232
81	0.9490611
82	0.6399682
83	4.513144
84	2.4569447
85	0.11783849
86	2.7528589
87	1.2958636
88	1.1435072
89	0.40844813
90	0.55429727
91	0.08833254
92	0.54799855
93	0.53275675
94	1.1479545
95	0.14334854
96	0.6863981
97	15.903157
98	0.8128606
99	1.5191282
100	1.1154783
101	0.6897157
102	2.9703143
103	1.7847245
104	2.2658474
105	0.675188
106	0.72713363
107	0.33970648
108	0.44318122
109	2.8760893
110	1.2333914
111	3.3666391
112	0.6835107
113	2.4235141
114	0.33642223
115	0.19474848
116	1.2716496
117	0.096093036
118	2.2137651
119	1.0743412
120	1.3401208
121	1.6156158
122	0.4419686
123	1.8934973
124	0.58566844
125	0.8464323
126	3.3419726
127	1.2745318
128	0.81940097
129	1.0876923
130	0.6283395
131	0.3220576
132	2.0576632
133	1.9836354
134	3.8398004
135	0.6491329
136	0.44528475
137	4.41842
138	0.5945873
139	2.696656
140	2.0382924
141	2.2479544
142	1.0383742
143	2.1485476
144	3.405269
145	0.9728263
146	0.672401
147	2.3122811
148	4.7601647
149	1.237318
150	1.3382555
151	0.634958
152	1.8871399
153	4.4537187
154	1.0089545
155	2.8669846
156	2.5554314
157	1.1916016
158	1.538557
159	2.0422535
160	2.4022448
161	1.5346642
162	0.2137123
163	19.28479
164	0.8794822
165	3.7503502
166	1.4521261
167	0.9786701
168	1.597744
169	1.4375311
170	17.436655
171	1.5259615
172	0.19169283
173	1.8792864
174	2.5212
175	1.6487179
176	1.0336857
177	0.918664
178	0.5858939
179	3.0309598
180	3.4454782
181	3.5763628
182	0.23398267
183	5.387823
184	9.930655
185	2.5395231
186	0.16705586
187	3.842812
188	1.1057063
189	0.91391605
190	1.6756907
191	0.5030298
192	2.3879395
193	0.494313
194	1.0908916
195	1.4097993
196	1.0199554
197	0.4506383
198	2.3429036
199	17.43779
200	1.3207692
201	0.98787385
202	0.3835197
203	0.95460784
204	1.011447
205	0.76627254
206	0.4886146
207	0.2202975
208	1.077823
209	2.3266747
210	0.75813276
211	0.88011163
212	0.47326013
213	0.62660545
214	0.5029822
215	0.31967765
216	2.8348222
217	0.06014226
218	4.075539
219	6.803711
220	0.5133111
221	1.6776432
222	0.39633068
223	0.4304394
224	1.2602497
225	0.90216684
226	1.2895356
227	0.8885876
228	0.63279307
229	0.8751873
230	0.33502588
231	0.15903746
232	0.39420813
233	0.18539391
234	1.2032161
235	0.41462564
236	0.20556296
237	1.9544141
238	0.7395237
239	0.18551546
240	2.1516335
241	0.56346536
242	1.3040823
243	0.073460095
244	1.2074723
245	2.169125
246	0.2811863
247	1.0640107
248	0.89385134
249	0.5339051
250	1.2014639
251	0.18235569
252	1.8443403
253	17.659763
254	0.57091874
255	1.7366884
256	2.2467859
257	0.30022967
258	0.016896868
259	0.4875254
260	0.6364812
261	2.6027951
262	0.10647488
263	1.346334
264	1.6337441
265	0.44179687
266	1.867502
267	5.5687637
268	0.66397136
269	17.744701
270	2.2936623
271	1.3044337
272	1.4921582
273	0.62219465
274	0.96638846
275	8.848629
276	2.1773655
277	0.3233382
278	0.43850628
279	0.33168828
280	1.0302483
281	2.010448
282	1.6143731
283	1.7731595
284	0.62588686
285	2.9322944
286	2.0394871
287	1.7343736
288	1.0347644
289	1.0953264
290	0.340056
291	0.5452259
292	0.25138643
293	0.43190444
294	2.4216948
295	1.0925134
296	1.4324175
297	0.32153738
298	0.14397806
299	12.608926
300	7.9531217
301	0.82051384
302	0.35341483
303	0.21536832
304	1.7900503
305	0.3937753
306	0.06591442
307	0.7052135
308	2.2344296
309	2.9868476
310	6.4460077
311	0.34129065
312	1.2512894
313	1.7211543
314	5.2522798
315	3.1825287
316	6.146813
317	1.962519
318	5.974249
319	2.6925044
320	0.97254676
321	1.8078566
322	0.16613773
323	4.16568
324	0.33742845
325	0.6141794
326	4.584478
327	4.3095765
328	0.7712223
329	0.44718924
330	1.3106096
331	2.3299232
332	6.5095572
333	2.8513038
334	0.16304885
335	1.9875766
336	2.9352705
337	1.7862586
338	0.68503606
339	0.11126709
340	2.9693797
341	0.87652063
342	0.32610694
343	0.65253264
344	0.6625594
345	0.42102435
346	0.4994386
347	0.13617408
348	1.9559269
349	1.1566594
350	6.3346853
351	0.7204869
352	0.13901387
353	0.0691513
354	0.441869
355	5.719911
356	0.19115613
357	0.48032328
358	0.9717097
359	22.82498
360	0.22964503
361	1.8831443
362	5.2315803
363	6.127445
364	0.7564113
365	1.9355204
366	8.056373
367	2.2080429
368	0.34688562
369	2.3552504
370	1.9405596
371	0.4841214
372	1.2998252
373	3.1809065
374	0.35552773
375	1.373465
376	0.51619637
377	1.0026913
378	5.6751566
379	10.771947
380	5.146132
381	13.067366
382	5.0234723
383	4.422606
384	5.3752155
385	1.5032495
386	3.9186482
387	0.1860731
388	6.8957872
389	0.43053073
390	5.116622
391	1.03729
392	4.128806
393	5.91192
394	0.18215476
395	12.1348915
396	0.403889
397	0.94688636
398	2.0076275
399	0.7353682
400	1.9029456
401	2.8796592
402	1.9679728
403	1.8386356
404	5.829408
405	0.5343358
406	1.2318853
407	0.9868886
408	0.93441534
409	3.2282863
410	2.1149528
411	1.2627486
412	0.75691277
413	1.2931365
414	1.3576602
415	0.8426378
416	6.1908
417	0.768738
418	0.29639497
419	0.13368946
420	0.51581264
421	0.30953953
422	0.4372272
423	0.45506907
424	2.9184592
425	0.3147813
426	3.5093036
427	0.5397472
428	18.959581
429	0.34620175
430	0.5013546
431	0.6394788
432	0.5949095
433	1.8179674
434	2.5188992
435	2.145864
436	18.029894
437	4.5525
438	1.9429228
439	1.6309236
440	1.7218757
441	0.030005213
442	8.8242035
443	0.18086812
444	2.7578175
445	0.28458208
446	0.13539143
447	0.024956977
448	27.617622
449	0.7014302
450	0.01036966
451	0.01
452	1.0084063
453	1.3761177
454	0.097851165
455	0.98655385
456	0.661003
457	0.73611164
458	0.06921841
459	1.7165427
460	1.4749702
461	0.20759808
462	0.3740118
463	0.16063042
464	2.6976593
465	1.9370601
466	2.6415918
467	11.187822
468	0.24316627
469	4.272149
470	0.23391828
471	0.46785134
472	1.4541277
473	3.1928208
474	0.053846367
475	1.6289895
476	1.6743817
477	1.8554777
478	0.8798643
479	0.14768624
480	0.39141536
481	0.7805357
482	0.22076052
483	0.51152223
484	1.0380809
485	1.5327152
486	0.21185435
487	1.2903484
488	0.3812901
489	0.5668589
490	2.1646779
491	3.7943518
492	0.24110483
493	0.32727483
494	2.5465043
495	25.62952
496	2.9414058
497	0.32915723
498	1.582054
499	2.5011382
500	0.30269685
501	0.4382333
502	0.78499925
503	1.6299226
504	1.106136
505	0.22009376
506	5.282393
507	2.9502456
508	1.1973385
509	1.4726771
510	1.2005415
511	14.995341
512	8.872528
513	0.76777506
514	0.27805606
515	0.52064043
516	8.849401
517	0.6524695
518	0.4530346
519	0.18190286
520	1.1143422
521	1.0778276
522	2.171144
523	2.6856825
524	2.5725908
525	1.0917152
526	0.7516356
527	3.5404599
528	3.8143497
529	0.9000633
530	1.0414345
531	0.683852
532	1.4262596
533	1.2348756
534	0.6309511
535	1.3759931
536	0.55648005
537	0.7682456
538	1.0692669
539	2.667101
540	2.7944314
541	0.60457766
542	2.785648
543	1.1731484
544	0.9903059
545	0.49789667
546	0.08867281
547	1.0489162
548	2.9078116
549	0.9595841
550	0.22636195
551	0.9954586
552	0.13043515
553	0.92717665
554	1.4149578
555	5.5243382
556	1.8751646
557	0.5070386
558	2.3397071
559	1.6069983
560	4.3483305
561	2.5146232
562	0.3640522
563	0.82677
564	5.373435
565	1.5652083
566	2.0395343
567	0.3183977
568	0.29306182
569	0.5392797
570	0.31837735
571	5.7241993
572	0.28892517
573	0.9893467
574	0.01
575	0.35544947
576	1.3109396
577	1.1041654
578	0.5105624
579	0.9254958
580	0.31480604
581	0.3017687
582	0.09903418
583	0.24464238
584	2.6069994
585	3.2126753
586	1.6030728
587	6.835836
588	7.2364216
589	3.1193898
590	2.129333
591	1.3272812
592	2.9290314
593	0.8547555
594	1.029319
595	1.0045631
596	1.0136777
597	0.6935459
598	4.185082
599	2.0246341
600	0.29699984
601	1.0367078
602	1.8998388
603	0.7020547
604	0.6616272
605	0.58130944
606	1.1441299
607	9.494117
608	1.942402
609	0.46573478
610	0.6634454
611	11.164619
612	0.39832258
613	0.3957649
614	0.23734456
615	3.423839
616	1.5458647
617	1.2305919
618	0.88614684
619	8.299871
620	0.43631986
621	1.0650178
622	0.35790524
623	0.8164997
624	0.41520762
625	16.052141
626	2.5366793
627	0.778156
628	1.3327248
629	2.2588308
630	1.3090838
631	0.9982444
632	1.2693324
633	0.60509396
634	0.7133726
635	0.46816468
636	35.245903
637	1.6763377
638	1.2753292
639	0.79851115
640	0.56467223
641	1.1412418
642	0.3342251
643	0.9680436
644	0.67305404
645	4.7711368
646	0.5404874
647	1.1517493
648	0.2871124
649	0.7400343
650	0.5212564
651	0.52992344
652	1.323289
653	0.57383066
654	5.6573067
655	1.7821627
656	13.460389
657	1.4545106
658	0.18577482
659	0.6906616
660	0.45078108
661	0.55750996
662	0.23404782
663	1.4387156
664	0.3404383
665	0.9012642
666	0.15235113
667	3.601081
668	0.21540824
669	2.7007935
670	0.067250915
671	0.2294362
672	0.4026108
673	15.115636
674	0.23217465
675	0.17949334
676	0.31056237
677	0.24223445
678	2.1395416
679	0.18301167
680	0.8614768
681	0.3030244
682	0.82994014
683	0.35785374
684	0.88180417
685	0.38655615
686	1.5739386
687	1.462259
688	2.4177759
689	0.4227496
690	0.16242202
691	0.4715587
692	0.715049
693	0.45361224
694	1.7695172
695	1.6658115
696	0.30005306
697	2.307163
698	1.7668937
699	8.348328
700	1.0944706
701	1.8284774
702	1.480266
703	1.8681061
704	0.96135175
705	3.6125162
706	1.336453
707	0.44828275
708	3.0669386
709	2.0347292
710	0.36556956
711	0.83331436
712	0.43277577
713	0.21740367
714	9.358526
715	0.9487777
716	0.6041794
717	1.8032354
718	0.5339025
719	0.396735
720	0.7589864
721	1.2920698
722	2.5216198
723	0.9049935
724	0.15932953
725	1.4214405
726	3.25688
727	1.6183816
728	1.3949336
729	0.14195369
730	4.8738523
731	2.6208816
732	5.064613
733	2.7261798
734	1.8993511
735	1.0841347
736	3.4438648
737	0.23753294
738	0.14988376
739	0.036747165
740	0.6760569
741	2.202311
742	0.23307113
743	0.7502787
744	0.21397908
745	0.42390278
746	0.05534275
747	1.3594742
748	0.20918415
749	9.84377
750	2.2272918
751	1.3915044
752	0.46785688
753	0.019896679
754	0.3583855
755	1.4203603
756	1.3170966
757	0.25933492
758	0.091557525
759	0.76849794
760	0.6590229
761	1.2265431
762	1.6516927
763	0.8748149
764	0.37550807
765	4.506259
766	0.44179687
767	0.01
768	0.6788331
769	0.3847916
770	0.3135419
771	0.6945271
772	1.4527183
773	2.3363647
774	5.3842516
775	13.53594
776	3.4241624
777	0.41620728
778	3.1178982
779	5.312841
780	1.6894724
781	8.7181425
782	4.172537
783	1.0297773
784	6.1095695
785	0.97299343
786	1.6059296
787	23.479439
788	3.4103267
789	5.8387985
790	0.6540287
791	0.30059576
792	3.0658138
793	1.2767583
794	0.96564037
795	2.8871045
796	0.38274455
797	1.0168178
798	2.3777227
799	1.0513026
800	9.858285
801	16.247879
802	1.7073901
803	1.1941137
804	1.0704796
805	1.6236258
806	4.081689
807	0.6669993
808	0.39455324
809	3.986322
810	33.676697
811	0.3281553
812	0.5647591
813	0.67681766
814	3.5425377
815	0.411975
816	4.7061067
817	0.529047
818	1.5320224
819	2.2681363
820	0.56056714
821	1.986928
822	1.598728
823	1.19401
824	0.26797965
825	0.29705554
826	2.7295308
827	1.3395091
828	0.5603165
829	0.41614425
830	22.659534
831	0.40698048
832	9.271833
833	9.677753
834	5.542929
835	5.908994
836	0.5964866
837	0.57393575
838	3.152382
839	12.651373
840	3.7631724
841	0.58452606
842	2.3103337
843	0.58725524
844	1.375628
845	2.090332
846	4.8594913
847	1.5186886
848	3.4171402
849	1.8996863
850	0.57637167
851	9.964339
852	3.5726864
853	0.26083994
854	1.0486356
855	1.1749
856	2.1785057
857	8.448317
858	0.8111431
859	1.6142734
860	4.050663
861	0.7719594
862	9.278483
863	0.13593376
864	0.97562444
865	2.4902642
866	0.48381296
867	5.7736344
868	4.065661
869	3.2762396
870	3.21437
871	1.1761636
872	1.2527478
873	0.48739815
874	2.7154233
875	0.7965643
876	2.7823973
877	0.7106108
878	0.7091844
879	1.1114464
880	2.0708952
881	0.81953543
882	0.3956912
883	2.47654
884	1.732548
885	1.7150865
886	1.4239353
887	3.8791182
888	1.789775
889	0.03405782
890	0.29805565
891	0.6055968
892	0.9041542
893	0.7320827
894	3.5569603
895	1.1217155
896	9.73262
897	1.864857
898	0.6804736
899	0.42771733
900	2.4286425
901	4.1801634
902	1.7070435
903	0.4030478
904	0.80067617
905	0.9226978
906	2.3732464
907	1.2129763
908	1.9809308
909	0.36988664
910	0.8817303
911	0.2998498
912	0.5854604
913	0.3224924
914	5.7160583
915	2.0956626
916	0.82104176
917	1.8972851
918	3.7857656
919	0.8001483
920	0.056324936
921	0.25659975
922	2.029632
923	0.74937886
924	1.3046182
925	0.7065012
926	0.8795381
927	1.6302677
928	1.8331128
929	0.9523941
930	0.40668696
931	0.61754805
932	1.082609
933	1.7568452
934	0.96487445
935	0.9439026
936	7.5124116
937	0.7275983
938	0.36880937
939	0.6540172
940	0.67585063
941	2.36304
942	1.5272561
943	1.1892312
944	0.978857
945	0.94764894
946	1.5845147
947	2.8997345
948	1.6103718
949	0.3383145
950	4.218966
951	0.23975453
952	8.375279
953	1.351476
954	1.1818368
955	1.1436479
956	2.9373946
957	1.4803473
958	1.4445202
959	2.3286803
960	1.8856198
961	11.598738
962	0.07265836
963	0.49412164
964	2.7428544
965	4.286337
966	1.2859819
967	0.85793746
968	1.4368355
969	0.63213044
970	0.957056
971	0.43515918
972	3.6963964
973	0.35772452
974	2.7694628
975	1.303231
976	1.6281888
977	4.166786
978	0.7566138
979	1.0556062
980	1.3888483
981	5.4177203
982	10.270643
983	0.6520886
984	0.75784516
985	0.23209016
986	0.4600449
987	3.5276463
988	0.60620517
989	1.2900555
990	0.8358134
991	0.44803366
992	2.3506558
993	0.39269498
994	0.4952677
995	0.6273189
996	0.5776221
997	0.8932448
998	0.42331
999	0.22905923
1000	0.9247192
1001	0.6046705
1002	1.39598
1003	1.2032235
1004	0.43880612
1005	1.8835533
1006	7.073846
1007	1.3132194
1008	1.9662005
1009	0.3131442
1010	0.90615207
1011	0.9307507
1012	0.68813354
1013	1.1274105
1014	0.7993179
1015	1.8087103
1016	0.9347475
1017	0.21932137
1018	15.179135
1019	4.692078
1020	0.7062092
1021	2.7857234
1022	1.1496223
1023	2.483164
1024	1.5909868
1025	0.8803868
1026	1.9889978
1027	0.7439456
1028	0.6742674
1029	1.3527354
1030	0.812912
1031	1.1034812
1032	1.1595225
1033	3.936147
1034	3.1151404
1035	4.0404825
1036	1.5250956
1037	1.4576612
1038	4.8778396
1039	4.773479
1040	3.796745
1041	2.4805691
1042	0.6399717
1043	4.158147
1044	0.5131418
1045	0.8118192
1046	0.37183484
1047	1.8544943
1048	2.8605359
1049	1.4448363
1050	1.9341304
1051	0.9149506
1052	0.77179605
1053	0.40013173
1054	0.06388365
1055	0.32248813
1056	0.6765619
1057	6.6334805
1058	0.29987705
1059	2.3224196
1060	7.0900664
1061	1.4282305
1062	0.12091897
1063	4.178074
1064	9.588437
1065	2.7049837
1066	0.1581038
1067	1.4807796
1068	1.5765693
1069	4.763498
1070	1.9489508
1071	6.40799
1072	2.359552
1073	5.4935684
1074	0.73890644
1075	5.0536976
1076	2.0909266
1077	2.9289289
1078	6.49264
1079	2.8805184
1080	0.22511075
1081	0.05813421
1082	0.59080005
1083	0.40198392
1084	0.14464332
1085	0.33521658
1086	0.49585614
1087	0.7354547
1088	2.1361134
1089	0.40031224
1090	3.1753333
1091	0.528365
1092	0.5780053
1093	0.5975173
1094	0.8883677
1095	0.73465383
1096	5.925194
1097	2.1179578
1098	1.4807436
1099	1.4324411
1100	0.35595557
1101	1.574633
1102	0.43232512
1103	0.3210708
1104	0.6755163
1105	2.9483335
1106	5.9176683
1107	2.612298
1108	0.5662925
1109	0.5756323
1110	3.835934
1111	21.063444
1112	0.7842824
1113	0.33619004
1114	0.5173796
1115	0.5635772
1116	0.20973276
1117	1.2946054
1118	1.4411606
1119	2.224191
1120	0.6099382
1121	1.0414615
1122	0.30401066
1123	2.3878694
1124	2.3705404
1125	0.19082561
1126	0.60288084
1127	0.1386045
1128	1.2178324
1129	0.33130854
1130	0.5834167
1131	0.39041883
1132	4.415862
1133	12.470555
1134	0.836188
1135	0.38603625
1136	0.92176574
1137	14.017679
1138	3.9411511
1139	1.3426958
1140	4.680262
1141	0.50941867
1142	3.8716033
1143	1.6725186
1144	0.91021883
1145	1.20411
1146	0.7166628
1147	0.9494815
1148	0.3119076
1149	2.930484
1150	0.28168586
1151	0.448722
1152	0.13960177
1153	0.46678993
1154	0.2696199
1155	0.3484699
1156	1.0478057
1157	0.23413734
1158	0.56234926
1159	6.039637
1160	2.1871603
1161	2.158782
1162	2.2527092
1163	1.0634578
1164	0.35965654
1165	3.3496728
1166	3.4715135
1167	0.5092328
1168	0.16976357
1169	0.7742484
1170	0.51971895
1171	4.3461895
1172	1.2647777
1173	5.717332
1174	0.9239604
1175	4.4283624
1176	2.9183753
1177	1.0669891
1178	0.22036617
1179	1.0286708
1180	3.9871945
1181	0.266345
1182	2.4903052
1183	0.46497905
1184	0.41286325
1185	0.44791374
1186	2.8754072
1187	1.4857589
1188	0.25015086
1189	3.4337459
1190	3.0292192
1191	1.0351839
1192	0.33342668
1193	0.4629585
1194	2.175643
1195	1.2306545
1196	0.39072728
1197	0.8242628
1198	3.0770123
1199	7.062732
1200	0.8246876
1201	0.40344098
1202	0.27477115
1203	0.8932448
1204	7.266601
1205	0.16806492
1206	8.063404
1207	5.3787684
1208	3.1728153
1209	0.87391824
1210	1.6018604
1211	0.2661016
1212	1.4147213
1213	3.203534
1214	3.3231218
1215	8.064367
1216	4.424187
1217	1.7280284
1218	2.822595
1219	0.066945754
1220	1.1533959
1221	4.627841
1222	5.233934
1223	0.33300796
1224	6.1920223
1225	2.5404994
1226	1.4131327
1227	1.2719821
1228	0.85944974
1229	11.259022
1230	5.2614822
1231	38.229286
1232	2.738346
1233	0.47663933
1234	1.183014
1235	0.8912311
1236	1.168542
1237	0.8631989
1238	0.86040336
1239	2.9068642
1240	5.3932133
1241	0.99350667
1242	7.0043726
1243	4.710915
1244	3.8886921
1245	1.022326
1246	0.84738564
1247	0.4883927
1248	0.44248843
1249	0.65655047
1250	1.2292427
1251	1.4994292
1252	0.09376131
1253	1.4403464
1254	0.99714893
1255	0.3745591
1256	3.9972415
1257	0.71519697
1258	0.7387333
1259	0.28856525
1260	0.010970441
1261	1.4111277
1262	6.956478
1263	20.612432
1264	6.494351
1265	21.259182
1266	3.9535391
1267	0.67958224
1268	2.8349395
1269	0.16914967
1270	15.732491
1271	3.6379948
1272	14.1210785
1273	1.0142789
1274	1.9606588
1275	4.763171
1276	4.8265285
1277	0.7334714
1278	0.55801344
1279	3.90288
1280	5.88336
1281	1.1023638
1282	0.6231976
1283	2.7586622
1284	0.7013865
1285	0.70800143
1286	1.3515399
1287	1.7636081
1288	12.056891
1289	0.7169867
1290	1.7963718
1291	2.9166656
1292	1.9492611
1293	3.6874642
1294	1.3338131
1295	0.5669119
1296	3.810599
1297	1.8326706
1298	0.5634363
1299	3.75471
1300	3.0789018
1301	1.2101396
1302	0.74131644
1303	11.262273
1304	0.6482928
1305	7.810273
1306	11.883394
1307	0.8242774
1308	0.19180311
1309	2.3826952
1310	0.5123439
1311	3.0054536
1312	1.991086
1313	0.962675
1314	1.0378479
1315	1.7416763
1316	2.9313064
1317	2.819646
1318	1.676645
1319	2.5116053
1320	2.283558
1321	6.043415
1322	0.8016359
1323	1.2593733
1324	1.585182
1325	3.0762472
1326	5.1232476
1327	2.4206872
1328	5.739568
1329	0.79347074
1330	1.1346145
1331	1.4985929
1332	0.5172123
1333	4.6080623
1334	5.896897
1335	0.54267865
1336	7.80326
1337	2.9635963
1338	2.7169185
1339	0.49631187
1340	3.7563753
1341	1.4476186
1342	0.2452017
1343	3.2161005
1344	2.153323
1345	0.3101307
1346	4.690745
1347	0.23042509
1348	0.24063294
1349	2.60555
1350	0.48665798
1351	1.3023643
1352	10.651383
1353	4.8860397
1354	0.7598584
1355	0.33482507
1356	5.1180625
1357	1.0174104
1358	1.1468136
1359	3.8106658
1360	3.2161632
1361	5.1607327
1362	2.0695505
1363	0.36228502
1364	0.1868235
1365	0.24153665
1366	1.5745726
1367	18.920706
1368	1.1493634
1369	0.13938509
1370	0.2369411
1371	12.969545
1372	0.8684677
1373	0.29960865
1374	1.428569
1375	2.7252522
1376	2.7848253
1377	0.5261716
1378	1.1798811
1379	1.7652125
1380	0.3863468
1381	8.413331
1382	0.49185914
1383	0.5450553
1384	2.4962244
1385	1.7786455
1386	3.046588
1387	8.511382
1388	0.83873075
1389	0.7210821
1390	7.5159354
1391	7.116932
1392	3.2634752
1393	0.3541601
1394	0.73614854
1395	0.5370219
1396	2.1014814
1397	3.6221051
1398	3.3203557
1399	3.2118967
1400	2.420557
1401	0.6590589
1402	0.6685416
1403	10.843971
1404	0.67558366
1405	0.554939
1406	1.0116985
1407	5.158267
1408	3.8702536
1409	0.40055165
1410	0.050175555
1411	1.253197
1412	0.9245241
1413	1.986218
1414	3.4140956
1415	0.59787923
1416	4.173782
1417	0.53604966
1418	0.41291094
1419	0.318766
1420	1.0165837
1421	0.9106855
1422	8.24898
1423	4.7559357
1424	1.2986712
1425	1.0414221
1426	3.7745707
1427	5.544869
1428	4.6771173
1429	0.5536776
1430	0.15287353
1431	1.4759998
1432	7.919602
1433	0.41194394
1434	2.2929614
1435	4.655184
1436	0.911764
1437	0.48654765
1438	0.697162
1439	0.1833835
1440	2.5589206
1441	0.28740743
1442	3.0963643
1443	0.2435662
1444	0.5647003
1445	0.6698233
1446	0.7334961
1447	1.1777545
1448	2.2948751
1449	1.9602432
1450	0.64517206
1451	0.59478086
1452	0.3429317
1453	0.5360209
1454	5.378289
1455	5.6870403
1456	2.3426902
1457	2.0356746
1458	16.845604
1459	4.534153
1460	2.5403347
1461	2.2176232
1462	4.139311
1463	9.763242
1464	2.0968218
1465	0.73655695
1466	0.9494887
1467	2.2159555
1468	8.809205
1469	3.7253435
1470	7.802066
1471	2.6218374
1472	2.7890334
1473	5.0352864
1474	0.26326454
1475	1.2223496
1476	3.3271272
1477	6.866233
1478	1.4664174
1479	0.3779906
1480	3.5614893
1481	1.1520354
1482	0.5507076
1483	0.53493065
1484	0.5885772
1485	1.9032344
1486	16.450014
1487	5.5607963
1488	0.8923762
1489	1.5418144
1490	0.5453376
1491	5.116692
1492	19.062052
1493	0.08520218
1494	0.58761114
1495	2.9982138
1496	2.6224878
1497	0.39705583
1498	0.36903405
1499	2.8601918
1500	0.36020282
1501	2.5586617
1502	0.54573154
1503	0.6686618
1504	0.32041085
1505	0.22377053
1506	0.04828732
1507	1.0534492
1508	7.512571
1509	0.32585454
1510	1.4658262
1511	6.5692816
1512	0.5140691
1513	2.5366719
1514	0.06714763
1515	1.0794725
1516	0.054076154
1517	19.288395
1518	1.3967088
1519	1.660514
1520	0.43402153
1521	1.0531489
1522	4.837359
1523	2.929088
1524	1.9165043
1525	0.60251355
1526	0.31847456
1527	0.11145225
1528	0.46952596
1529	0.41472322
1530	0.4195277
1531	11.8965
1532	9.504569
1533	0.43765354
1534	0.23705846
1535	1.2811251
1536	0.12028713
1537	3.2016997
1538	0.90915406
1539	5.4195514
1540	0.14093807
1541	1.1953357
1542	4.095186
1543	2.3254251
1544	2.0727026
1545	0.9502258
1546	2.3082087
1547	0.39534765
1548	2.801745
1549	2.5502148
1550	0.8576729
1551	1.3769577
1552	1.4428413
1553	2.6652322
1554	1.1615156
1555	4.9817877
1556	0.01
1557	1.1465702
1558	0.4735231
1559	0.7721293
1560	0.62407684
1561	3.3690627
1562	1.155177
1563	1.0312692
1564	0.14750963
1565	1.7757825
1566	2.2820075
1567	0.5697026
1568	2.038634
1569	3.3713124
1570	0.7592265
1571	1.5767462
1572	13.230305
1573	1.3577656
1574	3.0717456
1575	1.5409973
1576	0.41001007
1577	0.450661
1578	0.66042805
1579	0.33186924
1580	0.62146384
1581	1.6461326
1582	0.7815115
1583	1.4554447
1584	0.77864945
1585	1.7586265
1586	0.6941215
1587	1.992737
1588	1.2366636
1589	2.6055317
1590	1.151523
1591	1.4764571
1592	0.9930476
1593	14.180038
1594	3.9578896
1595	1.6587914
1596	1.4342551
1597	1.7523386
1598	1.1899829
1599	8.564493
1600	2.5622857
1601	4.2091575
1602	0.6653755
1603	2.3904815
1604	0.01
1605	2.2947743
1606	1.3312663
1607	0.42205667
1608	1.2682458
1609	0.47603065
1610	2.358912
1611	1.3296424
1612	0.116643555
1613	0.77658343
1614	2.7556927
1615	2.0949452
1616	0.59455615
1617	5.595146
1618	0.5736331
1619	1.4772149
1620	0.6008847
1621	0.1346998
1622	0.47844645
1623	1.1580882
1624	0.13162003
1625	1.3538502
1626	0.24954548
1627	0.16636859
1628	0.39089197
1629	0.98159736
1630	0.3997262
1631	0.74785733
1632	2.6599686
1633	1.1418294
1634	2.3790078
1635	0.7918868
1636	1.8088617
1637	1.7147204
1638	1.9261578
1639	9.350241
1640	34.797714
1641	3.9093688
1642	3.541839
1643	0.01
1644	2.5231357
1645	3.9833598
1646	2.1727624
1647	2.7312374
1648	7.429137
1649	0.94186604
1650	8.661762
1651	3.6263697
1652	0.19537038
1653	3.5268388
1654	7.0498857
1655	13.336383
1656	0.064346604
1657	87.16343
1658	1.3119422
1659	3.2174048
1660	8.042592
1661	11.326302
1662	4.8156176
1663	1.3911568
1664	1.4225475
1665	7.031939
1666	2.1079435
1667	0.7696729
1668	28.86777
1669	0.26209575
1670	0.14894414
1671	1.3643476
1672	0.3917307
1673	1.1160222
1674	3.7712605
1675	0.7021333
1676	2.6984081
1677	3.1201909
1678	0.8053472
1679	3.3522613
1680	8.100879
1681	3.8438714
1682	2.4336426
1683	0.9367263
1684	1.1186618
1685	1.3892244
1686	23.327978
1687	5.912013
1688	1.545102
1689	3.8098905
1690	1.3808068
1691	1.415093
1692	2.0392404
1693	0.42539823
1694	2.3470852
1695	0.8735459
1696	0.9012324
1697	11.22767
1698	3.1084085
1699	14.855681
1700	1.9244335
1701	3.562544
1702	10.95826
1703	0.3368643
1704	8.600238
1705	2.920674
1706	1.378268
1707	3.349116
1708	0.31545383
1709	5.8484054
1710	5.0246053
1711	5.24317
1712	9.006447
1713	5.243975
1714	10.219108
1715	1.9685142
1716	0.6219277
1717	0.19155964
1718	0.85935915
1719	2.4217703
1720	3.0757973
1721	1.8302188
1722	9.078382
1723	1.8756204
1724	0.32537177
1725	0.76524895
1726	2.939144
1727	0.28618106
1728	3.1514661
1729	3.1780276
1730	9.986712
1731	0.65062636
1732	1.3694504
1733	2.3309557
1734	1.9201868
1735	6.543221
1736	1.6706092
1737	2.23818
1738	3.7430334
1739	1.1723206
1740	9.051234
1741	16.265142
1742	3.0608258
1743	0.7561698
1744	0.8533812
1745	0.9907474
1746	2.6159806
1747	3.3071826
1748	1.5148728
1749	2.6525958
1750	5.5323267
1751	1.7488381
1752	2.5277567
1753	5.9145646
1754	2.2858722
1755	2.2725475
1756	1.7218792
1757	2.8585446
1758	1.0526425
1759	1.2029641
1760	3.9847152
1761	3.8857923
1762	29.999294
1763	0.7063481
1764	1.5627978
1765	0.9309705
1766	5.506542
1767	2.79332
1768	5.8304405
1769	1.8404031
1770	2.7575026
1771	1.985626
1772	2.3549535
1773	2.8406048
1774	2.6162257
1775	8.425849
1776	3.0986433
1777	7.4963765
1778	1.661785
1779	9.963589
1780	1.5611469
1781	4.922095
1782	3.500962
1783	3.4743774
1784	3.0501626
1785	2.259676
1786	4.3311806
1787	7.6022286
1788	5.7066803
1789	2.0768852
1790	4.8414745
1791	12.013663
1792	5.8382754
1793	3.4769328
1794	5.1148453
1795	6.179172
1796	1.6880914
1797	3.2689362
1798	5.121981
1799	2.6037984
1800	1.0151025
1801	35.88055
1802	7.8965073
1803	5.308313
1804	3.4762676
1805	2.802134
1806	2.278111
1807	1.5212947
1808	2.6496587
1809	1.7419313
1810	3.3524776
1811	2.726167
1812	2.4350345
1813	0.32999656
1814	2.1755219
1815	8.19747
1816	9.61127
1817	0.5910767
1818	1.2542875
1819	0.4127704
1820	12.566247
1821	1.5640677
1822	1.693254
1823	0.45291114
1824	5.6078973
1825	5.2431383
1826	38.147842
1827	4.8550415
1828	3.834064
1829	8.095984
1830	27.974386
1831	1.5636214
1832	1.7867689
1833	1.6923821
1834	3.5882826
1835	2.9922945
1836	6.581601
1837	2.480839
1838	10.721645
1839	2.0899117
1840	1.8272175
1841	5.4097204
1842	2.3666055
1843	1.3453057
1844	2.3189006
1845	2.1565967
1846	20.92503
1847	0.6059215
1848	15.329374
1849	25.320602
1850	0.7241328
1851	0.86173195
1852	0.91231257
1853	6.2030296
1854	1.2315416
1855	0.22846083
1856	0.6535107
1857	4.846256
1858	1.5672667
1859	0.7398577
1860	0.841506
1861	0.24348964
1862	0.11610626
1863	1.7174213
1864	0.7963068
1865	1.3419621
1866	3.7573633
1867	0.43275127
1868	0.08936027
1869	2.1877294
1870	0.7745298
1871	2.8866744
1872	5.359634
1873	2.087684
1874	1.4603662
1875	1.0632693
1876	1.2595844
1877	5.491665
1878	2.6775346
1879	1.7226592
1880	4.037643
1881	0.54393375
1882	0.4063749
1883	0.8466162
1884	0.39677984
1885	0.4140647
1886	9.110504
1887	0.55295277
1888	0.013100118
1889	1.2677761
1890	4.4988728
1891	1.7260144
1892	0.19442345
1893	0.716325
1894	0.21615162
1895	1.670587
1896	1.1066742
1897	0.8830528
1898	1.2560511
1899	0.5223583
1900	0.52413017
1901	0.6476645
1902	0.42534396
1903	2.31594
1904	0.43657884
1905	0.57384634
1906	8.714263
1907	0.2926168
1908	4.2309675
1909	0.27232423
1910	0.2351463
1911	0.6392378
1912	4.6461782
1913	1.3132998
1914	0.93293774
1915	0.24807766
1916	3.7393286
1917	2.4189608
1918	3.4728136
1919	0.01
1920	1.3196558
1921	0.4141726
1922	1.1868421
1923	1.5042294
1924	0.49905002
1925	1.5567406
1926	0.6180986
1927	7.1308856
1928	0.20691156
1929	2.1984737
1930	0.6563909
1931	1.6628189
1932	0.046040624
1933	2.2441206
1934	0.6394741
1935	1.2900003
1936	6.573974
1937	2.072904
1938	1.9311218
1939	0.5762669
1940	0.8926597
1941	0.97747654
1942	0.62857276
1943	0.01
1944	1.7869385
1945	0.13395852
1946	0.60652584
1947	0.27837098
1948	0.442182
1949	0.2130626
1950	2.1545515
1951	0.47471496
1952	0.9954048
1953	0.6470609
1954	1.6433326
1955	0.43434978
1956	1.2860414
1957	1.816906
1958	0.36249658
1959	0.639175
1960	1.5571059
1961	0.54970163
1962	0.2227109
1963	0.8617974
1964	1.386907
1965	4.5776706
1966	0.3118737
1967	2.2666388
1968	0.46715963
1969	2.637069
1970	0.23231737
1971	0.6830481
1972	0.87604994
1973	0.18973525
1974	1.0128565
1975	7.0380583
1976	0.14296633
1977	0.22956459
1978	0.98928654
1979	0.35365543
1980	1.1166177
1981	0.20547888
1982	3.3986511
1983	0.32528794
1984	4.189626
1985	0.23438527
1986	1.518541
1987	0.83560574
1988	1.1846868
1989	1.2287637
1990	1.5927219
1991	9.960867
1992	1.7430617
1993	1.8310734
1994	0.3763366
1995	0.5849605
1996	0.7471554
1997	0.59273374
1998	1.0332874
1999	1.4602802
2000	16.365143
2001	2.118017
2002	4.257868
2003	1.697862
2004	0.5680034
2005	0.38218895
2006	1.3750696
2007	0.13978879
2008	0.73714954
2009	2.2273293
2010	4.046372
2011	0.28752238
2012	3.8344827
2013	1.2168729
2014	0.7112771
2015	10.16112
2016	2.0659606
2017	10.949326
2018	0.36179617
2019	5.0904975
2020	1.7599212
2021	0.6892048
2022	1.2690309
2023	0.8600034
2024	0.55009335
2025	0.39781022
2026	2.2751951
2027	1.8619525
2028	0.5006202
2029	3.6629052
2030	2.2716699
2031	1.5571983
2032	7.6120152
2033	4.798603
2034	1.2308478
2035	0.19247948
2036	1.0279875
2037	0.95047987
2038	0.73721576
2039	1.2032762
2040	1.1440314
2041	2.105248
2042	4.0267744
2043	0.76404566
2044	0.6984172
2045	0.34600893
2046	2.0696347
2047	0.7754503
2048	1.0455825
2049	2.3564289
2050	11.881672
2051	9.601524
2052	0.8669774
2053	0.7084821
2054	0.4863056
2055	0.6384525
2056	1.2159065
2057	2.367622
2058	0.72755724
2059	0.25454322
2060	0.7031033
2061	1.4268893
2062	0.7631065
2063	0.36697632
2064	1.2536813
2065	9.385798
2066	3.4525912
2067	1.0827727
2068	0.9197466
2069	1.6023657
2070	1.2728103
2071	5.1362147
2072	1.2414097
2073	1.386456
2074	1.5960748
2075	2.5308373
2076	1.254921
2077	1.7794429
2078	0.87718993
2079	1.5546452
2080	0.9428173
2081	0.5300198
2082	17.407587
2083	3.0669506
2084	0.28779155
2085	0.15481415
2086	4.9314175
2087	0.44260037
2088	3.4091532
2089	1.8293283
2090	1.2483152
2091	0.9927577
2092	1.294216
2093	0.36641726
2094	0.23720196
2095	2.23547
2096	3.7948716
2097	10.039998
2098	2.5725744
2099	1.1157159
2100	0.8922971
2101	6.793636
2102	2.2822158
2103	0.19273707
2104	3.5504382
2105	1.1383494
2106	1.3165889
2107	1.0877643
2108	1.2470806
2109	0.68532515
2110	0.73499674
2111	0.4526427
2112	1.3059158
2113	4.9868245
2114	0.51381093
2115	0.8300198
2116	2.9446218
2117	0.46503392
2118	1.5507497
2119	2.1997383
2120	0.28749436
2121	0.53405917
2122	0.70689857
2123	5.0908794
2124	1.3489689
2125	1.0120013
2126	1.3146912
2127	1.8807839
2128	0.5507597
2129	1.0142795
2130	1.2350534
2131	6.4717555
2132	1.2511196
2133	9.261299
2134	0.95334506
2135	1.4465698
2136	1.2236552
2137	14.34676
2138	5.260329
2139	0.77942455
2140	1.301562
2141	0.79749894
2142	2.022098
2143	0.8625984
2144	1.53543
2145	0.36252916
2146	1.3315035
2147	2.3918457
2148	0.95515984
2149	9.543614
2150	2.2922947
2151	2.4120057
2152	7.485236
2153	0.99298435
2154	4.8528523
2155	2.4614816
2156	2.346624
2157	1.0921181
2158	1.2797678
2159	0.4385811
2160	0.73125035
2161	1.0466908
2162	1.4005165
2163	0.9212594
2164	11.21502
2165	1.3938057
2166	5.230671
2167	1.2329543
2168	0.49880266
2169	2.1203692
2170	0.85416114
2171	1.3506216
2172	0.47707957
2173	0.71517587
2174	0.13646969
2175	0.9998628
2176	1.2043496
2177	1.8662144
2178	1.1194504
2179	0.51703286
2180	0.47255027
2181	1.3133149
2182	1.1133101
2183	1.0815072
2184	2.2269812
2185	0.6746598
2186	1.5178875
2187	0.5669178
2188	1.3999971
2189	0.9675791
2190	2.628602
2191	0.7765245
2192	2.3646383
2193	0.5000514
2194	0.39539397
2195	2.5786946
2196	0.7749588
2197	3.956857
2198	1.005925
2199	0.29399225
2200	0.4661362
2201	0.8031394
2202	1.4536439
2203	1.9060016
2204	5.3032045
2205	0.61813724
2206	0.54832894
2207	2.5101223
2208	0.96133184
2209	2.2283545
2210	1.1754261
2211	1.0094049
2212	1.1017915
2213	2.371365
2214	56.679123
2215	0.83582956
2216	4.2890244
2217	0.5070984
2218	2.845159
2219	0.964675
2220	1.4400735
2221	2.3347137
2222	2.5737832
2223	3.0162346
2224	1.6084903
2225	1.2203475
2226	0.34031618
2227	1.890895
2228	0.37960973
2229	0.42242122
2230	1.7944221
2231	0.01
2232	5.1426005
2233	0.8423854
2234	1.5515214
2235	1.4823685
2236	1.4195948
2237	0.2397978
2238	0.84116113
2239	0.12465819
2240	0.35213733
2241	1.3232657
2242	1.9380625
2243	3.3471062
2244	0.7483147
2245	0.6814709
2246	0.74610436
2247	1.3988714
2248	0.60282874
2249	1.9690753
2250	0.73956144
2251	0.764875
2252	1.2254115
2253	2.7237039
2254	0.6478902
2255	1.1872356
2256	1.4496247
2257	15.460416
2258	4.5047855
2259	1.1343385
2260	0.5608166
2261	1.6337771
2262	3.32717
2263	0.38882938
2264	0.41833493
2265	0.3848021
2266	4.5867457
2267	2.0715346
2268	0.6210219
2269	0.16511317
2270	1.2043024
2271	1.4951909
2272	0.9785029
2273	9.365723
2274	2.3669598
2275	2.2034268
2276	1.5680329
2277	0.9917733
2278	0.8491747
2279	0.717139
2280	0.61562836
2281	0.6543779
2282	0.94080955
2283	4.775415
2284	0.15106699
2285	0.91615444
2286	4.623667
2287	1.0928099
2288	1.0934566
2289	1.3279158
2290	0.30844432
2291	0.42795795
2292	0.93512917
2293	0.19263159
2294	0.25658044
2295	0.4051416
2296	1.3760936
2297	7.054672
2298	7.6027503
2299	0.21369609
2300	3.2353072
2301	0.64044935
2302	0.053603493
2303	0.26900154
2304	2.2843196
2305	1.4412758
2306	0.42978427
2307	2.576405
2308	0.27548927
2309	5.935454
2310	0.42026958
2311	13.536643
2312	1.2724252
2313	11.47427
2314	0.82384413
2315	2.0525072
2316	1.7742237
2317	1.4172177
2318	2.144962
2319	0.55629355
2320	1.6637274
2321	1.784816
2322	1.8814769
2323	0.96186185
2324	0.6450263
2325	2.1072166
2326	1.7712694
2327	1.0670784
2328	0.42504084
2329	4.875833
2330	5.443691
2331	0.8380466
2332	1.1399926
2333	1.0905617
2334	3.3117704
2335	0.81467175
2336	2.7145987
2337	0.8317244
2338	1.5320754
2339	3.0309598
2340	5.2879915
2341	3.6201656
2342	1.7007886
2343	1.0282801
2344	5.6408873
2345	1.0259356
2346	0.5155109
2347	0.9298587
2348	1.2830375
2349	1.9226503
2350	1.7399987
2351	0.66718996
2352	3.792723
2353	2.0054238
2354	2.1594596
2355	1.1302812
2356	4.420132
2357	8.313275
2358	8.074741
2359	6.4875956
2360	3.3476229
2361	4.1902914
2362	1.0157238
2363	1.4246634
2364	0.85496694
2365	3.8633935
2366	1.3420007
2367	0.5919561
2368	0.96139634
2369	0.86230445
2370	2.3285642
2371	2.042921
2372	0.1602
2373	0.77072173
2374	1.8254937
2375	0.63744414
2376	1.2959117
2377	1.7952316
2378	8.108096
2379	0.37673584
2380	1.8103848
2381	3.506029
2382	0.0793328
2383	0.18593997
2384	1.5220053
2385	13.359012
2386	9.302996
2387	0.17351519
2388	0.22501728
2389	1.0487036
2390	3.1519096
2391	0.27225968
2392	0.7609453
2393	1.0557289
2394	0.25062326
2395	0.7451462
2396	4.7894363
2397	0.11155697
2398	0.7410083
2399	0.40218008
2400	1.8085533
2401	0.33372226
2402	0.17029022
2403	1.3077787
2404	0.65402794
2405	0.7242699
2406	2.8192594
2407	0.7718012
2408	0.28446668
2409	1.2594025
2410	0.33256185
2411	0.4748022
2412	0.95433956
2413	0.8148368
2414	0.5789903
2415	1.0146468
2416	1.1103623
2417	2.4435937
2418	1.8829919
2419	1.9281636
2420	0.8325716
2421	0.51061976
2422	0.6557352
2423	0.060755126
2424	0.9993445
2425	1.4452295
2426	1.2650526
2427	0.23877347
2428	0.8645147
2429	0.11286529
2430	0.6206422
2431	0.8639378
2432	1.1025022
2433	0.8097389
2434	1.2010494
2435	0.83249086
2436	1.3053114
2437	0.87520665
2438	0.1819246
2439	0.44101968
2440	3.3113105
2441	1.9549328
2442	0.52091634
2443	0.6833942
2444	0.47600397
2445	1.4655629
2446	1.2867879
2447	0.67712915
2448	4.2061167
2449	0.3393485
2450	0.99999994
2451	0.5874274
2452	0.37838504
2453	0.34558126
2454	0.8289395
2455	0.97760814
2456	0.95217514
2457	0.8048252
2458	0.7209154
2459	0.8083804
2460	0.3526802
2461	0.34850162
2462	0.3363981
2463	0.62480724
2464	1.3487216
2465	0.66372824
2466	1.7495016
2467	0.94162434
2468	0.44215277
2469	0.046205048
2470	0.12720141
2471	1.1894242
2472	0.24045484
2473	0.9643544
2474	1.127978
2475	0.8776064
2476	0.076043904
2477	1.3494514
2478	2.6774142
2479	0.52131754
2480	0.9970975
2481	1.0453202
2482	1.7421067
2483	0.187136
2484	0.1959139
2485	0.7911184
2486	1.0424118
2487	1.9997647
2488	5.6279006
2489	0.5317657
2490	0.47090304
2491	3.477985
2492	0.5264099
2493	0.493494
2494	0.48419166
2495	0.9733864
2496	1.0680244
2497	5.0718656
2498	0.5707023
2499	0.4716024
2500	1.765552
2501	0.79328036
2502	1.1578956
2503	0.9569273
2504	14.666531
2505	4.562628
2506	1.4660215
2507	2.8434732
2508	0.45262697
2509	2.1173117
2510	1.3646339
2511	0.9113423
2512	1.0999323
2513	0.9441764
2514	2.6527913
2515	0.9328466
2516	1.3532645
2517	0.6033778
2518	0.68307626
2519	0.1668815
2520	0.3001336
2521	0.91365826
2522	0.87679803
2523	0.73895425
2524	0.37537187
2525	0.48447022
2526	6.0497894
2527	0.2513696
2528	2.94271
2529	1.5187026
2530	0.119091675
2531	0.91598153
2532	3.5299153
2533	0.020257793
2534	0.915269
2535	9.404814
2536	1.0557238
2537	0.0978535
2538	0.7618537
2539	3.3708801
2540	0.6008469
2541	0.5081876
2542	8.905035
2543	0.76713955
2544	6.3487597
2545	0.9541203
2546	0.5276254
2547	3.5669513
2548	0.25969905
2549	0.59125245
2550	1.3712715
2551	9.778132
2552	1.0229241
2553	1.982732
2554	0.15314975
2555	1.0197527
2556	0.48037314
2557	12.267339
2558	16.214235
2559	0.6017134
2560	1.139361
2561	0.38309586
2562	1.6647435
2563	0.2951756
2564	0.01
2565	2.9562707
2566	0.7091876
2567	0.3781145
2568	0.04455305
2569	1.145899
2570	0.5983095
2571	0.26553717
2572	1.4048381
2573	1.4473071
2574	0.8172576
2575	1.2744426
2576	0.79900354
2577	1.3984098
2578	4.696268
2579	2.2537277
2580	0.47536412
2581	2.3049786
2582	0.16666362
2583	1.4789014
2584	1.822274
2585	7.139339
2586	1.3061332
2587	1.8513302
2588	1.5560654
2589	0.6478267
2590	0.75649226
2591	0.6527456
2592	0.06738142
2593	0.173845
2594	1.2919079
2595	0.8720141
2596	0.85738885
2597	1.6135637
2598	4.4363165
2599	0.60648096
2600	0.64426166
2601	3.5999997
2602	0.5728418
2603	1.2181051
2604	0.313271
2605	0.7770936
2606	0.21165913
2607	0.31778657
2608	0.3251429
2609	2.9532926
2610	0.64845276
2611	0.2870968
2612	17.10964
2613	0.58045983
2614	1.5376558
2615	0.36672145
2616	0.036398042
2617	3.2193072
2618	0.33330673
2619	0.10431464
2620	0.6560891
2621	0.09184879
2622	0.10456845
2623	0.98142314
2624	1.478183
2625	0.5096479
2626	0.735406
2627	0.5807607
2628	1.4020431
2629	0.33267888
2630	2.7620232
2631	0.5109376
2632	0.1551976
2633	2.339982
2634	1.243253
2635	3.5384603
2636	0.2206479
2637	0.1801914
2638	0.50361085
2639	0.36785755
2640	0.32491884
2641	7.896285
2642	1.0340089
2643	0.3808431
2644	0.24555832
2645	12.378453
2646	0.5343358
2647	0.77667207
2648	0.7802562
2649	0.6199766
2650	1.1333781
2651	0.24816309
2652	0.8540655
2653	0.469612
2654	1.8272012
2655	3.4124672
2656	2.9564068
2657	0.39090928
2658	2.6729152
2659	0.0673339
2660	0.3138605
2661	0.5175418
2662	1.4618763
2663	0.40698957
2664	0.56721383
2665	1.413602
2666	1.0585498
2667	0.15938857
2668	1.2988
2669	0.8399274
2670	0.93004435
2671	1.570205
2672	1.0797415
2673	4.671184
2674	1.4810249
2675	9.417534
2676	0.21910967
2677	0.1262458
2678	3.7109778
2679	0.7981941
2680	0.6578893
2681	3.5474467
2682	0.19955012
2683	0.20793676
2684	0.30737358
2685	0.9443605
2686	1.5021449
2687	0.46994948
2688	0.26918674
2689	2.7957075
2690	0.01
2691	2.1688623
2692	0.8457738
2693	1.8856928
2694	1.3886598
2695	5.335599
2696	6.4473677
2697	10.298573
2698	0.24956815
2699	0.15337747
2700	0.987288
2701	0.6983943
2702	0.46178615
2703	1.2908198
2704	0.6342784
2705	14.812883
2706	1.414589
2707	0.21727256
2708	3.602898
2709	0.45620233
2710	0.03593475
2711	0.082040235
2712	0.1619494
2713	0.44413868
2714	0.7063248
2715	0.030014208
2716	1.1371597
2717	0.29755402
2718	1.0916212
2719	0.7154689
2720	0.5373823
2721	1.6991578
2722	0.29893497
2723	2.901362
2724	0.16977023
2725	0.29623443
2726	0.103967726
2727	0.12159966
2728	0.2708168
2729	1.28229
2730	2.0771618
2731	0.93912023
2732	0.077942565
2733	1.2994081
2734	0.6866697
2735	0.6477012
2736	0.69131243
2737	0.5136664
2738	3.856226
2739	0.01
2740	0.40654528
2741	0.15133508
2742	0.09249081
2743	0.96981055
2744	0.20540585
2745	1.0506319
2746	0.28356957
2747	0.1554079
2748	0.36175364
2749	2.9003031
2750	0.2659139
2751	2.0161946
2752	1.2120764
2753	0.064683214
2754	0.095146894
2755	0.4516144
2756	0.66192716
2757	0.01
2758	0.32523397
2759	3.8575768
2760	0.27147457
2761	1.387006
2762	0.11102361
2763	10.619514
2764	0.83526576
2765	0.01
2766	2.7360523
2767	0.01
2768	3.1339118
2769	0.38698184
2770	3.4311287
2771	0.75058246
2772	4.6569257
2773	0.20248905
2774	5.399376
2775	0.3459753
2776	1.8072376
2777	4.350669
2778	2.0378065
2779	0.2036995
2780	1.9438059
2781	0.39694536
2782	0.2537515
2783	0.39898425
2784	0.4766203
2785	1.4065388
2786	2.497612
2787	0.118122526
2788	2.094604
2789	3.851214
2790	1.5080268
2791	1.370135
2792	3.7097309
2793	0.59215605
2794	0.47669238
2795	0.42070615
2796	1.2331845
2797	1.7055507
2798	1.4312534
2799	1.3047041
2800	0.28349105
2801	1.9248796
2802	3.9913192
2803	1.9423276
2804	0.74467695
2805	5.199548
2806	1.235081
2807	0.20459203
2808	0.67102087
2809	0.3782714
2810	0.3032653
2811	0.01
2812	1.5814934
2813	0.12781157
2814	0.3413084
2815	0.3624082
2816	0.37428713
2817	3.474556
2818	1.3762562
2819	1.4261422
2820	0.2857136
2821	0.1040416
2822	0.53668004
2823	1.1036913
2824	0.48304987
2825	0.14073679
2826	0.16946915
2827	0.41514555
2828	0.21043509
2829	4.393924
2830	9.201584
2831	6.075003
2832	0.28271088
2833	0.041987184
2834	3.490508
2835	0.3268752
2836	1.3204561
2837	1.2363828
2838	0.28447244
2839	0.61708677
2840	0.08163977
2841	0.033572998
2842	0.24259649
2843	0.25721395
2844	0.6149822
2845	1.0692245
2846	3.193365
2847	1.1808722
2848	4.686169
2849	5.412393
2850	1.268673
2851	2.3760073
2852	0.2936157
2853	0.69040775
2854	0.31923193
2855	1.6893926
2856	0.3764824
2857	2.6039858
2858	1.0486488
2859	0.44851047
2860	0.10938708
2861	0.15694259
2862	0.59405196
2863	0.12399374
2864	0.39342988
2865	0.060649216
2866	2.2395287
2867	0.01
2868	0.33155674
2869	0.48606956
2870	1.6291134
2871	0.21418409
2872	2.5485673
2873	0.673478
2874	0.6397309
2875	0.34345376
2876	0.31272098
2877	0.01
2878	0.106249616
2879	0.26727027
2880	0.01
2881	0.14185871
2882	0.5072551
2883	0.6349137
2884	0.029642466
2885	1.6063174
2886	0.4154615
2887	0.39596456
2888	2.6982708
2889	0.23224615
2890	0.28753266
2891	1.7036692
2892	0.6077538
2893	2.1961875
2894	1.3049005
2895	0.26030648
2896	0.10758708
2897	2.7309191
2898	0.40824565
2899	0.058533337
2900	7.445003
2901	0.29679814
2902	0.26793656
2903	0.1241269
2904	0.27954507
2905	1.3688666
2906	0.15941165
2907	0.89217484
2908	3.4666002
2909	1.0827272
2910	0.20550022
2911	3.373671
2912	0.74102896
2913	0.24270676
2914	1.3974476
2915	1.3473109
2916	1.6916684
2917	0.57163525
2918	0.41648367
2919	0.16950949
2920	0.8673753
2921	0.6869156
2922	1.7541034
2923	0.22474359
2924	0.4674339
2925	4.9060225
2926	0.963867
2927	0.9888767
2928	3.3672276
2929	0.38774922
2930	0.99477345
2931	1.1104374
2932	0.26885357
2933	0.7129048
2934	0.7478294
2935	0.5365255
2936	0.99999994
2937	2.7183561
2938	0.1579638
2939	6.3275056
2940	0.26807687
2941	2.1657844
2942	1.9127674
2943	3.8818634
2944	1.2456464
2945	5.4357677
2946	1.5848539
2947	0.4057957
2948	0.9756595
2949	0.5079248
2950	0.78219956
2951	0.49319762
2952	0.2206929
2953	1.4892524
2954	1.2967659
2955	0.2460715
2956	0.52558845
2957	0.22996372
2958	1.5166806
2959	0.6223317
2960	1.7025685
2961	1.4858934
2962	0.44725993
2963	0.09400679
2964	1.6602548
2965	1.5176681
2966	0.0721275
2967	1.1497736
2968	0.49283135
2969	1.4400623
2970	0.32002056
2971	0.011467014
2972	0.10461127
2973	1.4283539
2974	0.13884284
2975	0.098483846
2976	3.132593
2977	4.5577583
2978	0.4570181
2979	0.47351816
2980	1.9570693
2981	1.6016512
2982	0.54499865
2983	0.28414834
2984	0.79483813
2985	0.19259252
2986	0.3188229
2987	0.3518728
2988	0.12999205
2989	1.5607773
2990	0.1523322
2991	0.9552472
2992	0.97890043
2993	3.5507429
2994	1.6192607
2995	0.01
2996	0.42318168
2997	0.51134354
2998	2.1754072
2999	0.12650691
3000	0.1259809
3001	0.85754055
3002	1.1160365
3003	1.3564299
3004	0.45415395
3005	0.054787442
3006	0.01788259
3007	0.32249564
3008	0.7408477
3009	2.7178943
3010	0.37157825
3011	1.3168799
3012	1.5746521
3013	4.636008
3014	1.6910343
3015	1.4696312
3016	0.38448218
3017	0.74815905
3018	5.497997
3019	2.0675848
3020	0.17713535
3021	0.88952756
3022	1.0091747
3023	0.41984254
3024	0.700359
3025	0.41722104
3026	9.540845
3027	2.1053443
3028	0.05019684
3029	1.0756156
3030	0.9242466
3031	0.7020925
3032	1.1511693
3033	2.1921186
3034	0.08339729
3035	0.01
3036	1.0455517
3037	0.23273163
3038	0.5328694
3039	0.13588233
3040	0.15017745
3041	0.5701395
3042	0.4883289
3043	0.11573301
3044	2.6915221
3045	6.1664124
3046	3.0020318
3047	0.13023818
3048	0.01
3049	9.921803
3050	19.6723
3051	0.01
3052	0.01
3053	1.535517
3054	0.4608277
3055	0.29638067
3056	2.9733205
3057	0.01
3058	0.81675154
3059	0.65109134
3060	0.45615223
3061	0.07717453
3062	0.4081767
3063	0.19616078
3064	0.23845948
3065	0.7016267
3066	1.3671345
3067	0.3653341
3068	0.4140749
3069	0.30340508
3070	0.33071765
3071	2.3196719
3072	0.7588713
3073	0.36142653
3074	0.17697409
3075	1.0953972
3076	0.2728505
3077	6.770711
3078	1.1656488
3079	0.3896579
3080	1.6308752
3081	0.6166952
3082	0.26503873
3083	0.2392399
3084	1.8125408
3085	1.5869291
3086	5.2331696
3087	0.6638979
3088	0.77872336
3089	5.711236
3090	1.1628392
3091	1.3098208
3092	11.975441
3093	0.35729873
3094	0.4695456
3095	3.3866165
3096	2.371711
3097	1.6722916
3098	0.91260314
3099	1.0587866
3100	0.7281977
3101	2.786499
3102	0.95085263
3103	0.24477085
3104	8.212738
3105	0.8276538
3106	2.2919497
3107	0.91547287
3108	0.18448417
3109	0.46385735
3110	0.6502996
3111	3.6144469
3112	5.714779
3113	1.9507313
3114	0.052420966
3115	0.26655945
3116	0.34224066
3117	0.6436571
3118	0.5693399
3119	0.2219655
3120	5.9881186
3121	0.35028556
3122	0.256345
3123	0.45045477
3124	0.53185534
3125	0.01
3126	0.11771316
3127	4.678074
3128	4.083926
3129	2.1352313
3130	2.4304333
3131	0.2992686
3132	1.1333646
3133	0.05616745
3134	1.071369
3135	0.8430171
3136	0.06515488
3137	0.91779566
3138	0.01
3139	0.14623097
3140	0.7901564
3141	0.110492945
3142	0.430277
3143	1.9476833
3144	0.29160503
3145	0.70911443
3146	0.65439194
3147	0.012295354
3148	0.47703233
3149	0.018315325
3150	5.626662
3151	13.976146
3152	0.6709551
3153	0.4538907
3154	0.8996979
3155	0.30667797
3156	0.053571977
3157	0.262071
3158	0.82333344
3159	0.28664458
3160	4.7729845
3161	1.461247
3162	0.500301
3163	0.26906425
3164	2.5913854
3165	2.048218
3166	1.6660604
3167	0.96083826
3168	1.5215088
3169	0.6347621
3170	0.5625111
3171	0.30004293
3172	0.23296908
3173	0.32171297
3174	0.49559993
3175	0.8278869
3176	0.7583871
3177	0.87833023
3178	0.6793733
3179	0.56577
3180	2.0716903
3181	2.4237425
3182	1.2029332
3183	3.326423
3184	0.6030402
3185	1.1395373
3186	0.8280759
3187	1.0854722
3188	0.5940715
3189	2.3293936
3190	0.6227488
3191	0.36651066
3192	0.50050575
3193	0.023838582
3194	0.15551458
3195	2.3333437
3196	0.287612
3197	0.28223675
3198	0.9249778
3199	0.4372272
3200	0.56743574
3201	2.201633
3202	4.805524
3203	2.9223936
3204	0.27572575
3205	1.6996527
3206	0.46747115
3207	1.9351424
3208	4.358387
3209	1.0052931
3210	1.1178374
3211	1.4217095
3212	1.061825
3213	0.32810187
3214	0.01
3215	0.5312886
3216	0.86440104
3217	3.544628
3218	0.058238283
3219	0.42832795
3220	0.040321123
3221	0.118021555
3222	0.01
3223	2.2768054
3224	0.39598668
3225	6.772203
3226	0.50299394
3227	0.60759026
3228	0.020326663
3229	0.29854944
3230	2.9505942
3231	0.8903796
3232	1.6376549
3233	0.15164901
3234	0.08140389
3235	1.0168089
3236	0.079795405
3237	0.021279795
3238	0.631712
3239	4.388696
3240	6.021199
3241	1.5239437
3242	0.28907248
3243	2.35387
3244	2.679224
3245	0.01
3246	0.3377365
3247	1.1673347
3248	3.2657955
3249	1.5300311
3250	1.018875
3251	0.72615653
3252	1.0539622
3253	2.072788
3254	0.01
3255	2.4169796
3256	1.070442
3257	0.7103164
3258	0.6677724
3259	0.17748554
3260	0.402533
3261	1.941173
3262	1.2176328
3263	0.6842146
3264	1.1167065
3265	0.987949
3266	0.23782857
3267	4.1744123
3268	2.3223732
3269	0.8716471
3270	0.01
3271	0.7886567
3272	0.6593021
3273	1.1988988
3274	0.84808415
3275	0.28391477
3276	2.7495236
3277	3.7191727
3278	0.44008523
3279	0.76018393
3280	1.1765743
3281	0.9304127
3282	0.5991339
3283	1.3667538
3284	0.64265335
3285	0.5612291
3286	1.7658242
3287	0.48903307
3288	2.1877558
3289	0.19421126
3290	2.498975
3291	0.7913345
3292	0.34682447
3293	3.2263973
3294	0.5474774
3295	1.5334132
3296	3.519674
3297	6.8290224
3298	3.8633935
3299	0.36260447
3300	0.72595835
3301	0.63469696
3302	0.72040504
3303	0.76152986
3304	1.174277
3305	0.19356546
3306	0.6229461
3307	0.27557856
3308	1.5192115
3309	0.6731118
3310	1.3108559
3311	0.048926458
3312	0.5946655
3313	0.47543135
3314	0.28497615
3315	0.33722883
3316	0.49396956
3317	0.2608523
3318	0.14693327
3319	2.3757317
3320	1.2283137
3321	1.7371647
3322	1.274054
3323	0.49565193
3324	0.32048866
3325	6.724447
3326	2.4184313
3327	0.55940855
3328	0.51824737
3329	2.4951618
3330	0.15668328
3331	0.81216663
3332	1.915608
3333	1.9688573
3334	0.93776095
3335	0.77068436
3336	9.380895
3337	1.1932685
3338	1.0688211
3339	1.3672613
3340	0.49849853
3341	0.7025992
3342	1.0693176
3343	2.1514413
3344	2.1574135
3345	1.699745
3346	0.21266915
3347	2.9840324
3348	0.13821898
3349	0.01
3350	0.8437938
3351	3.5916913
3352	2.8853347
3353	0.7608578
3354	0.73411757
3355	0.5894475
3356	0.4224838
3357	0.25464433
3358	1.3821826
3359	0.63330656
3360	1.3891852
3361	0.1257943
3362	1.1658618
3363	1.1047626
3364	0.7491219
3365	0.2879738
3366	0.032511976
3367	3.3612828
3368	7.857615
3369	0.12814261
3370	1.0774947
3371	0.88071245
3372	3.18975
3373	0.5433592
3374	0.07406017
3375	0.52815145
3376	0.9436428
3377	0.7419216
3378	2.265065
3379	0.35560519
3380	0.17311862
3381	0.16270854
3382	0.36098525
3383	0.25095758
3384	0.5291721
3385	0.5248546
3386	0.24445972
3387	0.9844557
3388	0.33047053
3389	0.5597681
3390	0.64468724
3391	2.1461027
3392	0.97482413
3393	0.21904242
3394	1.0955445
3395	0.5211048
3396	0.53242385
3397	0.3031592
3398	0.24990483
3399	0.42909464
3400	1.842105
3401	1.3879144
3402	0.10220274
3403	0.3243924
3404	0.01
3405	0.7315765
3406	1.6613514
3407	3.5092833
3408	1.9845715
3409	0.01
3410	0.21546517
3411	0.046473294
3412	0.06771315
3413	0.72401136
3414	0.18693782
3415	1.1154495
3416	0.98513633
3417	0.01
3418	0.9190679
3419	0.14362852
3420	0.01752651
3421	0.048118014
3422	1.1116152
3423	1.1664196
3424	0.5720725
3425	0.40319175
3426	0.19528271
3427	0.30000725
3428	11.33299
3429	0.18021353
3430	0.58929527
3431	0.35892442
3432	0.36907107
3433	0.12269558
3434	0.10668599
3435	4.0484505
3436	4.859592
3437	0.6408637
3438	0.39205992
3439	0.21555379
3440	0.22220409
3441	0.39315695
3442	0.3934697
3443	0.35313052
3444	0.01
3445	0.01
3446	0.10442585
3447	1.4031636
3448	1.2391895
3449	0.7805696
3450	4.044766
3451	0.8734002
3452	5.0116467
3453	10.08232
3454	0.01
3455	0.16178712
3456	2.8502002
3457	2.4549875
3458	5.8971615
3459	0.8106974
3460	0.84046143
3461	0.44390053
3462	1.5744305
3463	1.3524693
3464	3.4839137
3465	0.5327961
3466	0.3795865
3467	1.087907
3468	1.1972826
3469	6.105159
3470	2.406623
3471	0.90053445
3472	0.14496428
3473	2.122449
3474	0.76039374
3475	0.35364085
3476	3.1877112
3477	0.08451019
3478	1.504479
3479	0.48510092
3480	0.4132751
3481	0.45226425
3482	0.3546277
3483	1.5163571
3484	0.055232406
3485	0.58475953
3486	0.09231608
3487	1.6302108
3488	0.66937804
3489	2.1379313
3490	4.220965
3491	1.0455973
3492	0.20205118
3493	0.5320452
3494	0.27484396
3495	0.389132
3496	0.6926305
3497	0.020483386
3498	0.74593484
3499	4.9143043
3500	0.22406414
3501	1.0347751
3502	0.01
3503	0.07915617
3504	0.8317366
3505	0.28854406
3506	4.534443
3507	0.98433816
3508	1.718734
3509	0.05805209
3510	0.4865525
3511	0.050981894
3512	0.2907578
3513	0.01
3514	0.61587197
3515	0.19150782
3516	2.8916967
3517	0.75613713
3518	1.3838637
3519	1.0275066
3520	0.5138814
3521	3.1998427
3522	5.2155423
3523	0.27213207
3524	0.1706092
3525	1.7722791
3526	1.8991057
3527	0.41997454
3528	0.22612906
3529	1.7830275
3530	2.4467702
3531	0.5072665
3532	0.01
3533	0.36774892
3534	1.1077554
3535	1.4105521
3536	4.445148
3537	2.1907144
3538	0.96394706
3539	0.01
3540	0.20288068
3541	0.0697013
3542	0.6260454
3543	1.3138096
3544	1.0845165
3545	0.5763402
3546	0.16599526
3547	0.6007817
3548	1.5467237
3549	0.61670476
3550	1.0517207
3551	0.24243864
3552	0.50367075
3553	1.4431589
3554	0.94951195
3555	0.6172143
3556	0.66781527
3557	2.6082563
3558	0.719906
3559	0.62020326
3560	1.8100517
3561	0.66276973
3562	0.19392647
3563	0.570602
3564	3.3618073
3565	4.0711403
3566	2.3251958
3567	0.92288494
3568	1.8260195
3569	0.5827852
3570	0.5745294
3571	0.8816192
3572	0.9152601
3573	1.195072
3574	1.6674951
3575	18.702768
3576	15.658038
3577	0.18605198
3578	2.3777606
3579	4.113107
3580	1.6936501
3581	0.6527779
3582	0.40830457
3583	2.5047865
3584	0.4216426
3585	0.51067096
3586	1.775023
3587	1.0631036
3588	0.43396637
3589	13.659154
3590	0.8562225
3591	0.99524784
3592	0.72119987
3593	0.5506659
3594	1.3759934
3595	0.52248245
3596	0.8319772
3597	12.703997
3598	1.7270911
3599	0.5186638
3600	1.0020113
3601	3.1438816
3602	0.84951586
3603	2.223525
3604	1.6343787
3605	3.978397
3606	0.9500385
3607	0.3411794
3608	5.472547
3609	0.33028755
3610	0.736643
3611	0.16540109
3612	0.13091454
3613	0.6851707
3614	4.782222
3615	0.62100476
3616	1.28546
3617	1.4626278
3618	0.28693765
3619	0.36471328
3620	0.65297425
3621	2.8551006
3622	4.2191157
3623	2.395139
3624	1.9588007
3625	1.6153169
3626	0.5562964
3627	0.34359455
3628	0.6407641
3629	0.85398513
3630	1.7352763
3631	2.742445
3632	1.1280768
3633	0.7141864
3634	0.35641578
3635	0.23265626
3636	0.22184113
3637	1.9425908
3638	1.9394017
3639	3.6115787
3640	6.9936523
3641	2.9057462
3642	0.88036394
3643	1.0854522
3644	1.6605728
3645	0.83071226
3646	0.25924706
3647	0.9846779
3648	0.3144467
3649	0.4377925
3650	0.50626624
3651	0.7483379
3652	7.547869
3653	0.93820244
3654	0.12800923
3655	1.8418527
3656	0.9108602
3657	7.1633306
3658	1.3386
3659	0.20708023
3660	3.7125385
3661	0.22852014
3662	0.43886474
3663	0.99220204
3664	2.8620808
3665	4.006701
3666	0.59558696
3667	0.1942859
3668	1.325349
3669	1.6158334
3670	0.6495607
3671	1.1994677
3672	1.9741036
3673	0.028039508
3674	3.0263844
3675	0.9782783
3676	0.77243334
3677	2.260147
3678	0.19122143
3679	2.8232496
3680	0.5807571
3681	1.0215038
3682	0.50351936
3683	1.2695409
3684	0.3599666
3685	0.87611574
3686	0.01
3687	0.27626345
3688	0.37449613
3689	0.5768295
3690	0.15751371
3691	0.2076018
3692	0.20391619
3693	0.18366452
3694	0.23435196
3695	0.10229704
3696	0.38633338
3697	0.38949293
3698	0.13574085
3699	1.5980968
3700	1.8068128
3701	0.486014
3702	0.39762628
3703	0.0735994
3704	0.26237506
3705	1.3910811
3706	0.49580997
3707	0.17677513
3708	1.1205963
3709	1.2699661
3710	1.5520486
3711	1.5565627
3712	0.48385465
3713	0.77220464
3714	0.9477405
3715	3.1658726
3716	0.54234135
3717	4.0220942
3718	0.65581036
3719	1.9518969
3720	1.6352613
3721	1.6634674
3722	0.46843717
3723	0.25181788
3724	0.76575947
3725	0.23732983
3726	2.2348394
3727	3.9967265
3728	1.2571024
3729	0.12537801
3730	0.15249197
3731	0.43693012
3732	0.40742522
3733	0.681188
3734	1.1889412
3735	0.79945886
3736	0.9193812
3737	1.2501266
3738	0.572706
3739	0.8675155
3740	7.859247
3741	5.256239
3742	1.4635179
3743	0.83764815
3744	0.9672988
3745	0.54681367
3746	1.4564584
3747	0.13780588
3748	0.7918272
3749	0.44280237
3750	2.0159907
3751	2.7486658
3752	0.86447334
3753	0.42713174
3754	0.52005
3755	2.099493
3756	0.46947992
3757	0.11786731
3758	0.15297243
3759	0.67925185
3760	0.18191512
3761	0.09162915
3762	0.059568968
3763	0.01
3764	0.41957012
3765	2.828471
3766	0.499717
3767	0.45098573
3768	1.1866361
3769	0.43323594
3770	1.6921194
3771	1.3303466
3772	1.4721802
3773	3.042999
3774	0.77800465
3775	0.44804266
3776	0.36546573
3777	0.17614333
3778	2.1043644
3779	0.31967917
3780	0.42849377
3781	1.0623709
3782	1.2533438
3783	5.190756
3784	0.37122533
3785	3.0430675
3786	0.7473388
3787	0.074796125
3788	1.1953405
3789	0.14372566
3790	0.38366205
3791	0.83860105
3792	0.27929866
3793	0.31197062
3794	0.39961135
3795	0.27692962
3796	0.3319506
3797	0.64756554
3798	0.2766932
3799	0.44843873
3800	0.8304743
3801	4.112072
3802	1.6735654
3803	0.7270257
3804	0.11585802
3805	0.167692
3806	0.68214923
3807	0.05389422
3808	3.8444436
3809	0.23115557
3810	1.3300612
3811	9.943275
3812	0.52294654
3813	0.11877324
3814	0.24004577
3815	1.6432438
3816	0.2517099
3817	1.3494595
3818	0.13178384
3819	3.162899
3820	2.928463
3821	0.01
3822	0.40167686
3823	3.3544888
3824	0.71649235
3825	0.5634882
3826	0.06333281
3827	0.6601478
3828	0.734015
3829	2.305597
3830	0.32939258
3831	2.516267
3832	1.0499057
3833	4.2032056
3834	0.03986642
3835	1.8259624
3836	1.1373024
3837	0.24089432
3838	0.50359917
3839	0.6957571
3840	1.234613
3841	1.8157321
3842	0.62565815
3843	0.87316924
3844	1.528508
3845	0.42523175
3846	0.2452458
3847	0.11076797
3848	1.906143
3849	0.019383466
3850	0.8593618
3851	0.22011438
3852	2.125591
3853	1.8379169
3854	1.2731647
3855	0.7713824
3856	0.9373674
3857	0.021113835
3858	2.3614964
3859	0.45124367
3860	9.0806
3861	0.01
3862	1.9678447
3863	0.28963977
3864	1.6483847
3865	0.17325656
3866	0.43690148
3867	2.1642857
3868	1.2293174
3869	0.6324328
3870	0.6004806
3871	0.35026932
3872	0.4383721
3873	0.19680387
3874	0.67428654
3875	0.35915923
3876	9.080587
3877	1.6079271
3878	0.01
3879	1.1594023
3880	0.6832889
3881	0.20727648
3882	1.6560725
3883	6.15235
3884	0.55804193
3885	0.22069314
3886	0.35591516
3887	1.3939307
3888	0.90151757
3889	1.0216537
3890	1.6093285
3891	0.057950146
3892	0.7471789
3893	0.3083964
3894	0.49434075
3895	4.0989485
3896	0.28749436
3897	0.71384627
3898	0.75027704
3899	3.1655629
3900	0.77381295
3901	1.0669056
3902	3.028111
3903	0.9846317
3904	0.2069677
3905	1.1856964
3906	0.8175111
3907	0.6997049
3908	2.5214272
3909	0.01
3910	1.1114422
3911	0.09060498
3912	1.6349326
3913	0.08212217
3914	0.01
3915	0.06474755
3916	0.82880163
3917	0.721608
3918	0.31901577
3919	0.67411083
3920	0.2947933
3921	0.50578225
3922	1.431177
3923	0.7845171
3924	0.01
3925	1.5524974
3926	0.88209903
3927	0.70851195
3928	0.21536
3929	0.9753397
3930	0.8074253
3931	0.43851408
3932	5.100698
3933	5.07282
3934	1.4892309
3935	0.59556884
3936	6.895074
3937	2.7206428
3938	0.16327094
3939	1.2087568
3940	0.07548558
3941	0.37864813
3942	0.01
3943	1.2735451
3944	0.23531935
3945	0.8363113
3946	0.43941143
3947	1.086583
3948	0.605098
3949	0.32522282
3950	0.5362984
3951	0.05467448
3952	0.23923634
3953	0.043740112
3954	6.8503537
3955	0.580767
3956	0.36579674
3957	0.71439403
3958	0.32697058
3959	4.067935
3960	5.328113
3961	1.6252787
3962	4.418548
3963	0.5283225
3964	1.7177356
3965	4.327297
3966	4.0297594
3967	0.8003642
3968	3.6307087
3969	1.3894175
3970	2.2319763
3971	0.69046885
3972	3.7196639
3973	3.076743
3974	0.6630637
3975	3.829526
3976	1.1484427
3977	0.6902465
3978	0.4187213
3979	4.934232
3980	0.29946706
3981	0.14749472
3982	0.01
3983	0.18210056
3984	12.614983
3985	0.3287444
3986	0.14403908
3987	0.08821889
3988	4.6436133
3989	0.16591534
3990	0.7123994
3991	0.49208176
3992	0.2071931
3993	0.20154834
3994	0.50926656
3995	11.822879
3996	0.01
3997	0.01
3998	2.3490477
3999	0.24307935
4000	0.15107644
4001	1.4028018
4002	0.9460144
4003	3.4330618
4004	0.07887289
4005	0.123549834
4006	0.14393571
4007	0.27604726
4008	0.09698726
4009	4.502277
4010	0.396539
4011	0.46280432
4012	0.33730233
4013	1.7843407
4014	1.0541346
4015	2.5787032
4016	1.4478501
4017	0.54345715
4018	0.2092024
4019	4.482644
4020	1.3995875
4021	10.671902
4022	4.2776833
4023	0.20444489
4024	0.30094287
4025	0.052392215
4026	0.27464
4027	0.31429678
4028	1.1778376
4029	0.4786885
4030	0.4990112
4031	2.7817352
4032	1.2571745
4033	1.284048
4034	1.0982028
4035	6.4340196
4036	1.0973897
4037	0.5848133
4038	0.39939532
4039	1.8364555
4040	2.0732675
4041	0.5182976
4042	2.9341984
4043	7.099672
4044	0.72273535
4045	1.5789162
4046	0.43244714
4047	2.2239554
4048	1.0523205
4049	2.1690023
4050	0.94208723
4051	1.1912156
4052	0.5218901
4053	0.010848708
4054	0.32445443
4055	0.58270675
4056	3.36331
4057	0.83967066
4058	1.3436604
4059	1.771839
4060	1.0378048
4061	1.2662411
4062	1.939784
4063	0.8324513
4064	5.0069275
4065	13.745733
4066	1.7166857
4067	0.63646984
4068	0.9962715
4069	1.1280286
4070	3.4583404
4071	2.4701636
4072	0.82750875
4073	1.514727
4074	1.8225886
4075	1.4811383
4076	11.736
4077	5.626151
4078	0.63283503
4079	1.2380413
4080	1.6853058
4081	0.01
4082	0.948049
4083	0.01
4084	0.01
4085	0.44020772
4086	1.6774899
4087	0.1631915
4088	0.3098696
4089	0.63070226
4090	0.38716507
4091	0.9492837
4092	0.8463521
4093	0.9530411
4094	7.1219044
4095	1.0855856
4096	1.2376809
4097	1.4331784
4098	1.1823251
4099	0.35185876
4100	0.734262
4101	2.4512253
4102	0.79334927
4103	1.2781465
4104	0.7506052
4105	0.37549925
4106	1.6912655
4107	1.0577856
4108	0.01
4109	0.08905683
4110	0.22815582
4111	0.9747286
4112	6.228641
4113	0.7319491
4114	0.34748998
4115	0.8157411
4116	0.028415918
4117	2.0116217
4118	0.01
4119	0.49707603
4120	0.2124934
4121	0.96987134
4122	1.9007983
4123	2.014264
4124	1.3253615
4125	0.04373708
4126	0.3073189
4127	5.5794063
4128	0.3905233
4129	0.5793625
4130	0.19539942
4131	1.2552595
4132	3.9459162
4133	1.6360811
4134	3.5025668
4135	0.11377869
4136	2.570177
4137	0.85235566
4138	1.710898
4139	2.0004735
4140	5.2227983
4141	0.20324987
4142	1.5851525
4143	12.63978
4144	1.6279204
4145	2.724662
4146	1.8120252
4147	1.0982807
4148	2.7229588
4149	2.5042808
4150	1.1001236
4151	0.54155636
4152	0.6438423
4153	0.51216406
4154	0.78615457
4155	5.812498
4156	0.852954
4157	0.40223894
4158	1.7735676
4159	2.8170333
4160	2.143205
4161	1.1748488
4162	4.790364
4163	0.7661375
4164	0.084629275
4165	1.2706295
4166	0.16149014
4167	0.2658263
4168	0.28727555
4169	0.06973179
4170	0.01
4171	0.5845549
4172	0.8515195
4173	0.61238027
4174	2.3531082
4175	0.22935574
4176	0.01
4177	0.17889483
4178	0.01
4179	0.36772743
4180	0.21370308
4181	1.4041058
4182	0.6690364
4183	1.2842407
4184	1.0130231
4185	0.64179075
4186	0.01
4187	0.5656235
4188	0.49310675
4189	0.87647855
4190	0.6203279
4191	2.1038992
4192	0.21542232
4193	0.314599
4194	1.6551745
4195	0.4533489
4196	0.01
4197	0.30775115
4198	0.41210908
4199	2.3588996
4200	0.24646254
4201	0.07587427
4202	0.81441253
4203	1.3763895
4204	0.40725514
4205	0.42833245
4206	1.1006633
4207	4.0778494
4208	1.5961332
4209	0.27605888
4210	6.326603
4211	0.8027003
4212	0.01
4213	1.0595255
4214	0.018845253
4215	7.5618935
4216	1.4045489
4217	1.932013
4218	0.17660242
4219	0.44913438
4220	0.2678716
4221	1.3043197
4222	0.6240204
4223	3.603066
4224	4.702935
4225	11.565275
4226	0.17656332
4227	0.19654526
4228	1.3511734
4229	2.1926644
4230	1.0042917
4231	1.5445817
4232	0.55075586
4233	2.25875
4234	0.29634288
4235	11.212871
4236	11.14445
4237	0.8369294
4238	1.7508374
4239	1.9314084
4240	0.01
4241	0.22012988
4242	0.01
4243	2.1400056
4244	0.49761206
4245	0.1305743
4246	0.36142033
4247	0.41083327
4248	1.4642467
4249	0.15127778
4250	0.1354204
4251	0.4562901
4252	1.4269807
4253	1.31454
4254	0.05587421
4255	0.8939194
4256	0.8856001
4257	0.4202401
4258	0.5364611
4259	4.341624
4260	0.3320726
4261	1.4708209
4262	0.73840016
4263	0.6913471
4264	4.6010385
4265	0.26789832
4266	0.20206589
4267	10.568973
4268	0.5360617
4269	0.6663087
4270	2.0221794
4271	1.201873
4272	0.26144385
4273	0.048263934
4274	0.01
4275	0.3221657
4276	0.017502917
4277	0.12903365
4278	0.18582737
4279	0.19569953
4280	6.5754523
4281	1.052296
4282	1.136249
4283	0.12769759
4284	0.11459536
4285	0.6874899
4286	0.09071334
4287	1.7001468
4288	0.11302452
4289	0.1583907
4290	1.0025808
