385	683.4271193	90
481	273.3708477	36
577	888.455255	117
673	7882.192775	1038
9	1465.571489	193
105	2164.185878	285
201	736.5825619	97
297	736.5825619	97
393	2445.15036	322
489	379.6817329	50
585	1389.635142	183
681	569.5225994	75
17	539.1480607	71
113	2073.062262	273
209	728.9889272	96
305	1146.638833	151
401	1025.140679	135
497	1177.013372	155
593	1017.547044	134
689	1435.19695	189
25	1366.854239	180
121	2164.185878	285
217	356.9008289	47
313	630.2716767	83
409	1268.136988	167
505	1655.412356	218
601	1989.532281	262
697	1214.981545	160
33	964.3916016	127
129	1047.921583	138
225	751.7698312	99
321	1382.041508	182
417	592.3035034	78
513	9848.944152	1297
609	880.8616204	116
705	1108.67066	146
41	3158.952018	416
137	2809.644824	370
233	379.6817329	50
329	212.6217704	28
425	448.0244448	59
521	713.8016579	94
617	1047.921583	138
713	523.9607914	69
49	448.0244448	59
145	812.5189085	107
241	402.4626369	53
337	1306.105161	172
433	1199.794276	158
529	971.9852363	128
625	8079.627277	1064
721	539.1480607	71
57	364.4944636	48
153	1359.260604	179
249	296.1517517	39
345	941.6106976	124
441	425.2435409	56
537	569.5225994	75
633	1351.666969	178
729	987.1725056	130
65	448.0244448	59
161	1214.981545	160
257	151.8726932	20
353	303.7453863	40
449	242.9963091	32
545	311.339021	41
641	850.4870817	112
737	311.339021	41
73	402.4626369	53
169	1161.826103	153
265	425.2435409	56
361	1503.539662	198
457	364.4944636	48
553	311.339021	41
649	1313.698796	173
745	2513.493072	331
81	691.0207539	91
177	842.8934471	111
273	387.2753676	51
369	1328.886065	175
465	212.6217704	28
561	1214.981545	160
657	713.8016579	94
753	11268.95383	1484
89	622.678042	82
185	1488.352393	196
281	523.9607914	69
377	2642.584861	348
769	364.4944636	48
865	637.8653113	84
961	6606.462153	870
1057	3341.19925	440
1153	379.6817329	50
1249	212.6217704	28
1345	501.1798875	66
1441	485.9926181	64
777	789.7380045	104
873	5201.639741	685
969	402.4626369	53
1065	584.7098687	77
1161	1571.882374	207
1257	432.8371755	57
1353	637.8653113	84
1449	1032.734314	136
785	812.5189085	107
881	379.6817329	50
977	2042.687723	269
1073	3120.983845	411
1169	880.8616204	116
1265	1951.564107	257
1361	1328.886065	175
1457	379.6817329	50
793	311.339021	41
889	2194.560416	289
985	334.119925	44
1081	182.2472318	24
1177	273.3708477	36
1273	356.9008289	47
1369	227.8090398	30
1465	440.4308102	58
801	5437.042415	716
897	531.5544261	70
993	227.8090398	30
1089	394.8690022	52
1185	493.5862528	65
1281	744.1761965	98
1377	463.2117142	61
1473	531.5544261	70
809	751.7698312	99
905	303.7453863	40
1001	478.3989835	63
1097	850.4870817	112
1193	554.3353301	73
1289	478.3989835	63
1385	1025.140679	135
1481	273.3708477	36
817	1123.857929	148
913	364.4944636	48
1009	645.458946	85
1105	197.4345011	26
1201	622.678042	82
1297	1389.635142	183
1393	561.9289647	74
1489	280.9644824	37
825	5011.798875	660
921	531.5544261	70
1017	303.7453863	40
1113	971.9852363	128
1209	873.2679857	115
1305	3288.043807	433
1401	706.2080232	93
1497	250.5899437	33
833	1480.758758	195
929	577.116234	76
1025	964.3916016	127
1121	349.3071943	46
1217	516.3671568	68
1313	584.7098687	77
1409	349.3071943	46
1505	417.6499062	55
841	2118.62407	279
937	584.7098687	77
1033	637.8653113	84
1129	242.9963091	32
1225	2680.553034	353
1321	2452.743995	323
1417	402.4626369	53
1513	1131.451564	149
849	3682.912809	485
945	592.3035034	78
1041	455.6180795	60
1137	2604.616688	343
1233	880.8616204	116
1329	706.2080232	93
1425	630.2716767	83
1521	691.0207539	91
857	1336.4797	176
953	1032.734314	136
1049	858.0807164	113
1145	349.3071943	46
1241	311.339021	41
1337	356.9008289	47
1433	1404.822412	185
1529	2293.277667	302
2	660.6462153	87
98	6014.158649	792
194	637.8653113	84
290	653.0525806	86
386	5733.194167	755
482	364.4944636	48
578	1078.296121	142
674	1693.380529	223
10	691.0207539	91
106	630.2716767	83
202	880.8616204	116
298	501.1798875	66
394	1161.826103	153
490	865.6743511	114
586	1442.790585	190
682	1047.921583	138
18	1943.970473	256
114	903.6425244	119
210	356.9008289	47
306	227.8090398	30
402	744.1761965	98
498	394.8690022	52
594	288.558117	38
690	455.6180795	60
26	782.1443698	103
122	637.8653113	84
218	728.9889272	96
314	6135.656804	808
410	493.5862528	65
506	721.3952926	95
602	1070.702487	141
698	1366.854239	180
34	941.6106976	124
130	1154.232468	152
226	440.4308102	58
322	425.2435409	56
418	318.9326557	42
514	220.2154051	29
610	728.9889272	96
706	1784.504145	235
42	1769.316875	233
138	1017.547044	134
234	242.9963091	32
330	615.0844073	81
426	554.3353301	73
522	668.2398499	88
618	615.0844073	81
714	1541.507836	203
50	425.2435409	56
146	789.7380045	104
242	326.5262903	43
338	1207.387911	159
434	387.2753676	51
530	713.8016579	94
626	296.1517517	39
722	1108.67066	146
58	288.558117	38
154	561.9289647	74
250	797.3316391	105
346	1518.726932	200
442	1009.95341	133
538	394.8690022	52
634	979.5788709	129
730	3379.167423	445
66	318.9326557	42
162	265.777213	35
258	523.9607914	69
354	766.9571005	101
450	341.7135596	45
546	265.777213	35
642	1002.359775	132
738	364.4944636	48
74	235.4026744	31
170	334.119925	44
266	326.5262903	43
362	3212.107461	423
458	417.6499062	55
554	379.6817329	50
650	417.6499062	55
746	440.4308102	58
82	660.6462153	87
178	1070.702487	141
274	774.5507352	102
370	1678.19326	221
466	470.8053488	62
562	470.8053488	62
658	1898.408665	250
754	364.4944636	48
90	994.7661403	131
186	432.8371755	57
282	394.8690022	52
378	2756.489381	363
474	106.3108852	14
570	379.6817329	50
666	599.897138	79
762	766.9571005	101
770	599.897138	79
866	220.2154051	29
962	379.6817329	50
1058	349.3071943	46
1154	2877.987536	379
1250	546.7416954	72
1346	607.4907727	80
1442	2505.899437	330
778	1344.073335	177
874	242.9963091	32
970	402.4626369	53
1066	311.339021	41
1162	789.7380045	104
1258	455.6180795	60
1354	994.7661403	131
1450	4685.272584	617
786	637.8653113	84
882	1609.850548	212
978	296.1517517	39
1074	296.1517517	39
1170	364.4944636	48
1266	402.4626369	53
1362	1002.359775	132
1458	13091.42615	1724
794	918.8297937	121
890	691.0207539	91
986	250.5899437	33
1082	311.339021	41
1178	364.4944636	48
1274	356.9008289	47
1370	470.8053488	62
1466	455.6180795	60
802	440.4308102	58
898	364.4944636	48
994	349.3071943	46
1090	387.2753676	51
1186	1442.790585	190
1282	660.6462153	87
1378	728.9889272	96
1474	356.9008289	47
810	12962.33436	1707
906	926.4234283	122
1002	698.6143886	92
1098	364.4944636	48
1194	736.5825619	97
1290	592.3035034	78
1386	577.116234	76
1482	387.2753676	51
818	630.2716767	83
914	1579.476009	208
1010	1139.045199	150
1106	820.1125431	108
1202	478.3989835	63
1298	394.8690022	52
1394	1450.38422	191
1490	12696.55715	1672
826	911.236159	120
922	827.7061778	109
1018	1473.165124	194
1114	432.8371755	57
1210	1716.161433	226
1306	15415.07836	2030
1402	1442.790585	190
1498	326.5262903	43
834	744.1761965	98
930	364.4944636	48
1026	577.116234	76
1122	387.2753676	51
1218	835.2998124	110
1314	493.5862528	65
1410	804.9252738	106
1506	280.9644824	37
842	987.1725056	130
938	493.5862528	65
1034	448.0244448	59
1130	546.7416954	72
1226	387.2753676	51
1322	485.9926181	64
1418	1420.009681	187
1514	11709.38464	1542
850	1700.974163	224
946	387.2753676	51
1042	296.1517517	39
1138	1617.444182	213
1234	645.458946	85
1330	691.0207539	91
1426	478.3989835	63
1522	425.2435409	56
858	615.0844073	81
954	311.339021	41
1050	554.3353301	73
1146	455.6180795	60
1242	994.7661403	131
1338	721.3952926	95
1434	721.3952926	95
1530	242.9963091	32
3	1374.447873	181
99	10653.86943	1403
195	1488.352393	196
291	273.3708477	36
387	820.1125431	108
483	599.897138	79
579	1252.949719	165
675	569.5225994	75
11	1336.4797	176
107	1199.794276	158
203	402.4626369	53
299	8558.02626	1127
395	1913.595934	252
491	1412.416046	186
587	3804.410964	501
683	1723.755067	227
19	812.5189085	107
115	2429.963091	320
211	341.7135596	45
307	531.5544261	70
403	288.558117	38
499	372.0880983	49
595	1761.723241	232
691	501.1798875	66
27	2976.704786	392
123	3090.609306	407
219	2467.931264	325
315	1336.4797	176
411	493.5862528	65
507	1101.077025	145
603	523.9607914	69
699	1761.723241	232
35	258.1835784	34
131	804.9252738	106
227	273.3708477	36
323	835.2998124	110
419	311.339021	41
515	5156.077933	679
611	7935.348218	1045
707	637.8653113	84
43	31665.45653	4170
139	3948.690022	520
235	356.9008289	47
331	2733.708477	360
427	273.3708477	36
523	508.7735221	67
619	3462.697404	456
715	372.0880983	49
51	288.558117	38
147	2156.592243	284
243	303.7453863	40
339	227.8090398	30
435	569.5225994	75
531	880.8616204	116
627	1564.28874	206
723	660.6462153	87
59	440.4308102	58
155	4055.000908	534
251	258.1835784	34
347	394.8690022	52
443	273.3708477	36
539	1397.228777	184
635	387.2753676	51
731	3204.513826	422
67	645.458946	85
163	8816.209838	1161
259	379.6817329	50
355	3591.789193	473
451	258.1835784	34
547	265.777213	35
643	1625.037817	214
739	311.339021	41
75	660.6462153	87
171	759.3634658	100
267	2209.747686	291
363	6135.656804	808
459	432.8371755	57
555	1435.19695	189
651	1435.19695	189
747	835.2998124	110
83	615.0844073	81
179	3075.422037	405
275	5269.982453	694
371	1663.00599	219
467	410.0562716	54
563	485.9926181	64
659	782.1443698	103
755	1860.440491	245
91	706.2080232	93
187	3728.474617	491
283	5011.798875	660
379	3956.283657	521
475	539.1480607	71
571	569.5225994	75
667	4472.650814	589
763	630.2716767	83
771	235.4026744	31
867	1480.758758	195
963	189.8408665	25
1059	265.777213	35
1155	349.3071943	46
1251	615.0844073	81
1347	280.9644824	37
1443	1890.81503	249
779	994.7661403	131
875	820.1125431	108
971	296.1517517	39
1067	265.777213	35
1163	569.5225994	75
1259	318.9326557	42
1355	410.0562716	54
1451	706.2080232	93
787	5345.9188	704
883	728.9889272	96
979	303.7453863	40
1075	797.3316391	105
1171	858.0807164	113
1267	341.7135596	45
1363	235.4026744	31
1459	463.2117142	61
795	318.9326557	42
891	493.5862528	65
987	174.6535971	23
1083	106.3108852	14
1179	242.9963091	32
1275	1283.324257	169
1371	3045.047498	401
1467	455.6180795	60
803	1017.547044	134
899	280.9644824	37
995	273.3708477	36
1091	189.8408665	25
1187	341.7135596	45
1283	493.5862528	65
1379	759.3634658	100
1475	546.7416954	72
811	280.9644824	37
907	265.777213	35
1003	455.6180795	60
1099	1556.695105	205
1195	691.0207539	91
1291	956.797967	126
1387	645.458946	85
1483	280.9644824	37
819	440.4308102	58
915	372.0880983	49
1011	334.119925	44
1107	744.1761965	98
1203	485.9926181	64
1299	2597.023053	342
1395	318.9326557	42
1491	1943.970473	256
827	668.2398499	88
923	531.5544261	70
1019	1761.723241	232
1115	258.1835784	34
1211	273.3708477	36
1307	584.7098687	77
1403	2961.517517	390
1499	2316.058571	305
835	3705.693713	488
931	599.897138	79
1027	432.8371755	57
1123	561.9289647	74
1219	189.8408665	25
1315	318.9326557	42
1411	470.8053488	62
1507	539.1480607	71
843	1868.034126	246
939	425.2435409	56
1035	531.5544261	70
1131	250.5899437	33
1227	858.0807164	113
1323	1602.256913	211
1419	561.9289647	74
1515	660.6462153	87
851	2065.468627	272
947	303.7453863	40
1043	1078.296121	142
1139	212.6217704	28
1235	227.8090398	30
1331	478.3989835	63
1427	782.1443698	103
1523	2764.083016	364
859	645.458946	85
955	296.1517517	39
1051	440.4308102	58
1147	364.4944636	48
1243	4951.049797	652
1339	668.2398499	88
1435	1655.412356	218
1531	364.4944636	48
4	546.7416954	72
100	3151.358383	415
196	235.4026744	31
292	584.7098687	77
388	1404.822412	185
484	349.3071943	46
580	744.1761965	98
676	303.7453863	40
12	508.7735221	67
108	1579.476009	208
204	448.0244448	59
300	4609.336238	607
396	318.9326557	42
492	341.7135596	45
588	2073.062262	273
684	1002.359775	132
20	713.8016579	94
116	683.4271193	90
212	212.6217704	28
308	1351.666969	178
404	607.4907727	80
500	296.1517517	39
596	1184.607007	156
692	926.4234283	122
28	212.6217704	28
124	2437.556725	321
220	265.777213	35
316	2422.369456	319
412	227.8090398	30
508	615.0844073	81
604	1101.077025	145
700	941.6106976	124
36	242.9963091	32
132	463.2117142	61
228	242.9963091	32
324	296.1517517	39
420	387.2753676	51
516	3356.386519	442
612	334.119925	44
708	934.017063	123
44	23395.98838	3081
140	2376.807648	313
236	334.119925	44
332	4996.611605	658
428	493.5862528	65
524	561.9289647	74
620	820.1125431	108
716	706.2080232	93
52	485.9926181	64
148	1465.571489	193
244	379.6817329	50
340	3614.570097	476
436	341.7135596	45
532	653.0525806	86
628	675.8334846	89
724	470.8053488	62
60	911.236159	120
156	1579.476009	208
252	303.7453863	40
348	410.0562716	54
444	1169.419737	154
540	675.8334846	89
636	4905.487989	646
732	3090.609306	407
68	326.5262903	43
164	774.5507352	102
260	463.2117142	61
356	607.4907727	80
452	280.9644824	37
548	2460.337629	324
644	2498.305803	329
740	189.8408665	25
76	288.558117	38
172	1199.794276	158
268	592.3035034	78
364	417.6499062	55
460	356.9008289	47
556	448.0244448	59
652	3045.047498	401
748	637.8653113	84
84	205.0281358	27
180	1070.702487	141
276	539.1480607	71
372	463.2117142	61
468	349.3071943	46
564	1450.38422	191
660	493.5862528	65
756	417.6499062	55
92	364.4944636	48
188	2035.094088	268
284	645.458946	85
380	8079.627277	1064
476	182.2472318	24
572	941.6106976	124
668	1161.826103	153
764	1139.045199	150
772	508.7735221	67
868	599.897138	79
964	1177.013372	155
1060	6036.939553	795
1156	288.558117	38
1252	174.6535971	23
1348	410.0562716	54
1444	410.0562716	54
780	1002.359775	132
876	630.2716767	83
972	873.2679857	115
1068	220.2154051	29
1164	341.7135596	45
1260	182.2472318	24
1356	478.3989835	63
1452	448.0244448	59
788	478.3989835	63
884	455.6180795	60
980	599.897138	79
1076	417.6499062	55
1172	721.3952926	95
1268	607.4907727	80
1364	273.3708477	36
1460	205.0281358	27
796	622.678042	82
892	448.0244448	59
988	356.9008289	47
1084	212.6217704	28
1180	4032.220004	531
1276	774.5507352	102
1372	516.3671568	68
1468	2733.708477	360
804	698.6143886	92
900	903.6425244	119
996	311.339021	41
1092	159.4663278	21
1188	326.5262903	43
1284	554.3353301	73
1380	318.9326557	42
1476	356.9008289	47
812	766.9571005	101
908	364.4944636	48
1004	235.4026744	31
1100	341.7135596	45
1196	197.4345011	26
1292	1161.826103	153
1388	356.9008289	47
1484	546.7416954	72
820	592.3035034	78
916	227.8090398	30
1012	273.3708477	36
1108	144.2790585	19
1204	577.116234	76
1300	1708.567798	225
1396	744.1761965	98
1492	7586.041024	999
828	349.3071943	46
924	622.678042	82
1020	561.9289647	74
1116	394.8690022	52
1212	470.8053488	62
1308	227.8090398	30
1404	349.3071943	46
1500	235.4026744	31
836	410.0562716	54
932	387.2753676	51
1028	326.5262903	43
1124	1101.077025	145
1220	630.2716767	83
1316	1040.327948	137
1412	645.458946	85
1508	675.8334846	89
844	713.8016579	94
940	470.8053488	62
1036	607.4907727	80
1132	455.6180795	60
1228	326.5262903	43
1324	334.119925	44
1420	402.4626369	53
1516	280.9644824	37
852	1344.073335	177
948	341.7135596	45
1044	432.8371755	57
1140	1609.850548	212
1236	402.4626369	53
1332	296.1517517	39
1428	6249.561324	823
1524	7646.790101	1007
860	766.9571005	101
956	577.116234	76
1052	1085.889756	143
1148	280.9644824	37
1244	1260.543353	166
1340	880.8616204	116
1436	364.4944636	48
1532	812.5189085	107
5	1822.472318	240
101	1298.511527	171
197	311.339021	41
293	440.4308102	58
389	250.5899437	33
485	1222.57518	161
581	759.3634658	100
677	615.0844073	81
13	455.6180795	60
109	1981.938646	261
205	485.9926181	64
301	470.8053488	62
397	675.8334846	89
493	227.8090398	30
589	1237.762449	163
685	736.5825619	97
21	478.3989835	63
117	531.5544261	70
213	197.4345011	26
309	865.6743511	114
405	1541.507836	203
501	334.119925	44
597	539.1480607	71
693	1609.850548	212
29	394.8690022	52
125	508.7735221	67
221	296.1517517	39
317	1222.57518	161
413	265.777213	35
509	250.5899437	33
605	455.6180795	60
701	607.4907727	80
37	250.5899437	33
133	1002.359775	132
229	280.9644824	37
325	994.7661403	131
421	212.6217704	28
517	1085.889756	143
613	288.558117	38
709	1116.264295	147
45	311.339021	41
141	949.2043323	125
237	812.5189085	107
333	501.1798875	66
429	288.558117	38
525	364.4944636	48
621	2316.058571	305
717	425.2435409	56
53	440.4308102	58
149	501.1798875	66
245	675.8334846	89
341	189.8408665	25
437	592.3035034	78
533	880.8616204	116
629	501.1798875	66
725	1306.105161	172
61	379.6817329	50
157	1169.419737	154
253	11580.29285	1525
349	713.8016579	94
445	303.7453863	40
541	265.777213	35
637	1609.850548	212
733	850.4870817	112
69	546.7416954	72
165	470.8053488	62
261	318.9326557	42
357	364.4944636	48
453	288.558117	38
549	326.5262903	43
645	265.777213	35
741	561.9289647	74
77	4624.523507	609
173	2475.524899	326
269	2065.468627	272
365	1032.734314	136
461	212.6217704	28
557	326.5262903	43
653	683.4271193	90
749	379.6817329	50
85	227.8090398	30
181	934.017063	123
277	592.3035034	78
373	1009.95341	133
469	1002.359775	132
565	774.5507352	102
661	379.6817329	50
757	463.2117142	61
93	713.8016579	94
189	721.3952926	95
285	280.9644824	37
381	3113.39021	410
477	387.2753676	51
573	212.6217704	28
669	4624.523507	609
765	7996.097295	1053
773	508.7735221	67
869	804.9252738	106
965	1146.638833	151
1061	645.458946	85
1157	311.339021	41
1253	1351.666969	178
1349	379.6817329	50
1445	334.119925	44
781	1959.157742	258
877	258.1835784	34
973	174.6535971	23
1069	1032.734314	136
1165	1275.730623	168
1261	759.3634658	100
1357	660.6462153	87
1453	273.3708477	36
789	751.7698312	99
885	212.6217704	28
981	2832.425728	373
1077	417.6499062	55
1173	1541.507836	203
1269	220.2154051	29
1365	273.3708477	36
1461	280.9644824	37
797	1579.476009	208
893	341.7135596	45
989	546.7416954	72
1085	2650.178496	349
1181	273.3708477	36
1277	235.4026744	31
1373	288.558117	38
1469	470.8053488	62
805	622.678042	82
901	766.9571005	101
997	167.0599625	22
1093	144.2790585	19
1189	653.0525806	86
1285	318.9326557	42
1381	1336.4797	176
1477	1640.225086	216
813	516.3671568	68
909	265.777213	35
1005	189.8408665	25
1101	478.3989835	63
1197	523.9607914	69
1293	1055.515218	139
1389	728.9889272	96
1485	508.7735221	67
821	569.5225994	75
917	250.5899437	33
1013	189.8408665	25
1109	144.2790585	19
1205	364.4944636	48
1301	296.1517517	39
1397	432.8371755	57
1493	349.3071943	46
829	273.3708477	36
925	250.5899437	33
1021	273.3708477	36
1117	311.339021	41
1213	280.9644824	37
1309	561.9289647	74
1405	280.9644824	37
1501	751.7698312	99
837	599.897138	79
933	1199.794276	158
1029	751.7698312	99
1125	242.9963091	32
1221	812.5189085	107
1317	501.1798875	66
1413	1070.702487	141
1509	387.2753676	51
845	926.4234283	122
941	523.9607914	69
1037	311.339021	41
1133	2316.058571	305
1229	1055.515218	139
1325	964.3916016	127
1421	531.5544261	70
1517	7661.97737	1009
853	432.8371755	57
949	265.777213	35
1045	227.8090398	30
1141	212.6217704	28
1237	425.2435409	56
1333	1161.826103	153
1429	311.339021	41
1525	1085.889756	143
861	250.5899437	33
957	394.8690022	52
1053	463.2117142	61
1149	789.7380045	104
1245	523.9607914	69
1341	880.8616204	116
1437	1814.878683	239
1533	280.9644824	37
6	1906.002299	251
102	5634.476917	742
198	288.558117	38
294	394.8690022	52
390	1055.515218	139
486	1784.504145	235
582	569.5225994	75
678	3204.513826	422
14	220.2154051	29
110	1085.889756	143
206	258.1835784	34
302	470.8053488	62
398	402.4626369	53
494	797.3316391	105
590	1063.108852	140
686	379.6817329	50
22	645.458946	85
118	3614.570097	476
214	326.5262903	43
310	2938.736613	387
406	455.6180795	60
502	174.6535971	23
598	1070.702487	141
694	341.7135596	45
30	432.8371755	57
126	3075.422037	405
222	539.1480607	71
318	2695.740304	355
414	1070.702487	141
510	539.1480607	71
606	615.0844073	81
702	728.9889272	96
38	182.2472318	24
134	994.7661403	131
230	235.4026744	31
326	4442.276275	585
422	789.7380045	104
518	129.0917892	17
614	1025.140679	135
710	417.6499062	55
46	501.1798875	66
142	1397.228777	184
238	182.2472318	24
334	220.2154051	29
430	205.0281358	27
526	250.5899437	33
622	934.017063	123
718	334.119925	44
54	660.6462153	87
150	3022.266594	398
246	637.8653113	84
342	280.9644824	37
438	250.5899437	33
534	258.1835784	34
630	463.2117142	61
726	1412.416046	186
62	508.7735221	67
158	2361.620379	311
254	523.9607914	69
350	8269.468143	1089
446	220.2154051	29
542	706.2080232	93
638	645.458946	85
734	1093.483391	144
70	691.0207539	91
166	3120.983845	411
262	318.9326557	42
358	668.2398499	88
454	197.4345011	26
550	311.339021	41
646	903.6425244	119
742	1943.970473	256
78	2042.687723	269
174	1146.638833	151
270	721.3952926	95
366	3963.877292	522
462	303.7453863	40
558	501.1798875	66
654	2331.24584	307
750	926.4234283	122
86	425.2435409	56
182	493.5862528	65
278	235.4026744	31
374	1078.296121	142
470	273.3708477	36
566	592.3035034	78
662	372.0880983	49
758	789.7380045	104
94	1275.730623	168
190	956.797967	126
286	349.3071943	46
382	1177.013372	155
478	577.116234	76
574	182.2472318	24
670	751.7698312	99
766	197.4345011	26
774	577.116234	76
870	1609.850548	212
966	364.4944636	48
1062	296.1517517	39
1158	356.9008289	47
1254	250.5899437	33
1350	440.4308102	58
1446	554.3353301	73
782	463.2117142	61
878	182.2472318	24
974	842.8934471	111
1070	326.5262903	43
1166	1131.451564	149
1262	372.0880983	49
1358	334.119925	44
1454	4146.124524	546
790	448.0244448	59
886	2513.493072	331
982	3918.315484	516
1078	1070.702487	141
1174	994.7661403	131
1270	6857.052097	903
1366	432.8371755	57
1462	212.6217704	28
798	1268.136988	167
894	653.0525806	86
990	341.7135596	45
1086	212.6217704	28
1182	394.8690022	52
1278	265.777213	35
1374	3363.980154	443
1470	607.4907727	80
806	896.0488897	118
902	341.7135596	45
998	273.3708477	36
1094	273.3708477	36
1190	227.8090398	30
1286	713.8016579	94
1382	387.2753676	51
1478	865.6743511	114
814	318.9326557	42
910	334.119925	44
1006	1435.19695	189
1102	250.5899437	33
1198	364.4944636	48
1294	630.2716767	83
1390	1336.4797	176
1486	14086.19229	1855
822	675.8334846	89
918	561.9289647	74
1014	364.4944636	48
1110	425.2435409	56
1206	858.0807164	113
1302	280.9644824	37
1398	1260.543353	166
1494	334.119925	44
830	9279.421553	1222
926	394.8690022	52
1022	326.5262903	43
1118	288.558117	38
1214	569.5225994	75
1310	318.9326557	42
1406	493.5862528	65
1502	205.0281358	27
838	1184.607007	156
934	387.2753676	51
1030	273.3708477	36
1126	265.777213	35
1222	516.3671568	68
1318	683.4271193	90
1414	1108.67066	146
1510	554.3353301	73
846	668.2398499	88
942	410.0562716	54
1038	493.5862528	65
1134	265.777213	35
1230	516.3671568	68
1326	994.7661403	131
1422	1374.447873	181
1518	387.2753676	51
854	410.0562716	54
950	1085.889756	143
1046	280.9644824	37
1142	615.0844073	81
1238	478.3989835	63
1334	3690.506444	486
1430	296.1517517	39
1526	941.6106976	124
862	1382.041508	182
958	554.3353301	73
1054	167.0599625	22
1150	197.4345011	26
1246	197.4345011	26
1342	220.2154051	29
1438	189.8408665	25
1534	174.6535971	23
7	751.7698312	99
103	4480.244448	590
199	1495.946028	197
295	653.0525806	86
391	356.9008289	47
487	448.0244448	59
583	1351.666969	178
679	812.5189085	107
15	964.3916016	127
111	3295.637442	434
207	288.558117	38
303	463.2117142	61
399	637.8653113	84
495	1108.67066	146
591	425.2435409	56
687	1663.00599	219
23	402.4626369	53
119	1906.002299	251
215	372.0880983	49
311	531.5544261	70
407	660.6462153	87
503	326.5262903	43
599	1116.264295	147
695	372.0880983	49
31	265.777213	35
127	2278.090398	300
223	288.558117	38
319	417.6499062	55
415	979.5788709	129
511	7555.666485	995
607	706.2080232	93
703	523.9607914	69
39	1146.638833	151
135	1116.264295	147
231	273.3708477	36
327	880.8616204	116
423	349.3071943	46
519	182.2472318	24
615	736.5825619	97
711	212.6217704	28
47	288.558117	38
143	2551.461245	336
239	227.8090398	30
335	637.8653113	84
431	205.0281358	27
527	706.2080232	93
623	455.6180795	60
719	759.3634658	100
55	516.3671568	68
151	2748.895746	362
247	167.0599625	22
343	356.9008289	47
439	349.3071943	46
535	956.797967	126
631	873.2679857	115
727	1344.073335	177
63	372.0880983	49
159	1564.28874	206
255	273.3708477	36
351	379.6817329	50
447	242.9963091	32
543	334.119925	44
639	1351.666969	178
735	660.6462153	87
71	356.9008289	47
167	1655.412356	218
263	6036.939553	795
359	7464.542869	983
455	402.4626369	53
551	440.4308102	58
647	539.1480607	71
743	1222.57518	161
79	584.7098687	77
175	2042.687723	269
271	341.7135596	45
367	1609.850548	212
463	265.777213	35
559	896.0488897	118
655	782.1443698	103
751	6674.804865	879
87	402.4626369	53
183	1602.256913	211
279	227.8090398	30
375	189.8408665	25
471	220.2154051	29
567	182.2472318	24
663	660.6462153	87
759	941.6106976	124
95	1207.387911	159
191	1928.783203	254
287	432.8371755	57
383	5900.25413	777
479	121.4981545	16
575	410.0562716	54
671	577.116234	76
767	273.3708477	36
775	911.236159	120
871	1055.515218	139
967	265.777213	35
1063	903.6425244	119
1159	356.9008289	47
1255	189.8408665	25
1351	1268.136988	167
1447	227.8090398	30
783	265.777213	35
879	296.1517517	39
975	394.8690022	52
1071	280.9644824	37
1167	326.5262903	43
1263	766.9571005	101
1359	926.4234283	122
1455	5399.074242	711
791	235.4026744	31
887	911.236159	120
983	432.8371755	57
1079	630.2716767	83
1175	880.8616204	116
1271	440.4308102	58
1367	8907.333454	1173
1463	516.3671568	68
799	417.6499062	55
895	402.4626369	53
991	250.5899437	33
1087	197.4345011	26
1183	356.9008289	47
1279	1609.850548	212
1375	3698.100079	487
1471	394.8690022	52
807	394.8690022	52
903	326.5262903	43
999	227.8090398	30
1095	334.119925	44
1191	356.9008289	47
1287	561.9289647	74
1383	288.558117	38
1479	956.797967	126
815	311.339021	41
911	349.3071943	46
1007	364.4944636	48
1103	167.0599625	22
1199	706.2080232	93
1295	265.777213	35
1391	1959.157742	258
1487	1663.00599	219
823	235.4026744	31
919	311.339021	41
1015	417.6499062	55
1111	1230.168815	162
1207	645.458946	85
1303	5520.572397	727
1399	1465.571489	193
1495	698.6143886	92
831	546.7416954	72
927	402.4626369	53
1023	630.2716767	83
1119	326.5262903	43
1215	577.116234	76
1311	721.3952926	95
1407	349.3071943	46
1503	341.7135596	45
839	2148.998608	283
935	1359.260604	179
1031	485.9926181	64
1127	258.1835784	34
1223	265.777213	35
1319	334.119925	44
1415	341.7135596	45
1511	387.2753676	51
847	501.1798875	66
943	485.9926181	64
1039	1230.168815	162
1135	220.2154051	29
1231	485.9926181	64
1327	417.6499062	55
1423	713.8016579	94
1519	364.4944636	48
855	1131.451564	149
951	273.3708477	36
1047	341.7135596	45
1143	189.8408665	25
1239	668.2398499	88
1335	1275.730623	168
1431	637.8653113	84
1527	189.8408665	25
863	675.8334846	89
959	698.6143886	92
1055	417.6499062	55
1151	182.2472318	24
1247	227.8090398	30
1343	615.0844073	81
1439	212.6217704	28
1535	182.2472318	24
8	455.6180795	60
104	3045.047498	401
200	258.1835784	34
296	584.7098687	77
392	607.4907727	80
488	485.9926181	64
584	1268.136988	167
680	660.6462153	87
16	379.6817329	50
112	3925.909118	517
208	387.2753676	51
304	1002.359775	132
400	804.9252738	106
496	630.2716767	83
592	782.1443698	103
688	804.9252738	106
24	1275.730623	168
120	3553.82102	468
216	607.4907727	80
312	1146.638833	151
408	653.0525806	86
504	349.3071943	46
600	470.8053488	62
696	432.8371755	57
32	1564.28874	206
128	3447.510135	454
224	523.9607914	69
320	1511.133297	199
416	334.119925	44
512	2809.644824	370
608	2186.966782	288
704	1123.857929	148
40	288.558117	38
136	455.6180795	60
232	273.3708477	36
328	561.9289647	74
424	136.6854239	18
520	356.9008289	47
616	1746.535971	230
712	402.4626369	53
48	1063.108852	140
144	4229.654505	557
240	569.5225994	75
336	1169.419737	154
432	599.897138	79
528	721.3952926	95
624	1389.635142	183
720	1040.327948	137
56	607.4907727	80
152	455.6180795	60
248	242.9963091	32
344	470.8053488	62
440	212.6217704	28
536	242.9963091	32
632	1412.416046	186
728	280.9644824	37
64	455.6180795	60
160	4427.089006	583
256	599.897138	79
352	372.0880983	49
448	470.8053488	62
544	523.9607914	69
640	994.7661403	131
736	3925.909118	517
72	448.0244448	59
168	2817.238458	371
264	615.0844073	81
360	941.6106976	124
456	258.1835784	34
552	205.0281358	27
648	311.339021	41
744	736.5825619	97
80	653.0525806	86
176	531.5544261	70
272	326.5262903	43
368	432.8371755	57
464	235.4026744	31
560	1245.356084	164
656	12104.25365	1594
752	2741.302112	361
88	804.9252738	106
184	6257.154959	824
280	394.8690022	52
376	979.5788709	129
472	242.9963091	32
568	189.8408665	25
664	858.0807164	113
760	1298.511527	171
96	280.9644824	37
192	2437.556725	321
288	372.0880983	49
384	3326.01198	438
480	311.339021	41
576	425.2435409	56
672	6021.752284	793
768	318.9326557	42
1160	2262.903128	298
1256	835.2998124	110
1352	918.8297937	121
1448	379.6817329	50
784	1518.726932	200
880	645.458946	85
976	508.7735221	67
1072	296.1517517	39
1168	250.5899437	33
1264	508.7735221	67
1360	326.5262903	43
1456	334.119925	44
792	592.3035034	78
888	934.017063	123
984	387.2753676	51
1080	174.6535971	23
1176	1230.168815	162
1272	3500.665578	461
1368	258.1835784	34
1464	136.6854239	18
800	3303.231076	435
896	607.4907727	80
992	258.1835784	34
1088	280.9644824	37
1184	1161.826103	153
1280	311.339021	41
1376	3531.040116	465
1472	561.9289647	74
808	326.5262903	43
904	311.339021	41
1000	189.8408665	25
1096	212.6217704	28
1192	599.897138	79
1288	4859.926181	640
1384	1389.635142	183
1480	334.119925	44
816	1366.854239	180
912	303.7453863	40
1008	463.2117142	61
1104	220.2154051	29
1200	1222.57518	161
1296	1708.567798	225
1392	1207.387911	159
1488	318.9326557	42
824	250.5899437	33
920	227.8090398	30
1016	334.119925	44
1112	850.4870817	112
1208	1366.854239	180
1304	402.4626369	53
1400	804.9252738	106
1496	1184.607007	156
832	9135.142494	1203
928	926.4234283	122
1024	485.9926181	64
1120	227.8090398	30
1216	744.1761965	98
1312	1632.631452	215
1408	622.678042	82
1504	683.4271193	90
840	668.2398499	88
936	1116.264295	147
1032	379.6817329	50
1128	242.9963091	32
1224	1192.200641	157
1320	1184.607007	156
1416	774.5507352	102
1512	341.7135596	45
848	1101.077025	145
944	296.1517517	39
1040	2050.281358	270
1136	242.9963091	32
1232	956.797967	126
1328	1047.921583	138
1424	1222.57518	161
1520	918.8297937	121
856	987.1725056	130
952	1875.627761	247
1048	1055.515218	139
1144	212.6217704	28
1240	1533.914201	202
1336	751.7698312	99
1432	10213.43862	1345
1528	675.8334846	89
864	1951.564107	257
960	273.3708477	36
1056	311.339021	41
1152	182.2472318	24
G1 Field1:A1:1	1465.571489	193
G1 Field1:A1:3	1328.886065	175
G2 Field1:A24:1	2764.083016	364
G2 Field1:A24:3	2969.111151	391
G2 Field1:P1:1	3941.096388	519
G2 Field1:P1:3	3584.195559	472
G1 Field1:P24:1	1518.726932	200
G1 Field1:P24:3	1533.914201	202
1921	1323.694901	127
2017	2939.228049	282
2113	7473.143656	717
2209	865.0919434	83
1545	312.683835	30
1641	1302.849312	125
1737	625.36767	60
1833	416.91178	40
1929	958.8970939	92
2025	458.602958	44
2121	906.7831214	87
2217	541.985314	52
1553	938.0515049	90
1649	9734.890062	934
1745	479.448547	46
1841	635.7904645	61
1937	1104.816217	106
2033	531.5625195	51
2129	1031.856655	99
2225	302.2610405	29
1561	416.91178	40
1657	906.7831214	87
1753	781.7095874	75
1849	3158.106733	303
1945	740.0184095	71
2041	1104.816217	106
2137	2543.161858	244
2233	375.220602	36
1569	1323.694901	127
1665	625.36767	60
1761	823.4007654	79
1857	1292.426518	124
1953	740.0184095	71
2049	792.1323819	76
2145	510.7169305	49
2241	406.4889855	39
1577	385.6433965	37
1673	521.139725	50
1769	469.0257525	45
1865	614.9448755	59
1961	667.058848	64
2057	1011.011066	97
2153	531.5625195	51
2249	625.36767	60
1585	1615.533147	155
1681	2584.853036	248
1777	2313.860379	222
1873	896.3603269	86
1969	1678.069914	161
2065	6482.978179	622
2161	385.6433965	37
2257	1094.393422	105
1593	3231.066295	310
1689	375.220602	36
1785	917.2059159	88
1881	969.3198884	93
1977	448.1801635	43
2073	750.441204	72
2169	416.91178	40
2265	396.066191	38
1601	948.4742994	91
1697	354.375013	34
1793	416.91178	40
1889	469.0257525	45
1985	521.139725	50
2081	489.8713415	47
2177	1876.10301	180
2273	719.1728205	69
1609	437.757369	42
1705	625.36767	60
1801	2845.422898	273
1897	541.985314	52
1993	541.985314	52
2089	469.0257525	45
2185	792.1323819	76
2281	469.0257525	45
1617	1521.727997	146
1713	4669.411936	448
1809	1584.264764	152
1905	719.1728205	69
2001	708.750026	68
2097	1657.224325	159
2193	385.6433965	37
2289	375.220602	36
1625	677.4816425	65
1721	3647.978075	350
1817	260.5698625	25
1913	823.4007654	79
2305	1896.948599	182
2401	312.683835	30
2497	865.0919434	83
2593	375.220602	36
2689	1375.808874	132
2785	510.7169305	49
2881	2167.941256	208
2977	1782.297859	171
2313	5200.974455	499
2409	781.7095874	75
2505	6180.717138	593
2601	781.7095874	75
2697	5607.463441	538
2793	729.595615	70
2889	1365.386079	131
2985	1188.198573	114
2321	1146.507395	110
2417	333.529424	32
2513	1459.19123	140
2609	343.9522185	33
2705	1271.580929	122
2801	1678.069914	161
2897	343.9522185	33
2993	6274.522289	602
2329	1052.702244	101
2425	448.1801635	43
2521	875.5147379	84
2617	552.4081085	53
2713	250.147068	24
2809	1104.816217	106
2905	1146.507395	110
3001	500.294136	48
2337	1448.768435	139
2433	1125.661806	108
2529	1719.761092	165
2625	333.529424	32
2721	906.7831214	87
2817	489.8713415	47
2913	479.448547	46
3009	1292.426518	124
2345	10401.94891	998
2441	823.4007654	79
2537	2220.055228	213
2633	2313.860379	222
2729	385.6433965	37
2825	323.1066295	31
2921	2084.5589	200
3017	354.375013	34
2353	885.9375324	85
2449	458.602958	44
2545	1407.077257	135
2641	10943.93422	1050
2737	354.375013	34
2833	604.522081	58
2929	510.7169305	49
3025	469.0257525	45
2361	2980.919227	286
2457	1021.433861	98
2553	562.830903	54
2649	687.904437	66
2745	1698.915503	163
2841	479.448547	46
2937	1782.297859	171
3033	1438.345641	138
2369	2657.812597	255
2465	781.7095874	75
2561	1771.875065	170
2657	604.522081	58
2753	4210.808978	404
2849	4648.566347	446
2945	1625.955942	156
3041	667.058848	64
2377	2459.779502	236
2473	865.0919434	83
2569	2365.974351	227
2665	458.602958	44
2761	448.1801635	43
2857	1000.588272	96
2953	917.2059159	88
3049	3543.75013	340
2385	4054.46706	389
2481	448.1801635	43
2577	1480.036819	142
2673	1896.948599	182
2769	396.066191	38
2865	1031.856655	99
2961	500.294136	48
3057	375.220602	36
2393	416.91178	40
2489	698.3272315	67
2585	1386.231668	133
2681	1136.0846	109
2777	625.36767	60
2873	917.2059159	88
2969	260.5698625	25
3065	208.45589	20
1538	437.757369	42
1634	333.529424	32
1730	562.830903	54
1826	1219.466956	117
1922	1052.702244	101
2018	354.375013	34
2114	479.448547	46
2210	416.91178	40
1546	396.066191	38
1642	521.139725	50
1738	1229.889751	118
1834	1250.73534	120
1930	1386.231668	133
2026	594.0992865	57
2122	719.1728205	69
2218	635.7904645	61
1554	687.904437	66
1650	239.7242735	23
1746	687.904437	66
1842	364.7978075	35
1938	416.91178	40
2034	396.066191	38
2130	364.7978075	35
2226	187.610301	18
1562	1156.930189	111
1658	531.5625195	51
1754	437.757369	42
1850	291.838246	28
1946	3960.66191	380
2042	1302.849312	125
2138	698.3272315	67
2234	396.066191	38
1570	427.3345745	41
1666	646.213259	62
1762	13904.00786	1334
1858	2042.867722	196
1954	667.058848	64
2050	1313.272107	126
2146	1344.54049	129
2242	354.375013	34
1578	333.529424	32
1674	416.91178	40
1770	531.5625195	51
1866	1511.305202	145
1962	406.4889855	39
2058	823.4007654	79
2154	875.5147379	84
2250	260.5698625	25
1586	406.4889855	39
1682	594.0992865	57
1778	1542.573586	148
1874	552.4081085	53
1970	1698.915503	163
2066	792.1323819	76
2162	354.375013	34
2258	729.595615	70
1594	2115.827283	203
1690	1407.077257	135
1786	1052.702244	101
1882	1073.547833	103
1978	812.9779709	78
2074	1177.775778	113
2170	510.7169305	49
2266	3762.628814	361
1602	406.4889855	39
1698	406.4889855	39
1794	448.1801635	43
1890	4387.996484	421
1986	562.830903	54
2082	2220.055228	213
2178	333.529424	32
2274	531.5625195	51
1610	604.522081	58
1706	9005.294447	864
1802	1375.808874	132
1898	646.213259	62
1994	958.8970939	92
2090	927.6287104	89
2186	1073.547833	103
2282	354.375013	34
1618	343.9522185	33
1714	1167.352984	112
1810	802.5551764	77
1906	2887.114076	277
2002	677.4816425	65
2098	823.4007654	79
2194	343.9522185	33
2290	250.147068	24
1626	323.1066295	31
1722	1605.110353	154
1818	385.6433965	37
1914	1052.702244	101
2010	1146.507395	110
2106	583.676492	56
2202	750.441204	72
2298	1719.761092	165
2306	896.3603269	86
2402	521.139725	50
2498	4513.070018	433
2594	541.985314	52
2690	291.838246	28
2786	1532.150791	147
2882	521.139725	50
2978	896.3603269	86
2314	500.294136	48
2410	416.91178	40
2506	2011.599338	193
2602	364.7978075	35
2698	437.757369	42
2794	604.522081	58
2890	792.1323819	76
2986	469.0257525	45
2322	896.3603269	86
2418	1104.816217	106
2514	1594.687558	153
2610	625.36767	60
2706	333.529424	32
2802	646.213259	62
2898	406.4889855	39
2994	375.220602	36
2330	740.0184095	71
2426	333.529424	32
2522	917.2059159	88
2618	489.8713415	47
2714	1917.794188	184
2810	354.375013	34
2906	364.7978075	35
3002	218.8786845	21
2338	1000.588272	96
2434	614.9448755	59
2530	1823.989037	175
2626	677.4816425	65
2722	270.992657	26
2818	1938.639777	186
2914	614.9448755	59
3010	354.375013	34
2346	1751.029476	168
2442	489.8713415	47
2538	2397.242735	230
2634	792.1323819	76
2730	1823.989037	175
2826	1282.003723	123
2922	1605.110353	154
3018	2230.478023	214
2354	1782.297859	171
2450	541.985314	52
2546	573.2536975	55
2642	927.6287104	89
2738	625.36767	60
2834	3429.09939	329
2930	635.7904645	61
3026	5180.128866	497
2362	1552.99638	149
2458	364.7978075	35
2554	1313.272107	126
2650	1532.150791	147
2746	1730.183887	166
2842	458.602958	44
2938	531.5625195	51
3034	354.375013	34
2370	1980.330955	190
2466	625.36767	60
2562	958.8970939	92
2658	969.3198884	93
2754	239.7242735	23
2850	1240.312545	119
2946	1094.393422	105
3042	698.3272315	67
2378	3231.066295	310
2474	698.3272315	67
2570	1042.27945	100
2666	781.7095874	75
2762	270.992657	26
2858	1261.158134	121
2954	437.757369	42
3050	3502.058952	336
2386	1584.264764	152
2482	437.757369	42
2578	1709.338298	164
2674	3408.253801	327
2770	375.220602	36
2866	750.441204	72
2962	531.5625195	51
3058	489.8713415	47
2394	312.683835	30
2490	552.4081085	53
2586	1011.011066	97
2682	2167.941256	208
2778	2741.194953	263
2874	208.45589	20
2970	270.992657	26
3066	1375.808874	132
1539	427.3345745	41
1635	667.058848	64
1731	2741.194953	263
1827	1261.158134	121
1923	1771.875065	170
2019	1886.525804	181
2115	1136.0846	109
2211	229.301479	22
1547	437.757369	42
1643	1719.761092	165
1739	1917.794188	184
1835	750.441204	72
1931	1719.761092	165
2027	7379.338506	708
2123	2678.658186	257
2219	469.0257525	45
1555	4377.57369	420
1651	1584.264764	152
1747	1000.588272	96
1843	531.5625195	51
1939	698.3272315	67
2035	406.4889855	39
2131	3043.455994	292
2227	448.1801635	43
1563	229.301479	22
1659	812.9779709	78
1755	406.4889855	39
1851	2511.893474	241
1947	343.9522185	33
2043	500.294136	48
2139	385.6433965	37
2235	281.4154515	27
1571	479.448547	46
1667	604.522081	58
1763	1031.856655	99
1859	2866.268487	275
1955	667.058848	64
2051	489.8713415	47
2147	594.0992865	57
2243	469.0257525	45
1579	291.838246	28
1675	396.066191	38
1771	479.448547	46
1867	573.2536975	55
1963	885.9375324	85
2059	469.0257525	45
2155	1094.393422	105
2251	239.7242735	23
1587	6097.334782	585
1683	604.522081	58
1779	5847.187714	561
1875	1334.117696	128
1971	979.7426829	94
2067	802.5551764	77
2163	458.602958	44
2259	541.985314	52
1595	1115.239011	107
1691	343.9522185	33
1787	510.7169305	49
1883	1990.753749	191
1979	771.2867929	74
2075	448.1801635	43
2171	969.3198884	93
2267	312.683835	30
1603	2053.290516	197
1699	1417.500052	136
1795	416.91178	40
1891	1907.371393	183
1987	521.139725	50
2083	1969.90816	189
2179	469.0257525	45
2275	489.8713415	47
1611	1094.393422	105
1707	11861.14014	1138
1803	750.441204	72
1899	1209.044162	116
1995	541.985314	52
2091	917.2059159	88
2187	917.2059159	88
2283	1719.761092	165
1619	656.6360535	63
1715	583.676492	56
1811	865.0919434	83
1907	531.5625195	51
2003	427.3345745	41
2099	573.2536975	55
2195	979.7426829	94
2291	260.5698625	25
1627	406.4889855	39
1723	656.6360535	63
1819	260.5698625	25
1915	667.058848	64
2011	5346.893578	513
2107	1667.64712	160
2203	562.830903	54
2299	250.147068	24
2307	1052.702244	101
2403	1011.011066	97
2499	1167.352984	112
2595	291.838246	28
2691	667.058848	64
2787	479.448547	46
2883	573.2536975	55
2979	625.36767	60
2315	1709.338298	164
2411	635.7904645	61
2507	614.9448755	59
2603	427.3345745	41
2699	760.8639984	73
2795	750.441204	72
2891	1344.54049	129
2987	416.91178	40
2323	896.3603269	86
2419	1282.003723	123
2515	1417.500052	136
2611	312.683835	30
2707	396.066191	38
2803	740.0184095	71
2899	1625.955942	156
2995	218.8786845	21
2331	562.830903	54
2427	448.1801635	43
2523	2063.713311	198
2619	333.529424	32
2715	312.683835	30
2811	260.5698625	25
2907	364.7978075	35
3003	687.904437	66
2339	1438.345641	138
2435	333.529424	32
2531	729.595615	70
2627	541.985314	52
2723	708.750026	68
2819	917.2059159	88
2915	1261.158134	121
3011	364.7978075	35
2347	917.2059159	88
2443	562.830903	54
2539	3773.051609	362
2635	7983.860586	766
2731	416.91178	40
2827	1302.849312	125
2923	406.4889855	39
3019	1031.856655	99
2355	1709.338298	164
2451	573.2536975	55
2547	1302.849312	125
2643	281.4154515	27
2739	1365.386079	131
2835	604.522081	58
2931	2220.055228	213
3027	833.8235599	80
2363	1261.158134	121
2459	865.0919434	83
2555	2438.933913	234
2651	687.904437	66
2747	239.7242735	23
2843	541.985314	52
2939	2689.080981	258
3035	312.683835	30
2371	1011.011066	97
2467	541.985314	52
2563	1771.875065	170
2659	333.529424	32
2755	385.6433965	37
2851	1167.352984	112
2947	708.750026	68
3043	1011.011066	97
2379	458.602958	44
2475	521.139725	50
2571	1094.393422	105
2667	489.8713415	47
2763	2220.055228	213
2859	343.9522185	33
2955	406.4889855	39
3051	302.2610405	29
2387	437.757369	42
2483	291.838246	28
2579	1365.386079	131
2675	6191.139933	594
2771	427.3345745	41
2867	1876.10301	180
2963	510.7169305	49
3059	583.676492	56
2395	948.4742994	91
2491	7483.566451	718
2587	4002.353088	384
2683	1000.588272	96
2779	208.45589	20
2875	323.1066295	31
2971	343.9522185	33
3067	750.441204	72
1540	552.4081085	53
1636	562.830903	54
1732	354.375013	34
1828	354.375013	34
1924	1615.533147	155
2020	469.0257525	45
2116	677.4816425	65
2212	239.7242735	23
1548	2501.47068	240
1644	521.139725	50
1740	489.8713415	47
1836	2209.632434	212
1932	323.1066295	31
2028	896.3603269	86
2124	552.4081085	53
2220	385.6433965	37
1556	333.529424	32
1652	1271.580929	122
1748	375.220602	36
1844	437.757369	42
1940	938.0515049	90
2036	4023.198677	386
2132	469.0257525	45
2228	291.838246	28
1564	281.4154515	27
1660	604.522081	58
1756	385.6433965	37
1852	239.7242735	23
1948	333.529424	32
2044	437.757369	42
2140	364.7978075	35
2236	1198.621367	115
1572	2188.786845	210
1668	1177.775778	113
1764	250.147068	24
1860	656.6360535	63
1956	1615.533147	155
2052	396.066191	38
2148	604.522081	58
2244	354.375013	34
1580	343.9522185	33
1676	406.4889855	39
1772	427.3345745	41
1868	385.6433965	37
1964	521.139725	50
2060	656.6360535	63
2156	1115.239011	107
2252	1823.989037	175
1588	458.602958	44
1684	802.5551764	77
1780	489.8713415	47
1876	500.294136	48
1972	1042.27945	100
2068	489.8713415	47
2164	1480.036819	142
2260	281.4154515	27
1596	823.4007654	79
1692	1219.466956	117
1788	604.522081	58
1884	1625.955942	156
1980	1219.466956	117
2076	562.830903	54
2172	2094.981694	201
2268	521.139725	50
1604	4794.48547	460
1700	1302.849312	125
1796	385.6433965	37
1892	396.066191	38
1988	552.4081085	53
2084	375.220602	36
2180	375.220602	36
2276	594.0992865	57
1612	406.4889855	39
1708	1063.125039	102
1804	1031.856655	99
1900	1573.841969	151
1996	510.7169305	49
2092	1104.816217	106
2188	771.2867929	74
2284	260.5698625	25
1620	385.6433965	37
1716	1198.621367	115
1812	573.2536975	55
1908	1552.99638	149
2004	562.830903	54
2100	521.139725	50
2196	750.441204	72
2292	416.91178	40
1628	416.91178	40
1724	2355.551557	226
1820	8494.577517	815
1916	625.36767	60
2012	1042.27945	100
2108	1219.466956	117
2204	2532.739063	243
2300	416.91178	40
2308	291.838246	28
2404	354.375013	34
2500	2303.437584	221
2596	594.0992865	57
2692	1365.386079	131
2788	1771.875065	170
2884	343.9522185	33
2980	1375.808874	132
2316	698.3272315	67
2412	500.294136	48
2508	2188.786845	210
2604	604.522081	58
2700	833.8235599	80
2796	1396.654463	134
2892	1771.875065	170
2988	302.2610405	29
2324	729.595615	70
2420	333.529424	32
2516	823.4007654	79
2612	3720.937636	357
2708	667.058848	64
2804	594.0992865	57
2900	3137.261144	301
2996	385.6433965	37
2332	760.8639984	73
2428	885.9375324	85
2524	489.8713415	47
2620	604.522081	58
2716	469.0257525	45
2812	729.595615	70
2908	1323.694901	127
3004	250.147068	24
2340	2772.463337	266
2436	865.0919434	83
2532	2126.250078	204
2628	812.9779709	78
2724	489.8713415	47
2820	865.0919434	83
2916	354.375013	34
3012	906.7831214	87
2348	1042.27945	100
2444	760.8639984	73
2540	1980.330955	190
2636	489.8713415	47
2732	458.602958	44
2828	604.522081	58
2924	469.0257525	45
3020	260.5698625	25
2356	875.5147379	84
2452	1177.775778	113
2548	594.0992865	57
2644	469.0257525	45
2740	323.1066295	31
2836	812.9779709	78
2932	1167.352984	112
3028	427.3345745	41
2364	708.750026	68
2460	343.9522185	33
2556	1990.753749	191
2652	719.1728205	69
2748	500.294136	48
2844	343.9522185	33
2940	1094.393422	105
3036	1740.606681	167
2372	500.294136	48
2468	333.529424	32
2564	2793.308926	268
2660	594.0992865	57
2756	521.139725	50
2852	396.066191	38
2948	448.1801635	43
3044	427.3345745	41
2380	1396.654463	134
2476	437.757369	42
2572	865.0919434	83
2668	489.8713415	47
2764	531.5625195	51
2860	698.3272315	67
2956	531.5625195	51
3052	229.301479	22
2388	573.2536975	55
2484	562.830903	54
2580	469.0257525	45
2676	270.992657	26
2772	823.4007654	79
2868	1021.433861	98
2964	614.9448755	59
3060	270.992657	26
2396	1407.077257	135
2492	625.36767	60
2588	635.7904645	61
2684	604.522081	58
2780	583.676492	56
2876	1573.841969	151
2972	250.147068	24
3068	1104.816217	106
1541	375.220602	36
1637	5284.356811	507
1733	333.529424	32
1829	500.294136	48
1925	1438.345641	138
2021	416.91178	40
2117	354.375013	34
2213	260.5698625	25
1549	573.2536975	55
1645	656.6360535	63
1741	760.8639984	73
1837	489.8713415	47
1933	1594.687558	153
2029	614.9448755	59
2125	594.0992865	57
2221	448.1801635	43
1557	885.9375324	85
1653	229.301479	22
1749	312.683835	30
1845	541.985314	52
1941	531.5625195	51
2037	2855.845693	274
2133	291.838246	28
2229	281.4154515	27
1565	281.4154515	27
1661	583.676492	56
1757	781.7095874	75
1853	1083.970628	104
1949	958.8970939	92
2045	229.301479	22
2141	270.992657	26
2237	187.610301	18
1573	708.750026	68
1669	270.992657	26
1765	239.7242735	23
1861	1292.426518	124
1957	1542.573586	148
2053	583.676492	56
2149	7118.768643	683
2245	343.9522185	33
1581	510.7169305	49
1677	1625.955942	156
1773	333.529424	32
1869	479.448547	46
1965	3158.106733	303
2061	917.2059159	88
2157	312.683835	30
2253	427.3345745	41
1589	885.9375324	85
1685	1042.27945	100
1781	479.448547	46
1877	427.3345745	41
1973	1375.808874	132
2069	635.7904645	61
2165	302.2610405	29
2261	500.294136	48
1597	1740.606681	167
1693	23388.75086	2244
1789	792.1323819	76
1885	740.0184095	71
1981	708.750026	68
2077	343.9522185	33
2173	291.838246	28
2269	260.5698625	25
1605	333.529424	32
1701	1949.062571	187
1797	1813.566243	174
1893	760.8639984	73
1989	333.529424	32
2085	343.9522185	33
2181	1188.198573	114
2277	500.294136	48
1613	1136.0846	109
1709	281.4154515	27
1805	312.683835	30
1901	406.4889855	39
1997	375.220602	36
2093	343.9522185	33
2189	958.8970939	92
2285	323.1066295	31
1621	250.147068	24
1717	385.6433965	37
1813	760.8639984	73
1909	364.7978075	35
2005	333.529424	32
2101	1282.003723	123
2197	1063.125039	102
2293	198.0330955	19
1629	573.2536975	55
1725	406.4889855	39
1821	260.5698625	25
1917	656.6360535	63
2013	646.213259	62
2109	396.066191	38
2205	1990.753749	191
2301	437.757369	42
2309	1094.393422	105
2405	562.830903	54
2501	1386.231668	133
2597	531.5625195	51
2693	1375.808874	132
2789	1896.948599	182
2885	2230.478023	214
2981	1980.330955	190
2317	500.294136	48
2413	333.529424	32
2509	604.522081	58
2605	218.8786845	21
2701	489.8713415	47
2797	2282.591995	219
2893	479.448547	46
2989	323.1066295	31
2325	1271.580929	122
2421	427.3345745	41
2517	1115.239011	107
2613	469.0257525	45
2709	291.838246	28
2805	2741.194953	263
2901	1313.272107	126
2997	500.294136	48
2333	1375.808874	132
2429	291.838246	28
2525	531.5625195	51
2621	1052.702244	101
2717	291.838246	28
2813	250.147068	24
2909	250.147068	24
3005	218.8786845	21
2341	1063.125039	102
2437	1136.0846	109
2533	1354.963285	130
2629	479.448547	46
2725	375.220602	36
2821	437.757369	42
2917	740.0184095	71
3013	291.838246	28
2349	729.595615	70
2445	719.1728205	69
2541	1803.143448	173
2637	354.375013	34
2733	604.522081	58
2829	3481.213363	334
2925	1542.573586	148
3021	479.448547	46
2357	958.8970939	92
2453	479.448547	46
2549	1282.003723	123
2645	6066.066399	582
2741	260.5698625	25
2837	333.529424	32
2933	792.1323819	76
3029	708.750026	68
2365	833.8235599	80
2461	448.1801635	43
2557	2480.625091	238
2653	375.220602	36
2749	458.602958	44
2845	291.838246	28
2941	771.2867929	74
3037	260.5698625	25
2373	469.0257525	45
2469	270.992657	26
2565	2730.772159	262
2661	343.9522185	33
2757	239.7242735	23
2853	469.0257525	45
2949	604.522081	58
3045	2084.5589	200
2381	1552.99638	149
2477	771.2867929	74
2573	667.058848	64
2669	312.683835	30
2765	323.1066295	31
2861	469.0257525	45
2957	406.4889855	39
3053	364.7978075	35
2389	1250.73534	120
2485	573.2536975	55
2581	1042.27945	100
2677	354.375013	34
2773	406.4889855	39
2869	437.757369	42
2965	760.8639984	73
3061	270.992657	26
2397	541.985314	52
2493	198.0330955	19
2589	1532.150791	147
2685	469.0257525	45
2781	708.750026	68
2877	635.7904645	61
2973	1115.239011	107
3069	35218.62261	3379
1542	1709.338298	164
1638	1136.0846	109
1734	781.7095874	75
1830	1011.011066	97
1926	562.830903	54
2022	375.220602	36
2118	489.8713415	47
2214	8275.698832	794
1550	416.91178	40
1646	823.4007654	79
1742	406.4889855	39
1838	948.4742994	91
1934	364.7978075	35
2030	635.7904645	61
2126	489.8713415	47
2222	469.0257525	45
1558	239.7242735	23
1654	427.3345745	41
1750	656.6360535	63
1846	3105.992761	298
1942	646.213259	62
2038	1459.19123	140
2134	489.8713415	47
2230	375.220602	36
1566	406.4889855	39
1662	500.294136	48
1758	562.830903	54
1854	604.522081	58
1950	698.3272315	67
2046	541.985314	52
2142	375.220602	36
2238	281.4154515	27
1574	562.830903	54
1670	1219.466956	117
1766	416.91178	40
1862	343.9522185	33
1958	302.2610405	29
2054	469.0257525	45
2150	521.139725	50
2246	260.5698625	25
1582	302.2610405	29
1678	510.7169305	49
1774	437.757369	42
1870	375.220602	36
1966	2970.496432	285
2062	833.8235599	80
2158	667.058848	64
2254	333.529424	32
1590	229.301479	22
1686	187.610301	18
1782	958.8970939	92
1878	750.441204	72
1974	1021.433861	98
2070	656.6360535	63
2166	1052.702244	101
2262	375.220602	36
1598	614.9448755	59
1694	1282.003723	123
1790	541.985314	52
1886	4221.231772	405
1982	583.676492	56
2078	437.757369	42
2174	1240.312545	119
2270	375.220602	36
1606	385.6433965	37
1702	562.830903	54
1798	354.375013	34
1894	427.3345745	41
1990	458.602958	44
2086	1823.989037	175
2182	740.0184095	71
2278	427.3345745	41
1614	396.066191	38
1710	4648.566347	446
1806	562.830903	54
1902	437.757369	42
1998	500.294136	48
2094	323.1066295	31
2190	531.5625195	51
2286	479.448547	46
1622	573.2536975	55
1718	416.91178	40
1814	427.3345745	41
1910	302.2610405	29
2006	656.6360535	63
2102	312.683835	30
2198	364.7978075	35
2294	323.1066295	31
1630	531.5625195	51
1726	1469.614024	141
1822	1052.702244	101
1918	2803.73172	269
2014	812.9779709	78
2110	781.7095874	75
2206	437.757369	42
2302	302.2610405	29
2310	343.9522185	33
2406	500.294136	48
2502	510.7169305	49
2598	1302.849312	125
2694	354.375013	34
2790	1709.338298	164
2886	406.4889855	39
2982	312.683835	30
2318	885.9375324	85
2414	333.529424	32
2510	865.0919434	83
2606	2438.933913	234
2702	364.7978075	35
2798	573.2536975	55
2894	625.36767	60
2990	302.2610405	29
2326	635.7904645	61
2422	406.4889855	39
2518	875.5147379	84
2614	729.595615	70
2710	1136.0846	109
2806	406.4889855	39
2902	469.0257525	45
2998	1250.73534	120
2334	698.3272315	67
2430	1115.239011	107
2526	1354.963285	130
2622	406.4889855	39
2718	2459.779502	236
2814	385.6433965	37
2910	469.0257525	45
3006	291.838246	28
2342	531.5625195	51
2438	406.4889855	39
2534	1636.378736	157
2630	750.441204	72
2726	333.529424	32
2822	562.830903	54
2918	583.676492	56
3014	667.058848	64
2350	375.220602	36
2446	583.676492	56
2542	4044.044266	388
2638	1855.257421	178
2734	479.448547	46
2830	5107.169305	490
2926	698.3272315	67
3022	302.2610405	29
2358	500.294136	48
2454	1177.775778	113
2550	1771.875065	170
2646	333.529424	32
2742	364.7978075	35
2838	1000.588272	96
2934	489.8713415	47
3030	635.7904645	61
2366	469.0257525	45
2462	531.5625195	51
2558	5055.055332	485
2654	750.441204	72
2750	437.757369	42
2846	969.3198884	93
2942	1042.27945	100
3038	312.683835	30
2374	354.375013	34
2470	427.3345745	41
2566	885.9375324	85
2662	844.2463544	81
2758	416.91178	40
2854	687.904437	66
2950	469.0257525	45
3046	1542.573586	148
2382	1625.955942	156
2478	969.3198884	93
2574	823.4007654	79
2670	2866.268487	275
2766	375.220602	36
2862	541.985314	52
2958	771.2867929	74
3054	375.220602	36
2390	583.676492	56
2486	2720.349364	261
2582	1146.507395	110
2678	1177.775778	113
2774	1031.856655	99
2870	1480.036819	142
2966	406.4889855	39
3062	458.602958	44
2398	1250.73534	120
2494	385.6433965	37
2590	927.6287104	89
2686	1063.125039	102
2782	333.529424	32
2878	635.7904645	61
2974	354.375013	34
3070	500.294136	48
1543	531.5625195	51
1639	1938.639777	186
1735	677.4816425	65
1831	667.058848	64
1927	1688.492709	162
2023	458.602958	44
2119	802.5551764	77
2215	1209.044162	116
1551	1156.930189	111
1647	5211.39725	500
1743	416.91178	40
1839	875.5147379	84
1935	958.8970939	92
2031	1104.816217	106
2127	406.4889855	39
2223	281.4154515	27
1559	364.7978075	35
1655	323.1066295	31
1751	489.8713415	47
1847	229.301479	22
1943	396.066191	38
2039	969.3198884	93
2135	302.2610405	29
2231	250.147068	24
1567	218.8786845	21
1663	489.8713415	47
1759	750.441204	72
1855	510.7169305	49
1951	385.6433965	37
2047	479.448547	46
2143	1011.011066	97
2239	333.529424	32
1575	354.375013	34
1671	416.91178	40
1767	510.7169305	49
1863	938.0515049	90
1959	698.3272315	67
2055	531.5625195	51
2151	677.4816425	65
2247	364.7978075	35
1583	385.6433965	37
1679	1261.158134	121
1775	635.7904645	61
1871	833.8235599	80
1967	1021.433861	98
2063	396.066191	38
2159	291.838246	28
2255	354.375013	34
1591	604.522081	58
1687	604.522081	58
1783	562.830903	54
1879	510.7169305	49
1975	1323.694901	127
2071	1990.753749	191
2167	687.904437	66
2263	312.683835	30
1599	521.139725	50
1695	531.5625195	51
1791	396.066191	38
1887	823.4007654	79
1983	406.4889855	39
2079	614.9448755	59
2175	781.7095874	75
2271	1438.345641	138
1607	719.1728205	69
1703	333.529424	32
1799	521.139725	50
1895	698.3272315	67
1991	927.6287104	89
2087	281.4154515	27
2183	469.0257525	45
2279	562.830903	54
1615	541.985314	52
1711	1678.069914	161
1807	1156.930189	111
1903	458.602958	44
1999	479.448547	46
2095	489.8713415	47
2191	469.0257525	45
2287	333.529424	32
1623	406.4889855	39
1719	500.294136	48
1815	510.7169305	49
1911	427.3345745	41
2007	562.830903	54
2103	1011.011066	97
2199	750.441204	72
2295	708.750026	68
1631	469.0257525	45
1727	1636.378736	157
1823	625.36767	60
1919	333.529424	32
2015	6139.02596	589
2111	521.139725	50
2207	885.9375324	85
2303	448.1801635	43
2311	5180.128866	497
2407	812.9779709	78
2503	2094.981694	201
2599	604.522081	58
2695	1125.661806	108
2791	781.7095874	75
2887	396.066191	38
2983	625.36767	60
2319	1146.507395	110
2415	573.2536975	55
2511	458.602958	44
2607	469.0257525	45
2703	448.1801635	43
2799	927.6287104	89
2895	719.1728205	69
2991	354.375013	34
2327	865.0919434	83
2423	364.7978075	35
2519	750.441204	72
2615	865.0919434	83
2711	323.1066295	31
2807	458.602958	44
2903	740.0184095	71
2999	312.683835	30
2335	364.7978075	35
2431	364.7978075	35
2527	614.9448755	59
2623	854.6691489	82
2719	708.750026	68
2815	552.4081085	53
2911	2282.591995	219
3007	333.529424	32
2343	625.36767	60
2439	1480.036819	142
2535	18344.11832	1760
2631	969.3198884	93
2727	364.7978075	35
2823	1271.580929	122
2919	198.0330955	19
3015	489.8713415	47
2351	562.830903	54
2447	469.0257525	45
2543	792.1323819	76
2639	396.066191	38
2735	416.91178	40
2831	1761.45227	169
2927	427.3345745	41
3023	510.7169305	49
2359	719.1728205	69
2455	635.7904645	61
2551	5232.242839	502
2647	427.3345745	41
2743	1188.198573	114
2839	969.3198884	93
2935	875.5147379	84
3031	427.3345745	41
2367	656.6360535	63
2463	1021.433861	98
2559	2053.290516	197
2655	917.2059159	88
2751	2918.38246	280
2847	938.0515049	90
2943	1188.198573	114
3039	343.9522185	33
2375	635.7904645	61
2471	354.375013	34
2567	1261.158134	121
2663	750.441204	72
2759	1438.345641	138
2855	1782.297859	171
2951	323.1066295	31
3047	291.838246	28
2383	427.3345745	41
2479	541.985314	52
2575	927.6287104	89
2671	2136.672872	205
2767	1011.011066	97
2863	302.2610405	29
2959	521.139725	50
3055	218.8786845	21
2391	541.985314	52
2487	833.8235599	80
2583	1146.507395	110
2679	896.3603269	86
2775	1198.621367	115
2871	1719.761092	165
2967	687.904437	66
3063	198.0330955	19
2399	635.7904645	61
2495	823.4007654	79
2591	1563.419175	150
2687	1031.856655	99
2783	302.2610405	29
2879	854.6691489	82
2975	354.375013	34
3071	2001.176544	192
1544	896.3603269	86
1640	7337.647328	704
1736	573.2536975	55
1832	343.9522185	33
1928	677.4816425	65
2024	333.529424	32
2120	333.529424	32
2216	812.9779709	78
1552	583.676492	56
1648	1813.566243	174
1744	26609.39436	2553
1840	1250.73534	120
1936	6837.353192	656
2032	2022.022133	194
2128	594.0992865	57
2224	312.683835	30
1560	343.9522185	33
1656	1073.547833	103
1752	635.7904645	61
1848	2918.38246	280
1944	1688.492709	162
2040	541.985314	52
2136	385.6433965	37
2232	312.683835	30
1568	375.220602	36
1664	2011.599338	193
1760	812.9779709	78
1856	479.448547	46
1952	541.985314	52
2048	437.757369	42
2144	594.0992865	57
2240	562.830903	54
1576	385.6433965	37
1672	2345.128762	225
1768	469.0257525	45
1864	1323.694901	127
1960	1907.371393	183
2056	510.7169305	49
2152	2605.698625	250
2248	427.3345745	41
1584	885.9375324	85
1680	3502.058952	336
1776	614.9448755	59
1872	958.8970939	92
1968	750.441204	72
2064	656.6360535	63
2160	385.6433965	37
2256	333.529424	32
1592	323.1066295	31
1688	833.8235599	80
1784	469.0257525	45
1880	396.066191	38
1976	2324.283173	223
2072	667.058848	64
2168	427.3345745	41
2264	333.529424	32
1600	1146.507395	110
1696	4242.077361	407
1792	677.4816425	65
1888	1876.10301	180
1984	3241.489089	311
2080	448.1801635	43
2176	521.139725	50
2272	323.1066295	31
1608	1480.036819	142
1704	37522.0602	3600
1800	437.757369	42
1896	541.985314	52
1992	917.2059159	88
2088	875.5147379	84
2184	958.8970939	92
2280	375.220602	36
1616	854.6691489	82
1712	823.4007654	79
1808	333.529424	32
1904	312.683835	30
2000	7431.452478	713
2096	1031.856655	99
2192	938.0515049	90
2288	208.45589	20
1624	865.0919434	83
1720	865.0919434	83
1816	364.7978075	35
1912	3575.018513	343
2008	990.1654774	95
2104	1500.882408	144
2200	885.9375324	85
2296	510.7169305	49
1632	1094.393422	105
1728	812.9779709	78
1824	823.4007654	79
1920	1969.90816	189
2016	1365.386079	131
2112	4804.908264	461
2208	333.529424	32
2304	656.6360535	63
2696	2261.746406	217
2792	875.5147379	84
2888	583.676492	56
2984	958.8970939	92
2320	2960.073638	284
2416	1521.727997	146
2512	2230.478023	214
2608	510.7169305	49
2704	1125.661806	108
2800	2032.444927	195
2896	5607.463441	538
2992	521.139725	50
2328	979.7426829	94
2424	479.448547	46
2520	4356.728101	418
2616	3939.816321	378
2712	500.294136	48
2808	500.294136	48
2904	1167.352984	112
3000	302.2610405	29
2336	917.2059159	88
2432	625.36767	60
2528	3720.937636	357
2624	646.213259	62
2720	896.3603269	86
2816	969.3198884	93
2912	469.0257525	45
3008	635.7904645	61
2344	2970.496432	285
2440	2616.121419	251
2536	990.1654774	95
2632	541.985314	52
2728	406.4889855	39
2824	1136.0846	109
2920	2115.827283	203
3016	354.375013	34
2352	2053.290516	197
2448	594.0992865	57
2544	1396.654463	134
2640	531.5625195	51
2736	573.2536975	55
2832	343.9522185	33
2928	270.992657	26
3024	406.4889855	39
2360	1407.077257	135
2456	833.8235599	80
2552	906.7831214	87
2648	396.066191	38
2744	343.9522185	33
2840	291.838246	28
2936	1417.500052	136
3032	823.4007654	79
2368	1052.702244	101
2464	1542.573586	148
2560	1073.547833	103
2656	833.8235599	80
2752	687.904437	66
2848	3627.132486	348
2944	802.5551764	77
3040	343.9522185	33
2376	677.4816425	65
2472	1177.775778	113
2568	1021.433861	98
2664	812.9779709	78
2760	479.448547	46
2856	427.3345745	41
2952	406.4889855	39
3048	343.9522185	33
2384	1031.856655	99
2480	1177.775778	113
2576	1719.761092	165
2672	594.0992865	57
2768	3637.55528	349
2864	562.830903	54
2960	1156.930189	111
3056	396.066191	38
2392	469.0257525	45
2488	2751.617748	264
2584	2814.154515	270
2680	1302.849312	125
2776	541.985314	52
2872	2355.551557	226
2968	291.838246	28
3064	406.4889855	39
2400	646.213259	62
2496	687.904437	66
2592	562.830903	54
2688	4012.775882	385
G1 Field2:A1:1	2407.665529	231
G1 Field2:A1:3	2605.698625	250
G2 Field2:A24:1	4117.003827	395
G2 Field2:A24:3	3752.20602	360
G2 Field2:P1:1	3575.018513	343
G2 Field2:P1:3	4044.044266	388
G1 Field2:P24:1	1886.525804	181
G1 Field2:P24:3	2032.444927	195
3457	831.9147281	71
3553	1113.12534	95
3649	726.4607485	62
3745	1581.809694	135
3081	1546.658368	132
3177	562.4212246	48
3273	1628.67813	139
3369	445.2501362	38
3465	820.1976192	70
3561	984.2371431	84
3657	679.5923131	58
3753	410.0988096	35
3089	890.5002723	76
3185	374.9474831	32
3281	867.0660546	74
3377	1300.599082	111
3473	1605.243912	137
3569	1007.671361	86
3665	1148.276667	98
3761	351.5132654	30
3097	433.5330273	37
3193	585.8554423	50
3289	1312.316191	112
3385	831.9147281	71
3481	1511.507041	129
3577	386.6645919	33
3673	1933.32296	165
3769	667.8752042	57
3105	1359.184626	116
3201	2109.079592	180
3297	2237.96779	191
3393	1792.717653	153
3489	1839.586089	157
3585	1406.053062	120
3681	550.7041158	47
3777	410.0988096	35
3113	2566.046837	219
3209	1218.57932	104
3305	480.4014627	41
3401	1253.730647	107
3497	515.5527892	44
3593	1370.901735	117
3689	1698.980783	145
3785	2753.520579	235
3121	503.8356804	43
3217	1300.599082	111
3313	550.7041158	47
3409	292.9277212	25
3505	1218.57932	104
3601	4804.014627	410
3697	515.5527892	44
3793	796.7634015	68
3129	1066.256905	91
3225	4147.856532	354
3321	2097.362483	179
3417	492.1185715	42
3513	433.5330273	37
3609	796.7634015	68
3705	632.7238777	54
3801	480.4014627	41
3137	492.1185715	42
3233	468.6843538	40
3329	1652.112347	141
3425	480.4014627	41
3521	3667.455069	313
3617	1370.901735	117
3713	503.8356804	43
3809	691.3094219	59
3145	726.4607485	62
3241	1370.901735	117
3337	1851.303198	158
3433	644.4409865	55
3529	1781.000545	152
3625	1593.526803	136
3721	2191.099354	187
3817	831.9147281	71
3153	257.7763946	22
3249	480.4014627	41
3345	2530.895511	216
3441	562.4212246	48
3537	1476.355715	126
3633	1406.053062	120
3729	1042.822687	89
3825	574.1383335	49
3161	843.6318369	72
3257	492.1185715	42
3353	679.5923131	58
3449	1113.12534	95
3841	1581.809694	135
3937	2823.823232	241
4033	503.8356804	43
4129	2636.34949	225
4225	3608.869525	308
1	2800.389014	239
3849	421.8159185	36
3945	398.3817008	34
4041	445.2501362	38
4137	703.0265308	60
4233	609.28966	52
776	527.2698981	45
3857	410.0988096	35
3953	386.6645919	33
4049	1722.415	147
4145	1359.184626	116
4241	714.7436396	61
1537	410.0988096	35
3865	410.0988096	35
3961	878.7831635	75
4057	1429.487279	122
4153	374.9474831	32
4249	609.28966	52
2312	1581.809694	135
3873	703.0265308	60
3969	1792.717653	153
4065	10779.74014	920
4161	1757.566327	150
4257	632.7238777	54
3073	456.967245	39
3881	773.3291838	66
3977	1007.671361	86
4073	1007.671361	86
4169	562.4212246	48
4265	328.0790477	28
3848	386.6645919	33
3889	597.5725512	51
3985	738.1778573	63
4081	1558.375477	133
4177	902.2173812	77
4273	1898.171633	162
3897	761.612075	65
3993	445.2501362	38
4089	714.7436396	61
4185	515.5527892	44
4281	1242.013538	106
3905	1921.605851	164
4001	726.4607485	62
4097	1406.053062	120
4193	621.0067688	53
4289	374.9474831	32
3913	761.612075	65
4009	11400.74691	973
4105	1921.605851	164
4201	984.2371431	84
3921	538.9870069	46
4017	644.4409865	55
4113	585.8554423	50
4209	656.1580954	56
3929	480.4014627	41
4025	363.2303742	31
4121	538.9870069	46
4217	785.0462927	67
3074	492.1185715	42
3170	609.28966	52
3266	480.4014627	41
3362	644.4409865	55
3458	3456.54711	295
3554	1546.658368	132
3650	632.7238777	54
3746	679.5923131	58
3082	550.7041158	47
3178	1324.0333	113
3274	1710.697892	146
3370	1206.862211	103
3466	1288.881973	110
3562	1195.145102	102
3658	1300.599082	111
3754	714.7436396	61
3090	749.8949662	64
3186	1734.132109	148
3282	562.4212246	48
3378	421.8159185	36
3474	831.9147281	71
3570	656.1580954	56
3666	949.0858165	81
3762	304.64483	26
3098	1066.256905	91
3194	351.5132654	30
3290	538.9870069	46
3386	363.2303742	31
3482	503.8356804	43
3578	2718.369252	232
3674	960.8029254	82
3770	1265.447755	108
3106	1324.0333	113
3202	1675.546565	143
3298	1007.671361	86
3394	1277.164864	109
3490	1488.072823	127
3586	2214.533572	189
3682	949.0858165	81
3778	855.3489458	73
3114	960.8029254	82
3210	644.4409865	55
3306	1066.256905	91
3402	410.0988096	35
3498	8717.528982	744
3594	3784.626157	323
3690	456.967245	39
3786	738.1778573	63
3122	363.2303742	31
3218	468.6843538	40
3314	3034.731191	259
3410	679.5923131	58
3506	6784.206022	579
3602	1066.256905	91
3698	456.967245	39
3794	925.6515988	79
3130	4475.935579	382
3226	960.8029254	82
3322	1171.710885	100
3418	644.4409865	55
3514	1558.375477	133
3610	785.0462927	67
3706	445.2501362	38
3802	515.5527892	44
3138	468.6843538	40
3234	4229.876293	361
3330	574.1383335	49
3426	503.8356804	43
3522	4464.21847	381
3618	1816.151871	155
3714	1441.204388	123
3810	703.0265308	60
3146	632.7238777	54
3242	656.1580954	56
3338	1441.204388	123
3434	398.3817008	34
3530	1019.38847	87
3626	515.5527892	44
3722	667.8752042	57
3818	738.1778573	63
3154	1124.842449	96
3250	925.6515988	79
3346	2882.408776	246
3442	492.1185715	42
3538	1698.980783	145
3634	1206.862211	103
3730	691.3094219	59
3826	374.9474831	32
3162	410.0988096	35
3258	410.0988096	35
3354	890.5002723	76
3450	9596.312145	819
3546	410.0988096	35
3642	820.1976192	70
3738	714.7436396	61
3834	351.5132654	30
3842	1570.092585	134
3938	656.1580954	56
4034	949.0858165	81
4130	1265.447755	108
4226	1511.507041	129
97	16860.91963	1439
3850	1663.829456	142
3946	667.8752042	57
4042	2601.198164	222
4138	972.5200342	83
4234	738.1778573	63
872	1218.57932	104
3858	1324.0333	113
3954	3784.626157	323
4050	621.0067688	53
4146	328.0790477	28
4242	597.5725512	51
1633	515.5527892	44
3866	433.5330273	37
3962	2495.744184	213
4058	1370.901735	117
4154	328.0790477	28
4250	480.4014627	41
2408	1757.566327	150
3874	2319.987552	198
3970	2167.665137	185
4066	1195.145102	102
4162	3304.224695	282
4258	374.9474831	32
3169	691.3094219	59
3882	785.0462927	67
3978	644.4409865	55
4074	679.5923131	58
4170	363.2303742	31
4266	363.2303742	31
3944	445.2501362	38
3890	808.4805104	69
3986	410.0988096	35
4082	2167.665137	185
4178	445.2501362	38
4274	292.9277212	25
3898	656.1580954	56
3994	785.0462927	67
4090	878.7831635	75
4186	492.1185715	42
4282	574.1383335	49
3906	984.2371431	84
4002	761.612075	65
4098	679.5923131	58
4194	1417.77017	121
4290	890.5002723	76
3914	1909.888742	163
4010	2425.441531	207
4106	3702.606395	316
4202	621.0067688	53
3922	2636.34949	225
4018	796.7634015	68
4114	679.5923131	58
4210	1347.467517	115
3930	351.5132654	30
4026	351.5132654	30
4122	2191.099354	187
4218	492.1185715	42
3075	538.9870069	46
3171	316.3619388	27
3267	1839.586089	157
3363	398.3817008	34
3459	609.28966	52
3555	714.7436396	61
3651	1101.408232	94
3747	363.2303742	31
3083	374.9474831	32
3179	1394.335953	119
3275	2085.645375	178
3371	703.0265308	60
3467	1101.408232	94
3563	1698.980783	145
3659	1159.993776	99
3755	538.9870069	46
3091	796.7634015	68
3187	1558.375477	133
3283	1863.020307	159
3379	808.4805104	69
3475	1429.487279	122
3571	562.4212246	48
3667	691.3094219	59
3763	304.64483	26
3099	621.0067688	53
3195	1698.980783	145
3291	1652.112347	141
3387	1616.961021	138
3483	1230.296429	105
3579	3667.455069	313
3675	1734.132109	148
3771	3198.770715	273
3107	1019.38847	87
3203	2812.106123	240
3299	831.9147281	71
3395	1218.57932	104
3491	703.0265308	60
3587	703.0265308	60
3683	1359.184626	116
3779	363.2303742	31
3115	503.8356804	43
3211	738.1778573	63
3307	574.1383335	49
3403	503.8356804	43
3499	5120.376566	437
3595	1218.57932	104
3691	433.5330273	37
3787	292.9277212	25
3123	410.0988096	35
3219	410.0988096	35
3315	621.0067688	53
3411	292.9277212	25
3507	820.1976192	70
3603	1441.204388	123
3699	843.6318369	72
3795	433.5330273	37
3131	773.3291838	66
3227	644.4409865	55
3323	480.4014627	41
3419	503.8356804	43
3515	1054.539796	90
3611	468.6843538	40
3707	503.8356804	43
3803	808.4805104	69
3139	374.9474831	32
3235	515.5527892	44
3331	1464.638606	125
3427	1663.829456	142
3523	1394.335953	119
3619	667.8752042	57
3715	1476.355715	126
3811	3749.474831	320
3147	538.9870069	46
3243	878.7831635	75
3339	1570.092585	134
3435	738.1778573	63
3531	949.0858165	81
3627	538.9870069	46
3723	1652.112347	141
3819	1382.618844	118
3155	445.2501362	38
3251	597.5725512	51
3347	456.967245	39
3443	1863.020307	159
3539	398.3817008	34
3635	550.7041158	47
3731	1722.415	147
3827	503.8356804	43
3163	1277.164864	109
3259	468.6843538	40
3355	1159.993776	99
3451	890.5002723	76
3547	761.612075	65
3643	925.6515988	79
3739	1101.408232	94
3835	1183.427993	101
3843	843.6318369	72
3939	785.0462927	67
4035	1054.539796	90
4131	1675.546565	143
4227	339.7961565	29
193	363.2303742	31
3851	492.1185715	42
3947	1359.184626	116
4043	1242.013538	106
4139	597.5725512	51
4235	9045.608029	772
968	995.9542519	85
3859	538.9870069	46
3955	679.5923131	58
4051	1195.145102	102
4147	714.7436396	61
4243	820.1976192	70
1729	714.7436396	61
3867	1792.717653	153
3963	421.8159185	36
4059	550.7041158	47
4155	2202.816463	188
4251	1288.881973	110
2504	2976.145647	254
3875	972.5200342	83
3971	714.7436396	61
4067	538.9870069	46
4163	1359.184626	116
4259	550.7041158	47
3265	644.4409865	55
3883	4745.429083	405
3979	1206.862211	103
4075	398.3817008	34
4171	538.9870069	46
4267	6221.784797	531
4040	1452.921497	124
3891	363.2303742	31
3987	410.0988096	35
4083	374.9474831	32
4179	562.4212246	48
4275	1488.072823	127
3899	1605.243912	137
3995	2109.079592	180
4091	890.5002723	76
4187	831.9147281	71
4283	398.3817008	34
3907	656.1580954	56
4003	3726.040613	318
4099	445.2501362	38
4195	1218.57932	104
3915	328.0790477	28
4011	585.8554423	50
4107	679.5923131	58
4203	738.1778573	63
3923	386.6645919	33
4019	503.8356804	43
4115	738.1778573	63
4211	691.3094219	59
3931	527.2698981	45
4027	269.4935035	23
4123	831.9147281	71
4219	925.6515988	79
3076	2249.684898	192
3172	667.8752042	57
3268	585.8554423	50
3364	878.7831635	75
3460	1652.112347	141
3556	925.6515988	79
3652	1956.757177	167
3748	421.8159185	36
3084	1089.691123	93
3180	503.8356804	43
3276	1359.184626	116
3372	5237.547654	447
3468	1394.335953	119
3564	1253.730647	107
3660	1616.961021	138
3756	421.8159185	36
3092	4651.692212	397
3188	902.2173812	77
3284	995.9542519	85
3380	386.6645919	33
3476	1968.474286	168
3572	1253.730647	107
3668	1382.618844	118
3764	515.5527892	44
3100	410.0988096	35
3196	410.0988096	35
3292	726.4607485	62
3388	691.3094219	59
3484	445.2501362	38
3580	984.2371431	84
3676	1710.697892	146
3772	1675.546565	143
3108	562.4212246	48
3204	562.4212246	48
3300	1534.941259	131
3396	515.5527892	44
3492	562.4212246	48
3588	410.0988096	35
3684	632.7238777	54
3780	503.8356804	43
3116	749.8949662	64
3212	1077.974014	92
3308	2191.099354	187
3404	316.3619388	27
3500	878.7831635	75
3596	785.0462927	67
3692	433.5330273	37
3788	1042.822687	89
3124	714.7436396	61
3220	316.3619388	27
3316	831.9147281	71
3412	714.7436396	61
3508	2109.079592	180
3604	1324.0333	113
3700	1827.86898	156
3796	585.8554423	50
3132	386.6645919	33
3228	398.3817008	34
3324	1007.671361	86
3420	656.1580954	56
3516	4288.461838	366
3612	538.9870069	46
3708	831.9147281	71
3804	304.64483	26
3140	492.1185715	42
3236	527.2698981	45
3332	2437.15864	208
3428	13216.89878	1128
3524	585.8554423	50
3620	1159.993776	99
3716	773.3291838	66
3812	585.8554423	50
3148	515.5527892	44
3244	913.93449	78
3340	538.9870069	46
3436	5471.889831	467
3532	527.2698981	45
3628	515.5527892	44
3724	890.5002723	76
3820	398.3817008	34
3156	445.2501362	38
3252	585.8554423	50
3348	585.8554423	50
3444	351.5132654	30
3540	398.3817008	34
3636	1394.335953	119
3732	351.5132654	30
3828	281.2106123	24
3164	691.3094219	59
3260	421.8159185	36
3356	386.6645919	33
3452	2800.389014	239
3548	1757.566327	150
3644	1101.408232	94
3740	3597.152416	307
3836	538.9870069	46
3844	1452.921497	124
3940	714.7436396	61
4036	796.7634015	68
4132	2800.389014	239
4228	1089.691123	93
289	890.5002723	76
3852	1452.921497	124
3948	878.7831635	75
4044	1159.993776	99
4140	2929.277212	250
4236	4218.159185	360
1064	5296.133198	452
3860	5178.96211	442
3956	1218.57932	104
4052	1640.395238	140
4148	1148.276667	98
4244	374.9474831	32
1825	1663.829456	142
3868	738.1778573	63
3964	1265.447755	108
4060	1113.12534	95
4156	562.4212246	48
4252	1031.105578	88
2600	1159.993776	99
3876	3550.28398	303
3972	2027.05983	173
4068	527.2698981	45
4164	292.9277212	25
4260	503.8356804	43
3361	316.3619388	27
3884	585.8554423	50
3980	679.5923131	58
4076	3726.040613	318
4172	480.4014627	41
4268	972.5200342	83
4136	2882.408776	246
3892	468.6843538	40
3988	1698.980783	145
4084	257.7763946	22
4180	1042.822687	89
4276	621.0067688	53
3900	585.8554423	50
3996	480.4014627	41
4092	1511.507041	129
4188	773.3291838	66
4284	374.9474831	32
3908	714.7436396	61
4004	351.5132654	30
4100	2015.342722	172
4196	703.0265308	60
3916	937.3687077	80
4012	515.5527892	44
4108	445.2501362	38
4204	1042.822687	89
3924	351.5132654	30
4020	1066.256905	91
4116	925.6515988	79
4212	1066.256905	91
3932	7018.548199	599
4028	550.7041158	47
4124	468.6843538	40
4220	269.4935035	23
3077	9889.239866	844
3173	1593.526803	136
3269	621.0067688	53
3365	433.5330273	37
3461	831.9147281	71
3557	3058.165409	261
3653	1382.618844	118
3749	2343.421769	200
3085	1101.408232	94
3181	5846.837314	499
3277	1288.881973	110
3373	480.4014627	41
3469	2425.441531	207
3565	1710.697892	146
3661	374.9474831	32
3757	316.3619388	27
3093	492.1185715	42
3189	703.0265308	60
3285	562.4212246	48
3381	562.4212246	48
3477	421.8159185	36
3573	445.2501362	38
3669	972.5200342	83
3765	433.5330273	37
3101	1581.809694	135
3197	1406.053062	120
3293	1827.86898	156
3389	644.4409865	55
3485	433.5330273	37
3581	796.7634015	68
3677	1534.941259	131
3773	2355.138878	201
3109	691.3094219	59
3205	726.4607485	62
3301	492.1185715	42
3397	456.967245	39
3493	538.9870069	46
3589	7452.081226	636
3685	456.967245	39
3781	597.5725512	51
3117	621.0067688	53
3213	492.1185715	42
3309	738.1778573	63
3405	1148.276667	98
3501	2179.382245	186
3597	15513.45211	1324
3693	445.2501362	38
3789	328.0790477	28
3125	316.3619388	27
3221	363.2303742	31
3317	574.1383335	49
3413	667.8752042	57
3509	1195.145102	102
3605	1066.256905	91
3701	1909.888742	163
3797	363.2303742	31
3133	949.0858165	81
3229	585.8554423	50
3325	4007.251225	342
3421	433.5330273	37
3517	621.0067688	53
3613	433.5330273	37
3709	1066.256905	91
3805	503.8356804	43
3141	609.28966	52
3237	527.2698981	45
3333	2706.652143	231
3429	1007.671361	86
3525	1113.12534	95
3621	5471.889831	467
3717	1628.67813	139
3813	328.0790477	28
3149	316.3619388	27
3245	410.0988096	35
3341	703.0265308	60
3437	316.3619388	27
3533	796.7634015	68
3629	1253.730647	107
3725	550.7041158	47
3821	562.4212246	48
3157	749.8949662	64
3253	855.3489458	73
3349	316.3619388	27
3445	386.6645919	33
3541	339.7961565	29
3637	667.8752042	57
3733	1101.408232	94
3829	468.6843538	40
3165	1909.888742	163
3261	726.4607485	62
3357	421.8159185	36
3453	4347.047382	371
3549	421.8159185	36
3645	1300.599082	111
3741	1089.691123	93
3837	597.5725512	51
3845	445.2501362	38
3941	667.8752042	57
4037	937.3687077	80
4133	3444.830001	294
4229	574.1383335	49
473	585.8554423	50
3853	4077.553878	348
3949	562.4212246	48
4045	550.7041158	47
4141	574.1383335	49
4237	667.8752042	57
1248	632.7238777	54
3861	421.8159185	36
3957	468.6843538	40
4053	503.8356804	43
4149	2214.533572	189
4245	363.2303742	31
2009	1124.842449	96
3869	656.1580954	56
3965	2378.573096	203
4061	597.5725512	51
4157	749.8949662	64
4253	644.4409865	55
2784	3597.152416	307
3877	1183.427993	101
3973	1605.243912	137
4069	1781.000545	152
4165	1745.849218	149
4261	867.0660546	74
3545	1101.408232	94
3885	703.0265308	60
3981	351.5132654	30
4077	1464.638606	125
4173	1089.691123	93
4269	925.6515988	79
3893	574.1383335	49
3989	691.3094219	59
4085	1124.842449	96
4181	691.3094219	59
4277	433.5330273	37
3901	1066.256905	91
3997	585.8554423	50
4093	1616.961021	138
4189	1171.710885	100
4285	374.9474831	32
3909	621.0067688	53
4005	492.1185715	42
4101	5764.817552	492
4197	831.9147281	71
3917	386.6645919	33
4013	632.7238777	54
4109	714.7436396	61
4205	410.0988096	35
3925	1242.013538	106
4021	3948.665681	337
4117	1511.507041	129
4213	1077.974014	92
3933	1546.658368	132
4029	515.5527892	44
4125	2929.277212	250
4221	691.3094219	59
3078	667.8752042	57
3174	995.9542519	85
3270	433.5330273	37
3366	445.2501362	38
3462	1769.283436	151
3558	574.1383335	49
3654	538.9870069	46
3750	2027.05983	173
3086	3608.869525	308
3182	1159.993776	99
3278	1066.256905	91
3374	527.2698981	45
3470	2308.270443	197
3566	1359.184626	116
3662	538.9870069	46
3758	421.8159185	36
3094	562.4212246	48
3190	609.28966	52
3286	1089.691123	93
3382	621.0067688	53
3478	1956.757177	167
3574	445.2501362	38
3670	550.7041158	47
3766	1066.256905	91
3102	855.3489458	73
3198	621.0067688	53
3294	937.3687077	80
3390	1968.474286	168
3486	421.8159185	36
3582	1663.829456	142
3678	667.8752042	57
3774	1441.204388	123
3110	398.3817008	34
3206	585.8554423	50
3302	2167.665137	185
3398	550.7041158	47
3494	1230.296429	105
3590	1394.335953	119
3686	410.0988096	35
3782	621.0067688	53
3118	492.1185715	42
3214	410.0988096	35
3310	503.8356804	43
3406	1745.849218	149
3502	527.2698981	45
3598	902.2173812	77
3694	2753.520579	235
3790	374.9474831	32
3126	538.9870069	46
3222	679.5923131	58
3318	925.6515988	79
3414	456.967245	39
3510	1347.467517	115
3606	2191.099354	187
3702	562.4212246	48
3798	421.8159185	36
3134	1370.901735	117
3230	1265.447755	108
3326	1558.375477	133
3422	538.9870069	46
3518	831.9147281	71
3614	2847.25745	243
3710	1851.303198	158
3806	445.2501362	38
3142	480.4014627	41
3238	820.1976192	70
3334	972.5200342	83
3430	902.2173812	77
3526	1991.908504	170
3622	2062.211157	176
3718	550.7041158	47
3814	351.5132654	30
3150	2694.935035	230
3246	761.612075	65
3342	878.7831635	75
3438	503.8356804	43
3534	1816.151871	155
3630	1031.105578	88
3726	1816.151871	155
3822	773.3291838	66
3158	1019.38847	87
3254	468.6843538	40
3350	644.4409865	55
3446	433.5330273	37
3542	667.8752042	57
3638	1359.184626	116
3734	456.967245	39
3830	1710.697892	146
3166	714.7436396	61
3262	679.5923131	58
3358	808.4805104	69
3454	515.5527892	44
3550	667.8752042	57
3646	585.8554423	50
3742	292.9277212	25
3838	269.4935035	23
3846	726.4607485	62
3942	398.3817008	34
4038	656.1580954	56
4134	1324.0333	113
4230	574.1383335	49
569	761.612075	65
3854	1148.276667	98
3950	1523.22415	130
4046	1687.263674	144
4142	1511.507041	129
4238	1640.395238	140
1344	2050.494048	175
3862	913.93449	78
3958	656.1580954	56
4054	609.28966	52
4150	1277.164864	109
4246	503.8356804	43
2105	1464.638606	125
3870	1523.22415	130
3966	2237.96779	191
4062	831.9147281	71
4158	4218.159185	360
4254	855.3489458	73
2880	246.0592858	21
3878	445.2501362	38
3974	714.7436396	61
4070	2952.711429	252
4166	374.9474831	32
4262	480.4014627	41
3641	972.5200342	83
3886	843.6318369	72
3982	281.2106123	24
4078	984.2371431	84
4174	1195.145102	102
4270	1054.539796	90
3894	656.1580954	56
3990	585.8554423	50
4086	2179.382245	186
4182	714.7436396	61
4278	890.5002723	76
3902	585.8554423	50
3998	679.5923131	58
4094	3632.303742	310
4190	1417.77017	121
4286	550.7041158	47
3910	1710.697892	146
4006	761.612075	65
4102	714.7436396	61
4198	785.0462927	67
3918	691.3094219	59
4014	550.7041158	47
4110	515.5527892	44
4206	527.2698981	45
3926	585.8554423	50
4022	679.5923131	58
4118	468.6843538	40
4214	1019.38847	87
3934	902.2173812	77
4030	468.6843538	40
4126	1230.296429	105
4222	246.0592858	21
3079	468.6843538	40
3175	703.0265308	60
3271	984.2371431	84
3367	1124.842449	96
3463	1476.355715	126
3559	621.0067688	53
3655	1324.0333	113
3751	2554.329728	218
3087	374.9474831	32
3183	1417.77017	121
3279	1441.204388	123
3375	468.6843538	40
3471	2038.776939	174
3567	1218.57932	104
3663	808.4805104	69
3759	246.0592858	21
3095	12209.22742	1042
3191	738.1778573	63
3287	1007.671361	86
3383	562.4212246	48
3479	644.4409865	55
3575	7381.778573	630
3671	925.6515988	79
3767	456.967245	39
3103	527.2698981	45
3199	1113.12534	95
3295	1792.717653	153
3391	1077.974014	92
3487	1218.57932	104
3583	3245.63915	277
3679	925.6515988	79
3775	515.5527892	44
3111	1195.145102	102
3207	1312.316191	112
3303	890.5002723	76
3399	609.28966	52
3495	445.2501362	38
3591	550.7041158	47
3687	1066.256905	91
3783	2308.270443	197
3119	492.1185715	42
3215	726.4607485	62
3311	2601.198164	222
3407	785.0462927	67
3503	456.967245	39
3599	984.2371431	84
3695	621.0067688	53
3791	316.3619388	27
3127	1898.171633	162
3223	890.5002723	76
3319	1734.132109	148
3415	562.4212246	48
3511	386.6645919	33
3607	703.0265308	60
3703	995.9542519	85
3799	527.2698981	45
3135	1077.974014	92
3231	410.0988096	35
3327	1031.105578	88
3423	703.0265308	60
3519	703.0265308	60
3615	609.28966	52
3711	1886.454524	161
3807	527.2698981	45
3143	1171.710885	100
3239	1816.151871	155
3335	1499.789932	128
3431	363.2303742	31
3527	410.0988096	35
3623	691.3094219	59
3719	1101.408232	94
3815	1698.980783	145
3151	5952.291294	508
3247	1359.184626	116
3343	562.4212246	48
3439	456.967245	39
3535	2226.250681	190
3631	1417.77017	121
3727	398.3817008	34
3823	808.4805104	69
3159	316.3619388	27
3255	1781.000545	152
3351	2214.533572	189
3447	398.3817008	34
3543	1253.730647	107
3639	398.3817008	34
3735	421.8159185	36
3831	1734.132109	148
3167	480.4014627	41
3263	386.6645919	33
3359	667.8752042	57
3455	2027.05983	173
3551	480.4014627	41
3647	878.7831635	75
3743	304.64483	26
3839	679.5923131	58
3847	2132.51381	182
3943	1874.737415	160
4039	785.0462927	67
4135	234.3421769	20
4231	1054.539796	90
665	1113.12534	95
3855	2273.119116	194
3951	492.1185715	42
4047	3960.38279	338
4143	16872.63674	1440
4239	1476.355715	126
1440	867.0660546	74
3863	925.6515988	79
3959	2308.270443	197
4055	738.1778573	63
4151	1546.658368	132
4247	398.3817008	34
2201	1523.22415	130
3871	269.4935035	23
3967	773.3291838	66
4063	2308.270443	197
4159	726.4607485	62
4255	398.3817008	34
2976	1054.539796	90
3879	480.4014627	41
3975	1101.408232	94
4071	3854.92881	329
4167	679.5923131	58
4263	1007.671361	86
3737	1581.809694	135
3887	925.6515988	79
3983	492.1185715	42
4079	972.5200342	83
4175	937.3687077	80
4271	1546.658368	132
3895	1195.145102	102
3991	410.0988096	35
4087	468.6843538	40
4183	855.3489458	73
4279	913.93449	78
3903	972.5200342	83
3999	1195.145102	102
4095	609.28966	52
4191	2191.099354	187
4287	398.3817008	34
3911	878.7831635	75
4007	503.8356804	43
4103	749.8949662	64
4199	2355.138878	201
3919	527.2698981	45
4015	480.4014627	41
4111	1757.566327	150
4207	2484.027075	212
3927	656.1580954	56
4023	257.7763946	22
4119	1488.072823	127
4215	5846.837314	499
3935	1089.691123	93
4031	2519.178402	215
4127	2554.329728	218
4223	902.2173812	77
3080	503.8356804	43
3176	621.0067688	53
3272	2999.579865	256
3368	1816.151871	155
3464	2319.987552	198
3560	609.28966	52
3656	515.5527892	44
3752	445.2501362	38
3088	972.5200342	83
3184	925.6515988	79
3280	2073.928266	177
3376	609.28966	52
3472	1394.335953	119
3568	421.8159185	36
3664	1148.276667	98
3760	257.7763946	22
3096	1816.151871	155
3192	773.3291838	66
3288	1136.559558	97
3384	562.4212246	48
3480	785.0462927	67
3576	5331.284525	455
3672	503.8356804	43
3768	1031.105578	88
3104	1136.559558	97
3200	621.0067688	53
3296	2741.80347	234
3392	749.8949662	64
3488	972.5200342	83
3584	515.5527892	44
3680	902.2173812	77
3776	351.5132654	30
3112	2038.776939	174
3208	3105.033844	265
3304	2343.421769	200
3400	1183.427993	101
3496	3515.132654	300
3592	1113.12534	95
3688	585.8554423	50
3784	410.0988096	35
3120	1886.454524	161
3216	1253.730647	107
3312	644.4409865	55
3408	574.1383335	49
3504	949.0858165	81
3600	960.8029254	82
3696	597.5725512	51
3792	1605.243912	137
3128	2343.421769	200
3224	456.967245	39
3320	2683.217926	229
3416	1523.22415	130
3512	1816.151871	155
3608	8084.805104	690
3704	1113.12534	95
3800	515.5527892	44
3136	468.6843538	40
3232	433.5330273	37
3328	925.6515988	79
3424	363.2303742	31
3520	562.4212246	48
3616	773.3291838	66
3712	363.2303742	31
3808	585.8554423	50
3144	1722.415	147
3240	8787.831635	750
3336	12349.83272	1054
3432	527.2698981	45
3528	960.8029254	82
3624	703.0265308	60
3720	550.7041158	47
3816	339.7961565	29
3152	714.7436396	61
3248	2858.974558	244
3344	2038.776939	174
3440	621.0067688	53
3536	503.8356804	43
3632	1781.000545	152
3728	1007.671361	86
3824	292.9277212	25
3160	4194.724967	358
3256	808.4805104	69
3352	2812.106123	240
3448	1382.618844	118
3544	1136.559558	97
3640	3901.797246	333
3736	410.0988096	35
3832	515.5527892	44
3168	597.5725512	51
3264	421.8159185	36
3360	1054.539796	90
3456	4077.553878	348
3552	1101.408232	94
3648	843.6318369	72
3744	269.4935035	23
3840	527.2698981	45
4232	597.5725512	51
761	1335.750408	114
3856	656.1580954	56
3952	304.64483	26
4048	492.1185715	42
4144	1710.697892	146
4240	257.7763946	22
1536	749.8949662	64
3864	2812.106123	240
3960	3983.817008	340
4056	937.3687077	80
4152	2589.481055	221
4248	703.0265308	60
2297	1159.993776	99
3872	949.0858165	81
3968	2577.763946	220
4064	4909.468607	419
4160	492.1185715	42
4256	339.7961565	29
3072	632.7238777	54
3880	1136.559558	97
3976	1148.276667	98
4072	949.0858165	81
4168	1077.974014	92
4264	761.612075	65
3833	2038.776939	174
3888	574.1383335	49
3984	7018.548199	599
4080	2319.987552	198
4176	609.28966	52
4272	1277.164864	109
3896	609.28966	52
3992	1089.691123	93
4088	1581.809694	135
4184	1042.822687	89
4280	2343.421769	200
3904	808.4805104	69
4000	585.8554423	50
4096	1312.316191	112
4192	1089.691123	93
4288	597.5725512	51
3912	351.5132654	30
4008	398.3817008	34
4104	890.5002723	76
4200	761.612075	65
3920	1136.559558	97
4016	1159.993776	99
4112	6233.501906	532
4208	820.1976192	70
3928	562.4212246	48
4024	351.5132654	30
4120	222.6250681	19
4216	820.1976192	70
3936	3644.020851	311
4032	820.1976192	70
4128	351.5132654	30
4224	2308.270443	197
G1 Field3:A1:1	2296.553334	196
G1 Field3:A1:3	2788.671905	238
G2 Field3:A24:1	3925.231463	335
G2 Field3:A24:3	5085.225239	434
G2 Field3:P1:1	4628.257994	395
G2 Field3:P1:3	4241.593402	362
G1 Field3:P24:1	2249.684898	192
G1 Field3:P24:3	2296.553334	196
