385	579.9219798	78.83
481	419.327069	57
577	728.9670047	99.09
673	7620.864865	1035.92
9	1594.693487	216.77
105	2161.299993	293.79
201	489.3620461	66.52
297	540.4905221	73.47
393	2992.597516	406.79
489	626.342222	85.14
585	1249.300401	169.82
681	702.7038883	95.52
17	745.2251244	101.3
113	1654.134938	224.85
209	850.4982886	115.61
305	1219.064712	165.71
401	1306.240603	177.56
497	1188.387627	161.54
593	966.2178464	131.34
689	1897.344638	257.91
25	2540.459943	345.33
121	2186.386051	297.2
217	424.1088689	57.65
313	655.4744184	89.1
409	916.6342596	124.6
505	1482.57867	201.53
601	1850.2623	251.51
697	939.8075976	127.75
33	934.8786654	127.08
129	1199.128285	163
225	571.2411738	77.65
321	1453.446474	197.57
417	498.7049475	67.79
513	3789.318947	515.09
609	705.0580052	95.84
705	1343.980039	182.69
41	3073.00532	417.72
137	2125.326144	288.9
233	335.7559198	45.64
329	262.6311643	35.7
425	563.0017648	76.53
521	859.8411899	116.88
617	1168.524766	158.84
713	628.5492066	85.44
49	264.1024873	35.9
145	759.6440903	103.26
241	482.0789971	65.53
337	1260.997419	171.41
433	948.4884036	128.93
529	844.6865625	114.82
625	4906.568104	666.96
721	633.7724034	86.15
57	425.4330597	57.83
153	578.8920537	78.69
249	338.8456982	46.06
345	668.1277966	90.82
441	335.1673906	45.56
537	668.0542305	90.81
633	1418.943949	192.88
729	1083.482293	147.28
65	505.0316366	68.65
161	1368.25687	185.99
257	373.2010914	50.73
353	463.4667605	63
449	291.7633606	39.66
545	422.4168474	57.42
641	1087.160601	147.78
737	487.9642893	66.33
73	355.9130456	48.38
169	1146.234221	155.81
265	525.7037255	71.46
361	1188.90259	161.61
457	547.0379097	74.36
553	467.2186343	63.51
649	1408.423989	191.45
745	2309.830055	313.98
81	640.0990925	87.01
177	872.3474358	118.58
273	618.9856068	84.14
369	1350.453861	183.57
465	300.0027697	40.78
561	1022.643085	139.01
657	876.0993096	119.09
753	7314.46184	994.27
89	584.2623828	79.42
185	1652.148652	224.58
281	695.0530084	94.48
377	2563.853979	348.51
769	383.132522	52.08
865	546.5965128	74.3
961	7975.747985	1084.16
1057	4223.432813	574.1
1153	330.4591568	44.92
1249	323.6910708	44
1345	560.3533833	76.17
1441	662.7574675	90.09
777	773.7687915	105.18
873	4033.705705	548.31
969	379.1599498	51.54
1065	622.001819	84.55
1161	2079.567998	282.68
1257	564.9880509	76.8
1353	706.897159	96.09
1449	754.4208935	102.55
785	427.1250812	58.06
881	471.926868	64.15
977	2472.043421	336.03
1073	3015.84442	409.95
1169	1327.13339	180.4
1265	3092.279652	420.34
1361	1268.133336	172.38
1457	440.6612532	59.9
793	480.0191448	65.25
889	1864.754832	253.48
985	377.6886267	51.34
1081	230.7034541	31.36
1177	405.4966323	55.12
1273	457.5814683	62.2
1369	349.1449596	47.46
1465	435.8058872	59.24
801	5735.143679	779.59
897	972.6916678	132.22
993	340.0227567	46.22
1089	299.9292036	40.77
1185	531.294753	72.22
1281	782.5231637	106.37
1377	492.4518246	66.94
1473	693.8023838	94.31
809	724.4794694	98.48
905	390.5627034	53.09
1001	519.3034702	70.59
1097	764.352324	103.9
1193	732.4246139	99.56
1289	613.1738807	83.35
1385	1080.09825	146.82
1481	361.9454701	49.2
817	634.4344988	86.24
913	342.3033074	46.53
1009	569.1077554	77.36
1105	313.6860741	42.64
1201	639.8783941	86.98
1297	1254.523598	170.53
1393	460.5976805	62.61
1489	380.4105744	51.71
825	3724.727865	506.31
921	798.9284157	108.6
1017	426.5365519	57.98
1113	1178.161932	160.15
1209	616.7050561	83.83
1305	2694.875297	366.32
1401	919.0619427	124.93
1497	288.1586192	39.17
833	1358.399005	184.65
929	675.2637134	91.79
1025	1036.69422	140.92
1121	565.2087493	76.83
1217	636.1265203	86.47
1313	774.5780192	105.29
1409	505.1052028	68.66
1505	478.179991	65
841	1668.480338	226.8
937	538.1364052	73.15
1033	617.146453	83.89
1129	368.3457254	50.07
1225	1817.231098	247.02
1321	2138.862317	290.74
1417	661.2125783	89.88
1513	862.783836	117.28
849	2223.242693	302.21
945	635.979388	86.45
1041	594.7087765	80.84
1137	2194.184063	298.26
1233	673.4245596	91.54
1329	856.3100146	116.4
1425	742.8710075	100.98
1521	702.1889252	95.45
857	1501.853002	204.15
953	878.6005588	119.43
1049	1149.912529	156.31
1145	428.964235	58.31
1241	337.5215075	45.88
1337	371.9504668	50.56
1433	1093.340158	148.62
1529	2360.517134	320.87
2	763.0281333	103.72
98	5067.163015	688.79
194	620.4569298	84.34
290	640.0990925	87.01
386	4398.593822	597.91
482	699.9819406	95.15
578	1303.445089	177.18
674	1512.446528	205.59
10	723.5966756	98.36
106	794.5144465	108
202	796.7949973	108.31
298	588.4556535	79.99
394	933.701607	126.92
490	831.2975228	113
586	1369.286796	186.13
682	867.5656359	117.93
18	1680.839451	228.48
114	898.6105523	122.15
210	489.9505754	66.6
306	338.4778675	46.01
402	462.2161359	62.83
498	391.3719311	53.2
594	384.088882	52.21
690	555.3508849	75.49
26	768.9869916	104.53
122	716.9021557	97.45
218	976.5906739	132.75
314	4583.097732	622.99
410	544.2423959	73.98
506	843.5830702	114.67
602	1175.660682	159.81
698	984.0208553	133.76
34	955.6978866	129.91
130	825.3386644	112.19
226	514.1538395	69.89
322	521.2897563	70.86
418	384.8245435	52.31
514	296.1037636	40.25
610	813.1266831	110.53
706	2131.505701	289.74
42	1474.55996	200.44
138	910.2340044	123.73
234	422.9318105	57.49
330	691.00687	93.93
426	889.9297463	120.97
522	711.6053927	96.73
618	737.2799799	100.22
714	1082.893764	147.2
50	552.7025034	75.13
146	837.4770796	113.84
242	368.0514607	50.03
338	1130.343933	153.65
434	648.7063324	88.18
530	873.1566635	118.69
626	394.0938787	53.57
722	779.1391207	105.91
58	431.6861826	58.68
154	955.5507543	129.89
250	1081.201743	146.97
346	1540.254534	209.37
442	793.1902558	107.82
538	465.7473112	63.31
634	1028.086981	139.75
730	3445.912147	468.41
66	356.3544425	48.44
162	491.6425969	66.83
258	736.4707523	100.11
354	907.144226	123.31
450	494.5116768	67.22
546	580.2898106	78.88
642	1029.779002	139.98
738	492.7460892	66.98
74	450.0041546	61.17
170	493.9231476	67.14
266	512.7560826	69.7
362	3340.786115	454.12
458	546.7436451	74.32
554	513.0503472	69.74
650	513.4917442	69.8
746	608.8334777	82.76
82	507.6800181	69.01
178	907.3649244	123.34
274	953.6380343	129.63
370	1424.976373	193.7
466	461.6276067	62.75
562	571.1676077	77.64
658	1983.34347	269.6
754	600.5940687	81.64
90	1002.706658	136.3
186	591.9132627	80.46
282	549.5391589	74.7
378	2493.377605	338.93
474	311.699788	42.37
570	453.6088961	61.66
666	558.8820602	75.97
762	685.4894086	93.18
770	579.4805829	78.77
866	326.9279815	44.44
962	537.1800452	73.02
1058	527.1750485	71.66
1154	2468.291547	335.52
1250	731.026857	99.37
1346	657.9756676	89.44
1442	1482.946501	201.58
778	1280.86028	174.11
874	412.8532476	56.12
970	414.8395337	56.39
1066	264.9852812	36.02
1162	792.2338958	107.69
1258	611.3347269	83.1
1354	844.6129964	114.81
1450	2400.242856	326.27
786	545.5665866	74.16
882	1096.35637	149.03
978	603.0217517	81.97
1074	414.3981368	56.33
1170	551.0104819	74.9
1266	508.3421135	69.1
1362	1316.981261	179.02
1458	10746.32285	1460.77
794	804.8137079	109.4
890	583.1588905	79.27
986	366.5801377	49.83
1082	205.9116607	27.99
1178	441.6176132	60.03
1274	383.2796543	52.1
1370	481.1226371	65.4
1466	543.2860359	73.85
802	546.0815497	74.23
898	314.2010371	42.71
994	543.2124697	73.84
1090	712.6353189	96.87
1186	1243.930072	169.09
1282	562.3396694	76.44
1378	751.1839827	102.11
1474	368.2721592	50.06
810	11940.7429	1623.13
906	1034.045839	140.56
1002	847.8499071	115.25
1098	425.8008904	57.88
1194	851.4546485	115.74
1290	503.4131813	68.43
1386	715.2837003	97.23
1482	502.0154244	68.24
818	677.470698	92.09
914	1586.821909	215.7
1010	1010.578236	137.37
1106	838.8748365	114.03
1202	598.6077825	81.37
1298	458.9792252	62.39
1394	1744.253475	237.1
1490	6270.190306	852.32
826	1024.261541	139.23
922	781.5668037	106.24
1018	1085.46858	147.55
1114	523.7174393	71.19
1210	1250.403893	169.97
1306	14549.84007	1977.79
1402	1443.735742	196.25
1498	380.5577067	51.73
834	770.0169178	104.67
930	455.6687483	61.94
1026	696.8185961	94.72
1122	451.7697422	61.41
1218	879.5569188	119.56
1314	505.3259012	68.69
1410	709.3984081	96.43
1506	381.7347651	51.89
842	930.0232994	126.42
938	530.9269223	72.17
1034	764.2051917	103.88
1130	436.688681	59.36
1226	478.3271233	65.02
1322	636.1265203	86.47
1418	1412.396561	191.99
1514	11971.56712	1627.32
850	1298.957554	176.57
946	401.3769278	54.56
1042	474.1338526	64.45
1138	1490.450249	202.6
1234	753.3909673	102.41
1330	594.1938134	80.77
1426	614.7187699	83.56
1522	319.939197	43.49
858	552.9232019	75.16
954	365.3295131	49.66
1050	541.9618452	73.67
1146	496.3508306	67.47
1242	1399.522484	190.24
1338	939.8075976	127.75
1434	958.4198342	130.28
1530	330.7534214	44.96
3	1096.062105	148.99
99	6843.932729	930.31
195	1833.268519	249.2
291	416.2372906	56.58
387	688.4320547	93.58
483	759.496958	103.24
579	818.864843	111.31
675	450.0777207	61.18
11	646.0579509	87.82
107	778.9919884	105.89
203	566.3858078	76.99
299	5943.115192	807.86
395	1704.969149	231.76
491	758.9084288	103.16
587	2427.756597	330.01
683	1617.940391	219.93
19	630.0205296	85.64
115	1839.37451	250.03
211	582.0553982	79.12
307	502.7510859	68.34
403	355.8394794	48.37
499	529.7498638	72.01
595	1879.541629	255.49
691	448.6063977	60.98
27	2136.5082	290.42
123	2175.49826	295.72
219	1593.737127	216.64
315	1251.213121	170.08
411	551.7461434	75
507	795.9857696	108.2
603	470.6026773	63.97
699	2376.775254	323.08
35	292.9404191	39.82
131	643.8509663	87.52
227	415.943026	56.54
323	1130.123234	153.62
419	486.7136647	66.16
515	5431.977565	738.38
611	9049.813811	1230.16
707	862.5631376	117.25
43	17858.25708	2427.51
139	2495.437458	339.21
235	456.5515422	62.06
331	2734.674585	371.73
427	407.1886539	55.35
523	704.3223436	95.74
619	2743.502524	372.93
715	539.7548606	73.37
51	423.2260751	57.53
147	1860.267297	252.87
243	396.4479956	53.89
339	268.1486257	36.45
435	520.0391317	70.69
531	888.6791217	120.8
627	1629.637409	221.52
723	892.5045616	121.32
59	477.0764987	64.85
155	3265.233677	443.85
251	483.035357	65.66
347	462.3632682	62.85
443	452.2111392	61.47
539	1520.906636	206.74
635	496.9393599	67.55
731	2179.765097	296.3
67	883.3087926	120.07
163	8025.920101	1090.98
259	431.3183519	58.63
355	2569.95997	349.34
451	343.1861012	46.65
547	436.5415487	59.34
643	1367.962605	185.95
739	447.2086408	60.79
75	813.2002493	110.54
171	764.7201548	103.95
267	2048.081684	278.4
363	4723.314819	642.05
459	415.5751952	56.49
555	1733.954213	235.7
651	1279.241825	173.89
747	679.1627195	92.32
83	492.3782584	66.93
179	1890.282287	256.95
275	4204.967708	571.59
371	1279.388957	173.91
467	446.9879423	60.76
563	451.4019115	61.36
659	922.0781549	125.34
755	1596.385508	217
91	711.6789589	96.74
187	3316.80355	450.86
283	6466.464801	879
379	4604.873313	625.95
475	1258.49617	171.07
571	699.2462791	95.05
667	5725.212249	778.24
763	678.7948887	92.27
771	318.0264771	43.23
867	1120.853899	152.36
963	331.5626491	45.07
1059	408.21858	55.49
1155	469.9405819	63.88
1251	781.9346345	106.29
1347	480.0191448	65.25
1443	2171.231424	295.14
779	1276.299179	173.49
875	791.351102	107.57
971	335.3145229	45.58
1067	308.1686126	41.89
1163	555.4980172	75.51
1259	387.0315281	52.61
1355	562.7075001	76.49
1451	779.286253	105.93
787	4274.487722	581.04
883	533.5017376	72.52
979	430.5091242	58.52
1075	904.275146	122.92
1171	910.7489674	123.8
1267	419.1063706	56.97
1363	317.8793448	43.21
1459	575.9494076	78.29
795	322.4404462	43.83
891	524.9680639	71.36
987	256.230909	34.83
1083	256.8930044	34.92
1179	244.6074569	33.25
1275	1431.744459	194.62
1371	3926.887652	533.79
1467	623.7674067	84.79
803	1058.469802	143.88
899	417.4879152	56.75
995	446.1787147	60.65
1091	283.74465	38.57
1187	412.7796814	56.11
1283	713.1502819	96.94
1379	1035.73786	140.79
1475	603.168884	81.99
811	346.1287473	47.05
907	483.6238863	65.74
1003	592.060395	80.48
1099	1498.027562	203.63
1195	569.6962846	77.44
1291	827.1778182	112.44
1387	1168.892596	158.89
1483	392.6225557	53.37
819	496.9393599	67.55
915	543.6538667	73.9
1011	339.213529	46.11
1107	788.2613236	107.15
1203	566.6065062	77.02
1299	2025.79114	275.37
1395	693.87595	94.32
1491	2267.750216	308.26
827	841.523218	114.39
923	525.1887624	71.39
1019	1965.687594	267.2
1115	305.1524004	41.48
1211	465.3794804	63.26
1307	572.2711	77.79
1403	3018.934198	410.37
1499	2046.095398	278.13
835	4804.678983	653.11
931	658.1227999	89.46
1027	590.147675	80.22
1123	541.6675805	73.63
1219	311.5526557	42.35
1315	412.2647184	56.04
1411	602.7274871	81.93
1507	713.665245	97.01
843	1452.048717	197.38
939	452.5789699	61.52
1035	732.49818	99.57
1131	449.6363238	61.12
1227	717.1964203	97.49
1323	1249.153269	169.8
1419	527.6164454	71.72
1515	541.8147128	73.65
851	1750.65373	237.97
947	470.5291111	63.96
1043	824.161606	112.03
1139	337.5950736	45.89
1235	439.116364	59.69
1331	553.3645988	75.22
1427	757.584238	102.98
1523	2319.09939	315.24
859	877.2028019	119.24
955	440.6612532	59.9
1051	522.2461163	70.99
1147	523.9381378	71.22
1243	2299.310095	312.55
1339	514.2274057	69.9
1435	1950.606532	265.15
1531	329.3556646	44.77
4	763.3959641	103.77
100	2744.53245	373.07
196	299.2671082	40.68
292	663.1252983	90.14
388	2608.067237	354.52
484	447.6500377	60.85
580	845.0543933	114.87
676	583.7474198	79.35
12	581.2461706	79.01
108	1202.806593	163.5
204	598.0928195	81.3
300	3808.00475	517.63
396	363.8581901	49.46
492	376.0701714	51.12
588	2219.049423	301.64
684	1264.087198	171.83
20	847.0406794	115.14
116	745.3722567	101.32
212	326.4130185	44.37
308	1297.1184	176.32
404	857.6342053	116.58
500	509.7398704	69.29
596	1314.185748	178.64
692	1039.931131	141.36
28	387.1050942	52.62
124	1891.532912	257.12
220	265.1324135	36.04
316	2615.27672	355.5
412	345.025255	46.9
508	601.7711271	81.8
604	1261.218118	171.44
700	815.4072338	110.84
36	308.3893111	41.92
132	404.0988754	54.93
228	291.6162283	39.64
324	344.1424612	46.78
420	468.3956927	63.67
516	3757.317671	510.74
612	529.8969962	72.03
708	1553.349309	211.15
44	11480.36592	1560.55
140	1772.135047	240.89
236	385.560205	52.41
332	3927.402615	533.86
428	590.0005427	80.2
524	669.0841566	90.95
620	1326.544861	180.32
716	581.3197367	79.02
52	530.4119592	72.1
148	1694.081359	230.28
244	551.0840481	74.91
340	2998.041411	407.53
436	423.5939059	57.58
532	855.7214854	116.32
628	814.3037416	110.69
724	511.5790242	69.54
60	1166.244215	158.53
156	1094.737915	148.81
252	486.0515693	66.07
348	450.4455515	61.23
444	1108.641918	150.7
540	838.7277042	114.01
636	4444.646233	604.17
732	3597.164157	488.97
68	416.1637245	56.57
164	1114.674342	151.52
260	508.4892458	69.12
356	573.3010261	77.93
452	413.2946445	56.18
548	2548.478653	346.42
644	2476.310258	336.61
740	397.625054	54.05
76	468.1014281	63.63
172	1026.836356	139.58
268	715.6515311	97.28
364	497.7485875	67.66
460	466.9243696	63.47
556	569.40202	77.4
652	2606.375215	354.29
748	962.4659726	130.83
84	396.9629587	53.96
180	939.6604653	127.73
276	610.9668962	83.05
372	525.7772916	71.47
468	444.9280901	60.48
564	1574.094964	213.97
660	576.6850691	78.39
756	474.7223818	64.53
92	406.6001246	55.27
188	1912.867096	260.02
284	731.54182	99.44
380	6088.702608	827.65
476	257.6286659	35.02
572	1142.923745	155.36
668	859.7676238	116.87
764	1071.12318	145.6
772	346.7172765	47.13
868	718.4470449	97.66
964	1369.728193	186.19
1060	5104.681753	693.89
1156	308.4628773	41.93
1252	353.1175318	48
1348	610.8197639	83.03
1444	585.5130074	79.59
780	792.2338958	107.69
876	413.3682107	56.19
972	994.6143812	135.2
1068	412.558983	56.08
1164	393.726048	53.52
1260	213.3418421	29
1356	537.9157068	73.12
1452	581.2461706	79.01
788	525.0416301	71.37
884	549.612725	74.71
980	680.5604764	92.51
1076	431.6126165	58.67
1172	800.3261726	108.79
1268	717.4906849	97.53
1364	452.3582715	61.49
1460	372.1711653	50.59
796	688.9470178	93.65
892	463.0989297	62.95
988	303.7546435	41.29
1084	264.1024873	35.9
1180	4012.665786	545.45
1276	543.3596021	73.86
1372	732.0567831	99.51
1468	6129.01686	833.13
804	1074.94862	146.12
900	902.8773891	122.73
996	338.4778675	46.01
1092	250.3456168	34.03
1188	341.4940797	46.42
1284	496.6450952	67.51
1380	397.4779217	54.03
1476	355.6923471	48.35
812	850.204024	115.57
908	400.7148324	54.47
1004	455.0802191	61.86
1100	328.2521723	44.62
1196	397.3307894	54.01
1292	706.5293282	96.04
1388	378.8656852	51.5
1484	783.7002221	106.53
820	547.8471374	74.47
916	345.8344827	47.01
1012	359.2235224	48.83
1108	246.2259123	33.47
1204	651.2075816	88.52
1300	3597.311289	488.99
1396	1271.002416	172.77
1492	6817.890311	926.77
828	471.926868	64.15
924	786.6428682	106.93
1020	573.8895553	78.01
1116	434.3345641	59.04
1212	567.930697	77.2
1308	379.5277805	51.59
1404	422.4168474	57.42
1500	380.704839	51.75
836	527.395747	71.69
932	619.3534375	84.19
1028	425.580192	57.85
1124	976.9585046	132.8
1220	566.6800724	77.03
1316	1231.276694	167.37
1412	680.1190795	92.45
1508	747.7263736	101.64
844	811.6553601	110.33
940	591.2511673	80.37
1036	559.5441556	76.06
1132	435.0702256	59.14
1228	539.0927652	73.28
1324	396.3008633	53.87
1420	487.1550616	66.22
1516	327.3693784	44.5
852	956.874945	130.07
948	511.2111934	69.49
1044	532.3982453	72.37
1140	1313.229388	178.51
1236	456.8458068	62.1
1332	407.7036169	55.42
1428	2422.680533	329.32
1524	3722.668013	506.03
860	693.5816854	94.28
956	798.9284157	108.6
1052	904.5694106	122.96
1148	345.9080489	47.02
1244	1068.842629	145.29
1340	1014.550809	137.91
1436	453.8295945	61.69
1532	893.3873554	121.44
5	2316.818839	314.93
101	1096.797767	149.09
197	318.3943078	43.28
293	552.7025034	75.13
389	334.2110306	45.43
485	1122.398788	152.57
581	923.6966103	125.56
677	487.6700246	66.29
13	501.8682921	68.22
109	1807.4468	245.69
205	399.6113401	54.32
301	314.7895664	42.79
397	776.417173	105.54
493	353.1910979	48.01
589	1077.670567	146.49
685	643.4831355	87.47
21	522.3196824	71
117	545.1987559	74.11
213	380.1898759	51.68
309	1004.692944	136.57
405	1666.935449	226.59
501	335.829486	45.65
597	380.704839	51.75
693	1628.09252	221.31
29	386.8108296	52.58
125	510.6962304	69.42
221	314.2746033	42.72
317	1209.721811	164.44
413	324.3531662	44.09
509	289.4828099	39.35
605	368.63999	50.11
701	545.6401528	74.17
37	262.0426351	35.62
133	791.0568374	107.53
229	325.8244892	44.29
325	856.8249777	116.47
421	212.8268791	28.93
517	693.5081192	94.27
613	411.3819245	55.92
709	933.9223054	126.95
45	378.0564575	51.39
141	1012.41739	137.62
237	934.2165701	126.99
333	364.4467193	49.54
429	360.9891101	49.07
525	263.955355	35.88
621	2454.828941	333.69
717	535.9294207	72.85
53	387.0315281	52.61
149	419.4006352	57.01
245	698.1427868	94.9
341	246.1523461	33.46
437	559.0291925	75.99
533	951.8724466	129.39
629	592.1339611	80.49
725	1324.779273	180.08
61	370.3320115	50.34
157	1087.675564	147.85
253	10344.87236	1406.2
349	792.4545943	107.72
445	405.9380293	55.18
541	367.0951008	49.9
637	1488.096132	202.28
733	1331.547359	181
69	406.1587277	55.21
165	610.6726315	83.01
261	561.3833094	76.31
357	579.039186	78.71
453	350.9841134	47.71
549	418.2971429	56.86
645	439.9255917	59.8
741	740.5168906	100.66
77	2132.609194	289.89
173	1417.619758	192.7
269	2301.369947	312.83
365	704.1752113	95.72
461	241.1498478	32.78
557	404.9081031	55.04
653	861.0918145	117.05
749	549.0241958	74.63
85	379.8956113	51.64
181	772.7388654	105.04
277	540.7112206	73.5
373	889.4883494	120.91
469	853.6616331	116.04
565	825.2650983	112.18
661	442.2061424	60.11
757	414.030306	56.28
93	479.4306156	65.17
189	594.8559088	80.86
285	295.0002714	40.1
381	3395.519333	461.56
477	281.5376655	38.27
573	254.759586	34.63
669	3723.035844	506.08
765	7198.006621	978.44
773	503.5603136	68.45
869	1010.136839	137.31
965	1268.721865	172.46
1061	881.5432049	119.83
1157	383.7946174	52.17
1253	1820.982972	247.53
1349	384.2360143	52.23
1445	398.2871494	54.14
781	2250.535736	305.92
877	219.8156635	29.88
973	214.4453344	29.15
1069	912.8088197	124.08
1165	1171.393846	159.23
1261	564.546654	76.74
1357	829.8261997	112.8
1453	432.9368072	58.85
789	1021.539593	138.86
885	645.1751571	87.7
981	4245.355526	577.08
1077	527.3221808	71.68
1173	1940.748668	263.81
1269	284.4803116	38.67
1365	388.429285	52.8
1461	408.8071092	55.57
797	1606.243373	218.34
893	282.1261947	38.35
989	700.3497714	95.2
1085	2766.528729	376.06
1181	248.8742938	33.83
1277	397.625054	54.05
1373	375.0402452	50.98
1469	480.607674	65.33
805	605.2287363	82.27
901	609.5691393	82.86
997	184.5039104	25.08
1093	207.5301161	28.21
1189	711.6053927	96.73
1285	431.0240872	58.59
1381	2186.01822	297.15
1477	1446.82552	196.67
813	508.6363781	69.14
909	367.9778946	50.02
1005	292.1311914	39.71
1101	540.7112206	73.5
1197	496.8657937	67.54
1293	780.0219145	106.03
1389	640.6876218	87.09
1485	541.1526175	73.56
821	627.8135451	85.34
917	369.7434823	50.26
1013	278.0800563	37.8
1109	246.6673092	33.53
1205	380.6312728	51.74
1301	472.5153972	64.23
1397	355.9130456	48.38
1493	401.8183247	54.62
829	475.310911	64.61
925	384.603845	52.28
1021	342.3033074	46.53
1117	451.4754776	61.37
1213	345.3930858	46.95
1309	593.4581519	80.67
1405	466.4094066	63.4
1501	972.2502709	132.16
837	621.5604221	84.49
933	1127.033456	153.2
1029	1154.473631	156.93
1125	343.8481966	46.74
1221	755.0094227	102.63
1317	607.4357208	82.57
1413	1437.335487	195.38
1509	460.3034159	62.57
845	748.3149028	101.72
941	596.1800995	81.04
1037	430.8033888	58.56
1133	2374.568269	322.78
1229	1146.675618	155.87
1325	1040.004697	141.37
1421	695.6415376	94.56
1517	7488.960754	1017.99
853	511.946855	69.59
949	505.693732	68.74
1045	407.1150877	55.34
1141	351.1312457	47.73
1237	456.3308437	62.03
1333	1811.125107	246.19
1429	370.9205407	50.42
1525	1311.316668	178.25
861	270.6498749	36.79
957	495.3209045	67.33
1053	628.4756404	85.43
1149	1255.406392	170.65
1245	806.6528617	109.65
1341	778.329893	105.8
1437	1635.7434	222.35
1533	312.3618833	42.46
6	1190.153214	161.78
102	5401.815443	734.28
198	445.7373177	60.59
294	355.8394794	48.37
390	1239.074706	168.43
486	1275.489951	173.38
582	514.3009718	69.91
678	3874.802816	526.71
14	371.9504668	50.56
110	1056.557082	143.62
206	324.5002985	44.11
302	509.6663042	69.28
398	383.4267866	52.12
494	963.5694649	130.98
590	1101.285302	149.7
686	429.1113673	58.33
22	560.6476479	76.21
118	3408.981939	463.39
214	418.0764444	56.83
310	3420.605391	464.97
406	803.2688187	109.19
502	282.1261947	38.35
598	1086.79277	147.73
694	369.4492176	50.22
30	401.3769278	54.56
126	2170.863593	295.09
222	348.4828642	47.37
318	2875.333069	390.85
414	968.2776986	131.62
510	570.5790785	77.56
606	973.4273293	132.32
702	1229.805371	167.17
38	265.9416411	36.15
134	1105.699271	150.3
230	241.2969801	32.8
326	4245.208394	577.06
422	477.1500648	64.86
518	212.8268791	28.93
614	999.4697473	135.86
710	347.3058058	47.21
46	535.635156	72.81
142	1247.681946	169.6
238	216.0637898	29.37
334	333.9903322	45.4
430	158.3879262	21.53
526	266.824435	36.27
622	978.1355631	132.96
718	398.1400171	54.12
54	609.8634039	82.9
150	2210.736448	300.51
246	611.0404623	83.06
342	284.1860469	38.63
438	306.2558927	41.63
534	273.1511241	37.13
630	454.2709914	61.75
726	1492.068704	202.82
62	734.4109	99.83
158	1873.435638	254.66
254	642.3796433	87.32
350	8194.680855	1113.92
446	386.2223004	52.5
542	877.1292358	119.23
638	645.1015909	87.69
734	915.0893704	124.39
70	487.4493262	66.26
166	2482.636947	337.47
262	441.2497824	59.98
358	725.2886971	98.59
454	399.9791709	54.37
550	426.3894196	57.96
646	723.302411	98.32
742	1814.729849	246.68
78	1818.408156	247.18
174	864.9172544	117.57
270	799.6640772	108.7
366	2857.603626	388.44
462	419.1063706	56.97
558	467.5128989	63.55
654	2639.55355	358.8
750	824.8972675	112.13
86	412.7061153	56.1
182	441.3233486	59.99
278	348.1885996	47.33
374	772.4446008	105
470	258.5850259	35.15
566	399.3170755	54.28
662	327.4429446	44.51
758	706.0879313	95.98
94	1031.838854	140.26
190	687.3285624	93.43
286	329.3556646	44.77
382	1431.891591	194.64
478	561.0154786	76.26
574	180.3106397	24.51
670	620.0890991	84.29
766	313.3182433	42.59
774	632.1539481	85.93
870	1502.515098	204.24
966	313.0239787	42.55
1062	322.2197478	43.8
1158	262.7782966	35.72
1254	385.1188081	52.35
1350	368.5664238	50.1
1446	705.1315713	95.85
782	982.917363	133.61
878	364.4467193	49.54
974	916.7078258	124.61
1070	465.2323481	63.24
1166	1367.66834	185.91
1262	461.5540405	62.74
1358	499.440609	67.89
1454	4534.470505	616.38
790	529.4555992	71.97
886	1626.841895	221.14
982	5738.895553	780.1
1078	1402.832961	190.69
1174	1173.895095	159.57
1270	6206.482018	843.66
1366	756.7014442	102.86
1462	383.0589558	52.07
798	1868.580272	254
894	1026.027128	139.47
990	424.623832	57.72
1086	317.2908155	43.13
1182	454.6388222	61.8
1278	228.4229034	31.05
1374	2346.2453	318.93
1470	763.4695302	103.78
806	969.5283232	131.79
902	410.2048661	55.76
998	361.2098086	49.1
1094	345.981615	47.03
1190	288.6000161	39.23
1286	754.4208935	102.55
1382	450.5191176	61.24
1478	1006.826363	136.86
814	256.1573429	34.82
910	469.7934496	63.86
1006	1739.398109	236.44
1102	474.9430803	64.56
1198	459.0527913	62.4
1294	681.4432702	92.63
1390	1603.374293	217.95
1486	15466.69502	2102.42
822	475.1637787	64.59
918	876.761405	119.18
1014	384.7509774	52.3
1110	351.3519441	47.76
1206	1011.387464	137.48
1302	436.688681	59.36
1398	1922.945659	261.39
1494	417.7821798	56.79
830	11928.89875	1621.52
926	1160.947452	157.81
1022	523.7910055	71.2
1118	402.1125893	54.66
1214	588.0878227	79.94
1310	408.4392784	55.52
1406	591.9868288	80.47
1502	388.8706819	52.86
838	1275.637084	173.4
934	510.3283996	69.37
1030	336.0501844	45.68
1126	374.3045837	50.88
1222	582.7174936	79.21
1318	606.4793609	82.44
1414	1310.581006	178.15
1510	737.5006784	100.25
846	699.9083745	95.14
942	442.7946716	60.19
1038	775.3136807	105.39
1134	469.3520527	63.8
1230	525.9244239	71.49
1326	1192.507331	162.1
1422	1578.067536	214.51
1518	633.0367419	86.05
854	564.2523893	76.7
950	1116.660628	151.79
1046	447.9443023	60.89
1142	576.0965399	78.31
1238	523.6438732	71.18
1334	4392.193566	597.04
1430	456.1101452	62
1526	943.7066037	128.28
862	1295.426379	176.09
958	708.2949159	96.28
1054	356.0601779	48.4
1150	285.9516346	38.87
1246	208.1186453	28.29
1342	385.6337712	52.42
1438	416.7522537	56.65
1534	325.6037908	44.26
7	854.3972946	116.14
103	3809.108242	517.78
199	1789.496659	243.25
295	1070.093254	145.46
391	400.5677001	54.45
487	581.3933029	79.03
583	969.7490217	131.82
679	794.5144465	108
15	1042.653079	141.73
111	2719.961355	369.73
207	341.5676459	46.43
303	307.0651204	41.74
399	806.1378986	109.58
495	1523.260753	207.06
591	658.8584614	89.56
687	2555.982401	347.44
23	557.7785679	75.82
119	1656.783319	225.21
215	542.2561098	73.71
311	1028.234113	139.77
407	762.2924718	103.62
503	399.6113401	54.32
599	1593.737127	216.64
695	431.4654842	58.65
31	396.0065987	53.83
127	1976.354686	268.65
223	300.6648651	40.87
319	434.0402995	59
415	680.7811748	92.54
511	5497.08361	747.23
607	1128.504779	153.4
703	509.8870027	69.31
39	1743.076416	236.94
135	1004.692944	136.57
231	385.1923743	52.36
327	840.7139903	114.28
423	227.0987126	30.87
519	276.6822994	37.61
615	669.0105904	90.94
711	265.2059796	36.05
47	349.1449596	47.46
143	2026.453236	275.46
239	180.6049043	24.55
335	565.8708447	76.92
431	350.4691503	47.64
527	1039.931131	141.36
623	613.2474469	83.36
719	1010.50467	137.36
55	245.5638169	33.38
151	1596.017678	216.95
247	360.6948455	49.03
343	484.5802462	65.87
439	357.0165379	48.53
535	1231.203128	167.36
631	1166.391347	158.55
727	1320.733135	179.53
63	429.9941611	58.45
159	1262.100912	171.56
255	463.8345912	63.05
351	449.3420592	61.08
447	430.9505211	58.58
543	526.9543501	71.63
639	1284.023625	174.54
735	474.2074187	64.46
71	461.9218713	62.79
167	1553.349309	211.15
263	5853.217354	795.64
359	4874.419696	662.59
455	428.007875	58.18
551	556.2336787	75.61
647	574.7723492	78.13
743	1123.575846	152.73
79	610.8197639	83.03
175	1626.694763	221.12
271	465.6001789	63.29
367	1726.229767	234.65
463	466.4094066	63.4
559	899.6404784	122.29
655	939.0719361	127.65
751	4649.307269	631.99
87	485.1687755	65.95
183	1577.773272	214.47
279	417.1936506	56.71
375	376.2908698	51.15
471	333.0339722	45.27
567	338.5514336	46.02
663	828.5755751	112.63
759	911.999592	123.97
95	1389.076091	188.82
191	1807.152535	245.65
287	453.8295945	61.69
383	5176.482318	703.65
479	330.6798553	44.95
575	433.9667333	58.99
671	568.7399246	77.31
767	323.764637	44.01
775	1259.158265	171.16
871	978.1355631	132.96
967	415.4280629	56.47
1063	1050.451091	142.79
1159	404.4667062	54.98
1255	237.0301432	32.22
1351	1268.795431	172.47
1447	408.5128446	55.53
783	532.1775469	72.34
879	378.5714205	51.46
975	448.6799638	60.99
1071	264.6174504	35.97
1167	523.9381378	71.22
1263	736.9121492	100.17
1359	1348.541141	183.31
1455	5977.176321	812.49
791	384.3095804	52.24
887	1224.876438	166.5
983	527.0279162	71.64
1079	990.8625075	134.69
1175	1243.78294	169.07
1271	1141.452422	155.16
1367	12823.53673	1743.13
1463	645.6901201	87.77
799	480.6812402	65.34
895	643.3360032	87.45
991	365.4030793	49.67
1087	377.4679283	51.31
1183	330.6798553	44.95
1279	1625.885535	221.01
1375	2812.948972	382.37
1471	456.6986745	62.08
807	542.6239405	73.76
903	415.2809306	56.45
999	333.1075383	45.28
1095	402.6275524	54.73
1191	549.612725	74.71
1287	689.8298116	93.77
1383	453.2410653	61.61
1479	923.9173087	125.59
815	413.8831737	56.26
911	344.068895	46.77
1007	427.1250812	58.06
1103	205.54383	27.94
1199	729.4084016	99.15
1295	351.3519441	47.76
1391	1756.759721	238.8
1487	2418.928659	328.81
823	417.2672167	56.72
919	251.3019768	34.16
1015	443.7510316	60.32
1111	1955.903295	265.87
1207	563.0753309	76.54
1303	6107.829808	830.25
1399	1634.051378	222.12
1495	783.2588252	106.47
831	468.9106558	63.74
927	492.3046922	66.92
1023	853.7351993	116.05
1119	696.5978976	94.69
1215	589.3384473	80.11
1311	1199.716814	163.08
1407	562.8546325	76.51
1503	454.7859545	61.82
839	2115.983243	287.63
935	1528.189685	207.73
1031	541.3733159	73.59
1127	367.3893654	49.94
1223	509.077775	69.2
1319	556.6015095	75.66
1415	510.7697965	69.43
1511	556.380811	75.63
847	635.6115572	86.4
943	664.5966213	90.34
1039	1795.749781	244.1
1135	459.9355852	62.52
1231	798.4870188	108.54
1327	779.1391207	105.91
1423	822.9109814	111.86
1519	465.8944435	63.33
855	1126.812757	153.17
951	438.160004	59.56
1047	502.0889905	68.25
1143	319.3506678	43.41
1239	592.2810934	80.51
1335	1921.180071	261.15
1431	813.1266831	110.53
1527	342.5240058	46.56
863	691.96323	94.06
959	738.9720014	100.45
1055	473.3981911	64.35
1151	285.2159731	38.77
1247	316.9965509	43.09
1343	623.0317452	84.69
1439	425.4330597	57.83
1535	222.9054419	30.3
8	478.6213879	65.06
104	3017.462875	410.17
200	604.125244	82.12
296	1063.545866	144.57
392	844.7601287	114.83
488	500.5441013	68.04
584	1302.635862	177.07
680	698.2899191	94.92
16	530.0441285	72.05
112	3469.894713	471.67
208	602.212524	81.86
304	1206.411334	163.99
400	1112.835188	151.27
496	684.7537471	93.08
592	1048.096974	142.47
688	898.0955892	122.08
24	853.6616331	116.04
120	2813.022538	382.38
216	642.3060771	87.31
312	1530.028839	207.98
408	764.9408533	103.98
504	530.6326577	72.13
600	669.2312889	90.97
696	688.579187	93.6
32	1747.122555	237.49
128	2729.009992	370.96
224	611.4082931	83.11
320	1483.387898	201.64
416	384.9716758	52.33
512	2334.033319	317.27
608	3290.319735	447.26
704	1137.774114	154.66
40	547.1114758	74.37
136	487.1550616	66.22
232	448.3121331	60.94
328	589.9269766	80.19
424	299.9292036	40.77
520	521.6575871	70.91
616	1787.878203	243.03
712	358.7085594	48.76
48	837.0356827	113.78
144	3151.79467	428.43
240	744.7101613	101.23
336	1328.457581	180.58
432	645.7636863	87.78
528	799.2226803	108.64
624	1313.082255	178.49
720	900.5968384	122.42
56	487.37576	66.25
152	577.0528999	78.44
248	354.9566856	48.25
344	652.6789046	88.72
440	315.3780956	42.87
536	398.3607156	54.15
632	1496.850504	203.47
728	456.6251083	62.07
64	522.6875132	71.05
160	3542.430939	481.53
256	757.2164072	102.93
352	412.4854168	56.07
448	577.7149952	78.53
544	530.4119592	72.1
640	1078.700493	146.63
736	4176.64474	567.74
72	663.8609598	90.24
168	2335.063245	317.41
264	921.9310226	125.32
360	823.7202091	111.97
456	411.2347922	55.9
552	352.8232672	47.96
648	414.6924014	56.37
744	768.8398593	104.51
80	692.5517592	94.14
176	907.659189	123.38
272	544.1688297	73.97
368	584.5566474	79.46
464	400.1998694	54.4
560	1190.447479	161.82
656	7107.59382	966.15
752	2146.43963	291.77
88	693.5816854	94.28
184	7303.132653	992.73
280	781.713936	106.26
376	1175.439984	159.78
472	232.9104387	31.66
568	300.5912989	40.86
664	908.1005859	123.44
760	1282.258037	174.3
96	397.3307894	54.01
192	1818.113892	247.14
288	405.2759339	55.09
384	2498.306537	339.6
480	380.5577067	51.73
576	309.1985388	42.03
672	3137.375704	426.47
768	361.5776393	49.15
1160	1636.994024	222.52
1256	574.1838199	78.05
1352	792.307462	107.7
1448	441.6176132	60.03
784	1519.435313	206.54
880	674.7487503	91.72
976	482.6675263	65.61
1072	526.5129531	71.57
1168	496.7186614	67.52
1264	650.5454862	88.43
1360	441.6911794	60.04
1456	426.0215889	57.91
792	694.6851777	94.43
888	854.1765962	116.11
984	568.5927923	77.29
1080	368.8606884	50.14
1176	2663.83038	362.1
1272	3912.468686	531.83
1368	519.8184333	70.66
1464	358.9292578	48.79
800	3737.013413	507.98
896	726.2450571	98.72
992	279.2571147	37.96
1088	339.6549259	46.17
1184	1176.837741	159.97
1280	331.3419507	45.04
1376	3431.71388	466.48
1472	639.2162987	86.89
808	431.9804472	58.72
904	281.0962685	38.21
1000	173.9103844	23.64
1096	363.0489624	49.35
1192	454.4916899	61.78
1288	3869.579619	526
1384	1504.133553	204.46
1480	423.5939059	57.58
816	1493.392895	203
912	396.3744294	53.88
1008	654.7387569	89
1104	272.1947641	37
1200	1150.133228	156.34
1296	2137.685258	290.58
1392	1195.817808	162.55
1488	345.2459535	46.93
824	309.3456711	42.05
920	452.5789699	61.52
1016	567.7099985	77.17
1112	1030.220399	140.04
1208	1255.112127	170.61
1304	545.7872851	74.19
1400	829.458369	112.75
1496	1597.856831	217.2
832	9954.824618	1353.18
928	1224.287909	166.42
1024	602.3596563	81.88
1120	301.6212251	41
1216	660.4033506	89.77
1312	1689.66739	229.68
1408	748.0942043	101.69
1504	679.7512487	92.4
840	625.385862	85.01
936	1359.281799	184.77
1032	435.732321	59.23
1128	454.1238591	61.73
1224	795.1029758	108.08
1320	1690.329485	229.77
1416	1136.964886	154.55
1512	401.7447586	54.61
848	983.6530245	133.71
944	465.8208774	63.32
1040	1527.454023	207.63
1136	256.5987398	34.88
1232	888.4584232	120.77
1328	937.3799146	127.42
1424	858.7376976	116.73
1520	869.4047897	118.18
856	967.6156033	131.53
952	1274.680724	173.27
1048	918.6941119	124.88
1144	364.9616823	49.61
1240	1380.910248	187.71
1336	893.9758847	121.52
1432	5455.445168	741.57
1528	701.8946606	95.41
864	1751.168693	238.04
960	411.0140938	55.87
1056	333.4753691	45.33
1152	318.2471755	43.26
G1 Field1:A1:1	777.4470992	105.68
G1 Field1:A1:3	774.2101885	105.24
G2 Field1:A24:1	959.8911573	130.48
G2 Field1:A24:3	1182.355202	160.72
G2 Field1:P1:1	1400.405278	190.36
G2 Field1:P1:3	1318.15832	179.18
G1 Field1:P24:1	675.557978	91.83
G1 Field1:P24:3	570.8733431	77.6
1921	831.5712475	95.15
2017	3239.937918	370.72
2113	3188.286987	364.81
2209	836.727601	95.74
1545	617.1892958	70.62
1641	1071.385383	122.59
1737	625.6666906	71.59
1833	386.9887003	44.28
1929	933.4747761	106.81
2025	390.8341165	44.72
2121	889.2524901	101.75
2217	483.0367089	55.27
1553	769.8697971	88.09
1649	4274.442264	489.09
1745	674.7831426	77.21
1841	587.0377372	67.17
1937	935.1352967	107
2033	689.5530365	78.9
2129	919.2292571	105.18
2225	362.4304743	41.47
1561	443.184214	50.71
1657	681.3378292	77.96
1753	823.8804151	94.27
1849	3220.186462	368.46
1945	914.0729036	104.59
2041	923.3368607	105.65
2137	2237.507838	256.02
2233	446.6800469	51.11
1569	1267.938587	145.08
1665	724.2491779	82.87
1761	905.4207172	103.6
1857	1453.567313	166.32
1953	738.1451136	84.46
2049	480.1526467	54.94
2145	475.4332723	54.4
2241	280.540589	32.1
1577	519.5681625	59.45
1673	488.6300415	55.91
1769	418.4511963	47.88
1865	474.3845225	54.28
1961	527.8707656	60.4
2057	777.9102127	89.01
2153	574.8023221	65.77
2249	642.0971051	73.47
1585	1180.804953	135.11
1681	2426.98198	277.7
1777	2192.149406	250.83
1873	802.2936471	91.8
1969	1276.415982	146.05
2065	4815.247611	550.97
2161	565.01399	64.65
2257	1024.191639	117.19
1593	2547.151236	291.45
1689	499.6419151	57.17
1785	986.7862276	112.91
1881	733.4257392	83.92
1977	611.2463799	69.94
2073	845.2923915	96.72
2169	581.7939879	66.57
2265	676.9680381	77.46
1601	889.2524901	101.75
1697	411.5469264	47.09
1793	515.9849338	59.04
1889	618.1506499	70.73
1985	481.1140008	55.05
2081	626.453253	71.68
2177	1690.060408	193.38
2273	597.0008609	68.31
1609	567.985448	64.99
1705	603.6429434	69.07
1801	2468.320204	282.43
1897	680.2890794	77.84
1993	721.5399074	82.56
2089	569.2089895	65.13
2185	951.1287321	108.83
2281	542.902847	62.12
1617	1599.343545	183
1713	5758.335928	658.88
1809	1268.987337	145.2
1905	733.9501142	83.98
2001	565.975344	64.76
2097	1590.079588	181.94
2193	428.1521326	48.99
2289	453.3221293	51.87
1625	680.8134543	77.9
1721	2268.795542	259.6
1817	346.874018	39.69
1913	933.4747761	106.81
2305	1573.998756	180.1
2401	506.546185	57.96
2497	1023.75466	117.14
2593	559.2458657	63.99
2689	1767.84269	202.28
2785	548.321388	62.74
2881	1802.451435	206.24
2977	1538.516053	176.04
2313	5520.269708	631.64
2409	740.7669883	84.76
2505	6511.600519	745.07
2601	698.0304313	79.87
2697	4984.445923	570.33
2793	615.1791919	70.39
2889	1116.481628	127.75
2985	1085.281319	124.18
2321	1288.913585	147.48
2417	538.4456601	61.61
2513	1631.679999	186.7
2609	494.4855616	56.58
2705	1720.124571	196.82
2801	1782.69998	203.98
2897	501.3024357	57.36
2993	6082.050053	695.92
2329	1383.650656	158.32
2425	594.6411737	68.04
2521	907.6056127	103.85
2617	482.5997297	55.22
2713	350.5446425	40.11
2809	1206.58672	138.06
2905	1233.941613	141.19
3001	720.9281367	82.49
2337	1584.573651	181.31
2433	1076.541737	123.18
2529	1520.512513	173.98
2625	383.5802633	43.89
2721	1148.555894	131.42
2817	460.4885867	52.69
2913	589.8344035	67.49
3009	1118.666523	128
2345	4483.93005	513.06
2441	358.2354749	40.99
2537	1965.532039	224.9
2633	1664.453432	190.45
2729	391.7080747	44.82
2825	387.6004711	44.35
2921	1693.206658	193.74
3017	601.9824228	68.88
2353	652.1476247	74.62
2449	493.1746242	56.43
2545	979.0953952	112.03
2641	3379.946025	386.74
2737	549.1079504	62.83
2833	806.8382298	92.32
2929	638.6012722	73.07
3025	492.3880618	56.34
2361	2441.489687	279.36
2457	1126.88173	128.94
2553	595.3403403	68.12
2649	678.978142	77.69
2745	2163.221389	247.52
2841	490.5527496	56.13
2937	1875.252155	214.57
3033	1490.972725	170.6
2369	1317.229831	150.72
2465	791.2817735	90.54
2561	1629.232916	186.42
2657	471.2382729	53.92
2753	2870.690569	328.47
2849	4311.061114	493.28
2945	2296.150435	262.73
3041	916.5199866	104.87
2377	1080.03757	123.58
2473	1431.805754	163.83
2569	1984.584329	227.08
2665	637.9895015	73
2761	637.1155433	72.9
2857	793.0296899	90.74
2953	1163.675372	133.15
3049	3908.690748	447.24
2385	4960.499468	567.59
2481	663.2468941	75.89
2577	1531.611783	175.25
2673	1641.730519	187.85
2769	682.8235582	78.13
2865	851.4100991	97.42
2961	589.3100286	67.43
3057	670.2385598	76.69
2393	693.3110569	79.33
2489	679.8521003	77.79
2585	1743.721443	199.52
2681	930.5033181	106.47
2777	685.4454329	78.43
2873	970.7927921	111.08
2969	487.8434791	55.82
3065	244.6209061	27.99
1538	565.5383649	64.71
1634	438.0278605	50.12
1730	593.3302364	67.89
1826	968.9574798	110.87
1922	901.9248843	103.2
2018	349.4958927	39.99
2114	520.3547249	59.54
2210	401.2342194	45.91
1546	597.1756525	68.33
1642	637.3777307	72.93
1738	1207.460678	138.16
1834	909.440925	104.06
1930	1275.279836	145.92
2026	495.7964989	56.73
2122	808.0617713	92.46
2218	695.4085566	79.57
1554	779.1337542	89.15
1650	393.1938037	44.99
1746	676.7058507	77.43
1842	456.9927539	52.29
1938	581.9687795	66.59
2034	708.0809508	81.02
2130	506.7209767	57.98
2226	325.4620416	37.24
1562	1590.778754	182.02
1658	897.4676973	102.69
1754	449.7389006	51.46
1850	434.3572359	49.7
1946	3730.84025	426.89
2042	1152.40131	131.86
2138	913.5485286	104.53
2234	484.7846253	55.47
1570	319.6939173	36.58
1666	623.3070034	71.32
1762	12483.44444	1428.38
1858	1281.921919	146.68
1954	712.6255336	81.54
2050	1234.640779	141.27
2146	889.6020734	101.79
2242	315.6737095	36.12
1578	441.698485	50.54
1674	538.5330559	61.62
1770	525.5984742	60.14
1866	1261.646088	144.36
1962	459.2650452	52.55
2058	562.3047195	64.34
2154	825.7157274	94.48
2250	387.163492	44.3
1586	567.5484688	64.94
1682	653.6333536	74.79
1778	1697.314261	194.21
1874	746.0981334	85.37
1970	1352.275556	154.73
2066	655.1190826	74.96
2162	483.2988963	55.3
2258	640.7861678	73.32
1594	1969.989226	225.41
1690	1300.449833	148.8
1786	1025.502577	117.34
1882	890.6508232	101.91
1978	845.0302041	96.69
2074	1453.829501	166.35
2170	988.534144	113.11
2266	4089.163121	467.89
1602	482.1627506	55.17
1698	563.528261	64.48
1794	728.4441774	83.35
1890	3717.46869	425.36
1986	675.7444966	77.32
2082	2332.244909	266.86
2178	554.7886788	63.48
2274	660.799811	75.61
1610	962.7523765	110.16
1706	9825.650093	1124.27
1802	1342.749411	153.64
1898	883.7465533	101.12
1994	1063.432364	121.68
2090	761.1302148	87.09
2186	1117.26819	127.84
2282	501.4772273	57.38
1618	435.4933816	49.83
1714	1084.756944	124.12
1810	923.5116523	105.67
1906	1929.96194	220.83
2002	675.0453301	77.24
2098	838.3881216	95.93
2194	518.0824335	59.28
2290	523.6757661	59.92
1626	381.3079719	43.63
1722	1228.260884	140.54
1818	505.584831	57.85
1914	867.3161387	99.24
2010	1164.724121	133.27
2106	568.946802	65.1
2202	560.9063864	64.18
2298	1446.750439	165.54
2306	1044.030491	119.46
2402	383.5802633	43.89
2498	3576.149645	409.19
2594	577.0746135	66.03
2690	395.1165118	45.21
2786	2410.901149	275.86
2882	445.1943179	50.94
2978	696.8942856	79.74
2314	971.317167	111.14
2410	481.8131673	55.13
2506	1636.661561	187.27
2602	362.5178702	41.48
2698	569.1215936	65.12
2794	599.5353397	68.6
2890	593.3302364	67.89
2986	441.5236933	50.52
2322	867.0539513	99.21
2418	1063.257572	121.66
2514	1175.299016	134.48
2610	456.3809831	52.22
2706	555.4004496	63.55
2802	682.0369958	78.04
2898	341.5428728	39.08
2994	538.0960768	61.57
2330	990.5442479	113.34
2426	513.7126424	58.78
2522	620.5977329	71.01
2618	335.8621444	38.43
2714	1737.166756	198.77
2810	386.3769296	44.21
2906	440.8245268	50.44
3002	389.7853667	44.6
2338	825.1913525	94.42
2434	540.6305556	61.86
2530	1350.964618	154.58
2626	466.6062943	53.39
2722	296.7962119	33.96
2818	1316.181081	150.6
2914	601.8950269	68.87
3010	284.5607968	32.56
2346	1739.264256	199.01
2442	550.0693044	62.94
2538	1740.138214	199.11
2634	643.4954383	73.63
2730	1565.958341	179.18
2826	1039.485908	118.94
2922	1637.797707	187.4
3018	1680.272076	192.26
2354	2058.783382	235.57
2450	559.4206574	64.01
2546	579.8712798	66.35
2642	600.4966938	68.71
2738	1056.440698	120.88
2834	3785.462639	433.14
2930	889.4272817	101.77
3026	3793.765242	434.09
2362	1415.812318	162
2458	484.8720211	55.48
2554	1342.924203	153.66
2650	1601.52844	183.25
2746	2020.766199	231.22
2842	596.2142985	68.22
2938	537.5717019	61.51
3034	428.5017159	49.03
2370	2366.32928	270.76
2466	655.2064784	74.97
2562	1016.500807	116.31
2658	708.7801174	81.1
2754	333.589853	38.17
2850	1309.189415	149.8
2946	1127.668293	129.03
3042	761.4797981	87.13
2378	2818.602659	322.51
2474	775.1135464	88.69
2570	977.5222704	111.85
2666	921.9385275	105.49
2762	492.6502493	56.37
2858	1241.545049	142.06
2954	629.1625234	71.99
3050	4401.428394	503.62
2386	1142.612978	130.74
2482	527.2589948	60.33
2578	1693.556241	193.78
2674	4403.438498	503.85
2770	604.6042974	69.18
2866	778.8715667	89.12
2962	492.5628535	56.36
3058	570.8695101	65.32
2394	304.137461	34.8
2490	409.5368225	46.86
2586	926.133527	105.97
2682	1658.510516	189.77
2778	3209.087192	367.19
2874	338.5714149	38.74
2970	313.7510014	35.9
3066	1343.972953	153.78
1539	541.8540971	62
1635	375.8894309	43.01
1731	2652.463201	303.5
1827	1399.993675	160.19
1923	1087.466215	124.43
2019	1304.120458	149.22
2115	899.9147804	102.97
2211	308.070273	35.25
1547	414.5183843	47.43
1643	1102.847879	126.19
1739	1456.975751	166.71
1835	492.3880618	56.34
1931	1382.252323	158.16
2027	3771.129724	431.5
2123	2081.593691	238.18
2219	470.3643146	53.82
1555	2967.000765	339.49
1651	1048.138095	119.93
1747	1115.17069	127.6
1843	460.1390035	52.65
1939	660.1006445	75.53
2035	547.8844089	62.69
2131	2559.648838	292.88
2227	499.0301443	57.1
1563	389.0862001	44.52
1659	557.4979493	63.79
1755	441.3489017	50.5
1851	2458.79406	281.34
1947	411.1973431	47.05
2043	475.9576473	54.46
2139	380.8709928	43.58
2235	390.2223458	44.65
1571	348.8841219	39.92
1667	449.2145257	51.4
1763	879.8137413	100.67
1859	2061.580048	235.89
1955	385.3281797	44.09
2051	460.2263993	52.66
2147	639.9996054	73.23
2243	463.6348363	53.05
1579	304.137461	34.8
1675	383.8424508	43.92
1771	574.8023221	65.77
1867	588.6982578	67.36
1963	758.6831318	86.81
2059	479.6282718	54.88
2155	1239.797133	141.86
2251	307.1089189	35.14
1587	3542.764441	405.37
1683	953.3136277	109.08
1779	5758.598115	658.91
1875	1192.515993	136.45
1971	849.3999952	97.19
2067	775.3757338	88.72
2163	551.8172209	63.14
2259	635.1054393	72.67
1595	906.993842	103.78
1691	525.1614951	60.09
1787	663.0721024	75.87
1883	1416.511485	162.08
1979	689.6404323	78.91
2075	474.8215016	54.33
2171	763.4025062	87.35
2267	459.0028578	52.52
1603	1804.02456	206.42
1699	1083.446007	123.97
1795	522.7144121	59.81
1891	1539.652198	176.17
1987	511.440351	58.52
2083	1755.694671	200.89
2179	519.4807667	59.44
2275	467.74244	53.52
1611	863.0337434	98.75
1707	11515.09873	1317.58
1803	843.8066626	96.55
1899	1264.267963	144.66
1995	588.3486745	67.32
2091	829.2115603	94.88
2187	619.3741914	70.87
2283	1665.851765	190.61
1619	920.8897777	105.37
1715	509.517643	58.3
1811	589.1352369	67.41
1907	624.8801282	71.5
2003	548.9331587	62.81
2099	635.6298143	72.73
2195	918.4426947	105.09
2291	463.809628	53.07
1627	521.8404539	59.71
1723	581.706592	66.56
1819	364.4405782	41.7
1915	580.2208631	66.39
2011	2701.492258	309.11
2107	795.5641688	91.03
2203	648.040021	74.15
2299	355.1766211	40.64
2307	841.1847879	96.25
2403	1093.496526	125.12
2499	938.3689421	107.37
2595	482.6871256	55.23
2691	959.7809185	109.82
2787	758.2461527	86.76
2883	710.3532422	81.28
2979	754.8377156	86.37
2315	1531.436991	175.23
2411	533.7262857	61.07
2507	875.8809293	100.22
2603	511.0907678	58.48
2699	646.0299171	73.92
2795	915.82082	104.79
2891	795.5641688	91.03
2987	611.5959632	69.98
2323	681.0756418	77.93
2419	1539.390011	176.14
2515	1499.537516	171.58
2611	520.1799333	59.52
2707	294.6987122	33.72
2803	904.3719673	103.48
2899	1785.584042	204.31
2995	393.3685954	45.01
2331	484.2602504	55.41
2427	424.3067164	48.55
2523	1687.08895	193.04
2619	345.3008932	39.51
2715	271.8884026	31.11
2811	427.2781743	48.89
2907	304.137461	34.8
3003	583.192321	66.73
2339	1722.921237	197.14
2435	444.4077555	50.85
2531	842.6705169	96.42
2627	541.5045139	61.96
2723	973.1524793	111.35
2819	1068.064342	122.21
2915	1129.853188	129.28
3011	359.5464122	41.14
2347	795.1271896	90.98
2443	826.0653107	94.52
2539	2809.16391	321.43
2635	5159.499755	590.36
2731	525.0740993	60.08
2827	1285.679939	147.11
2923	468.5290024	53.61
3019	1058.101218	121.07
2355	1648.197809	188.59
2451	619.8111705	70.92
2547	1173.638495	134.29
2643	317.7712092	36.36
2739	942.6513374	107.86
2835	774.6765673	88.64
2931	1901.29611	217.55
3027	1014.490703	116.08
2363	1082.484653	123.86
2459	809.6348961	92.64
2555	2439.566979	279.14
2651	774.7639631	88.65
2747	495.6217072	56.71
2843	861.0236395	98.52
2939	4633.376906	530.16
3035	557.2357618	63.76
2371	1165.335892	133.34
2467	544.6507635	62.32
2563	1668.386244	190.9
2659	446.7674427	51.12
2755	407.1771353	46.59
2851	1168.569538	133.71
2947	714.1112625	81.71
3043	1047.701116	119.88
2379	517.7328502	59.24
2475	452.0985878	51.73
2571	1193.477347	136.56
2667	591.5823199	67.69
2763	1945.081417	222.56
2859	552.8659707	63.26
2955	591.8445074	67.72
3051	370.2087025	42.36
2387	460.9255659	52.74
2483	371.432244	42.5
2579	1604.849482	183.63
2675	7309.174791	836.33
2771	530.4926403	60.7
2867	1697.226866	194.2
2963	503.9243103	57.66
3059	756.8478196	86.6
2395	1166.472038	133.47
2491	7952.757625	909.97
2587	2978.362222	340.79
2683	718.306262	82.19
2779	297.4953785	34.04
2875	546.7482632	62.56
2971	465.7323361	53.29
3067	457.2549413	52.32
1540	1085.456111	124.2
1636	736.3971972	84.26
1732	519.3933709	59.43
1828	303.5256902	34.73
1924	1388.544822	158.88
2020	428.1521326	48.99
2116	737.0963638	84.34
2212	367.9364111	42.1
1548	2764.504645	316.32
1644	713.2373043	81.61
1740	633.5323145	72.49
1836	1800.091748	205.97
1932	255.8075713	29.27
2028	861.0236395	98.52
2124	507.9445182	58.12
2220	489.0670206	55.96
1556	316.1106886	36.17
1652	1071.734967	122.63
1748	478.1425428	54.71
1844	624.0935658	71.41
1940	595.5151319	68.14
2036	2304.19085	263.65
2132	626.1910655	71.65
2228	376.7633892	43.11
1564	289.8045461	33.16
1660	694.6219942	79.48
1756	456.2061915	52.2
1852	336.2117277	38.47
1948	388.2996377	44.43
2044	310.6047518	35.54
2140	367.8490153	42.09
2236	795.4767729	91.02
1572	2958.698162	338.54
1668	1072.434133	122.71
1764	376.6759933	43.1
1860	781.7556289	89.45
1956	1389.855759	159.03
2052	436.7169231	49.97
2148	551.2054501	63.07
2244	287.5322548	32.9
1580	340.2319355	38.93
1676	395.2039076	45.22
1772	448.4279633	51.31
1868	467.2180651	53.46
1964	720.8407408	82.48
2060	553.9147206	63.38
2156	1068.588717	122.27
2252	1136.582667	130.05
1588	499.8167067	57.19
1684	821.1711446	93.96
1780	535.3868063	61.26
1876	480.1526467	54.94
1972	899.8273845	102.96
2068	623.7439825	71.37
2164	1938.439335	221.8
2260	512.7512884	58.67
1596	714.37345	81.74
1692	1029.697576	117.82
1788	550.8558668	63.03
1884	1118.579127	127.99
1980	1050.410386	120.19
2076	743.9132379	85.12
2172	1537.379907	175.91
2268	584.5906542	66.89
1604	4459.546615	510.27
1700	909.1787375	104.03
1796	422.8209874	48.38
1892	364.4405782	41.7
1988	458.4784828	52.46
2084	378.5113056	43.31
2180	540.8927431	61.89
2276	589.6596118	67.47
1612	501.3024357	57.36
1708	868.3648886	99.36
1804	1115.432878	127.63
1900	1571.376882	179.8
1996	595.5151319	68.14
2092	1509.325848	172.7
2188	656.5174158	75.12
2284	431.9101529	49.42
1620	366.9750571	41.99
1716	1022.70591	117.02
1812	670.3259557	76.7
1908	1717.85228	196.56
2004	527.171599	60.32
2100	542.9902428	62.13
2196	783.8531286	89.69
2292	436.3673398	49.93
1628	454.2834834	51.98
1724	1562.986883	178.84
1820	8107.88521	927.72
1916	585.1150291	66.95
2012	925.7839437	105.93
2108	1104.421004	126.37
2204	2192.935969	250.92
2300	481.3761882	55.08
2308	399.7484904	45.74
2404	461.5373366	52.81
2500	2262.765231	258.91
2596	705.6338678	80.74
2692	1133.960792	129.75
2788	2237.420442	256.01
2884	359.8959955	41.18
2980	2021.814949	231.34
2316	848.4386411	97.08
2412	598.5739857	68.49
2508	1928.476211	220.66
2604	416.1789049	47.62
2700	872.8220755	99.87
2796	1972.086726	225.65
2892	1266.540254	144.92
2988	244.2713228	27.95
2324	498.4183735	57.03
2420	496.6704571	56.83
2516	633.4449187	72.48
2612	3491.812677	399.54
2708	777.8228169	89
2804	682.8235582	78.13
2900	5152.07111	589.51
2996	627.1524195	71.76
2332	745.1367794	85.26
2428	559.4206574	64.01
2524	676.1814757	77.37
2620	499.6419151	57.17
2716	518.0824335	59.28
2812	807.0130215	92.34
2908	934.6109218	106.94
3004	350.80683	40.14
2340	3494.696739	399.87
2436	930.2411306	106.44
2532	2157.103682	246.82
2628	548.0592005	62.71
2724	504.2738936	57.7
2820	869.4136384	99.48
2916	517.1210795	59.17
3012	1327.892121	151.94
2348	1079.775382	123.55
2444	696.9816814	79.75
2540	1981.0011	226.67
2636	524.8993077	60.06
2732	578.2107591	66.16
2828	651.4484581	74.54
2924	541.941493	62.01
3020	366.1884947	41.9
2356	924.2982147	105.76
2452	982.7660197	112.45
2548	832.4452057	95.25
2644	476.0450431	54.47
2740	441.8732766	50.56
2836	869.9380134	99.54
2932	1008.722579	115.42
3028	354.5648503	40.57
2364	869.0640552	99.44
2460	575.8510719	65.89
2556	1717.327905	196.5
2652	792.2431275	90.65
2748	526.5598283	60.25
2844	514.8487881	58.91
2940	991.3308103	113.43
3036	1963.609331	224.68
2372	504.6234769	57.74
2468	607.5757554	69.52
2564	1837.060181	210.2
2660	510.9159761	58.46
2756	525.4236826	60.12
2852	438.9018187	50.22
2948	695.6707441	79.6
3044	691.8253279	79.16
2380	1146.895374	131.23
2476	551.2054501	63.07
2572	831.2216642	95.11
2668	594.990757	68.08
2764	437.3286939	50.04
2860	737.7081345	84.41
2956	753.3519867	86.2
3052	323.1023544	36.97
2388	762.4411522	87.24
2484	639.4752305	73.17
2580	668.1410601	76.45
2676	393.8055745	45.06
2772	720.1415743	82.4
2868	806.0516674	92.23
2964	705.1094929	80.68
3060	421.9470292	48.28
2396	1115.345482	127.62
2492	527.7833698	60.39
2588	727.657615	83.26
2684	428.8512991	49.07
2780	742.864488	85
2876	1115.957253	127.69
2972	425.005883	48.63
3068	1087.641006	124.45
1541	300.8164197	34.42
1637	1543.934594	176.66
1733	428.5891117	49.04
1829	624.7927323	71.49
1925	1115.258086	127.61
2021	488.7174373	55.92
2117	539.1448267	61.69
2213	283.6868386	32.46
1549	434.0076526	49.66
1645	477.7929595	54.67
1741	966.1608135	110.55
1837	442.4850474	50.63
1933	1341.08889	153.45
2029	650.3123124	74.41
2125	558.8088866	63.94
2221	351.9429757	40.27
1557	1054.343198	120.64
1653	326.5981873	37.37
1749	373.5297437	42.74
1845	488.6300415	55.91
1941	448.5153591	51.32
2037	2340.460116	267.8
2133	357.5363083	40.91
2229	414.5183843	47.43
1565	298.2819409	34.13
1661	709.0423049	81.13
1757	770.9185469	88.21
1853	1320.550872	151.1
1949	1227.911301	140.5
2045	336.9108943	38.55
2141	491.0771245	56.19
2237	248.2915306	28.41
1573	796.8751061	91.18
1669	332.2789157	38.02
1765	275.5590271	31.53
1861	572.4426349	65.5
1957	1191.11766	136.29
2053	714.37345	81.74
2149	10708.08571	1225.24
2245	498.5931652	57.05
1581	383.0558884	43.83
1677	1507.752723	172.52
1773	265.0715285	30.33
1869	477.8803554	54.68
1965	4899.759371	560.64
2061	692.4370987	79.23
2157	269.3539238	30.82
2253	510.2168095	58.38
1589	938.6311296	107.4
1685	890.738219	101.92
1781	774.6765673	88.64
1877	488.5426457	55.9
1973	1016.588203	116.32
2069	581.706592	66.56
2165	445.9808803	51.03
2261	574.8897179	65.78
1597	2379.613445	272.28
1693	29047.31242	3323.65
1789	929.6293599	106.37
1885	847.7394746	97
1981	594.7285695	68.05
2077	564.8391984	64.63
2173	346.6992263	39.67
2269	385.9399505	44.16
1605	406.0409896	46.46
1701	2032.389843	232.55
1797	1256.57713	143.78
1893	496.9326446	56.86
1989	472.8113977	54.1
2085	422.9957791	48.4
2181	1752.9854	200.58
2277	507.3327474	58.05
1613	1182.378077	135.29
1709	364.6153699	41.72
1805	372.4809939	42.62
1901	403.856094	46.21
1997	412.9452595	47.25
2093	448.6027549	51.33
2189	904.3719673	103.48
2285	497.8939986	56.97
1621	363.7414117	41.62
1717	485.7459793	55.58
1813	781.8430247	89.46
1909	435.4933816	49.83
2005	461.5373366	52.81
2101	1968.24131	225.21
2197	962.6649807	110.15
2293	351.5933924	40.23
1629	307.8080855	35.22
1725	262.1874664	30
1821	240.6006983	27.53
1917	400.3602611	45.81
2013	656.8669991	75.16
2109	629.86169	72.07
2205	1332.261912	152.44
2301	336.8234985	38.54
2309	993.0787267	113.63
2405	519.0437876	59.39
2501	1427.435963	163.33
2597	557.8475326	63.83
2693	1389.506176	158.99
2789	2705.162882	309.53
2885	2855.483696	326.73
2981	778.0850043	89.03
2317	558.8962825	63.95
2413	596.1269027	68.21
2509	647.2534586	74.06
2605	338.2218316	38.7
2701	482.949313	55.26
2797	1951.199125	223.26
2893	666.6553311	76.28
2989	303.8752735	34.77
2325	2356.715739	269.66
2421	454.8078583	52.04
2517	1031.445493	118.02
2613	553.3029498	63.31
2709	509.3428513	58.28
2805	5484.524817	627.55
2901	1318.365977	150.85
2997	573.5787806	65.63
2333	1257.62588	143.9
2429	284.7355885	32.58
2525	692.8740778	79.28
2621	940.1168585	107.57
2717	380.4340137	43.53
2813	224.9568461	25.74
2909	466.0819194	53.33
3005	331.5797491	37.94
2341	967.9961258	110.76
2437	1061.859239	121.5
2533	1030.746326	117.94
2629	391.5332831	44.8
2725	281.5893389	32.22
2821	434.9690067	49.77
2917	650.3123124	74.41
3013	330.4436034	37.81
2349	1011.781433	115.77
2445	866.704368	99.17
2541	1780.078105	203.68
2637	455.6818165	52.14
2733	795.4767729	91.02
2829	5527.610957	632.48
2925	2770.534957	317.01
3021	604.9538807	69.22
2357	973.1524793	111.35
2453	368.5481819	42.17
2549	1216.63724	139.21
2645	7069.27326	808.88
2741	377.2003683	43.16
2837	431.2109863	49.34
2933	667.4418935	76.37
3029	1123.036314	128.5
2365	985.1257069	112.72
2461	662.6351233	75.82
2557	3393.929356	388.34
2653	612.7321089	70.11
2749	548.7583671	62.79
2845	591.5823199	67.69
2941	1056.790281	120.92
3037	398.7871363	45.63
2373	614.0430462	70.26
2469	562.3047195	64.34
2565	2301.131996	263.3
2661	485.3090002	55.53
2757	339.969748	38.9
2853	586.6007581	67.12
2949	689.5530365	78.9
3045	2446.121665	279.89
2381	1973.922038	225.86
2477	790.5826069	90.46
2573	812.169375	92.93
2669	425.2680704	48.66
2765	398.7871363	45.63
2861	558.9836783	63.96
2957	470.8886896	53.88
3053	463.9844196	53.09
2389	1276.415982	146.05
2485	834.1931221	95.45
2581	1035.640492	118.5
2677	329.0452703	37.65
2773	439.3387978	50.27
2869	520.0925374	59.51
2965	1057.314656	120.98
3061	428.5891117	49.04
2397	520.7043082	59.58
2493	296.8836077	33.97
2589	1318.191185	150.83
2685	502.7007688	57.52
2781	655.8182492	75.04
2877	648.040021	74.15
2973	1962.473186	224.55
3069	14936.55777	1709.07
1542	2042.440363	233.7
1638	1091.923402	124.94
1734	956.8094606	109.48
1830	1104.421004	126.37
1926	348.5345386	39.88
2022	648.564396	74.21
2118	867.5783262	99.27
2214	12142.68813	1389.39
1550	524.8119118	60.05
1646	1007.761225	115.31
1742	373.6171396	42.75
1838	1985.545683	227.19
1934	365.5767239	41.83
2030	716.1213665	81.94
2126	713.3247001	81.62
2222	667.3544977	76.36
1558	344.6891224	39.44
1654	675.8318925	77.33
1750	755.5368822	86.45
1846	2615.931748	299.32
1942	820.5593739	93.89
2038	1481.796164	169.55
2134	478.1425428	54.71
2230	499.6419151	57.17
1566	605.2160682	69.25
1662	866.2673889	99.12
1758	952.7892528	109.02
1854	475.4332723	54.4
1950	574.8897179	65.78
2046	521.9278497	59.72
2142	357.5363083	40.91
2238	379.6474513	43.44
1574	902.0122801	103.21
1670	546.2238882	62.5
1766	526.2976408	60.22
1862	411.9839055	47.14
1958	493.26202	56.44
2054	502.7007688	57.52
2150	523.8505578	59.94
2246	461.5373366	52.81
1582	437.3286939	50.04
1678	385.4155755	44.1
1774	396.1652617	45.33
1870	539.5818058	61.74
1966	4276.62716	489.34
2062	818.3744783	93.64
2158	812.2567708	92.94
2254	459.3524411	52.56
1590	277.4817352	31.75
1686	340.9311021	39.01
1782	968.7826882	110.85
1878	734.03751	83.99
1974	846.8655163	96.9
2070	560.6441989	64.15
2166	988.4467482	113.1
2262	592.4562782	67.79
1598	863.2085351	98.77
1694	1268.200775	145.11
1790	849.6621826	97.22
1886	6033.195788	690.33
1982	897.1181141	102.65
2078	514.2370174	58.84
2174	1147.681936	131.32
2270	567.5484688	64.94
1606	491.7762911	56.27
1702	820.5593739	93.89
1798	528.7447238	60.5
1894	587.125133	67.18
1990	589.1352369	67.41
2086	1885.477466	215.74
2182	698.3800146	79.91
2278	468.703794	53.63
1614	551.0306585	63.05
1710	4407.546101	504.32
1806	686.7563702	78.58
1902	482.1627506	55.17
1998	602.5941935	68.95
2094	440.737131	50.43
2190	791.9809401	90.62
2286	533.4640982	61.04
1622	477.6181679	54.65
1718	392.1450539	44.87
1814	553.739929	63.36
1910	397.5635948	45.49
2006	726.5214693	83.13
2102	520.791704	59.59
2198	652.5846038	74.67
2294	378.5113056	43.31
1630	392.7568246	44.94
1726	666.218352	76.23
1822	1020.695807	116.79
1918	2584.556648	295.73
2014	688.2420992	78.75
2110	570.2577393	65.25
2206	402.4577609	46.05
2302	311.5661059	35.65
2310	396.6896366	45.39
2406	554.2643039	63.42
2502	574.7149263	65.76
2598	1217.68599	139.33
2694	428.5017159	49.03
2790	1435.563774	164.26
2886	565.8005524	64.74
2982	495.7964989	56.73
2318	965.1994595	110.44
2414	568.2476354	65.02
2510	984.601332	112.66
2606	1780.165501	203.69
2702	533.7262857	61.07
2798	788.3103155	90.2
2894	723.724803	82.81
2990	546.9230548	62.58
2326	731.5030311	83.7
2422	1091.573818	124.9
2518	880.3381162	100.73
2614	690.0774115	78.96
2710	780.5320874	89.31
2806	503.3125396	57.59
2902	542.7280554	62.1
2998	1555.645634	178
2334	916.5199866	104.87
2430	1349.653681	154.43
2526	2422.17521	277.15
2622	400.7098444	45.85
2718	2265.124918	259.18
2814	426.5790078	48.81
2910	562.4795112	64.36
3006	521.1412873	59.63
2342	496.1460822	56.77
2438	349.5832885	40
2534	1570.939903	179.75
2630	634.4936686	72.6
2726	302.2147529	34.58
2822	675.9192883	77.34
2918	450.0010881	51.49
3014	649.8753333	74.36
2350	408.4006768	46.73
2446	588.3486745	67.32
2542	3598.173392	411.71
2638	1520.599909	173.99
2734	651.0988748	74.5
2830	7067.263156	808.65
2926	649.4383542	74.31
3022	364.2657866	41.68
2358	637.4651265	72.94
2454	1623.901771	185.81
2550	1815.997788	207.79
2646	486.0955626	55.62
2742	378.0743265	43.26
2838	996.8367471	114.06
2934	754.2259449	86.3
3030	744.4376128	85.18
2366	641.8349176	73.44
2462	842.5831211	96.41
2558	6198.810871	709.28
2654	1080.649341	123.65
2750	509.1680597	58.26
2846	1319.76431	151.01
2942	937.6697755	107.29
3038	493.4368117	56.46
2374	569.3837811	65.15
2470	484.6098337	55.45
2566	1184.300786	135.51
2662	955.3237316	109.31
2758	555.7500329	63.59
2854	528.5699322	60.48
2950	420.1991128	48.08
3046	1854.01497	212.14
2382	955.0615441	109.28
2478	1338.37962	153.14
2574	1266.62765	144.93
2670	2462.464684	281.76
2766	489.7661872	56.04
2862	594.1167988	67.98
2958	768.7336514	87.96
3054	385.2407839	44.08
2390	697.0690772	79.76
2486	1677.125826	191.9
2582	1184.737765	135.56
2678	1424.114921	162.95
2774	779.6581291	89.21
2870	1211.917865	138.67
2966	445.8060886	51.01
3062	518.9563917	59.38
2398	1266.015879	144.86
2494	610.5472133	69.86
2590	740.5048008	84.73
2686	1239.01057	141.77
2782	537.3095144	61.48
2878	400.5350528	45.83
2974	418.9755712	47.94
3070	454.6330667	52.02
1543	810.9458335	92.79
1639	3001.259927	343.41
1735	761.3924023	87.12
1831	660.5376236	75.58
1927	2469.368954	282.55
2023	590.096591	67.52
2119	985.4752902	112.76
2215	936.1840465	107.12
1551	1581.427401	180.95
1647	7045.152013	806.12
1743	503.5747271	57.62
1839	1144.710478	130.98
1935	680.988246	77.92
2031	834.6301012	95.5
2127	453.3221293	51.87
2223	313.5762098	35.88
1559	463.2852531	53.01
1655	507.2453516	58.04
1751	644.3693965	73.73
1847	518.9563917	59.38
1943	410.0611974	46.92
2039	1088.252777	124.52
2135	562.6543028	64.38
2231	471.9374394	54
1567	542.5532637	62.08
1663	735.7854264	84.19
1759	953.2262319	109.07
1855	328.8704786	37.63
1951	597.3504442	68.35
2047	455.4196291	52.11
2143	1017.636953	116.44
2239	329.5696452	37.71
1575	389.4357834	44.56
1671	432.7841111	49.52
1767	396.3400533	45.35
1863	846.6907247	96.88
1959	695.5833483	79.59
2055	485.3963961	55.54
2151	634.2314811	72.57
2247	451.8364004	51.7
1583	455.8566082	52.16
1679	2090.595461	239.21
1775	799.6717724	91.5
1871	816.4517702	93.42
1967	1025.327785	117.32
2063	449.564109	51.44
2159	498.680561	57.06
2255	435.5807774	49.84
1591	549.282742	62.85
1687	846.8655163	96.9
1783	657.3039782	75.21
1879	752.7402159	86.13
1975	1411.704715	161.53
2071	1819.755808	208.22
2167	689.6404323	78.91
2263	392.582033	44.92
1599	521.3160789	59.65
1695	766.7235475	87.73
1791	608.9740885	69.68
1887	909.9652999	104.12
1983	579.4343007	66.3
2079	616.6649209	70.56
2175	720.2289701	82.41
2271	1263.131817	144.53
1607	794.952398	90.96
1703	449.8262965	51.47
1799	592.1940907	67.76
1895	558.3719075	63.89
1991	966.0734177	110.54
2087	508.5562889	58.19
2183	573.0544056	65.57
2279	560.4694073	64.13
1615	796.0011479	91.08
1711	1507.665327	172.51
1807	1321.687018	151.23
1903	648.564396	74.21
1999	624.2683574	71.43
2095	625.6666906	71.59
2191	672.1612679	76.91
2287	553.1281582	63.29
1623	536.6977436	61.41
1719	680.1142877	77.82
1815	500.6032691	57.28
1911	418.101613	47.84
2007	647.2534586	74.06
2103	801.6818763	91.73
2199	767.7722973	87.85
2295	991.5929978	113.46
1631	545.0003467	62.36
1727	1760.588837	201.45
1823	631.7843981	72.29
1919	568.946802	65.1
2015	7287.23844	833.82
2111	348.4471428	39.87
2207	699.3413686	80.02
2303	504.2738936	57.7
2311	7467.798209	854.48
2407	533.0271191	60.99
2503	1353.761285	154.9
2599	663.2468941	75.89
2695	1698.013428	194.29
2791	687.2807452	78.64
2887	600.7588813	68.74
2983	613.7808587	70.23
2319	1184.038598	135.48
2415	681.6000167	77.99
2511	416.3536966	47.64
2607	558.5466992	63.91
2703	556.8861785	63.72
2799	971.5793545	111.17
2895	1101.886525	126.08
2991	454.458275	52
2327	917.5687364	104.99
2423	465.295357	53.24
2519	954.1001901	109.17
2615	761.3050065	87.11
2711	441.3489017	50.5
2807	559.9450323	64.07
2903	797.7490643	91.28
2999	512.2269134	58.61
2335	677.8419964	77.56
2431	369.0725568	42.23
2527	598.6613815	68.5
2623	969.9188339	110.98
2719	954.5371692	109.22
2815	667.2671019	76.35
2911	1883.467363	215.51
3007	433.6580694	49.62
2343	648.9139792	74.25
2439	1390.030551	159.05
2535	16622.86016	1902.02
2631	595.8647152	68.18
2727	386.7265129	44.25
2823	1415.025756	161.91
2919	440.6497351	50.42
3015	789.0094821	90.28
2351	480.5896258	54.99
2447	668.4906434	76.49
2543	1025.240389	117.31
2639	497.5444153	56.93
2735	705.546472	80.73
2831	1862.492365	213.11
2927	735.6980306	84.18
3023	523.763162	59.93
2359	912.0627996	104.36
2455	763.4025062	87.35
2551	5425.095658	620.75
2647	733.0761559	83.88
2743	1251.945152	143.25
2839	829.9107269	94.96
2935	1005.576329	115.06
3031	748.7200081	85.67
2367	680.9008501	77.91
2463	1061.334864	121.44
2559	1847.897263	211.44
2655	1185.87391	135.69
2751	2124.330248	243.07
2847	950.6043572	108.77
2943	1911.259234	218.69
3039	583.6293001	66.78
2375	908.6543626	103.97
2471	457.1675455	52.31
2567	1173.026724	134.22
2663	954.1875859	109.18
2759	1402.702945	160.5
2855	1809.792684	207.08
2951	564.1400318	64.55
3047	542.4658679	62.07
2383	586.5133622	67.11
2479	540.8053473	61.88
2575	981.8046657	112.34
2671	2089.459315	239.08
2767	787.1741698	90.07
2863	346.4370389	39.64
2959	627.5020028	71.8
3055	509.1680597	58.26
2391	590.6209659	67.58
2487	981.0181033	112.25
2583	1078.551841	123.41
2679	738.5820927	84.51
2775	808.0617713	92.46
2871	1179.756203	134.99
2967	774.326984	88.6
3063	395.1165118	45.21
2399	610.8967966	69.9
2495	1038.786742	118.86
2591	1009.246954	115.48
2687	932.9504011	106.75
2783	380.0844304	43.49
2879	731.8526144	83.74
2975	610.1102342	69.81
3071	2067.785151	236.6
1544	716.9079288	82.03
1640	6943.073692	794.44
1736	695.8455357	79.62
1832	495.0099365	56.64
1928	646.0299171	73.92
2024	517.2084753	59.18
2120	588.7856536	67.37
2216	966.5977926	110.6
1552	719.0054286	82.27
1648	1287.690043	147.34
1744	25362.44237	2902.02
1840	1623.29	185.74
1936	5423.085554	620.52
2032	1937.740168	221.72
2128	754.0511533	86.28
2224	446.5052552	51.09
1560	564.4022193	64.58
1656	1102.498296	126.15
1752	755.7990697	86.48
1848	3845.940548	440.06
1944	1427.261171	163.31
2040	660.5376236	75.58
2136	696.9816814	79.75
2232	479.8904593	54.91
1568	574.8897179	65.78
1664	2497.423013	285.76
1760	1107.392462	126.71
1856	599.9723189	68.65
1952	1027.250493	117.54
2048	591.2327366	67.65
2144	825.890519	94.5
2240	539.0574308	61.68
1576	512.8386842	58.68
1672	1848.15945	211.47
1768	402.1081776	46.01
1864	1018.860494	116.58
1960	1605.461252	183.7
2056	768.8210472	87.97
2152	2721.156318	311.36
2248	527.3463907	60.34
1584	999.1090385	114.32
1680	3636.190575	416.06
1776	774.326984	88.6
1872	1035.990075	118.54
1968	702.8372015	80.42
2064	686.9311619	78.6
2160	583.6293001	66.78
2256	557.7601368	63.82
1592	503.4873312	57.61
1688	1240.408903	141.93
1784	599.3605481	68.58
1880	543.8642011	62.23
1976	2101.08296	240.41
2072	687.5429326	78.67
2168	552.0794083	63.17
2264	487.7560833	55.81
1600	1347.99316	154.24
1696	5909.006325	676.12
1792	1060.198718	121.31
1888	1694.692387	193.91
1984	2308.560641	264.15
2080	713.2373043	81.61
2176	799.2347933	91.45
2272	543.4272219	62.18
1608	1511.248556	172.92
1704	28821.04464	3297.76
1800	1440.982315	164.88
1896	645.8551255	73.9
1992	668.3158518	76.47
2088	1162.888809	133.06
2184	842.4957252	96.4
2280	461.7995241	52.84
1616	505.6722268	57.86
1712	892.5735313	102.13
1808	575.2393012	65.82
1904	446.4178594	51.08
2000	6313.212002	722.37
2096	1129.591001	129.25
2192	1014.14112	116.04
2288	404.4678648	46.28
1624	813.8298956	93.12
1720	834.8048929	95.52
1816	563.4408652	64.47
1912	2886.509213	330.28
2008	917.0443615	104.93
2104	1858.734345	212.68
2200	843.9814542	96.57
2296	825.0165608	94.4
1632	986.7862276	112.91
1728	726.6088651	83.14
1824	1251.420777	143.19
1920	1283.582439	146.87
2016	893.709677	102.26
2112	2005.559326	229.48
2208	469.3155648	53.7
2304	629.2499193	72
2696	2985.441284	341.6
2792	1077.240903	123.26
2888	551.9046167	63.15
2984	818.9862491	93.71
2320	2721.593297	311.41
2416	1142.78777	130.76
2512	1610.268023	184.25
2608	545.2625342	62.39
2704	1005.838517	115.09
2800	2030.641927	232.35
2896	2559.386651	292.85
2992	381.0457844	43.6
2328	998.6720594	114.27
2424	702.8372015	80.42
2520	3728.655355	426.64
2616	2942.092956	336.64
2712	502.1763939	57.46
2808	816.1895828	93.39
2904	1247.924944	142.79
3000	450.1758797	51.51
2336	715.0726166	81.82
2432	734.1249058	84
2528	2741.694336	313.71
2624	561.9551362	64.3
2720	780.2698999	89.28
2816	986.4366443	112.87
2912	556.7113869	63.7
3008	517.0336837	59.16
2344	2181.836699	249.65
2440	1777.194043	203.35
2536	1066.928196	122.08
2632	457.8667121	52.39
2728	340.5815188	38.97
2824	1195.92443	136.84
2920	2156.229723	246.72
3016	430.5992156	49.27
2352	2394.121151	273.94
2448	1102.760484	126.18
2544	2036.759635	233.05
2640	712.6255336	81.54
2736	855.5177027	97.89
2832	627.5020028	71.8
2928	445.8060886	51.01
3024	543.5146178	62.19
2360	1555.820425	178.02
2456	803.6919802	91.96
2552	928.6680058	106.26
2648	434.1824443	49.68
2744	495.7964989	56.73
2840	424.1319247	48.53
2936	1408.820653	161.2
3032	684.5714747	78.33
2368	773.1034425	88.46
2464	1706.228635	195.23
2560	1162.277038	132.99
2656	1056.702885	120.91
2752	843.5444751	96.52
2848	4367.955794	499.79
2944	675.3949133	77.28
3040	444.8447346	50.9
2376	683.8723081	78.25
2472	950.8665447	108.8
2568	875.2691585	100.15
2664	817.063541	93.49
2760	707.4691801	80.95
2856	538.0960768	61.57
2952	545.874305	62.46
3048	480.1526467	54.94
2384	901.575301	103.16
2480	897.9920723	102.75
2576	1115.258086	127.61
2672	503.4873312	57.61
2768	3583.403499	410.02
2864	882.2608243	100.95
2960	1519.288972	173.84
3056	618.2380457	70.74
2392	766.2865683	87.68
2488	3151.318554	360.58
2584	2163.221389	247.52
2680	1154.236623	132.07
2776	673.2974136	77.04
2872	2552.657172	292.08
2968	452.4481711	51.77
3064	387.2508878	44.31
2400	551.729825	63.13
2496	701.7884516	80.3
2592	585.9889873	67.05
2688	2966.738578	339.46
G1 Field2:A1:1	1189.457139	136.1
G1 Field2:A1:3	918.6174863	105.11
G2 Field2:A24:1	1308.05327	149.67
G2 Field2:A24:3	1303.596083	149.16
G2 Field2:P1:1	1365.472325	156.24
G2 Field2:P1:3	1676.42666	191.82
G1 Field2:P24:1	681.5126209	77.98
G1 Field2:P24:3	696.9816814	79.75
3457	1257.84933	118.88
3553	1201.347686	113.54
3649	514.9691024	48.67
3745	1525.226959	144.15
3081	1233.090183	116.54
3177	511.7948527	48.37
3273	1065.172376	100.67
3369	441.7497436	41.75
3465	818.2157527	77.33
3561	934.4990984	88.32
3657	897.4661858	84.82
3753	515.7097606	48.74
3089	1102.416905	104.19
3185	443.5484851	41.92
3281	940.8475977	88.92
3377	1223.461625	115.63
3473	1777.685615	168.01
3569	1024.54198	96.83
3665	878.6323045	83.04
3761	433.3908862	40.96
3097	448.8389012	42.42
3193	758.0108176	71.64
3289	912.3851592	86.23
3385	781.0770318	73.82
3481	891.964153	84.3
3577	558.244706	52.76
3673	1749.223177	165.32
3769	643.2087884	60.79
3105	961.2686038	90.85
3201	1822.230919	172.22
3297	2690.705624	254.3
3393	1474.862198	139.39
3489	1565.116697	147.92
3585	1179.762788	111.5
3681	689.2354084	65.14
3777	521.105985	49.25
3113	2404.70573	227.27
3209	1237.216707	116.93
3305	713.2538975	67.41
3401	1423.968395	134.58
3497	767.2161416	72.51
3593	1376.9895	130.14
3689	1836.197617	173.54
3785	2280.804185	215.56
3121	567.0267967	53.59
3217	1086.439849	102.68
3313	735.0504118	69.47
3409	563.7467387	53.28
3505	1569.560646	148.34
3601	6602.756707	624.03
3697	725.6334711	68.58
3793	758.7514759	71.71
3129	1218.277018	115.14
3225	4311.583306	407.49
3321	2271.598861	214.69
3417	768.3800331	72.62
3513	467.5669742	44.19
3609	1051.205677	99.35
3705	816.2053946	77.14
3801	530.311309	50.12
3137	824.4584437	77.92
3233	588.1884611	55.59
3329	2209.489376	208.82
3425	616.121858	58.23
3521	4328.512638	409.09
3617	1250.865981	118.22
3713	642.9971718	60.77
3809	585.9664863	55.38
3145	1086.016615	102.64
3241	1820.008944	172.01
3337	1962.10952	185.44
3433	652.943154	61.71
3529	2380.687241	225
3625	1572.100046	148.58
3721	1931.001873	182.5
3817	835.4625092	78.96
3153	442.3845936	41.81
3249	527.4544843	49.85
3345	2068.764308	195.52
3441	745.7370523	70.48
3537	1585.431894	149.84
3633	1099.983314	103.96
3729	1004.967441	94.98
3825	454.1293173	42.92
3161	567.2384133	53.61
3257	658.0219535	62.19
3353	782.135115	73.92
3449	996.2911584	94.16
3841	2556.963905	241.66
3937	2275.725386	215.08
4033	428.4178951	40.49
4129	1817.469544	171.77
4225	5184.078728	489.95
1	3567.221762	337.14
3849	476.6664899	45.05
3945	747.3241771	70.63
4041	533.1681337	50.39
4137	914.5013256	86.43
4233	714.417789	67.52
776	815.2531197	77.05
3857	594.5369604	56.19
3953	293.4064764	27.73
4049	1692.615724	159.97
4145	1370.852618	129.56
4241	901.6985186	85.22
1537	679.2894262	64.2
3865	513.1703609	48.5
3961	1327.153781	125.43
4057	1269.911479	120.02
4153	526.0789761	49.72
4249	556.6575812	52.61
2312	1862.649698	176.04
3873	599.6157598	56.67
3969	1335.089405	126.18
4065	9518.62244	899.61
4161	1469.889207	138.92
4257	549.4626153	51.93
3073	475.8200233	44.97
3881	703.5195319	66.49
3977	900.2172021	85.08
4073	988.0381093	93.38
4169	634.7441227	59.99
4265	429.7934033	40.62
3848	435.8244776	41.19
3889	622.1529324	58.8
3985	981.68961	92.78
4081	1231.397249	116.38
4177	661.0903948	62.48
4273	1424.28582	134.61
3897	793.6682221	75.01
3993	447.9924346	42.34
4089	761.2908756	71.95
4185	760.3386007	71.86
4281	967.9345281	91.48
3905	2508.080461	237.04
4001	972.166861	91.88
4097	1690.287941	159.75
4193	632.6279562	59.79
4289	499.415279	47.2
3913	957.3536959	90.48
4009	10988.82907	1038.56
4105	2352.965461	222.38
4201	1052.792802	99.5
3921	532.2158588	50.3
4017	598.1344433	56.53
4113	690.081875	65.22
4209	666.8040442	63.02
3929	569.1429631	53.79
4025	467.0379326	44.14
4121	572.5288294	54.11
4217	806.6826456	76.24
3074	571.1533212	53.98
3170	545.441899	51.55
3266	576.9727789	54.53
3362	916.934917	86.66
3458	7504.455226	709.25
3554	1447.986884	136.85
3650	773.9878742	73.15
3746	550.8381235	52.06
3082	564.5932053	53.36
3178	1270.228904	120.05
3274	1642.039347	155.19
3370	977.6688937	92.4
3466	1064.008484	100.56
3562	1338.369463	126.49
3658	1276.894828	120.68
3754	641.5158553	60.63
3090	656.540637	62.05
3186	1686.161417	159.36
3282	617.4973662	58.36
3378	405.1400643	38.29
3474	826.8920351	78.15
3570	670.8247604	63.4
3666	1039.989995	98.29
3762	455.9280588	43.09
3098	1093.317389	103.33
3194	422.0693958	39.89
3290	749.4403435	70.83
3386	613.47665	57.98
3482	636.2254392	60.13
3578	2079.133524	196.5
3674	1193.729487	112.82
3770	1102.09948	104.16
3106	944.1276557	89.23
3202	1406.721639	132.95
3298	1255.521547	118.66
3394	1301.230742	122.98
3490	1656.640895	156.57
3586	1563.00053	147.72
3682	973.7539858	92.03
3778	757.164351	71.56
3114	1112.997737	105.19
3210	753.9901014	71.26
3306	926.8808992	87.6
3402	487.3531304	46.06
3498	3229.164174	305.19
3594	3678.95535	347.7
3690	571.2591296	53.99
3786	695.4780994	65.73
3122	561.7363806	53.09
3218	593.5846855	56.1
3314	2755.354509	260.41
3410	783.0873899	74.01
3506	4898.184643	462.93
3602	1152.041008	108.88
3698	677.596493	64.04
3794	1067.182734	100.86
3130	4466.592498	422.14
3226	992.3762505	93.79
3322	1227.693958	116.03
3418	919.0510834	86.86
3514	1549.77449	146.47
3610	878.2090712	83
3706	647.2295046	61.17
3802	605.7526425	57.25
3138	602.8958178	56.98
3234	2548.49924	240.86
3330	937.7791564	88.63
3426	645.4307632	61
3522	3778.838406	357.14
3618	1675.26316	158.33
3714	1656.006045	156.51
3810	807.3174956	76.3
3146	532.5332838	50.33
3242	756.3178845	71.48
3338	1825.93421	172.57
3434	610.514017	57.7
3530	1249.173048	118.06
3626	677.913918	64.07
3722	702.4614486	66.39
3818	666.0633859	62.95
3154	950.0529217	89.79
3250	1090.989606	103.11
3346	2805.613462	265.16
3442	637.6009474	60.26
3538	1600.139251	151.23
3634	1234.042458	116.63
3730	912.8083924	86.27
3826	448.8389012	42.42
3162	388.5281578	36.72
3258	597.4995934	56.47
3354	1018.299289	96.24
3450	7958.901968	752.2
3546	526.1847845	49.73
3642	680.4533177	64.31
3738	813.8776115	76.92
3834	567.9790716	53.68
3842	1616.856966	152.81
3938	658.4451868	62.23
4034	1249.384664	118.08
4130	735.1562201	69.48
4226	1605.429667	151.73
97	18124.96553	1713
3850	1670.713402	157.9
3946	630.3001732	59.57
4042	2472.105631	233.64
4138	932.5945486	88.14
4234	942.0114893	89.03
872	1058.294835	100.02
3858	1168.547106	110.44
3954	3185.994379	301.11
4050	634.7441227	59.99
4146	634.2150811	59.94
4242	653.578004	61.77
1633	527.1370594	49.82
3866	651.0386042	61.53
3962	2538.659066	239.93
4058	1163.468307	109.96
4154	433.0734613	40.93
4250	616.2276663	58.24
2408	1095.116131	103.5
3874	1566.17478	148.02
3970	1830.166543	172.97
4066	1182.83123	111.79
4162	2251.706897	212.81
4258	424.9262205	40.16
3169	691.8806165	65.39
3882	865.6178809	81.81
3978	524.2802347	49.55
4074	715.6874889	67.64
4170	499.415279	47.2
4266	631.9931063	59.73
3944	718.1210803	67.87
3890	717.1688054	67.78
3986	533.908792	50.46
4082	2604.366034	246.14
4178	559.0911726	52.84
4274	428.8411284	40.53
3898	812.9253366	76.83
3994	885.5098454	83.69
4090	1016.923781	96.11
4186	574.8566125	54.33
4282	661.0903948	62.48
3906	751.8739349	71.06
4002	963.9138119	91.1
4098	960.4221373	90.77
4194	1878.944179	177.58
4290	1110.564146	104.96
3914	1644.896171	155.46
4010	2489.034963	235.24
4106	3586.690493	338.98
4202	723.8347296	68.41
3922	2849.629724	269.32
4018	1000.946725	94.6
4114	1170.345848	110.61
4210	1102.73433	104.22
3930	588.505886	55.62
4026	535.6017251	50.62
4122	2219.117934	209.73
4218	564.2757803	53.33
3075	600.991268	56.8
3171	482.5917559	45.61
3267	1653.678262	156.29
3363	514.3342524	48.61
3459	768.2742248	72.61
3555	700.1336656	66.17
3651	1298.691342	122.74
3747	542.796691	51.3
3083	491.1622299	46.42
3179	1206.74391	114.05
3275	1547.86994	146.29
3371	625.2213737	59.09
3467	928.9970657	87.8
3563	1366.620285	129.16
3659	981.05476	92.72
3755	562.5828472	53.17
3091	578.1366705	54.64
3187	1335.830063	126.25
3283	1872.172446	176.94
3379	703.5195319	66.49
3475	1367.149326	129.21
3571	745.2080107	70.43
3667	679.0778095	64.18
3763	535.4959168	50.61
3099	879.796196	83.15
3195	1181.455722	111.66
3291	1519.090077	143.57
3387	1775.252024	167.78
3483	1131.408385	106.93
3579	2516.545126	237.84
3675	1444.918443	136.56
3771	1658.651253	156.76
3107	740.6582528	70
3203	2884.652278	272.63
3299	727.4322126	68.75
3395	1033.853113	97.71
3491	751.55651	71.03
3587	633.5802311	59.88
3683	1334.560363	126.13
3779	572.5288294	54.11
3115	550.0974652	51.99
3211	685.3205005	64.77
3307	445.0298016	42.06
3403	574.5391875	54.3
3499	4958.601194	468.64
3595	887.6260118	83.89
3691	523.5395764	49.48
3787	581.3109201	54.94
3123	424.7146038	40.14
3219	526.1847845	49.73
3315	649.980521	61.43
3411	657.7045285	62.16
3507	831.0185597	78.54
3603	1414.86888	133.72
3699	796.2076218	75.25
3795	580.3586452	54.85
3131	1149.289992	108.62
3227	692.0922331	65.41
3323	739.388553	69.88
3419	423.0216707	39.98
3515	1014.701806	95.9
3611	602.4725845	56.94
3707	742.8802276	70.21
3803	787.5313394	74.43
3139	582.898045	55.09
3235	564.6990136	53.37
3331	1705.841765	161.22
3427	1251.500831	118.28
3523	1026.763955	97.04
3619	742.1395693	70.14
3715	1541.838866	145.72
3811	3110.764662	294
3147	651.5676458	61.58
3243	1184.524163	111.95
3339	1363.12861	128.83
3435	705.3182733	66.66
3531	987.614876	93.34
3627	749.1229186	70.8
3723	1949.729946	184.27
3819	1364.080885	128.92
3155	750.3926184	70.92
3251	724.0463463	68.43
3347	722.1417965	68.25
3443	1211.293668	114.48
3539	612.7359917	57.91
3635	524.1744264	49.54
3731	1475.497048	139.45
3827	798.1121716	75.43
3163	973.6481775	92.02
3259	561.8421889	53.1
3355	1184.73578	111.97
3451	841.0703502	79.49
3547	776.5272739	73.39
3643	862.6552479	81.53
3739	1060.940043	100.27
3835	1441.850002	136.27
3843	1101.46463	104.1
3939	1100.406547	104
4035	1287.158235	121.65
4131	1479.517764	139.83
4227	499.0978541	47.17
193	692.727083	65.47
3851	643.6320217	60.83
3947	1614.000141	152.54
4043	1346.09347	127.22
4139	776.9505072	73.43
4235	5760.099232	544.39
968	797.3715133	75.36
3859	418.6835295	39.57
3955	623.3168239	58.91
4051	755.7888428	71.43
4147	444.6065683	42.02
4243	747.3241771	70.63
1729	644.9017216	60.95
3867	2027.604871	191.63
3963	498.6746208	47.13
4059	503.4359953	47.58
4155	1825.193552	172.5
4251	907.9412096	85.81
2504	2311.171174	218.43
3875	605.2236009	57.2
3971	744.3615441	70.35
4067	492.3261215	46.53
4163	1163.89154	110
4259	793.7740304	75.02
3265	529.9938841	50.09
3883	3602.0327	340.43
3979	1262.504896	119.32
4075	462.6997914	43.73
4171	623.9516738	58.97
4267	4739.789585	447.96
4040	1520.78301	143.73
3891	497.2991126	47
3987	586.6013362	55.44
4083	395.6173153	37.39
4179	831.6534096	78.6
4275	1581.199561	149.44
3899	1839.689292	173.87
3995	2291.173401	216.54
4091	838.8483755	79.28
4187	730.8180789	69.07
4283	654.6360872	61.87
3907	654.9535121	61.9
4003	2535.273199	239.61
4099	627.6549651	59.32
4195	816.6286279	77.18
3915	499.2036624	47.18
4011	933.4410152	88.22
4107	918.0988085	86.77
4203	811.6556368	76.71
3923	482.6975642	45.62
4019	633.3686145	59.86
4115	1069.722134	101.1
4211	833.2405344	78.75
3931	328.7464559	31.07
4027	477.5129564	45.13
4123	902.5449852	85.3
4219	933.2293986	88.2
3076	1831.542051	173.1
3172	514.1226358	48.59
3268	671.7770353	63.49
3364	609.1385088	57.57
3460	1675.686393	158.37
3556	955.4491461	90.3
3652	2041.783186	192.97
3748	463.1230247	43.77
3084	984.017393	93
3180	578.8773287	54.71
3276	1650.292396	155.97
3372	1465.022024	138.46
3468	1251.077597	118.24
3564	1281.867819	121.15
3660	1274.990278	120.5
3756	585.4374447	55.33
3092	5580.330893	527.4
3188	1003.062891	94.8
3284	1056.813518	99.88
3380	484.1788807	45.76
3476	2532.7338	239.37
3572	1047.502386	99
3668	1528.083784	144.42
3764	368.21296	34.8
3100	639.8229221	60.47
3196	474.3387068	44.83
3292	678.5487679	64.13
3388	674.4222434	63.74
3484	629.7711315	59.52
3580	844.1387916	79.78
3676	1235.417966	116.76
3772	1012.797257	95.72
3108	455.0815922	43.01
3204	618.8728744	58.49
3300	1376.883692	130.13
3396	751.4507016	71.02
3492	629.0304733	59.45
3588	371.5988263	35.12
3684	389.1630077	36.78
3780	587.4478028	55.52
3116	796.6308551	75.29
3212	1022.108389	96.6
3308	1465.762682	138.53
3404	467.7785908	44.21
3500	1275.413511	120.54
3596	853.2383072	80.64
3692	607.3397673	57.4
3788	973.9656025	92.05
3124	785.097748	74.2
3220	482.4859476	45.6
3316	1148.549333	108.55
3412	638.3416056	60.33
3508	1823.818043	172.37
3604	1050.676636	99.3
3700	1539.193658	145.47
3796	565.4396719	53.44
3132	730.0774206	69
3228	578.9831371	54.72
3324	795.2553469	75.16
3420	612.5243751	57.89
3516	3823.489518	361.36
3612	557.1866228	52.66
3708	939.6837062	88.81
3804	400.3786898	37.84
3140	444.9239933	42.05
3236	538.5643581	50.9
3332	1915.871283	181.07
3428	7436.7379	702.85
3524	597.8170183	56.5
3620	1063.796868	100.54
3716	903.0740268	85.35
3812	716.8513804	67.75
3148	751.9797433	71.07
3244	1096.280022	103.61
3340	677.3848764	64.02
3436	4080.180506	385.62
3532	649.5572877	61.39
3628	724.7870045	68.5
3724	952.8039381	90.05
3820	634.1092727	59.93
3156	633.4744228	59.87
3252	570.5184713	53.92
3348	607.8688089	57.45
3444	466.0856577	44.05
3540	710.8203061	67.18
3636	1202.299961	113.63
3732	555.5994979	52.51
3828	521.740835	49.31
3164	637.7067557	60.27
3260	481.1104394	45.47
3356	584.0619365	55.2
3452	2583.310178	244.15
3548	1753.138084	165.69
3644	1075.753208	101.67
3740	3060.823134	289.28
3836	622.681974	58.85
3844	2063.685509	195.04
3940	1047.925619	99.04
4036	1053.639269	99.58
4132	1836.62085	173.58
4228	1309.589599	123.77
289	638.6590306	60.36
3852	1649.657546	155.91
3948	1041.259695	98.41
4044	821.919044	77.68
4140	1908.253084	180.35
4236	3966.648177	374.89
1064	3275.296602	309.55
3860	4536.531799	428.75
3956	1024.118747	96.79
4052	1540.145933	145.56
4148	1285.57111	121.5
4244	422.1752041	39.9
1825	1177.435005	111.28
3868	795.9960051	75.23
3964	1122.94372	106.13
4060	908.3644429	85.85
4156	568.7197298	53.75
4252	1027.504613	97.11
2600	1081.784282	102.24
3876	4999.019973	472.46
3972	1430.211086	135.17
4068	620.6716159	58.66
4164	305.7860501	28.9
4260	499.3094707	47.19
3361	403.3413228	38.12
3884	605.8584508	57.26
3980	628.5014317	59.4
4076	4360.360943	412.1
4172	548.9335737	51.88
4268	1099.771697	103.94
4136	3538.865132	334.46
3892	614.2173082	58.05
3988	2589.552869	244.74
4084	493.3842047	46.63
4180	907.5179763	85.77
4276	628.3956234	59.39
3900	793.0333721	74.95
3996	613.6882666	58
4092	1845.614558	174.43
4188	650.7211793	61.5
4284	588.7175027	55.64
3908	793.4566054	74.99
4004	620.6716159	58.66
4100	1799.164704	170.04
4196	599.5099515	56.66
3916	974.1772191	92.07
4012	552.5310566	52.22
4108	569.7778131	53.85
4204	730.183229	69.01
3924	381.7564252	36.08
4020	1050.782444	99.31
4116	1013.432107	95.78
4212	971.2145861	91.79
3932	5243.648813	495.58
4028	674.5280517	63.75
4124	631.3582564	59.67
4220	536.0249584	50.66
3077	9736.270158	920.18
3173	1010.575282	95.51
3269	627.2317318	59.28
3365	369.5884682	34.93
3461	627.0201152	59.26
3557	2269.059462	214.45
3653	1406.404214	132.92
3749	1695.578357	160.25
3085	1282.608477	121.22
3181	4434.215151	419.08
3277	1596.012727	150.84
3373	617.2857496	58.34
3469	1736.631986	164.13
3565	1650.398204	155.98
3661	393.7127655	37.21
3757	319.9643652	30.24
3093	429.5817866	40.6
3189	542.3734577	51.26
3285	699.9220489	66.15
3381	523.1163431	49.44
3477	487.0357054	46.03
3573	586.9187612	55.47
3669	1214.573726	114.79
3765	659.185845	62.3
3101	1093.105773	103.31
3197	1000.523491	94.56
3293	1695.895782	160.28
3389	584.1677448	55.21
3485	550.4148902	52.02
3581	570.095238	53.88
3677	1266.102379	119.66
3773	1843.498391	174.23
3109	680.6649343	64.33
3205	674.951285	63.79
3301	601.9435429	56.89
3397	504.7056951	47.7
3493	1005.179057	95
3589	7401.609537	699.53
3685	527.5602927	49.86
3781	643.73783	60.84
3117	701.2975571	66.28
3213	544.3838158	51.45
3309	805.9419874	76.17
3405	1244.305865	117.6
3501	1236.899282	116.9
3597	14805.86428	1399.31
3693	993.4343337	93.89
3789	538.9875914	50.94
3125	452.0131509	42.72
3221	417.5196379	39.46
3317	755.0481846	71.36
3413	620.1425743	58.61
3509	849.852441	80.32
3605	993.9633753	93.94
3701	1604.477392	151.64
3797	587.7652278	55.55
3133	1064.643334	100.62
3229	838.9541838	79.29
3325	3596.424859	339.9
3421	640.5635804	60.54
3517	727.6438292	68.77
3613	642.9971718	60.77
3709	1281.444586	121.11
3805	470.0005656	44.42
3141	886.6737369	83.8
3237	718.1210803	67.87
3333	2593.573585	245.12
3429	1004.226783	94.91
3525	1000.840916	94.59
3621	5174.767596	489.07
3717	2140.079117	202.26
3813	498.5688125	47.12
3149	589.0349276	55.67
3245	593.0556439	56.05
3341	949.6296884	89.75
3437	430.4282532	40.68
3533	1047.290769	98.98
3629	1012.691448	95.71
3725	660.3497366	62.41
3821	770.6020079	72.83
3157	787.742956	74.45
3253	972.484286	91.91
3349	424.1855622	40.09
3445	402.2832396	38.02
3541	519.2014352	49.07
3637	564.487397	53.35
3733	937.5675397	88.61
3829	579.935412	54.81
3165	2883.805812	272.55
3261	802.4503128	75.84
3357	696.2187577	65.8
3453	3647.636087	344.74
3549	394.4534238	37.28
3645	1081.466857	102.21
3741	1090.460565	103.06
3837	514.9691024	48.67
3845	444.50076	42.01
3941	739.8117862	69.92
4037	1536.54845	145.22
4133	2879.256054	272.12
4229	509.0438363	48.11
473	606.0700675	57.28
3853	3380.470074	319.49
3949	709.8680312	67.09
4045	648.9224378	61.33
4141	496.0294127	46.88
4237	856.6241735	80.96
1248	673.0467352	63.61
3861	510.4193445	48.24
3957	686.0611588	64.84
4053	435.8244776	41.19
4149	1501.737512	141.93
4245	521.0001767	49.24
2009	854.0847738	80.72
3869	525.5499345	49.67
3965	2211.711351	209.03
4061	941.7998726	89.01
4157	810.5975536	76.61
4253	574.0101459	54.25
2784	2597.805918	245.52
3877	903.1798352	85.36
3973	1610.9317	152.25
4069	1410.42493	133.3
4165	1500.256195	141.79
4261	636.8602891	60.19
3545	790.4939724	74.71
3885	535.3901085	50.6
3981	416.6731714	39.38
4077	1021.579347	96.55
4173	1059.352918	100.12
4269	980.3141018	92.65
3893	653.578004	61.77
3989	859.6926149	81.25
4085	1055.649627	99.77
4181	692.8328914	65.48
4277	541.4211828	51.17
3901	1093.211581	103.32
3997	755.8946512	71.44
4093	1643.520663	155.33
4189	1018.405098	96.25
4285	628.1840067	59.37
3909	590.0930109	55.77
4005	843.3981333	79.71
4101	7254.006928	685.58
4197	922.0137164	87.14
3917	493.0667797	46.6
4013	697.1710325	65.89
4109	772.612366	73.02
4205	504.0708452	47.64
3925	1207.272952	114.1
4021	4309.784565	407.32
4117	1248.009156	117.95
4213	1041.048079	98.39
3933	2129.81571	201.29
4029	714.100364	67.49
4125	2275.196344	215.03
4221	770.0729663	72.78
3078	680.0300844	64.27
3174	1048.243044	99.07
3270	511.2658111	48.32
3366	712.6190475	67.35
3462	1275.413511	120.54
3558	621.4122741	58.73
3654	554.8588397	52.44
3750	1480.364231	139.91
3086	3514.635026	332.17
3182	988.3555342	93.41
3278	1143.364726	108.06
3374	322.9269982	30.52
3470	2414.334288	228.18
3566	965.1835117	91.22
3662	583.4270866	55.14
3758	492.5377381	46.55
3094	621.5180824	58.74
3190	732.6168204	69.24
3286	848.1595078	80.16
3382	545.2302824	51.53
3478	2009.934882	189.96
3574	429.4759783	40.59
3670	468.4134407	44.27
3766	993.4343337	93.89
3102	798.4295965	75.46
3198	628.0781984	59.36
3294	861.8087813	81.45
3390	1332.444197	125.93
3486	635.2731643	60.04
3582	1063.691059	100.53
3678	513.8052108	48.56
3774	1184.841588	111.98
3110	452.4363842	42.76
3206	617.6031745	58.37
3302	1817.152119	171.74
3398	397.8392901	37.6
3494	743.1976525	70.24
3590	955.3433378	90.29
3686	571.7881712	54.04
3782	636.7544808	60.18
3118	725.7392794	68.59
3214	430.1108282	40.65
3310	602.1551595	56.91
3406	1538.664616	145.42
3502	657.1754869	62.11
3598	999.9944496	94.51
3694	2273.60922	214.88
3790	572.9520627	54.15
3126	501.2140205	47.37
3222	668.708594	63.2
3318	723.1998797	68.35
3414	561.207339	53.04
3510	1256.050588	118.71
3606	2693.774066	254.59
3702	702.567257	66.4
3798	614.6405415	58.09
3134	939.2604729	88.77
3230	1585.643511	149.86
3326	1818.316011	171.85
3422	715.5816805	67.63
3518	894.0803195	84.5
3614	3579.389719	338.29
3710	1971.526461	186.33
3806	860.7506981	81.35
3142	561.4189556	53.06
3238	768.4858415	72.63
3334	1257.84933	118.88
3430	1062.42136	100.41
3526	1480.893272	139.96
3622	2752.391876	260.13
3718	772.4007494	73
3814	615.0637748	58.13
3150	2626.268356	248.21
3246	810.0685119	76.56
3342	993.4343337	93.89
3438	534.1204086	50.48
3534	1396.458232	131.98
3630	952.4865131	90.02
3726	1809.428112	171.01
3822	851.4395658	80.47
3158	835.0392759	78.92
3254	658.7626117	62.26
3350	695.0548661	65.69
3446	382.9203167	36.19
3542	731.9819704	69.18
3638	1384.290275	130.83
3734	577.6076289	54.59
3830	1220.604801	115.36
3166	811.8672534	76.73
3262	722.7766464	68.31
3358	995.0214585	94.04
3454	548.8277653	51.87
3550	651.1444126	61.54
3646	595.2776186	56.26
3742	366.8374518	34.67
3838	458.1500335	43.3
3846	647.1236963	61.16
3942	445.5588432	42.11
4038	636.9660974	60.2
4134	1174.049139	110.96
4230	574.3275709	54.28
569	747.2183688	70.62
3854	1560.990172	147.53
3950	1155.532683	109.21
4046	1789.641955	169.14
4142	1355.722028	128.13
4238	1351.278078	127.71
1344	1199.337328	113.35
3862	1048.454661	99.09
3958	916.8291087	86.65
4054	562.5828472	53.17
4150	851.3337575	80.46
4246	556.9750061	52.64
2105	1138.70916	107.62
3870	1135.323293	107.3
3966	1705.630148	161.2
4062	1050.888252	99.32
4158	2496.864779	235.98
4254	856.8357902	80.98
2880	314.1449075	29.69
3878	509.5728779	48.16
3974	726.585746	68.67
4070	2102.199738	198.68
4166	510.7367695	48.27
4262	452.7538091	42.79
3641	739.8117862	69.92
3886	612.3127584	57.87
3982	425.5610704	40.22
4078	560.5724891	52.98
4174	1023.060664	96.69
4270	836.9438257	79.1
3894	671.0363771	63.42
3990	745.313819	70.44
4086	2200.178244	207.94
4182	751.4507016	71.02
4278	777.0563155	73.44
3902	809.433662	76.5
3998	954.6026796	90.22
4094	3465.645773	327.54
4190	1155.850108	109.24
4286	766.369675	72.43
3910	1562.894722	147.71
4006	764.2535086	72.23
4102	1030.467246	97.39
4198	734.7329868	69.44
3918	821.7074273	77.66
4014	796.8424717	75.31
4110	675.0570933	63.8
4206	642.6797468	60.74
3926	588.0826527	55.58
4022	950.8993883	89.87
4118	663.2065612	62.68
4214	1002.745466	94.77
3934	1100.935589	104.05
4030	614.9579665	58.12
4126	1064.960759	100.65
4222	481.2162477	45.48
3079	567.3442217	53.62
3175	577.1843956	54.55
3271	1101.993672	104.15
3367	931.4306571	88.03
3463	1359.954361	128.53
3559	628.5014317	59.4
3655	1343.130837	126.94
3751	2541.410082	240.19
3087	618.5554494	58.46
3183	1516.33906	143.31
3279	1289.591826	121.88
3375	453.388659	42.85
3471	1556.228797	147.08
3567	739.8117862	69.92
3663	763.407042	72.15
3759	327.794181	30.98
3095	9437.890691	891.98
3191	775.7866157	73.32
3287	628.8188566	59.43
3383	532.4274755	50.32
3479	1015.442465	95.97
3575	9788.539469	925.12
3671	1042.635203	98.54
3767	465.6624244	44.01
3103	517.0852688	48.87
3199	1080.091349	102.08
3295	1608.709725	152.04
3391	1132.254852	107.01
3487	883.8169123	83.53
3583	2689.964966	254.23
3679	1073.74285	101.48
3775	534.6494502	50.53
3111	897.9952274	84.87
3207	1273.191537	120.33
3303	935.1339483	88.38
3399	566.4977551	53.54
3495	519.5188602	49.1
3591	810.5975536	76.61
3687	807.9523455	76.36
3783	1574.639445	148.82
3119	428.3120868	40.48
3215	637.0719057	60.21
3311	1897.989677	179.38
3407	665.5343443	62.9
3503	389.6920493	36.83
3599	788.2719976	74.5
3695	657.8103368	62.17
3791	571.8939795	54.05
3127	1488.299855	140.66
3223	856.0951319	80.91
3319	1255.94478	118.7
3415	661.5136281	62.52
3511	468.5192491	44.28
3607	750.3926184	70.92
3703	1159.341782	109.57
3799	427.6772368	40.42
3135	1131.831619	106.97
3231	636.1196309	60.12
3327	1053.956694	99.61
3423	762.2431505	72.04
3519	804.3548626	76.02
3615	611.8895252	57.83
3711	1758.745925	166.22
3807	678.2313429	64.1
3143	1220.498992	115.35
3239	1678.437409	158.63
3335	1146.009934	108.31
3431	659.6090783	62.34
3527	749.2287269	70.81
3623	745.5254356	70.46
3719	1278.270336	120.81
3815	1250.019514	118.14
3151	5874.266411	555.18
3247	1794.509138	169.6
3343	869.9560221	82.22
3439	427.7830452	40.43
3535	2383.544066	225.27
3631	1646.800721	155.64
3727	906.9889347	85.72
3823	1028.668505	97.22
3159	644.37268	60.9
3255	2423.116378	229.01
3351	3276.883727	309.7
3447	544.9128574	51.5
3543	1150.348075	108.72
3639	528.0893343	49.91
3735	487.9879803	46.12
3831	1802.233146	170.33
3167	529.1474175	50.01
3263	607.233959	57.39
3359	838.5309505	79.25
3455	1148.76095	108.57
3551	619.6135326	58.56
3647	990.7891256	93.64
3743	446.2995015	42.18
3839	950.2645384	89.81
3847	1803.820271	170.48
3943	2075.324424	196.14
4039	742.4569943	70.17
4135	430.0050199	40.64
4231	840.9645419	79.48
665	922.4369497	87.18
3855	1495.706437	141.36
3951	620.8832325	58.68
4047	4040.396577	381.86
4143	12674.77887	1197.9
4239	1632.622406	154.3
1440	966.6648283	91.36
3863	913.7606673	86.36
3959	1887.620461	178.4
4055	681.7230176	64.43
4151	1205.791636	113.96
4247	543.114116	51.33
2201	1063.479443	100.51
3871	476.7722982	45.06
3967	755.7888428	71.43
4063	2079.027716	196.49
4159	694.8432495	65.67
4255	516.5562272	48.82
2976	1067.288542	100.87
3879	565.3338635	53.43
3975	1298.268109	122.7
4071	3082.090607	291.29
4167	693.4677413	65.54
4263	721.5069466	68.19
3737	1084.217874	102.47
3887	931.8538904	88.07
3983	647.1236963	61.16
4079	1016.183123	96.04
4175	694.4200162	65.63
4271	1043.587478	98.63
3895	1476.237706	139.52
3991	510.4193445	48.24
4087	672.4118852	63.55
4183	689.0237918	65.12
4279	1106.120196	104.54
3903	1163.679924	109.98
3999	1245.469756	117.71
4095	628.0781984	59.36
4191	1704.25464	161.07
4287	722.6708381	68.3
3911	623.9516738	58.97
4007	529.2532258	50.02
4103	651.9908791	61.62
4199	1772.712624	167.54
3919	715.6874889	67.64
4015	663.3123696	62.69
4111	1858.311556	175.63
4207	3176.47163	300.21
3927	728.4902958	68.85
4023	489.5751051	46.27
4119	1653.255029	156.25
4215	5281.210768	499.13
3935	1358.473044	128.39
4031	2626.374165	248.22
4127	2648.276487	250.29
4223	934.1816735	88.29
3080	600.1448014	56.72
3176	1003.909358	94.88
3272	2312.546682	218.56
3368	1732.928695	163.78
3464	1868.469155	176.59
3560	671.2479937	63.44
3656	647.4411213	61.19
3752	754.519143	71.31
3088	913.0200091	86.29
3184	1123.472761	106.18
3280	2146.745042	202.89
3376	610.7256336	57.72
3472	1165.79609	110.18
3568	752.5087849	71.12
3664	1111.728037	105.07
3760	430.0050199	40.64
3096	1258.907413	118.98
3192	855.8835153	80.89
3288	1011.527557	95.6
3384	573.2694877	54.18
3480	885.8272704	83.72
3576	5419.396436	512.19
3672	1022.849047	96.67
3768	1096.703256	103.65
3104	1578.236928	149.16
3200	822.8713189	77.77
3296	2636.214338	249.15
3392	798.0063633	75.42
3488	773.8820659	73.14
3584	533.0623254	50.38
3680	814.1950365	76.95
3776	578.5599038	54.68
3112	1467.032382	138.65
3208	2116.166437	200
3304	1978.721427	187.01
3400	1063.373634	100.5
3496	849.535016	80.29
3592	982.9593098	92.9
3688	642.2565135	60.7
3784	525.1267012	49.63
3120	2754.719659	260.35
3216	1197.115353	113.14
3312	749.9693851	70.88
3408	559.5144058	52.88
3504	646.3830381	61.09
3600	602.6842012	56.96
3696	870.6966804	82.29
3792	1451.690176	137.2
3128	2039.561212	192.76
3224	567.132605	53.6
3320	2536.648708	239.74
3416	1339.956588	126.64
3512	1359.425319	128.48
3608	6503.720118	614.67
3704	1028.774313	97.23
3800	771.9775161	72.96
3136	569.1429631	53.79
3232	514.4400607	48.62
3328	1030.784671	97.42
3424	596.7589351	56.4
3520	734.0981369	69.38
3616	1069.193092	101.05
3712	686.801817	64.91
3808	743.8325025	70.3
3144	1301.019125	122.96
3240	7231.046522	683.41
3336	9970.529783	942.32
3432	747.8532187	70.68
3528	944.233464	89.24
3624	686.3785837	64.87
3720	895.561636	84.64
3816	594.3253437	56.17
3152	833.9811927	78.82
3248	2939.884222	277.85
3344	2000.306324	189.05
3440	884.8749955	83.63
3536	871.5431469	82.37
3632	1542.050482	145.74
3728	1370.111959	129.49
3824	506.9276699	47.91
3160	4022.409163	380.16
3256	1044.857178	98.75
3352	2839.1547	268.33
3448	1497.822604	141.56
3544	953.6504047	90.13
3640	3616.316824	341.78
3736	556.2343479	52.57
3832	828.2675433	78.28
3168	621.7296991	58.76
3264	787.5313394	74.43
3360	1195.104995	112.95
3456	3854.914589	364.33
3552	616.2276663	58.24
3648	789.3300809	74.6
3744	612.1011418	57.85
3840	668.6027857	63.19
4232	523.1163431	49.44
761	1361.118252	128.64
3856	800.0167214	75.61
3952	542.3734577	51.26
4048	711.2435394	67.22
4144	1436.771202	135.79
4240	318.8004737	30.13
1536	664.1588361	62.77
3864	1554.747481	146.94
3960	3436.86591	324.82
4056	1102.416905	104.19
4152	2010.463923	190.01
4248	985.9219428	93.18
2297	1466.820766	138.63
3872	912.0677342	86.2
3968	1255.204122	118.63
4064	4282.380209	404.73
4160	545.8651323	51.59
4256	476.6664899	45.05
3072	737.3781948	69.69
3880	965.8183617	91.28
3976	1112.997737	105.19
4072	868.1572806	82.05
4168	953.0155547	90.07
4264	711.8783893	67.28
3833	1676.744476	158.47
3888	591.0452858	55.86
3984	4951.512037	467.97
4080	1658.651253	156.76
4176	506.8218616	47.9
4272	872.7070385	82.48
3896	754.7307596	71.33
3992	976.2933855	92.27
4088	1229.281083	116.18
4184	897.4661858	84.82
4280	1780.754056	168.3
3904	998.6189414	94.38
4000	581.9457701	55
4096	1146.962209	108.4
4192	672.7293102	63.58
4288	814.9356947	77.02
3912	653.260579	61.74
4008	511.0541944	48.3
4104	1103.051755	104.25
4200	663.9472195	62.75
3920	1127.176052	106.53
4016	1243.776823	117.55
4112	6217.614416	587.63
4208	989.6252341	93.53
3928	788.6952309	74.54
4024	475.8200233	44.97
4120	622.7877823	58.86
4216	795.7843885	75.21
3936	2936.498356	277.53
4032	895.4558277	84.63
4128	592.3149856	55.98
4224	2399.309506	226.76
G1 Field3:A1:1	809.3278537	76.49
G1 Field3:A1:3	915.2419838	86.5
G2 Field3:A24:1	1399.949906	132.31
G2 Field3:A24:3	1625.639057	153.64
G2 Field3:P1:1	1586.489978	149.94
G2 Field3:P1:3	1701.926857	160.85
G1 Field3:P24:1	885.1924204	83.66
G1 Field3:P24:3	748.276452	70.72
