1	10.8136	1799.73
2	10.6646	1623.15
3	11.1635	2293.76
4	8.1823	290.48
5	8.3579	328.07
6	5.9470	61.69
7	11.0512	2121.97
8	8.4013	338.10
9	7.6614	202.45
10	8.3842	334.11
11	7.2102	148.08
12	9.1072	551.51
14	7.7051	208.68
15	8.8336	456.23
17	7.3616	164.46
18	9.8544	925.68
19	10.0514	1061.14
20	9.1782	579.32
21	9.8716	936.81
24	9.3565	655.53
25	12.0107	4126.37
26	10.8457	1840.30
27	7.3317	161.09
28	7.0073	128.65
29	6.8753	117.40
31	7.2077	147.82
36	5.3533	40.88
37	6.1520	71.11
38	8.5085	364.17
39	8.3192	319.39
40	9.3907	671.23
41	8.5856	384.18
42	9.8632	931.37
43	9.2242	598.08
44	7.7919	221.61
45	7.9809	252.64
46	7.9831	253.01
47	7.8579	231.98
48	7.0197	129.76
51	7.6326	198.44
52	8.0085	257.51
53	8.6914	413.39
54	7.4524	175.15
55	6.9495	123.60
56	9.2631	614.43
57	10.8341	1825.58
58	10.6550	1612.42
59	6.9634	124.79
61	8.7970	444.80
62	8.6153	392.17
63	9.2148	594.18
64	9.2542	610.66
65	9.1033	549.99
66	9.3981	674.71
67	8.0290	261.20
71	8.1463	283.33
72	9.6058	779.15
73	9.8794	941.87
74	10.3785	1331.23
75	10.2455	1213.99
76	10.5080	1456.25
77	9.5055	726.86
79	8.1018	274.72
82	9.4873	717.73
83	6.1813	72.57
86	8.3529	326.95
88	6.8292	113.71
90	10.0430	1054.96
93	6.4548	87.72
94	10.6832	1644.29
95	8.8681	467.28
96	11.1036	2200.45
97	9.1234	557.73
98	8.4315	345.25
100	9.0313	523.23
102	7.6523	201.18
103	9.2423	605.65
104	7.0166	129.48
106	6.5455	93.41
108	7.6098	195.34
109	7.8996	238.79
111	7.9613	249.22
112	10.3835	1335.82
113	11.1339	2247.18
114	7.9128	240.99
116	9.4390	694.12
117	7.7512	215.45
118	7.1977	146.80
119	6.6328	99.24
120	9.2816	622.36
121	8.0004	256.07
122	8.9962	510.67
123	7.5109	182.39
124	7.8162	225.38
126	7.9634	249.58
127	7.7930	221.78
128	6.9606	124.55
129	6.9769	125.97
130	8.8629	465.58
131	8.4245	343.58
132	9.5340	741.34
133	11.3803	2665.73
134	10.3167	1275.36
135	10.5008	1448.97
136	7.6745	204.29
137	9.5954	773.58
138	8.3568	327.83
139	9.2001	588.19
140	10.3728	1325.93
141	10.3400	1296.10
142	9.2887	625.41
143	8.5421	372.75
144	8.1596	285.94
145	8.9480	493.88
146	8.4157	341.50
147	8.3736	331.67
148	7.4584	175.88
150	8.3497	326.23
151	8.5109	364.78
152	6.7840	110.20
153	9.1533	569.40
154	7.9256	243.14
155	8.8317	455.62
156	11.7457	3434.11
157	9.0180	518.43
158	9.9622	997.51
159	9.3212	639.67
160	7.4546	175.41
161	7.9360	244.89
162	8.5590	377.14
163	8.9745	503.03
164	8.0790	270.41
166	7.8228	226.41
167	7.0491	132.43
168	7.9670	250.21
169	8.0596	266.79
170	9.3038	632.00
171	8.2410	302.54
172	9.8364	914.22
173	9.2928	627.21
174	6.9915	127.25
175	7.4345	172.99
177	7.4157	170.74
178	6.5154	91.48
180	8.1380	281.69
181	8.8534	462.54
182	8.1199	278.18
183	10.6461	1602.44
185	8.7985	445.27
186	8.2547	305.44
187	7.3409	162.12
188	7.2522	152.45
189	7.2170	148.78
190	8.0301	261.40
191	6.8146	112.56
192	6.7119	104.83
193	7.1749	144.50
194	7.5340	185.34
195	7.7011	208.09
197	7.9276	243.47
198	6.8570	115.92
200	6.4971	90.33
201	7.5257	184.27
202	6.5081	91.02
203	7.5166	183.11
205	7.3987	168.74
206	7.9299	243.85
207	7.0303	130.72
209	10.6048	1557.23
212	7.1244	139.53
213	7.7350	213.04
214	7.6533	201.32
215	8.1111	276.50
216	7.8134	224.94
219	8.0935	273.15
220	8.3024	315.69
221	7.9761	251.79
222	7.4862	179.30
223	7.4437	174.09
224	6.9827	126.47
226	7.5985	193.81
227	8.2189	297.94
228	8.7411	427.90
232	7.8809	235.71
234	8.2361	301.51
236	7.0797	135.27
237	6.6699	101.82
238	7.4607	176.16
239	7.0972	136.92
240	8.1190	278.01
241	8.8224	452.71
243	7.0420	131.78
244	7.1231	139.40
245	6.6171	98.16
246	8.3656	329.84
247	7.3479	162.91
248	6.7424	107.07
249	7.3045	158.08
251	7.9821	252.85
252	6.3345	80.70
253	7.0433	131.90
254	6.7601	108.39
255	6.5398	93.04
258	9.2858	624.17
259	10.8037	1787.42
260	7.3467	162.77
261	7.9198	242.15
262	5.7923	55.42
264	6.5251	92.10
265	8.0586	266.62
268	7.1663	143.64
269	7.1217	139.27
270	8.6321	396.74
271	8.4459	348.71
272	8.3667	330.09
273	7.2695	154.29
276	6.1892	72.97
277	6.7661	108.84
278	7.4320	172.68
281	6.9053	119.87
282	6.7740	109.44
283	7.0983	137.03
285	7.4294	172.37
287	7.1142	138.54
288	7.4112	170.21
290	7.5916	192.89
291	8.1441	282.89
292	7.3663	165.00
293	6.6283	98.93
294	8.6540	402.81
295	8.5096	364.46
296	9.2653	615.38
297	8.0886	272.21
298	9.6975	830.29
299	8.5842	383.80
300	7.8542	231.40
301	8.1559	285.21
304	8.8301	455.13
305	7.9461	246.62
306	6.1208	69.59
307	6.0947	68.34
308	7.9097	240.46
309	10.8969	1906.78
310	9.1878	583.19
311	7.5523	187.70
312	9.2067	590.86
313	7.9909	254.39
314	9.0021	512.75
316	9.2171	595.14
317	8.7631	434.47
318	8.0116	258.07
319	7.9874	253.78
320	10.0745	1078.30
321	9.5752	762.83
322	8.7152	420.27
323	8.1168	277.58
324	9.5391	743.99
325	6.5379	92.92
326	8.6350	397.55
327	10.4285	1378.16
328	10.7024	1666.28
329	11.5512	3000.90
330	6.4045	84.71
331	11.6871	3297.26
332	12.3240	5127.50
333	9.9317	976.65
334	7.9623	249.39
335	7.9568	248.44
336	8.5750	381.37
337	7.5699	190.01
338	8.0097	257.73
339	7.4849	179.13
340	6.3441	81.24
342	7.8207	226.08
343	8.3385	323.70
344	10.1033	1100.00
345	8.3228	320.20
346	7.0823	135.51
347	8.7598	433.47
350	8.8874	473.55
353	8.3882	335.04
354	9.0001	512.03
355	9.7856	882.56
356	9.2362	603.08
358	11.9742	4023.50
359	8.2322	300.70
360	7.3444	162.51
361	7.7212	211.01
362	7.1938	146.40
363	6.8642	116.50
364	8.6430	399.75
365	8.1220	278.59
366	7.6337	198.60
367	9.7114	838.36
368	9.6565	807.06
369	8.5300	369.65
370	8.9663	500.17
371	8.1503	284.11
372	8.7072	417.94
373	8.0754	269.74
374	9.2101	592.28
375	8.9628	498.98
376	8.0520	265.40
378	7.2408	151.25
379	8.1043	275.19
380	6.8512	115.46
381	6.9165	120.80
383	9.1444	565.90
384	6.1424	70.64
387	6.1761	72.31
389	6.4714	88.73
390	7.3591	164.18
391	8.0708	268.88
392	6.4234	85.83
394	6.8450	114.96
396	9.2286	599.91
397	9.7356	852.53
398	8.2128	296.69
399	7.0961	136.82
400	9.8333	912.24
401	8.3309	321.99
402	7.5129	182.64
405	8.0897	272.43
406	7.4828	178.87
407	8.4327	345.54
410	7.8926	237.64
411	7.8901	237.22
413	7.7310	212.45
414	8.0688	268.51
415	8.3008	315.34
417	8.3159	318.67
418	7.4963	180.56
419	7.1571	142.73
422	8.6262	395.14
423	11.1200	2225.65
424	7.8186	225.75
425	6.6737	102.09
426	6.6615	101.23
427	7.1801	145.02
428	8.1934	292.72
429	8.9132	482.11
430	9.4261	687.93
431	7.4774	178.20
432	6.3705	82.74
433	7.3031	157.92
434	9.6408	798.29
435	8.5464	373.87
436	7.8984	238.59
438	7.5069	181.89
439	8.2141	296.96
440	7.1410	141.14
442	6.7556	108.05
443	6.8556	115.81
445	6.5540	93.96
446	7.0209	129.87
447	7.8855	236.47
448	9.1639	573.61
449	8.8978	477.00
450	9.0796	541.06
451	8.5603	377.49
452	8.7253	423.24
453	7.4818	178.75
454	8.7343	425.89
455	8.9860	507.06
456	7.5892	192.56
457	8.4920	360.04
458	8.6140	391.81
459	7.6549	201.54
460	8.5374	371.54
461	8.5218	367.54
462	8.5950	386.69
463	7.5951	193.35
464	7.2932	156.85
465	7.7785	219.56
468	6.1318	70.12
469	6.4366	86.62
470	7.8272	227.10
471	6.2931	78.42
472	7.7772	219.36
473	8.2016	294.39
474	7.8554	231.59
475	9.0779	540.39
476	7.2850	155.96
477	7.8938	237.83
479	9.3890	670.44
480	8.7088	418.42
481	7.6188	196.55
482	7.5973	193.65
483	8.2268	299.58
484	7.3570	163.94
485	8.3047	316.20
486	8.2947	314.02
487	9.6748	817.33
488	9.0122	516.35
489	7.2249	149.59
490	7.2297	150.09
491	5.9115	60.19
492	6.3257	80.21
494	7.4091	169.96
495	7.4247	171.81
496	7.5625	189.04
497	10.9700	2005.82
499	6.7053	104.35
500	9.0555	532.08
501	9.9703	1003.12
502	10.0818	1083.77
503	8.4274	344.27
504	8.1668	287.38
505	8.7056	417.48
506	8.4812	357.35
507	8.6229	394.22
508	7.1285	139.92
509	9.0838	542.62
511	8.6011	388.33
512	7.9236	242.80
513	10.4783	1426.52
514	9.8756	939.39
517	7.5759	190.80
518	6.6067	97.46
519	7.2647	153.78
522	5.8148	56.29
524	6.8673	116.75
525	6.3764	83.08
526	9.3411	648.58
527	8.7005	416.02
528	6.0126	64.56
529	9.5815	766.17
530	9.5474	748.24
531	9.2084	591.58
532	7.1128	138.41
533	6.4148	85.32
536	6.0177	64.79
537	7.6030	194.42
538	11.9483	3951.77
540	9.9980	1022.58
541	9.2834	623.15
542	11.0403	2106.03
543	11.3988	2700.04
544	11.0087	2060.34
545	8.1232	278.82
547	9.0538	531.46
548	8.5814	383.06
549	8.3333	322.53
550	9.6878	824.74
551	8.5784	382.26
552	9.3308	643.93
553	9.8471	921.03
554	10.2774	1241.06
555	11.4797	2855.81
556	11.2473	2431.00
557	10.6209	1574.74
558	10.2245	1196.45
559	7.8281	227.25
560	9.6595	808.73
561	10.7227	1689.88
564	8.3711	331.09
565	8.9114	481.50
566	8.1325	280.63
567	7.7645	217.45
568	7.3953	168.35
569	6.5200	91.77
570	6.4947	90.18
571	9.8072	895.90
572	6.9581	124.34
573	7.0223	129.99
574	6.7645	108.72
575	8.2862	312.17
576	7.9370	245.06
577	8.8910	474.73
578	8.2727	309.26
579	7.8657	233.25
580	7.7613	216.96
581	10.3285	1285.85
582	10.7617	1736.16
583	10.4017	1352.80
584	10.2199	1192.59
585	8.3098	317.33
586	7.4410	173.77
587	7.9723	251.13
588	8.6213	393.79
589	7.6143	195.95
590	7.1531	142.33
591	7.1961	146.64
592	7.4808	178.63
593	8.2220	298.59
594	8.1089	276.07
595	7.9519	247.61
596	7.9341	244.57
597	7.0579	133.24
599	8.9381	490.51
600	8.2620	306.98
601	9.5003	724.25
602	8.5680	379.50
603	7.5083	182.07
604	8.1336	280.84
605	8.2682	308.30
606	10.8541	1851.07
607	8.5706	380.20
608	7.1826	145.27
609	8.6928	413.80
610	8.4769	356.29
611	8.9066	479.90
613	6.4639	88.27
614	7.6997	207.90
615	7.6775	204.72
616	8.1743	288.88
617	9.3336	645.18
618	8.4864	358.65
619	9.0142	517.08
620	7.3750	166.00
621	6.5800	95.67
623	6.9887	127.00
624	8.3297	321.72
625	7.7681	217.98
626	10.2989	1259.73
627	9.0504	530.22
628	7.6873	206.11
629	7.6941	207.09
630	7.0761	134.93
632	7.5091	182.17
633	8.2778	310.36
634	6.6469	100.21
635	8.1956	293.17
636	8.6180	392.90
637	7.8051	223.65
639	9.6091	780.96
640	8.3515	326.63
641	6.6889	103.17
642	6.3470	81.40
643	7.9074	240.09
644	7.1463	141.66
645	7.3018	157.78
646	6.9293	121.88
647	9.4494	699.10
648	9.1738	577.54
649	8.4061	339.23
650	8.2055	295.19
651	7.4874	179.44
652	8.1980	293.65
653	8.9682	500.85
654	6.2830	77.87
655	7.0682	134.20
657	7.8454	229.99
658	7.4559	175.57
659	7.0868	135.94
660	7.3943	168.23
661	6.7786	109.79
662	9.3437	649.73
664	9.8045	894.23
665	7.9006	238.96
666	10.6129	1566.02
667	6.6267	98.82
668	7.6625	202.60
669	8.0659	267.96
670	9.5366	742.70
671	6.3600	82.14
673	7.6704	203.71
675	8.1390	281.89
676	8.4677	354.02
677	8.3701	330.86
678	10.4868	1434.95
679	7.7341	212.91
680	10.5975	1549.42
681	13.5831	12272.08
682	6.7204	105.45
683	8.2422	302.80
684	7.0237	130.12
685	7.4039	169.35
686	8.7682	436.00
687	8.4607	352.31
688	7.7580	216.46
689	8.6834	411.11
690	9.3286	642.97
691	9.0462	528.65
693	8.4216	342.90
694	11.3057	2531.45
695	9.4284	689.03
696	9.9276	973.91
697	9.9858	1013.97
698	10.0954	1094.04
699	10.3520	1307.00
700	7.4221	171.51
703	7.2991	157.49
704	7.0137	129.22
706	6.7319	106.29
707	7.3286	160.74
708	7.8039	223.46
709	7.5677	189.71
710	7.9218	242.49
711	9.5088	728.52
712	8.6471	400.91
713	8.4937	360.46
714	8.2348	301.25
715	8.6279	395.60
716	7.1449	141.52
717	8.6848	411.52
718	8.6866	412.03
719	9.6461	801.22
720	8.1572	285.48
721	8.4434	348.11
723	7.6396	199.41
724	8.0254	260.54
725	8.0159	258.83
726	8.8856	472.97
727	7.9936	254.87
728	9.1212	556.86
729	8.1489	283.83
730	9.9093	961.63
732	7.0841	135.68
735	7.5433	186.54
736	5.9898	63.55
737	6.6509	100.49
738	7.3509	163.24
739	6.8737	117.27
740	7.8026	223.26
741	7.3331	161.24
742	7.6120	195.63
743	7.2584	153.11
744	7.6581	201.99
746	6.6665	101.58
747	6.6961	103.69
748	6.9738	125.70
749	6.4586	87.95
752	8.0440	263.92
754	10.2010	1177.07
755	8.3485	325.95
756	5.2690	38.56
757	8.2466	303.72
762	6.6124	97.84
763	6.9971	127.74
765	9.9050	958.72
766	6.8178	112.81
767	7.0656	133.95
768	7.4268	172.06
769	6.5862	96.08
772	8.1401	282.11
773	9.2752	619.60
774	9.2042	589.83
775	10.1348	1124.27
778	10.1702	1152.22
779	7.6313	198.27
780	7.4168	170.87
781	8.9610	498.34
782	8.1845	290.92
783	11.8862	3785.20
784	7.2395	151.11
785	7.1368	140.73
786	9.2728	618.57
787	9.1010	549.13
788	8.0231	260.14
789	8.7237	422.75
790	11.5063	2908.92
791	11.0882	2177.14
792	6.7525	107.82
793	8.9594	497.80
794	8.0127	258.27
795	6.9124	120.46
796	7.7909	221.46
797	8.4353	346.15
798	9.0199	519.12
800	7.6593	202.15
802	6.7221	105.57
804	6.7999	111.42
805	6.9541	123.99
806	7.2284	149.96
808	6.7969	111.19
809	7.0181	129.62
811	8.6025	388.69
813	10.1294	1120.07
814	10.4079	1358.56
815	10.6732	1632.88
816	7.7988	222.68
817	8.2670	308.04
818	7.7942	221.96
819	7.5798	191.32
820	8.9462	493.26
822	10.0249	1041.82
823	8.8995	477.54
824	7.8260	226.91
825	8.1621	286.44
826	8.3869	334.73
827	6.8763	117.48
828	8.1908	292.19
829	7.8290	227.39
830	7.7371	213.36
831	8.4026	338.40
832	8.7487	430.14
833	7.7331	212.76
834	8.6990	415.58
835	9.7080	836.36
836	8.8699	467.85
837	8.8784	470.63
838	8.7868	441.67
839	8.4839	358.02
840	9.8220	905.16
841	9.9210	969.46
842	8.8800	471.13
843	8.1415	282.38
844	8.0361	262.49
845	8.5341	370.70
846	7.1878	145.80
847	8.7268	423.67
851	7.8532	231.23
855	9.4696	708.98
856	9.6660	812.37
857	6.8585	116.04
859	6.5515	93.80
860	9.9655	999.77
861	10.2097	1184.18
862	9.1828	581.18
863	8.0397	263.15
864	7.3975	168.61
865	7.8679	233.60
866	6.3568	81.96
867	7.4474	174.54
868	6.6250	98.70
869	10.0339	1048.34
870	8.1967	293.39
871	7.6088	195.20
872	8.2398	302.29
873	8.8383	457.71
874	8.0868	271.88
876	8.4562	351.21
877	8.6673	406.55
878	9.0041	513.47
880	7.0641	133.82
881	6.8211	113.07
882	9.1317	560.94
883	9.2795	621.46
884	7.9797	252.42
887	9.7537	863.28
889	8.2594	306.42
890	8.1257	279.30
891	7.7394	213.69
892	8.5664	379.09
893	9.1148	554.40
894	9.9173	966.94
895	7.8915	237.45
896	7.9486	247.04
897	8.2931	313.68
898	7.0264	130.36
899	8.2198	298.13
900	7.4687	177.14
904	6.3219	80.00
905	8.0858	271.69
906	7.6726	204.02
907	9.8594	928.92
908	9.0298	522.68
910	9.7672	871.42
911	8.7616	434.00
912	7.3738	165.86
913	8.2995	315.06
915	9.3359	646.24
916	8.4634	352.96
917	8.9289	487.39
918	8.4892	359.33
919	9.0736	538.81
920	8.3217	319.96
921	10.3041	1264.27
922	8.5359	371.17
923	8.2558	305.66
924	7.7955	222.17
925	7.3897	167.70
927	9.9550	992.53
928	10.4157	1365.94
929	9.7438	857.41
930	9.0160	517.72
931	9.0601	533.77
932	8.7578	432.88
933	9.5115	729.85
934	6.7188	105.33
935	8.3125	317.91
936	8.4130	340.86
937	8.5648	378.67
938	9.7649	870.03
939	9.8909	949.39
940	8.1157	277.38
941	8.7466	429.54
942	8.2532	305.11
943	8.8753	469.60
944	8.5736	380.99
945	8.3398	323.98
947	8.8457	460.07
948	9.6201	786.91
949	7.9771	251.97
950	7.6279	197.80
951	7.4984	180.82
952	7.0881	136.06
954	7.5385	185.92
955	8.6771	409.31
956	7.5475	187.08
957	9.9888	1016.11
958	9.4520	700.40
959	9.4471	698.03
960	9.5669	758.44
961	9.4004	675.77
962	7.2960	157.15
963	8.6446	400.21
964	8.1452	283.10
965	8.7738	437.69
966	8.5205	367.23
971	7.4752	177.93
972	6.8600	116.16
973	6.8658	116.63
976	7.1009	137.27
977	7.4701	177.31
978	8.1429	282.65
979	7.7715	218.50
980	10.7942	1775.70
981	8.3723	331.36
982	7.6787	204.89
984	7.4196	171.21
985	8.3963	336.92
986	8.7393	427.36
994	7.1177	138.88
999	8.6335	397.14
1000	7.3605	164.33
1001	6.8431	114.81
1002	5.6490	50.18
1003	9.4447	696.86
1004	8.8890	474.08
1005	7.4488	174.71
1006	6.8367	114.30
1007	7.3396	161.97
1008	7.2815	155.58
1009	6.6648	101.46
1010	7.9550	248.13
1011	7.7152	210.14
1013	6.6631	101.34
1014	8.0779	270.21
1015	7.9660	250.03
1017	7.5399	186.10
1018	8.9403	491.23
1019	7.4257	171.93
1020	8.6165	392.50
1021	8.3285	321.46
1022	6.9713	125.48
1023	7.2672	154.04
1024	5.9286	60.91
1026	7.2064	147.69
1027	6.3192	79.85
1031	7.2740	154.77
1032	7.0279	130.50
1033	7.6836	205.58
1034	7.6219	196.98
1035	6.9855	126.72
1036	6.4919	90.00
1038	7.6928	206.90
1039	7.5824	191.66
1040	6.5899	96.33
1042	6.4211	85.69
1043	5.7293	53.05
1044	8.2813	311.12
1045	8.5557	376.30
1046	9.4748	711.54
1047	10.8865	1892.99
1048	8.4475	349.11
1049	6.4994	90.47
1050	8.8120	449.46
1053	8.4088	339.87
1054	8.2704	308.77
1055	6.9443	123.15
1056	8.3762	332.27
1057	9.7504	861.31
1059	6.6190	98.29
1060	7.8384	228.88
1061	7.4280	172.21
1062	8.5802	382.73
1063	7.2495	152.17
1064	7.5651	189.37
1065	6.8249	113.37
1066	6.1039	68.78
1067	7.6671	203.25
1068	8.1243	279.04
1069	8.0731	269.30
1070	7.9784	252.20
1071	9.2198	596.27
1072	8.7360	426.38
1074	9.2262	598.91
1075	5.9688	62.63
1076	8.4727	355.25
1077	8.7105	418.92
1078	7.1637	143.38
1080	7.6108	195.47
1081	7.2508	152.30
1082	8.1514	284.33
1083	8.0047	256.84
1084	7.5635	189.17
1087	6.9067	119.98
1088	6.8945	118.97
1090	9.4598	704.17
1091	9.5726	761.45
1093	10.2409	1210.10
1094	6.9672	125.12
1095	6.3679	82.59
1096	5.5540	46.98
1098	7.3627	164.59
1099	7.6813	205.26
1101	8.5179	366.55
1102	7.7762	219.21
1103	11.9183	3870.45
1104	12.5470	5984.27
1106	6.4446	87.10
1107	6.5495	93.67
1108	7.1022	137.40
1109	7.1650	143.51
1110	7.8889	237.03
1111	6.5916	96.44
1112	7.1358	140.63
1114	6.8704	117.00
1115	6.5935	96.57
1116	7.5243	184.10
1117	6.2690	77.12
1119	6.3038	79.00
1120	6.9254	121.55
1121	7.6231	197.15
1122	8.1054	275.41
1123	8.7666	435.53
1125	7.3110	158.79
1127	8.3775	332.56
1128	7.2597	153.25
1129	6.8689	116.88
1130	7.5687	189.85
1131	6.3997	84.43
1132	6.3792	83.24
1133	8.1349	281.09
1134	8.3804	333.23
1135	8.2104	296.19
1136	8.3974	337.19
1137	7.2921	156.73
1138	8.1703	288.07
1139	8.6248	394.75
1140	8.9879	507.73
1141	9.0683	536.84
1142	8.1146	277.17
1143	6.2424	75.71
1144	6.1701	72.01
1146	6.5743	95.29
1147	6.8230	113.22
1148	7.0541	132.89
1149	7.7819	220.08
1150	7.8302	227.57
1151	7.0477	132.30
1152	6.4418	86.93
1154	9.0971	547.65
1155	8.0278	260.98
1156	8.1065	275.61
1157	8.5828	383.43
1158	8.9049	479.34
1159	6.4786	89.18
1161	7.5878	192.38
1162	6.6868	103.02
1163	7.7124	209.73
1164	9.7596	866.80
1166	8.9841	506.39
1167	6.5174	91.61
1168	6.8072	111.99
1169	7.5222	183.83
1170	6.4617	88.14
1172	5.4039	42.34
1173	7.0555	133.02
1174	7.9066	239.95
1176	6.4474	87.27
1177	7.5485	187.21
1178	8.1134	276.94
1179	8.0949	273.41
1180	7.9265	243.28
1181	6.4313	86.30
1182	11.2872	2499.11
1183	9.7622	868.39
1184	8.1357	281.25
1185	8.6557	403.30
1186	8.6644	405.74
1187	7.4634	176.49
1188	7.2576	153.02
1190	8.7376	426.84
1191	10.5456	1494.65
1192	6.1967	73.35
1193	6.1926	73.14
1195	7.8877	236.83
1197	7.2886	156.35
1198	6.7370	106.67
1199	8.0801	270.61
1200	8.9341	489.14
1201	7.8427	229.55
1202	8.0420	263.57
1203	8.3112	317.64
1204	7.7201	210.85
1205	6.9335	122.23
1206	7.9474	246.84
1208	7.2347	150.61
1209	5.1318	35.06
1210	9.5146	731.42
1211	8.0923	272.92
1212	9.7411	855.81
1213	7.8635	232.89
1214	7.3431	162.36
1215	7.1700	144.01
1216	10.5614	1511.13
1217	8.7023	416.55
1218	8.4826	357.70
1219	8.2515	304.75
1220	7.5593	188.61
1221	8.9444	492.64
1222	7.7832	220.28
1223	7.4996	180.97
1224	10.0601	1067.59
1225	7.7568	216.29
1226	9.5230	735.71
1227	7.2263	149.74
1228	8.4995	361.92
1229	7.5006	181.10
1230	6.3916	83.96
1231	11.2078	2365.33
1232	9.2562	611.49
1233	7.3455	162.64
1234	9.8835	944.54
1235	9.3162	637.48
1236	8.0243	260.34
1237	6.9113	120.37
1238	6.8034	111.69
1240	7.4062	169.62
1242	7.1489	141.92
1243	8.9081	480.40
1244	11.2651	2461.06
1245	9.8129	899.45
1246	8.1871	291.44
1247	8.6054	389.47
1248	9.4672	707.81
1249	9.5645	757.21
1250	9.1698	575.97
1251	9.0715	538.02
1252	9.0522	530.86
1253	7.4424	173.93
1254	6.3940	84.10
1256	7.4377	173.37
1257	7.5749	190.66
1258	7.9288	243.67
1259	7.2435	151.53
1260	7.1378	140.83
1262	7.9898	254.20
1263	9.0421	527.17
1264	7.9327	244.34
1265	8.3896	335.36
1266	9.1565	570.65
1267	8.5869	384.52
1268	8.4076	339.57
1269	9.7779	877.88
1270	6.2898	78.24
1271	10.3451	1300.76
1272	9.4417	695.42
1274	7.3298	160.88
1275	7.6415	199.68
1276	9.7741	875.61
1277	9.6177	785.64
1278	9.3541	654.42
1279	8.8057	447.49
1280	8.4233	343.29
1281	7.2447	151.66
1282	7.5856	192.09
1283	7.7499	215.26
1284	7.8820	235.89
1285	7.2197	149.06
1286	7.1166	138.77
1287	8.3817	333.53
1289	6.9984	127.86
1291	7.4050	169.48
1292	8.0743	269.53
1293	7.2481	152.02
1294	7.0615	133.57
1295	7.1812	145.13
1297	7.3558	163.80
1298	6.9009	119.50
1299	7.5532	187.82
1300	7.6073	195.00
1301	10.3965	1347.87
1302	7.0748	134.81
1303	8.1644	286.90
1304	8.9032	478.78
1305	10.3342	1290.93
1306	7.7138	209.94
1307	8.7650	435.03
1308	8.8172	451.08
1309	6.4687	88.57
1310	7.9177	241.80
1311	7.1585	142.86
1314	9.4548	701.75
1315	10.1393	1127.82
1316	9.6024	777.34
1317	10.7846	1763.90
1318	11.4170	2734.36
1319	10.7527	1725.43
1320	7.2980	157.37
1322	8.2824	311.36
1323	7.7361	213.20
1324	7.1762	144.63
1325	6.1655	71.78
1326	8.4407	347.47
1328	6.7257	105.84
1329	7.3809	166.68
1330	6.1847	72.74
1331	6.0241	65.08
1332	6.4179	85.50
1333	6.6528	100.62
1334	7.6954	207.27
1335	7.5363	185.63
1336	8.3372	323.40
1337	8.3790	332.91
1338	6.8847	118.17
1339	9.8947	951.91
1340	10.6293	1583.90
1341	7.8012	223.05
1342	8.0349	262.27
1343	7.1101	138.15
1344	10.9076	1921.01
1345	9.9402	982.45
1346	8.3620	329.02
1347	7.3762	166.13
1348	8.2386	302.05
1349	8.9824	505.78
1350	5.9203	60.56
1351	8.3271	321.15
1352	8.8942	475.79
1353	7.0910	136.33
1354	7.4678	177.02
1355	6.8328	113.99
1356	7.5424	186.42
1357	9.3817	667.07
1358	8.0679	268.34
1359	7.7098	209.36
1361	8.2257	299.36
1362	9.1762	578.50
1363	8.4421	347.79
1364	8.9723	502.25
1365	8.3908	335.64
1366	8.1716	288.34
1367	10.1450	1132.23
1368	9.7381	854.01
1369	8.4646	353.27
1370	7.9702	250.76
1371	9.2339	602.13
1372	7.3581	164.06
1373	7.7669	217.80
1374	8.7561	432.37
1375	8.2492	304.27
1376	9.7190	842.76
1377	10.1499	1136.09
1378	9.1191	556.05
1379	8.4904	359.65
1381	8.8106	449.02
1382	8.0997	274.31
1383	6.6907	103.30
1385	8.6880	412.43
1386	7.8972	238.39
1387	8.4116	340.53
1388	8.2802	310.87
1389	5.8723	58.58
1390	6.2615	76.72
1391	7.3883	167.53
1393	6.7936	110.94
1395	5.5814	47.88
1396	6.2583	76.55
1397	7.5511	187.55
1398	6.5035	90.73
1399	6.9660	125.02
1401	8.0836	271.28
1402	9.3139	636.43
1404	7.4028	169.23
1405	10.0054	1027.83
1406	10.2827	1245.66
1408	6.3007	78.83
1409	6.0531	66.40
1410	8.3633	329.31
1411	8.0137	258.45
1412	5.9523	61.92
1413	9.0081	514.89
1414	7.5868	192.25
1415	7.9841	253.20
1416	9.2020	588.95
1417	8.2090	295.90
1418	8.4853	358.36
1419	8.5477	374.22
1420	9.9362	979.70
1421	7.9316	244.15
1423	7.8111	224.59
1424	5.7597	54.18
1427	9.6434	799.73
1428	7.7403	213.83
1429	7.9040	239.52
1430	8.1535	284.73
1431	7.8337	228.13
1432	7.9539	247.95
1433	6.0783	67.57
1435	6.6087	97.59
1438	7.5278	184.54
1439	6.5272	92.23
1440	7.3265	160.51
1442	6.6758	102.24
1444	6.9363	122.47
1445	8.4755	355.95
1446	8.5024	362.64
1447	7.5736	190.50
1448	7.6166	196.26
1450	7.6374	199.11
1451	8.5252	368.42
1452	8.5037	362.98
1453	9.5783	764.44
1454	7.8349	228.32
1455	8.3471	325.63
1456	8.5233	367.94
1457	7.7488	215.09
1458	7.2374	150.89
1459	7.7728	218.70
1462	9.4902	719.17
1463	9.5252	736.83
1465	8.2919	313.41
1466	8.2280	299.83
1467	7.4536	175.29
1472	6.4735	88.86
1473	7.3384	161.84
1475	7.5232	183.96
1476	9.3466	651.06
1477	7.4208	171.35
1478	7.1423	141.27
1479	8.4392	347.11
1480	7.4356	173.12
1481	7.6903	206.55
1482	9.0333	523.96
1483	9.5452	747.12
1484	9.4360	692.67
1485	9.3659	659.82
1486	8.9937	509.78
1487	8.9804	505.08
1488	9.5992	775.62
1489	7.4884	179.57
1494	9.1721	576.86
1495	9.5617	755.73
1496	9.1900	584.07
1497	9.7707	873.50
1498	9.4049	677.87
1499	9.7915	886.21
1500	11.4358	2770.19
1501	6.7017	104.09
1502	6.5334	92.63
1504	6.1564	71.33
1505	6.0466	66.10
1506	6.4896	89.86
1507	6.1258	69.83
1509	6.9193	121.04
1512	6.9152	120.69
1516	6.2230	74.70
1519	7.1893	145.95
1521	8.3856	334.43
1522	8.4952	360.83
1523	7.3130	159.01
1526	6.8795	117.74
1527	7.1272	139.80
1529	7.1502	142.04
1530	7.0097	128.86
1531	6.3315	80.53
1532	7.2384	151.00
1533	8.6083	390.25
1534	8.9255	486.23
1536	8.3241	320.49
1538	9.9135	964.41
1539	10.5542	1503.55
1540	12.7042	6673.42
1542	7.6883	206.26
1543	6.5475	93.54
1544	7.7417	214.04
1545	7.7856	220.64
1546	8.9236	485.59
1547	9.3683	660.91
1551	9.1948	586.03
1552	8.7820	440.20
1553	6.7287	106.06
1554	4.6194	24.58
1555	6.0407	65.83
1556	7.8786	235.34
1557	6.9141	120.60
1559	6.6045	97.31
1561	7.9029	239.33
1562	7.2013	147.17
1563	8.4202	342.55
1565	6.8629	116.40
1568	9.7051	834.72
1569	8.0374	262.72
1570	8.1694	287.89
1571	8.0848	271.49
1572	7.8197	225.92
1573	6.5633	94.57
1574	7.9921	254.61
1575	6.9352	122.38
1577	7.7521	215.59
1578	7.8752	234.78
1579	6.2512	76.17
1580	6.0061	64.27
1581	6.7692	109.08
1582	7.9392	245.44
1583	7.4461	174.38
1584	7.1949	146.51
1585	11.2301	2402.19
1586	8.7853	441.21
1587	7.3919	167.95
1588	7.7657	217.62
1589	7.8624	232.71
1590	7.2790	155.31
1591	8.6822	410.77
1592	7.5786	191.15
1593	6.2765	77.52
1595	7.4513	175.01
1596	6.3071	79.18
1597	7.0011	128.10
1598	6.8104	112.24
1599	7.5771	190.96
1600	8.0531	265.59
1601	8.0327	261.87
1602	6.6816	102.65
1603	8.8404	458.37
1604	7.1902	146.04
1606	7.4907	179.86
1607	10.6937	1656.19
1608	7.1064	137.80
1609	7.1114	138.28
1610	7.0352	131.16
1611	5.8826	59.00
1613	7.1305	140.12
1617	7.6018	194.25
1618	7.0325	130.92
1619	7.9450	246.43
1620	8.6953	414.51
1621	6.6418	99.86
1622	7.2145	148.52
1623	7.2862	156.09
1625	7.0037	128.33
1626	6.9902	127.13
1627	7.1853	145.54
1628	9.6224	788.21
1629	7.7865	220.78
1632	7.8843	236.27
1633	7.3872	167.40
1634	8.0180	259.22
1635	9.3737	663.38
1636	7.4124	170.36
1637	7.0062	128.55
1638	7.5044	181.57
1640	8.6109	390.96
1641	10.2304	1201.33
1642	7.4838	179.00
1643	6.5062	90.90
1644	6.6305	99.08
1645	6.9379	122.61
1646	6.9208	121.16
1647	6.5419	93.18
1648	6.2180	74.44
1649	6.5292	92.36
1650	6.4097	85.02
1651	7.5057	181.73
1652	6.5880	96.20
1653	7.2214	149.23
1654	6.5225	91.93
1655	10.5885	1539.79
1656	8.2789	310.60
1657	6.2858	78.02
1658	9.0666	536.19
1659	9.1298	560.19
1660	8.0430	263.74
1661	7.6210	196.85
1663	6.7335	106.41
1664	6.3165	79.70
1665	7.5269	184.43
1667	6.3533	81.76
1670	7.4951	180.40
1672	7.8501	230.73
1673	7.0289	130.59
1674	7.3700	165.42
1675	6.4832	89.46
1676	7.0463	132.17
1677	7.2132	148.38
1678	8.3134	318.12
1679	8.9981	511.34
1680	7.6915	206.71
1681	8.5192	366.89
1682	8.5982	387.55
1683	7.6365	198.98
1686	7.9558	248.27
1688	8.0169	259.01
1689	7.6500	200.85
1690	8.0986	274.10
1691	8.4797	356.98
1692	8.9705	501.62
1693	8.5573	376.70
1694	9.1512	568.59
1695	8.8190	451.63
1696	9.6536	805.43
1697	9.6845	822.85
1698	10.3652	1318.96
1699	10.0220	1039.73
1700	9.9584	994.90
1701	10.0297	1045.29
1702	7.4796	178.48
1703	7.8832	236.09
1704	7.9207	242.30
1706	8.6788	409.80
1707	9.8098	897.50
1708	5.8592	58.05
1709	9.4101	680.33
1710	8.7312	424.97
1711	8.6802	410.21
1712	7.9578	248.62
1713	7.2803	155.45
1714	7.7897	221.28
1715	8.1291	279.96
1716	10.0465	1057.53
1718	7.8864	236.62
1719	10.1865	1165.35
1720	9.8401	916.57
1721	8.0767	269.97
1722	8.5719	380.54
1723	9.4209	685.46
1727	7.6253	197.44
1728	6.3849	83.57
1729	7.0447	132.03
1730	8.6414	399.32
1732	7.6267	197.64
1733	8.2245	299.10
1734	9.2992	629.99
1736	8.0460	264.29
1737	6.4074	84.88
1738	7.0083	128.74
1739	6.8119	112.35
1740	6.7588	108.29
1741	5.5157	45.75
1743	8.0105	257.87
1745	8.1657	287.16
1747	8.1788	289.77
1748	7.9646	249.79
1749	7.5328	185.18
1750	9.7234	845.32
1751	6.7442	107.20
1754	7.7181	210.56
1755	7.2333	150.47
1757	6.3821	83.41
1758	6.8926	118.82
1759	6.3628	82.30
1760	9.0257	521.20
1763	6.8056	111.86
1764	6.1607	71.54
1765	6.8352	114.18
1766	7.3496	163.10
1767	8.0409	263.36
1768	7.2538	152.62
1770	6.8913	118.71
1771	8.3207	319.72
1773	6.7355	106.56
1774	6.9429	123.03
1775	8.3035	315.93
1776	7.5200	183.55
1777	8.3357	323.06
1778	8.2657	307.76
1779	8.0148	258.64
1782	9.7266	847.21
1783	7.5302	184.85
1784	6.0592	66.68
1787	7.0503	132.54
1788	7.6436	199.97
1789	7.4713	177.45
1790	11.7157	3363.33
1791	7.9592	248.86
1792	9.1420	564.94
1793	9.7328	850.89
1794	8.9517	495.15
1795	8.1210	278.39
1796	9.8433	918.62
1798	7.4136	170.50
1799	6.7240	105.71
1800	6.8339	114.08
1802	7.7808	219.92
1803	7.9970	255.46
1804	7.5543	187.96
1805	7.7751	219.04
1807	7.4234	171.66
1808	7.5721	190.29
1809	7.5554	188.11
1810	6.8544	115.71
1811	6.9698	125.35
1812	7.3121	158.91
1813	7.0921	136.44
1814	8.0469	264.46
1816	9.1464	566.69
1817	11.3626	2633.22
1818	10.9583	1989.67
1819	7.3368	161.66
1821	7.5155	182.98
1822	6.7105	104.73
1824	8.4380	346.82
1825	7.1189	139.00
1826	7.7289	212.15
1827	7.7062	208.83
1828	9.2586	612.52
1829	10.2055	1180.72
1830	10.2607	1226.84
1831	10.0858	1086.76
1832	10.7419	1712.48
1833	7.3221	160.02
1834	6.1092	69.03
1838	6.6027	97.19
1839	6.7889	110.58
1840	7.2119	148.25
1841	7.2564	152.89
1842	7.4761	178.05
1843	6.0328	65.47
1844	7.0024	128.21
1845	8.6658	406.14
1846	8.7540	431.74
1847	8.0974	273.88
1848	8.5920	385.89
1849	12.2166	4759.52
1850	9.9819	1011.23
1852	8.8554	463.17
1853	7.9864	253.60
1854	7.0950	136.71
1856	7.4919	180.01
1857	10.0782	1081.05
1858	9.6119	782.45
1859	8.7429	428.44
1860	8.7758	438.31
1861	9.0624	534.62
1862	9.4824	715.31
1863	9.5872	769.21
1864	9.5510	750.11
1865	8.4783	356.64
1866	10.9186	1935.71
1867	6.8413	114.67
1868	9.1852	582.12
1871	9.1358	562.55
1872	9.5031	725.63
1873	10.7122	1677.67
1874	8.6586	404.12
1875	8.5135	365.43
1876	6.3409	81.06
1877	7.6291	197.97
1878	7.0313	130.81
1879	7.4100	170.07
1880	7.0996	137.15
1882	8.2504	304.53
1884	7.0250	130.24
1885	6.9457	123.27
1886	7.3072	158.37
1889	6.3377	80.88
1890	5.6693	50.89
1891	8.2962	314.34
1892	11.5762	3053.37
1893	7.7300	212.31
1894	9.9247	971.90
1895	7.6199	196.71
1896	7.8613	232.54
1897	7.6857	205.89
1898	7.1435	141.39
1899	7.5812	191.50
1900	7.7259	211.70
1902	9.0932	546.17
1903	8.3423	324.56
1904	9.1807	580.33
1905	9.6815	821.15
1909	10.8235	1812.14
1910	9.0578	532.93
1911	7.2766	155.05
1912	8.5893	385.15
1913	7.4182	171.04
1914	7.3095	158.63
1915	7.8395	229.04
1916	8.8204	452.08
1917	8.8923	475.17
1918	7.8413	229.34
1920	8.8572	463.76
1921	8.8037	446.87
1923	9.5204	734.38
1924	8.1279	279.73
1925	8.7138	419.86
1926	10.0656	1071.64
1927	8.4742	355.61
1928	8.2752	309.80
1929	9.2127	593.33
1930	8.6704	407.43
1931	7.9429	246.06
1932	7.2457	151.77
1933	8.4285	344.53
1934	12.3940	5382.25
1935	13.4627	11289.65
1936	9.5593	754.47
1937	7.7169	210.38
1940	9.8877	947.30
1941	8.4968	361.23
1942	7.4076	169.79
1943	9.4925	720.31
1944	8.6293	395.98
1945	9.0220	519.86
1946	7.9850	253.36
1947	8.0698	268.69
1949	7.5142	182.81
1950	7.8647	233.08
1951	7.3523	163.40
1952	7.9749	251.59
1953	7.0630	133.71
1954	6.7706	109.18
1955	7.6472	200.46
1956	7.1609	143.10
1957	7.6756	204.45
1958	7.4595	176.01
1959	8.0073	257.29
1961	7.2358	150.73
1962	7.0668	134.07
1963	7.9509	247.43
1964	9.2448	606.70
1965	7.3343	161.38
1966	8.2442	303.22
1967	7.3822	166.83
1968	7.7590	216.62
1969	9.4338	691.59
1970	7.9980	255.65
1972	6.9267	121.66
1973	8.1368	281.46
1974	9.5282	738.35
1975	8.2305	300.35
1976	8.8473	460.58
1977	8.7297	424.51
1979	9.8678	934.33
1980	7.6007	194.10
1981	6.9483	123.49
1982	6.4263	86.00
1983	8.1123	276.73
1984	7.4625	176.37
1986	8.0220	259.93
1987	6.7823	110.07
1988	7.0896	136.20
1989	6.8161	112.68
1990	7.3548	163.69
1991	7.7382	213.52
1992	6.5612	94.43
1993	6.9509	123.72
1995	7.5413	186.27
1997	6.3288	80.38
1999	5.4851	44.79
2002	7.1335	140.41
2003	7.1516	142.18
2004	7.2969	157.25
2005	7.4501	174.86
2007	7.4398	173.62
2008	7.4643	176.60
2009	6.9942	127.49
2010	6.9417	122.93
2012	6.9403	122.81
2014	13.1839	9305.97
2016	8.7719	437.13
2017	9.2381	603.87
2018	8.5518	375.28
2019	9.3954	673.42
2020	7.8325	227.94
2021	9.0642	535.30
2022	10.4656	1414.00
2024	7.3277	160.64
2026	7.3908	167.82
2027	6.8776	117.59
2029	6.5595	94.32
2032	10.5796	1530.34
2033	6.5014	90.60
2034	7.5354	185.51
2041	6.5102	91.15
2042	5.7450	53.63
2044	12.6205	6297.04
2045	8.7903	442.73
2046	8.8001	445.74
2047	7.7037	208.47
2049	7.9018	239.15
2050	7.7878	220.99
2051	8.5439	373.23
2052	8.5284	369.24
2053	9.1679	575.19
2054	6.8612	116.26
2055	6.9098	120.24
2056	6.2655	76.93
2057	7.9886	253.99
2058	6.6943	103.56
2059	6.9322	122.12
2060	7.3932	168.10
2061	7.7270	211.87
2062	7.9120	240.85
2063	7.9403	245.63
2064	7.7440	214.38
2065	7.6041	194.56
2066	7.9736	251.36
2067	9.2675	616.29
2069	7.9053	239.73
2070	7.3180	159.57
2073	7.2550	152.75
2074	8.8959	476.35
2075	8.0195	259.48
2076	10.1595	1143.72
2077	7.1344	140.50
2078	7.3171	159.46
2079	10.3220	1280.05
2081	7.9529	247.77
2082	8.2042	294.92
2083	7.3419	162.23
2084	8.4184	342.14
2085	6.0740	67.37
2086	6.7388	106.80
2087	7.3059	158.23
2088	8.4687	354.26
2089	6.3134	79.53
2091	7.3847	167.12
2092	8.3459	325.37
2093	6.3884	83.77
2095	7.4739	177.77
2096	6.8190	112.91
2098	6.8467	115.10
2099	6.6545	100.74
2100	6.8264	113.49
2101	6.4566	87.83
2103	7.8313	227.75
2105	6.2065	73.85
2106	7.4654	176.73
2107	7.1557	142.59
2111	7.7020	208.23
2113	6.3654	82.45
2114	7.9691	250.58
2116	7.0336	131.02
2117	9.4162	683.23
2118	8.2231	298.82
2119	8.0645	267.71
2120	8.0823	271.02
2121	9.4077	679.18
2122	9.3585	656.42
2123	7.7635	217.29
2124	8.6895	412.87
2125	10.0098	1030.98
2126	8.7204	421.80
2127	8.6942	414.20
2128	9.3930	672.32
2129	10.5315	1480.14
2130	7.5927	193.03
2131	11.8494	3689.96
2132	8.7284	424.14
2133	8.4447	348.43
2134	6.5699	95.00
2135	7.3195	159.73
2136	7.3535	163.54
2137	6.9998	127.98
2138	9.5174	732.85
2139	7.9712	250.94
2140	10.9454	1971.88
2141	12.2694	4936.77
2142	10.2502	1217.90
2143	7.7461	214.69
2144	7.4305	172.51
2148	8.3409	324.23
2149	9.1280	559.49
2150	9.5699	760.00
2151	11.3241	2563.81
2152	7.4727	177.62
2153	7.9958	255.25
2154	7.2610	153.38
2155	8.8838	472.38
2156	8.9015	478.21
2157	6.9569	124.23
2158	8.8419	458.87
2159	8.2837	311.64
2160	8.6125	391.39
2161	7.2624	153.53
2162	7.7999	222.84
2163	9.2398	604.60
2164	10.2872	1249.56
2165	9.4187	684.42
2166	8.7698	436.48
2167	8.4879	359.01
2168	6.8497	115.34
2169	7.2183	148.91
2170	7.0735	134.69
2171	7.0567	133.13
2172	7.7450	214.53
2173	6.6775	102.36
2175	7.0051	128.45
2177	6.3107	79.38
2178	8.2635	307.29
2179	7.1840	145.41
2180	7.9152	241.39
2181	7.0515	132.65
2183	7.1992	146.95
2184	7.6134	195.82
2185	7.4896	179.72
2187	8.5313	369.98
2188	9.4973	722.72
2190	7.5032	181.42
2191	7.8702	233.97
2192	6.8017	111.56
2195	6.8133	112.46
2196	8.0450	264.12
2197	8.7952	444.23
2198	7.1258	139.66
2199	7.8466	230.17
2200	8.4341	345.88
2201	10.5250	1473.43
2202	9.8260	907.63
2203	8.5406	372.36
2204	7.4148	170.64
2205	7.6156	196.12
2206	9.9737	1005.50
2207	7.1319	140.25
2210	7.1388	140.93
2211	8.8350	456.68
2212	8.7329	425.47
2213	7.1294	140.01
2214	8.9204	484.53
2216	8.6041	389.13
2217	8.2374	301.78
2218	8.6398	398.88
2219	9.0482	529.41
2220	9.2219	597.13
2221	10.9335	1955.75
2223	10.1645	1147.71
2224	7.8511	230.90
2225	8.1304	280.21
2226	9.3090	634.29
2227	7.8796	235.50
2228	7.9601	249.02
2230	6.9224	121.30
2232	8.1882	291.67
2233	8.3987	337.48
2234	8.0388	262.97
2235	7.5457	186.84
2237	7.6734	204.14
2238	7.0366	131.29
2241	6.8721	117.14
2243	9.8512	923.63
2244	9.7475	859.60
2245	9.2770	620.36
2246	9.1171	555.29
2247	8.4660	353.61
2248	6.6559	100.84
2249	8.1857	291.16
2251	7.6984	207.70
2255	7.2943	156.97
2256	7.9226	242.63
2257	6.9647	124.91
2259	7.1597	142.98
2261	6.7469	107.40
2262	8.4260	343.93
2263	7.9107	240.64
2264	7.3249	160.33
2265	6.8531	115.61
2266	6.8382	114.42
2267	8.8369	457.26
2268	8.0668	268.14
2269	8.1945	292.95
2270	9.0276	521.88
2271	8.1583	285.69
2274	6.7170	105.20
2276	8.3448	325.11
2278	6.5723	95.16
2281	6.8811	117.87
2282	7.3207	159.86
2283	8.1812	290.26
2284	6.2100	74.03
2285	5.9819	63.20
2286	9.4311	690.32
2287	8.8269	454.11
2288	7.9351	244.74
2292	6.2468	75.94
2296	6.9239	121.42
2297	7.8124	224.78
2300	6.9080	120.09
2301	7.7558	216.13
2302	8.3751	332.01
2303	8.9577	497.19
2304	9.2973	629.16
2305	7.7702	218.31
2306	8.1268	279.51
2307	8.8512	461.83
2308	8.3320	322.25
2309	8.9325	488.61
2310	7.2724	154.60
2311	7.1153	138.65
2312	8.2291	300.06
2313	6.7629	108.60
2314	11.1510	2273.98
2315	9.2702	617.46
2316	9.5844	767.68
2317	10.6368	1592.20
2318	10.9958	2042.11
2320	10.8635	1863.14
2321	6.6452	100.09
2322	8.7222	422.31
2323	8.7522	431.21
2324	10.1548	1140.00
2325	11.0626	2138.82
2326	8.9540	495.94
2328	8.6631	405.37
2329	8.7916	443.12
2330	9.3765	664.68
2331	9.0913	545.46
2332	8.2431	302.99
2333	8.8250	453.52
2334	8.2900	312.99
2335	8.9784	504.38
2336	8.9271	486.78
2337	9.6336	794.33
2338	10.3582	1312.61
2339	9.3711	662.17
2340	10.7331	1702.15
2341	8.2877	312.50
2344	7.2908	156.59
2345	8.0028	256.49
2348	8.0576	266.42
2349	7.6967	207.46
2350	7.5845	191.94
2352	7.6177	196.40
2353	7.5447	186.71
2354	5.8909	59.34
2355	7.0696	134.33
2356	8.4041	338.76
2357	6.6792	102.48
2358	8.3170	318.90
2359	9.7975	889.87
2360	7.8361	228.51
2361	11.1786	2317.96
2362	9.2493	608.56
2363	8.5905	385.49
2364	6.2730	77.33
2366	7.6511	201.01
2367	8.5009	362.27
2370	9.4624	705.47
2371	9.3119	635.55
2372	8.1801	290.03
2373	8.0508	265.17
2374	9.6253	789.76
2375	7.5663	189.53
2376	8.6307	396.38
2377	11.1934	2341.76
2378	10.2553	1222.22
2379	8.1728	288.57
2380	6.8829	118.02
2381	8.2177	297.69
2382	10.7724	1749.06
2383	8.3541	327.21
2384	6.9307	122.00
2385	6.4520	87.55
2386	6.8887	118.50
2387	6.5354	92.76
2388	6.8089	112.12
2389	7.4784	178.33
2390	9.3790	665.83
2391	7.4333	172.84
2392	8.5166	366.23
2393	9.8985	954.42
2395	10.9826	2023.45
2396	8.7123	419.43
2397	8.1681	287.64
2399	12.9503	7914.42
2400	14.0268	16690.85
2401	7.8961	238.21
2402	6.5437	93.29
2403	6.8993	119.37
2405	6.7677	108.96
2406	7.3859	167.26
2407	7.5616	188.91
2409	7.6662	203.12
2411	6.6144	97.98
2412	6.7509	107.70
2414	7.2159	148.66
2415	13.8556	14823.04
2416	9.3064	633.13
2417	8.6746	408.61
2418	8.7447	428.97
2419	9.5542	751.78
2420	10.4930	1441.19
2422	6.7572	108.17
2423	8.3949	336.61
2424	7.8740	234.59
2425	8.0552	265.98
2426	8.6759	408.99
2427	7.9186	241.95
2428	8.7804	439.72
2430	7.8488	230.53
2431	8.8609	464.94
2432	9.7883	884.23
2433	8.9649	499.68
2434	6.1371	70.38
2435	8.0265	260.74
2436	7.0858	135.84
2442	7.7087	209.19
2443	6.1473	70.88
2444	8.1631	286.65
2448	7.9138	241.16
2449	7.4665	176.87
2450	10.0137	1033.76
2452	9.0236	520.44
2453	9.3840	668.12
2454	9.6498	803.29
2455	9.1113	553.07
2456	9.8193	903.45
2457	6.7304	106.18
2458	7.1676	143.77
2459	7.4388	173.50
2460	7.6485	200.65
2461	6.7456	107.31
2463	8.3257	320.83
2465	9.1404	564.35
2466	9.1091	552.23
2467	6.7272	105.95
2468	8.7189	421.36
2469	7.6459	200.28
2470	8.8141	450.10
2471	8.2973	314.59
2472	8.1525	284.54
2473	6.9522	123.83
2474	7.9246	242.97
2475	9.0891	544.63
2476	6.8396	114.53
2478	9.6313	793.06
2480	6.7904	110.69
2481	6.0991	68.55
2482	8.0718	269.07
2483	7.8088	224.22
2484	8.4714	354.92
2485	7.0809	135.38
2487	9.7297	849.05
2488	9.4844	716.31
2489	9.9927	1018.80
2490	9.6147	783.99
2491	10.3104	1269.78
2492	11.6637	3244.31
2493	7.7692	218.15
2495	8.2911	313.23
2496	7.8064	223.85
2497	7.9164	241.59
2498	8.6731	408.20
2499	8.3606	328.70
2501	8.4171	341.83
2504	8.1897	291.98
2505	9.5567	753.12
2507	6.5578	94.21
2508	8.9422	491.90
2509	9.3633	658.62
2510	9.4236	686.71
2511	7.7797	219.75
2512	8.3435	324.81
2513	10.4351	1384.44
2514	9.4802	714.21
2515	7.5213	183.71
2516	8.3682	330.42
2517	8.9765	503.72
2518	8.2152	297.19
2519	7.0722	134.57
2520	6.7487	107.54
2521	8.0607	267.01
2522	9.8002	891.57
2524	8.1007	274.51
2525	5.8395	57.26
2526	6.5560	94.09
2530	8.5071	363.83
2534	6.9955	127.60
2536	6.8959	119.09
2539	9.1488	567.62
2540	8.7171	420.82
2541	8.9361	489.81
2544	8.8020	446.34
2546	6.2265	74.88
2547	6.8976	119.23
2549	9.3486	651.95
2550	9.4720	710.18
2553	12.4652	5654.65
2554	5.9006	59.74
2555	8.8643	466.05
2556	8.2335	300.98
2557	7.7247	211.52
2559	7.6633	202.72
2560	7.2028	147.32
2561	7.3966	168.50
2562	6.8278	113.60
2564	6.7087	104.60
2565	5.9980	63.91
2566	5.6197	49.17
2568	8.5325	370.29
2571	8.0312	261.59
2572	8.0039	256.70
2573	6.9594	124.45
2574	7.3083	158.50
2575	6.9930	127.38
2577	8.1834	290.70
2578	8.0909	272.65
2579	7.2878	156.26
2580	9.6936	828.08
2581	9.1977	587.20
2582	7.7282	212.04
2583	7.7624	217.13
2584	9.0856	543.31
2585	9.6909	826.49
2587	7.2224	149.33
2589	7.3652	164.87
2590	7.2471	151.91
2591	5.8260	56.73
2592	7.1774	144.75
2593	9.8299	910.10
2594	9.0875	544.01
2595	7.8521	231.05
2596	7.1542	142.44
2597	6.3968	84.26
2598	7.8689	233.76
2599	7.6559	201.68
2602	7.3355	161.51
2605	7.1725	144.26
2608	7.3727	165.73
2609	5.9766	62.97
2610	8.2028	294.64
2611	7.9949	255.09
2614	7.7978	222.52
2615	8.4531	350.47
2616	8.2478	303.97
2617	6.1156	69.34
2618	8.2065	295.40
2619	7.1052	137.68
2620	9.1383	563.50
2621	9.3264	642.00
2622	10.1119	1106.60
2623	8.2646	307.53
2625	6.5839	95.93
2626	7.6648	202.93
2627	7.6847	205.75
2628	8.7504	430.65
2629	10.5155	1463.80
2630	8.6503	401.79
2631	8.4547	350.85
2632	9.2906	626.26
2633	9.0101	515.59
2634	9.3386	647.43
2635	8.9895	508.30
2636	9.0699	537.43
2638	8.2452	303.43
2639	7.8713	234.15
2640	8.3075	316.82
2641	7.6242	197.30
2642	8.0207	259.70
2643	7.4942	180.29
2644	7.7112	209.55
2645	8.6599	404.48
2646	8.2694	308.56
2647	8.5268	368.83
2648	7.3690	165.31
2649	8.8283	454.54
2650	8.6486	401.32
2651	6.8309	113.84
2653	11.6020	3108.50
2654	9.7011	832.37
2655	8.4144	341.18
2656	7.1926	146.28
2657	5.9605	62.27
2659	7.2780	155.20
2661	5.9383	61.32
2663	7.7474	214.88
2664	9.0398	526.32
2666	7.1204	139.14
2667	6.0836	67.82
2668	5.8512	57.73
2669	6.4874	89.72
2670	9.8163	901.58
2671	10.3896	1341.43
2672	6.7923	110.84
2673	8.2077	295.64
2675	7.5020	181.27
2678	7.6799	205.06
2680	7.2308	150.21
2681	5.7107	52.37
2682	7.2419	151.37
2683	6.2549	76.37
2684	8.2165	297.44
2685	9.3863	669.18
2686	7.7223	211.18
2693	8.0814	270.85
2694	10.1084	1103.87
2695	8.7039	417.00
2696	9.7564	864.88
2697	9.6718	815.67
2699	8.2583	306.19
2701	7.1477	141.80
2702	8.3828	333.79
2703	8.7836	440.68
2704	7.3004	157.63
2705	7.5937	193.17
2706	7.4367	173.25
2707	6.8898	118.59
2708	6.9393	122.73
2709	6.6231	98.57
2710	6.7986	111.32
2711	9.0065	514.30
2712	8.5633	378.27
2713	6.7407	106.94
2714	6.6925	103.43
2715	8.4102	340.18
2716	8.5619	377.90
2717	9.3511	653.08
2718	9.9439	984.94
2719	11.6318	3173.42
2720	11.7910	3543.59
2721	12.0961	4378.00
2722	11.5280	2953.14
2723	10.2719	1236.36
2724	9.4946	721.37
2725	8.1473	283.52
2726	8.1921	292.46
2727	8.0962	273.65
2728	8.2211	298.39
2729	7.2707	154.42
2731	6.4761	89.02
2733	6.9782	126.08
2734	7.6446	200.11
2735	9.9776	1008.20
2736	7.7887	221.12
2737	7.1399	141.03
2738	6.6836	102.79
2739	8.5490	374.54
2741	6.4854	89.60
2742	10.0178	1036.69
2744	9.7817	880.23
2745	9.5897	770.55
2746	12.0521	4246.61
2747	8.9190	484.05
2748	7.8250	226.75
2749	9.0816	541.80
2751	10.0017	1025.24
2752	8.1548	284.99
2753	8.1316	280.45
2754	8.7885	442.17
2755	8.4591	351.91
2756	9.1130	553.73
2757	8.3646	329.60
2758	8.1609	286.21
2759	8.6519	402.25
2760	7.2320	150.33
2761	6.5990	96.94
2762	7.9308	244.01
2763	7.0125	129.11
2764	6.7953	111.07
2765	6.5673	94.83
2766	9.4649	706.65
2767	8.6383	398.46
2768	8.8089	448.49
2769	9.0989	548.33
2770	8.5123	365.15
2771	8.1029	274.93
2772	9.2310	600.91
2773	8.8662	466.65
2774	8.5451	373.54
2775	8.3147	318.40
2776	8.8819	471.77
2777	7.3640	164.73
2778	7.9993	255.87
2779	7.2636	153.66
2780	7.9086	240.28
2781	8.0563	266.19
2782	8.4578	351.59
2783	7.5711	190.17
2784	9.5312	739.91
2785	13.0414	8430.36
2786	10.4715	1419.83
2788	6.9798	126.22
2789	9.7140	839.86
2790	9.1548	569.98
2791	8.9921	509.19
2792	9.0953	546.96
2794	8.2889	312.76
2795	8.3084	317.01
2796	8.4981	361.57
2797	7.8603	232.37
2798	8.9171	483.40
2799	8.4520	350.20
2800	6.9039	119.75
2801	8.0877	272.04
2802	8.0541	265.78
2803	8.5880	384.81
2805	6.4496	87.40
2806	6.7856	110.32
2807	9.1052	550.73
2808	8.5504	374.90
2809	9.0374	525.44
2810	8.9559	496.59
2811	9.0440	527.86
2812	9.2952	628.24
2813	11.8165	3606.81
2814	10.4494	1398.28
2815	7.1688	143.89
2816	6.6851	102.90
2818	6.4346	86.50
2819	5.8056	55.93
2820	6.2968	78.62
2821	6.6716	101.94
2823	6.9726	125.59
2824	7.0784	135.15
2825	6.6492	100.37
2826	7.3785	166.40
2827	8.2764	310.05
2828	8.9307	487.99
2829	8.7931	443.60
2830	8.3344	322.78
2831	7.2838	155.83
2832	7.5291	184.71
2833	7.3143	159.16
2836	6.3735	82.91
2837	5.6952	51.81
2839	7.6824	205.42
2840	6.7616	108.50
2843	7.3714	165.58
2844	6.6434	99.97
2846	12.1734	4619.12
2847	6.6344	99.35
2848	7.8240	226.60
2849	8.9149	482.68
2850	8.6573	403.74
2851	10.1807	1160.61
2852	8.4623	352.70
2853	11.4541	2805.70
2854	7.4448	174.23
2855	9.6775	818.86
2856	9.2515	609.49
2857	8.2985	314.85
2858	7.5566	188.26
2859	7.6894	206.42
2860	6.9279	121.76
2861	9.6282	791.37
2862	7.7966	222.33
2863	9.6369	796.14
2864	10.2143	1188.01
2865	8.4302	344.93
2866	7.7233	211.32
2868	10.4566	1405.27
2872	6.4395	86.79
2873	6.9871	126.86
2876	7.6053	194.72
2878	8.3935	336.27
2879	9.1923	584.99
2880	7.0773	135.05
2881	7.6063	194.86
2882	8.0339	262.08
2883	7.8151	225.20
2884	11.0238	2082.09
2885	9.9511	989.90
2886	10.1922	1169.95
2887	10.4226	1372.53
2888	9.5424	745.65
2889	8.8588	464.27
2890	9.3016	631.06
2891	8.1772	289.46
2892	8.1179	277.80
2893	8.5391	371.99
2894	7.6604	202.31
2895	8.4368	346.51
2896	9.1592	571.72
2897	8.4700	354.58
2898	8.5529	375.56
2899	13.7162	13458.66
2900	9.9020	956.74
2901	10.2930	1254.62
2902	13.3588	10505.25
2903	7.5836	191.82
2905	10.0384	1051.60
2906	10.1156	1109.41
2907	10.2661	1231.38
2908	11.0764	2159.39
2909	10.8756	1878.83
2910	8.6689	407.01
2911	8.8494	461.26
2912	8.0496	264.96
2913	7.9439	246.23
2916	7.5118	182.51
2918	10.1975	1174.26
2919	7.7532	215.75
2920	7.2002	147.05
2921	10.4419	1391.03
2922	11.3456	2602.32
2923	9.0356	524.78
2924	6.7757	109.57
2925	7.8763	234.96
2926	9.4025	676.74
2927	7.1914	146.16
2928	7.1621	143.22
2929	7.8774	235.15
2930	9.2607	613.40
2931	10.1199	1112.75
2935	8.6096	390.61
2936	6.9812	126.34
2937	6.6995	103.93
2938	6.6212	98.44
2939	7.6384	199.24
2940	7.9680	250.38
2943	8.3554	327.50
2944	7.8948	238.00
2945	9.1338	561.77
2946	8.5769	381.86
2947	9.1659	574.41
2948	6.2800	77.71
2949	8.2605	306.66
2950	7.8668	233.42
2951	7.5497	187.37
2952	9.1259	558.69
2954	7.7321	212.61
2955	9.9473	987.26
2956	7.6303	198.13
2957	9.6690	814.06
2958	8.7788	439.23
2959	8.5544	375.95
2960	9.7168	841.49
2961	8.1076	275.82
2962	6.5971	96.81
2964	6.8874	118.39
2965	7.0407	131.66
2967	8.2572	305.95
2969	7.1076	137.91
2972	8.2118	296.48
2974	6.4124	85.18
2975	8.1991	293.88
2977	6.6576	100.96
2980	6.2020	73.62
2981	7.0379	131.41
2982	6.4661	88.41
2983	6.6103	97.70
2986	8.9498	494.50
2989	6.9752	125.82
2993	7.2660	153.92
2996	8.4493	349.53
2997	7.0110	128.98
2998	6.7807	109.95
2999	10.0992	1096.87
3000	7.0589	133.33
3001	6.2350	75.32
3002	6.0887	68.06
3003	7.6426	199.83
3004	6.6363	99.48
3005	7.3234	160.16
3006	6.5129	91.32
3007	6.2307	75.10
3008	7.2092	147.97
3009	6.5311	92.48
3010	5.7745	54.74
3011	7.7074	209.01
3012	7.4974	180.69
3013	7.5315	185.01
3014	6.9840	126.59
3016	7.1712	144.13
3017	9.3610	657.58
3018	7.6765	204.57
3019	9.0760	539.70
3020	8.3063	316.56
3021	6.6384	99.62
3022	10.1761	1156.93
3023	7.2684	154.17
3024	8.6196	393.34
3025	10.0908	1090.54
3026	8.3181	319.16
3027	6.6402	99.75
3029	7.8440	229.76
3030	7.1034	137.51
3031	6.3507	81.61
3032	7.6691	203.53
3034	9.1617	572.71
3035	8.4508	349.89
3036	7.7547	215.97
3037	7.8405	229.20
3038	8.0019	256.33
3039	7.5605	188.77
3040	8.5056	363.45
3041	12.1303	4483.16
3042	10.2359	1205.87
3045	7.8477	230.35
3048	7.1738	144.39
3051	6.6680	101.69
3052	8.6971	415.05
3053	8.1761	289.24
3054	8.2738	309.51
3055	7.8101	224.42
3056	7.8567	231.80
3057	6.0670	67.04
3058	5.4525	43.79
3062	7.1788	144.89
3064	13.2637	9834.67
3065	10.5705	1520.65
3066	6.9023	119.62
3067	6.9180	120.93
3068	7.3774	166.27
3069	7.2041	147.45
3070	8.2849	311.89
3071	7.2274	149.85
3072	7.3797	166.54
3073	9.4132	681.81
3074	7.5190	183.42
3075	10.1249	1116.57
3076	8.6068	389.85
3077	7.4571	175.72
3078	7.2754	154.92
3081	6.6008	97.06
3082	9.3185	638.47
3083	8.5965	387.08
3084	9.7943	887.95
3085	8.8768	470.09
3086	8.5936	386.30
3087	7.8075	224.03
3088	7.8217	226.24
3089	7.1088	138.03
3090	7.3834	166.97
3091	11.7680	3487.49
3092	12.8228	7245.14
3093	8.5996	387.92
3094	8.2716	309.04
3095	8.8436	459.41
3097	10.0699	1074.87
3098	10.5391	1487.89
3099	8.0620	267.25
3100	6.4021	84.57
3101	9.6629	810.61
3102	9.4774	712.84
3104	7.4016	169.09
3105	7.5963	193.51
3106	8.0060	257.07
3107	6.9470	123.38
3112	7.7190	210.70
3113	7.8374	228.71
3114	7.5375	185.78
3115	7.6570	201.83
3116	7.0527	132.76
3117	6.5951	96.68
3119	7.5904	192.72
3120	7.0935	136.57
3121	7.7739	218.87
3122	6.7136	104.95
3124	7.6682	203.40
3125	7.3675	165.14
3126	6.9683	125.22
3127	7.6715	203.87
3128	8.5149	365.79
3129	7.8172	225.54
3130	7.3309	161.00
3131	6.5818	95.79
3132	6.7033	104.21
3133	6.7773	109.69
3135	7.5995	193.95
3136	7.2237	149.47
3137	6.8862	118.29
3138	6.4286	86.14
3139	6.5762	95.42
3140	7.2829	155.73
3141	7.5178	183.27
3143	6.7540	107.93
3144	7.6353	198.82
3146	8.9097	480.94
3147	7.6405	199.54
3148	7.4931	180.15
3150	6.7872	110.45
3153	7.0603	133.46
3155	6.5780	95.54
3156	8.0632	267.46
3157	6.5654	94.71
3158	7.3155	159.29
3159	7.1868	145.69
3160	7.7429	214.22
3161	6.4807	89.31
3162	6.6595	101.09
3163	7.0710	134.46
3164	6.6977	103.80
3165	6.2133	74.20
3166	7.5466	186.96
3167	6.7156	105.10
3170	8.6716	407.78
3171	8.1101	276.31
3172	8.3921	335.95
3173	7.8590	232.17
3174	9.3240	640.90
3175	6.8481	115.21
3176	8.2007	294.21
3178	6.7072	104.49
3179	6.2390	75.53
3181	7.5578	188.42
3182	8.5693	379.85
3183	7.8727	234.38
3184	8.3593	328.40
3185	7.4001	168.91
3186	7.2897	156.46
3187	7.7844	220.46
3188	7.9415	245.82
3189	8.8735	469.01
3190	8.6615	404.93
3191	8.4001	337.82
3192	8.6459	400.57
3193	9.2469	607.57
3194	7.0394	131.54
3195	7.0150	129.34
3196	8.8158	450.63
3197	8.6365	397.97
3198	10.0553	1063.98
3199	9.4572	702.89
3200	7.2054	147.58
3201	6.9554	124.10
3202	8.1753	289.08
3203	8.7776	438.86
3205	8.8073	447.97
3206	8.8717	468.42
3207	7.9380	245.23
3208	8.9221	485.09
3209	8.0484	264.74
3210	7.9498	247.24
3211	9.5926	772.08
3212	7.7600	216.77
3213	6.9619	124.66
3214	6.7720	109.29
