1	10.6129	1566.02
2	10.6550	1612.42
3	10.6461	1602.44
4	8.2802	310.87
5	8.5544	375.95
6	6.3916	83.96
7	11.1036	2200.45
8	8.1018	274.72
9	7.5222	183.83
10	7.9246	242.97
11	7.0197	129.76
12	9.4598	704.17
14	8.1390	281.89
15	8.6914	413.39
17	7.4091	169.96
18	9.8632	931.37
19	10.5250	1473.43
20	9.7328	850.89
21	9.7266	847.21
24	9.1548	569.98
25	11.9742	4023.50
26	11.2473	2431.00
27	7.1650	143.51
28	6.5862	96.08
29	7.1166	138.77
31	7.3298	160.88
36	5.3533	40.88
37	6.6045	97.31
38	8.4812	357.35
39	8.4700	354.58
40	9.7537	863.28
41	9.2198	596.27
42	10.2359	1205.87
43	10.0465	1057.53
44	7.8349	228.32
45	8.2900	312.99
46	7.8039	223.46
47	7.9909	254.39
48	7.2308	150.21
51	7.8961	238.21
52	8.1657	287.16
53	8.5109	364.78
54	7.3207	159.86
55	7.4808	178.63
56	9.9210	969.46
57	11.2872	2499.11
58	11.0882	2177.14
59	7.4356	173.12
61	9.9819	1011.23
62	9.1212	556.86
63	9.1280	559.49
64	8.8141	450.10
65	8.6083	390.25
66	8.7343	425.89
67	8.4727	355.25
71	8.3047	316.20
72	9.0736	538.81
73	9.5593	754.47
74	9.7707	873.50
75	10.7527	1725.43
76	10.8037	1787.42
77	9.5055	726.86
79	8.1199	278.18
82	9.4624	705.47
83	6.1156	69.34
86	8.6153	392.17
88	7.4016	169.09
90	10.2502	1217.90
93	6.3735	82.91
94	10.8136	1799.73
95	8.4952	360.83
96	11.1510	2273.98
97	9.0257	521.20
98	9.1948	586.03
100	8.9723	502.25
102	7.5363	185.63
103	9.3659	659.82
104	6.8862	118.29
106	6.8146	112.56
108	7.2636	153.66
109	7.9886	253.99
111	7.6593	202.15
112	9.9402	982.45
113	10.1499	1136.09
114	7.7098	209.36
116	9.0398	526.32
117	7.6775	204.72
118	7.4124	170.36
119	6.7889	110.58
120	9.3286	642.97
121	7.9439	246.23
122	8.8301	455.13
123	7.4654	176.73
124	7.9670	250.21
126	8.1190	278.01
127	8.7578	432.88
128	6.8133	112.46
129	7.1423	141.27
130	9.9927	1018.80
131	8.6990	415.58
132	10.0098	1030.98
133	12.0107	4126.37
134	10.4494	1398.28
135	11.4358	2770.19
136	8.0886	272.21
137	10.2245	1196.45
138	9.0875	544.01
139	9.8835	944.54
140	11.0764	2159.39
141	10.6646	1623.15
142	9.8364	914.22
143	8.8717	468.42
144	8.4968	361.23
145	9.3981	674.71
146	7.9138	241.16
147	8.3192	319.39
148	8.0301	261.40
150	8.6519	402.25
151	8.5693	379.85
152	7.1557	142.59
153	9.7741	875.61
154	8.2716	309.04
155	9.3016	631.06
156	11.7680	3487.49
157	8.9149	482.68
158	9.0462	528.65
159	9.1878	583.19
160	7.6365	198.98
161	7.7011	208.09
162	8.7329	425.47
163	8.7105	418.92
164	8.1429	282.65
166	8.4742	355.61
167	7.3384	161.84
168	8.0754	269.74
169	7.9053	239.73
170	9.2148	594.18
171	7.8186	225.75
172	9.5926	772.08
173	9.3411	648.58
174	6.8211	113.07
175	7.6436	199.97
177	7.2077	147.82
178	7.0630	133.71
180	7.7635	217.29
181	9.1807	580.33
182	8.0327	261.87
183	8.3217	319.96
185	9.2586	612.52
186	9.0482	529.41
187	7.5856	192.09
188	7.7568	216.29
189	7.6915	206.71
190	8.0823	271.02
191	6.7572	108.17
192	6.6418	99.86
193	6.9840	126.59
194	7.4305	172.51
195	7.8477	230.35
197	7.8590	232.17
198	7.0289	130.59
200	6.3134	79.53
201	7.5178	183.27
202	6.6027	97.19
203	7.2647	153.78
205	7.4951	180.40
206	8.0231	260.14
207	7.5711	190.17
209	10.0220	1039.73
212	7.6405	199.54
213	7.6549	201.54
214	7.1272	139.80
215	7.6941	207.09
216	7.6847	205.75
219	7.9558	248.27
220	7.8521	231.05
221	9.4132	681.81
222	7.9601	249.02
223	7.3018	157.78
224	7.0166	129.48
226	6.9180	120.93
227	8.1054	275.41
228	7.6691	203.53
232	7.7289	212.15
234	8.1232	278.82
236	6.1813	72.57
237	6.4263	86.00
238	7.1774	144.75
239	7.4028	169.23
240	7.8240	226.60
241	8.4013	338.10
243	6.9812	126.34
244	6.9403	122.81
245	6.8887	118.50
246	7.6857	205.89
247	7.2495	152.17
248	6.9239	121.42
249	6.6545	100.74
251	7.7350	213.04
252	6.0328	65.47
253	6.9393	122.73
254	6.6995	103.93
255	6.2265	74.88
258	10.1595	1143.72
259	11.1635	2293.76
260	7.0062	128.55
261	7.5020	181.27
262	6.3792	83.24
264	7.2274	149.85
265	7.1064	137.80
268	7.1516	142.18
269	7.1571	142.73
270	8.6631	405.37
271	8.3882	335.04
272	8.5218	367.54
273	6.9322	122.12
276	6.4661	88.41
277	7.1788	144.89
278	7.0972	136.92
281	6.8017	111.56
282	6.6595	101.09
283	6.9930	127.38
285	7.1022	137.40
287	7.0407	131.66
288	7.6231	197.15
290	7.7440	214.38
291	8.3568	327.83
292	7.3581	164.06
293	6.4313	86.30
294	9.0642	535.30
295	8.3320	322.25
296	9.7051	834.72
297	7.9450	246.43
298	10.4226	1372.53
299	8.0935	273.15
300	8.2670	308.04
301	7.5868	192.25
304	8.3869	334.73
305	7.7728	218.70
306	6.9509	123.72
307	6.5102	91.15
308	8.2532	305.11
309	10.9335	1955.75
310	9.8877	947.30
311	8.7836	440.68
312	9.8594	928.92
313	7.8554	231.59
314	9.1010	549.13
316	9.6878	824.74
317	9.6024	777.34
318	7.8012	223.05
319	8.1401	282.11
320	9.4390	694.12
321	9.4049	677.87
322	8.2646	307.53
323	8.0105	257.87
324	9.3308	643.93
325	7.1128	138.41
326	9.7297	849.05
327	11.3988	2700.04
328	11.6871	3297.26
329	12.0521	4246.61
330	7.3847	167.12
331	10.3104	1269.78
332	12.3940	5382.25
333	9.7411	855.81
334	7.6662	203.12
335	7.9474	246.84
336	8.3817	333.53
337	8.0137	258.45
338	7.3570	163.94
339	7.3883	167.53
340	6.4446	87.10
342	7.1088	138.03
343	8.1279	279.73
344	10.3167	1275.36
345	8.2220	298.59
346	7.1358	140.63
347	8.1743	288.88
350	8.7487	430.14
353	8.3656	329.84
354	8.7698	436.48
355	10.0384	1051.60
356	9.5897	770.55
358	11.6637	3244.31
359	8.2231	298.82
360	7.0150	129.34
361	7.8337	228.13
362	8.0645	267.71
363	7.0223	129.99
364	8.6459	400.57
365	8.0097	257.73
366	7.8532	231.23
367	9.2493	608.56
368	10.3520	1307.00
369	8.6573	403.74
370	8.9981	511.34
371	8.6759	408.99
372	8.1304	280.21
373	8.0814	270.85
374	9.3486	651.95
375	8.9097	480.94
376	8.0801	270.61
378	7.2249	149.59
379	7.9498	247.24
380	6.8704	117.00
381	7.5032	181.42
383	8.9921	509.19
384	6.3533	81.76
387	5.4039	42.34
389	6.5154	91.48
390	6.6868	103.02
391	7.9723	251.13
392	6.3968	84.26
394	6.3257	80.21
396	9.7504	861.31
397	10.1119	1106.60
398	8.4392	347.11
399	6.4874	89.72
400	9.7856	882.56
401	7.9761	251.79
402	7.6967	207.46
405	7.9578	248.62
406	6.9429	123.03
407	8.2422	302.80
410	7.5129	182.64
411	7.9198	242.15
413	7.4634	176.49
414	7.6671	203.25
415	7.8162	225.38
417	7.9809	252.64
418	7.4320	172.68
419	6.6631	101.34
422	8.2635	307.29
423	10.7419	1712.48
424	7.6120	195.63
425	7.1477	141.80
426	6.8413	114.67
427	7.5433	186.54
428	7.8972	238.39
429	9.1464	566.69
430	10.5008	1448.97
431	8.1146	277.17
432	6.9293	121.88
433	7.7282	212.04
434	9.1617	572.71
435	8.1220	278.59
436	7.6210	196.85
438	7.7382	213.52
439	8.8910	474.73
440	7.3171	159.46
442	7.0011	128.10
443	6.9208	121.16
445	6.5780	95.54
446	7.4148	170.64
447	7.9120	240.85
448	8.5842	383.80
449	8.4826	357.70
450	8.5905	385.49
451	8.3804	333.23
452	8.4130	340.86
453	7.2766	155.05
454	8.1325	280.63
455	7.8796	235.50
456	7.2471	151.91
457	8.2919	313.41
458	8.7039	417.00
459	7.6267	197.64
460	7.8832	236.09
461	8.4144	341.18
462	8.5085	364.17
463	7.1034	137.51
464	6.4586	87.95
465	6.9798	126.22
468	6.7509	107.70
469	6.6103	97.70
470	7.3932	168.10
471	6.3849	83.57
472	7.5635	189.17
473	8.1368	281.46
474	7.6313	198.27
475	9.1900	584.07
476	6.8512	115.46
477	7.9207	242.30
479	9.6408	798.29
480	9.4649	706.65
481	7.9066	239.95
482	7.8384	228.88
483	8.4531	350.47
484	7.3309	161.00
485	8.2431	302.99
486	8.7738	437.69
487	9.9362	979.70
488	9.1738	577.54
489	7.2284	149.96
490	6.9267	121.66
491	6.0836	67.82
492	6.3654	82.45
494	7.1637	143.38
495	7.4571	175.72
496	7.6303	198.13
497	10.1249	1116.57
499	7.6063	194.86
500	9.5424	745.65
501	9.6498	803.29
502	9.7234	845.32
503	8.7853	441.21
504	8.3435	324.81
505	8.6716	407.78
506	8.3112	317.64
507	8.5619	377.90
508	7.6007	194.10
509	9.8129	899.45
511	8.3372	323.40
512	7.9308	244.01
513	10.1761	1156.93
514	9.8163	901.58
517	7.2724	154.60
518	7.0264	130.36
519	7.1762	144.63
522	5.9286	60.91
524	6.3507	81.61
525	6.4617	88.14
526	9.1130	553.73
527	8.7376	426.84
528	5.9523	61.92
529	9.5617	755.73
530	9.4802	714.21
531	9.1533	569.40
532	7.3652	164.87
533	6.7388	106.80
536	6.0947	68.34
537	7.4367	173.25
538	10.4715	1419.83
540	9.3565	655.53
541	9.2398	604.60
542	10.4656	1414.00
543	10.2097	1184.18
544	9.9737	1005.50
545	7.8075	224.03
547	10.9958	2042.11
548	10.3965	1347.87
549	8.8629	465.58
550	9.3064	633.13
551	9.0122	516.35
552	9.0601	533.77
553	9.5031	725.63
554	10.5315	1480.14
555	11.8862	3785.20
556	11.3626	2633.22
557	10.1645	1147.71
558	9.7381	854.01
559	7.9539	247.95
560	8.9540	495.94
561	11.0626	2138.82
564	8.1473	283.52
565	8.6599	404.48
566	8.0576	266.42
567	8.1168	277.58
568	7.8926	237.64
569	7.0463	132.17
570	7.0503	132.54
571	9.1444	565.90
572	6.8976	119.23
573	6.3764	83.08
574	6.5200	91.77
575	8.7222	422.31
576	8.2594	306.42
577	9.0953	546.96
578	8.7312	424.97
579	8.0679	268.34
580	7.7613	216.96
581	8.3357	323.06
582	8.4315	345.25
583	8.7758	438.31
584	8.1029	274.93
585	8.8020	446.34
586	7.3072	158.37
587	8.0949	273.41
588	8.3987	337.48
589	7.4678	177.02
590	7.2550	152.75
591	7.3143	159.16
592	7.9226	242.63
593	8.2386	302.05
594	8.1441	282.89
595	8.7916	443.12
596	7.6253	197.44
597	7.1868	145.69
599	8.8269	454.11
600	7.8413	229.34
601	8.0520	265.40
602	8.4634	352.96
603	7.0710	134.46
604	8.5769	381.86
605	8.6229	394.22
606	10.5796	1530.34
607	8.6503	401.79
608	7.4136	170.50
609	9.1383	563.50
610	7.5951	193.35
611	8.2257	299.36
613	6.3470	81.40
614	7.5511	187.55
615	7.8542	231.40
616	8.2547	305.44
617	9.4774	712.84
618	8.8819	471.77
619	9.5567	753.12
620	8.1268	279.51
621	7.2320	150.33
623	6.6528	100.62
624	8.1945	292.95
625	7.2780	155.20
626	9.5783	764.44
627	8.8457	460.07
628	8.0430	263.74
629	7.8752	234.78
630	7.3444	162.51
632	7.6523	201.18
633	8.1559	285.21
634	7.2214	149.23
635	7.9993	255.87
636	8.1967	293.39
637	7.8820	235.89
639	9.6629	810.61
640	8.7393	427.36
641	7.2886	156.35
642	6.9352	122.38
643	7.7310	212.45
644	7.1893	145.95
645	7.8440	229.76
646	7.6625	202.60
647	9.5391	743.99
648	9.0715	538.02
649	8.7072	417.94
650	8.2813	311.12
651	7.5200	183.55
652	8.2995	315.06
653	9.2020	588.95
654	6.7807	109.95
655	7.1712	144.13
657	7.7988	222.68
658	7.7547	215.97
659	7.5554	188.11
660	7.7201	210.85
661	7.7300	212.31
662	9.5252	736.83
664	9.7649	870.03
665	8.1801	290.03
666	10.7724	1749.06
667	8.3497	326.23
668	8.2374	301.78
669	7.5269	184.43
670	9.0356	524.78
671	6.6851	102.90
673	7.5593	188.61
675	8.9325	488.61
676	8.6430	399.75
677	8.1157	277.38
678	11.5512	3000.90
679	7.6756	204.45
680	10.0339	1048.34
681	13.3588	10505.25
682	6.8089	112.12
683	8.9381	490.51
684	7.8786	235.34
685	7.5302	184.85
686	8.7411	427.90
687	8.8436	459.41
688	7.7394	213.69
689	8.5814	383.06
690	9.2928	627.21
691	9.1033	549.99
693	8.3856	334.43
694	10.5542	1503.55
695	9.5088	728.52
696	10.7617	1736.16
697	10.2455	1213.99
698	10.2872	1249.56
699	9.9439	984.94
700	7.5091	182.17
703	7.0073	128.65
704	6.6250	98.70
706	6.4366	86.62
707	7.3809	166.68
708	7.6353	198.82
709	7.0603	133.46
710	7.4974	180.69
711	10.2055	1180.72
712	9.1091	552.23
713	8.4302	344.93
714	8.2492	304.27
715	8.7666	435.53
716	7.0641	133.82
717	8.5920	385.89
718	8.2789	310.60
719	9.7114	838.36
720	8.4578	351.59
721	8.4591	351.91
723	7.9097	240.46
724	8.2016	294.39
725	8.0897	272.43
726	9.1113	553.07
727	7.8088	224.22
728	9.3437	649.73
729	8.2478	303.97
730	10.0656	1071.64
732	9.8947	951.91
735	9.1852	582.12
736	8.3515	326.63
737	7.4838	179.00
738	8.0496	264.96
739	7.0722	134.57
740	7.4643	176.60
741	7.2384	151.00
742	6.7773	109.69
743	6.5560	94.09
744	7.3591	164.18
746	6.7424	107.07
747	7.2197	149.06
748	6.9483	123.49
749	6.5311	92.48
752	7.7371	213.36
754	9.9980	1022.58
755	8.1452	283.10
756	4.6194	24.58
757	7.3083	158.50
762	6.1039	68.78
763	7.7955	222.17
765	8.0848	271.49
766	6.6283	98.93
767	6.3409	81.06
768	7.4739	177.77
769	6.6699	101.82
772	8.2682	308.30
773	9.4261	687.93
774	8.5557	376.30
775	9.2242	598.08
778	8.3159	318.67
779	7.8501	230.73
780	7.4559	175.57
781	9.5204	734.38
782	8.7970	444.80
783	10.2199	1192.59
784	7.0237	130.12
785	7.6715	203.87
786	8.1316	280.45
787	8.4755	355.95
788	7.6143	195.95
789	8.6041	389.13
790	11.2651	2461.06
791	9.9858	1013.97
792	6.5292	92.36
793	9.0313	523.23
794	8.0688	268.51
795	7.4182	171.04
796	8.7284	424.14
797	9.3240	640.90
798	7.5824	191.66
800	8.0767	269.97
802	8.4920	360.04
804	7.7715	218.50
805	7.3155	159.29
806	7.1388	140.93
808	8.4839	358.02
809	8.6822	410.77
811	8.5893	385.15
813	9.8260	907.63
814	10.1865	1165.35
815	10.8865	1892.99
816	8.0159	258.83
817	8.2558	305.66
818	7.9841	253.20
819	8.2704	308.77
820	9.1317	560.94
822	9.8512	923.63
823	9.1298	560.19
824	8.0718	269.07
825	8.6054	389.47
826	7.6384	199.24
827	6.8119	112.35
828	8.3896	335.36
829	7.9712	250.94
830	8.2466	303.72
831	8.6971	415.05
832	8.8681	467.28
833	7.5166	183.11
834	7.8250	226.75
835	10.0137	1033.76
836	8.5464	373.87
837	9.2992	629.99
838	9.3466	651.06
839	8.8942	475.79
840	9.7564	864.88
841	10.1807	1160.61
842	9.2752	619.60
843	8.3935	336.27
844	8.0586	266.62
845	8.3134	318.12
846	7.2395	151.11
847	8.7466	429.54
851	7.6073	195.00
855	9.1512	568.59
856	9.0065	514.30
857	7.0394	131.54
859	6.6067	97.46
860	10.1450	1132.23
861	10.0699	1074.87
862	8.9032	478.78
863	8.1380	281.69
864	7.7152	210.14
865	7.4100	170.07
866	6.4854	89.60
867	8.3485	325.95
868	7.6883	206.26
869	8.9649	499.68
870	8.4285	344.53
871	8.2055	295.19
872	7.9341	244.57
873	8.7868	441.67
874	7.7429	214.22
876	7.8679	233.60
877	8.4184	342.14
878	8.7005	416.02
880	6.9698	125.35
881	7.1344	140.50
882	9.1828	581.18
883	8.9255	486.23
884	8.0349	262.27
887	9.4548	701.75
889	8.5149	365.79
890	8.4341	345.88
891	7.8996	238.79
892	8.4783	356.64
893	8.9663	500.17
894	9.8985	954.42
895	7.8901	237.22
896	7.9107	240.64
897	8.5166	366.23
898	7.0083	128.74
899	8.4677	354.02
900	7.3496	163.10
904	6.4021	84.57
905	7.3738	165.86
906	7.6396	199.41
907	9.6975	830.29
908	9.1072	551.51
910	9.4925	720.31
911	8.3921	335.95
912	7.0823	135.51
913	8.1788	289.77
915	11.1339	2247.18
916	10.2304	1201.33
917	10.5975	1549.42
918	10.1975	1174.26
919	9.2952	628.24
920	8.6953	414.51
921	10.2010	1177.07
922	8.4116	340.53
923	8.3228	320.20
924	8.2291	300.06
925	11.5280	2953.14
927	10.2607	1226.84
928	10.2143	1188.01
929	9.6058	779.15
930	8.9289	487.39
931	8.5680	379.50
932	8.5869	384.52
933	9.1171	555.29
934	7.2333	150.47
935	8.8001	445.74
936	8.2911	313.23
937	9.2631	614.43
938	9.8072	895.90
939	9.4338	691.59
940	8.2985	314.85
941	8.9114	481.50
942	8.3908	335.64
943	8.8959	476.35
944	8.5750	381.37
945	7.8713	234.15
947	8.6213	393.79
948	10.0054	1027.83
949	7.6415	199.68
950	7.9921	254.61
951	8.2007	294.21
952	7.2132	148.38
954	7.8647	233.08
955	8.6673	406.55
956	7.8613	232.54
957	9.6177	785.64
958	8.4327	345.54
959	8.9682	500.85
960	9.3840	668.12
961	9.3863	669.18
962	7.2481	152.02
963	8.7171	420.82
964	8.0312	261.59
965	8.5504	374.90
966	8.0974	273.88
971	7.1609	143.10
972	6.6961	103.69
973	6.5839	95.93
976	6.7370	106.67
977	7.7169	210.38
978	7.7897	221.28
979	7.5243	184.10
980	11.0087	2060.34
981	8.4493	349.53
982	8.0409	263.36
984	7.3548	163.69
985	8.1845	290.92
986	8.4171	341.83
994	6.9193	121.04
999	8.4562	351.21
1000	7.2374	150.89
1001	6.8531	115.61
1002	6.9541	123.99
1003	8.4353	346.15
1004	9.1191	556.05
1005	7.2297	150.09
1006	6.8556	115.81
1007	6.9457	123.27
1008	7.2002	147.05
1009	7.3286	160.74
1010	7.5044	181.57
1011	7.4931	180.15
1013	6.8612	116.26
1014	8.7237	422.75
1015	7.7233	211.32
1017	7.4963	180.56
1018	9.4162	683.23
1019	6.8913	118.71
1020	8.8317	455.62
1021	8.7123	419.43
1022	6.5398	93.04
1023	7.0051	128.45
1024	6.8829	118.02
1026	6.8450	114.96
1027	6.1520	71.11
1031	6.8993	119.37
1032	6.7087	104.60
1033	7.4796	178.48
1034	7.4896	179.72
1035	6.9902	127.13
1036	6.2800	77.71
1038	7.9680	250.38
1039	7.1878	145.80
1040	6.7105	104.73
1042	6.3107	79.38
1043	5.6490	50.18
1044	7.9529	247.77
1045	7.9749	251.59
1046	7.7532	215.75
1047	10.5080	1456.25
1048	8.5421	372.75
1049	6.9098	120.24
1050	7.9980	255.65
1053	7.9186	241.95
1054	7.4884	179.57
1055	7.1285	139.92
1056	8.6895	412.87
1057	9.3336	645.18
1059	6.8292	113.71
1060	7.3605	164.33
1061	7.9370	245.06
1062	8.3409	324.23
1063	7.5985	193.81
1064	7.5109	182.39
1065	6.7986	111.32
1066	5.9980	63.91
1067	6.9606	124.55
1068	7.6894	206.42
1069	8.0060	257.07
1070	8.4937	360.46
1071	8.5135	365.43
1072	8.1123	276.73
1074	10.0908	1090.54
1075	6.9855	126.72
1076	7.2878	156.26
1077	8.1336	280.84
1078	6.9363	122.47
1080	7.2237	149.47
1081	7.3031	157.92
1082	8.1089	276.07
1083	6.7407	106.94
1084	7.5278	184.54
1087	7.1368	140.73
1088	6.9470	123.38
1090	8.9860	507.06
1091	9.3386	647.43
1093	10.3041	1264.27
1094	7.3690	165.31
1095	6.3884	83.77
1096	6.5633	94.57
1098	7.3130	159.01
1099	6.6680	101.69
1101	8.3181	319.16
1102	7.6648	202.93
1103	11.3803	2665.73
1104	11.7910	3543.59
1106	6.7188	105.33
1107	6.5081	91.02
1108	6.9443	123.15
1109	6.1318	70.12
1110	7.6614	202.45
1111	6.2020	73.62
1112	7.2815	155.58
1114	6.2133	74.20
1115	6.2690	77.12
1116	7.4862	179.30
1117	6.2615	76.72
1119	6.0887	68.06
1120	6.1655	71.78
1121	7.1142	138.54
1122	7.5677	189.71
1123	8.0290	261.20
1125	7.7762	219.21
1127	7.6954	207.27
1128	7.4595	176.01
1129	6.9827	126.47
1130	7.4388	173.50
1131	6.6737	102.09
1132	7.0313	130.81
1133	7.6559	201.68
1134	7.8395	229.04
1135	7.9392	245.44
1136	8.1076	275.82
1137	6.9569	124.23
1138	8.1111	276.50
1139	7.6088	195.20
1140	8.5439	373.23
1141	9.8002	891.57
1142	8.2410	302.54
1143	6.0177	64.79
1144	6.2858	78.02
1146	5.4525	43.79
1147	6.4074	84.88
1148	6.7757	109.57
1149	6.9067	119.98
1150	7.9276	243.47
1151	6.6087	97.59
1152	6.2424	75.71
1154	8.7189	421.36
1155	7.8938	237.83
1156	8.5391	371.99
1157	8.1101	276.31
1158	9.1762	578.50
1159	5.1318	35.06
1161	7.2897	156.46
1162	6.5354	92.76
1163	6.9009	119.50
1164	9.6369	796.14
1166	8.5518	375.28
1167	8.2572	305.95
1168	8.1753	289.08
1169	8.0085	257.51
1170	7.4039	169.35
1172	6.4919	90.00
1173	8.9628	498.98
1174	7.8511	230.90
1176	7.0137	129.22
1177	7.4849	179.13
1178	8.2583	306.19
1179	7.7212	211.01
1180	7.2610	153.38
1181	6.5578	94.21
1182	11.5762	3053.37
1183	9.9020	956.74
1184	8.1934	292.72
1185	8.2042	294.92
1186	9.0421	527.17
1187	7.7112	209.55
1188	7.5069	181.89
1190	8.9577	497.19
1191	10.8635	1863.14
1192	6.1208	69.59
1193	6.9417	122.93
1195	7.8302	227.57
1197	7.4294	172.37
1198	7.0181	129.62
1199	8.0278	260.98
1200	8.9190	484.05
1201	7.5736	190.50
1202	7.3675	165.14
1203	7.6459	200.28
1204	7.2435	151.53
1205	6.5251	92.10
1206	7.3331	161.24
1208	7.1992	146.95
1209	6.1607	71.54
1210	8.7719	437.13
1211	8.1489	283.83
1212	9.8193	903.45
1213	7.8172	225.54
1214	7.1725	144.26
1215	6.5935	96.57
1216	9.3038	632.00
1217	8.2442	303.22
1218	8.1065	275.61
1219	7.8026	223.26
1220	7.7887	221.12
1221	9.4696	708.98
1222	8.5325	370.29
1223	8.3035	315.93
1224	9.8299	910.10
1225	7.9509	247.43
1226	11.8165	3606.81
1227	7.5963	193.51
1228	9.0276	521.88
1229	7.3797	166.54
1230	6.4761	89.02
1231	10.4017	1352.80
1232	9.3790	665.83
1233	7.7580	216.46
1234	9.5872	769.21
1235	9.0001	512.03
1236	7.9351	244.74
1237	6.7033	104.21
1238	6.7240	105.71
1240	7.0527	132.76
1242	7.1114	138.28
1243	8.4995	361.92
1244	11.3456	2602.32
1245	9.1698	575.97
1246	7.8740	234.59
1247	7.7331	212.76
1248	8.0552	265.98
1249	8.1834	290.70
1250	7.9771	251.97
1251	9.0891	544.63
1252	9.2653	615.38
1253	7.7590	216.62
1254	5.9898	63.55
1256	8.2028	294.64
1257	6.8811	117.87
1258	7.5291	184.71
1259	6.9683	125.22
1260	6.5723	95.16
1262	6.5612	94.43
1263	8.4623	352.70
1264	7.8668	233.42
1265	8.7540	431.74
1266	7.6633	202.72
1267	8.7447	428.97
1268	9.3212	639.67
1269	10.1348	1124.27
1270	7.2707	154.42
1271	9.8756	939.39
1272	9.7475	859.60
1274	7.1801	145.02
1275	7.6984	207.70
1276	8.4434	348.11
1277	8.7885	442.17
1278	8.8643	466.05
1279	8.9066	479.90
1280	7.7461	214.69
1281	6.9495	123.60
1282	8.0731	269.30
1283	7.9736	251.36
1284	7.3714	165.58
1285	7.2358	150.73
1286	7.2960	157.15
1287	8.0028	256.49
1289	6.8230	113.22
1291	6.7616	108.50
1292	8.3751	332.01
1293	8.4904	359.65
1294	8.8369	457.26
1295	8.2605	306.66
1297	8.3207	319.72
1298	7.1531	142.33
1299	7.7669	217.80
1300	9.6718	815.67
1301	11.4541	2805.70
1302	7.3859	167.26
1303	8.8073	447.97
1304	9.5645	757.21
1305	9.6660	812.37
1306	8.6942	414.20
1307	8.8768	470.09
1308	8.4447	348.43
1309	6.7204	105.45
1310	7.7966	222.33
1311	6.9594	124.45
1314	9.4311	690.32
1315	9.5282	738.35
1316	10.1922	1169.95
1317	11.0512	2121.97
1318	10.0745	1078.30
1319	9.2542	610.66
1320	7.3277	160.64
1322	8.2141	296.96
1323	7.4333	172.84
1324	7.0735	134.69
1325	5.9605	62.27
1326	8.5603	377.49
1328	6.5495	93.67
1329	7.3627	164.59
1330	6.5014	90.60
1331	5.8395	57.26
1332	6.6190	98.29
1333	6.2583	76.55
1334	8.0668	268.14
1335	7.5605	188.77
1336	8.1179	277.80
1337	8.1583	285.69
1338	7.5190	183.42
1339	9.4824	715.31
1340	9.7779	877.88
1341	7.8603	232.37
1342	7.8051	223.65
1343	7.7865	220.78
1344	10.3835	1335.82
1345	9.7140	839.86
1346	8.3008	315.34
1347	6.5951	96.68
1348	8.1548	284.99
1349	8.6880	412.43
1350	6.3821	83.41
1351	9.2171	595.14
1352	9.7672	871.42
1353	7.4234	171.66
1354	7.7270	211.87
1355	7.0567	133.13
1356	7.3616	164.46
1357	9.0504	530.22
1358	8.3606	328.70
1359	7.4410	173.77
1361	8.0361	262.49
1362	9.1338	561.77
1363	8.2862	312.17
1364	9.1404	564.35
1365	8.7204	421.80
1366	7.5687	189.85
1367	10.0601	1067.59
1368	10.9454	1971.88
1369	8.3147	318.40
1370	8.1609	286.21
1371	9.6313	793.06
1372	7.7321	212.61
1373	8.1668	287.38
1374	9.0440	527.86
1375	9.3185	638.47
1376	9.9655	999.77
1377	9.9173	966.94
1378	9.7817	880.23
1379	8.1681	287.64
1381	8.3344	322.78
1382	7.9380	245.23
1383	6.6559	100.84
1385	8.8404	458.37
1386	8.0220	259.93
1387	9.0683	536.84
1388	8.0047	256.84
1389	6.4896	89.86
1390	6.7257	105.84
1391	9.2381	603.87
1393	8.5341	370.70
1395	8.9824	505.78
1396	9.0913	545.46
1397	9.2084	591.58
1398	9.0624	534.62
1399	8.5477	374.22
1401	8.4368	346.51
1402	8.9015	478.21
1404	7.1749	144.50
1405	10.0017	1025.24
1406	9.8333	912.24
1408	6.3568	81.96
1409	6.7588	108.29
1410	8.0620	267.25
1411	7.6903	206.55
1412	6.5174	91.61
1413	9.2469	607.57
1414	7.9152	241.39
1415	8.7903	442.73
1416	9.5146	731.42
1417	8.4233	343.29
1418	8.1716	288.34
1419	8.7820	440.20
1420	10.4157	1365.94
1421	8.5024	362.64
1423	12.0961	4378.00
1424	8.0596	266.79
1427	8.9610	498.34
1428	8.1991	293.88
1429	7.3919	167.95
1430	7.5973	193.65
1431	7.7223	211.18
1432	7.8124	224.78
1433	6.3165	79.70
1435	6.8328	113.99
1438	7.3409	162.12
1439	6.7692	109.08
1440	7.3663	165.00
1442	6.6267	98.82
1444	6.8339	114.08
1445	7.9784	252.20
1446	7.9486	247.04
1447	7.2921	156.73
1448	7.1663	143.64
1450	8.3736	331.67
1451	8.3459	325.37
1452	8.3385	323.70
1453	8.1772	289.46
1454	7.8313	227.75
1455	7.8889	237.03
1456	8.1210	278.39
1457	7.5466	186.96
1458	6.7856	110.32
1459	7.6581	201.99
1462	9.2858	624.17
1463	8.9559	496.59
1465	7.0761	134.93
1466	8.3084	317.01
1467	7.5904	192.72
1472	5.9766	62.97
1473	7.5006	181.10
1475	7.6446	200.11
1476	9.1488	567.62
1477	7.3004	157.63
1478	7.6787	204.89
1479	8.2657	307.76
1480	8.1349	281.09
1481	7.6108	195.47
1482	9.1358	562.55
1483	9.4187	684.42
1484	9.4360	692.67
1485	9.7011	832.37
1486	9.2887	625.41
1487	9.4973	722.72
1488	10.1199	1112.75
1489	7.7361	213.20
1494	9.0220	519.86
1495	9.2795	621.46
1496	9.2001	588.19
1497	9.4004	675.77
1498	9.4748	711.54
1499	9.6253	789.76
1500	10.6832	1644.29
1501	6.6305	99.08
1502	6.2307	75.10
1504	6.0740	67.37
1505	5.9115	60.19
1506	6.0126	64.56
1507	5.6693	50.89
1509	6.7017	104.09
1512	6.6363	99.48
1516	6.0991	68.55
1519	7.3834	166.97
1521	8.7152	420.27
1522	8.6180	392.90
1523	7.3872	167.40
1526	6.6977	103.80
1527	6.6171	98.16
1529	7.1305	140.12
1530	7.4424	173.93
1531	6.5379	92.92
1532	7.1204	139.14
1533	8.2889	312.76
1534	8.4088	339.87
1536	7.6604	202.31
1538	7.6745	204.29
1539	8.2515	304.75
1540	10.5456	1494.65
1542	7.6836	205.58
1543	6.7601	108.39
1544	7.7909	221.46
1545	7.5578	188.42
1546	8.3257	320.83
1547	8.8250	453.52
1551	9.3541	654.42
1552	9.5452	747.12
1553	6.9279	121.76
1554	6.1371	70.38
1555	5.9383	61.32
1556	7.7600	216.77
1557	6.7319	106.29
1559	6.1424	70.64
1561	8.0004	256.07
1562	7.2092	147.97
1563	8.1980	293.65
1565	7.7020	208.23
1568	9.7356	852.53
1569	8.2077	295.64
1570	8.2778	310.36
1571	7.9850	253.36
1572	7.3523	163.40
1573	6.4211	85.69
1574	7.4761	178.05
1575	6.8898	118.59
1577	7.7259	211.70
1578	7.3249	160.33
1579	6.1564	71.33
1580	5.8723	58.58
1581	6.5990	96.94
1582	7.4501	174.86
1583	7.2408	151.25
1584	7.8217	226.24
1585	10.3896	1341.43
1586	8.8662	466.65
1587	7.9029	239.33
1588	8.2361	301.51
1589	7.7657	217.62
1590	6.9752	125.82
1591	8.3701	330.86
1592	7.5916	192.89
1593	6.3600	82.14
1595	7.2597	153.25
1596	6.3441	81.24
1597	6.9522	123.83
1598	6.5699	95.00
1599	7.9327	244.34
1600	8.1921	292.46
1601	8.6321	396.74
1602	6.9165	120.80
1603	8.7650	435.03
1604	7.4221	171.51
1606	7.9256	243.14
1607	10.4868	1434.95
1608	7.6824	205.42
1609	7.3467	162.77
1610	7.4774	178.20
1611	6.6008	97.06
1613	7.5995	193.95
1617	8.1631	286.65
1618	7.3479	162.91
1619	8.8554	463.17
1620	9.5669	758.44
1621	6.7823	110.07
1622	6.7072	104.49
1623	7.4345	172.99
1625	6.3007	78.83
1626	6.7969	111.19
1627	7.5232	183.96
1628	7.9646	249.79
1629	7.2119	148.25
1632	7.7558	216.13
1633	7.4625	176.37
1634	8.1871	291.44
1635	8.5965	387.08
1636	7.5497	187.37
1637	7.0983	137.03
1638	7.7087	209.19
1640	8.6398	398.88
1641	10.3285	1285.85
1642	7.8984	238.59
1643	6.6775	102.36
1644	6.3038	79.00
1645	6.9647	124.91
1646	6.2655	76.93
1647	6.3071	79.18
1648	6.0407	65.83
1649	6.7629	108.60
1650	6.4639	88.27
1651	7.2943	156.97
1652	6.8689	116.88
1653	6.5455	93.41
1654	6.4735	88.86
1655	10.6293	1583.90
1656	8.6704	407.43
1657	6.7645	108.72
1658	9.0838	542.62
1659	9.0555	532.08
1660	8.3723	331.36
1661	8.3285	321.46
1663	10.2661	1231.38
1664	9.6091	780.96
1665	7.5878	192.38
1667	6.4947	90.18
1670	7.4536	175.29
1672	7.2850	155.96
1673	6.7786	109.79
1674	7.2564	152.89
1675	6.1761	72.31
1676	7.0336	131.02
1677	7.6997	207.90
1678	8.8735	469.01
1679	9.4902	719.17
1680	8.0563	266.19
1681	8.4157	341.50
1682	8.9804	505.08
1683	7.6765	204.57
1686	7.3908	167.82
1688	7.4168	170.87
1689	8.6866	412.03
1690	9.3765	664.68
1691	9.4494	699.10
1692	9.6775	818.86
1693	9.7168	841.49
1694	9.9511	989.90
1695	9.8471	921.03
1696	10.4783	1426.52
1697	10.5391	1487.89
1698	10.7846	1763.90
1699	10.6048	1557.23
1700	10.9186	1935.71
1701	10.7942	1775.70
1702	8.0450	264.12
1703	8.2452	303.43
1704	7.8228	226.41
1706	8.9937	509.78
1707	11.1934	2341.76
1708	6.5062	90.90
1709	8.9132	482.11
1710	8.6771	409.31
1711	8.2305	300.35
1712	7.9429	246.06
1713	7.0589	133.33
1714	7.9316	244.15
1715	7.9874	253.78
1716	9.6336	794.33
1718	7.9634	249.58
1719	10.2719	1236.36
1720	10.0992	1096.87
1721	8.4026	338.40
1722	8.5284	369.24
1723	10.3220	1280.05
1727	8.1694	287.89
1728	6.4994	90.47
1729	7.2183	148.91
1730	8.7268	423.67
1732	8.2090	295.90
1733	8.8204	452.08
1734	9.9776	1008.20
1736	8.3620	329.02
1737	6.5800	95.67
1738	6.8190	112.91
1739	6.2898	78.24
1740	6.5916	96.44
1741	5.7450	53.63
1743	7.7739	218.87
1745	8.5880	384.81
1747	8.4001	337.82
1748	7.4112	170.21
1749	7.1977	146.80
1750	9.6815	821.15
1751	6.5595	94.32
1754	6.9782	126.08
1755	7.0303	130.72
1757	6.3345	80.70
1758	7.3431	162.36
1759	6.5129	91.32
1760	9.2339	602.13
1763	7.0910	136.33
1764	6.4148	85.32
1765	6.8544	115.71
1766	7.4377	173.37
1767	7.8405	229.20
1768	7.9660	250.03
1770	7.1231	139.40
1771	8.2752	309.80
1773	6.8249	113.37
1774	6.6344	99.35
1775	8.3063	316.56
1776	7.4818	178.75
1777	7.9288	243.67
1778	8.0708	268.88
1779	8.2065	295.40
1782	10.0430	1054.96
1783	6.9554	124.10
1784	6.2512	76.17
1787	7.3509	163.24
1788	8.0698	268.69
1789	7.7930	221.78
1790	12.1734	4619.12
1791	8.3271	321.15
1792	9.3711	662.17
1793	9.4946	721.37
1794	8.9221	485.09
1795	8.3593	328.40
1796	9.7943	887.95
1798	7.1294	140.01
1799	6.8753	117.40
1800	6.6792	102.48
1802	7.9623	249.39
1803	8.2877	312.50
1804	7.1463	141.66
1805	7.3987	168.74
1807	7.2829	155.73
1808	7.2538	152.62
1809	7.5937	193.17
1810	6.5437	93.29
1811	6.7999	111.42
1812	7.0868	135.94
1813	7.0555	133.02
1814	7.3897	167.70
1816	9.4844	716.31
1817	10.6209	1574.74
1818	10.5155	1463.80
1819	7.2932	156.85
1821	8.2198	298.13
1822	7.2584	153.11
1824	8.1812	290.26
1825	7.9018	239.15
1826	7.3975	168.61
1827	7.6511	201.01
1828	8.6802	410.21
1829	10.5614	1511.13
1830	10.8541	1851.07
1831	9.6909	826.49
1832	10.8457	1840.30
1833	7.1399	141.03
1834	6.2830	77.87
1838	6.4971	90.33
1839	6.8776	117.59
1840	6.9915	127.25
1841	6.8570	115.92
1842	7.2576	153.02
1843	5.8826	59.00
1844	7.1217	139.27
1845	8.4797	356.98
1846	8.4520	350.20
1847	8.7504	430.65
1848	9.5230	735.71
1849	11.7457	3434.11
1850	10.9076	1921.01
1852	8.9745	503.03
1853	8.3529	326.95
1854	6.8309	113.84
1856	7.4474	174.54
1857	10.7227	1689.88
1858	10.2989	1259.73
1859	9.2042	589.83
1860	8.8856	472.97
1861	9.6147	783.99
1862	9.9622	997.51
1863	9.4572	702.89
1864	9.7622	868.39
1865	8.5736	380.99
1866	10.4351	1384.44
1867	6.9124	120.46
1868	8.1897	291.98
1871	8.8609	464.94
1872	8.6125	391.39
1873	9.8220	905.16
1874	8.9403	491.23
1875	9.2906	626.26
1876	6.7923	110.84
1877	7.0024	128.21
1878	6.8431	114.81
1879	6.9672	125.12
1880	6.8847	118.17
1882	7.5927	193.03
1884	6.7525	107.82
1885	6.6124	97.84
1886	7.2862	156.09
1889	6.1847	72.74
1890	5.5814	47.88
1891	8.0541	265.78
1892	11.6020	3108.50
1893	7.2522	152.45
1894	9.5312	739.91
1895	7.7808	219.92
1896	8.3762	332.27
1897	7.5532	187.82
1898	7.1319	140.25
1899	7.7341	212.91
1900	7.6813	205.26
1902	9.0236	520.44
1903	8.4769	356.29
1904	9.4209	685.46
1905	9.6224	788.21
1909	10.4285	1378.16
1910	8.9271	486.78
1911	7.4247	171.81
1912	8.8336	456.23
1913	7.1812	145.13
1914	7.3762	166.13
1915	8.3098	317.33
1916	8.7616	434.00
1917	8.0997	274.31
1918	7.0477	132.30
1920	9.4447	696.86
1921	8.3423	324.56
1923	9.1679	575.19
1924	8.3333	322.53
1925	9.2448	606.70
1926	10.3652	1318.96
1927	8.8512	461.83
1928	8.1703	288.07
1929	8.8172	451.08
1930	8.0420	263.57
1931	7.7819	220.08
1932	7.1189	139.00
1933	8.4864	358.65
1934	11.9183	3870.45
1935	13.4627	11289.65
1936	9.8794	941.87
1937	7.5083	182.07
1940	9.4471	698.03
1941	8.4853	358.36
1942	7.6426	199.83
1943	9.1659	574.41
1944	8.3790	332.91
1945	8.8190	451.63
1946	7.6873	206.11
1947	8.2268	299.58
1949	6.9080	120.09
1950	7.7856	220.64
1951	7.7785	219.56
1952	7.7190	210.70
1953	6.6434	99.97
1954	6.5225	91.93
1955	7.1489	141.92
1956	6.3219	80.00
1957	7.1676	143.77
1958	7.6726	204.02
1959	7.8207	226.08
1961	7.2908	156.59
1962	7.1926	146.28
1963	7.0950	136.71
1964	8.7561	432.37
1965	7.2684	154.17
1966	8.2947	314.02
1967	7.4713	177.45
1968	7.2660	153.92
1969	9.0699	537.43
1970	7.7417	214.04
1972	7.1621	143.22
1973	8.3125	317.91
1974	9.4672	707.81
1975	8.1882	291.67
1976	8.5233	367.94
1977	8.4202	342.55
1979	9.9276	973.91
1980	7.7645	217.45
1981	7.0797	135.27
1982	6.2549	76.37
1983	7.5771	190.96
1984	7.0110	128.98
1986	8.0339	262.08
1987	7.0668	134.07
1988	6.4714	88.73
1989	6.4807	89.31
1990	7.5523	187.70
1991	7.5213	183.71
1992	6.6509	100.49
1993	7.2041	147.45
1995	7.1101	138.15
1997	6.2230	74.70
1999	5.8592	58.05
2002	8.1503	284.11
2003	7.9360	244.89
2004	7.5845	191.94
2005	7.3966	168.50
2007	7.7624	217.13
2008	7.5798	191.32
2009	6.5673	94.83
2010	5.9470	61.69
2012	6.6758	102.24
2014	12.3240	5127.50
2016	8.7522	431.21
2017	9.0796	541.06
2018	8.2849	311.89
2019	8.7788	439.23
2020	7.8101	224.42
2021	9.4284	689.03
2022	10.4419	1391.03
2024	7.0250	130.24
2026	7.0858	135.84
2027	6.6469	100.21
2029	6.2765	77.52
2032	10.4930	1441.19
2033	5.8512	57.73
2034	7.4076	169.79
2041	6.8467	115.10
2042	5.5540	46.98
2044	13.2637	9834.67
2045	8.2738	309.51
2046	8.5936	386.30
2047	7.6472	200.46
2049	7.7521	215.59
2050	7.7488	215.09
2051	7.8260	226.91
2052	7.9613	249.22
2053	8.9480	493.88
2054	7.3121	158.91
2055	6.9726	125.59
2056	6.5475	93.54
2057	7.5315	185.01
2058	6.7740	109.44
2059	7.0809	135.38
2060	7.0935	136.57
2061	7.8290	227.39
2062	7.7702	218.31
2063	7.8427	229.55
2064	7.7051	208.68
2065	7.3110	158.79
2066	7.8855	236.47
2067	8.5192	366.89
2069	7.9415	245.82
2070	7.8111	224.59
2073	6.9713	125.48
2074	9.2607	613.40
2075	8.5009	362.27
2076	10.0249	1041.82
2077	7.3059	158.23
2078	7.6682	203.40
2079	9.9093	961.63
2081	8.1415	282.38
2082	7.9164	241.59
2083	6.9984	127.86
2084	8.3646	329.60
2085	6.8056	111.86
2086	6.7456	107.31
2087	7.0841	135.68
2088	8.0986	274.10
2089	6.0592	66.68
2091	7.0881	136.06
2092	8.1596	285.94
2093	6.0670	67.04
2095	7.1597	142.98
2096	5.7745	54.74
2098	6.3628	82.30
2099	6.0531	66.40
2100	6.8721	117.14
2101	6.3705	82.74
2103	7.1961	146.64
2105	5.4851	44.79
2106	6.2180	74.44
2107	6.5880	96.20
2111	7.4665	176.87
2113	6.3377	80.88
2114	7.8689	233.76
2116	8.1243	279.04
2117	9.3954	673.42
2118	8.2962	314.34
2119	8.3633	329.31
2120	8.0877	272.04
2121	9.0081	514.89
2122	9.4077	679.18
2123	7.5566	188.26
2124	7.4874	179.44
2125	8.4102	340.18
2126	7.2447	151.66
2127	8.5950	386.69
2128	9.7080	836.36
2129	9.9550	992.53
2130	7.4488	174.71
2131	12.7042	6673.42
2132	9.2310	600.91
2133	8.5529	375.56
2134	6.8481	115.21
2135	7.0656	133.95
2136	7.0379	131.41
2137	7.6053	194.72
2138	9.3683	660.91
2139	7.4687	177.14
2140	10.9700	2005.82
2141	12.1303	4483.16
2142	10.0297	1045.29
2143	7.9403	245.63
2144	6.6836	102.79
2148	7.8454	229.99
2149	8.7056	417.48
2150	9.5474	748.24
2151	10.5705	1520.65
2152	8.0659	267.96
2153	7.6570	201.83
2154	6.6925	103.43
2155	8.3170	318.90
2156	9.1592	571.72
2157	6.8367	114.30
2158	8.5037	362.98
2159	8.4076	339.57
2160	8.6335	397.14
2161	7.2803	155.45
2162	8.0073	257.29
2163	8.6011	388.33
2164	9.6565	807.06
2165	8.8753	469.60
2166	8.5828	383.43
2167	8.0531	265.59
2168	6.9307	122.00
2169	7.7124	209.73
2170	7.2672	154.04
2171	7.1949	146.51
2172	7.4546	175.41
2173	6.6615	101.23
2175	6.6402	99.75
2177	6.2468	75.94
2178	7.6485	200.65
2179	6.5272	92.23
2180	7.2969	157.25
2181	7.5651	189.37
2183	6.6328	99.24
2184	7.3455	162.64
2185	6.7304	106.18
2187	8.6365	397.97
2188	9.1052	550.73
2190	7.5057	181.73
2191	8.0195	259.48
2192	8.0207	259.70
2195	8.0388	262.97
2196	7.3265	160.51
2197	8.1463	283.33
2198	6.6889	103.17
2199	7.8877	236.83
2200	7.7450	214.53
2201	10.8969	1906.78
2202	9.2728	618.57
2203	8.2152	297.19
2204	7.0515	132.65
2205	7.2170	148.78
2206	8.9444	492.64
2207	6.4832	89.46
2210	7.9691	250.58
2211	8.7952	444.23
2212	8.8995	477.54
2213	7.2159	148.66
2214	7.7844	220.46
2216	8.4508	349.89
2217	8.6140	391.81
2218	7.5543	187.96
2219	9.1259	558.69
2220	8.5374	371.54
2221	10.8341	1825.58
2223	9.5992	775.62
2224	7.3558	163.80
2225	8.3024	315.69
2226	9.6282	791.37
2227	7.9074	240.09
2228	7.6177	196.40
2230	6.7872	110.45
2232	8.3398	323.98
2233	8.3579	328.07
2234	8.2118	296.48
2235	8.1043	275.19
2237	7.8488	230.53
2238	7.3774	166.27
2241	6.3288	80.38
2243	9.3737	663.38
2244	10.1294	1120.07
2245	8.9171	483.40
2246	8.4407	347.47
2247	8.0632	267.46
2248	7.2347	150.61
2249	8.0116	258.07
2251	7.5836	191.82
2255	6.8161	112.68
2256	7.6098	195.34
2257	7.5118	182.51
2259	6.7156	105.10
2261	6.6212	98.44
2262	9.8045	894.23
2263	7.7474	214.88
2264	7.4607	176.16
2265	7.1009	137.27
2266	7.1449	141.52
2267	8.5490	374.54
2268	8.0923	272.92
2269	7.3727	165.73
2270	8.7138	419.86
2271	8.3828	333.79
2274	6.9379	122.61
2276	8.7931	443.60
2278	6.8396	114.53
2281	7.0447	132.03
2282	6.7936	110.94
2283	7.9040	239.52
2284	6.7442	107.20
2285	5.8148	56.29
2286	8.9049	479.34
2287	8.4687	354.26
2288	8.3471	325.63
2292	5.6197	49.17
2296	6.9634	124.79
2297	7.6188	196.55
2300	6.9619	124.66
2301	7.5457	186.84
2302	8.5268	368.83
2303	8.8106	449.02
2304	9.2816	622.36
2305	7.8624	232.71
2306	7.6533	201.32
2307	7.9702	250.76
2308	7.9236	242.80
2309	9.0989	548.33
2310	8.2764	310.05
2311	7.6242	197.30
2312	7.8843	236.27
2313	7.1502	142.04
2314	11.6318	3173.42
2315	9.4873	717.73
2316	9.6536	805.43
2317	10.9583	1989.67
2318	10.5885	1539.79
2320	10.1033	1100.00
2321	6.8034	111.69
2322	8.9962	510.67
2323	8.6486	401.32
2324	10.6368	1592.20
2325	11.1200	2225.65
2326	9.0522	530.86
2328	9.0199	519.12
2329	8.5982	387.55
2330	9.7438	857.41
2331	9.0142	517.08
2332	8.5706	380.20
2333	9.3162	637.48
2334	7.9461	246.62
2335	9.0160	517.72
2336	8.7360	426.38
2337	9.3907	671.23
2338	9.8098	897.50
2339	9.3511	653.08
2340	10.0553	1063.98
2341	8.2727	309.26
2344	7.1700	144.01
2345	7.8727	234.38
2348	7.6041	194.56
2349	7.3195	159.73
2350	6.9887	127.00
2352	7.3750	166.00
2353	6.9581	124.34
2354	5.8909	59.34
2355	6.9254	121.55
2356	8.5313	369.98
2357	7.0491	132.43
2358	8.3448	325.11
2359	9.2219	597.13
2360	8.0858	271.69
2361	10.7122	1677.67
2362	9.3359	646.24
2363	8.0743	269.53
2364	6.6907	103.30
2366	8.0909	272.65
2367	9.1565	570.65
2370	9.3090	634.29
2371	9.0298	522.68
2372	8.2694	308.56
2373	8.6658	406.14
2374	10.1702	1152.22
2375	7.6734	204.14
2376	8.6788	409.80
2377	11.3241	2563.81
2378	10.8235	1812.14
2379	7.8197	225.92
2380	7.3343	161.38
2381	8.3554	327.50
2382	11.4170	2734.36
2383	8.3963	336.92
2384	7.4448	174.23
2385	6.4045	84.71
2386	7.6030	194.42
2387	6.7720	109.29
2388	7.0921	136.44
2389	7.5399	186.10
2390	9.2702	617.46
2391	7.9519	247.61
2392	8.4216	342.90
2393	9.4236	686.71
2395	10.3582	1312.61
2396	8.8224	452.71
2397	8.2504	304.53
2399	13.5831	12272.08
2400	14.0268	16690.85
2401	7.9550	248.13
2402	6.4786	89.18
2403	6.4496	87.40
2405	6.2350	75.32
2406	7.4996	180.97
2407	7.2740	154.77
2409	6.5818	95.79
2411	6.2730	77.33
2412	6.5515	93.80
2414	7.0615	133.57
2415	13.8556	14823.04
2416	8.8588	464.27
2417	8.4459	348.71
2418	8.9341	489.14
2419	9.4417	695.42
2420	10.3342	1290.93
2422	7.2695	154.29
2423	7.8763	234.96
2424	8.2104	296.19
2425	8.0508	265.17
2426	8.4245	343.58
2427	8.2348	301.25
2428	8.7804	439.72
2430	8.0019	256.33
2431	9.0101	515.59
2432	8.8494	461.26
2433	8.6928	413.80
2434	7.1902	146.04
2435	7.6156	196.12
2436	7.1585	142.86
2442	7.1688	143.89
2443	5.5157	45.75
2444	7.6500	200.85
2448	7.5759	190.80
2449	6.9942	127.49
2450	9.8716	936.81
2452	9.3119	635.55
2453	9.3585	656.42
2454	10.0954	1094.04
2455	9.9584	994.90
2456	10.2553	1222.22
2457	7.0125	129.11
2458	6.6943	103.56
2459	6.7840	110.20
2460	6.8278	113.60
2461	6.0466	66.10
2463	8.1514	284.33
2465	8.3974	337.19
2466	8.8350	456.68
2467	7.1826	145.27
2468	8.8838	472.38
2469	8.2177	297.69
2470	9.0374	525.44
2471	7.9568	248.44
2472	8.4260	343.93
2473	6.6648	101.46
2474	7.7074	209.01
2475	8.8923	475.17
2476	7.0784	135.15
2478	8.6834	411.11
2480	6.7053	104.35
2481	6.2100	74.03
2482	8.0469	264.46
2483	8.2973	314.59
2484	8.8158	450.63
2485	12.6205	6297.04
2487	9.8433	918.62
2488	10.1084	1103.87
2489	10.2774	1241.06
2490	9.8909	949.39
2491	10.4566	1405.27
2492	11.7157	3363.33
2493	7.5892	192.56
2495	7.4984	180.82
2496	7.8702	233.97
2497	7.4157	170.74
2498	8.8283	454.54
2499	8.0779	270.21
2501	7.7919	221.61
2504	7.5485	187.21
2505	8.7297	424.51
2507	7.0579	133.24
2508	7.9299	243.85
2509	9.5340	741.34
2510	9.7596	866.80
2511	8.7631	434.47
2512	9.0333	523.96
2513	10.6937	1656.19
2514	9.5174	732.85
2515	8.3541	327.21
2516	8.8800	471.13
2517	9.3633	658.62
2518	7.6219	196.98
2519	7.3822	166.83
2520	6.7136	104.95
2521	7.6291	197.97
2522	9.5844	767.68
2524	8.2335	300.98
2525	6.4179	85.50
2526	7.0325	130.92
2530	8.1257	279.30
2534	7.9831	253.01
2536	6.8795	117.74
2539	7.6279	197.80
2540	9.6461	801.22
2541	8.3241	320.49
2544	8.7985	445.27
2546	7.1076	137.91
2547	6.7221	105.57
2549	8.9462	493.26
2550	9.2101	592.28
2553	11.8494	3689.96
2554	6.8926	118.82
2555	8.4380	346.82
2556	8.6279	395.60
2557	7.3234	160.16
2559	7.8774	235.15
2560	7.5155	182.98
2561	7.6337	198.60
2562	7.0896	136.20
2564	5.9688	62.63
2565	6.1701	72.01
2566	5.9203	60.56
2568	8.2165	297.44
2571	9.2834	623.15
2572	9.5815	766.17
2573	8.7023	416.55
2574	9.1977	587.20
2575	6.7556	108.05
2577	8.5252	368.42
2578	7.9086	240.28
2579	7.0682	134.20
2580	9.6434	799.73
2581	9.3890	670.44
2582	7.3419	162.23
2583	7.4461	174.38
2584	9.9247	971.90
2585	10.0858	1086.76
2587	7.1258	139.66
2589	7.1738	144.39
2590	7.2064	147.69
2591	6.3192	79.85
2592	7.2991	157.49
2593	9.6748	817.33
2594	9.2067	590.86
2595	7.6928	206.90
2596	7.5385	185.92
2597	5.9006	59.74
2598	7.4584	175.88
2599	6.8585	116.04
2602	6.5540	93.96
2605	6.7355	106.56
2608	7.2054	147.58
2609	5.9819	63.20
2610	8.2280	299.83
2611	8.4475	349.11
2614	7.6199	196.71
2615	8.1908	292.19
2616	7.9128	240.99
2617	6.1967	73.35
2618	7.1435	141.39
2619	7.1938	146.40
2620	8.8120	449.46
2621	9.7975	889.87
2622	10.3451	1300.76
2623	9.0538	531.46
2625	6.4474	87.27
2626	7.2980	157.37
2627	7.5354	185.51
2628	8.4041	338.76
2629	10.4079	1358.56
2630	9.3610	657.58
2631	8.7682	436.00
2632	8.9705	501.62
2633	8.8419	458.87
2634	9.0932	546.17
2635	8.7776	438.86
2636	8.9594	497.80
2638	8.3075	316.82
2639	8.2189	297.94
2640	8.5056	363.45
2641	7.7681	217.98
2642	7.9936	254.87
2643	7.8635	232.89
2644	8.1134	276.94
2645	8.6471	400.91
2646	8.8037	446.87
2647	8.6446	400.21
2648	7.0961	136.82
2649	9.0779	540.39
2650	9.5366	742.70
2651	6.4124	85.18
2653	11.0238	2082.09
2654	9.7190	842.76
2655	8.6196	393.34
2656	7.8579	231.98
2657	6.6452	100.09
2659	7.6326	198.44
2661	5.7597	54.18
2663	7.9898	254.20
2664	9.0760	539.70
2666	6.8382	114.42
2667	6.6716	101.94
2668	6.0241	65.08
2669	6.5654	94.71
2670	8.2128	296.69
2671	7.8361	228.51
2672	6.8658	116.63
2673	7.7832	220.28
2675	7.2013	147.17
2678	7.1177	138.88
2680	6.8178	112.81
2681	5.2690	38.56
2682	6.3315	80.53
2683	7.1840	145.41
2684	7.8064	223.85
2685	8.9841	506.39
2686	7.5699	190.01
2693	7.6166	196.26
2694	10.1156	1109.41
2695	8.8978	477.00
2696	9.5752	762.83
2697	9.7883	884.23
2699	8.2837	311.64
2701	7.0748	134.81
2702	8.2245	299.10
2703	8.4274	344.27
2704	8.5719	380.54
2705	7.7797	219.75
2706	7.3640	164.73
2707	7.0773	135.05
2708	6.8497	115.34
2709	6.2065	73.85
2710	7.1914	146.16
2711	8.6615	404.93
2712	8.6262	395.14
2713	7.0696	134.33
2714	7.2508	152.30
2715	8.6383	398.46
2716	9.2423	605.65
2717	9.6845	822.85
2718	10.3728	1325.93
2719	12.2166	4759.52
2720	12.4652	5654.65
2721	12.5470	5984.27
2722	12.2694	4936.77
2723	11.1786	2317.96
2724	9.9050	958.72
2725	8.2620	306.98
2726	8.3775	332.56
2727	7.9006	238.96
2728	7.5786	191.15
2729	7.5812	191.50
2731	7.3396	161.97
2733	6.9053	119.87
2734	7.3045	158.08
2735	9.1234	557.73
2736	7.7772	219.36
2737	7.4828	178.87
2738	7.1410	141.14
2739	8.5205	367.23
2741	6.9141	120.60
2742	9.2262	598.91
2744	9.2362	603.08
2745	9.2675	616.29
2746	11.0403	2106.03
2747	9.1923	584.99
2748	8.1956	293.17
2749	9.3817	667.07
2751	10.7024	1666.28
2752	8.6689	407.01
2753	8.7598	433.47
2754	8.5784	382.26
2755	8.8383	457.71
2756	8.9204	484.53
2757	8.5664	379.09
2758	8.1572	285.48
2759	8.5096	364.46
2760	7.4942	180.29
2761	7.0366	131.29
2762	7.7692	218.15
2763	7.6134	195.82
2764	6.1092	69.03
2765	6.7287	106.06
2766	9.6201	786.91
2767	8.6644	405.74
2768	8.8572	463.76
2769	9.3139	636.43
2770	8.1535	284.73
2771	7.7403	213.83
2772	9.3264	642.00
2773	9.0816	541.80
2774	9.2127	593.33
2775	8.6096	390.61
2776	8.5123	365.15
2777	6.1892	72.97
2778	8.5179	366.55
2779	8.1525	284.54
2780	7.8466	230.17
2781	7.7512	215.45
2782	8.6586	404.12
2783	7.1335	140.41
2784	8.2211	298.39
2785	12.8228	7245.14
2786	9.8678	934.33
2788	7.1853	145.54
2789	9.5542	751.78
2790	9.0180	518.43
2791	8.9361	489.81
2792	9.7915	886.21
2794	8.0962	273.65
2795	8.4879	359.01
2796	9.0971	547.65
2797	7.4062	169.62
2798	9.2286	599.91
2799	8.4607	352.31
2800	7.5721	190.29
2801	7.5328	185.18
2802	7.7138	209.94
2803	8.5573	376.70
2805	6.7487	107.54
2806	6.8737	117.27
2807	9.3930	672.32
2808	8.7088	418.42
2809	8.9895	508.30
2810	8.7429	428.44
2811	8.3949	336.61
2812	8.6068	389.85
2813	11.2078	2365.33
2814	11.2301	2402.19
2815	6.8959	119.09
2816	6.7904	110.69
2818	7.0433	131.90
2819	5.8056	55.93
2820	6.0061	64.27
2821	6.4097	85.02
2823	6.4520	87.55
2824	7.0420	131.78
2825	6.2390	75.53
2826	7.5340	185.34
2827	8.3297	321.72
2828	9.0856	543.31
2829	8.8089	448.49
2830	8.5648	378.67
2831	8.1644	286.90
2832	8.4421	347.79
2833	8.0460	264.29
2836	5.7107	52.37
2837	5.7293	53.05
2839	6.9769	125.97
2840	6.0783	67.57
2843	7.0352	131.16
2844	7.4701	177.31
2846	10.2930	1254.62
2847	6.7661	108.84
2848	8.0148	258.64
2849	8.8057	447.49
2850	8.5996	387.92
2851	10.6732	1632.88
2852	8.6414	399.32
2853	11.3057	2531.45
2854	7.2224	149.33
2855	8.8699	467.85
2856	8.6165	392.50
2857	8.1007	274.51
2858	8.1761	289.24
2859	9.4520	700.40
2860	8.6248	394.75
2861	9.5699	760.00
2862	7.5749	190.66
2863	9.4025	676.74
2864	9.4101	680.33
2865	8.0607	267.01
2866	8.1728	288.57
2868	9.9317	976.65
2872	6.5971	96.81
2873	6.4286	86.14
2876	7.8948	238.00
2878	8.1291	279.96
2879	8.0484	264.74
2880	6.9971	127.74
2881	7.3368	161.66
2882	7.8325	227.94
2883	8.4981	361.57
2884	11.4797	2855.81
2885	8.9784	504.38
2886	9.1639	573.61
2887	9.5115	729.85
2888	9.0041	513.47
2889	8.8534	462.54
2890	9.1782	579.32
2891	8.5633	378.27
2892	7.8374	228.71
2893	8.6293	395.98
2894	8.4660	353.61
2895	8.2931	313.68
2896	8.9765	503.72
2897	8.3667	330.09
2898	8.6350	397.55
2899	13.7162	13458.66
2900	10.3400	1296.10
2901	10.7331	1702.15
2902	13.1839	9305.97
2903	7.3180	159.57
2905	9.5510	750.11
2906	9.5003	724.25
2907	9.6690	814.06
2908	9.9473	987.26
2909	9.9888	1016.11
2910	8.5802	382.73
2911	8.8890	474.08
2912	8.3309	321.99
2913	8.0169	259.01
2916	7.2754	154.92
2918	10.1393	1127.82
2919	7.5375	185.78
2920	6.7170	105.20
2921	8.9422	491.90
2922	10.2409	1210.10
2923	8.4714	354.92
2924	6.3997	84.43
2925	8.1357	281.25
2926	9.1420	564.94
2927	7.1244	139.53
2928	7.9949	255.09
2929	8.0790	270.41
2930	8.6540	402.81
2931	10.2827	1245.66
2935	8.0254	260.54
2936	7.0279	130.50
2937	6.7677	108.96
2938	6.2931	78.42
2939	6.8673	116.75
2940	7.4752	177.93
2943	7.8809	235.71
2944	8.0127	258.27
2945	9.0021	512.75
2946	8.4646	353.27
2947	9.2562	611.49
2948	6.5419	93.18
2949	8.5590	377.14
2950	8.1823	290.48
2951	7.2790	155.31
2952	8.8473	460.58
2954	8.0265	260.74
2955	9.8401	916.57
2956	7.5142	182.81
2957	8.9236	485.59
2958	8.6848	411.52
2959	8.9517	495.15
2960	9.4720	710.18
2961	7.9821	252.85
2962	6.6576	100.96
2964	8.0039	256.70
2965	7.4280	172.21
2967	7.8151	225.20
2969	6.9039	119.75
2972	7.5424	186.42
2974	6.9023	119.62
2975	7.9218	242.49
2977	6.5035	90.73
2980	5.6952	51.81
2981	6.9955	127.60
2982	6.3679	82.59
2983	7.0996	137.15
2986	8.1857	291.16
2989	6.9335	122.23
2993	7.0209	129.87
2996	8.0180	259.22
2997	7.8864	236.62
2998	7.3317	161.09
2999	10.8756	1878.83
3000	7.5257	184.27
3001	6.1473	70.88
3002	6.6231	98.57
3003	7.3221	160.02
3004	6.7272	105.95
3005	6.8874	118.39
3006	6.5899	96.33
3007	6.6144	97.98
3008	6.4548	87.72
3009	7.4919	180.01
3010	6.4346	86.50
3011	7.6799	205.06
3012	7.5447	186.71
3013	7.9592	248.86
3014	6.8945	118.97
3016	7.4268	172.06
3017	8.9498	494.50
3018	7.8657	233.25
3019	8.9307	487.99
3020	8.5071	363.83
3021	7.3943	168.23
3022	10.0514	1061.14
3023	7.1378	140.83
3024	8.4547	350.85
3025	10.0782	1081.05
3026	8.5300	369.65
3027	7.2102	148.08
3029	9.6936	828.08
3030	7.1052	137.68
3031	6.4418	86.93
3032	6.9152	120.69
3034	9.2515	609.49
3035	8.1621	286.44
3036	7.3953	168.35
3037	7.7062	208.83
3038	7.8281	227.25
3039	7.8915	237.45
3040	8.5856	384.18
3041	10.9826	2023.45
3042	10.3785	1331.23
3045	7.7978	222.52
3048	6.8264	113.49
3051	6.1926	73.14
3052	8.2322	300.70
3053	7.4257	171.93
3054	7.7037	208.47
3055	7.4513	175.01
3056	7.5413	186.27
3057	5.8260	56.73
3058	5.7923	55.42
3062	6.7119	104.83
3064	13.0414	8430.36
3065	11.5063	2908.92
3066	6.8642	116.50
3067	6.5762	95.42
3068	6.9871	126.86
3069	7.4196	171.21
3070	8.0868	271.88
3071	6.4566	87.83
3072	7.9265	243.28
3073	9.2770	620.36
3074	7.8272	227.10
3075	9.8544	925.68
3076	8.0397	263.15
3077	7.4208	171.35
3078	7.3355	161.51
3081	6.7706	109.18
3082	9.2973	629.16
3083	9.0666	536.19
3084	9.5954	773.58
3085	9.1148	554.40
3086	8.5451	373.54
3087	8.0836	271.28
3088	8.8784	470.63
3089	6.9738	125.70
3090	7.4524	175.15
3091	11.9483	3951.77
3092	12.9503	7914.42
3093	8.0374	262.72
3094	7.4398	173.62
3095	8.7253	423.24
3097	9.6119	782.45
3098	10.1548	1140.00
3099	7.7878	220.99
3100	6.7335	106.41
3101	10.0818	1083.77
3102	9.9135	964.41
3104	7.7942	221.96
3105	7.4907	179.86
3106	7.5663	189.53
3107	6.7540	107.93
3112	7.4050	169.48
3113	7.6374	199.11
3114	7.1153	138.65
3115	7.4437	174.09
3116	6.9224	121.30
3117	6.7469	107.40
3119	7.2263	149.74
3120	6.8352	114.18
3121	7.0541	132.89
3122	6.6665	101.58
3124	7.2028	147.32
3125	7.4001	168.91
3126	6.9113	120.37
3127	7.7999	222.84
3128	7.9970	255.46
3129	7.7247	211.52
3130	7.5616	188.91
3131	6.5334	92.63
3132	6.8600	116.16
3133	6.3940	84.10
3135	6.9660	125.02
3136	6.6816	102.65
3137	6.4687	88.57
3138	6.4395	86.79
3139	6.2968	78.62
3140	6.7953	111.07
3141	6.8629	116.40
3143	6.5743	95.29
3144	7.3700	165.42
3146	8.9879	507.73
3147	7.3785	166.40
3148	10.0178	1036.69
3150	8.0243	260.34
3153	7.5625	189.04
3155	6.4234	85.83
3156	7.9177	241.80
3157	6.6384	99.62
3158	7.2457	151.77
3159	8.0440	263.92
3160	6.9998	127.98
3161	6.1258	69.83
3162	6.8072	111.99
3163	7.8134	224.94
3164	8.4892	359.33
3165	6.6492	100.37
3166	7.0037	128.33
3167	6.8104	112.24
3170	7.2419	151.37
3171	7.6704	203.71
3172	8.6109	390.96
3173	8.3711	331.09
3174	8.5359	371.17
3175	7.2624	153.53
3176	7.7751	219.04
3178	9.0578	532.93
3179	7.1542	142.44
3181	7.4727	177.62
3182	8.5406	372.36
3183	7.9797	252.42
3184	8.2398	302.29
3185	7.5475	187.08
3186	7.0097	128.86
3187	7.8567	231.80
3188	8.3682	330.42
3189	8.6746	408.61
3190	8.6731	408.20
3191	8.3842	334.11
3192	8.8874	473.55
3193	8.9081	480.40
3194	7.2145	148.52
3195	7.2838	155.83
3196	8.2824	311.36
3197	8.4061	339.23
3198	9.5726	761.45
3199	9.6595	808.73
3200	7.3095	158.63
3201	7.4784	178.33
3202	7.7181	210.56
3203	8.6557	403.30
3205	8.6025	388.69
3206	9.1721	576.86
3207	7.6018	194.25
3208	8.6307	396.38
3209	7.9958	255.25
3210	7.9864	253.60
3211	9.9703	1003.12
3212	7.7499	215.26
3213	7.3535	163.54
3214	6.8763	117.48
