1	0.1924
2	-0.8355
3	0.1318
4	-0.2202
5	
6	-0.4481
7	-0.1487
8	0.7406
9	0.274
10	-0.3106
11	0.1946
12	0.2585
13	0.2559
14	2.663
15	0.8528
16	-0.1272
17	0.1355
18	0.425
19	0.607
20	0.6309
21	0.6176
22	0.6601
23	0.2144
24	
25	0.5133
26	0.1865
27	0.4064
28	
29	
30	-0.2495
31	-0.2199
32	-0.8807
33	-0.1961
34	0.1304
35	-0.05743
36	-0.4394
37	-0.06985
38	-0.3483
39	-0.8363
40	-0.4571
41	-0.09716
42	-1.139
43	-0.623
44	-0.3435
45	-0.6384
46	-0.3598
47	0.2157
48	0.05753
49	0.04125
50	0.1604
51	0.1858
52	-0.1238
53	-0.1789
54	
55	-0.802
56	-0.7072
57	0.02043
58	0.2383
59	
60	-0.2244
61	-0.3764
62	-0.3949
63	-0.3732
64	-0.5554
65	-0.1019
66	-0.04686
67	-0.3725
68	-0.2529
69	-0.6872
70	-0.243
71	-0.6906
72	-0.3605
73	-0.2684
74	-0.5548
75	0.07328
76	-0.1795
77	-1.027
78	-0.6098
79	-0.1314
80	
81	0.1351
82	0.3239
83	
84	-0.04877
85	0.02439
86	-0.3515
87	
88	-0.4856
89	
90	0.0392
91	-0.528
92	0.4594
93	0.5865
94	2.045
95	0.792
96	1.621
97	
98	-0.06977
99	0.01926
100	
101	0.02884
102	0.1525
103	0.06289
104	0.1162
105	
106	0.0693
107	
108	-0.03694
109	-0.04895
110	0.1264
111	0.08408
112	-0.009339
113	0.4057
114	1.409
115	0.2715
116	0.3418
117	-0.3737
118	0.312
119	0.765
120	0.1279
121	0.1714
122	0.2402
123	
124	
125	0.1875
126	-0.3384
127	0.2815
128	-0.1581
129	0.0754
130	-0.0866
131	0.1573
132	0.1909
133	0.1146
134	-0.721
135	-0.314
136	-0.1131
137	-0.05674
138	-0.08065
139	
140	0.0164
141	0.3876
142	-0.1137
143	-0.08361
144	-0.1507
145	0.5536
146	
147	-0.05936
148	
149	
150	-0.1838
151	-0.8164
152	-0.1017
153	-0.8616
154	-0.3645
155	-0.5704
156	
157	0.008329
158	-0.02993
159	
160	0.06339
161	0.1034
162	0.02969
163	0.1855
164	0.1679
165	
166	0.04758
167	-0.6087
168	0.1662
169	0.4432
170	0.371
171	0.2131
172	0.7416
173	-0.007368
174	-0.01081
175	-0.1719
176	
177	0.1164
178	0.3319
179	0.4403
180	0.1745
181	-0.06271
182	-0.2781
183	-0.1421
184	-0.3629
185	-0.6731
186	-0.3479
187	
188	-0.3679
189	-0.01221
190	0.1124
191	0.009418
192	0.07482
193	0.09965
194	-0.4951
195	0.0275
196	-0.1163
197	-0.1404
198	-0.3803
199	-0.1655
200	1.102
201	
202	
203	
204	
205	
206	
207	0.06204
208	-0.1462
209	0.1607
210	0.09072
211	-0.02335
212	-0.01081
213	0.01836
214	-0.2049
215	-0.337
216	
217	-0.107
218	0.1392
219	-0.3899
220	0.05694
221	-0.6977
222	0.8791
223	1.286
224	1.704
225	0.8016
226	0.9893
227	0.0772
228	
229	-0.9579
230	-0.358
231	
232	
233	0.06171
234	-0.387
235	-0.2464
236	-0.5644
237	-0.2349
238	0.07588
239	0.09173
240	-0.2191
241	0.1591
242	-0.5194
243	-0.1287
244	
245	0.05694
246	-0.008128
247	0.0000858
248	-0.01626
249	-0.02318
250	-0.07145
251	-0.4396
252	-0.7442
253	-0.1696
254	0.7928
255	
256	1.03
257	0.4116
258	0.2419
259	-0.5879
260	-0.1824
261	-0.04165
262	-0.113
263	0.2748
264	0.7912
265	0.4534
266	
267	
268	-0.08373
269	
270	-0.4561
271	
272	-0.1155
273	-0.122
274	0.8013
275	0.6488
276	-0.168
277	0.08887
278	0.007702
279	0.1077
280	0.1116
281	0.3532
282	0.06151
283	-0.2255
284	-0.701
285	-0.1721
286	-0.1899
287	-0.1115
288	0.01465
289	-0.09285
290	-0.2274
291	-0.9279
292	-0.2553
293	
294	-0.4801
295	
296	0.02003
297	-0.1794
298	
299	-0.5308
300	-0.1143
301	0.01593
302	
303	
304	-0.1595
305	-0.2958
306	
307	-0.3788
308	-0.508
309	-0.3169
310	-0.1798
311	-0.05208
312	-0.5179
313	-0.2737
314	
315	-0.1476
316	-0.8535
317	-0.1221
318	-0.4988
319	-0.2399
320	0.01416
321	-0.4113
322	
323	-0.3848
324	
325	-0.7159
326	
327	0.253
328	0.3866
329	
330	-0.655
331	-0.1162
332	
333	0.008286
334	-0.3276
335	-0.3273
336	-0.2167
337	-0.09856
338	
339	-0.1332
340	0.2431
341	-0.4443
342	0.1355
343	-0.1163
344	-0.6282
345	-0.2969
346	-1.107
347	-0.5762
348	-0.225
349	-0.2828
350	-0.326
351	0.0473
352	-0.284
353	-0.5631
354	-0.07775
355	-0.361
356	0.09791
357	-0.2244
358	-0.1744
359	-0.1371
360	0.2136
361	-0.3121
362	-0.05687
363	-0.09796
364	-0.02134
365	-0.1389
366	-0.7445
367	-0.2705
368	0.08446
369	
370	0.07183
371	-0.09488
372	-0.4922
373	-0.2591
374	-0.1869
375	
376	-0.2074
377	-0.2862
378	
379	0.1044
380	-0.06273
381	-0.1739
382	0.1197
383	-0.8054
384	0.06663
385	-0.1047
386	-0.3479
387	-0.2626
388	0.2803
389	
390	-0.8141
391	0.0867
392	0.1362
393	-0.361
394	-0.2603
395	0.02311
396	0.1945
397	-0.3849
398	-0.2187
399	-0.1926
400	0.05433
401	0.03383
402	-0.367
403	
404	0.7679
405	0.1133
406	-0.2055
407	-0.08155
408	-0.8827
409	-0.5149
410	
411	-0.2296
412	0.07722
413	
414	0.6889
415	0.8102
416	0.7178
417	0.1378
418	0.0409
419	0.1612
420	-0.2196
421	0.1188
422	0.09365
423	0.2237
424	-0.1105
425	0.05087
426	0.5972
427	0.1862
428	0.2043
429	0.1695
430	-0.7389
431	-0.159
432	-0.1415
433	-0.3812
434	-0.3792
435	-0.4149
436	-0.2234
437	0.6465
438	0.4914
439	0.07591
440	0.05566
441	-0.3716
442	-0.1468
443	0.2934
444	-0.2595
445	0.0248
446	-0.5965
447	-0.1062
448	0.06882
449	-0.1167
450	-0.09766
451	
452	0.3474
453	0.2718
454	-0.008899
455	
456	0.6925
457	1.309
458	
459	0.4825
460	0.6287
461	0.7299
462	-0.3017
463	
464	0.1352
465	
466	0.145
467	-0.2504
468	-0.1201
469	0.01378
470	-0.1112
471	0.1486
472	-0.3878
473	0.3726
474	0.178
475	0.05149
476	0.01039
477	-0.1128
478	-0.3298
479	-0.3903
480	-0.6821
481	0.1144
482	0.02423
483	0.07096
484	-0.2401
485	-0.333
486	-0.07216
487	-0.06349
488	-0.07262
489	0.422
490	-0.3699
491	0.205
492	0.1948
493	-0.3441
494	-0.5592
495	-0.1907
496	-0.2692
497	
498	0.1351
499	-0.4161
500	-0.03023
501	-0.2766
502	0.05115
503	-0.03306
504	-0.1598
505	-0.1131
506	-0.4817
507	-0.6244
508	-1.617
509	-0.7749
510	-0.04634
511	-0.6561
512	-0.4329
513	-0.1801
514	-0.5516
515	-0.1383
516	-0.09781
517	-0.24
518	-0.5761
519	-0.5145
520	-0.2652
521	-0.7446
522	-0.2168
523	-0.2161
524	-0.2019
525	0.07205
526	-0.3714
527	-0.1931
528	0.04505
529	-0.1955
530	-0.362
531	0.1906
532	-0.4094
533	-0.2295
534	-0.02615
535	-0.3799
536	
537	0.093
538	0.1277
539	0.07793
540	-0.1419
541	-0.1864
542	-0.1008
543	-0.07255
544	0.2458
545	0.05793
546	0.364
547	0.2027
548	-0.03838
549	0.2836
550	0.09876
551	-0.09675
552	-0.9833
553	0.06614
554	-0.1438
555	0.005884
556	-0.6448
557	0.1516
558	0.2188
559	-0.09464
560	-0.09876
561	0.009044
562	-0.06835
563	-0.1545
564	0.2437
565	-0.07494
566	0.1045
567	-0.516
568	-0.4682
569	-0.8827
570	-0.2193
571	-0.03977
572	-0.3273
573	0.1939
574	-0.998
575	-0.9588
576	0.1271
577	0.03123
578	-0.09025
579	0.1191
580	0.1306
581	-0.1911
582	0.2701
583	-0.1485
584	-0.3
585	-0.2323
586	-0.5876
587	0.101
588	0.08384
589	-0.4707
590	-0.247
591	-0.1209
592	-0.6172
593	-0.3948
594	-0.5278
595	-0.2039
596	-0.5782
597	0.02989
598	-0.9225
599	-0.3448
600	-0.6893
601	-0.204
602	-0.1408
603	0.06866
604	0.04652
605	1.499
606	0.06441
607	1.264
608	0.2655
609	-0.08441
610	0.05133
611	0.1688
612	-0.08831
613	-0.3069
614	-0.9519
615	-0.5803
616	-0.3093
617	0.2023
618	-0.02357
619	-0.4277
620	0.05549
621	0.0537
622	-0.1115
623	0.2264
624	-0.251
625	-0.3005
626	-0.1914
627	0.1752
628	0.4927
629	1.966
630	1.598
631	1.396
632	0.3485
633	-0.1991
634	-0.2725
635	-0.5788
636	-0.6637
637	0.01534
638	-0.972
639	-0.4523
640	-0.2396
641	-0.0146
642	-0.6108
643	-0.4517
644	-0.04485
645	
646	-0.2514
647	
648	-0.2086
649	-0.09415
650	-0.1884
651	0.005249
652	0.2158
653	-0.1506
654	0.07481
655	
656	-1.02
657	
658	0.2419
659	0.3174
660	
661	0.1272
662	-0.3086
663	0.01822
664	
665	
666	
667	-0.03273
668	
669	-0.2184
670	
671	0.1918
672	
673	
674	0.07584
675	-0.5517
676	-0.06112
677	-0.09898
678	-0.2601
679	-0.1746
680	-0.1461
681	-0.5883
682	-0.0195
683	0.722
684	0.4294
685	-0.2122
686	-0.3144
687	0.006351
688	-0.1807
689	0.01638
690	-0.3265
691	-0.02471
692	-0.658
693	-0.2385
694	-0.4903
695	-0.5794
696	-0.1135
697	-0.6961
698	-0.4593
699	0.5836
700	
701	0.1656
702	-0.06139
703	-0.7918
704	0.1359
705	-0.4326
706	-0.6976
707	-0.2774
708	0.2214
709	-0.7152
710	-1.056
711	-0.1529
712	-0.396
713	-0.04218
714	-0.6353
715	-0.3191
716	0.08947
717	0.0809
718	-0.234
719	-0.382
720	-0.7291
721	
722	0.2472
723	-0.3551
724	-0.1813
725	0.689
726	-0.6212
727	0.06352
728	0.1664
729	-0.1193
730	-0.1196
731	-0.6952
732	
733	3.488
734	3.352
735	0.5896
736	1.25
737	1.013
738	0.663
739	0.6843
740	0.5796
741	0.3797
742	0.2123
743	
744	
745	
746	
747	
748	
749	
750	0.0306
751	0.006724
752	-0.5893
753	-0.009099
754	0.1527
755	0.5626
756	-0.03173
757	-0.4339
758	-0.4222
759	0.04566
760	-0.4841
761	-0.4772
762	
763	-0.181
764	-0.269
765	-0.1995
766	-0.07434
767	-0.2923
768	-0.2927
769	0.02443
770	
771	
772	-0.3281
773	
774	-1.083
775	-1.177
776	-0.569
777	-0.321
778	-0.5385
779	1.138
780	1.977
781	0.8495
782	
783	0.7908
784	0.6853
785	0.7292
786	0.05777
787	0.119
788	-0.1257
789	-0.7022
790	0.1607
791	0.0445
792	0.06303
793	0.1468
794	-0.3594
795	-0.0216
796	-0.08506
797	0.01343
798	-0.1576
799	-0.6909
800	
801	-0.05736
802	0.5953
803	0.06954
804	
805	-0.2401
806	0.1151
807	-0.1234
808	-0.08333
809	-0.05893
810	0.0201
811	0.274
812	0.989
813	-0.2489
814	0.9283
815	0.4575
816	0.306
817	-0.07062
818	0.1079
819	
820	-0.1509
821	-0.4634
822	-0.07974
823	
824	-0.6524
825	-0.3642
826	-0.4124
827	-0.4695
828	-0.3618
829	-0.2963
830	-0.5902
831	-0.3875
832	-0.831
833	-0.1038
834	0.4593
835	0.07147
836	0.0809
837	-0.4361
838	-0.2982
839	-0.1532
840	-0.0828
841	-0.2683
842	-0.5347
843	0.01632
844	0.07237
845	0.06746
846	0.5583
847	2.331
848	2.761
849	1.204
850	-0.009917
851	0.02177
852	-0.6954
853	0.02735
854	-0.09033
855	-0.809
856	-0.1048
857	-0.9335
858	-0.05632
859	-0.4714
860	-0.02732
861	-0.4357
862	-0.5292
863	
864	-0.06616
865	-0.4058
866	0.03948
867	-0.01864
868	-0.5408
869	-0.2302
870	-0.3019
871	-0.3512
872	-0.364
873	0.04084
874	-0.1838
875	-0.6029
876	-0.2206
877	0.06571
878	-0.05515
879	-0.1904
880	0.7005
881	1.082
882	2.411
883	
884	0.4777
885	0.2926
886	-0.7107
887	-0.2593
888	-0.4209
889	
890	0.09507
891	0.2191
892	-0.1362
893	0.464
894	-0.05728
895	0.1298
896	0.2092
897	0.1361
898	0.2373
899	-0.1816
900	-0.06206
901	0.0479
902	1.492
903	1.08
904	1.05
905	0.1334
906	-0.02543
907	-0.4626
908	-0.4772
909	-0.1226
910	0.2043
911	1.627
912	
913	
914	-0.482
915	-0.3366
916	-0.09049
917	0.05633
918	0.2991
919	0.135
920	0.0809
921	-0.4189
922	0.004584
923	0.1592
924	-0.6736
925	-0.1382
926	0.8528
927	0.248
928	-0.3327
929	-0.2947
930	0.5854
931	0.5322
932	-0.3711
933	-0.139
934	-0.3207
935	-0.02756
936	-0.1557
937	0.009367
938	
939	
940	-0.1638
941	-0.4221
942	-0.007354
943	-0.1295
944	-0.7152
945	-0.4317
946	0.1107
947	0.1506
948	-0.1108
949	0.3851
950	0.9128
951	1.475
952	0.7222
953	0.2577
954	0.05233
955	-0.5606
956	0.05624
957	3.012
958	-0.07566
959	0.3211
960	0.8439
961	0.2802
962	-0.1445
963	0.1196
964	0.2604
965	0.5149
966	0.6303
967	-0.07751
968	0.1136
969	0.1179
970	-0.08069
971	
972	0.1613
973	0.04973
974	0.2074
975	0.1804
976	0.2604
977	1.234
978	2.395
979	2.433
980	0.3271
981	0.5833
982	0.5927
983	0.5025
984	0.6482
985	0.6253
986	0.6368
987	0.6706
988	0.7839
989	-0.05758
990	
991	0.09308
992	-0.0365
993	-0.6096
994	-0.119
995	-0.3112
996	-0.1596
997	-0.7001
998	0.1783
999	-0.1286
1000	-0.2455
1001	0.03783
1002	-0.1415
1003	0.5744
1004	1.701
1005	0.5289
1006	-0.159
1007	-0.214
1008	-0.2391
1009	-0.1481
1010	0.1494
1011	
1012	-0.117
1013	-0.2027
1014	
1015	-0.8555
1016	-0.1585
1017	0.03264
1018	0.06378
1019	
1020	0.2262
1021	0.08488
1022	-0.186
1023	0.02613
1024	-0.1204
1025	0.2055
1026	-0.4183
1027	-0.4392
1028	0.0006638
1029	-0.4879
1030	
1031	
1032	
1033	-0.3408
1034	-0.2595
1035	-0.2167
1036	-0.197
1037	0.2796
1038	0.06022
1039	0.001331
1040	0.0352
1041	0.1287
1042	-0.01221
1043	-0.02804
1044	-0.242
1045	-0.2497
1046	-0.1995
1047	-0.09247
1048	0.0245
1049	-0.001564
1050	-0.1264
1051	0.3593
1052	0.1496
1053	0.452
1054	0.2941
1055	-0.08757
1056	-0.0593
1057	0.08835
1058	-0.01498
1059	-0.2781
1060	0.9768
1061	0.03227
1062	-0.002813
1063	0.4051
1064	1.067
1065	0.5467
1066	0.04756
1067	-0.01391
1068	-0.4648
1069	-0.3197
1070	-0.0107
1071	-0.09222
1072	0.02042
1073	-0.08806
1074	-0.05937
1075	-0.3626
1076	-0.3278
1077	-0.5783
1078	-0.5956
1079	-0.4262
1080	-0.7658
1081	-1.163
1082	-0.6093
1083	-0.5975
1084	
1085	-0.02743
1086	-0.3211
1087	0.04653
1088	0.09297
1089	0.1854
1090	0.3287
1091	-0.0363
1092	-0.07759
1093	0.3891
1094	0.2343
1095	0.633
1096	
1097	0.1251
1098	0.1496
1099	-0.3659
1100	0.5926
1101	0.4456
1102	-0.8589
1103	0.216
1104	0.2014
1105	0.07213
1106	-0.003357
1107	0.5877
1108	0.3956
1109	0.2953
1110	0.3819
1111	0.1401
1112	0.7367
1113	0.06682
1114	-0.6434
1115	-0.365
1116	-0.1612
1117	0.05527
1118	-0.1863
1119	0.2137
1120	0.09287
1121	-0.1449
1122	-0.2839
1123	0.008368
1124	-0.08013
1125	-0.09561
1126	-0.07984
1127	0.4838
1128	
1129	0.146
1130	-0.01032
1131	-0.2458
1132	0.04899
1133	-0.07858
1134	0.1597
1135	-0.08276
1136	-0.24
1137	-0.423
1138	-0.2226
1139	-0.1864
1140	-1.069
1141	0.1214
1142	-0.05969
1143	0.01703
1144	-0.06565
1145	0.03937
1146	-0.1869
1147	-0.04992
1148	-0.001801
1149	-0.4507
1150	-0.1396
1151	-0.373
1152	-0.7622
1153	-0.2951
1154	-0.3916
1155	-0.4812
1156	
1157	-0.51
1158	-0.1495
1159	-0.3164
1160	
1161	0.1233
1162	0.82
1163	0.3275
1164	0.178
1165	0.2223
1166	-0.02516
1167	0.1117
1168	-1.589
1169	-0.5322
1170	-0.05016
1171	-0.2074
1172	0.05391
1173	-0.3462
1174	-0.1849
1175	-0.3542
1176	-0.1158
1177	0.08771
1178	-0.01302
1179	0.1328
1180	-0.1754
1181	-0.2824
1182	
1183	-0.1363
1184	-0.272
1185	0.0002794
1186	-0.5268
1187	-0.1833
1188	-0.303
1189	-0.7803
1190	-0.9877
1191	-0.5503
1192	1.428
1193	-0.6982
1194	-0.1123
1195	-0.04756
1196	
1197	0.2407
1198	-0.3837
1199	-0.04832
1200	-0.09239
1201	-0.8563
1202	-0.09439
1203	-0.0282
1204	0.1302
1205	0.2639
1206	0.1065
1207	
1208	-0.2759
1209	
1210	0.1447
1211	0.1875
1212	0.3266
1213	0.5166
1214	
1215	0.8643
1216	0.0286
1217	0.1526
1218	0.03012
1219	-0.04966
1220	-0.01883
1221	0.2636
1222	-0.01881
1223	-0.8799
1224	-0.2658
1225	-0.5456
1226	-0.3604
1227	-0.4798
1228	0.1936
1229	-0.05006
1230	
1231	
1232	0.02708
1233	0.1164
1234	-0.654
1235	-0.5005
1236	-0.1238
1237	
1238	-0.1358
1239	-0.2069
1240	0.3593
1241	0.5396
1242	
1243	2.836
1244	2.594
1245	2.122
1246	2.385
1247	1.124
1248	0.1789
1249	0.213
1250	0.5053
1251	0.1199
1252	0.08265
1253	0.2824
1254	0.06212
1255	0.09025
1256	0.1429
1257	-0.2913
1258	0.004824
1259	0.2698
1260	-0.07937
1261	-0.1131
1262	0.2844
1263	-0.6149
1264	-1.472
1265	-0.2206
1266	-0.3631
1267	0.5351
1268	0.08332
1269	
1270	0.02518
1271	-0.09362
1272	0.1925
1273	0.1811
1274	-0.5098
1275	-0.4185
1276	-0.252
1277	0.001395
1278	-0.08881
1279	-0.2075
1280	0.06715
1281	-0.1504
1282	0.2421
1283	0.4393
1284	0.4525
1285	0.02443
1286	0.4837
1287	-0.0113
1288	0.3048
1289	-0.06805
1290	-0.137
1291	-0.04293
1292	-0.2789
1293	-0.5164
1294	-0.401
1295	0.1654
1296	-0.3713
1297	-0.5079
1298	-0.1736
1299	-0.1218
1300	-0.1567
1301	
1302	-0.2606
1303	0.09829
1304	0.8563
1305	0.2633
1306	0.3256
1307	0.1076
1308	0.1069
1309	-0.5677
1310	-0.1268
1311	-0.101
1312	-0.2554
1313	-0.482
1314	0.02338
1315	-0.5914
1316	-0.7449
1317	-0.1689
1318	-0.3133
1319	
1320	-0.1338
1321	-0.08713
1322	-0.117
1323	0.5905
1324	0.6617
1325	0.593
1326	0.9837
1327	0.7601
1328	0.6272
1329	0.708
1330	0.6363
1331	-1.076
1332	0.06955
1333	0.1389
1334	-0.0222
1335	0.1905
1336	0.02007
1337	0.2434
1338	0.1182
1339	-0.08935
1340	0.05552
1341	0.2033
1342	-0.2398
1343	
1344	0.213
1345	-0.3749
1346	-0.02384
1347	0.03767
1348	-0.2422
1349	-0.3667
1350	-0.3049
1351	0.0537
1352	-0.06239
1353	-0.02471
1354	-0.1589
1355	-0.05007
1356	
1357	-0.2277
1358	-0.6221
1359	-0.1099
1360	0.1458
1361	-0.1023
1362	-0.5734
1363	0.0809
1364	-0.06218
1365	-1.235
1366	0.002028
1367	-0.3267
1368	-0.08581
1369	-0.2036
1370	-1.071
1371	-0.6034
1372	0.06906
1373	-0.0174
1374	0.4395
1375	0.5533
1376	0.5898
1377	0.2091
1378	0.6486
1379	0.7604
1380	0.9766
1381	0.2292
1382	-0.151
1383	-0.004472
1384	-0.0783
1385	-0.6054
1386	-0.6083
1387	-0.7029
1388	-0.4736
1389	-0.1577
1390	-0.1117
1391	-0.1745
1392	0.1886
1393	
1394	
1395	
1396	-0.1918
1397	-0.7411
1398	-0.7658
1399	-0.0375
1400	-0.4941
1401	-0.4173
1402	-0.4703
1403	0.2841
1404	0.94
1405	0.1842
1406	-0.2347
1407	-0.02577
1408	-0.1196
1409	-0.05116
1410	-0.2215
1411	-0.05586
1412	-0.1234
1413	0.1695
1414	0.2948
1415	1.1
1416	0.2413
1417	0.7099
1418	0.1245
1419	-0.02562
1420	-0.1201
1421	-0.2614
1422	0.01328
1423	
1424	
1425	0.06729
1426	-0.01888
1427	-0.001902
1428	0.06503
1429	-0.1276
1430	-0.3415
1431	-0.3487
1432	
1433	0.3864
1434	-0.09263
1435	0.1048
1436	-0.0733
1437	0.2719
1438	0.2548
1439	1.144
1440	0.2584
1441	-0.1504
1442	0.1935
1443	0.1423
1444	
1445	0.1598
1446	0.04596
1447	0.1796
1448	-0.01433
1449	-0.04049
1450	0.04158
1451	
1452	-0.4251
1453	-0.7143
1454	-0.02077
1455	-0.02315
1456	-0.8781
1457	-0.1678
1458	-0.112
1459	
1460	-0.3601
1461	-1.072
1462	-1.892
1463	1.922
1464	-0.06196
1465	-1.203
1466	0.007913
1467	-0.4439
1468	-0.4716
1469	-0.4081
1470	-0.1595
1471	
1472	
1473	-0.2802
1474	-0.03622
1475	0.3809
1476	0.02567
1477	0.04537
1478	-0.05851
1479	0.1917
1480	0.519
1481	
1482	0.1548
1483	0.3494
1484	-0.02031
1485	-0.2372
1486	-0.1896
1487	-0.442
1488	-0.457
1489	-0.3998
1490	-0.2128
1491	-0.07511
1492	-0.08047
1493	0.3747
1494	
1495	-0.2525
1496	-0.1709
1497	-0.8761
1498	0.8657
1499	0.02604
1500	0.04225
1501	
1502	-0.0005066
1503	-0.05899
1504	-0.002778
1505	-0.2141
1506	0.0734
1507	-0.2012
1508	-0.2064
1509	-0.2058
1510	-0.4134
1511	-0.6353
1512	-0.1885
1513	-0.2517
1514	-0.241
1515	-0.05696
1516	-0.4208
1517	-0.1056
1518	-0.1139
1519	-0.1852
1520	
1521	0.2563
1522	
1523	0.1052
1524	-0.3804
1525	-1.494
1526	-0.2537
1527	-0.1638
1528	0.04662
1529	-0.2402
1530	0.238
1531	0.1961
1532	0.09384
1533	0.1694
1534	0.2083
1535	0.1283
1536	
1537	
1538	-0.6876
1539	-0.09679
1540	-0.1782
1541	0.09631
1542	
1543	0.06701
1544	0.4937
1545	0.8914
1546	-0.03331
1547	-0.2609
1548	-0.04273
1549	0.05717
1550	0.08536
1551	0.2829
1552	0.02152
1553	0.08349
1554	-0.1518
1555	0.06095
1556	-0.03252
1557	0.1059
1558	-0.01808
1559	0.3328
1560	0.2259
1561	0.2319
1562	0.6549
1563	2.039
1564	1.532
1565	1.374
1566	0.2114
1567	-0.05824
1568	-0.06038
1569	0.1263
1570	0.03067
1571	0.002307
1572	0.03086
1573	-0.1528
1574	
1575	-0.2416
1576	-0.01557
1577	-0.3454
1578	-0.8653
1579	0.01164
1580	-0.2576
1581	0.1303
1582	0.9165
1583	1.08
1584	0.6184
1585	0.5666
1586	0.4641
1587	
1588	
1589	0.3601
1590	-0.08756
1591	-0.4471
1592	-0.1626
1593	0.08815
1594	0.1871
1595	
1596	-0.01292
1597	0.879
1598	0.8532
1599	0.096
1600	0.3206
1601	-0.0634
1602	0.05768
1603	-0.08119
1604	0.09988
1605	-0.4491
1606	-0.5832
1607	-0.04136
1608	-0.04061
1609	-0.8342
1610	-0.4426
1611	
1612	-0.1312
1613	0.02587
1614	-0.08464
1615	-0.01943
1616	0.1242
1617	0.3965
1618	-0.1463
1619	
1620	0.2021
1621	-0.4327
1622	0.454
1623	-0.05231
1624	-0.2667
1625	0.1106
1626	0.6976
1627	0.5665
1628	0.3457
1629	0.5406
1630	-0.03868
1631	0.3066
1632	0.4319
1633	0.9379
1634	0.7372
1635	0.5248
1636	0.5663
1637	-0.4383
1638	0.0681
1639	0.3308
1640	0.1531
1641	0.6048
1642	0.606
1643	0.6469
1644	0.3646
1645	0.4128
1646	0.1066
1647	-0.1096
1648	-0.1301
1649	-0.1285
1650	-0.05296
1651	0.008887
1652	0.1391
1653	-0.3716
1654	0.6548
1655	0.4648
1656	0.5663
1657	-0.5345
1658	-0.05996
1659	0.009329
1660	0.01697
1661	0.6531
1662	
1663	0.9669
1664	0.5544
1665	
1666	
1667	-0.07532
1668	0.07326
1669	0.121
1670	-0.1845
1671	0.1431
1672	0.2937
1673	0.1051
1674	-0.1926
1675	-0.0335
1676	0.4237
1677	0.5953
1678	0.58
1679	0.5885
1680	0.1443
1681	0.5966
1682	0.6179
1683	0.1528
1684	0.3306
1685	0.2934
1686	0.1414
1687	-0.3717
1688	-0.2305
1689	0.0607
1690	-0.2992
1691	-0.1048
1692	-0.1323
1693	-0.3474
1694	-0.7337
1695	-0.2858
1696	-0.7637
1697	-0.04934
1698	-0.1444
1699	0.6709
1700	-0.07894
1701	-0.4094
1702	-0.9452
1703	-0.3613
1704	-0.1892
1705	0.009842
1706	0.0062
1707	0.07507
1708	-0.08983
1709	
1710	-0.2027
1711	-0.534
1712	0.274
1713	-0.2353
1714	-0.176
1715	0.1136
1716	1.131
1717	0.8497
1718	1.967
1719	
1720	0.03757
1721	-0.9018
1722	-2.064
1723	0.1598
1724	0.2102
1725	0.01805
1726	0.2012
1727	-0.06627
1728	-0.09495
1729	-0.3066
1730	0.1599
1731	-0.1675
1732	-0.2791
1733	-0.3563
1734	-0.4763
1735	0.1084
1736	-0.1802
1737	-0.4018
1738	0.01852
1739	0.1858
1740	0.1079
1741	0.02843
1742	-1.405
1743	-0.02798
1744	-0.3478
1745	-0.2453
1746	-0.275
1747	-0.3318
1748	-0.3964
1749	0.3255
1750	0.1733
1751	-0.1693
1752	-0.1184
1753	-0.1344
1754	-0.3232
1755	-0.7522
1756	-0.08943
1757	-0.1511
1758	-0.2976
1759	-0.1946
1760	-0.00597
1761	-0.02076
1762	0.8878
1763	-0.1474
1764	-0.4285
1765	-0.4597
1766	-1.259
1767	-0.433
1768	0.06233
1769	-0.7319
1770	
1771	-0.3016
1772	-0.004832
1773	-0.2857
1774	-0.4369
1775	-0.658
1776	
1777	
1778	0.3186
1779	1.796
1780	-0.04817
1781	-0.1976
1782	0.09328
1783	0.09415
1784	-0.3948
1785	0.5304
1786	0.9899
1787	0.4484
1788	-0.1531
1789	0.4197
1790	0.297
1791	0.6019
1792	0.1052
1793	0.2284
1794	0.2628
1795	-0.148
1796	-0.0057
1797	-0.0587
1798	-0.03877
1799	0.1484
1800	-0.1599
1801	-0.1159
1802	-0.3358
1803	-0.07111
1804	0.1311
1805	-0.6762
1806	-0.03405
1807	-0.236
1808	
1809	0.3357
1810	0.47
1811	0.1366
1812	0.3768
1813	0.05048
1814	-0.06215
1815	-0.5945
1816	-0.1517
1817	-0.009654
1818	-0.2219
1819	-0.5334
1820	-0.5452
1821	-0.7467
1822	-0.8362
1823	-0.0589
1824	0.08772
1825	0.239
1826	0.04177
1827	0.05483
1828	2.343
1829	0.8413
1830	-0.4725
1831	-0.01745
1832	-0.05204
1833	-0.1126
1834	-0.4768
1835	-0.2649
1836	0.1478
1837	0.3194
1838	0.4179
1839	0.1367
1840	0.4158
1841	0.324
1842	0.3682
1843	0.3274
1844	
1845	0.7176
1846	1.048
1847	0.7203
1848	0.8753
1849	0.08997
1850	0.01458
1851	-0.4247
1852	0.1282
1853	-0.1162
1854	0.5561
1855	-0.1925
1856	-0.3261
1857	-0.2634
1858	-0.08455
1859	-0.07698
1860	0.07584
1861	0.1529
1862	-0.05661
1863	-0.8048
1864	0.07618
1865	-0.1635
1866	-0.04507
1867	-0.04784
1868	0.07944
1869	-0.01779
1870	-0.1063
1871	-0.1493
1872	-0.4728
1873	-0.09349
1874	0.6173
1875	-0.4628
1876	-0.1852
1877	-0.1415
1878	-0.9153
1879	-0.4942
1880	-0.2638
1881	0.05196
1882	-0.2915
1883	-0.3372
1884	-0.366
1885	-0.1328
1886	-0.4002
1887	-0.211
1888	-0.392
1889	-0.02508
1890	-0.3773
1891	0.03404
1892	0.272
1893	0.8244
1894	0.6828
1895	0.2666
1896	0.4525
1897	0.1526
1898	0.1708
1899	0.2198
1900	-0.5214
1901	-0.3163
1902	0.05543
1903	-0.231
1904	-0.09506
1905	0.0809
1906	0.1003
1907	-0.1254
1908	-0.4156
1909	
1910	
1911	
1912	0.01893
1913	-0.6878
1914	-0.1812
1915	0.06355
1916	-0.01627
1917	-0.2638
1918	-0.2639
1919	-0.0676
1920	-0.1645
1921	-0.02756
1922	0.5788
1923	0.008748
1924	-0.5714
1925	0.09088
1926	-0.02804
1927	0.1039
1928	0.1052
1929	-0.3877
1930	-0.1067
1931	-0.08446
1932	-0.1376
1933	0.4439
1934	-0.07597
1935	0.01312
1936	-0.2296
1937	-0.32
1938	-0.03458
1939	-0.2233
1940	-0.1804
1941	-0.2946
1942	-0.3097
1943	-0.1042
1944	0.09603
1945	-0.5746
1946	-0.1441
1947	-0.0793
1948	-0.1871
1949	-0.2689
1950	-0.05913
1951	-0.03642
1952	-0.1649
1953	-0.04289
1954	
1955	-0.2402
1956	-0.04766
1957	-0.1415
1958	-0.01132
1959	-0.3145
1960	0.02472
1961	0.1859
1962	-0.1144
1963	-0.04392
1964	-0.2559
1965	-0.135
1966	-0.1117
1967	0.1461
1968	-0.1583
1969	-0.3484
1970	-0.2504
1971	-0.04865
1972	0.09198
1973	0.1565
1974	0.02348
1975	
1976	0.006063
1977	
1978	
1979	0.06595
1980	-0.01737
1981	-0.181
1982	-0.1211
1983	-0.5838
1984	
1985	-0.4291
1986	
1987	0.2904
1988	-0.07012
1989	
1990	-0.7204
1991	-1.456
1992	-0.3848
1993	-0.8458
1994	-0.7994
1995	-0.03385
1996	-0.3208
1997	0.1711
1998	-0.7398
1999	-0.4295
2000	-0.7688
2001	-0.2656
2002	-0.1546
2003	
2004	-0.1778
2005	
2006	0.1047
2007	0.651
2008	0.05972
2009	0.2354
2010	0.001826
2011	0.1297
2012	0.1138
2013	-0.1532
2014	0.2138
2015	1.721
2016	1.674
2017	1.1
2018	
2019	-0.4958
2020	-0.3518
2021	-0.2326
2022	-0.4358
2023	-0.6421
2024	-0.07162
2025	-0.1871
2026	-0.2073
2027	-0.04103
2028	-0.3246
2029	0.371
2030	-0.5534
2031	0.5807
2032	0.4165
2033	0.1433
2034	0.5585
2035	0.6709
2036	
2037	0.7683
2038	0.2385
2039	0.5774
2040	0.3666
2041	0.2917
2042	0.04402
2043	-0.6188
2044	-0.3013
2045	-0.1158
2046	-0.8088
2047	-0.8815
2048	-0.5032
2049	-0.6014
2050	-0.3568
2051	-0.2518
2052	-0.3524
2053	
2054	-0.2916
2055	-0.9387
2056	-0.3039
2057	-0.1851
2058	0.8793
2059	-0.5136
2060	-0.1189
2061	0.131
2062	-0.3629
2063	-0.4284
2064	-0.3505
2065	-0.1833
2066	0.2869
2067	
2068	0.1104
2069	-0.05348
2070	-0.1356
2071	-0.1174
2072	-0.2184
2073	-0.1426
2074	-0.5997
2075	-0.3532
2076	-0.3695
2077	-0.1111
2078	-0.0974
2079	
2080	0.3141
2081	0.3699
2082	0.07766
2083	0.1129
2084	0.09674
2085	
2086	-0.1472
2087	0.07607
2088	-0.2214
2089	0.9687
2090	0.2582
2091	-0.2114
2092	-0.5388
2093	-0.2258
2094	-0.1935
2095	-0.0272
2096	-0.121
2097	0.03482
2098	-0.3386
2099	-0.1801
2100	-0.5957
2101	-0.1537
2102	-0.1122
2103	-0.143
2104	
2105	-0.0736
2106	-0.09553
2107	0.1139
2108	
2109	-0.1969
2110	-0.3967
2111	
2112	-0.1035
2113	-0.1855
2114	0.1133
2115	-0.2894
2116	-0.3917
2117	-0.3594
2118	-0.4517
2119	-0.3144
2120	-0.4775
2121	-0.003446
2122	-0.7032
2123	0.2038
2124	-0.2014
2125	-0.1305
2126	0.2003
2127	-0.2082
2128	-0.2124
2129	-0.3073
2130	-0.0954
2131	-0.01426
2132	-0.2688
2133	-0.1432
2134	0.09467
2135	-0.06504
2136	-0.3926
2137	-0.3398
2138	-0.005599
2139	-0.1693
2140	-0.5237
2141	0.07916
2142	0.1431
2143	-0.00425
2144	0.4376
2145	0.4339
2146	0.02403
2147	0.2049
2148	0.1003
2149	-0.01864
2150	-0.06198
2151	-0.3611
2152	0.07304
2153	-0.02155
2154	-0.187
2155	-0.3129
2156	-0.161
2157	0.001532
2158	0.4166
2159	0.4886
2160	0.3769
2161	0.3754
2162	
2163	0.3765
2164	0.4372
2165	-0.4203
2166	-0.5134
2167	-0.08077
2168	-0.2639
2169	0.08367
2170	-0.3573
2171	-0.3293
2172	-0.3518
2173	-0.1313
2174	-0.05425
2175	0.07009
2176	-0.6545
2177	0.1789
2178	0.2036
2179	0.1418
2180	0.3463
2181	0.2343
2182	-0.2645
2183	-0.2983
2184	-0.8707
2185	1.722
2186	-0.07056
2187	0.134
2188	-0.7341
2189	
2190	-0.3285
2191	0.1317
2192	-1.117
2193	-0.1058
2194	-1.136
2195	-0.2034
2196	-0.7992
2197	-0.286
2198	-0.1659
2199	-0.2725
2200	-0.1366
2201	-0.2135
2202	-0.1272
2203	0.2343
2204	-0.2839
2205	-0.05016
2206	-0.4199
2207	-0.3577
2208	-0.07529
2209	-0.1539
2210	-0.6269
2211	-0.2026
2212	-0.0246
2213	-0.2614
2214	-0.02305
2215	0.2612
2216	-0.01221
2217	-0.2931
2218	0.05818
2219	-0.2877
2220	0.04028
2221	0.09922
2222	-0.4977
2223	-0.4158
2224	-0.6301
2225	-0.1184
2226	-0.6735
2227	0.02418
2228	-1.353
2229	-0.2373
2230	-0.05288
2231	-0.3621
2232	-0.435
2233	-0.413
2234	-0.465
2235	-0.195
2236	0.179
2237	-0.03899
2238	0.04402
2239	-0.4568
2240	-0.6571
2241	-0.8113
2242	-0.3233
2243	-0.5796
2244	0.1527
2245	-0.5125
2246	-1.223
2247	-0.3593
2248	-0.4396
2249	
2250	-0.1937
2251	-0.9237
2252	
2253	-0.01751
2254	-0.1507
2255	-0.5258
2256	-0.11
2257	-0.3328
2258	0.145
2259	0.01971
2260	-0.2494
2261	-0.6767
2262	-0.2194
2263	-0.3019
2264	-1.13
2265	-0.07111
2266	-0.02696
2267	0.06661
2268	-0.05969
2269	
2270	-1.182
2271	0.1344
2272	-0.1103
2273	-0.2415
2274	-0.02646
2275	-0.8522
2276	-0.2094
2277	-0.5303
2278	1.282
2279	-0.133
2280	0.2428
2281	0.5401
2282	-0.2455
2283	-0.3496
2284	-0.2053
2285	-0.2295
2286	-0.6193
2287	-0.1599
2288	-0.07169
2289	0.9402
2290	-0.3131
2291	-0.1012
2292	-0.2638
2293	-0.3612
2294	0.1551
2295	0.096
2296	-0.0971
2297	-0.2572
2298	-0.4213
2299	0.024
2300	-0.2305
2301	-0.06453
2302	0.09758
2303	0.04356
2304	-0.1237
2305	-0.1039
2306	0.01601
2307	0.04571
2308	-0.1787
2309	-0.07033
2310	0.01677
2311	-0.06594
2312	-0.4714
2313	0.01809
2314	-0.3645
2315	-0.258
2316	-0.1214
2317	
2318	
2319	
2320	-0.03549
2321	-0.2274
2322	
2323	-0.1199
2324	-0.1583
2325	-0.4356
2326	-0.07111
2327	0.08271
2328	-0.06575
2329	-0.2789
2330	-0.576
2331	-0.01864
2332	0.1036
2333	-0.2622
2334	-0.3553
2335	0.0002293
2336	0.005347
2337	-0.2093
2338	-0.2538
2339	
2340	-0.2147
2341	0.08264
2342	-1.232
2343	0.2468
2344	-0.2005
2345	-0.1036
2346	0.04638
2347	-0.8363
2348	
2349	-0.1211
2350	0.05681
2351	0.007134
2352	-0.05612
2353	-0.2175
2354	-0.3013
2355	
2356	-0.2383
2357	-0.9312
2358	-0.2474
2359	
2360	-0.3071
2361	-0.1919
2362	
2363	-0.2565
2364	-0.6235
2365	
2366	-0.3696
2367	0.09702
2368	-0.08121
2369	-0.1576
2370	-0.5149
2371	-1.083
2372	-0.03673
2373	-1.04
2374	-0.4017
2375	0.04198
2376	
2377	-0.07631
2378	0.4016
2379	-0.1794
2380	0.3839
2381	0.3651
2382	0.2907
2383	
2384	-0.01376
2385	0.12
2386	0.6222
2387	0.9871
2388	1.407
2389	1.551
2390	0.4642
2391	0.4613
2392	0.4494
2393	0.08776
2394	-0.1058
2395	-0.4447
2396	
2397	
2398	0.02843
2399	-0.05703
2400	0.02918
2401	
2402	
2403	
2404	
2405	-0.7501
2406	0.01872
2407	-0.02667
2408	0.0809
2409	-0.07301
2410	-0.2677
2411	0.1888
2412	0.07087
2413	0.5919
2414	0.1301
2415	1.655
2416	2.038
2417	0.7111
2418	-0.6315
2419	-0.2129
2420	-0.6547
2421	-0.6454
2422	-0.1439
2423	-0.2792
2424	-0.1586
2425	0.4233
2426	-0.3463
2427	-0.1058
2428	-0.2343
2429	-0.2714
2430	-0.1158
2431	
2432	-0.1633
2433	-0.09433
2434	-0.05946
2435	0.01447
2436	-0.05392
2437	-0.06793
2438	
2439	-1.224
2440	-0.4053
2441	0.327
2442	0.0809
2443	0.1958
2444	
2445	-0.1223
2446	
2447	-1.431
2448	-0.103
2449	-0.194
2450	-0.266
2451	-1.686
2452	-0.1068
2453	-0.2734
2454	-0.2964
2455	
2456	-0.07957
2457	-0.01684
2458	
2459	-0.09047
2460	-0.1293
2461	-0.03088
2462	-0.2651
2463	-0.06505
2464	-0.1038
2465	0.3047
2466	-0.136
2467	-0.1768
2468	-0.9662
2469	-0.872
2470	-0.3143
2471	0.04301
2472	0.6055
2473	0.3579
2474	-0.4138
2475	-0.2918
2476	0.1915
2477	
2478	-0.01134
2479	-0.1883
2480	0.3456
2481	-0.8574
2482	-0.2415
2483	
2484	-0.5623
2485	-0.1649
2486	-0.5534
2487	-0.04485
2488	-0.1404
2489	
2490	-0.3043
2491	-0.4914
2492	
2493	-0.6836
2494	-0.1189
2495	0.09411
2496	-0.1203
2497	-0.392
2498	-0.09243
2499	
2500	
2501	-0.1592
2502	-0.285
2503	-0.2044
2504	0.06658
2505	-0.1144
2506	0.06252
2507	-0.1828
2508	0.2616
2509	0.3463
2510	0.2367
2511	0.6019
2512	0.5303
2513	0.1679
2514	0.1532
2515	0.154
2516	0.2722
2517	-0.2234
2518	-0.03088
2519	-0.7049
2520	
2521	-0.2114
2522	-0.08927
2523	
2524	0.7049
2525	0.5125
2526	0.59
2527	0.3372
2528	0.7753
2529	0.9676
2530	0.3828
2531	0.08874
2532	0.129
2533	-0.4974
2534	-0.4573
2535	-0.3557
2536	-1.149
2537	-0.4012
2538	-0.3956
2539	-0.06371
2540	-0.1425
2541	-0.3324
2542	-0.3401
2543	-0.4091
2544	-0.301
2545	-0.2011
2546	-0.2305
2547	
2548	-0.4351
2549	-0.6175
2550	0.03602
2551	0.3136
2552	-0.2493
2553	-0.241
2554	-0.366
2555	-0.01038
2556	-0.04642
2557	-0.196
2558	
2559	-0.3069
2560	0.122
2561	-0.3242
2562	0.1341
2563	0.5383
2564	0.1661
2565	0.6373
2566	1.009
2567	1.204
2568	1.637
2569	1.172
2570	0.8208
2571	1.748
2572	2.748
2573	2.17
2574	-0.2041
2575	-0.04586
2576	0.4907
2577	0.06726
2578	-0.04445
2579	-0.08823
2580	0.1013
2581	0.06496
2582	0.7381
2583	0.8654
2584	0.03467
2585	0.3463
2586	0.2384
2587	0.8354
2588	
2589	
2590	
2591	
2592	2.913
2593	-0.2065
2594	0.01616
2595	0.3286
2596	0.2775
2597	1.015
2598	0.0853
2599	-0.07111
2600	0.03999
2601	-0.06369
2602	0.1725
2603	0.5613
2604	-0.05489
2605	0.5836
2606	0.787
2607	1.238
2608	0.8792
2609	0.5741
2610	0.6436
2611	0.4942
2612	0.2556
2613	0.5129
2614	0.1779
2615	0.3213
2616	0.152
2617	-0.1712
2618	0.08509
2619	-0.3058
2620	0.05085
2621	
2622	-0.3288
2623	-0.2122
2624	0.01767
2625	
2626	0.5821
2627	
2628	0.4786
2629	
2630	1.131
2631	
2632	-0.3519
2633	-0.5796
2634	
2635	-0.1089
2636	-0.2574
2637	-0.2703
2638	0.2617
2639	-0.4128
2640	0.05383
2641	0.2048
2642	0.03442
2643	-0.09131
2644	-0.5032
2645	-0.04109
2646	-0.3781
2647	
2648	0.2513
2649	-0.2672
2650	-0.1762
2651	-0.1988
2652	
2653	-0.09613
2654	-0.122
2655	-0.03775
2656	-0.2067
2657	-0.08205
2658	0.07208
2659	-0.1061
2660	-0.3676
2661	0.6256
2662	-0.3971
2663	0.04943
2664	-0.06385
2665	0.1968
2666	0.04629
2667	0.2956
2668	0.1567
2669	
2670	1.979
2671	1.241
2672	1.193
2673	0.1717
2674	0.01148
2675	-0.05371
2676	-0.2281
2677	0.08375
2678	-0.2612
2679	0.02014
2680	-0.06089
2681	0.1476
2682	0.0405
2683	0.1039
2684	0.4182
2685	-0.06477
2686	-0.2197
2687	0.1184
2688	1.394
2689	0.984
2690	0.4478
2691	
2692	
2693	
2694	
2695	
2696	0.2404
2697	0.5215
2698	0.4136
2699	0.2545
2700	0.1615
2701	-0.09176
2702	0.07681
2703	-0.2023
2704	0.6459
2705	-0.01301
2706	0.09775
2707	-0.1947
2708	
2709	-0.3349
2710	
2711	-0.1788
2712	0.143
2713	0.1438
2714	0.08477
2715	-0.3254
2716	0.5525
2717	0.2281
2718	-0.2358
2719	0.2372
2720	0.004562
2721	-0.2039
2722	0.3484
2723	-0.4638
2724	-0.06023
2725	0.06453
2726	0.07894
2727	0.3303
2728	-0.3612
2729	-0.2275
2730	-0.06444
2731	0.2104
2732	0.2117
2733	-0.2577
2734	0.1575
2735	-0.05555
2736	-0.03273
2737	-0.1756
2738	-0.2924
2739	-0.1027
2740	-0.1263
2741	1.096
2742	1.314
2743	0.5679
2744	0.7759
2745	0.968
2746	0.4508
2747	0.5117
2748	0.08586
2749	
2750	-0.03516
2751	-0.8039
2752	0.01719
2753	0.2164
2754	0.1318
2755	-0.4609
2756	0.01304
2757	-0.1616
2758	-0.03415
2759	0.05037
2760	-0.04961
2761	-0.04441
2762	-0.4759
2763	-0.8498
2764	-0.4388
2765	-0.3755
2766	-0.3393
2767	0.007035
2768	-0.1374
2769	0.4627
2770	-0.4656
2771	-0.4872
2772	-0.006022
2773	-0.09829
2774	-0.0111
2775	0.006293
2776	-0.2902
2777	-0.1013
2778	
2779	1.775
2780	0.5517
2781	1.2
2782	0.9283
2783	0.7168
2784	-0.1761
2785	0.734
2786	-1.099
2787	-0.4038
2788	-0.5911
2789	
2790	-0.608
2791	
2792	0.4358
2793	0.1497
2794	-0.007717
2795	-0.3074
2796	0.1109
2797	-0.2146
2798	-0.2313
2799	-0.3687
2800	-0.007671
2801	-0.2987
2802	0.02671
2803	0.75
2804	0.06621
2805	-0.1772
2806	-0.1704
2807	-0.1795
2808	0.1672
2809	-0.5233
2810	-0.2356
2811	-0.02555
2812	-0.1308
2813	-0.4575
2814	
2815	
2816	
2817	
2818	-0.2114
2819	-0.2063
2820	-0.7569
2821	-0.4507
2822	
2823	-0.04697
2824	-0.2626
2825	-0.7272
2826	-0.6338
2827	0.006089
2828	-0.1255
2829	-0.2643
2830	0.3515
2831	0.9331
2832	0.1366
2833	-0.06015
2834	0.04637
2835	-0.3928
2836	-0.2124
2837	-0.08634
2838	-0.7379
2839	0.1494
2840	-0.08903
2841	-0.3527
2842	-0.2416
2843	-0.1263
2844	-0.5223
2845	-0.2181
2846	-0.1983
2847	0.06674
2848	-0.1333
2849	-0.1104
2850	-0.2367
2851	
2852	0.1358
2853	-0.1194
2854	0.009749
2855	0.6868
2856	-0.07111
2857	0.1255
2858	0.09841
2859	0.1915
2860	-0.4327
2861	0.5723
2862	0.6681
2863	1.813
2864	
2865	0.3104
2866	-0.6572
2867	-0.6561
2868	-0.1056
2869	-0.3169
2870	-0.3277
2871	-0.1962
2872	-0.2018
2873	-0.3384
2874	-0.339
2875	-0.7819
2876	-0.4501
2877	0.09284
2878	-0.7372
2879	-0.2513
2880	0.1343
2881	-0.2672
2882	-0.0526
2883	-0.1931
2884	-0.5961
2885	-0.6079
2886	-0.1794
2887	
2888	-0.2526
2889	0.2205
2890	0.006075
2891	0.06907
2892	0.03722
2893	0.2663
2894	0.1058
2895	0.3797
2896	-0.3251
2897	0.02674
2898	-0.02771
2899	0.1712
2900	-0.2577
2901	-0.03255
2902	0.1315
2903	0.1919
2904	0.32
2905	0.1214
2906	0.1853
2907	-0.5969
2908	-0.09408
2909	0.1081
2910	0.4905
2911	
2912	1.018
2913	1.176
2914	0.7183
2915	0.3728
2916	0.245
2917	-0.02017
2918	-0.1942
2919	0.2051
2920	0.247
2921	-0.3203
2922	0.5174
2923	0.3547
2924	0.3259
2925	0.6466
2926	0.7978
2927	0.08282
2928	0.224
2929	0.2674
2930	-0.07561
2931	-0.6675
2932	-0.136
2933	-0.03569
2934	-0.2667
2935	
2936	0.1978
2937	-0.527
2938	-0.4289
2939	0.03256
2940	-0.07061
2941	-0.05521
2942	-0.08609
2943	-0.5398
2944	-0.5239
2945	-0.1743
2946	-0.4595
2947	-0.04227
2948	-0.213
2949	-0.4521
2950	0.2123
2951	-0.3715
2952	-1.028
2953	0.1288
2954	0.001958
2955	-0.05344
2956	-0.1512
2957	0.06888
2958	-0.01539
2959	-0.143
2960	-0.8525
2961	-0.3849
2962	-0.1092
2963	-0.2127
2964	-0.3584
2965	-1.316
2966	-0.6989
2967	
2968	0.2779
2969	-0.5091
2970	-0.4783
2971	-0.2277
2972	-0.2461
2973	-0.6476
2974	
2975	-0.4626
2976	-0.5495
2977	-0.1432
2978	-0.4256
2979	-0.3723
2980	-0.06275
2981	-0.266
2982	-1.133
2983	-0.6829
2984	-0.2276
2985	-0.0679
2986	0.2104
2987	0.4226
2988	1.48
2989	0.8631
2990	0.4862
2991	0.7233
2992	0.383
2993	0.7157
2994	
2995	0.1804
2996	0.5582
2997	1.148
2998	0.7734
2999	-0.1124
3000	0.1646
3001	-0.1128
3002	-0.05035
3003	-0.3134
3004	1.21
3005	0.676
3006	1.067
3007	0.2536
3008	0.4735
3009	2.035
3010	1.737
3011	2.195
3012	2.39
3013	1.281
3014	0.2651
3015	0.312
3016	-0.01126
3017	-0.105
3018	-1.287
3019	0.08229
3020	-0.05277
3021	0.3105
3022	0.3827
3023	0.1812
3024	0.4435
3025	0.241
3026	0.02083
3027	0.03742
3028	0.534
3029	0.262
3030	0.2184
3031	0.08278
3032	0.241
3033	0.4745
3034	0.9361
3035	0.005018
3036	-0.1544
3037	-0.4284
3038	0.188
3039	0.086
3040	2.188
3041	0.3395
3042	0.3936
3043	0.0418
3044	0.1879
3045	-0.1103
3046	-0.08059
3047	-0.1126
3048	0.1478
3049	0.0202
3050	
3051	1.932
3052	-0.2368
3053	-0.1964
3054	-0.2732
3055	-0.9068
3056	-0.6576
3057	-0.3086
3058	-0.09569
3059	0.2399
3060	0.1253
3061	0.1596
3062	-0.08244
3063	0.1149
3064	-0.2168
3065	-0.1545
3066	-0.3126
3067	1.921
3068	0.1217
3069	
3070	-0.188
3071	-0.06361
3072	-0.8184
3073	-0.2105
3074	0.1233
3075	-0.1266
3076	
3077	0.1105
3078	-0.1443
3079	-0.2426
3080	
3081	-0.01853
3082	0.144
3083	1.228
3084	1.57
3085	-0.1602
3086	-0.1149
3087	-0.2045
3088	-0.3589
3089	-0.4082
3090	-0.1899
3091	-0.2813
3092	-0.5623
3093	0.4172
3094	2.514
3095	2.535
3096	1.795
3097	1.517
3098	0.7788
3099	0.67
3100	0.292
3101	0.9568
3102	0.9988
3103	0.5747
3104	0.2364
3105	-0.1662
3106	0.6513
3107	0.02623
3108	-0.7184
3109	-0.846
3110	-0.1858
3111	-0.2883
3112	-0.1165
3113	-0.06899
3114	-0.1133
3115	
3116	-0.2688
3117	-0.5795
3118	
3119	-0.000326
3120	0.04485
3121	-0.3732
3122	-0.01578
3123	
3124	-0.5397
3125	-0.4516
3126	0.1459
3127	-0.205
3128	-0.1147
3129	1.763
3130	1.299
3131	1.527
3132	0.5828
3133	-0.01476
3134	-0.3237
3135	-0.8754
3136	0.2808
3137	-0.3564
3138	0.1596
3139	
3140	-0.1095
3141	-0.2559
3142	0.005117
3143	
3144	
3145	0.07859
3146	0.02565
3147	-0.07311
3148	0.05879
3149	0.1444
3150	0.1834
3151	-0.2068
3152	-0.4081
3153	-0.05754
3154	0.333
3155	0.05151
3156	-0.0371
3157	-0.2388
3158	-0.231
3159	-0.4795
3160	-0.3415
3161	-0.07839
3162	2.175
3163	2.369
3164	0.1496
3165	0.5439
3166	0.4378
3167	0.5329
3168	1.167
3169	1.36
3170	1.028
3171	
3172	0.02369
3173	0.003936
3174	
3175	0.3969
3176	-0.4845
3177	-0.0318
3178	1.075
3179	1.797
3180	0.7787
3181	0.3168
3182	
3183	-0.2104
3184	0.02976
3185	0.581
3186	1.72
3187	-0.04019
3188	
3189	0.05548
3190	0.08547
3191	0.05697
3192	0.06085
3193	-0.1121
3194	0.03746
3195	-0.08996
3196	0.1109
3197	-0.5521
3198	-0.03402
3199	0.4969
3200	0.09012
3201	-0.03598
3202	0.3016
3203	0.5096
3204	0.7568
3205	0.7499
3206	0.438
3207	0.5004
3208	0.1358
3209	0.1912
3210	-0.01428
3211	-0.2999
3212	-0.3841
3213	0.02653
3214	-0.1548
3215	0.2435
3216	0.4169
3217	0.03446
3218	-1.009
3219	0.5993
3220	0.404
3221	0.1585
3222	-0.08125
3223	-0.5678
3224	-0.8022
3225	-0.1999
3226	-0.9459
3227	0.06266
3228	-0.07901
3229	-0.4673
3230	-1.144
3231	-0.01715
3232	-0.2727
3233	0.1216
3234	-0.3048
3235	-0.2016
3236	-0.5006
3237	-0.3869
3238	0.1771
3239	-0.06206
3240	-0.1067
3241	0.02007
3242	0.1376
3243	-0.2993
3244	-0.1637
3245	-0.002296
3246	-0.3396
3247	-0.284
3248	-0.03655
3249	-0.01167
3250	0.06738
3251	0.1068
3252	-0.06097
3253	-0.2599
3254	-0.2062
3255	0.2082
3256	-0.09325
3257	-0.01816
3258	-0.578
3259	-0.1985
3260	0.1699
3261	0.1517
3262	0.1964
3263	0.1722
3264	0.2286
3265	-0.2356
3266	-0.9264
3267	0.2596
3268	0.9587
3269	0.705
3270	0.3911
3271	0.9204
3272	
3273	
3274	
3275	
3276	
3277	
3278	
3279	0.7702
3280	0.2655
3281	0.3102
3282	0.2335
3283	0.7038
3284	0.5395
3285	0.564
3286	-0.01417
3287	0.02588
3288	0.07914
3289	0.1317
3290	0.2113
3291	
3292	0.3328
3293	0.1889
3294	0.8139
3295	2.076
3296	3.057
3297	2.443
3298	1.837
3299	1.122
3300	3.921
3301	3.06
3302	1.42
3303	2.624
3304	2.263
3305	2.359
3306	3.292
3307	2.631
3308	2.927
3309	
3310	2.714
3311	
3312	
3313	2.075
3314	2.401
3315	1.917
3316	2.181
3317	2.875
3318	2.302
3319	1.637
3320	1.856
3321	1.406
3322	0.3043
3323	0.214
3324	0.9168
3325	0.3141
3326	0.4477
3327	0.8789
3328	0.4627
3329	0.1811
3330	0.4091
3331	
3332	0.5692
3333	0.5216
3334	0.9276
3335	1.593
3336	1.031
3337	0.4964
3338	
3339	2.783
3340	3.521
3341	1.951
3342	1.315
3343	0.4258
3344	0.1425
3345	0.06688
3346	-0.09999
3347	-0.1341
3348	-0.04017
3349	
3350	0.07437
3351	-0.4856
3352	-0.2593
3353	0.119
3354	-0.1023
3355	-0.6736
3356	0.0925
3357	0.1579
3358	-0.313
3359	-0.7122
3360	-0.006886
3361	-0.396
3362	-0.08125
3363	-0.1951
3364	-0.0363
3365	-0.8031
3366	-0.2266
3367	-0.2329
3368	-0.3138
3369	-0.2663
3370	-0.528
3371	-0.2795
3372	-0.2125
3373	-0.1559
3374	-0.5866
3375	-0.2262
3376	-0.3791
3377	-0.6908
3378	-0.1023
3379	-0.2155
3380	-0.4599
3381	
3382	-0.1109
3383	-0.7628
3384	-0.2136
3385	0.1635
3386	0.3625
3387	0.264
3388	-0.5216
3389	-0.1169
3390	-0.05005
3391	-0.005517
3392	-0.2805
3393	-0.2841
3394	-0.1757
3395	-0.05046
3396	-0.1868
3397	-0.1467
3398	0.05541
3399	0.495
3400	0.8663
3401	0.6131
3402	1.112
3403	0.2274
3404	-0.4632
3405	0.139
3406	
3407	-0.2101
3408	1.126
3409	1.283
3410	0.3405
3411	0.1625
3412	
3413	-0.1381
3414	0.01706
3415	-0.1655
3416	-0.1698
3417	-0.2287
3418	-0.1529
3419	-0.354
3420	
3421	-0.4196
3422	-0.3728
3423	-0.2528
3424	-0.4153
3425	-0.7479
3426	
3427	
3428	-0.1481
3429	-0.1998
3430	0.09257
3431	0.6481
3432	0.2721
3433	0.7782
3434	-0.3605
3435	-0.1304
3436	0.3224
3437	-0.4845
3438	-0.5112
3439	0.0003237
3440	0.003936
3441	-0.1136
3442	0.04101
3443	0.1808
3444	0.5835
3445	0.7068
3446	0.08199
3447	0.07376
3448	0.003322
3449	-0.312
3450	-0.5858
3451	0.1329
3452	-0.2893
3453	0.275
3454	-0.3518
3455	-0.07029
3456	-0.3902
3457	0.4221
3458	0.07157
3459	-0.2622
3460	0.3165
3461	1.424
3462	0.3221
3463	-0.1029
3464	0.05217
3465	-0.3682
3466	-0.2701
3467	0.03754
3468	-0.2999
3469	-0.6298
3470	0.06462
3471	0.2876
3472	0.2447
3473	-0.4693
3474	-0.1153
3475	0.05387
3476	-0.2069
3477	-0.4455
3478	-0.1644
3479	-0.3052
3480	0.002895
3481	0.0527
3482	-1.286
3483	0.1286
3484	
3485	-0.9709
3486	-0.4637
3487	-0.2521
3488	-0.2827
3489	0.01913
3490	-0.3998
3491	-0.668
3492	-0.3703
3493	0.187
3494	-0.1084
3495	0.4346
3496	-0.4962
3497	-0.3565
3498	-0.4853
3499	0.2283
3500	-0.8981
3501	-0.03513
3502	-0.3675
3503	0.09432
3504	0.0327
3505	-1.071
3506	0.1347
3507	-0.06349
3508	0.491
3509	0.288
3510	0.5497
3511	0.1224
3512	1.934
3513	
3514	0.2657
3515	0.263
3516	0.5072
3517	0.464
3518	-0.2202
3519	0.02262
3520	0.03071
3521	-0.07047
3522	-0.4476
3523	0.04909
3524	-0.6686
3525	-0.4823
3526	-0.2788
3527	-0.6236
3528	-0.2446
3529	-1.411
3530	-0.8251
3531	-0.203
3532	-0.5888
3533	-0.8169
3534	-0.6772
3535	1.391
3536	-0.3698
3537	0.1995
3538	-0.5061
3539	0.1307
3540	-0.6306
3541	-0.3558
3542	-0.4896
3543	0.4934
3544	-0.192
3545	
3546	0.219
3547	0.6226
3548	0.4427
3549	0.2773
3550	-0.002737
3551	-0.5837
3552	-0.2233
3553	-0.2309
3554	0.09384
3555	0.1132
3556	0.4709
3557	-0.04165
3558	-0.05817
3559	-0.6647
3560	-0.3873
3561	
3562	-0.07804
3563	
3564	-0.4232
3565	-0.06046
3566	0.1062
3567	-0.2424
3568	0.07597
3569	-0.3551
3570	0.04102
3571	0.04671
3572	0.09187
3573	0.1404
3574	
3575	-0.3049
3576	-0.374
3577	-0.3359
3578	
3579	-0.2096
3580	-0.2812
3581	-0.3702
3582	-0.9319
3583	-0.7574
3584	0.1242
3585	-0.489
3586	
3587	-0.03896
3588	-0.4402
3589	-0.2528
3590	-0.7596
3591	-0.3073
3592	-0.8272
3593	
3594	
3595	-0.302
3596	
3597	
3598	
3599	-0.2926
3600	0.1033
3601	0.3169
3602	
3603	-0.2365
3604	-0.07447
3605	-0.7274
3606	-0.09656
3607	-0.05867
3608	-0.2832
3609	0.09642
3610	-0.1655
3611	0.0499
3612	
3613	-0.4294
3614	
3615	
3616	0.12
3617	-0.0745
3618	0.3453
3619	-0.2381
3620	0.2158
3621	0.1225
3622	0.1701
3623	-0.06928
3624	0.05936
3625	0.02645
3626	-0.07111
3627	0.133
3628	
3629	0.1188
3630	-0.03544
3631	-0.08675
3632	-0.2736
3633	-0.5489
3634	0.2369
3635	-0.4645
3636	0.09525
3637	0.3892
3638	-0.3022
3639	-0.3323
3640	-0.1634
3641	-0.2163
3642	0.1474
3643	0.2213
3644	-0.004938
3645	0.07987
3646	0.09781
3647	
3648	1.128
3649	0.7704
3650	1.009
3651	0.3936
3652	0.3551
3653	0.6853
3654	
3655	-0.7966
3656	
3657	-0.4335
3658	
3659	
3660	-0.1975
3661	-0.02653
3662	
3663	0.1411
3664	
3665	-0.1975
3666	-0.4879
3667	-0.08281
3668	-0.5114
3669	-0.6412
3670	-0.1285
3671	-0.1348
3672	0.01191
3673	-0.00411
3674	-0.06293
3675	
3676	-0.1633
3677	-0.009346
3678	
3679	-0.5868
3680	0.2563
3681	0.3095
3682	0.3811
3683	-0.05083
3684	0.07653
3685	0.3854
3686	3.134
3687	3.035
3688	0.1945
3689	-0.4639
3690	
3691	-0.1135
3692	-0.6301
3693	-0.1862
3694	0.04919
3695	-0.1415
3696	
3697	
3698	-0.08849
3699	-0.3754
3700	-0.1437
3701	-0.1447
3702	-0.0000793
3703	0.1153
3704	0.1448
3705	
3706	-0.3526
3707	-0.0828
3708	-0.8108
3709	0.2549
3710	
3711	-0.2425
3712	0.3762
3713	0.4135
3714	0.04875
3715	0.03968
3716	0.1819
3717	0.3985
3718	-0.2114
3719	-0.08632
3720	-0.4363
3721	-0.4831
3722	-0.3144
3723	0.1653
3724	0.171
3725	0.1923
3726	-0.2156
3727	0.1557
3728	-0.1773
3729	-0.833
3730	
3731	-0.1001
3732	-0.00202
3733	0.2331
3734	0.06573
3735	0.1114
3736	0.1922
3737	0.04496
3738	0.502
3739	-0.1115
3740	0.4028
3741	-0.2137
3742	0.2788
3743	0.04437
3744	0.2845
3745	0.5548
3746	0.02215
3747	0.265
3748	
3749	-0.01094
3750	-0.4492
3751	-0.5829
3752	-0.2759
3753	-0.2948
3754	-0.01221
3755	0.2058
3756	
3757	
3758	
3759	
3760	
3761	
3762	-0.04227
3763	-0.09828
3764	-0.06928
3765	-0.2276
3766	0.006044
3767	0.9971
3768	0.6505
3769	0.5958
3770	-0.03081
3771	-0.2382
3772	-0.438
3773	-0.07111
3774	-0.1317
3775	-0.2942
3776	-0.05771
3777	
3778	-0.3603
3779	-0.1129
3780	0.01209
3781	0.2376
3782	0.1249
3783	0.639
3784	-0.005744
3785	-0.1357
3786	-0.06663
3787	-0.2564
3788	-0.1051
3789	-0.2134
3790	0.01651
3791	0.1699
3792	-0.2794
3793	-0.1824
3794	-0.02093
3795	-0.4511
3796	
3797	
3798	
3799	
3800	-0.9132
3801	-0.5813
3802	-0.2143
3803	-0.197
3804	0.00405
3805	-0.2284
3806	0.4144
3807	0.3282
3808	0.6768
3809	-0.2596
3810	-0.5018
3811	-0.1443
3812	
3813	0.05153
3814	-0.08724
3815	0.4366
3816	0.5792
3817	0.1456
3818	0.4345
3819	0.09267
3820	0.361
3821	-0.2225
3822	-0.3395
3823	0.0809
3824	0.3491
3825	0.3998
3826	0.0632
3827	0.03664
3828	0.06737
3829	-0.1217
3830	-0.04807
3831	0.01274
3832	-0.1558
3833	0.06874
3834	0.001171
3835	-0.24
3836	0.004307
3837	-0.03886
3838	-0.09779
3839	-0.09313
3840	0.2248
3841	
3842	-0.2827
3843	0.494
3844	0.08252
3845	0.07987
3846	-0.1109
3847	-0.2916
3848	-0.3129
3849	
3850	0.1759
3851	
3852	
3853	
3854	
3855	
3856	0.567
3857	-0.407
3858	
3859	0.2261
3860	-0.5197
3861	-0.4402
3862	-0.3848
3863	
3864	
3865	0.3348
3866	0.1961
3867	-0.04424
3868	-0.2053
3869	-0.3102
3870	0.1029
3871	-0.2843
3872	-0.3048
3873	-0.01667
3874	-0.6329
3875	-0.2076
3876	-0.4248
3877	-0.3524
3878	-0.8695
3879	0.1676
3880	
3881	
3882	-0.4827
3883	
3884	-0.2279
3885	
3886	-0.04672
3887	0.05655
3888	-0.02832
3889	
3890	-0.1204
3891	-0.3953
3892	-0.6941
3893	
3894	-0.7739
3895	-0.392
3896	0.1141
3897	-0.5529
3898	-0.1915
3899	-0.6382
3900	-0.1947
3901	0.3172
3902	-0.3287
3903	-0.3775
3904	-0.3714
3905	-0.06514
3906	-0.3775
3907	-0.8912
3908	0.07797
3909	-0.3527
3910	
3911	-0.2575
3912	0.3676
3913	0.4315
3914	-0.02321
3915	-0.1077
3916	0.2673
3917	-0.3525
3918	0.001321
3919	0.2195
3920	-0.1272
3921	
3922	
3923	
3924	0.6692
3925	0.873
3926	0.2055
3927	0.1461
3928	
3929	0.3801
3930	0.09093
3931	1.141
3932	0.2345
3933	0.2004
3934	-0.5755
3935	-0.4347
3936	0.2089
3937	-0.1469
3938	-0.0005717
3939	-0.2074
3940	-0.537
3941	-0.4963
3942	-0.3289
3943	-0.6456
3944	-0.4948
3945	-0.8799
3946	
3947	0.7337
3948	-0.09542
3949	-0.1204
3950	-0.1917
3951	-0.4841
3952	-0.9054
3953	-0.09677
3954	-0.2382
3955	0.09823
3956	-0.1964
3957	-0.07111
3958	-0.3276
3959	-0.1784
3960	-0.4188
3961	-0.4158
3962	-0.1176
3963	-0.1178
3964	-0.2848
3965	-0.3038
3966	-0.02752
3967	0.7342
3968	
3969	
3970	
3971	
3972	0.1679
3973	-0.2199
3974	-0.1535
3975	0.01828
3976	
3977	
3978	
3979	
3980	2.486
3981	0.4493
3982	0.06739
3983	0.1743
3984	1.219
3985	1.632
3986	
3987	2.1
3988	1.736
3989	0.2058
3990	
3991	-0.1729
3992	-0.2798
3993	-0.2169
3994	-1.041
3995	-0.01056
3996	-0.286
3997	0.0535
3998	-0.4671
3999	-0.1214
4000	0.1855
4001	-0.2985
4002	
4003	-0.5824
4004	-0.6097
4005	-0.7694
4006	-0.07629
4007	
4008	
4009	
4010	
4011	0.03326
4012	-0.1047
4013	-0.1764
4014	-0.5933
4015	-0.3173
4016	-0.3177
4017	-0.2405
4018	-0.09532
4019	-0.5526
4020	0.3156
4021	-0.09484
4022	-0.06206
4023	0.1804
4024	-0.01335
4025	-0.5942
4026	-0.4837
4027	-0.4102
4028	-0.1139
4029	
4030	
4031	-0.3015
4032	0.008748
4033	-0.2704
4034	0.1209
4035	-0.8472
4036	0.1412
4037	-0.05148
4038	-0.1285
4039	0.0791
4040	-0.2133
4041	-0.02969
4042	-0.008624
4043	0.2219
4044	-0.227
4045	0.06807
4046	0.2759
4047	-0.1307
4048	0.1697
4049	-0.5351
4050	-0.5019
4051	-0.4372
4052	-0.3922
4053	-0.5056
4054	-0.0513
4055	-0.1702
4056	0.44
4057	0.1383
4058	0.4092
4059	0.0809
4060	-0.1204
4061	-0.1788
4062	-0.1862
4063	0.218
4064	-0.7267
4065	-0.8463
4066	-0.1541
4067	-0.5556
4068	-0.08733
4069	-0.2321
4070	-0.5903
4071	-0.449
4072	1.134
4073	-0.723
4074	-0.5482
4075	-1.277
4076	-0.4076
4077	-0.2494
4078	-0.1508
4079	
4080	-0.9191
4081	-0.6972
4082	-0.21
4083	-0.4121
4084	
4085	
4086	-0.4792
4087	0.01199
4088	0.06409
4089	
4090	-0.003064
4091	-0.1653
4092	-0.243
4093	-0.1352
4094	-0.3126
4095	-0.5515
4096	-0.338
4097	-0.545
4098	-0.7461
4099	-0.3535
4100	-0.3491
4101	-0.3683
4102	-0.7055
4103	-0.06477
4104	-0.02763
4105	-0.4752
4106	-0.2047
4107	-0.2522
4108	-0.241
4109	-0.2985
4110	-0.3486
4111	0.9109
4112	1.476
4113	0.5218
4114	0.5128
4115	0.2371
4116	1.06
4117	0.02986
4118	-0.3341
4119	-0.436
4120	0.1965
4121	-0.686
4122	-0.6697
4123	-0.1014
4124	-0.1921
4125	-0.4922
4126	0.04943
4127	-0.01262
4128	-0.06901
4129	-0.1225
4130	0.07238
4131	-0.3341
4132	0.1008
4133	-0.3365
4134	
4135	-0.0222
4136	-0.6777
4137	-0.01713
4138	0.1187
4139	-0.3646
4140	0.2333
4141	0.06368
4142	1.047
4143	1.318
4144	-0.1523
4145	-0.197
4146	-0.4258
4147	-0.07719
4148	-0.03116
4149	0.05346
4150	-0.03053
4151	-0.015
4152	0.2053
4153	-0.009965
4154	0.011
4155	0.002607
4156	-0.2371
4157	-0.09755
4158	0.01445
4159	-0.4052
4160	-0.2105
4161	-0.191
4162	-0.04019
4163	
4164	
4165	
4166	-0.2956
4167	0.03148
4168	0.2266
4169	-0.3478
4170	0.159
4171	1.307
4172	
4173	0.897
4174	0.5745
4175	0.5585
4176	-0.5247
4177	0.6515
4178	0.6274
4179	0.6364
4180	-0.03901
4181	
4182	0.08278
4183	-0.1252
4184	-0.06808
4185	-0.2048
4186	-0.3739
4187	0.3277
4188	-0.2692
4189	-0.3355
4190	-0.268
4191	-0.2107
4192	0.004055
4193	-0.5262
4194	-0.4276
4195	-0.01596
4196	-0.5701
4197	-0.4576
4198	-1.244
4199	0.2499
4200	0.8768
4201	0.2733
4202	0.3858
4203	-0.2969
4204	-0.114
4205	-0.06043
4206	-0.1458
4207	-0.1895
4208	-0.1425
4209	-0.002158
4210	-0.08402
4211	-0.4688
4212	0.6541
4213	0.8249
4214	0.04745
4215	0.1386
4216	0.0702
4217	0.1451
4218	-0.1084
4219	-0.2157
4220	-0.5026
4221	-0.7796
4222	0.1713
4223	0.08269
4224	0.1573
4225	-0.1165
4226	0.1217
4227	0.2864
4228	-0.09886
4229	-0.0904
4230	-0.6782
4231	-0.375
4232	-0.7176
4233	-0.09073
4234	0.2046
4235	-0.3266
4236	0.05785
4237	0.1613
4238	0.712
4239	-0.02804
4240	-0.3985
4241	1.139
4242	-0.1519
4243	-0.07871
4244	0.2011
4245	-0.1844
4246	0.12
4247	0.2609
4248	0.2735
4249	-0.1277
4250	0.06748
4251	0.09361
4252	0.03133
4253	
4254	-0.2943
4255	0.3958
4256	0.09292
4257	-0.1037
4258	-0.4452
4259	0.03062
4260	-0.3363
4261	-0.08487
4262	-1.079
4263	-0.2756
4264	1.067
4265	-1.009
4266	-0.2374
4267	-0.1066
4268	-0.5676
4269	-0.7704
4270	
4271	0.073
4272	0.3027
4273	
4274	0.2127
4275	0.06258
4276	0.07008
4277	-0.007329
4278	-0.3659
4279	-0.04349
4280	0.04665
4281	0.03054
4282	0.04065
4283	0.3812
4284	1.24
4285	0.2687
4286	0.06507
4287	-0.1955
4288	-0.6878
4289	-0.4655
4290	0.06801
4291	-0.6713
4292	-0.6424
4293	0.02702
4294	0.3563
4295	0.1843
4296	-0.7022
4297	-0.2842
4298	-0.2428
4299	-0.05264
4300	-0.3752
4301	-0.6326
4302	-0.1134
4303	-0.1828
4304	
4305	0.2501
4306	-0.3708
4307	0.0851
4308	-0.08849
4309	-0.243
4310	-0.3002
4311	0.1387
4312	-0.09325
4313	-0.01064
4314	-0.708
4315	-1.129
4316	-1.27
4317	-0.2395
4318	0.087
4319	0.073
4320	-0.4247
4321	-0.1936
4322	0.3277
4323	-0.2484
4324	-0.09347
4325	-0.1162
4326	0.07586
4327	-0.4018
4328	0.1919
4329	0.003195
4330	0.05827
4331	0.1793
4332	0.2297
4333	0.7748
4334	0.1416
4335	0.09304
4336	0.07597
4337	0.05521
4338	0.01929
4339	0.03538
4340	-0.6119
4341	0.3145
4342	-0.6473
4343	-0.2351
4344	0.06949
4345	-0.2339
4346	-0.08333
4347	-0.09783
4348	-0.1509
4349	-0.4928
4350	-0.3378
4351	-0.0527
4352	-0.0788
4353	-0.003721
4354	
4355	-0.2521
4356	-0.6029
4357	-0.1061
4358	-0.1148
4359	
4360	0.2268
4361	-0.01678
4362	0.2342
4363	0.0294
4364	-0.06532
4365	-0.1655
4366	0.2011
4367	0.27
4368	
4369	
4370	
4371	0.1221
4372	0.252
4373	0.2947
4374	0.1764
4375	0.1427
4376	0.142
4377	-0.1749
4378	-0.0539
4379	-0.4705
4380	-0.1885
4381	0.3864
4382	-0.1354
4383	0.8774
4384	-0.55
4385	-0.269
4386	-0.4647
4387	0.05755
4388	-0.3473
4389	-0.7526
4390	-0.2429
4391	-0.2631
4392	0.1226
4393	0.06714
4394	-0.03043
4395	0.6302
4396	0.858
4397	0.0632
4398	-0.3319
4399	-0.5144
4400	-0.1522
4401	1.691
4402	0.522
4403	-0.09542
4404	
4405	
