1632	.519
1631	.199
1635	.192
1634	.057
1633	.192
1636	.296
2141	.395
2134	
2116	.398
2113	.647
2108	.57
2091	
2068	2.479
2065	
2064	1.939
2140	
2138	-.764
2137	5.57
2135	.233
2133	-.436
2114	-.348
2093	-.14
2067	-.846
2117	-2.464
2107	-.056
2089	-.438
2088	-.178
2060	-.5
2136	-.833
2115	.123
2110	-.865
2066	-.344
2063	-.427
2139	-.154
2112	.113
2111	
2109	.593
2092	
2062	
2061	
2059	
2058	
2090	-4.049
2069	
2357	-.652
2358	-.083
2355	.345
2354	.098
2356	.38
2353	.029
2862	1.113
2857	3.73
2856	1.168
2855	
2835	
2831	.995
2814	.03
2784	-.083
2783	-.317
2863	-.871
2839	.206
2834	-.048
2832	.058
2810	.098
2789	-.303
2787	-.33
2785	-.433
2860	-.973
2836	.176
2833	.256
2811	.111
2786	-.372
2859	-.58
2858	.01
2838	.266
2837	-.871
2830	.098
2815	-.154
2813	.166
2788	
2861	
2829	-.614
2812	.103
2791	2.933
2790	-.007
2782	
2781	
2780	
4517	.726
4524	.358
4522	.223
4516	.216
4523	.198
4520	-.031
4519	.146
4521	.058
4514	.089
4513	-.248
5029	-.201
4998	1.086
4980	.091
4518	.24
4515	-.109
5028	-.11
5025	.176
5024	.197
5018	2.348
5004	.235
5003	.457
4997	-1.781
4957	-.019
5240	.37
5239	.022
5237	.866
5026	.548
5019	.552
5005	.053
5002	-.145
4999	.04
4956	.123
4951	.076
4947	.305
5027	.122
5023	.064
5022	.21
5020	-1.898
5001	.32
4995	.052
4994	-.707
4979	-.519
4977	-.241
4955	-.186
4952	-.03
4946	-.2
4954	-.988
4953	-.049
4949	.613
4948	2.745
4944	
4943	.788
5021	-.371
5000	.188
4996	.424
4981	.261
4978	.014
4976	.015
4950	.136
4945	-.104
4942	.206
5246	.133
5238	.032
5235	.104
5243	-.066
5236	-.049
5748	.081
5747	.006
5724	.934
5723	.911
5718	.012
5700	.243
5698	-.112
5678	-.744
5676	.196
5671	.501
5670	.179
5665	.07
5663	.255
5244	.066
5241	.226
5245	.327
5242	.096
5749	-.147
5745	
5743	.649
5727	.417
5750	.039
5744	.153
5741	-.131
5751	-.021
5746	-.439
5742	.278
5740	-.055
5702	.271
5701	-.228
5699	-.28
5679	.03
5675	.797
5673	.639
5669	.105
5668	-.066
5677	-.106
5672	.131
5666	.06
5726	
5722	.473
5721	.677
5667	1.234
5664	.235
5725	.282
5720	-.001
5719	.099
5717	-.136
5716	.094
5703	.199
5674	.153
1200	.294
1881	-.284
1168	-.169
1888	-.287
1558	.145
2280	.111
4441	-.47
3401	
2725	.115
5366	.218
3478	-.528
213	-.046
3104	.426
5735	.397
5014	.463
5736	-.553
2131	.12
5015	.332
5737	-.421
5016	-.194
5738	-.074
5017	.224
2854	-.221
5739	-.499
2130	-.202
2853	-.058
2852	.289
2132	-.219
2103	
2102	-1.468
4041	-.495
2094	-.745
2095	-.14
2096	.635
2097	
2098	-1.534
2099	-1.195
2100	
2101	.041
2104	.583
2105	-.042
2816	-.017
2817	.006
2818	.817
2819	.181
2820	-.024
2821	.015
2822	.145
2823	.044
2824	.129
2825	-.283
2826	.025
2827	.307
4982	-.102
4983	-.433
4984	.542
4985	-4.684
4986	-.079
4987	-.254
5704	-.011
5705	.972
5706	-.619
5707	-.063
5708	.584
5709	.11
221	.029
217	.295
942	.518
3108	.208
3109	-.2
3830	-.775
3832	-.609
1974	-.193
5695	-.124
4974	-.14
5696	-.087
4975	.027
5697	-.13
4901	-.235
956	-.776
5623	-.545
3317	-1.135
4039	.015
3318	-.118
4040	.046
3319	-.333
313	-.078
3320	-.996
4042	-.223
3321	-1.117
4043	-.824
1493	.542
2215	.502
1494	.656
1035	-.361
2216	.36
314	1.306
1495	-.13
2217	2.042
1496	1.392
1036	-.217
2218	.142
1497	.14
2219	.472
1498	-.113
2220	-.04
4381	-.014
5103	-.2
4382	.072
5104	-.536
4383	.563
5105	-.126
4384	-.082
5106	.002
4385	
5107	-.21
4386	
5108	.054
1499	.362
2221	.053
1500	.185
2222	-.043
3122	.077
3843	.11
102	.089
1006	
824	
2985	-.26
315	.074
3707	.178
1037	.089
2986	.154
3708	-.444
2987	.072
3709	-.4
316	-.029
2988	-.309
3710	-.142
1038	-.177
2989	.33
3711	.035
285	-.756
2990	.348
317	
1007	.098
3712	-.034
103	-.134
825	-.293
104	-.158
826	-.013
265	-.114
105	.196
4902	-.005
5624	-.155
4903	-.395
5625	-.037
2016	-.798
2738	-1.539
2017	-.279
2739	.125
2018	.249
2740	-.28
2019	.027
2741	.618
2020	-.257
2742	-.083
2021	-.299
4904	-.751
5626	-.395
4905	-.596
5627	-.036
4906	-1.314
5628	-.119
4907	-.209
1039	-.172
5629	-.165
4908	-.262
5630	-.49
4909	-.23
235	.036
5631	-.567
3176	.287
3363	.17
4085	.062
476	.032
1198	-.046
477	-.096
1199	-.346
318	-.052
478	.246
479	.069
1040	-.536
3898	.098
1201	.168
480	.011
1202	.889
481	.149
626	.05
1203	-.322
1348	-.47
3364	-.232
4086	-.626
3365	-.076
4087	1.039
3366	-.014
4088	-.258
3367	.005
4089	-.106
3368	-.084
4090	.123
627	-.314
1349	-.1
2041	-.169
3369	-.505
2763	-.234
2042	.057
2764	-.344
2043	-.128
2765	-.504
2044	-3.657
2766	-.31
2045	-.263
2767	.302
4928	-.565
5650	-.594
955	-.341
4929	-.716
2552	-.283
1831	.019
2553	-.225
1832	-.333
2554	.053
3201	-.448
3876	.049
1833	-.383
2555	-.176
3923	-.12
1834	-.391
2696	-.575
1975	.186
2913	.293
2697	-.105
1976	-.241
2698	-.295
1977	-.162
2699	-.244
1978	-.326
2700	-.1
1979	-.572
2701	-.196
4862	-.271
5584	1.175
4863	.968
5585	4.697
4864	2.265
5586	.192
4865	-.353
5587	-.346
4866	-.126
5588	-.185
4867	-.11
5589	-.467
1980	-.528
2702	-.86
1981	-.219
2703	-.056
1982	.224
2704	-.24
1983	-.07
2705	-.507
5651	-.029
4930	-.608
5652	3.089
268	1.113
2196	.091
4931	-.426
4357	.173
5079	-.28
4358	-.051
3202	-.102
5080	-.328
4359	-.06
5081	-.135
990	-.078
4360	-.638
5082	-.087
4361	-.052
269	.01
5083	.092
991	-.009
4362	-.411
270	.03
5084	.122
1475	.201
2197	.354
1476	.074
2198	.021
1477	.055
2199	.193
992	1.512
1478	1.281
2200	.406
1479	.251
3153	.138
2201	-.218
1480	.125
2202	.011
4363	.354
5085	.053
4364	.128
5086	-.029
4365	.243
3875	.117
5087	.193
4366	-.071
232	-.251
5653	.698
4932	-.39
5654	-.181
4933	-.193
5655	.168
241	-.252
963	-.738
242	-.153
964	.073
3924	-.053
243	.465
965	-.501
244	.22
966	-.176
245	-.311
3440	-.057
4162	-.069
3441	.061
4163	-.324
1613	-.339
2335	-1.043
1614	-.326
2336	-.161
279	-.184
1615	.136
2337	-.088
1616	-.028
2338	-.15
1617	.451
3203	-.087
2339	.497
1618	-.063
2340	-.115
4501	-.256
5223	-.3
4502	-.132
5224	-.291
4503	-.037
5225	-.708
4504	-.955
4505	-.121
5226	-.155
5227	.512
4506	-.477
5228	-.197
1619	-.097
2341	.097
1620	-.369
246	-.381
967	-.335
2342	-1.545
968	-.815
3129	-.207
3851	.111
3130	.048
3852	-.379
3131	.03
3853	-.52
3132	.118
3854	.064
3133	-.123
3855	-.477
3134	-.443
3856	-.323
247	.078
969	2.447
248	.026
970	.77
3925	.602
249	.099
971	-.217
250	-.022
4858	-.585
2828	-.327
5580	.603
4859	.496
5581	-.562
4860	.156
5582	.007
4861	-.076
5583	.38
169	-.015
3204	-.331
891	.073
170	-.318
892	-.242
171	.171
893	-.22
172	-.018
894	-.339
972	.234
251	-.024
252	.285
974	-.312
3135	.309
3857	.038
3926	.203
3136	.034
3205	.203
3858	.767
3137	-.096
3859	.678
3138	.439
3860	.225
3139	.177
3927	.215
3206	.062
3861	.216
3140	.037
3862	.089
253	.216
975	-.22
254	.127
976	-.409
255	.263
977	-.388
256	-.088
978	-.276
4848	-.743
3523	.256
3928	.404
5570	.152
4849	.062
5571	-.389
1962	.073
2684	.113
1963	-.559
2685	.558
1964	.589
2686	.34
1965	.495
2687	.066
1966	-.909
2688	-.352
1967	-.551
2689	-.072
4850	-.499
5572	-.404
4851	-.553
5573	-.981
4852	-.646
5574	
4853	-.631
4245	-.171
5575	.177
4854	-.904
5576	-.332
4855	-.139
5577	.177
1968	1.25
2690	.407
319	-.168
1969	.687
2691	.607
1970	.13
2692	-.257
1971	.146
2693	.159
1972	.512
3524	.418
2694	.114
845	-.453
124	.003
846	.095
125	.012
847	-.385
126	-.02
1041	.109
848	-.232
320	-.348
1515	-1.126
1042	-.107
2237	.173
321	.23
1516	-.306
1043	.276
2238	-.102
4399	.129
5121	-.062
4400	-.106
5122	-.166
4401	-.06
5123	-.367
4402	.04
5124	.057
4403	-.025
5125	-.185
1004	1.455
1854	.333
4404	-.146
5126	-.421
2576	.001
1855	-.392
322	.106
2577	-.174
1856	.214
2578	-.177
1857	-.083
2579	-.006
1858	-.299
2580	-.373
1859	.183
257	.101
979	.104
1044	-.038
323	.304
258	-.023
980	-.305
1045	-.409
3141	-.03
3863	.198
324	.25
3142	.418
3864	-1.537
3143	.099
3865	.222
3144	-.272
3866	-.053
3145	.155
1046	-1.045
3867	.437
3146	.156
3868	-.007
259	.32
981	.135
3207	-.019
260	2.458
982	.117
261	-.19
983	.695
3929	-.156
262	.385
4641	.083
5222	.36
1950	-.588
2672	-.697
1951	-.059
3208	.161
2673	.058
1952	-.38
2674	-.263
1953	-.357
2675	-.337
1954	-.755
2676	-.305
1955	-.481
2677	-.311
4838	.003
5560	-.245
4839	-.135
3844	-.274
5561	-.166
3642	-.432
2921	
3643	-.197
3729	-.384
3008	.406
3930	.421
3209	.273
3730	.068
458	.204
1180	.018
459	.004
1181	.048
460	.426
3931	.048
1182	.031
461	.109
988	.303
1183	-.311
462	.08
1184	.088
463	.155
3174	.083
1185	.089
3896	-1.815
3346	.107
4068	-.443
3210	.177
3347	.163
4069	.004
3348	-.419
4070	-.203
3349	-.039
3932	-.207
4071	-.295
3350	-.393
2928	.127
4072	-.906
3351	-.022
3175	.266
4073	.309
45	.252
984	-.122
263	.152
985	-.263
264	1.871
986	-.107
3147	
3869	-.553
3148	-.262
3870	-.596
3149	.119
3871	.171
3150	-.037
3872	-.029
3151	-.522
3873	-.353
3211	-.023
3152	-.124
602	.218
3874	-.268
4988	-.725
1324	-.123
603	-.041
1835	-.492
1325	-.099
2556	.291
604	-.062
1326	-.102
605	-.35
1327	-.369
606	-.703
1328	-.417
607	-.341
1329	-.22
3490	-1.251
4212	-.006
3491	-1.289
3933	-.492
4213	-.749
3492	-.974
4214	-.44
3493	-.868
4215	-.161
3494	-1.141
1537	-.218
2259	.08
1538	.309
2260	.124
1539	.048
2261	.301
1540	.117
2262	-.411
4423	-.042
5145	.033
4424	.087
5146	
4425	.026
5147	.323
4426	-.21
5148	.059
4427	.019
5149	-.574
4428	-.252
3212	.445
5150	-.289
1878	-.005
2600	-.308
1879	-.188
2601	-.166
3170	-.028
1880	-.066
2602	-.539
3934	-1.155
2603	-.383
1882	-.31
3649	-.944
2604	-.237
1883	.096
2605	-.525
666	-.478
4766	-.408
325	-.3
5488	-.845
101	-.495
4767	-.371
823	-.674
4270	-1.037
3549	-1.575
4271	-1.13
662	-.2
1384	.046
663	-.695
1385	-.251
664	-.693
1386	-.381
665	-.753
1387	.019
2475	.159
4621	
5343	-1.07
4622	-.068
5344	-.482
4623	-.055
1047	-.489
5345	-.33
4624	-.317
326	.492
5346	.548
4625	-.003
1048	-.337
5347	.314
4626	.005
5348	.044
1739	-.042
2461	.281
1740	-.178
2462	-1.83
1741	.015
2463	.401
1742	-.274
2464	
1743	.104
2465	-.36
1744	-.645
2466	-.336
4627	-.017
5349	-.388
4628	.357
5350	-.212
4629	-.149
5351	.463
4630	.126
5352	-.128
4631	-.048
5353	-.196
4632	-.136
5354	-.403
327	-.358
1745	-.158
2467	.199
1746	-.803
2468	-.235
1754	.224
4216	.792
3495	-.604
4217	-.696
608	-.991
1330	-.483
609	-.163
1049	-.208
1331	-.276
610	-.203
1332	.561
328	.833
611	.714
1333	
612	-.032
1334	-.049
613	-.281
1335	-.061
1050	-.197
3496	-1.002
4218	-.352
3497	-.202
4219	-.316
3498	.025
4220	-1.158
3499	.009
453	-.444
4221	-.142
1174	-.149
452	-.314
4061	-.793
3339	-.665
3169	-.128
4060	-.387
3338	-.789
4059	.178
3337	.034
4058	-.004
3336	-.516
4057	-.014
3335	-.341
329	-.042
4056	.016
3334	-.317
1173	-.056
451	-.027
1051	-.281
1172	.002
330	.199
450	-.405
1171	.063
449	.011
3890	-.036
1170	.019
448	.055
1169	-.179
447	-.08
446	.348
3168	.078
4055	-.096
3333	-.607
1052	-.42
4054	-.128
3332	-.713
4053	-.306
3213	.291
3331	-.041
3889	.204
4052	-.024
3330	-.282
3935	.825
4051	-.207
1388	-.107
3329	-.128
667	.123
1389	-.209
3550	.017
4272	-.127
3551	
4273	-1.053
1394	.557
3214	.261
3552	.759
3936	.14
3215	-.021
4274	-.581
3553	-.207
4275	-.753
3554	-.687
673	-.044
3937	-.433
3555	-.275
4276	-.597
4277	-.566
668	-.084
3216	-.415
1390	
3938	-.535
669	-.104
3217	-.293
1391	
3939	-.113
1395	-.07
3218	-.083
670	-.631
3940	-.53
331	-.309
1392	-.348
3650	-.542
2929	-.003
1053	-.527
3651	.002
2930	-.199
332	-.357
3652	.571
43	.043
765	.108
671	.374
1054	.235
333	-.053
1393	-.05
672	-.455
1055	-.395
2474	-.57
4379	.113
5100	.242
4378	-.177
5099	-.628
4377	.187
5098	-.469
4376	-.159
5097	-.338
4375	.276
2214	-.121
334	.087
1492	-.432
2213	
1056	.162
1491	.251
1490	.18
2212	
2211	.329
1489	.463
1488	.015
2210	-.227
2209	-.577
1487	.249
335	.082
5096	-.139
5710	-.124
3500	-.069
4374	-.092
4222	-.72
3501	.253
4223	-.359
614	.193
1336	-.46
615	.013
1337	-.451
616	-.099
1338	-.069
617	-.397
5489	.01
4768	-.053
5490	-.059
4769	.951
5491	.218
4770	.26
674	-.605
5492	-.38
4771	-.421
5493	-.6
1884	-.418
2606	-.676
1885	-.53
2607	-.539
1886	-.249
1887	-.169
2608	-.056
3892	-.162
1396	.029
2609	.051
283	-.129
2610	-.539
1889	-.609
2611	-.103
4772	-.44
5494	-.286
4773	.056
5495	-.548
4774	-.093
675	-.174
5496	-.472
4775	-.086
1005	.053
1397	-.233
5497	.108
4776	-.236
5498	-.33
4777	-.139
5499	-.271
1890	-.338
2612	-.445
1891	-.638
2613	-.531
1892	-.503
2614	-.403
1893	-.286
2615	-.43
1894	-.039
2616	-.24
1895	.183
2617	.307
4643	-.146
4778	-.061
5365	-.068
1339	.051
618	.02
1340	-.153
619	-.482
676	.083
1341	-.382
1398	-.477
3502	-.418
3562	-1.226
4224	-.221
3503	-.127
4225	-.015
3504	.158
4226	.418
3505	.325
4227	1.159
3506	-.173
4228	-.41
3507	-.36
4284	-.007
4229	-.445
620	.238
1342	.296
3563	.402
621	.143
4285	-.338
1343	.17
3564	-.157
622	.227
1344	1.413
4286	1.211
623	-.09
1345	.208
624	-.256
1346	.004
625	.041
1587	-.04
2309	-.354
1588	.288
2310	.579
4471	-.176
5193	-.667
4472	.035
5194	.024
632	.245
4473	-.5
5195	.047
4474	.271
1354	.009
5196	-.043
4475	.126
5197	-.137
4476	.134
5198	-.563
1926	-.308
2648	-.393
680	-.23
1927	-.69
2649	-.141
1928	-.33
633	.033
2650	-.207
1929	-.062
2651	-.411
2470	-.083
1930	-.666
2652	-.357
1931	-.122
2653	-.712
4814	-.183
5536	-.181
4815	-.266
5537	-.212
4816	.035
5538	-.278
1347	.296
4817	.141
3508	
4230	-.119
3509	.711
130	.048
4231	-.127
851	-.81
3510	-.303
4232	-.041
5440	-.025
4718	-.679
2557	-.119
4153	-.17
3431	-.65
4152	-.134
1402	.09
3430	-.117
1269	.035
681	.02
547	-.421
1268	.494
546	-.477
1267	.177
545	-.299
3511	-1.443
4233	-.925
3512	-3.235
4234	-.746
3513	-1.789
4235	.387
1685	.103
2407	.619
1686	-.456
2408	-.241
1687	-.332
2409	-.053
1688	-.07
2410	-.181
1689	-.611
2411	-.488
1403	.069
1690	-.79
682	-.057
2412	-.187
4573	-.008
5295	.401
4574	-.078
5296	-.048
4575	-.515
4642	-.198
1404	-.125
5297	.133
3568	.16
4576	-.657
4577	-.142
5298	.64
5299	.394
4578	-.318
5357	.486
5300	-.095
1691	-.506
2413	-.353
1692	.042
2414	.696
1693	-.408
2415	.242
1694	.462
2416	1.239
1695	.55
2417	.587
4290	-.161
1696	-.006
2418	-.197
4579	-.77
5301	.203
4580	-.272
5302	-2.306
4581	.333
5303	-.21
4582	-.11
5304	-.274
4583	-.057
5305	.205
4584	.139
5306	-.305
1697	-.134
2419	-.196
1698	-.17
2420	-.109
1699	-.113
2421	-.01
3569	.114
1700	.06
2422	-.241
1701	-.1
4291	-.214
2423	-.392
3025	.06
3747	.255
3026	-.058
139	.076
3748	-.09
861	.366
140	.783
862	-.687
141	-.056
863	-.081
142	-.07
864	-.486
143	-.117
865	-.338
144	-.385
747	-.836
3570	-.381
866	-.268
3027	-.121
3749	-.226
3028	.219
3750	-1.313
3029	-.265
3751	-3.004
3030	.131
3752	-.084
3031	-.13
3753	.155
3032	.347
3754	.119
482	-.005
1204	-.163
483	-.237
1205	.214
484	-.011
1206	.124
3516	-.137
42	-.112
485	-.254
1207	.003
3556	-.849
4278	-1.023
3557	-1.151
4279	-.736
3558	-.199
4292	-.548
4280	-.895
3559	-.313
4281	-.382
3560	0
4282	.538
3561	.215
686	-.375
4283	-.396
1733	.108
2455	.547
1734	.097
2456	-.531
1735	-.029
2457	-.164
1736	-.528
2458	-.385
1737	-.151
2459	-.013
1738	-.406
2460	-.019
2346	-.168
3846	-.643
1624	-.061
2345	-.084
1623	-.469
1001	-.828
2344	-.284
1622	-.175
4989	-.533
1144	.122
1621	-.018
2343	-.027
422	.108
4031	-.774
3309	-.098
4030	-.382
3308	-.844
4029	-.914
3307	-.826
4028	-.251
3306	-.6
4027	-.374
3305	-.507
4026	-.515
3304	-.68
1143	-.001
421	.38
1142	.065
420	-.069
1141	-.045
419	-.19
280	-.028
1140	.131
418	.149
1139	.125
417	-.94
1138	.041
266	-.399
416	-.585
4025	-.55
3303	-.588
4024	-.291
3302	-.7
4023	-.458
3301	-.171
4022	-.414
3300	.123
4021	-.251
1702	-.027
3299	-.603
2424	-.056
4585	.305
5307	
4640	.28
4586	
3344	.484
5308	.248
5363	.259
4587	-.139
5309	.445
4644	.326
4588	-.23
5310	-1.183
4589	.468
5311	.303
1408	-.228
4590	-.198
5312	-1.598
1127	.069
1703	-.58
406	-.539
1128	-.279
407	.801
1129	2.572
408	.413
1130	-.063
409	.04
1131	.1
3292	-.247
4014	-.712
3293	-.45
4015	-.212
3294	-.151
4016	-.229
3295	-.331
3296	-.354
4017	-.133
687	-.011
4018	-.043
3297	-.672
4019	.106
1469	.239
2191	.043
1470	-.028
2192	.034
1471	.706
267	-.525
2193	-.244
989	.466
1472	-.137
2194	
2917	-.171
4038	-.742
3316	-1.162
1155	-.257
433	-.415
1154	.044
432	-.086
1153	.201
431	-.099
1152	.146
430	-.296
1151	-.205
429	-.177
1150	-.189
428	-.117
4037	.139
3315	-.413
281	-.368
4036	.038
3314	-.256
4035	-.102
3313	-.46
4034	-.275
3312	-.19
4033	-.02
1002	-.252
1409	-.253
3311	.205
3433	-.788
4032	-.109
3310	.006
1149	1.112
427	.588
688	.068
1148	-.14
426	-.085
1147	1.222
425	.175
1146	.095
424	.058
1145	-.028
423	.462
4210	.403
3489	1.138
4211	.385
1661	.011
2383	.206
1662	-.146
2384	.369
1663	-.389
2385	-.298
1664	.5
2386	-.264
1665	-.508
2387	-.095
1666	-.051
2388	-.388
4549	-.165
5271	.374
4550	-.111
5272	.102
645	-.15
1410	.279
4551	-.013
1367	-.54
3574	-.665
5273	.123
4552	-.127
5274	-.688
4553	-.218
5275	.796
4554	.547
5276	-.143
1667	-.141
2389	-.641
1668	-.283
4639	-.204
2390	-1.021
646	-.228
1669	-.506
2391	-1.115
1670	-.335
2392	-.4
1671	-.142
2393	-.265
4296	-1.001
1672	-.112
3575	.212
1368	.132
2394	-1.751
4297	-.16
647	-.096
3576	.166
4555	-.815
5277	-.098
4556	-.121
1369	.166
4298	-.045
5278	.142
4557	-.469
5279	.335
4558	-.607
5280	-.104
4559	-.195
5281	-.403
4560	-.408
5282	-.37
1673	-.026
692	.128
2395	-.45
1674	.211
1414	-.253
2396	.15
1675	-.121
2397	-.379
1676	-.158
2398	.061
1677	-.258
2399	-.447
1678	.07
2400	-.151
464	-.04
1186	.176
465	.164
1187	.183
466	-.356
1188	.246
467	-.135
1189	.192
468	.2
1190	-.059
469	-.748
3897	.135
1191	-.266
3352	-.378
4074	-.054
3353	-.112
4075	-.174
3354	-1.035
4076	.722
3355	1.785
4077	1.307
3356	-.215
4078	-.342
1837	-.055
4729	.07
2559	.566
1838	.079
2560	.131
1839	-.24
2561	-.039
693	-.352
1840	-.764
1415	-.102
2562	-.188
1841	-.392
694	-.145
2563	-.419
4724	-.203
5446	-.197
4725	-.207
5447	.137
4726	.103
5448	-.344
4727	-.18
5449	-.268
4728	-.504
5450	.081
5711	-.39
5451	-.3
1842	-.5
1416	-.083
2564	-.157
1843	-.327
2565	-.031
1844	-.168
2566	-.15
1845	-.021
3155	-.126
2567	-.323
1846	-.285
1283	-.154
2568	.009
562	-.22
1284	.109
3580	-.064
563	-.207
1285	.184
564	-.394
1286	-.04
4302	-.388
565	-.963
1287	-.157
3581	-.083
3448	.118
1364	-.291
4170	.201
3449	-1
4171	-.626
3450	-.889
4172	-.163
3451	-1.37
4173	-.48
3452	-1.195
4174	-.71
3453	-1.031
4175	-.494
566	.052
643	-.086
1288	-.571
567	.066
1365	-.135
954	.148
1289	-.18
5088	-.085
4367	-.053
5089	-.357
4368	.117
5090	-.311
1481	-.911
2203	-.821
1482	-.064
2204	.041
1483	-.606
2205	-.055
1484	-.325
2206	-.167
1485	.204
2207	.448
4303	-.305
1486	-.1
2208	.131
3154	-.175
4369	-.09
5091	.185
4370	-.073
5092	.006
4371	-.118
5093	.046
4372	-.298
233	.214
5094	.031
4373	-.068
5095	.052
5441	-.104
4720	.001
3582	-.505
5442	
3656	2.08
4721	.885
5443	.607
4722	.511
5444	.544
4304	-.038
4723	-.519
5445	-.68
1836	.1
568	.044
2477	-.148
2558	-1.227
3526	-.008
1290	-.096
4248	-.39
677	-.371
569	-.65
1291	-.041
3527	-1.932
570	-.469
1399	-.425
1292	-.743
571	-.833
678	-.279
1293	-.463
3454	-1.346
4176	-.503
3455	-1.343
4177	-.737
3456	-.625
4178	-.644
1400	-.076
3457	-.151
4249	-.624
4179	-.752
3458	-.244
4180	-.438
3459	.131
4181	-.443
679	-.144
572	-.871
1294	.245
573	-.526
4244	-.394
5569	-.243
4847	.133
5568	-.228
4846	.191
5567	.355
4845	-.662
5566	-.739
4844	.804
2683	-.462
1961	-.059
2682	-.281
1960	-.891
2681	-.318
1959	.234
2680	-.105
3522	-.054
1958	-.098
2679	-.257
1957	-.338
2678	-.952
1956	-1.07
1401	-.105
2471	.02
1749	-.187
5565	.367
4843	-.076
5564	.374
4842	-.353
5563	.135
4841	-.681
5562	.135
4840	-.111
239	-.246
887	-.238
5539	-.382
4818	-.249
5540	1.651
4819	1.995
5541	-.08
1932	.132
2654	-.784
1933	-.088
2655	-.407
1934	-.31
2656	-.337
1935	-.133
2657	-.437
1936	-.156
2658	-.104
1937	.973
2659	.852
4820	.279
5542	.14
4821	-.634
3565	-.595
5543	-.477
4822	-.404
1355	-.31
5544	-.605
4823	-.26
5545	-.436
4824	-.772
5546	-.24
4825	-.212
5547	.006
1938	-.593
2660	-.351
1939	-.402
2661	-.348
3839	-.07
1003	-.394
1501	-.027
2223	.147
1502	.032
2224	-.303
1503	.195
2225	-.59
1504	-.094
2226	-.113
4387	
282	.298
4287	-.207
5109	-.134
4388	.022
5110	-.317
4389	.004
5111	.162
4390	.523
5112	.673
4391	.707
3566	-.567
5113	1.744
4392	1.276
5114	2.428
1505	1.731
2227	1.948
5459	1.789
1506	.166
4738	1.573
2228	.112
5460	.748
1507	.061
4739	.626
2229	.388
3117	.16
5461	.297
4740	.174
5462	-.334
4741	-.356
5463	-.213
49	-.22
771	-.217
50	.015
772	.38
3878	-.033
51	-.027
773	-.424
4288	-.235
52	-1.057
3567	-.33
774	-.461
53	-.058
775	-.395
54	-.133
776	.119
3157	.322
2937	-.031
3879	.723
4289	-.752
3659	.366
2938	-.307
3660	-.413
2939	-.193
3661	.165
2940	.15
3158	.085
3662	-.204
2941	-.159
271	.061
134	.21
3880	.499
3663	.025
856	-.911
135	-.051
857	-.123
136	.104
858	-.132
137	-.311
859	-.599
138	-.133
860	-.382
3021	.263
3743	-.297
3022	-.121
3744	-.932
683	-.226
3023	-.524
3745	-.242
3024	.048
3746	-.013
5500	-.508
4779	-.185
5501	-.231
4780	.152
5502	
4781	-.629
5503	-.325
4782	-.2
5504	-.332
4783	-.34
5505	-.46
1896	.066
284	-.094
1405	.144
2618	-.259
1897	.065
2619	.071
1898	.345
2620	-.414
1899	.148
2621	-.442
1900	-.041
2622	-.417
684	.545
1901	-.412
2623	-.093
4784	-.367
5506	-.429
4785	-.444
5507	.09
4786	-.027
1406	.285
5508	.153
4787	-.066
5509	-.184
4788	-.204
5510	-.072
4789	-.131
5511	-.021
685	-.667
97	-.243
819	-.601
98	-.479
1407	.075
820	-.523
99	-.016
3571	-.663
821	-.224
4500	-.243
100	-.21
5221	-.233
822	-.083
4499	-.756
5220	.026
4498	-.141
5219	-.333
4497	-.003
5218	-.582
4293	-.428
4496	.044
5217	.018
4495	.028
2334	-.649
1612	-.047
2333	-.592
3572	-.865
1611	-.814
2332	-.992
1610	-.41
2331	-.86
4294	-.655
1609	.195
3573	-.087
4243	-.457
2330	-.314
4295	-.343
1608	-.307
3521	-.109
2329	-.489
1607	-.1
5216	-.351
4494	-.151
5215	-.574
4493	.097
689	.525
4242	.093
5214	.112
4492	.13
1411	.108
3520	.894
5213	.329
4491	.505
1295	-.131
574	.015
1296	.12
575	-.859
1297	-.1
576	-.142
690	.496
1298	-.168
577	.028
3094	.753
1299	.662
3528	.146
3460	.031
4182	.19
3461	.392
4183	.394
3462	-.116
1412	.096
4250	.59
4184	-.56
3463	.863
4185	.8
3464	
4186	2.28
3465	1.173
4187	-.04
1637	-.278
2359	-.542
1638	.214
2360	.269
1639	.148
1753	-.003
2361	.077
5527	-.018
2916	.506
3638	-.466
1748	-.79
691	-.201
3639	-.749
2918	-.059
4806	-.327
5528	.084
4807	-.423
5529	-.037
1920	.021
2642	.133
1921	-.009
3640	.015
2643	-.184
1922	-.467
2644	.037
1923	.038
2645	.285
1924	.059
2646	-.122
1925	-.146
2647	-.229
1413	-.138
4808	-.439
5530	-.557
4809	-.217
5531	-.676
4810	-.756
5532	-1.299
4811	-.319
5533	-.384
4812	-.018
5534	-.274
4813	-.153
631	-.344
5535	-.193
121	-.448
843	-.726
122	-.413
844	-.32
1353	.027
123	-.013
3328	-.067
4050	-.06
1167	.044
445	.044
1166	-.006
444	.085
1165	-.204
443	-.238
2923	-.497
3577	.361
3644	.484
2425	-.243
2922	.15
1704	2.98
973	.512
2426	.076
1705	-.163
3126	.014
3848	.019
3127	-.359
3849	-.534
999	-.51
1595	
3128	-.733
5204	.132
4299	-.387
4482	-.062
5203	.007
4481	-.062
5202	-.05
4480	-.054
5201	-.243
4479	-.281
5200	-.066
4478	-.066
5199	-.69
4477	.128
2316	-.474
1594	.178
3578	-.445
2315	-.349
1593	.282
2314	-.283
4300	-.174
1592	-.205
3579	-.171
2313	-.839
1591	-.269
2312	-.505
1590	-.132
2311	-.304
4301	-.592
1589	-.034
4139	-.423
3417	-1.604
4138	-.138
3416	.027
3380	-.268
4101	-.152
3379	-.185
4100	-.522
3378	-1.597
4099	-.829
3377	-.657
4098	-.439
3376	-1.764
1215	-.197
3517	.625
695	-.322
493	-.382
4238	-.634
1214	-.072
492	-.002
1213	.212
491	-.136
1212	-.446
490	-.316
1211	-.155
238	-.15
489	-.055
1417	-.426
696	.108
1210	.245
488	-.18
4097	-.007
3375	-.077
4096	.115
3374	-.906
4095	-.355
3373	-.732
4094	-.807
3372	-.05
4093	-.176
3371	-.048
4092	-.88
3370	-.1
1209	.218
487	-.078
1208	-.121
486	-.14
959	-.105
2427	-.218
1706	-.37
2428	-.303
1707	-.396
2429	-.144
1708	-.319
1847	-.114
2430	-.124
2569	-.149
4730	-.584
5452	-.572
4731	-.8
5453	-.882
4732	.092
5454	.007
3156	-.13
4733	-.091
5455	-.555
4734	.158
1418	-.051
5456	-.255
4735	-.209
5457	-.311
1848	-.253
2570	-.208
1849	-.317
2571	.001
1850	-.005
2572	-.509
697	-.18
1851	-.577
2573	-.171
1852	.005
2574	.205
1419	-.11
1853	-.155
2575	-.028
4736	-.03
5458	-.344
234	-.176
4737	-.352
3673	.067
2952	0
3884	-.014
3674	.523
3057	.049
2953	.323
3675	-.1
2954	.265
3583	-.207
3676	-.245
67	1.307
789	1.144
68	-.125
790	-.085
69	.187
3163	.063
791	-.485
70	-.191
792	-.022
71	.054
793	.274
3885	.175
4305	-.13
72	.137
3164	-.154
794	.105
3886	-.007
2955	.049
3584	-.033
3677	-.234
2956	.063
4306	.162
3678	-.303
757	.08
2957	.096
36	.052
758	.239
3679	-.027
2919	.114
3641	.203
2920	-.048
5364	.15
4591	-.159
5313	.062
4592	-.008
4990	-.422
5314	.795
4593	.843
5315	.906
4594	2.597
5316	1.739
4595	.295
5317	-.231
4596	-.282
3585	.072
5318	-.254
2046	-.626
4636	.007
4004	-.44
3283	-.365
4005	-.29
3284	-.621
4006	-.507
3285	-.066
4007	-.234
398	-.048
1120	.024
399	-.288
1121	-.134
400	-.129
1122	-.16
401	-.11
1123	-.202
402	-.189
1124	-.038
403	-.132
1125	-.095
3286	-.164
4008	-.595
3287	-.44
4009	-.083
3288	-.043
4010	-.422
3289	.551
4011	-.266
3290	-.303
4012	-.195
3291	-.214
4013	-.576
404	-.142
1126	.158
405	-.087
2768	-.002
2047	-2.222
386	.277
994	-.039
2769	-.381
273	.155
1108	.139
387	.172
995	.963
274	.3
1109	.147
388	.146
1110	.64
389	-.098
1111	.153
390	.074
1112	.039
4307	-.55
391	-.287
1113	.335
996	-.221
3274	-.388
275	.093
3996	-.194
3275	-.726
3997	-.453
3276	-.621
3998	-.292
3277	-1.258
3999	-.26
3278	-.44
1057	-.116
4000	-.171
3279	-.704
237	-.033
4001	-.081
392	-.263
3009	-.116
1114	-.059
3731	-.108
393	-.099
3010	-.085
1115	.102
3732	-.379
3011	-.007
3733	-.218
394	.262
3012	-.819
3514	.057
1116	-.201
3734	-1.953
395	-.031
3013	-.325
1117	.163
3735	.08
396	-.155
3014	-.247
1118	-.134
3736	-.119
127	-.34
397	-.446
849	-.24
128	-.196
1119	-.073
4236	-.476
850	-.175
129	-.423
852	-1.236
3515	-.059
131	-.298
853	-.15
132	.086
336	-.04
854	-.237
4237	.054
3015	.193
3737	-.478
3016	.004
3738	-1.209
3017	-.014
3739	-.179
3018	1.025
3740	2.387
3019	.184
3741	-.299
3020	-.103
3742	-.185
133	.011
855	-.175
3280	-1.026
4002	-.829
3281	-.764
4003	.074
3282	-.394
2048	.156
2770	-.729
2049	-.333
2771	-.154
2050	-.696
2772	-.215
2051	
2773	-.389
4934	.137
5656	-.099
4935	-.053
5657	-.125
4936	-.023
5712	-.23
5658	-.224
4937	.027
5659	-.16
4938	.051
5660	-.278
4939	.066
5661	-.349
2052	.225
2774	.465
2053	-.362
1058	-.106
2775	-.369
2054	-.65
2776	-.706
2055	.002
2777	-.442
2056	.157
2778	-.191
3694	-.434
2972	-.159
3693	-.983
2971	.045
4411	-.163
2250	.034
1528	-.091
2249	-.19
1527	.288
2248	.093
3219	-2.055
1526	.277
2247	-.28
1525	.139
2246	-.24
1524	.119
2245	-1.052
1523	.329
3941	-.345
5132	-1.013
4410	.042
5131	-.373
4409	.284
5130	-.2
4408	.077
5129	.302
4407	-.022
5128	.114
4406	.021
5127	-.16
4405	-.087
2244	
2308	
1586	.01
987	.395
1522	-.375
2307	.094
3220	.146
4241	.068
1585	.14
2243	-.499
1521	.377
2306	-.126
1584	.05
3121	.005
748	-.162
2305	.048
1583	.047
3519	-.174
5192	-.242
4240	.007
4470	
3518	.411
5191	-.149
4469	-.018
5190	-.003
4468	.066
5189	-.166
4467	.39
5188	-.224
4466	.312
5187	-.437
4465	-.242
2304	-.558
1582	-.06
3942	-.123
2303	.464
1581	.21
2302	-.341
1580	.179
2301	-.296
1579	-.045
2300	-.334
1578	-.182
2299	-.167
1577	-.039
3221	.058
5186	.036
2983	-.008
4464	-.157
3704	.141
2982	1.571
3703	.966
2981	.133
3702	-.199
2980	-.228
3701	-.785
2979	.005
818	-.433
96	-.133
817	-.405
95	-.003
816	-.379
94	-.172
815	-.249
93	-.46
814	-.236
92	.02
813	-.398
91	-.286
3943	-.467
3700	-.309
2978	-.071
3699	-.495
2977	-.296
3698	-1.231
2976	-.102
3697	-.715
2975	-.185
3696	-.797
2974	.115
3695	-.23
2973	-.285
812	-.164
90	-.296
811	-.019
2933	.287
89	.551
810	-.181
88	-.162
3222	-.22
809	-.538
87	-.373
808	-.604
86	-.31
807	-.206
85	.007
2057	.397
2779	-.475
4940	-.786
5662	-.267
4941	-.168
5603	-.554
4881	-.068
5602	-.202
4880	.296
2719	-.102
1997	-.73
2718	-.371
1996	-.389
2717	-.349
1995	.314
2716	-.188
1994	-.517
2715	.027
1993	.578
2714	-.003
1992	-.648
5601	.15
4879	-.283
5600	.315
4878	-.037
5599	-1.292
4877	-.311
5598	-1.091
4876	-1.621
5597	.286
4875	-.558
5596	-.335
4874	-.527
2713	.115
1991	.603
2712	.069
1990	-.222
2711	-.209
1989	-1.026
2710	.044
1988	.318
2709	-.457
1987	-.15
2708	.044
1986	-1.675
5595	-.311
4873	-.117
5693	-.267
5594	-.179
5690	.564
4969	-.813
5691	.047
2082	-.043
2804	.243
2083	-.819
2805	.147
2084	
2806	-.15
2085	.075
2807	-.194
2086	.009
2808	-.38
1984	-.11
2087	.342
4719	-.038
2809	-.417
4970	-.358
5556	-.317
4834	.004
5555	-.374
4833	.27
3944	.239
5554	.274
3223	-.397
4832	-.48
2671	-.299
1949	-.522
2670	-.312
3945	-.094
1948	-.839
3224	-.18
2669	.315
1947	-.535
2668	-.029
1946	2.312
2667	1.794
1945	.712
2666	.239
1944	-.366
4831	-.4
5553	-.369
5552	-.255
4830	.003
5551	-.226
4829	-.216
5550	-.484
4828	-.167
5549	-.292
4827	.07
5548	-.136
4826	-.333
2665	-.393
1943	.177
2664	.321
1942	.327
2663	-.045
1941	-.076
240	.027
2662	.556
961	1.003
1940	.254
4561	.342
5283	-.544
4562	.219
5284	.039
4563	.004
5285	.094
4564	.177
5286	-.148
4565	.115
5287	.065
4566	.562
5288	.926
1679	-.043
2401	.072
1680	.103
2402	-.147
1681	-.718
2403	-.355
1682	1.208
2404	-.229
3946	.252
1683	-.024
2405	-.472
1684	.155
2406	-.544
4567	.18
5289	.201
4568	.38
5290	.225
648	-.135
4569	-.276
5291	.073
4570	.194
5292	-.435
1757	.073
4571	.071
5293	-.383
1370	.068
2479	.27
4572	.795
5294	1.333
1758	.098
2022	.305
2744	1.484
3845	1.004
5362	-.129
5579	-.413
4857	-.044
5578	.492
4856	-.019
2695	.049
1973	.684
2023	-.532
2745	-.218
2024	-.963
2317	-.867
1596	-.435
2318	-.574
1597	.365
2319	-.249
2480	-.216
1598	-.227
2320	-.166
2936	-.154
1599	-.306
2321	-.216
1600	.183
1759	.123
2322	.504
4483	-.528
5205	-.184
4484	-.23
5206	-.514
4485	-.006
5207	-.28
4486	-.153
2481	-1.047
5208	.045
1359	.144
1760	.041
4487	.245
5209	-.032
4488	.232
2482	.065
5210	.197
1601	.059
2323	-.254
1602	.098
2324	-.247
1603	.034
2325	.415
1604	.124
1761	.042
2326	-.26
1605	.118
2327	-.211
1606	.338
2328	-.862
4489	
2483	
5211	.098
4490	.07
1762	-1.059
5212	.514
4635	-.543
2746	-.048
2025	.184
2747	-.294
4435	.112
5157	-.313
4436	-.066
5158	-.667
4437	.121
5159	-.566
4438	.063
5160	-.399
4439	-.137
5161	-.197
4440	.481
5162	-.125
1553	-.283
2275	-.635
1554	-.113
2276	.013
1555	.1
2277	-.01
1556	.365
2278	.064
1557	1.504
1350	-.167
2484	.29
2279	.152
5163	-.034
4442	-.44
5164	-.131
236	-.068
4443	-.084
4795	-.146
5516	-.208
4794	.056
5515	.016
957	-.611
4793	-.241
5514	-.461
4792	-.121
5513	-.563
4791	-.481
5512	-.596
4790	-.418
2629	-.164
1907	-.119
2628	.014
1906	-.293
2627	-.124
1905	-.055
2626	.132
1904	-.5
2625	-.013
1903	.032
2624	-.174
4645	.421
1902	-.048
5174	.2
4452	-.163
5173	-.099
4451	-.017
5367	-.581
4646	-.018
5172	-.154
4450	-.071
5171	-.073
629	.297
4449	-.77
5368	-.157
5170	-.104
4448	-.272
5169	-.049
4447	.06
2286	-.63
2026	-.138
2748	-.177
2027	-.319
2749	-.22
4910	.064
5632	-.114
4647	.253
4911	-.292
5633	-.045
4912	-1.103
5634	-.239
4913	-.438
5358	-.18
5635	-.198
4914	-.665
5636	.02
4915	-.085
5637	-.097
2028	-1.079
2750	-.135
2029	-.1
2751	-.717
2030	-.793
4637	-.29
2752	-.253
2031	
3705	-.648
2984	.091
3706	-.177
434	-.145
1156	-.109
435	-.13
1157	-.069
436	-.287
1158	-.284
437	-.366
1159	-.342
438	-.19
1160	.784
439	.983
1161	.61
3167	.275
3322	-.448
4044	-.113
3323	
4045	.022
3324	-.818
4046	-.451
3325	-.375
4047	-.124
3326	-.137
4048	-.592
3327	-.014
5369	.227
4049	-.771
4648	-.365
440	-.053
1162	.06
441	.21
506	-.055
1163	-.26
442	.336
1228	.105
507	-.132
1164	-.223
1229	.153
29	.113
508	.001
750	.159
1230	.056
509	-.328
1231	-.09
510	-.068
1232	.127
511	-.222
636	.086
1233	-.51
3394	-1.336
4116	-.039
3395	-.871
4117	-.142
3396	-.724
4118	-.598
3397	-.808
4119	-.136
751	-.515
5370	-.144
30	.915
3834	-.187
752	-.276
3113	-.533
3398	-.529
3835	-.307
3114	-.228
4120	-1.122
3115	-.569
3836	-.401
3635	-1.058
3116	-.153
2914	-.497
3837	-.928
3838	-1.313
229	-.536
230	-.431
951	-.208
3636	-.778
231	-.456
952	-.121
3399	
2915	-.659
3637	.906
637	-.606
1358	-.347
4121	-.026
2753	.044
2032	
2754	-.46
2033	.171
4649	-.536
2755	-.433
4916	-.027
5638	-.256
4917	-.377
5639	-1.16
4918	-.075
5640	-1.244
4919	.182
5359	-.431
5641	.096
4920	-.166
2290	.114
1568	.061
2289	-.393
1567	-.15
2288	.161
1566	.079
2287	-.75
1565	-.304
4115	-.276
3393	
4114	-.291
3392	-1.371
4113	-.122
3391	-.162
4112	-.155
3390	-.419
4111	-.18
3389	-.263
4110	.129
3388	-.391
1227	-.005
505	-.092
4239	.108
1226	.114
504	-.441
1225	-.495
503	-.482
1224	-.075
502	-.055
1223	.504
501	.077
1222	.377
500	-.065
4109	-.688
3387	.255
4108	-.206
3386	-.084
4107	-.314
3385	-.366
4106	-.713
3384	-.091
4105	-.398
3383	-.028
4104	-.167
3382	-.093
1221	.408
165	-.574
886	-.151
164	-.39
885	-.88
163	.168
3772	.083
3050	.074
3771	-.218
3049	.191
5371	.093
3770	-.497
3048	-.147
3769	.121
3047	.096
3768	-.139
3046	-.077
3767	-.095
3045	.101
884	-.222
162	.1
883	.052
161	.348
882	-.435
160	-.121
881	.311
4507	.802
159	.238
4650	.112
5229	.234
4508	.129
5372	.117
5230	-.082
4509	-.253
5231	-.454
4510	-.434
5232	.065
4511	.17
5233	.093
1763	-.038
4247	-.341
4512	.446
5234	.307
638	.113
1625	-.738
2347	.013
1626	-.076
2348	-.119
1360	-.079
1627	-.258
2349	-.28
1628	-.42
2472	.033
2350	-.668
1629	.165
2485	-.065
1764	-.134
2486	.015
4633	.424
1564	-.052
5355	-.564
2285	-.471
2931	.072
1563	-.062
2284	-.344
1562	-.159
2283	-.32
1561	.237
2282	-.314
1560	.345
2281	.085
1559	.115
5168	-.605
4446	-.305
5167	-.376
4445	.607
770	.995
48	-.005
5166	-.606
769	
4444	-.999
5165	-.651
47	.007
471	-.595
1192	.082
470	-.175
4079	-.22
2274	.071
3357	-.841
1552	.102
2273	.337
1551	-.373
2272	-.107
1550	.203
2271	-.35
1549	.474
2270	.207
1548	.513
2269	.353
1547	.039
628	-.504
1765	.096
5156	-.38
4434	1.604
5155	2.792
4433	1.342
5154	.625
4432	.359
5153	.015
4431	.311
5152	.037
4430	-.063
5151	.112
4429	-.123
2268	-1.042
1546	.428
2267	-.248
1545	.419
2266	-.35
1544	-.275
2265	-.355
1543	.4
2264	-.304
1542	-.035
2263	-.473
1541	.041
3123	-.137
4091	-.409
3405	.079
4126	-.546
3404	-.018
4125	
3403	.109
4124	
3402	-.562
4123	-.501
3654	-.067
2932	-.036
4122	-.519
3400	
1239	.012
517	.391
1238	-.407
516	.118
1237	.056
515	.053
25	-.15
1236	.963
2487	.261
514	.047
1235	-.33
513	-.467
1234	-.005
512	.061
1766	.077
962	-.101
1640	-.479
2362	.204
1641	.6
2363	-.048
1642	-.383
2364	.199
4525	.171
5247	1.819
4526	1.615
5248	1.818
4527	.55
5249	.212
4528	-.107
5250	.677
4529	-.251
5251	.745
4530	.602
5252	-.289
1643	-.608
2365	.07
1644	1.657
2366	3.908
1645	.243
2367	-.264
1646	-.365
2368	-.13
1647	-.088
2369	-.24
1648	-.249
2370	-.161
4531	-.14
5253	.201
4532	.003
5254	.031
4533	-.177
5255	-1.197
4534	-.108
5256	-.162
4535	.101
5257	-.126
4536	-.558
5258	.245
1649	.019
2488	-.143
3529	-1.844
2371	-1.183
1650	-.343
2372	-.447
1651	-.889
2373	-.565
1652	-.571
2374	.006
1756	.214
2958	.685
3680	.348
2959	1.214
3681	-.283
2960	.008
3682	.018
28	.132
410	.111
749	-.391
1132	-.023
411	-.135
1133	.116
412	-.13
1134	.147
413	-.018
1135	-.154
414	-.453
1136	.013
415	-.92
1137	-.276
277	-.095
3298	-.733
4020	.022
1653	-.471
2375	-.353
1654	.36
2376	-.366
4537	-.258
5259	-.485
4538	.22
5260	-.081
31	-.166
753	-.11
4539	-.657
2590	-.028
1868	-.311
2589	-.38
1867	.051
2588	-.074
1866	.094
5475	-.037
1767	.195
3119	.068
4753	-.031
5474	-.295
4752	-.254
5473	-.775
4751	-.122
5472	-.651
4750	-.186
5471	-.987
2489	.009
3165	-.555
3840	-.25
4638	-.022
4749	-.184
5470	-.357
4748	-.234
2587	-.053
1865	.168
2586	-.012
1864	-.077
2585	-.214
1863	-.284
2584	.022
27	.146
1862	-.258
2583	-.072
1861	.196
4634	-.085
4872	-.296
5593	-.526
4871	-.362
5592	-.143
4870	-.037
5591	-.429
4869	-.166
5590	-.626
4868	-.877
2707	-.291
1985	-.365
2706	-.059
3719	-.591
2997	.107
836	-.124
114	.071
835	-.193
113	-.068
288	-.06
834	.21
112	-.23
833	-.148
111	-.216
832	-.007
110	-.141
831	-.176
109	-.34
3718	-.929
2996	-.314
1768	-.162
3717	-.643
2490	-.795
2995	-.174
3716	.506
2994	.103
3715	-.107
2993	.16
3714	-.572
2992	.057
1009	.131
3713	.112
4651	-.13
2991	-.166
830	.148
5373	-.039
108	-.454
287	-.103
829	-.598
107	-.238
828	-.624
106	.085
1008	-.217
4652	-.017
286	.292
827	.134
958	-.146
4991	-.218
1474	1.257
4882	-.322
2195	1.076
1473	.15
953	.312
2242	-.205
1520	-.117
2241	-.301
1519	-.028
2240	-.008
1518	.37
2239	-.039
1517	-.126
4067	-.404
3345	-.274
4066	-.333
3891	1.29
5374	.501
4065	-.091
3343	-.56
3342	.036
4064	-.133
4063	-.315
3341	-.162
3340	-1.115
4062	-.074
1179	-.074
457	.004
1178	.118
456	-.188
1177	-.351
455	-.322
1176	-.165
454	-.025
1175	.041
4127	-.375
518	-.219
1240	-.149
519	.074
4653	.072
1241	.145
520	.144
1242	-.036
521	.31
1243	.369
522	.191
1244	2.36
523	.415
5375	-1.021
1245	.361
3406	.05
4128	-.238
3407	-.246
4654	.14
4129	.298
5376	-.322
3408	-.106
4130	.395
3409	.141
4131	.013
3410	-.079
4132	.228
4655	-.01
3411	-.552
4133	-.349
524	-.134
1246	.162
525	.249
1247	.174
526	-.189
1248	.289
527	-.545
1249	-.168
528	-.128
1250	-.194
529	.077
1251	-.002
3412	-.391
4134	-.062
3413	-.563
4135	-.01
3414	-1.142
4136	.386
3415	-.567
4137	.107
5261	.371
4540	.008
5262	.229
4541	-.222
5377	-.693
997	
2942	-.026
276	.098
3664	.325
55	.123
777	.091
56	.062
778	.007
57	.434
998	-.218
779	.184
58	-.256
780	.004
59	-.176
781	-.257
60	.629
3159	.073
782	.329
3881	.133
2943	
3665	-.057
2944	-.247
4656	-.11
3666	1.177
2945	1.63
3667	-.069
2946	.005
3668	-.287
3655	.331
2947	.48
3669	-.265
2948	1.726
3670	.87
61	.038
783	-.133
3160	-.358
5378	-.137
2934	.973
62	.183
3653	.32
784	.134
3882	-.102
63	-.065
785	.059
64	-.096
786	-.413
65	-.092
787	.026
66	.031
3161	.199
788	.039
1769	-.185
3883	.081
2581	-.31
3162	-.014
2949	-.023
4742	-.61
5464	-.088
2491	.207
4743	-.118
5465	-.092
4744	.498
5466	-.293
4745	-.283
5467	-.228
4746	.049
5468	-.112
4747	-.421
5469	-.645
1860	-.197
2582	-.098
3118	-.067
5604	-.566
4883	-1.143
5605	-.402
4884	-.329
1770	-.039
5606	-.025
4885	-.499
639	.168
2492	.285
5607	-.395
193	.125
915	.354
194	1.121
916	.52
195	-.177
917	-.639
196	-.027
918	-.402
197	-.199
919	-.341
198	-.035
920	-.431
3081	-.019
3803	.024
3082	-.062
3804	.01
3083	.041
3805	-.179
3084	-.017
3806	.08
3085	-.029
3807	-.038
3086	-.465
3808	.348
199	-.217
921	.056
200	.512
922	-.366
201	-.032
923	-.601
202	-.201
924	-.827
203	-.188
2743	-.271
925	-1.106
204	-.075
926	.015
3087	-.223
3809	-.096
3088	.506
3810	-.698
3089	-.107
3811	-.485
3090	.28
3812	-.637
3091	.327
3813	.551
3092	.057
3814	-.048
205	-.079
927	-.314
206	-.679
1771	.014
928	-.564
207	-.252
1361	.255
929	-.322
208	-.167
3120	-.114
2493	.574
3692	-.4
2970	-.052
3691	-.959
2969	.179
3690	-.204
2968	.129
3689	-1.808
2967	-.123
806	.323
84	.266
805	
83	-.012
804	-.147
82	.099
803	-.146
81	-.152
802	-.158
80	-.18
801	.177
3166	-.075
3888	-.093
79	-.315
3688	-.546
2966	.09
3687	-.141
2965	.023
3686	-.218
2964	-.141
3685	-.733
2963	.06
3684	-.24
2962	-.013
3683	.249
2961	-.031
800	.033
1772	.031
78	-.121
799	-.356
2494	-.619
77	-.434
798	-.56
76	.084
797	-.048
75	-.107
796	.251
1773	-.137
3887	-.077
74	-.044
795	-.052
73	-.148
5487	-.177
3361	.173
4765	.073
4082	-.111
3360	-.839
4081	-.368
3359	-.795
4080	-.198
3358	-.984
1197	-.133
475	.24
2495	.058
1196	-.251
474	.201
1195	-.241
473	.223
1774	.019
1194	-.16
472	-.19
209	-.309
930	-.798
1193	-.102
931	-.18
210	-.282
932	-.477
3093	.042
3815	-.15
5713	.149
3816	-1.006
640	.084
3095	-.681
3817	-.529
3096	-.042
3818	-.653
3097	.288
3819	-.149
3098	.139
5517	-.403
1908	-.111
2496	-.113
2630	.079
1747	.289
1909	-.002
2469	.118
2631	-.509
1910	.076
2632	.342
630	-.136
1351	-.206
1911	-.241
2633	-.218
1912	-.297
2634	-.609
1913	-.239
2635	-.045
4796	.039
4797	.035
5518	-.24
5519	-.471
4798	.011
5520	-.329
4799	-.348
5521	-.1
4800	-.35
5522	-.327
4801	.073
4657	.062
5523	-.735
1914	.056
5379	-.137
2636	-.351
1915	-.119
2637	-.056
1916	-.096
2638	.244
1917	-.09
2639	-.153
1918	-.012
2640	-.275
1919	1.214
2641	-.356
4802	-.302
5524	-.293
1352	-.327
4803	-.726
5525	-.149
4804	-.391
5526	-.058
4102	-.196
4805	-.06
3381	-.224
4103	-.354
494	-.135
1216	-.123
495	.068
1217	.102
496	.193
1218	-.187
497	.09
1219	-.224
498	.027
1220	.053
499	0
32	.021
4658	-.319
754	-.202
33	-.299
755	.312
34	.262
756	.255
35	.212
5263	.247
3645	.24
4542	.25
2924	-.199
3646	.179
37	-.057
5380	-.116
759	.661
38	.01
760	.453
39	.071
3842	.052
761	.041
4084	-.229
3362	-.137
4083	-.22
40	-.118
762	-.071
41	-.038
763	-.179
960	-.478
44	.058
5185	-.649
4463	-.664
5184	-.279
4462	-.233
5183	-.628
4461	-.32
5182	-1.031
4460	-.49
5181	-.619
4459	-.104
2298	-.46
1576	-.369
4659	-.641
1575	-.137
2297	.037
2296	.138
1574	.272
2295	.466
5381	-.75
766	.074
1573	-.568
2294	-.449
1572	-.165
2293	-.237
1571	.057
5180	-.618
4458	.327
5179	-.795
4457	.146
5178	-.45
4456	-.023
5177	-.009
4455	.045
5176	-.121
4454	.019
5175	-.202
4453	-.05
2292	-.586
4660	-.342
1570	-.278
2291	-.784
1569	-.192
5264	-.385
1655	-.183
2377	-.008
1656	.629
2378	-.19
1657	-.223
2379	-.069
1658	-.412
2380	-.344
1659	-.74
2381	.051
1660	-.119
2382	-.4
4543	-.049
5265	-.649
4251	-.854
4544	-.532
5266	-.389
4545	.092
5267	-.188
4546	.413
5268	.27
4547	-1.028
5269	
4548	-.184
5270	
1998	-1.574
2720	-.885
1999	-.638
2721	-.156
2000	-.717
2722	.832
2001	-.407
2723	.533
2002	.391
2724	.202
2003	.036
4886	-.379
5608	-.215
4887	-.809
5609	-.169
4888	-.32
5382	-.374
5610	-.279
4889	-.337
5611	-.715
4890	-.522
5612	-.577
4891	.092
5613	-.354
2004	-.2
2726	.404
2005	-1.365
2727	-.31
2006	-.252
2728	-.228
2007	-.235
2729	-.237
2008	-.653
2730	-.308
2009	-.463
4661	.045
2731	-.94
4892	-.077
5383	.35
5614	-.34
4893	-.281
5615	.058
3007	.348
4894	.019
3728	.878
3006	.265
3727	2.881
3005	.177
3726	.078
3004	.316
4662	.565
3725	.013
3003	.125
842	.106
5384	-.251
120	-.154
841	.292
3895	.213
119	-.231
840	-.005
3173	.294
4992	.282
118	-.325
117	.048
839	-.164
3894	-.272
838	-.264
116	-.103
837	-.576
115	-.282
3172	-.015
3724	-.066
3002	.093
3723	.136
3001	-.18
3722	-.487
3000	.336
3893	.039
3171	-.132
3721	.299
2999	-.301
3720	.087
1010	.504
2998	.175
5616	-.09
4895	-.546
5617	.462
4896	-.469
5618	-1.067
4897	-.228
1775	.033
5619	-.17
2010	-.957
2732	-.559
2011	-.397
1869	-.293
2591	-.337
1870	-.324
2592	-.522
1871	-.465
2593	-.18
4754	-.217
5476	-.538
4755	.102
5477	-.506
4756	.329
5478	.134
5714	.316
4757	.137
5479	.109
4758	.397
5480	.182
26	-.082
4759	.101
5481	-.46
1872	-.495
2594	-.277
1873	-.492
2497	.762
2595	-.29
1874	-.019
2596	-.105
1875	-.005
2597	-.027
1876	.273
2598	.618
1877	.993
2599	.511
4760	.592
5482	
4761	-.386
5483	-.146
4762	-.275
5484	-.624
4763	-.562
4764	-.2
5485	-.024
3841	.275
5486	-.298
1776	-.682
3036	-.511
3757	-.247
3035	.056
3756	-1.141
3034	.127
3755	.052
3033	.001
872	-.013
3112	-.483
150	-.205
3111	.275
3833	-.587
228	-.185
272	.107
950	-.022
949	-1.014
3647	-.892
227	-.306
226	-.303
948	-.28
2925	-.699
225	-.055
947	.171
764	-.165
946	-.196
871	-.123
149	-.154
870	-.205
2498	.043
148	-.141
993	-.407
869	-.115
147	-.167
868	-.227
146	-.192
867	-.542
145	.007
5559	-.695
4837	-.056
5558	-.201
4836	-.161
5557	-.334
2478	.181
4835	.065
3850	.079
578	.252
1300	.309
579	.102
1301	.598
580	.414
1302	.039
581	-.246
1303	.167
582	-.099
1304	-.281
583	-.642
1305	.162
3466	-.017
4188	-.17
3467	-.109
4189	.681
3468	-.598
4190	.989
3469	.552
4191	.482
3470	-.767
4192	.05
3471	-1.831
4193	0
584	-.594
1306	.039
585	-.36
1307	.224
586	-.236
1308	-.085
587	-.116
1309	-.037
588	-.142
1310	-.175
589	-.293
1311	-.374
3472	-1.792
4194	-.039
3473	-.592
4195	.028
1777	-.3
3474	-1.173
4196	-.528
3475	-1.072
1266	-.103
4197	-.26
544	.038
1265	.675
543	.371
1264	2.11
542	.109
4151	.129
3429	.002
4150	.016
3428	-.344
4149	-.144
3427	-.433
4148	-.383
3426	-.071
4147	-.257
3124	-.305
3425	.413
4146	-.016
3424	.389
1263	1.153
541	2.598
3657	2.173
1262	-.183
540	
4261	.048
3540	-.845
4262	-.214
3541	-.16
4263	-.566
3542	-.592
4264	-.375
3543	-1.234
4265	-.399
656	-.296
1378	-.31
657	-.216
1379	-.047
658	-.71
1380	.351
2499	.53
659	-.527
1381	-.077
660	-.61
1382	.228
661	.026
1778	-.432
1383	-.445
3544	-.741
4266	-.214
3545	-.246
4267	-.172
3546	-.072
4268	-.304
3547	
4269	-.589
3548	-.849
2473	-1.684
3476	-.27
4198	-.892
2500	-1.162
3477	-.543
4199	-.513
590	-.227
3064	-.189
1779	-.313
3786	.098
3065	-.169
3787	-.112
3066	-.142
3788	-.257
3067	-.088
3789	-.803
3068	-.845
3790	-.371
181	-.512
903	-.621
182	-.226
904	-.454
183	-.271
905	-.626
184	-.478
906	-.463
185	-.018
907	-.65
186	-.526
4246	-.53
908	-.471
3069	.254
3791	.134
3070	-.086
2935	.225
3792	-.783
3071	.06
3793	-.08
3072	.256
2501	.012
3794	.153
1780	-.634
3073	.217
3525	-1.342
3795	-.113
2502	.889
3074	-.082
3796	.056
187	-.646
909	.072
188	-.306
189	-.325
910	-.136
911	-.259
5101	-.409
4663	.093
4380	-.103
5102	-.146
1312	-.695
1830	-.577
591	-.501
1313	-.953
592	-.4
1314	
593	-.09
1315	-.029
594	.162
1316	.183
595	-1.736
3530	-.443
1317	-.055
4200	-.195
3479	-.523
4201	-.506
3480	.134
4252	-.68
4202	-.262
3481	-.063
4203	-.409
3482	-.131
4204	-.072
3483	-.146
3531	
4205	-.071
596	.111
1318	.037
597	-.259
1319	.1
598	-.26
1320	-.26
599	.019
1321	.03
600	-.369
1322	.19
4253	-.265
601	.635
1323	-.046
3484	-.427
4206	-.538
3485	-.486
4207	-.12
5356	.136
3486	.076
4208	-.437
3487	.702
644	.366
4209	-.156
5385	-.066
1366	.033
1362	-.483
3488	.709
3820	.506
211	.08
933	.19
3125	.734
212	.031
934	-.065
935	.602
3847	.91
214	.072
936	-.3
215	-.032
937	-.747
216	-.012
938	-.157
3099	-.002
3821	.704
3100	.024
3822	.064
3101	.006
3823	-.209
3102	-.085
641	.504
3824	
3103	.128
3825	-.086
3826	-.394
554	-.348
1276	-.164
555	-.436
1277	.508
556	-.364
1278	-.136
557	-.525
1279	.089
558	-.436
1280	-.44
559	-.702
1281	.125
3442	-.208
4164	-.502
3443	-.017
4165	.116
3444	.203
4166	-.443
3445	-.216
4167	.275
1363	.004
3446	.15
4664	-.098
4168	.096
3447	-.905
4169	-.236
560	-.14
2927	-.378
1282	.079
642	-.003
561	.112
5386	.25
1261	-.018
539	-.087
3648	-.539
2926	-.126
1260	.042
538	-.43
1259	-.03
4665	-.981
537	.959
1258	.41
536	.053
4145	-.262
3423	.095
4144	-.061
3422	.093
4143	.025
3421	.334
5387	-.36
4142	-.449
3420	.033
4141	-.571
3658	.027
3419	-.167
4140	.275
1750	1.341
3418	1.564
1257	.077
535	.676
1256	.347
4666	.023
534	-.005
1255	-.019
533	.255
1254	-.34
532	-.266
1253	.125
531	-.389
190	-.328
912	-.354
191	-.085
5388	-.128
913	-.495
192	-.016
4667	-.178
914	-.413
3075	.48
5389	.138
3797	-.257
3076	.207
3798	-.497
3077	.1
3799	-.229
3078	.022
3800	-.678
3079	-.054
3801	.31
4668	.068
3080	.027
3802	.26
530	-.082
290	.251
1252	.079
1012	-.071
291	.017
1013	-.007
292	.231
1014	-.524
293	.465
1015	.376
294	.512
1016	.301
3177	.277
3899	.027
3178	.485
3900	.96
3179	.443
3901	3.886
3180	1.204
3902	1.873
3181	.611
3903	.892
3182	.05
3904	.278
5390	.092
295	-.01
1017	-.164
296	-.61
1018	-.1
297	-.11
1019	-1.053
298	-.13
1020	-.364
299	-.656
1021	-.429
300	-.562
4993	.033
1022	-.227
3183	-.1
3905	-.067
3184	-.212
3906	.107
3185	-.268
3186	-.7
3907	-.197
3908	-.299
3187	-.072
3909	-.121
3188	-.087
2118	-.805
3910	-.023
5642	-.142
4921	-.384
5643	-.265
2034	-.359
2756	-.465
2035	-.556
2757	-.272
2036	-.478
2758	.02
2037	-.219
2759	.054
2038	.31
2760	.086
1751	-.387
2039	-.088
2840	.491
1752	-.29
2761	.147
4922	-.621
5644	-.084
2476	-.167
4923	.118
1755	.069
2119	-.275
5645	.362
4924	-.189
2841	.103
5361	.585
5646	.212
4925	-.312
5647	-.4
2120	-1.166
4926	-.226
5648	-.426
4927	-.364
5649	.058
2040	-.279
2762	-.177
880	-.324
158	.061
879	-.042
157	-.001
3766	.248
3044	-.485
3765	-.19
3043	.186
3764	-.486
3042	.195
3763	.222
3041	-.535
3762	.053
3040	.099
3761	.137
3039	-.075
878	-.195
156	.02
2842	-.357
877	-.301
155	-.2
876	-.297
154	-.108
875	-.372
153	.049
874	-.944
152	-.168
873	-.138
151	-.432
3038	.208
3760	-.217
3759	-.28
3037	-.168
173	-.274
3758	-3.031
895	-.236
174	-.028
896	-.286
2106	.247
2121	-.317
5715	.237
3779	-.638
3058	-.227
3780	-.07
3059	.096
3781	-1.299
2843	-.697
3060	.006
3782	.337
3061	-.025
3783	-.007
3062	-.02
3784	.075
175	-.115
897	-.453
176	-.214
898	-.325
2122	-.342
177	-.11
899	-.637
178	-.03
900	-.617
179	.32
901	-.743
2844	-.254
180	.336
2123	-.94
902	-.278
3063	-.166
3785	-.328
649	-.67
1371	-.005
3532	-1.459
4254	-.822
3533	.032
2845	-.037
4255	-.498
2951	.197
3534	.107
3672	-.705
2950	-.058
3671	.39
4161	-.476
1000	-.481
3439	.209
5006	-.031
4160	.537
3438	-.287
4159	-.729
3437	-.179
4158	-.381
3436	-.397
1275	.052
5728	.242
553	-.511
5007	-.554
1274	-.177
552	-.531
1273	-.085
551	.102
1272	.173
550	.084
1271	-.038
278	.634
549	.526
5729	.039
1270	-.093
548	-.537
4157	-.877
3435	-1.412
4156	-.768
3434	-.823
5360	-.556
5008	.588
1033	-.017
4155	-.273
311	-.119
1032	-.349
4154	-.202
310	.155
3432	-.782
1031	-.105
309	-.201
1030	-.984
308	-.001
1029	.07
307	.012
3916	-.21
3194	-.085
3915	-.202
3193	-.123
3914	-.104
3192	-.112
3913	.396
3191	.148
3912	.325
3190	.262
3911	.5
3189	-.047
1028	-.173
306	.638
1027	-.153
305	.4
1026	.121
304	-.478
1025	-.874
303	-.463
1024	-.273
5730	-.432
302	-.41
1023	.413
301	-.655
4256	-1.074
5009	
3535	-.047
5731	.239
4257	-.038
3536	.172
4258	-.187
3537	.064
5010	-.299
4259	-.067
5732	-.374
1709	-.4
2431	.044
1710	-.348
2432	-.225
5011	-1.309
1711	-.433
2433	-.34
1712	.139
2434	-.423
1713	-.216
2435	-.023
5733	-.028
1714	-.567
2436	.5
4597	-.417
5319	.15
4598	-.318
2124	-.227
5320	.21
4599	.375
5321	.02
4600	-.035
5322	-1.099
4601	-.131
5323	-.636
4602	.096
5324	-.263
1715	.109
2437	-.107
2846	-.036
1716	.034
2438	-.126
1717	.225
2439	-.245
1718	.158
2440	.03
1719	.041
2441	-.155
1720	-.023
2442	.054
4603	.21
5325	-.944
2125	.42
4604	.186
5326	.066
4605	-.215
5327	.03
4606	-.127
5328	-.144
4607	-.181
5329	-.493
2847	-.385
4608	-.259
5330	.173
1721	.084
2443	-.066
1722	-.03
2444	-.021
1723	-.227
2445	.156
1724	-.352
2446	.329
1725	-.507
2447	.102
4960	.036
1726	-.744
2448	-.154
4609	-.108
5331	-.968
4610	.03
5332	-.064
4611	.028
5333	-.326
4612	-.311
5334	-.027
4613	-.112
5335	.258
4614	-.036
5336	.138
1727	-.322
2449	.066
1728	-.337
2450	.735
1729	.189
2451	-.282
1730	-.438
2452	.088
1731	.272
2453	.327
1732	-.064
2454	-.296
4615	-.148
5337	.152
4616	-.725
5338	-.976
4617	-.596
5339	-.414
4618	-.145
5340	-.263
4619	.209
5341	-.893
4620	-.425
5342	-.398
2070	-.677
2792	-.009
2071	.15
2793	-.478
2126	-.059
2072	.125
2794	-.486
2073	-1.472
2795	-.968
2074	-.739
2796	-.461
2075	.186
1508	.303
2797	.483
2230	-.049
1509	.43
2231	
1510	.004
2232	
4393	.015
1011	-.84
5115	-.463
4394	-.124
5116	-.385
4395	-.065
5117	-.406
4396	.025
5118	-.276
4397	-.1
5119	-.172
4398	-.349
5120	-.295
1511	.069
2233	.078
1512	-.104
2234	-.124
1513	-.538
2235	-.263
1514	-.584
767	.047
46	-.218
768	-.035
2236	-.262
5692	-.083
4958	-.075
5680	-.165
4959	-.225
5681	-.58
5682	-.293
4961	.087
5683	-.43
223	-.318
224	-.262
945	-.691
4962	-.747
2848	-.015
5684	-.419
4963	-.163
5685	-.06
2076	-.132
2798	-.136
2077	.159
2799	-.186
2078	-.315
3778	-.844
1357	.026
3056	.174
3777	-.24
3055	.017
3776	-.209
635	.255
3054	.031
3775	-.094
3053	.055
3774	-.417
3052	-.265
3773	.041
3051	-.326
890	-.688
168	.654
889	-.615
2127	-.159
167	.292
1356	-.496
888	.054
166	-.214
634	.431
2258	-.41
1536	.752
2257	1.23
1535	.161
5144	.506
2849	-.376
4422	-.385
5143	-.007
4421	-.162
5142	.637
4420	.068
5141	.203
4419	.125
5140	-.27
2128	.248
4418	.18
5139	-.542
4417	.07
1534	-.44
2256	.083
289	-.491
2255	-.263
1533	-.023
2254	-.429
1532	-.033
2253	-.493
1531	.007
3877	-.479
2252	-.563
1530	-.087
2251	.162
1529	.282
5138	-.529
4416	-.059
5137	-.286
4415	.1
5136	-.126
4414	.003
2850	-.522
5135	-.145
4413	-.002
5134	-.518
4971	.359
4412	-.669
5133	.118
2800	.28
2079	-.107
2801	-.134
2080	.107
2802	.181
2081	-.813
2803	.098
4964	-.1
5686	.008
4965	-.148
5687	.247
4966	-.401
2129	.282
5688	.116
4967	-.158
5689	.083
3539	-.309
4968	-.07
4260	-.018
3538	.047
1377	-.093
655	-.252
2851	-.512
1376	-.089
654	-.759
1375	-.053
653	-.414
1374	-.085
652	-.224
5012	-.205
1373	.121
651	-.614
1372	-.933
650	-.273
3922	-.1
3200	-.39
3921	-.055
5734	-.077
3199	-.249
3920	-.094
3198	-.081
3919	.453
3197	.142
5013	-.037
3918	-.004
3196	.088
3917	.024
3195	-.017
1034	-.143
312	-.293
2733	.096
2012	.091
2734	-.258
2013	3.645
2735	2.159
2014	.826
2736	-.367
2015	-.408
2737	-.46
4898	-.171
5620	-.526
4899	-.438
5621	
4900	-.371
5622	
358	.523
353	-.164
340	-.019
339	.038
360	.007
359	.025
355	.033
352	-.011
349	-4.813
348	-2.229
341	-.853
337	-.281
222	-.302
356	-1.106
354	
347	
346	
345	-4.382
342	
338	
218	-1.256
351	
344	-1.574
343	4.248
220	
357	-.04
350	.137
219	.058
12	.064
9	.055
5	.117
1	.435
710	-.091
707	-.523
703	.301
701	-.102
699	.198
15	.086
11	-.357
7	-.162
6	
706	-.546
705	-.477
700	.19
21	-.503
20	
19	
18	
16	
13	.15
8	.226
4	.195
3	.478
721	-.028
719	.101
718	.1
715	.054
711	.036
709	.02
708	-5.042
702	-1.716
24	-1.473
23	-2.896
10	-.149
716	
704	1.085
698	
22	1.93
17	
14	-1.804
2	-1.176
720	
717	3.576
714	4.598
713	.176
712	
382	.09
378	.068
362	.117
1082	.1
1074	.066
1066	.052
1065	.418
384	.263
377	.723
375	.751
372	.734
367	.207
1080	.607
1078	.899
1076	.77
1075	.912
1069	.099
1068	.169
1064	.632
385	2.817
383	.567
376	2.079
374	1.684
369	
365	.191
363	
1070	-.667
1061	-.015
1059	1.255
381	-.093
380	.088
379	.068
368	.107
1079	.122
1071	.031
1067	-4.514
1063	-3.131
1060	-.287
944	.312
941	-.16
373	
371	1.074
370	-.552
366	
364	1.268
1081	-1.115
1077	
1073	-.188
1072	-.46
1062	.058
943	2.07
940	
939	
736	.033
729	.079
740	.07
737	-.008
734	-.02
732	.057
726	.258
1440	.244
1439	-.179
1431	.71
1422	.052
744	-.318
725	-.278
1435	-.32
1424	.133
1423	
1420	-.026
745	.346
743	-.758
742	1.64
735	-.382
733	1.128
730	-.132
727	
724	
1443	.116
1442	
1441	
1438	2.627
1436	.171
1429	.034
1428	-.166
746	.038
741	.196
739	-.192
738	-4.913
731	-2.891
728	-.687
723	-.627
1434	-.179
1433	
1426	2.156
1421	
1437	
1432	
1430	1.354
1427	
1425	
1101	
1094	
1093	2.041
1802	
1099	-.044
1095	.076
1087	.005
1086	.012
1085	.013
1803	-.037
1796	.265
1795	.589
1789	.239
1788	.629
1787	.499
1786	.676
1106	.13
1102	-.01
1100	-.276
1091	.14
1084	-.012
1107	-.044
1105	.423
1103	-.075
1097	1.574
1089	-1.301
1088	
1804	-.546
1798	.195
1797	2.01
1793	
1791	.176
1790	.554
1785	
1104	-.394
1098	-.39
1096	
1092	1.395
1090	.128
1801	.144
1800	.064
1799	.048
1783	.004
1794	-.106
1792	-3.678
1784	-2.729
1782	-1.583
1781	.365
1630	
1459	
1457	-.787
1455	
1450	.322
2162	-3.273
2159	
2158	
1468	
1466	.67
1465	
1448	
1445	
2164	-.005
2160	.018
2157	.078
2154	.08
2153	.067
2152	.118
2146	-.072
2144	.218
1463	.203
1462	.776
1458	.361
1456	.055
1454	.226
1451	-.288
1449	.287
2165	-.39
2156	-.017
2155	.319
2148	-.71
1467	.495
1460	.74
1453	.184
1452	-.354
1447	2.209
1446	.294
2163	-.168
2151	-.21
2143	.071
1464	.054
1461	.088
2161	-.114
2150	-5.652
2149	-2.593
2147	-.995
2145	-.757
2142	-.096
1827	
1821	
1820	
1818	1.759
1813	
1811	
1810	
1829	
1824	
1823	-1.885
1817	
1816	
1807	.032
2521	.091
1826	.067
1822	.047
1812	.175
1808	.135
2523	.349
2522	.35
2520	.499
2517	.596
2514	.424
2512	.044
1819	.31
1815	.43
1809	.505
2526	.503
2524	.488
2518	.378
2515	
2511	
2504	
2519	
2510	
2508	
2506	.113
2352	
1806	.305
2525	.462
2513	-.141
2509	.071
2351	-.026
1828	-.005
1825	-.048
1814	-.069
2516	.045
2507	.071
2505	-4.645
2503	-1.765
2172	.037
2887	-.462
2876	.212
2869	-2.728
2188	-.551
2184	-2.467
2178	-.444
2177	-1.122
2175	
2170	
2169	
2168	-.592
2884	-.388
2883	-.416
2880	-.539
2878	-.091
2877	-.044
2873	0
2868	-.106
2866	-.022
2186	-.016
2179	.041
2885	-1.664
2875	-.455
2874	.871
2867	.016
2865	-1.04
2189	-.859
2185	-1.292
2183	-.682
2180	-.958
2171	-.866
2879	-.175
2872	-.909
2871	2.237
2190	-.141
2187	
2182	
2181	3.22
2176	.192
2174	.022
2173	.02
2167	-.006
2886	.039
2882	-.137
2881	.064
2870	-4.07
2864	-1.918
2551	-1.059
2550	-.079
2544	.104
2536	-.599
2531	-.063
3248	
3244	
3241	4.544
3239	.103
3227	
3225	
2547	
2540	.713
2534	-.182
2532	-.099
3246	-.21
3245	-.361
3234	1.503
2548	-.283
2545	-.473
2543	.017
2542	-6.338
2541	-.981
2537	-.071
2533	-.736
2530	
3247	
3243	1.309
3242	1.553
3238	.374
3236	
3235	1.093
3232	.164
3231	
2539	
2538	
2529	.784
3237	2.737
3230	
3229	-.04
3226	.023
3105	.038
3110	.15
3106	.132
2912	.247
2908	1.115
2897	.194
2894	-.028
2893	.067
2549	.459
2546	.223
2535	
2528	-1.533
3240	-.368
3233	.42
3228	.638
3107	.051
2907	.354
2901	.04
2889	.02
2910	.26
2909	
2906	1.354
2903	3.322
2898	-1.03
2896	.007
2892	.016
2905	.037
2904	.03
2902	.119
2900	-.088
2895	.247
2891	.79
3271	.038
3266	-.212
3253	-.136
3606	-.328
3273	-.258
3264	.17
3262	.31
3261	.109
3258	
3256	
3607	
3603	.179
3601	-.66
3595	-.105
2911	
2899	.189
2890	
3272	
3269	.229
3267	.178
3265	.113
3257	-.003
3254	-.019
3604	.008
3602	-.604
3587	-5.813
3259	-.761
3252	-1.609
3609	-.289
3608	-.639
3605	.575
3600	-.205
3598	
3597	.345
3596	-.219
3593	
3592	-1.094
3594	-.718
3591	
3590	-.874
3588	-2.459
3970	
3963	.085
3961	.061
3959	.066
3956	-.039
3954	.142
3968	.047
3967	-.455
3955	-.488
3953	-1.006
3951	.53
3947	-.158
3270	.011
3268	.064
3263	-.105
3260	-.405
3255	-.03
3251	-.519
3250	.465
3599	-.662
3589	
3586	.348
3958	-.157
3957	.307
3949	-.176
3948	.105
3831	-.084
3829	-.019
3969	-.227
3966	-.063
3960	.057
3828	-.018
3634	-.168
3628	-8.689
3619	-2.464
3617	-1.323
3613	-1.081
3995	.182
4328	-.101
3965	
3964	-.176
3962	-.258
3952	
3950	
3827	1.34
3631	
3622	
3612	-1.561
3611	-.554
3991	-.921
3986	.037
3633	.022
3630	.092
3629	.063
3624	.094
3632	.032
3627	.336
3626	.106
3623	.009
3621	.299
3615	-.063
3614	-.181
3993	-.126
3989	.147
3977	.141
3974	.067
3973	.121
4319	.151
4312	
4691	
4688	
4680	
4673	
4672	
4670	.328
4669	-.174
3625	.06
3620	-.098
3618	.102
3616	-.153
3982	.082
4331	-7.741
4327	
4326	-1.669
4320	-.316
4317	-.575
4315	
4311	
4309	
3994	.438
3992	-1.152
3990	
3984	
3979	-1.279
3976	
3975	.853
4323	
4321	.56
4314	-.005
4325	.099
4324	.002
4322	.065
4318	.007
4313	.078
4308	.406
4685	.278
4676	-.08
4675	.516
4674	-.363
4354	.098
4349	.155
4345	-.262
4343	-.484
4340	-.624
3988	.14
3987	-.098
3985	
3983	-.81
3981	-.672
3980	1.327
3978	.021
3972	
4330	.078
4329	-.055
4316	.079
4310	.043
4689	.01
4683	-.274
4682	.026
4679	-.107
4678	.076
4677	.094
4671	-4.597
4692	
4687	-.584
4686	.147
4716	2.166
4705	.997
4703	1.541
4697	
4694	.375
5052	
5046	
5043	
5040	
5037	-.174
5035	-.005
5032	.838
5031	
4690	-.032
4684	.029
4681	.062
4355	.124
4352	-.151
4348	.067
4346	.192
4337	.05
4336	-.083
4335	.721
4356	.411
4353	-.335
4351	.117
4344	.261
4342	.463
4708	.246
4706	.172
4702	.104
4699	1.577
4698	
4347	2.55
4339	.24
4333	1
4710	-.828
4704	1.534
5053	-.705
5049	.149
5039	.018
5036	-.077
5408	.007
5404	-.011
5402	-7.693
5394	-1.352
5393	-1.026
4350	.943
4341	.467
4338	1.191
4334	
4717	.415
4712	
4709	.432
4707	
4695	1.403
5050	.624
5038	
5034	
5033	1.294
4973	-.368
5051	-.001
5048	.028
5044	.067
5041	.078
5030	.09
5414	-.044
5413	.058
5411	-.246
5406	-.556
5395	.515
5069	.142
5439	-.141
5438	.089
5436	.027
5434	-.333
5430	-.252
4715	-.354
4714	.046
4713	-2.74
4711	-.072
4701	-.107
4700	.524
4696	
5047	-.187
5045	-.159
5042	.25
4972	.045
5407	-.034
5400	-.135
5397	-.187
5396	-.117
5392	-.186
5412	-5.518
5410	-1.138
5405	-.583
5403	-.169
5391	.105
5424	1.507
5771	
5769	
5752	
5409	
5401	-2.294
5399	
5398	.336
5077	
5062	
5061	-.032
5059	
5056	.092
5055	-.205
5078	-.057
5076	-.107
5074	.006
5068	-.027
5060	.013
5058	.058
5437	.047
5426	-4.209
5425	-1.553
5420	-.955
5417	-.554
5774	-.787
5770	
5075	
5073	-.715
5072	-.45
5067	
5066	
5065	
5064	-.131
5431	.522
5423	
5418	
5773	2.197
5767	-.091
5766	.054
5765	.034
5764	.045
5760	.06
5758	.052
5071	-.013
5070	-.022
5063	.072
5057	.547
5432	-.151
5421	-.32
5416	-.135
5775	.147
5772	.494
5768	
5763	.757
5435	.621
5433	
5429	1.525
5428	
5427	2.648
5422	
5419	.184
5761	-.203
5759	-.171
5756	-.155
5755	-.065
5753	-.224
5694	.059
5762	.167
5757	-.01
5754	
