1	0.000252386
2	3.88E-05
3	0.000119958
4	5.70E-05
5	3.36E-05
6	3.96E-05
7	3.80E-05
8	0.000105136
9	4.48E-05
10	6.79E-05
11	3.15E-05
12	7.11E-05
13	7.66E-05
14	4.89E-05
15	8.64E-05
16	0.000162639
17	8.64E-05
18	0.000109863
19	4.67E-05
20	5.37E-05
21	2.96E-05
22	9.09E-05
23	8.08E-05
24	8.92E-05
25	9.86E-05
26	0.000133664
27	4.86E-05
28	5.60E-05
29	3.66E-05
30	3.15E-05
31	9.16E-05
32	7.27E-05
33	5.75E-05
34	5.89E-05
35	5.66E-05
36	4.87E-05
37	3.56E-05
38	5.72E-05
39	0.000143097
40	6.53E-05
41	4.98E-05
42	3.67E-05
43	5.97E-05
44	0.00034164
45	5.60E-05
46	7.23E-05
47	7.31E-05
48	9.86E-05
49	4.11E-05
50	3.49E-05
51	3.79E-05
52	7.16E-05
53	6.03E-05
54	5.38E-05
55	5.79E-05
56	0.000204762
57	3.34E-05
58	4.45E-05
59	6.36E-05
60	0.000204559
61	3.72E-05
62	7.97E-05
63	3.83E-05
64	8.39E-05
65	4.24E-05
66	2.66E-05
67	9.59E-05
68	5.63E-05
69	4.61E-05
70	4.15E-05
71	6.27E-05
72	4.83E-05
73	3.78E-05
74	2.75E-05
75	4.79E-05
76	5.36E-05
77	0.000258713
78	0.000296976
79	7.93E-05
80	3.86E-05
81	4.99E-05
82	5.14E-05
83	0.000222762
84	5.11E-05
85	3.72E-05
86	4.28E-05
87	3.39E-05
88	4.73E-05
89	4.05E-05
90	5.08E-05
91	3.70E-05
92	4.84E-05
93	8.14E-05
94	4.39E-05
95	0.000113725
96	3.69E-05
97	0.000197324
98	0.000115203
99	4.57E-05
100	6.60E-05
101	4.77E-05
102	0.00016429
103	3.88E-05
104	3.19E-05
105	3.51E-05
106	2.38E-05
107	3.34E-05
108	8.53E-05
109	0.000109843
110	9.70E-05
111	0.000126557
112	0.000193922
113	0.000104637
114	9.59E-05
115	4.38E-05
116	4.38E-05
117	5.67E-05
118	0.000122128
119	0.00010766
120	0.00013771
121	6.64E-05
122	3.92E-05
123	0.000104994
124	6.78E-05
125	7.04E-05
126	0.000158027
127	3.23E-05
128	3.28E-05
129	6.12E-05
130	0.000137696
131	9.61E-05
132	4.53E-05
133	4.12E-05
134	8.77E-05
135	0.000154324
136	4.12E-05
137	4.57E-05
138	5.76E-05
139	3.66E-05
140	0.000151779
141	0.000210651
142	4.19E-05
143	3.35E-05
144	9.55E-05
145	0.000124698
146	0.000114991
147	7.13E-05
148	0.000203831
149	5.30E-05
150	9.64E-05
151	3.52E-05
152	0.000171806
153	3.46E-05
154	3.32E-05
155	0.000145964
156	5.71E-05
157	6.31E-05
158	0.000104138
159	6.69E-05
160	0.000247903
161	0.00015393
162	3.14E-05
163	0.00018263
164	3.53E-05
165	3.61E-05
166	3.37E-05
167	9.78E-05
168	5.58E-05
169	0.000161097
170	7.08E-05
171	0.000196442
172	0.000104228
173	0.000180267
174	0.00010965
175	3.98E-05
176	5.09E-05
177	0.000102156
178	3.61E-05
179	0.000253445
180	0.000345131
181	8.74E-05
182	6.68E-05
183	6.12E-05
184	0.000130181
185	5.42E-05
186	3.90E-05
187	3.62E-05
188	5.68E-05
189	6.58E-05
190	6.73E-05
191	8.18E-05
192	8.99E-05
193	4.53E-05
194	6.70E-05
195	5.28E-05
196	4.17E-05
197	6.86E-05
198	6.53E-05
199	0.000147725
200	7.40E-05
201	4.49E-05
202	5.37E-05
203	4.63E-05
204	3.94E-05
205	4.08E-05
206	5.03E-05
207	0.000136363
208	5.25E-05
209	5.38E-05
210	3.51E-05
211	3.77E-05
212	3.90E-05
213	5.12E-05
214	4.50E-05
215	4.28E-05
216	6.08E-05
217	4.42E-05
218	0.000120749
219	6.14E-05
220	4.59E-05
221	3.95E-05
222	3.87E-05
223	3.64E-05
224	3.21E-05
225	4.94E-05
226	0.000145091
227	3.63E-05
228	4.47E-05
229	5.42E-05
230	4.25E-05
231	4.85E-05
232	6.23E-05
233	5.99E-05
234	4.14E-05
235	3.59E-05
236	4.08E-05
237	8.85E-05
238	3.16E-05
239	3.67E-05
240	0.000236725
241	7.67E-05
242	3.11E-05
243	3.02E-05
244	4.90E-05
245	0.000140864
246	3.30E-05
247	3.67E-05
248	8.89E-05
249	5.91E-05
250	9.87E-05
251	2.72E-05
252	7.97E-05
253	0.000377135
254	3.29E-05
255	3.76E-05
256	8.65E-05
257	4.22E-05
258	3.00E-05
259	4.72E-05
260	0.000169549
261	8.70E-05
262	4.11E-05
263	6.33E-05
264	0.000171793
265	6.13E-05
266	3.62E-05
267	0.000216577
268	3.98E-05
269	0.001342145
270	0.000660905
271	3.95E-05
272	4.21E-05
273	4.42E-05
274	3.95E-05
275	0.000947694
276	0.00013644
277	4.36E-05
278	4.50E-05
279	3.34E-05
280	3.96E-05
281	0.000120125
282	0.000262983
283	0.000160065
284	4.60E-05
285	7.31E-05
286	4.37E-05
287	4.51E-05
288	4.75E-05
289	3.44E-05
290	2.98E-05
291	2.68E-05
292	3.32E-05
293	2.90E-05
294	2.92E-05
295	3.33E-05
296	4.72E-05
297	3.62E-05
298	3.50E-05
299	0.000155553
300	9.26E-05
301	3.22E-05
302	3.20E-05
303	3.17E-05
304	0.000206735
305	4.21E-05
306	3.38E-05
307	3.34E-05
308	8.21E-05
309	3.17E-05
310	5.27E-05
311	3.28E-05
312	8.06E-05
313	3.53E-05
314	3.91E-05
315	3.06E-05
316	0.00014631
317	3.78E-05
318	5.24E-05
319	4.45E-05
320	5.76E-05
321	4.31E-05
322	3.01E-05
323	3.40E-05
324	5.81E-05
325	3.39E-05
326	4.23E-05
327	3.17E-05
328	3.55E-05
329	2.80E-05
330	5.08E-05
331	4.01E-05
332	0.000100939
333	6.39E-05
334	3.40E-05
335	3.56E-05
336	9.73E-05
337	0.000312858
338	0.000108768
339	3.30E-05
340	0.000205477
341	3.37E-05
342	3.68E-05
343	3.02E-05
344	5.75E-05
345	0.00010363
346	3.93E-05
347	2.67E-05
348	4.21E-05
349	5.46E-05
350	5.96E-05
351	3.04E-05
352	3.84E-05
353	0.000145903
354	3.00E-05
355	3.77E-05
356	3.28E-05
357	5.64E-05
358	6.39E-05
359	0.000338177
360	3.74E-05
361	3.75E-05
362	0.00018846
363	5.65E-05
364	0.000162999
365	7.47E-05
366	0.00011683
367	3.23E-05
368	5.56E-05
369	0.000128439
370	4.74E-05
371	7.53E-05
372	4.25E-05
373	9.38E-05
374	3.96E-05
375	2.83E-05
376	3.72E-05
377	2.97E-05
378	0.000163562
379	0.000891589
380	0.000115048
381	0.001117212
382	7.90E-05
383	9.39E-05
384	0.000240468
385	7.65E-05
386	0.000127474
387	2.93E-05
388	0.000132112
389	4.60E-05
390	8.85E-05
391	6.07E-05
392	9.46E-05
393	7.85E-05
394	7.72E-05
395	0.000107121
396	3.59E-05
397	9.93E-05
398	5.14E-05
399	4.08E-05
400	4.70E-05
401	0.000288121
402	0.000754079
403	0.000284512
404	0.000470812
405	2.60E-05
406	3.34E-05
407	2.91E-05
408	3.09E-05
409	9.32E-05
410	0.000336168
411	0.000155021
412	0.000220462
413	4.29E-05
414	4.32E-05
415	4.45E-05
416	0.000156803
417	4.52E-05
418	3.77E-05
419	2.85E-05
420	4.10E-05
421	3.32E-05
422	8.26E-05
423	4.37E-05
424	4.92E-05
425	3.74E-05
426	3.80E-05
427	3.49E-05
428	3.96E-05
429	9.28E-05
430	3.50E-05
431	4.03E-05
432	6.04E-05
433	9.07E-05
434	6.51E-05
435	7.40E-05
436	0.000957177
437	4.37E-05
438	2.93E-05
439	5.57E-05
440	6.44E-05
441	3.92E-05
442	3.85E-05
443	6.49E-05
444	7.55E-05
445	4.41E-05
446	4.69E-05
447	3.83E-05
448	4.61E-05
449	3.35E-05
450	0.000149066
451	8.58E-05
452	4.57E-05
453	3.71E-05
454	2.97E-05
455	3.77E-05
456	3.02E-05
457	0.000160757
458	0.000164351
459	0.000180443
460	7.91E-05
461	4.42E-05
462	6.69E-05
463	3.39E-05
464	5.10E-05
465	5.17E-05
466	0.000169968
467	0.001310855
468	0.000127076
469	0.000132296
470	3.20E-05
471	5.01E-05
472	4.05E-05
473	3.70E-05
474	8.13E-05
475	0.000136182
476	0.000125382
477	0.00024789
478	5.98E-05
479	0.000162177
480	0.000280254
481	4.27E-05
482	2.97E-05
483	8.49E-05
484	3.21E-05
485	7.75E-05
486	3.83E-05
487	7.87E-05
488	3.30E-05
489	3.15E-05
490	0.00016018
491	0.000187524
492	4.37E-05
493	5.78E-05
494	5.72E-05
495	8.97E-05
496	5.52E-05
497	4.93E-05
498	0.000127697
499	9.36E-05
500	9.07E-05
501	5.63E-05
502	6.69E-05
503	0.000131485
504	5.73E-05
505	7.84E-05
506	0.000207605
507	6.89E-05
508	5.04E-05
509	0.000226042
510	0.000309426
511	0.000289222
512	0.000316573
513	0.000253322
514	5.72E-05
515	3.12E-05
516	0.00012632
517	7.08E-05
518	3.11E-05
519	2.88E-05
520	0.000136283
521	3.27E-05
522	0.000292835
523	0.000165372
524	9.01E-05
525	0.000137779
526	8.96E-05
527	0.00024111
528	0.000372402
529	0.000223337
530	5.87E-05
531	4.22E-05
532	8.19E-05
533	0.000178625
534	3.73E-05
535	3.70E-05
536	7.36E-05
537	0.000205695
538	3.40E-05
539	0.00013818
540	0.00031784
541	0.000259771
542	0.000131398
543	0.000138666
544	0.000246052
545	3.61E-05
546	8.03E-05
547	3.16E-05
548	0.000177334
549	0.000138655
550	3.47E-05
551	3.10E-05
552	6.41E-05
553	7.76E-05
554	0.000194725
555	0.000154683
556	8.63E-05
557	4.85E-05
558	0.000151453
559	4.44E-05
560	0.000106908
561	0.000179059
562	0.000137659
563	0.00010067
564	0.000221837
565	5.41E-05
566	4.11E-05
567	0.000103224
568	8.83E-05
569	0.000157416
570	5.28E-05
571	6.70E-05
572	4.58E-05
573	3.19E-05
574	4.17E-05
575	3.61E-05
576	7.80E-05
577	7.35E-05
578	5.71E-05
579	4.60E-05
580	3.27E-05
581	2.85E-05
582	3.14E-05
583	6.70E-05
584	7.98E-05
585	5.33E-05
586	3.55E-05
587	4.22E-05
588	0.000120457
589	5.58E-05
590	3.96E-05
591	4.83E-05
592	4.61E-05
593	4.80E-05
594	0.000299369
595	4.90E-05
596	5.79E-05
597	4.31E-05
598	9.19E-05
599	6.41E-05
600	6.22E-05
601	4.74E-05
602	6.42E-05
603	7.28E-05
604	3.77E-05
605	4.43E-05
606	5.59E-05
607	5.82E-05
608	9.15E-05
609	6.90E-05
610	3.30E-05
611	8.79E-05
612	4.69E-05
613	4.57E-05
614	3.28E-05
615	4.08E-05
616	0.000160715
617	6.60E-05
618	5.05E-05
619	8.18E-05
620	0.000255154
621	4.99E-05
622	3.96E-05
623	6.85E-05
624	7.09E-05
625	0.000583093
626	3.52E-05
627	0.000118231
628	4.07E-05
629	5.63E-05
630	3.14E-05
631	3.51E-05
632	8.62E-05
633	5.48E-05
634	3.77E-05
635	5.60E-05
636	0.001244634
637	6.21E-05
638	3.71E-05
639	4.43E-05
640	5.61E-05
641	4.76E-05
642	3.42E-05
643	0.000129979
644	3.28E-05
645	3.97E-05
646	5.53E-05
647	2.73E-05
648	3.59E-05
649	4.65E-05
650	4.31E-05
651	3.52E-05
652	8.10E-05
653	5.88E-05
654	0.000172757
655	3.08E-05
656	4.27E-05
657	6.85E-05
658	3.31E-05
659	5.88E-05
660	4.30E-05
661	3.48E-05
662	3.46E-05
663	9.03E-05
664	2.99E-05
665	8.64E-05
666	5.48E-05
667	0.00028268
668	8.85E-05
669	5.75E-05
670	3.98E-05
671	9.05E-05
672	4.59E-05
673	0.000467297
674	3.78E-05
675	4.24E-05
676	2.91E-05
677	2.87E-05
678	4.31E-05
679	2.96E-05
680	5.17E-05
681	4.07E-05
682	4.42E-05
683	3.47E-05
684	2.94E-05
685	4.46E-05
686	3.85E-05
687	4.62E-05
688	4.08E-05
689	0.000113559
690	4.02E-05
691	3.77E-05
692	7.76E-05
693	6.18E-05
694	3.13E-05
695	3.18E-05
696	6.06E-05
697	4.51E-05
698	5.07E-05
699	6.36E-05
700	5.26E-05
701	4.23E-05
702	4.59E-05
703	2.83E-05
704	3.54E-05
705	8.06E-05
706	5.53E-05
707	3.64E-05
708	0.000118739
709	6.19E-05
710	3.23E-05
711	3.93E-05
712	4.47E-05
713	4.07E-05
714	4.07E-05
715	3.97E-05
716	3.59E-05
717	3.76E-05
718	3.73E-05
719	4.28E-05
720	6.47E-05
721	5.18E-05
722	8.33E-05
723	4.44E-05
724	3.76E-05
725	3.84E-05
726	3.29E-05
727	3.50E-05
728	3.56E-05
729	3.67E-05
730	0.000124805
731	5.33E-05
732	0.000272773
733	3.75E-05
734	2.80E-05
735	8.11E-05
736	0.000897517
737	3.69E-05
738	3.60E-05
739	3.30E-05
740	3.57E-05
741	3.92E-05
742	4.94E-05
743	2.94E-05
744	5.49E-05
745	0.000154732
746	3.14E-05
747	3.17E-05
748	3.37E-05
749	7.75E-05
750	3.93E-05
751	4.21E-05
752	4.51E-05
753	3.79E-05
754	2.79E-05
755	4.87E-05
756	3.07E-05
757	3.16E-05
758	3.82E-05
759	3.45E-05
760	7.19E-05
761	3.61E-05
762	4.31E-05
763	3.97E-05
764	4.00E-05
765	0.00020661
766	3.38E-05
767	3.12E-05
768	4.62E-05
769	0.000201561
770	5.24E-05
771	4.88E-05
772	2.90E-05
773	3.46E-05
774	4.08E-05
775	4.59E-05
776	7.66E-05
777	3.11E-05
778	0.000258313
779	6.34E-05
780	5.48E-05
781	3.97E-05
782	3.46E-05
783	4.07E-05
784	5.82E-05
785	4.01E-05
786	4.95E-05
787	0.000341163
788	5.83E-05
789	5.41E-05
790	4.56E-05
791	3.28E-05
792	7.22E-05
793	5.87E-05
794	4.22E-05
795	3.39E-05
796	4.65E-05
797	4.92E-05
798	4.76E-05
799	3.30E-05
800	0.001506344
801	0.000801084
802	3.80E-05
803	4.87E-05
804	0.000103732
805	5.44E-05
806	8.07E-05
807	3.86E-05
808	4.41E-05
809	6.18E-05
810	0.000572694
811	3.53E-05
812	3.53E-05
813	5.42E-05
814	4.08E-05
815	4.13E-05
816	0.000129529
817	9.03E-05
818	6.16E-05
819	9.66E-05
820	7.68E-05
821	3.43E-05
822	3.46E-05
823	7.03E-05
824	5.34E-05
825	4.36E-05
826	0.000127994
827	4.23E-05
828	4.16E-05
829	3.13E-05
830	0.000139165
831	4.48E-05
832	0.000680905
833	5.29E-05
834	3.96E-05
835	7.09E-05
836	0.000125706
837	3.57E-05
838	4.98E-05
839	6.73E-05
840	5.46E-05
841	3.32E-05
842	7.68E-05
843	3.56E-05
844	0.000124357
845	0.000247486
846	4.71E-05
847	3.37E-05
848	0.000117133
849	7.99E-05
850	3.65E-05
851	0.000139333
852	7.33E-05
853	3.91E-05
854	6.43E-05
855	8.44E-05
856	0.000110037
857	0.000363768
858	3.41E-05
859	6.09E-05
860	0.000223538
861	3.98E-05
862	0.000571834
863	0.000237696
864	3.22E-05
865	7.75E-05
866	2.97E-05
867	4.59E-05
868	4.59E-05
869	4.46E-05
870	3.80E-05
871	5.56E-05
872	5.83E-05
873	4.50E-05
874	3.39E-05
875	4.51E-05
876	2.72E-05
877	3.45E-05
878	3.47E-05
879	3.33E-05
880	0.000305621
881	0.000115841
882	7.69E-05
883	4.40E-05
884	4.32E-05
885	7.06E-05
886	0.000211463
887	7.55E-05
888	0.000147753
889	0.000238343
890	2.88E-05
891	3.86E-05
892	4.18E-05
893	4.99E-05
894	0.000119142
895	9.77E-05
896	8.97E-05
897	4.58E-05
898	2.95E-05
899	0.000227209
900	0.000156061
901	0.000194694
902	4.74E-05
903	3.45E-05
904	5.11E-05
905	0.000124095
906	8.57E-05
907	3.46E-05
908	4.24E-05
909	3.86E-05
910	4.88E-05
911	8.21E-05
912	4.83E-05
913	9.96E-05
914	8.03E-05
915	3.36E-05
916	4.01E-05
917	4.42E-05
918	3.49E-05
919	0.000122697
920	4.63E-05
921	3.43E-05
922	0.000136429
923	3.09E-05
924	8.73E-05
925	3.67E-05
926	7.69E-05
927	6.81E-05
928	5.64E-05
929	5.31E-05
930	3.43E-05
931	3.20E-05
932	3.20E-05
933	5.15E-05
934	4.41E-05
935	3.18E-05
936	0.000376074
937	8.66E-05
938	8.23E-05
939	4.62E-05
940	3.42E-05
941	0.000129031
942	5.96E-05
943	4.44E-05
944	8.31E-05
945	5.63E-05
946	6.48E-05
947	4.60E-05
948	6.51E-05
949	8.94E-05
950	0.000274765
951	7.48E-05
952	0.000873367
953	0.000114788
954	4.23E-05
955	0.00018578
956	0.000109159
957	6.90E-05
958	0.000149178
959	0.000108854
960	7.86E-05
961	0.00032213
962	3.07E-05
963	3.03E-05
964	7.92E-05
965	5.40E-05
966	6.37E-05
967	6.88E-05
968	3.68E-05
969	3.55E-05
970	2.99E-05
971	9.42E-05
972	3.98E-05
973	4.38E-05
974	3.57E-05
975	2.95E-05
976	4.68E-05
977	0.000142793
978	3.72E-05
979	4.14E-05
980	4.90E-05
981	5.03E-05
982	9.79E-05
983	3.14E-05
984	5.25E-05
985	5.56E-05
986	2.96E-05
987	3.99E-05
988	3.42E-05
989	3.03E-05
990	3.91E-05
991	4.95E-05
992	5.31E-05
993	4.92E-05
994	3.76E-05
995	3.54E-05
996	4.76E-05
997	3.09E-05
998	4.04E-05
999	3.83E-05
1000	5.92E-05
1001	3.53E-05
1002	4.78E-05
1003	3.40E-05
1004	3.73E-05
1005	3.42E-05
1006	8.02E-05
1007	7.45E-05
1008	0.000103926
1009	7.61E-05
1010	2.67E-05
1011	3.36E-05
1012	3.49E-05
1013	3.20E-05
1014	3.85E-05
1015	4.76E-05
1016	5.56E-05
1017	3.41E-05
1018	3.16E-05
1019	2.88E-05
1020	5.28E-05
1021	3.15E-05
1022	3.58E-05
1023	4.62E-05
1024	4.20E-05
1025	4.57E-05
1026	2.91E-05
1027	3.11E-05
1028	2.91E-05
1029	4.35E-05
1030	3.04E-05
1031	4.82E-05
1032	5.41E-05
1033	0.00015291
1034	5.41E-05
1035	0.000211036
1036	4.92E-05
1037	4.33E-05
1038	4.21E-05
1039	0.000298205
1040	0.000144861
1041	9.45E-05
1042	4.88E-05
1043	0.000116458
1044	3.43E-05
1045	3.81E-05
1046	4.62E-05
1047	3.25E-05
1048	4.66E-05
1049	7.76E-05
1050	3.34E-05
1051	5.59E-05
1052	4.14E-05
1053	8.52E-05
1054	3.02E-05
1055	3.01E-05
1056	4.57E-05
1057	0.000247588
1058	2.85E-05
1059	3.37E-05
1060	5.38E-05
1061	4.94E-05
1062	6.29E-05
1063	0.000103997
1064	0.002572517
1065	0.000234658
1066	4.68E-05
1067	0.000132527
1068	0.000253849
1069	0.000220264
1070	5.56E-05
1071	3.11E-05
1072	0.000122576
1073	0.000249273
1074	0.000216411
1075	0.000138947
1076	0.000179223
1077	0.000105819
1078	9.69E-05
1079	0.000100016
1080	2.94E-05
1081	7.80E-05
1082	8.51E-05
1083	0.000107134
1084	8.43E-05
1085	3.50E-05
1086	0.000178691
1087	0.000238521
1088	0.000231098
1089	0.000746935
1090	0.000268268
1091	0.000243079
1092	7.06E-05
1093	0.000232688
1094	0.000157253
1095	0.000172055
1096	0.00015676
1097	6.56E-05
1098	0.000316199
1099	6.75E-05
1100	7.83E-05
1101	5.58E-05
1102	7.62E-05
1103	0.000150126
1104	0.000133903
1105	7.05E-05
1106	4.59E-05
1107	4.91E-05
1108	3.28E-05
1109	3.53E-05
1110	4.91E-05
1111	6.50E-05
1112	0.000152735
1113	6.06E-05
1114	3.77E-05
1115	8.54E-05
1116	3.35E-05
1117	4.97E-05
1118	6.81E-05
1119	2.99E-05
1120	0.000105641
1121	4.42E-05
1122	3.54E-05
1123	6.90E-05
1124	7.06E-05
1125	6.19E-05
1126	5.80E-05
1127	0.000141389
1128	0.000229561
1129	0.000110717
1130	9.13E-05
1131	9.45E-05
1132	7.31E-05
1133	0.000563092
1134	2.72E-05
1135	0.000165299
1136	3.23E-05
1137	0.000881421
1138	0.000353492
1139	7.55E-05
1140	0.000393193
1141	5.20E-05
1142	0.000121632
1143	6.73E-05
1144	4.09E-05
1145	0.000339862
1146	3.39E-05
1147	8.23E-05
1148	6.27E-05
1149	9.06E-05
1150	8.22E-05
1151	3.14E-05
1152	3.26E-05
1153	0.000111814
1154	5.01E-05
1155	0.000150479
1156	5.08E-05
1157	5.28E-05
1158	6.06E-05
1159	0.000138422
1160	4.05E-05
1161	3.88E-05
1162	0.000104975
1163	0.00016437
1164	9.26E-05
1165	0.000104889
1166	4.30E-05
1167	6.32E-05
1168	4.97E-05
1169	0.000225802
1170	5.51E-05
1171	0.000169876
1172	0.000355152
1173	0.000138493
1174	0.000297307
1175	0.000119111
1176	0.000239743
1177	9.13E-05
1178	5.77E-05
1179	7.04E-05
1180	0.000100235
1181	3.19E-05
1182	6.02E-05
1183	0.000154888
1184	0.000222254
1185	6.19E-05
1186	0.000117288
1187	5.33E-05
1188	5.00E-05
1189	0.000173243
1190	0.000129582
1191	0.000137792
1192	0.000253311
1193	3.66E-05
1194	0.000256364
1195	0.000107889
1196	7.27E-05
1197	0.000201505
1198	6.40E-05
1199	0.000157451
1200	5.93E-05
1201	0.000263182
1202	0.000110116
1203	0.00016622
1204	0.000495751
1205	0.000158917
1206	0.000158932
1207	9.59E-05
1208	0.000124379
1209	6.36E-05
1210	0.000246058
1211	3.05E-05
1212	4.90E-05
1213	2.99E-05
1214	0.000253821
1215	4.66E-05
1216	0.000118095
1217	0.000280204
1218	0.000127037
1219	5.86E-05
1220	3.26E-05
1221	0.000160648
1222	0.000254299
1223	3.05E-05
1224	0.000317937
1225	6.16E-05
1226	5.48E-05
1227	6.91E-05
1228	5.26E-05
1229	0.000173527
1230	0.000212701
1231	0.000148021
1232	4.42E-05
1233	3.36E-05
1234	3.40E-05
1235	7.22E-05
1236	3.11E-05
1237	0.000184087
1238	4.79E-05
1239	3.25E-05
1240	0.000289746
1241	5.10E-05
1242	0.000176525
1243	4.66E-05
1244	0.000411899
1245	5.04E-05
1246	0.000172862
1247	0.000103117
1248	6.82E-05
1249	4.92E-05
1250	5.05E-05
1251	6.36E-05
1252	4.71E-05
1253	3.33E-05
1254	2.90E-05
1255	3.18E-05
1256	4.53E-05
1257	7.30E-05
1258	2.86E-05
1259	3.73E-05
1260	2.48E-05
1261	3.65E-05
1262	4.15E-05
1263	5.08E-05
1264	8.32E-05
1265	0.000171777
1266	3.70E-05
1267	7.87E-05
1268	2.59E-05
1269	5.09E-05
1270	0.000512877
1271	7.06E-05
1272	0.001320344
1273	6.85E-05
1274	4.54E-05
1275	4.57E-05
1276	9.01E-05
1277	3.23E-05
1278	0.000116529
1279	4.02E-05
1280	0.000122356
1281	0.000209719
1282	4.46E-05
1283	3.37E-05
1284	0.000101634
1285	3.25E-05
1286	4.55E-05
1287	6.18E-05
1288	0.001682402
1289	8.29E-05
1290	9.89E-05
1291	8.82E-05
1292	0.000106066
1293	7.78E-05
1294	0.000100088
1295	4.94E-05
1296	0.000366681
1297	9.98E-05
1298	5.49E-05
1299	5.84E-05
1300	0.000168578
1301	0.000100489
1302	4.62E-05
1303	0.000152165
1304	0.000180181
1305	0.000159387
1306	0.00014196
1307	0.000101514
1308	2.90E-05
1309	7.06E-05
1310	3.45E-05
1311	3.01E-05
1312	5.55E-05
1313	0.000145625
1314	0.00014464
1315	7.56E-05
1316	0.000100663
1317	6.16E-05
1318	6.96E-05
1319	3.03E-05
1320	0.000226731
1321	0.000219573
1322	4.20E-05
1323	4.32E-05
1324	0.000126871
1325	4.30E-05
1326	0.000116992
1327	0.000165086
1328	0.000129027
1329	0.000140345
1330	4.92E-05
1331	5.25E-05
1332	0.000101827
1333	0.000172827
1334	0.001596431
1335	2.90E-05
1336	7.35E-05
1337	4.43E-05
1338	0.000161096
1339	0.000192834
1340	8.74E-05
1341	4.15E-05
1342	0.000190771
1343	4.21E-05
1344	6.39E-05
1345	4.78E-05
1346	3.41E-05
1347	3.62E-05
1348	7.19E-05
1349	0.000208191
1350	0.00012687
1351	3.64E-05
1352	4.92E-05
1353	3.18E-05
1354	2.92E-05
1355	3.47E-05
1356	5.89E-05
1357	5.18E-05
1358	0.000155104
1359	7.83E-05
1360	0.000280521
1361	5.37E-05
1362	6.90E-05
1363	6.38E-05
1364	4.49E-05
1365	0.000195331
1366	0.000322539
1367	0.000498835
1368	0.000225997
1369	6.20E-05
1370	3.96E-05
1371	0.000201973
1372	7.92E-05
1373	7.31E-05
1374	4.25E-05
1375	6.02E-05
1376	0.000126281
1377	5.08E-05
1378	7.55E-05
1379	0.000113997
1380	6.00E-05
1381	0.000133092
1382	3.48E-05
1383	0.00010888
1384	0.000299914
1385	0.000154557
1386	5.91E-05
1387	9.40E-05
1388	6.02E-05
1389	0.000102781
1390	0.000112884
1391	0.000624116
1392	0.000801013
1393	7.85E-05
1394	0.000183504
1395	9.13E-05
1396	0.000176922
1397	0.00015091
1398	3.77E-05
1399	0.000619368
1400	0.000113766
1401	6.53E-05
1402	3.77E-05
1403	0.000331173
1404	0.000107089
1405	5.87E-05
1406	5.40E-05
1407	5.97E-05
1408	0.000187634
1409	9.66E-05
1410	2.76E-05
1411	0.000109387
1412	6.70E-05
1413	9.24E-05
1414	0.000107835
1415	8.37E-05
1416	0.000136336
1417	8.30E-05
1418	0.000207401
1419	3.75E-05
1420	8.95E-05
1421	0.00012089
1422	0.000222173
1423	0.000645947
1424	0.000269336
1425	7.95E-05
1426	7.56E-05
1427	0.000118427
1428	0.000228568
1429	6.09E-05
1430	6.03E-05
1431	6.41E-05
1432	0.000355186
1433	0.000181165
1434	5.92E-05
1435	0.000699087
1436	4.72E-05
1437	3.68E-05
1438	4.51E-05
1439	4.28E-05
1440	3.77E-05
1441	5.25E-05
1442	2.69E-05
1443	6.11E-05
1444	5.24E-05
1445	3.13E-05
1446	2.75E-05
1447	2.61E-05
1448	4.20E-05
1449	0.000102451
1450	2.94E-05
1451	3.05E-05
1452	3.03E-05
1453	2.66E-05
1454	6.97E-05
1455	6.11E-05
1456	5.00E-05
1457	3.76E-05
1458	0.000264036
1459	3.55E-05
1460	3.59E-05
1461	2.83E-05
1462	4.29E-05
1463	2.82E-05
1464	3.17E-05
1465	5.41E-05
1466	4.84E-05
1467	2.90E-05
1468	0.000339866
1469	3.28E-05
1470	2.79E-05
1471	4.40E-05
1472	8.69E-05
1473	4.27E-05
1474	2.70E-05
1475	0.000177957
1476	3.20E-05
1477	3.05E-05
1478	4.39E-05
1479	3.60E-05
1480	4.63E-05
1481	3.61E-05
1482	3.48E-05
1483	3.73E-05
1484	8.21E-05
1485	5.83E-05
1486	6.38E-05
1487	0.000297048
1488	5.14E-05
1489	4.62E-05
1490	3.81E-05
1491	0.000181419
1492	0.000235209
1493	2.87E-05
1494	2.85E-05
1495	3.45E-05
1496	8.41E-05
1497	4.54E-05
1498	2.99E-05
1499	2.76E-05
1500	2.87E-05
1501	3.99E-05
1502	2.63E-05
1503	3.34E-05
1504	3.39E-05
1505	3.32E-05
1506	3.22E-05
1507	4.37E-05
1508	3.04E-05
1509	3.48E-05
1510	3.21E-05
1511	5.22E-05
1512	3.19E-05
1513	5.63E-05
1514	3.71E-05
1515	9.16E-05
1516	2.90E-05
1517	0.000113313
1518	3.39E-05
1519	3.15E-05
1520	8.49E-05
1521	4.41E-05
1522	8.47E-05
1523	0.001318192
1524	3.87E-05
1525	2.92E-05
1526	0.00024295
1527	2.92E-05
1528	5.72E-05
1529	0.000219196
1530	5.10E-05
1531	4.62E-05
1532	3.17E-05
1533	2.90E-05
1534	2.57E-05
1535	3.39E-05
1536	4.68E-05
1537	8.17E-05
1538	7.99E-05
1539	7.39E-05
1540	2.83E-05
1541	8.92E-05
1542	0.000305237
1543	9.59E-05
1544	0.000254011
1545	4.63E-05
1546	4.95E-05
1547	5.67E-05
1548	7.74E-05
1549	8.08E-05
1550	6.07E-05
1551	0.00036808
1552	0.00032204
1553	0.000281222
1554	0.000148463
1555	0.000138575
1556	0.000112307
1557	0.000294817
1558	6.98E-05
1559	0.000101661
1560	0.00107902
1561	6.97E-05
1562	0.000232866
1563	8.77E-05
1564	6.48E-05
1565	3.42E-05
1566	0.000110458
1567	4.66E-05
1568	8.52E-05
1569	0.000106166
1570	8.62E-05
1571	8.75E-05
1572	0.000630353
1573	4.64E-05
1574	4.57E-05
1575	3.57E-05
1576	0.000107253
1577	7.95E-05
1578	0.000145574
1579	4.87E-05
1580	6.28E-05
1581	0.000165019
1582	8.22E-05
1583	9.81E-05
1584	0.000114249
1585	0.000107978
1586	3.65E-05
1587	0.000465175
1588	0.000216503
1589	4.79E-05
1590	0.000128902
1591	0.000327306
1592	5.88E-05
1593	3.39E-05
1594	0.000305351
1595	7.23E-05
1596	7.21E-05
1597	0.000165062
1598	3.44E-05
1599	5.59E-05
1600	8.62E-05
1601	3.68E-05
1602	2.98E-05
1603	0.000642447
1604	0.002743716
1605	3.41E-05
1606	4.92E-05
1607	3.39E-05
1608	0.000904099
1609	0.000106152
1610	8.63E-05
1611	5.40E-05
1612	4.43E-05
1613	4.51E-05
1614	4.14E-05
1615	6.68E-05
1616	9.27E-05
1617	0.000102181
1618	2.98E-05
1619	0.000145396
1620	5.57E-05
1621	3.73E-05
1622	4.17E-05
1623	0.000120496
1624	3.64E-05
1625	0.000259616
1626	4.22E-05
1627	4.21E-05
1628	7.52E-05
1629	8.07E-05
1630	4.53E-05
1631	0.000130216
1632	0.000131116
1633	4.24E-05
1634	0.000135224
1635	4.84E-05
1636	4.16E-05
1637	2.96E-05
1638	3.33E-05
1639	0.000343668
1640	0.003857717
1641	5.10E-05
1642	0.00013422
1643	4.25E-05
1644	3.21E-05
1645	6.84E-05
1646	8.56E-05
1647	0.001133659
1648	0.000277443
1649	3.84E-05
1650	0.000803901
1651	7.35E-05
1652	7.61E-05
1653	4.68E-05
1654	4.13E-05
1655	4.64E-05
1656	0.000271842
1657	0.000792097
1658	0.000106785
1659	0.000273839
1660	8.79E-05
1661	3.76E-05
1662	3.42E-05
1663	7.17E-05
1664	0.000482721
1665	7.11E-05
1666	9.82E-05
1667	4.10E-05
1668	2.88E-05
1669	4.60E-05
1670	0.000123542
1671	3.35E-05
1672	4.73E-05
1673	4.87E-05
1674	4.84E-05
1675	5.11E-05
1676	5.67E-05
1677	3.93E-05
1678	5.91E-05
1679	0.000243915
1680	0.000504569
1681	0.001701458
1682	4.03E-05
1683	0.000107435
1684	0.000411861
1685	3.98E-05
1686	4.49E-05
1687	7.08E-05
1688	3.79E-05
1689	3.05E-05
1690	3.66E-05
1691	3.10E-05
1692	0.000222151
1693	0.001077106
1694	4.97E-05
1695	3.52E-05
1696	0.000194987
1697	3.25E-05
1698	3.65E-05
1699	0.000100259
1700	5.33E-05
1701	3.37E-05
1702	5.36E-05
1703	7.72E-05
1704	0.024166937
1705	6.26E-05
1706	0.000408261
1707	0.000433229
1708	0.00025223
1709	4.53E-05
1710	0.000136694
1711	0.000740232
1712	0.001718616
1713	0.000372505
1714	4.23E-05
1715	5.59E-05
1716	0.00025477
1717	3.88E-05
1718	2.65E-05
1719	2.78E-05
1720	5.51E-05
1721	0.000354116
1722	7.04E-05
1723	5.41E-05
1724	8.11E-05
1725	4.20E-05
1726	0.000124059
1727	3.57E-05
1728	5.55E-05
1729	3.46E-05
1730	4.55E-05
1731	0.000104297
1732	3.72E-05
1733	3.55E-05
1734	7.57E-05
1735	5.11E-05
1736	9.55E-05
1737	4.67E-05
1738	3.56E-05
1739	5.11E-05
1740	4.68E-05
1741	5.25E-05
1742	3.51E-05
1743	5.39E-05
1744	0.00261874
1745	0.000165606
1746	0.000156024
1747	5.09E-05
1748	3.04E-05
1749	0.00011054
1750	3.76E-05
1751	3.77E-05
1752	0.000519157
1753	0.000142849
1754	3.55E-05
1755	0.000182038
1756	3.83E-05
1757	3.44E-05
1758	6.04E-05
1759	5.30E-05
1760	5.60E-05
1761	0.000149667
1762	0.000222201
1763	3.75E-05
1764	3.35E-05
1765	4.49E-05
1766	6.45E-05
1767	4.38E-05
1768	0.00011807
1769	3.44E-05
1770	6.36E-05
1771	0.000187066
1772	5.96E-05
1773	3.95E-05
1774	7.01E-05
1775	0.000172627
1776	6.05E-05
1777	0.000122498
1778	5.57E-05
1779	0.000675903
1780	5.25E-05
1781	4.60E-05
1782	5.78E-05
1783	6.70E-05
1784	4.31E-05
1785	5.10E-05
1786	6.95E-05
1787	3.72E-05
1788	4.73E-05
1789	4.38E-05
1790	0.000272671
1791	4.26E-05
1792	6.76E-05
1793	3.60E-05
1794	4.31E-05
1795	8.91E-05
1796	0.000102406
1797	3.70E-05
1798	7.45E-05
1799	4.72E-05
1800	0.000217102
1801	3.41E-05
1802	5.43E-05
1803	3.38E-05
1804	4.93E-05
1805	7.48E-05
1806	3.81E-05
1807	5.40E-05
1808	9.21E-05
1809	6.76E-05
1810	6.58E-05
1811	4.08E-05
1812	8.20E-05
1813	3.59E-05
1814	3.69E-05
1815	3.67E-05
1816	3.72E-05
1817	4.54E-05
1818	3.68E-05
1819	5.38E-05
1820	0.001572712
1821	7.00E-05
1822	3.43E-05
1823	3.44E-05
1824	0.000143436
1825	0.00018657
1826	8.37E-05
1827	0.000119531
1828	6.06E-05
1829	4.93E-05
1830	0.000109157
1831	4.69E-05
1832	5.90E-05
1833	4.01E-05
1834	3.59E-05
1835	4.48E-05
1836	4.31E-05
1837	5.09E-05
1838	0.000424151
1839	0.000472001
1840	5.18E-05
1841	4.41E-05
1842	0.000130646
1843	4.64E-05
1844	2.96E-05
1845	7.24E-05
1846	0.000107617
1847	4.95E-05
1848	0.000422144
1849	0.000905834
1850	5.11E-05
1851	7.56E-05
1852	0.000114167
1853	9.28E-05
1854	5.92E-05
1855	5.74E-05
1856	4.09E-05
1857	0.000102654
1858	5.24E-05
1859	6.86E-05
1860	4.98E-05
1861	3.94E-05
1862	4.45E-05
1863	7.41E-05
1864	5.21E-05
1865	6.65E-05
1866	0.000113742
1867	6.17E-05
1868	4.23E-05
1869	9.49E-05
1870	0.000192984
1871	0.000155397
1872	0.000265595
1873	0.000561976
1874	5.16E-05
1875	8.45E-05
1876	6.08E-05
1877	5.46E-05
1878	0.000107114
1879	9.52E-05
1880	3.43E-05
1881	8.16E-05
1882	4.15E-05
1883	3.77E-05
1884	4.78E-05
1885	6.81E-05
1886	0.000490871
1887	0.000111914
1888	0.000147919
1889	4.04E-05
1890	0.000270776
1891	7.39E-05
1892	4.46E-05
1893	2.89E-05
1894	6.78E-05
1895	7.53E-05
1896	6.81E-05
1897	4.80E-05
1898	2.95E-05
1899	0.000151511
1900	0.000108138
1901	6.04E-05
1902	4.59E-05
1903	6.80E-05
1904	3.86E-05
1905	4.20E-05
1906	0.000615655
1907	5.81E-05
1908	0.000139047
1909	3.24E-05
1910	2.89E-05
1911	2.86E-05
1912	4.00E-05
1913	6.91E-05
1914	3.78E-05
1915	3.95E-05
1916	5.70E-05
1917	6.58E-05
1918	0.000162191
1919	2.47E-05
1920	5.55E-05
1921	9.02E-05
1922	0.000102017
1923	0.000139174
1924	8.68E-05
1925	0.000104319
1926	0.000101814
1927	0.0001421
1928	9.60E-05
1929	9.36E-05
1930	7.10E-05
1931	0.000102591
1932	3.31E-05
1933	9.79E-05
1934	7.14E-05
1935	0.000136308
1936	0.000859107
1937	0.000174716
1938	8.63E-05
1939	0.00013417
1940	7.54E-05
1941	7.20E-05
1942	9.51E-05
1943	4.13E-05
1944	9.76E-05
1945	3.29E-05
1946	3.22E-05
1947	3.71E-05
1948	9.20E-05
1949	7.10E-05
1950	7.89E-05
1951	7.44E-05
1952	0.000127706
1953	0.000182064
1954	0.000170318
1955	3.58E-05
1956	0.000207846
1957	0.000159161
1958	8.51E-05
1959	0.000146948
1960	0.000171463
1961	0.000126381
1962	0.000101276
1963	0.000175284
1964	8.08E-05
1965	3.17E-05
1966	3.13E-05
1967	0.000117947
1968	9.10E-05
1969	8.63E-05
1970	0.000137181
1971	9.79E-05
1972	4.25E-05
1973	0.000150029
1974	0.000167219
1975	0.000215771
1976	4.08E-05
1977	2.71E-05
1978	0.000190237
1979	0.000125135
1980	6.45E-05
1981	4.88E-05
1982	0.000131607
1983	3.25E-05
1984	0.000233544
1985	2.88E-05
1986	0.000118217
1987	4.58E-05
1988	6.95E-05
1989	4.63E-05
1990	4.06E-05
1991	0.000821057
1992	0.000246825
1993	0.000184666
1994	9.38E-05
1995	7.69E-05
1996	6.03E-05
1997	3.32E-05
1998	0.000341422
1999	5.54E-05
2000	0.001377494
2001	0.000145062
2002	0.00010447
2003	8.96E-05
2004	6.00E-05
2005	9.04E-05
2006	0.000142108
2007	6.27E-05
2008	0.000151562
2009	0.00024204
2010	0.000115554
2011	0.000102356
2012	0.000113232
2013	6.99E-05
2014	0.000205204
2015	0.000969128
2016	4.03E-05
2017	0.000391896
2018	4.28E-05
2019	0.000295929
2020	9.06E-05
2021	4.24E-05
2022	3.13E-05
2023	5.41E-05
2024	0.000161315
2025	5.87E-05
2026	4.83E-05
2027	0.000102649
2028	0.000278859
2029	0.000124522
2030	7.54E-05
2031	3.81E-05
2032	0.000574584
2033	5.06E-05
2034	4.98E-05
2035	5.16E-05
2036	6.99E-05
2037	8.18E-05
2038	0.000113826
2039	7.69E-05
2040	0.000243125
2041	6.64E-05
2042	3.65E-05
2043	8.56E-05
2044	9.93E-05
2045	4.81E-05
2046	7.26E-05
2047	9.47E-05
2048	0.000187349
2049	0.000164481
2050	0.000199566
2051	4.50E-05
2052	0.000155344
2053	5.38E-05
2054	4.27E-05
2055	7.56E-05
2056	0.00011034
2057	0.000275014
2058	3.22E-05
2059	0.000108201
2060	0.000213561
2061	0.00011014
2062	6.69E-05
2063	7.07E-05
2064	0.000108106
2065	0.000180899
2066	0.000113843
2067	4.16E-05
2068	0.000152129
2069	3.93E-05
2070	0.000142284
2071	0.000333052
2072	0.000200175
2073	3.27E-05
2074	9.64E-05
2075	4.24E-05
2076	0.000176918
2077	8.60E-05
2078	4.04E-05
2079	0.000232506
2080	7.00E-05
2081	8.16E-05
2082	3.53E-05
2083	0.000338684
2084	4.80E-05
2085	0.000109538
2086	0.0002882
2087	5.82E-05
2088	0.000266364
2089	8.52E-05
2090	0.000181557
2091	6.21E-05
2092	0.000203276
2093	4.81E-05
2094	5.05E-05
2095	0.000112575
2096	9.14E-05
2097	0.000145659
2098	0.000252824
2099	0.000147998
2100	0.000100228
2101	0.000267501
2102	0.000265606
2103	0.000241565
2104	0.000192729
2105	3.24E-05
2106	0.000143228
2107	0.000126061
2108	0.000388259
2109	0.000106691
2110	0.000111747
2111	6.40E-05
2112	0.000228663
2113	0.000439784
2114	0.000140265
2115	0.000123187
2116	0.000153945
2117	0.000281768
2118	0.000164674
2119	0.000151454
2120	0.000133322
2121	0.000230277
2122	0.000128199
2123	0.001230415
2124	6.01E-05
2125	0.000106546
2126	3.29E-05
2127	3.83E-05
2128	0.000132178
2129	4.12E-05
2130	4.54E-05
2131	0.000373371
2132	4.62E-05
2133	0.000187281
2134	3.87E-05
2135	4.68E-05
2136	4.69E-05
2137	0.000243562
2138	0.000194395
2139	9.91E-05
2140	2.64E-05
2141	3.18E-05
2142	3.31E-05
2143	5.84E-05
2144	0.000128378
2145	5.62E-05
2146	0.000111378
2147	4.24E-05
2148	0.00020368
2149	0.000249967
2150	3.59E-05
2151	8.83E-05
2152	0.000254322
2153	4.36E-05
2154	6.65E-05
2155	0.000191935
2156	3.78E-05
2157	7.35E-05
2158	4.77E-05
2159	7.34E-05
2160	3.78E-05
2161	3.81E-05
2162	3.83E-05
2163	3.36E-05
2164	0.000634849
2165	3.92E-05
2166	8.22E-05
2167	4.45E-05
2168	0.000131892
2169	3.61E-05
2170	8.94E-05
2171	3.18E-05
2172	4.50E-05
2173	8.20E-05
2174	3.03E-05
2175	5.37E-05
2176	5.05E-05
2177	2.97E-05
2178	0.000172979
2179	7.77E-05
2180	8.10E-05
2181	3.43E-05
2182	3.93E-05
2183	7.90E-05
2184	6.80E-05
2185	3.64E-05
2186	3.66E-05
2187	7.18E-05
2188	0.000146599
2189	2.82E-05
2190	0.000174572
2191	9.78E-05
2192	0.000152485
2193	7.34E-05
2194	4.93E-05
2195	4.63E-05
2196	4.52E-05
2197	4.00E-05
2198	3.77E-05
2199	3.39E-05
2200	3.57E-05
2201	6.25E-05
2202	5.04E-05
2203	0.000119916
2204	0.000126987
2205	7.90E-05
2206	5.61E-05
2207	4.06E-05
2208	0.000104008
2209	0.000482812
2210	4.66E-05
2211	3.69E-05
2212	4.97E-05
2213	4.38E-05
2214	0.000552061
2215	5.81E-05
2216	0.00027807
2217	3.33E-05
2218	0.000129572
2219	4.32E-05
2220	4.16E-05
2221	0.000100747
2222	0.000201442
2223	0.000109947
2224	4.47E-05
2225	8.06E-05
2226	5.41E-05
2227	8.74E-05
2228	2.83E-05
2229	3.36E-05
2230	4.07E-05
2231	5.42E-05
2232	3.82E-05
2233	8.44E-05
2234	9.10E-05
2235	8.26E-05
2236	3.45E-05
2237	8.09E-05
2238	3.11E-05
2239	3.41E-05
2240	3.42E-05
2241	4.76E-05
2242	3.94E-05
2243	0.000117862
2244	3.20E-05
2245	3.45E-05
2246	6.62E-05
2247	4.42E-05
2248	4.60E-05
2249	9.32E-05
2250	7.89E-05
2251	4.84E-05
2252	0.000215489
2253	4.20E-05
2254	5.07E-05
2255	3.67E-05
2256	5.97E-05
2257	0.000344239
2258	0.000264024
2259	0.0001543
2260	5.31E-05
2261	3.98E-05
2262	5.02E-05
2263	3.91E-05
2264	4.43E-05
2265	7.23E-05
2266	0.000441127
2267	6.10E-05
2268	0.000103524
2269	4.51E-05
2270	4.01E-05
2271	4.89E-05
2272	5.36E-05
2273	7.99E-05
2274	1.00E-04
2275	6.51E-05
2276	8.41E-05
2277	4.50E-05
2278	3.92E-05
2279	4.83E-05
2280	4.97E-05
2281	6.39E-05
2282	9.77E-05
2283	0.00017969
2284	6.78E-05
2285	8.91E-05
2286	9.43E-05
2287	7.56E-05
2288	3.95E-05
2289	3.30E-05
2290	9.54E-05
2291	5.67E-05
2292	6.35E-05
2293	3.40E-05
2294	3.03E-05
2295	4.24E-05
2296	0.000113677
2297	0.000105942
2298	0.000143031
2299	5.65E-05
2300	6.31E-05
2301	0.000110571
2302	4.54E-05
2303	3.31E-05
2304	0.000847618
2305	3.90E-05
2306	4.44E-05
2307	4.45E-05
2308	3.58E-05
2309	3.11E-05
2310	3.45E-05
2311	0.000724809
2312	0.000214324
2313	0.000120491
2314	4.42E-05
2315	4.46E-05
2316	2.99E-05
2317	3.58E-05
2318	6.25E-05
2319	0.000152954
2320	3.81E-05
2321	5.18E-05
2322	3.56E-05
2323	6.19E-05
2324	5.47E-05
2325	5.35E-05
2326	4.19E-05
2327	6.00E-05
2328	5.92E-05
2329	8.37E-05
2330	4.34E-05
2331	3.95E-05
2332	4.24E-05
2333	5.75E-05
2334	6.67E-05
2335	4.21E-05
2336	0.000156299
2337	0.00011176
2338	3.14E-05
2339	0.000122342
2340	0.000186659
2341	3.92E-05
2342	4.68E-05
2343	5.40E-05
2344	0.000132594
2345	0.000337391
2346	5.81E-05
2347	4.23E-05
2348	3.90E-05
2349	3.49E-05
2350	6.43E-05
2351	5.76E-05
2352	8.10E-05
2353	9.37E-05
2354	0.000122795
2355	3.38E-05
2356	4.30E-05
2357	3.28E-05
2358	5.00E-05
2359	4.90E-05
2360	0.000147398
2361	0.000112683
2362	7.95E-05
2363	5.54E-05
2364	5.33E-05
2365	3.45E-05
2366	5.36E-05
2367	8.97E-05
2368	9.76E-05
2369	0.000137199
2370	7.21E-05
2371	0.000108283
2372	6.87E-05
2373	4.68E-05
2374	6.89E-05
2375	8.86E-05
2376	9.37E-05
2377	0.000105251
2378	0.000223483
2379	8.09E-05
2380	0.000101825
2381	0.000145579
2382	8.69E-05
2383	3.30E-05
2384	0.000118607
2385	0.001160603
2386	0.000132653
2387	4.84E-05
2388	6.25E-05
2389	0.000112769
2390	6.71E-05
2391	3.56E-05
2392	6.95E-05
2393	3.49E-05
2394	6.50E-05
2395	0.000174864
2396	3.54E-05
2397	5.99E-05
2398	3.98E-05
2399	4.75E-05
2400	9.75E-05
2401	3.48E-05
2402	5.41E-05
2403	0.000153044
2404	2.73E-05
2405	5.95E-05
2406	7.24E-05
2407	5.94E-05
2408	2.62E-05
2409	5.48E-05
2410	9.68E-05
2411	4.35E-05
2412	0.000214276
2413	6.24E-05
2414	8.32E-05
2415	0.000105973
2416	9.16E-05
2417	8.67E-05
2418	0.000131362
2419	5.78E-05
2420	3.84E-05
2421	3.64E-05
2422	9.30E-05
2423	3.34E-05
2424	0.000146921
2425	9.11E-05
2426	0.000100392
2427	2.85E-05
2428	4.90E-05
2429	2.76E-05
2430	9.69E-05
2431	5.66E-05
2432	3.04E-05
2433	7.13E-05
2434	8.09E-05
2435	4.36E-05
2436	0.000124167
2437	6.51E-05
2438	4.29E-05
2439	0.000116664
2440	6.85E-05
2441	0.00031049
2442	9.28E-05
2443	0.000213354
2444	3.84E-05
2445	7.84E-05
2446	0.000202787
2447	0.000140467
2448	6.67E-05
2449	0.000100779
2450	5.17E-05
2451	5.60E-05
2452	0.000218901
2453	5.19E-05
2454	4.45E-05
2455	7.03E-05
2456	9.65E-05
2457	5.59E-05
2458	4.20E-05
2459	3.34E-05
2460	3.17E-05
2461	3.10E-05
2462	5.01E-05
2463	0.000100243
2464	0.000501788
2465	7.31E-05
2466	9.18E-05
2467	3.78E-05
2468	3.89E-05
2469	7.15E-05
2470	3.84E-05
2471	0.00012708
2472	0.000262977
2473	4.47E-05
2474	6.93E-05
2475	3.94E-05
2476	3.94E-05
2477	0.000161644
2478	0.000195177
2479	0.000119253
2480	0.000166769
2481	0.000198202
2482	4.53E-05
2483	9.71E-05
2484	0.000108093
2485	5.09E-05
2486	3.31E-05
2487	0.000220321
2488	0.000678324
2489	0.000159683
2490	0.000138642
2491	0.00175719
2492	0.000183002
2493	6.09E-05
2494	0.000187933
2495	0.000110045
2496	7.43E-05
2497	5.99E-05
2498	0.000186493
2499	4.26E-05
2500	6.68E-05
2501	5.70E-05
2502	0.000149162
2503	5.81E-05
2504	0.004027335
2505	0.000138376
2506	3.67E-05
2507	9.93E-05
2508	2.47E-05
2509	3.38E-05
2510	0.000229786
2511	0.000260858
2512	9.38E-05
2513	3.58E-05
2514	0.00034131
2515	3.94E-05
2516	8.24E-05
2517	0.000149513
2518	3.32E-05
2519	3.53E-05
2520	7.55E-05
2521	0.000211019
2522	0.000146485
2523	3.49E-05
2524	0.000145826
2525	2.83E-05
2526	0.00029002
2527	0.000119277
2528	8.28E-05
2529	3.24E-05
2530	2.98E-05
2531	4.34E-05
2532	0.000191122
2533	3.95E-05
2534	6.33E-05
2535	0.002752556
2536	0.000208509
2537	3.98E-05
2538	4.96E-05
2539	0.000234539
2540	0.000144418
2541	3.92E-05
2542	0.004614024
2543	5.91E-05
2544	0.000229764
2545	0.000107738
2546	8.60E-05
2547	0.000135373
2548	6.15E-05
2549	0.000193347
2550	5.46E-05
2551	0.000666422
2552	4.81E-05
2553	3.26E-05
2554	3.68E-05
2555	7.44E-05
2556	4.93E-05
2557	0.000195602
2558	0.001293729
2559	4.48E-05
2560	0.000163951
2561	0.000173893
2562	4.68E-05
2563	0.000221697
2564	2.36E-05
2565	5.72E-05
2566	6.82E-05
2567	6.92E-05
2568	8.44E-05
2569	4.12E-05
2570	3.31E-05
2571	3.91E-05
2572	0.000116199
2573	0.000104453
2574	0.000361297
2575	4.34E-05
2576	4.81E-05
2577	3.43E-05
2578	5.29E-05
2579	0.000187172
2580	4.29E-05
2581	0.00015286
2582	0.000179616
2583	5.35E-05
2584	6.75E-05
2585	0.000234228
2586	0.000154535
2587	0.00016607
2588	0.000128847
2589	4.13E-05
2590	3.36E-05
2591	5.23E-05
2592	0.000161847
2593	4.46E-05
2594	3.96E-05
2595	3.07E-05
2596	3.26E-05
2597	3.36E-05
2598	0.000135069
2599	4.94E-05
2600	3.31E-05
2601	0.000177213
2602	4.39E-05
2603	3.59E-05
2604	3.74E-05
2605	3.43E-05
2606	3.69E-05
2607	5.68E-05
2608	3.41E-05
2609	7.49E-05
2610	4.46E-05
2611	3.69E-05
2612	0.000339863
2613	5.10E-05
2614	5.80E-05
2615	5.65E-05
2616	0.000260292
2617	6.63E-05
2618	3.68E-05
2619	3.76E-05
2620	4.87E-05
2621	3.92E-05
2622	4.25E-05
2623	4.40E-05
2624	3.78E-05
2625	4.43E-05
2626	3.28E-05
2627	4.65E-05
2628	7.49E-05
2629	3.81E-05
2630	3.90E-05
2631	5.00E-05
2632	4.34E-05
2633	0.000194672
2634	7.49E-05
2635	0.000116973
2636	5.17E-05
2637	5.17E-05
2638	6.73E-05
2639	4.38E-05
2640	7.35E-05
2641	3.32E-05
2642	5.47E-05
2643	3.29E-05
2644	7.33E-05
2645	0.000820873
2646	9.51E-05
2647	5.27E-05
2648	3.99E-05
2649	6.73E-05
2650	9.76E-05
2651	3.98E-05
2652	6.16E-05
2653	4.12E-05
2654	0.00015917
2655	9.51E-05
2656	0.000111253
2657	3.14E-05
2658	6.50E-05
2659	4.70E-05
2660	2.76E-05
2661	3.41E-05
2662	8.56E-05
2663	0.000112276
2664	8.08E-05
2665	4.67E-05
2666	4.06E-05
2667	3.60E-05
2668	4.11E-05
2669	3.83E-05
2670	7.26E-05
2671	4.50E-05
2672	4.18E-05
2673	6.89E-05
2674	0.000308846
2675	0.002163096
2676	0.000331985
2677	4.44E-05
2678	0.000261477
2679	5.98E-05
2680	5.22E-05
2681	4.26E-05
2682	7.64E-05
2683	0.000184596
2684	0.000108255
2685	5.17E-05
2686	0.000132026
2687	3.26E-05
2688	3.24E-05
2689	0.000406159
2690	2.90E-05
2691	4.91E-05
2692	3.45E-05
2693	9.82E-05
2694	4.04E-05
2695	0.000322647
2696	0.005770615
2697	0.000262586
2698	7.02E-05
2699	0.000134538
2700	8.18E-05
2701	2.77E-05
2702	0.000214944
2703	3.55E-05
2704	3.94E-05
2705	0.00014169
2706	6.58E-05
2707	0.000118915
2708	9.59E-05
2709	0.000137937
2710	3.05E-05
2711	0.000118424
2712	3.55E-05
2713	7.07E-05
2714	2.62E-05
2715	6.01E-05
2716	0.000129441
2717	9.41E-05
2718	5.27E-05
2719	0.000189467
2720	0.000152831
2721	9.28E-05
2722	7.23E-05
2723	0.000309178
2724	8.82E-05
2725	3.21E-05
2726	4.19E-05
2727	4.84E-05
2728	8.03E-05
2729	3.38E-05
2730	0.000110021
2731	0.000171775
2732	0.000358856
2733	0.000163309
2734	0.004269031
2735	0.000255282
2736	4.93E-05
2737	0.00022011
2738	0.000117617
2739	7.73E-05
2740	7.55E-05
2741	8.64E-05
2742	4.55E-05
2743	4.72E-05
2744	0.000248185
2745	4.29E-05
2746	3.49E-05
2747	3.85E-05
2748	6.39E-05
2749	4.29E-05
2750	0.00030438
2751	0.00016751
2752	0.000422908
2753	0.000146143
2754	6.42E-05
2755	4.63E-05
2756	0.000139969
2757	6.69E-05
2758	0.000167233
2759	0.000459798
2760	3.88E-05
2761	0.000101772
2762	5.96E-05
2763	0.000489172
2764	6.43E-05
2765	4.89E-05
2766	0.000110971
2767	3.10E-05
2768	0.000130143
2769	7.52E-05
2770	8.83E-05
2771	0.000204175
2772	0.000222839
2773	4.95E-05
2774	4.89E-05
2775	5.31E-05
2776	3.45E-05
2777	0.00138301
2778	0.00017217
2779	6.44E-05
2780	0.000152785
2781	4.00E-05
2782	4.09E-05
2783	3.47E-05
2784	4.20E-05
2785	3.59E-05
2786	7.27E-05
2787	2.92E-05
2788	9.18E-05
2789	3.91E-05
2790	5.57E-05
2791	5.73E-05
2792	5.95E-05
2793	3.14E-05
2794	6.29E-05
2795	7.58E-05
2796	7.94E-05
2797	2.67E-05
2798	6.17E-05
2799	3.81E-05
2800	3.65E-05
2801	0.000129954
2802	6.35E-05
2803	5.31E-05
2804	3.38E-05
2805	0.000164641
2806	6.24E-05
2807	6.44E-05
2808	5.14E-05
2809	6.68E-05
2810	2.44E-05
2811	6.97E-05
2812	5.84E-05
2813	2.86E-05
2814	4.17E-05
2815	6.75E-05
2816	3.04E-05
2817	4.84E-05
2818	0.000105542
2819	7.64E-05
2820	8.94E-05
2821	6.02E-05
2822	7.66E-05
2823	4.22E-05
2824	4.12E-05
2825	3.88E-05
2826	7.46E-05
2827	0.000150351
2828	7.35E-05
2829	8.59E-05
2830	0.000377383
2831	9.77E-05
2832	3.92E-05
2833	3.25E-05
2834	0.000134438
2835	3.94E-05
2836	3.22E-05
2837	3.67E-05
2838	4.31E-05
2839	0.000113677
2840	3.97E-05
2841	3.21E-05
2842	0.00012872
2843	3.31E-05
2844	3.21E-05
2845	2.62E-05
2846	0.000143619
2847	8.76E-05
2848	0.000163182
2849	0.000295455
2850	9.27E-05
2851	0.000104539
2852	4.48E-05
2853	4.81E-05
2854	8.10E-05
2855	0.000179555
2856	7.22E-05
2857	7.04E-05
2858	9.18E-05
2859	4.02E-05
2860	7.26E-05
2861	4.97E-05
2862	7.32E-05
2863	7.16E-05
2864	9.42E-05
2865	4.74E-05
2866	7.24E-05
2867	0.000365792
2868	7.33E-05
2869	5.22E-05
2870	6.78E-05
2871	3.67E-05
2872	4.24E-05
2873	0.000115021
2874	5.32E-05
2875	5.63E-05
2876	0.000146859
2877	3.76E-05
2878	3.47E-05
2879	3.18E-05
2880	3.37E-05
2881	5.62E-05
2882	3.60E-05
2883	3.90E-05
2884	9.29E-05
2885	0.000180348
2886	6.60E-05
2887	8.30E-05
2888	8.93E-05
2889	0.000251603
2890	0.000154489
2891	4.08E-05
2892	3.16E-05
2893	3.01E-05
2894	0.000148171
2895	4.79E-05
2896	0.000256016
2897	5.13E-05
2898	6.85E-05
2899	3.09E-05
2900	0.000705027
2901	8.80E-05
2902	0.000114223
2903	0.000105116
2904	4.18E-05
2905	5.01E-05
2906	2.71E-05
2907	9.04E-05
2908	8.25E-05
2909	9.44E-05
2910	4.30E-05
2911	0.000147254
2912	7.83E-05
2913	5.64E-05
2914	6.90E-05
2915	0.0001954
2916	0.000315554
2917	5.34E-05
2918	7.64E-05
2919	5.26E-05
2920	8.75E-05
2921	4.05E-05
2922	9.09E-05
2923	0.000116528
2924	4.86E-05
2925	9.25E-05
2926	0.000658137
2927	0.000144491
2928	0.000168439
2929	0.000126617
2930	8.90E-05
2931	7.88E-05
2932	4.59E-05
2933	4.20E-05
2934	6.68E-05
2935	5.40E-05
2936	8.64E-05
2937	0.000103236
2938	3.91E-05
2939	0.000100081
2940	5.95E-05
2941	4.05E-05
2942	0.000174958
2943	0.000155038
2944	8.47E-05
2945	0.000166489
2946	0.000144962
2947	8.83E-05
2948	3.82E-05
2949	0.000151979
2950	5.11E-05
2951	0.000123432
2952	4.41E-05
2953	8.83E-05
2954	0.000107282
2955	0.00012002
2956	2.93E-05
2957	9.35E-05
2958	0.000104718
2959	0.000140276
2960	0.000103746
2961	5.42E-05
2962	5.81E-05
2963	6.11E-05
2964	3.25E-05
2965	0.00011626
2966	5.77E-05
2967	3.83E-05
2968	4.07E-05
2969	9.43E-05
2970	5.36E-05
2971	3.96E-05
2972	0.000153058
2973	0.000172733
2974	6.02E-05
2975	4.44E-05
2976	9.34E-05
2977	0.000137039
2978	4.57E-05
2979	2.26E-05
2980	0.000129598
2981	2.62E-05
2982	4.30E-05
2983	4.30E-05
2984	3.20E-05
2985	7.69E-05
2986	0.000111615
2987	4.47E-05
2988	3.34E-05
2989	3.50E-05
2990	3.25E-05
2991	4.21E-05
2992	3.73E-05
2993	9.60E-05
2994	4.17E-05
2995	4.28E-05
2996	4.83E-05
2997	9.92E-05
2998	9.70E-05
2999	5.68E-05
3000	3.73E-05
3001	0.00014522
3002	6.33E-05
3003	6.62E-05
3004	4.95E-05
3005	2.53E-05
3006	0.00012254
3007	7.32E-05
3008	0.000120167
3009	6.78E-05
3010	4.21E-05
3011	8.38E-05
3012	9.12E-05
3013	5.09E-05
3014	0.000148467
3015	7.97E-05
3016	8.09E-05
3017	0.000158001
3018	0.000237419
3019	7.56E-05
3020	6.37E-05
3021	5.56E-05
3022	6.05E-05
3023	9.35E-05
3024	0.000132907
3025	8.20E-05
3026	0.00040313
3027	9.11E-05
3028	7.35E-05
3029	6.44E-05
3030	4.16E-05
3031	0.000114524
3032	0.000132993
3033	0.000110676
3034	5.56E-05
3035	3.89E-05
3036	4.27E-05
3037	3.44E-05
3038	3.73E-05
3039	8.54E-05
3040	5.73E-05
3041	8.90E-05
3042	0.000184035
3043	0.000118505
3044	3.26E-05
3045	0.000100428
3046	0.000150676
3047	6.97E-05
3048	2.81E-05
3049	0.000819782
3050	0.000246149
3051	5.80E-05
3052	5.05E-05
3053	6.68E-05
3054	4.52E-05
3055	7.11E-05
3056	0.000113037
3057	4.99E-05
3058	0.000152353
3059	7.80E-05
3060	4.37E-05
3061	3.89E-05
3062	4.43E-05
3063	5.09E-05
3064	4.33E-05
3065	6.67E-05
3066	9.78E-05
3067	9.62E-05
3068	0.000214191
3069	0.000273198
3070	0.00010053
3071	0.00015339
3072	0.000123837
3073	3.43E-05
3074	4.42E-05
3075	3.34E-05
3076	0.000115026
3077	0.000466606
3078	4.57E-05
3079	3.17E-05
3080	3.97E-05
3081	5.06E-05
3082	4.95E-05
3083	3.17E-05
3084	3.84E-05
3085	3.99E-05
3086	0.000206401
3087	4.39E-05
3088	3.99E-05
3089	6.19E-05
3090	4.45E-05
3091	3.67E-05
3092	0.000834449
3093	7.55E-05
3094	5.57E-05
3095	0.001637344
3096	6.58E-05
3097	3.59E-05
3098	4.87E-05
3099	3.93E-05
3100	4.63E-05
3101	2.95E-05
3102	5.61E-05
3103	6.05E-05
3104	0.000114613
3105	8.67E-05
3106	3.21E-05
3107	4.32E-05
3108	5.84E-05
3109	7.72E-05
3110	4.32E-05
3111	6.11E-05
3112	5.97E-05
3113	9.11E-05
3114	0.00018056
3115	3.66E-05
3116	9.54E-05
3117	4.64E-05
3118	0.000709196
3119	6.57E-05
3120	0.000167725
3121	5.30E-05
3122	3.75E-05
3123	4.35E-05
3124	4.36E-05
3125	3.60E-05
3126	3.08E-05
3127	0.000103765
3128	9.16E-05
3129	7.11E-05
3130	6.36E-05
3131	5.00E-05
3132	3.50E-05
3133	5.53E-05
3134	0.000131074
3135	6.78E-05
3136	4.29E-05
3137	3.57E-05
3138	3.90E-05
3139	6.03E-05
3140	7.80E-05
3141	0.000203074
3142	5.06E-05
3143	0.00029454
3144	3.17E-05
3145	3.60E-05
3146	0.000128028
3147	5.90E-05
3148	6.62E-05
3149	4.00E-05
3150	5.61E-05
3151	0.000649141
3152	4.19E-05
3153	3.62E-05
3154	4.02E-05
3155	4.69E-05
3156	4.48E-05
3157	4.53E-05
3158	4.58E-05
3159	3.77E-05
3160	0.000591663
3161	0.000121851
3162	7.25E-05
3163	3.58E-05
3164	5.03E-05
3165	0.000173432
3166	4.75E-05
3167	0.000102069
3168	0.00011858
3169	4.22E-05
3170	4.38E-05
3171	3.12E-05
3172	5.64E-05
3173	3.26E-05
3174	3.45E-05
3175	3.85E-05
3176	5.46E-05
3177	2.69E-05
3178	7.56E-05
3179	2.79E-05
3180	6.58E-05
3181	0.000464569
3182	4.32E-05
3183	5.32E-05
3184	4.74E-05
3185	5.05E-05
3186	3.54E-05
3187	4.81E-05
3188	4.38E-05
3189	3.65E-05
3190	4.63E-05
3191	3.46E-05
3192	5.40E-05
3193	2.90E-05
3194	2.71E-05
3195	8.16E-05
3196	3.57E-05
3197	3.87E-05
3198	5.42E-05
3199	3.86E-05
3200	4.99E-05
3201	4.85E-05
3202	4.11E-05
3203	3.57E-05
3204	3.37E-05
3205	3.98E-05
3206	4.98E-05
3207	9.65E-05
3208	0.000232307
3209	5.04E-05
3210	4.16E-05
3211	3.08E-05
3212	4.20E-05
3213	4.58E-05
3214	4.81E-05
3215	4.45E-05
3216	7.78E-05
3217	4.12E-05
3218	3.32E-05
3219	3.00E-05
3220	6.24E-05
3221	2.99E-05
3222	4.63E-05
3223	6.48E-05
3224	5.55E-05
3225	0.000262117
3226	4.00E-05
3227	3.38E-05
3228	4.25E-05
3229	4.30E-05
3230	0.000114195
3231	3.99E-05
3232	5.18E-05
3233	4.27E-05
3234	0.000579532
3235	0.00022788
3236	6.43E-05
3237	3.52E-05
3238	4.70E-05
3239	5.36E-05
3240	0.000326709
3241	9.84E-05
3242	0.00024869
3243	7.01E-05
3244	8.11E-05
3245	6.89E-05
3246	3.51E-05
3247	4.28E-05
3248	6.34E-05
3249	4.05E-05
3250	0.000103098
3251	3.11E-05
3252	3.55E-05
3253	5.95E-05
3254	5.18E-05
3255	0.00033639
3256	5.46E-05
3257	4.01E-05
3258	3.50E-05
3259	4.73E-05
3260	3.40E-05
3261	6.28E-05
3262	3.75E-05
3263	6.87E-05
3264	0.000129322
3265	5.62E-05
3266	3.24E-05
3267	4.05E-05
3268	5.12E-05
3269	4.26E-05
3270	2.75E-05
3271	2.51E-05
3272	5.26E-05
3273	3.66E-05
3274	5.16E-05
3275	7.59E-05
3276	5.85E-05
3277	7.13E-05
3278	4.08E-05
3279	4.83E-05
3280	3.18E-05
3281	4.27E-05
3282	4.96E-05
3283	4.16E-05
3284	5.76E-05
3285	3.99E-05
3286	3.00E-05
3287	6.23E-05
3288	3.65E-05
3289	3.15E-05
3290	3.68E-05
3291	7.01E-05
3292	5.36E-05
3293	0.000119265
3294	8.17E-05
3295	5.54E-05
3296	0.000153208
3297	0.000149721
3298	3.17E-05
3299	3.46E-05
3300	4.70E-05
3301	5.89E-05
3302	3.87E-05
3303	2.97E-05
3304	5.11E-05
3305	3.16E-05
3306	3.18E-05
3307	3.87E-05
3308	5.41E-05
3309	0.00010882
3310	5.00E-05
3311	3.64E-05
3312	4.20E-05
3313	5.19E-05
3314	3.37E-05
3315	3.96E-05
3316	4.31E-05
3317	3.81E-05
3318	3.05E-05
3319	5.92E-05
3320	0.000161469
3321	0.000116164
3322	3.83E-05
3323	3.44E-05
3324	3.68E-05
3325	0.000263741
3326	0.00012405
3327	4.33E-05
3328	9.84E-05
3329	0.000137379
3330	4.79E-05
3331	4.93E-05
3332	0.000213159
3333	0.000140038
3334	3.97E-05
3335	3.55E-05
3336	0.000336337
3337	3.31E-05
3338	9.74E-05
3339	4.44E-05
3340	6.22E-05
3341	4.53E-05
3342	3.64E-05
3343	5.31E-05
3344	8.23E-05
3345	0.000110532
3346	3.22E-05
3347	2.83E-05
3348	5.28E-05
3349	3.57E-05
3350	3.71E-05
3351	0.000124863
3352	0.000159941
3353	0.000165212
3354	4.97E-05
3355	4.12E-05
3356	5.86E-05
3357	4.84E-05
3358	6.50E-05
3359	0.000118181
3360	0.000109441
3361	5.41E-05
3362	6.20E-05
3363	3.21E-05
3364	0.00010151
3365	5.00E-05
3366	3.30E-05
3367	2.73E-05
3368	0.000420686
3369	2.70E-05
3370	5.47E-05
3371	3.59E-05
3372	3.59E-05
3373	3.30E-05
3374	2.91E-05
3375	3.09E-05
3376	2.80E-05
3377	4.69E-05
3378	3.24E-05
3379	5.09E-05
3380	5.44E-05
3381	4.51E-05
3382	3.64E-05
3383	4.59E-05
3384	5.35E-05
3385	3.24E-05
3386	3.66E-05
3387	0.000463783
3388	4.48E-05
3389	2.91E-05
3390	0.001415207
3391	4.70E-05
3392	3.98E-05
3393	7.43E-05
3394	5.13E-05
3395	3.44E-05
3396	4.85E-05
3397	3.94E-05
3398	4.17E-05
3399	4.31E-05
3400	4.46E-05
3401	9.16E-05
3402	2.62E-05
3403	4.32E-05
3404	3.19E-05
3405	4.99E-05
3406	5.41E-05
3407	3.48E-05
3408	4.66E-05
3409	3.09E-05
3410	3.68E-05
3411	4.07E-05
3412	6.60E-05
3413	4.88E-05
3414	3.63E-05
3415	4.23E-05
3416	4.78E-05
3417	3.36E-05
3418	3.47E-05
3419	0.000124448
3420	3.21E-05
3421	4.76E-05
3422	5.47E-05
3423	3.25E-05
3424	6.63E-05
3425	9.45E-05
3426	4.64E-05
3427	0.000127447
3428	0.006186633
3429	6.94E-05
3430	4.72E-05
3431	3.28E-05
3432	4.32E-05
3433	7.15E-05
3434	4.46E-05
3435	4.70E-05
3436	0.000206485
3437	5.51E-05
3438	4.54E-05
3439	5.15E-05
3440	5.46E-05
3441	4.25E-05
3442	3.33E-05
3443	3.15E-05
3444	4.70E-05
3445	2.98E-05
3446	4.41E-05
3447	2.67E-05
3448	6.75E-05
3449	3.90E-05
3450	4.36E-05
3451	2.83E-05
3452	3.37E-05
3453	0.000361817
3454	3.04E-05
3455	3.23E-05
3456	0.000214928
3457	4.09E-05
3458	0.00153782
3459	5.63E-05
3460	0.000141557
3461	4.42E-05
3462	3.71E-05
3463	0.000114212
3464	5.99E-05
3465	0.000127263
3466	3.03E-05
3467	2.60E-05
3468	0.000148892
3469	7.69E-05
3470	8.04E-05
3471	3.29E-05
3472	0.000132943
3473	0.000195773
3474	5.29E-05
3475	3.44E-05
3476	0.000231231
3477	5.17E-05
3478	0.000158049
3479	8.72E-05
3480	8.63E-05
3481	3.20E-05
3482	0.0001211
3483	3.90E-05
3484	3.96E-05
3485	5.24E-05
3486	3.83E-05
3487	8.33E-05
3488	0.000145566
3489	0.000112859
3490	0.000146864
3491	0.000142152
3492	6.23E-05
3493	7.52E-05
3494	6.56E-05
3495	5.45E-05
3496	3.61E-05
3497	4.80E-05
3498	3.70E-05
3499	0.00034856
3500	3.59E-05
3501	4.83E-05
3502	3.81E-05
3503	5.28E-05
3504	4.01E-05
3505	6.00E-05
3506	0.000605673
3507	9.65E-05
3508	6.99E-05
3509	4.06E-05
3510	8.81E-05
3511	4.29E-05
3512	0.000119173
3513	3.23E-05
3514	3.23E-05
3515	2.98E-05
3516	0.000236537
3517	3.80E-05
3518	4.74E-05
3519	3.28E-05
3520	3.43E-05
3521	9.77E-05
3522	0.000726631
3523	0.000131088
3524	6.78E-05
3525	6.40E-05
3526	0.000139421
3527	6.03E-05
3528	3.73E-05
3529	0.000343829
3530	0.000107289
3531	0.000156743
3532	5.63E-05
3533	0.000135521
3534	3.93E-05
3535	0.000115462
3536	4.27E-05
3537	0.000123069
3538	0.000105959
3539	3.90E-05
3540	4.43E-05
3541	5.33E-05
3542	6.13E-05
3543	3.23E-05
3544	4.56E-05
3545	8.52E-05
3546	5.40E-05
3547	3.17E-05
3548	3.67E-05
3549	9.84E-05
3550	7.23E-05
3551	0.000147355
3552	4.20E-05
3553	5.48E-05
3554	4.35E-05
3555	5.81E-05
3556	3.60E-05
3557	7.01E-05
3558	2.61E-05
3559	5.72E-05
3560	3.46E-05
3561	6.44E-05
3562	3.72E-05
3563	2.91E-05
3564	8.29E-05
3565	5.14E-05
3566	0.000156527
3567	3.94E-05
3568	8.20E-05
3569	9.85E-05
3570	3.89E-05
3571	3.64E-05
3572	4.88E-05
3573	4.92E-05
3574	0.000126194
3575	0.000824674
3576	0.001001483
3577	6.51E-05
3578	0.000116791
3579	0.000204047
3580	7.68E-05
3581	0.000128669
3582	7.43E-05
3583	0.000183479
3584	3.98E-05
3585	3.38E-05
3586	6.82E-05
3587	6.05E-05
3588	4.89E-05
3589	0.001386536
3590	8.17E-05
3591	4.86E-05
3592	4.28E-05
3593	8.97E-05
3594	0.000227223
3595	4.53E-05
3596	3.60E-05
3597	0.001043708
3598	0.000175548
3599	5.33E-05
3600	5.41E-05
3601	0.000160854
3602	6.43E-05
3603	3.59E-05
3604	3.07E-05
3605	4.09E-05
3606	3.52E-05
3607	2.93E-05
3608	0.001382048
3609	6.04E-05
3610	4.94E-05
3611	2.68E-05
3612	4.29E-05
3613	3.33E-05
3614	0.000125675
3615	3.04E-05
3616	2.77E-05
3617	4.12E-05
3618	5.71E-05
3619	3.40E-05
3620	0.000694923
3621	4.99E-05
3622	5.28E-05
3623	3.44E-05
3624	3.56E-05
3625	6.54E-05
3626	3.48E-05
3627	3.35E-05
3628	4.18E-05
3629	3.33E-05
3630	5.20E-05
3631	8.76E-05
3632	7.62E-05
3633	6.92E-05
3634	3.28E-05
3635	3.42E-05
3636	2.78E-05
3637	3.16E-05
3638	3.70E-05
3639	3.10E-05
3640	0.000128752
3641	4.23E-05
3642	7.17E-05
3643	6.66E-05
3644	6.68E-05
3645	0.000246607
3646	4.68E-05
3647	5.97E-05
3648	8.84E-05
3649	7.88E-05
3650	3.83E-05
3651	5.57E-05
3652	4.35E-05
3653	6.56E-05
3654	3.08E-05
3655	4.19E-05
3656	4.27E-05
3657	0.000131987
3658	5.18E-05
3659	3.47E-05
3660	7.47E-05
3661	3.00E-05
3662	4.27E-05
3663	4.44E-05
3664	3.84E-05
3665	4.33E-05
3666	2.71E-05
3667	3.33E-05
3668	7.94E-05
3669	4.03E-05
3670	3.84E-05
3671	4.34E-05
3672	5.51E-05
3673	3.57E-05
3674	5.56E-05
3675	4.27E-05
3676	4.16E-05
3677	5.41E-05
3678	3.86E-05
3679	5.44E-05
3680	6.30E-05
3681	3.26E-05
3682	3.67E-05
3683	4.53E-05
3684	3.35E-05
3685	5.13E-05
3686	3.72E-05
3687	3.76E-05
3688	3.88E-05
3689	4.15E-05
3690	3.88E-05
3691	3.30E-05
3692	3.18E-05
3693	4.78E-05
3694	4.26E-05
3695	3.31E-05
3696	4.51E-05
3697	3.60E-05
3698	5.70E-05
3699	3.10E-05
3700	4.57E-05
3701	3.47E-05
3702	5.00E-05
3703	4.28E-05
3704	0.000101949
3705	3.25E-05
3706	3.03E-05
3707	7.27E-05
3708	6.02E-05
3709	4.81E-05
3710	4.40E-05
3711	4.76E-05
3712	3.51E-05
3713	3.74E-05
3714	8.57E-05
3715	9.25E-05
3716	5.38E-05
3717	0.00015809
3718	4.63E-05
3719	3.46E-05
3720	4.23E-05
3721	4.09E-05
3722	3.97E-05
3723	3.54E-05
3724	6.74E-05
3725	2.98E-05
3726	4.92E-05
3727	3.61E-05
3728	3.44E-05
3729	0.000125527
3730	6.35E-05
3731	0.000122055
3732	3.13E-05
3733	7.19E-05
3734	2.75E-05
3735	3.55E-05
3736	3.20E-05
3737	8.12E-05
3738	0.000140869
3739	8.00E-05
3740	0.000440544
3741	0.000537289
3742	5.93E-05
3743	2.94E-05
3744	5.03E-05
3745	0.000154883
3746	0.000166633
3747	7.92E-05
3748	9.99E-05
3749	4.22E-05
3750	7.17E-05
3751	0.000146742
3752	6.35E-05
3753	7.31E-05
3754	7.50E-05
3755	7.12E-05
3756	6.35E-05
3757	4.40E-05
3758	9.46E-05
3759	5.92E-05
3760	6.64E-05
3761	3.36E-05
3762	2.82E-05
3763	3.66E-05
3764	4.79E-05
3765	7.45E-05
3766	5.90E-05
3767	6.82E-05
3768	8.34E-05
3769	8.79E-05
3770	0.000130123
3771	8.80E-05
3772	6.25E-05
3773	0.000178625
3774	0.000155398
3775	0.00014885
3776	7.74E-05
3777	4.60E-05
3778	0.000102926
3779	6.95E-05
3780	0.000158384
3781	6.46E-05
3782	0.000348366
3783	0.000361918
3784	0.000136586
3785	8.88E-05
3786	0.000140763
3787	6.33E-05
3788	0.000123857
3789	4.81E-05
3790	7.90E-05
3791	3.13E-05
3792	6.40E-05
3793	5.95E-05
3794	6.86E-05
3795	5.82E-05
3796	4.32E-05
3797	2.84E-05
3798	4.47E-05
3799	5.37E-05
3800	6.55E-05
3801	3.52E-05
3802	2.94E-05
3803	4.65E-05
3804	4.93E-05
3805	0.000172413
3806	4.30E-05
3807	4.12E-05
3808	3.17E-05
3809	5.47E-05
3810	5.08E-05
3811	0.000282136
3812	9.87E-05
3813	4.87E-05
3814	6.51E-05
3815	4.03E-05
3816	5.80E-05
3817	5.97E-05
3818	4.49E-05
3819	7.71E-05
3820	9.91E-05
3821	5.65E-05
3822	0.000124116
3823	0.000279692
3824	5.33E-05
3825	5.86E-05
3826	3.17E-05
3827	4.34E-05
3828	4.62E-05
3829	5.08E-05
3830	7.15E-05
3831	0.000158697
3832	0.000119912
3833	9.25E-05
3834	6.77E-05
3835	7.06E-05
3836	5.69E-05
3837	8.73E-05
3838	0.000104374
3839	5.65E-05
3840	0.000129712
3841	0.000159078
3842	6.31E-05
3843	8.50E-05
3844	7.32E-05
3845	0.00019997
3846	9.25E-05
3847	4.07E-05
3848	6.26E-05
3849	4.79E-05
3850	5.94E-05
3851	4.69E-05
3852	9.36E-05
3853	0.000134897
3854	6.51E-05
3855	8.60E-05
3856	6.14E-05
3857	3.62E-05
3858	0.000110818
3859	7.18E-05
3860	0.000796329
3861	3.57E-05
3862	9.98E-05
3863	4.94E-05
3864	6.87E-05
3865	3.30E-05
3866	4.88E-05
3867	0.00012882
3868	9.51E-05
3869	9.27E-05
3870	2.71E-05
3871	2.65E-05
3872	0.000185946
3873	3.88E-05
3874	5.02E-05
3875	4.72E-05
3876	0.00035204
3877	0.000255335
3878	5.05E-05
3879	3.42E-05
3880	3.64E-05
3881	4.04E-05
3882	0.000100328
3883	0.000588096
3884	6.83E-05
3885	4.16E-05
3886	4.95E-05
3887	5.55E-05
3888	5.15E-05
3889	3.47E-05
3890	7.96E-05
3891	3.29E-05
3892	3.33E-05
3893	3.71E-05
3894	4.30E-05
3895	4.02E-05
3896	7.00E-05
3897	3.26E-05
3898	3.66E-05
3899	8.41E-05
3900	4.47E-05
3901	3.75E-05
3902	3.73E-05
3903	0.000200204
3904	3.79E-05
3905	7.49E-05
3906	5.80E-05
3907	3.66E-05
3908	4.31E-05
3909	4.23E-05
3910	0.000150843
3911	7.21E-05
3912	3.82E-05
3913	5.53E-05
3914	3.19E-05
3915	2.94E-05
3916	4.55E-05
3917	0.000191741
3918	3.81E-05
3919	4.04E-05
3920	7.28E-05
3921	3.13E-05
3922	0.000468101
3923	2.95E-05
3924	3.34E-05
3925	8.97E-05
3926	3.04E-05
3927	5.97E-05
3928	4.02E-05
3929	3.88E-05
3930	2.86E-05
3931	2.80E-05
3932	6.51E-05
3933	0.000150732
3934	6.93E-05
3935	4.15E-05
3936	0.000235595
3937	0.000198554
3938	7.30E-05
3939	7.35E-05
3940	3.90E-05
3941	3.15E-05
3942	5.17E-05
3943	5.92E-05
3944	6.15E-05
3945	5.55E-05
3946	8.39E-05
3947	7.59E-05
3948	6.94E-05
3949	3.15E-05
3950	4.88E-05
3951	4.02E-05
3952	6.49E-05
3953	8.73E-05
3954	0.000122028
3955	7.86E-05
3956	8.37E-05
3957	4.71E-05
3958	8.27E-05
3959	0.000155778
3960	0.000224335
3961	7.77E-05
3962	6.18E-05
3963	5.67E-05
3964	4.14E-05
3965	0.000270669
3966	0.000116472
3967	7.27E-05
3968	0.000172736
3969	5.44E-05
3970	0.000131983
3971	4.32E-05
3972	9.11E-05
3973	7.93E-05
3974	9.82E-05
3975	0.000155146
3976	5.89E-05
3977	6.43E-05
3978	3.64E-05
3979	5.94E-05
3980	3.57E-05
3981	4.05E-05
3982	3.16E-05
3983	5.86E-05
3984	0.00052863
3985	6.05E-05
3986	3.41E-05
3987	3.37E-05
3988	0.000127565
3989	4.34E-05
3990	4.84E-05
3991	3.93E-05
3992	6.14E-05
3993	3.09E-05
3994	4.67E-05
3995	2.97E-05
3996	3.51E-05
3997	3.61E-05
3998	4.24E-05
3999	6.44E-05
4000	4.67E-05
4001	4.22E-05
4002	5.24E-05
4003	0.000155374
4004	5.64E-05
4005	4.15E-05
4006	5.75E-05
4007	4.07E-05
4008	5.08E-05
4009	0.00087539
4010	8.71E-05
4011	6.48E-05
4012	6.23E-05
4013	3.17E-05
4014	2.72E-05
4015	3.95E-05
4016	9.35E-05
4017	3.31E-05
4018	3.16E-05
4019	5.34E-05
4020	0.000123378
4021	0.000662559
4022	5.45E-05
4023	5.65E-05
4024	6.64E-05
4025	3.89E-05
4026	2.77E-05
4027	3.04E-05
4028	3.55E-05
4029	7.90E-05
4030	5.16E-05
4031	0.000116651
4032	0.000108282
4033	4.43E-05
4034	3.30E-05
4035	0.000245202
4036	4.19E-05
4037	9.60E-05
4038	3.75E-05
4039	4.09E-05
4040	7.99E-05
4041	3.07E-05
4042	0.000210057
4043	0.000153762
4044	9.73E-05
4045	3.01E-05
4046	4.31E-05
4047	0.00017449
4048	4.38E-05
4049	3.80E-05
4050	3.96E-05
4051	3.38E-05
4052	5.30E-05
4053	2.65E-05
4054	4.76E-05
4055	4.75E-05
4056	6.51E-05
4057	0.000246062
4058	6.52E-05
4059	0.000164855
4060	5.05E-05
4061	3.28E-05
4062	9.72E-05
4063	2.98E-05
4064	0.000147608
4065	0.000189351
4066	6.81E-05
4067	3.63E-05
4068	8.32E-05
4069	5.87E-05
4070	0.000499706
4071	9.56E-05
4072	5.11E-05
4073	4.06E-05
4074	3.85E-05
4075	3.69E-05
4076	8.32E-05
4077	4.87E-05
4078	3.65E-05
4079	3.47E-05
4080	6.90E-05
4081	4.97E-05
4082	0.000193738
4083	3.19E-05
4084	3.13E-05
4085	4.33E-05
4086	6.55E-05
4087	4.43E-05
4088	3.55E-05
4089	3.56E-05
4090	5.44E-05
4091	3.60E-05
4092	0.000115273
4093	9.46E-05
4094	5.87E-05
4095	4.65E-05
4096	4.50E-05
4097	4.52E-05
4098	4.34E-05
4099	3.36E-05
4100	7.66E-05
4101	0.000167921
4102	5.82E-05
4103	3.56E-05
4104	9.12E-05
4105	3.57E-05
4106	4.06E-05
4107	5.94E-05
4108	4.40E-05
4109	0.000159816
4110	3.40E-05
4111	0.000147983
4112	0.00053588
4113	4.19E-05
4114	6.89E-05
4115	7.94E-05
4116	3.02E-05
4117	8.09E-05
4118	5.87E-05
4119	0.000111735
4120	4.33E-05
4121	4.05E-05
4122	9.55E-05
4123	3.13E-05
4124	3.64E-05
4125	2.80E-05
4126	7.97E-05
4127	0.000147828
4128	9.18E-05
4129	0.000215233
4130	0.000132255
4131	3.77E-05
4132	3.76E-05
4133	0.00026275
4134	0.000141599
4135	9.35E-05
4136	0.000365863
4137	3.63E-05
4138	0.000173118
4139	0.003169543
4140	0.000290373
4141	4.16E-05
4142	0.000147101
4143	0.002809316
4144	0.000175286
4145	6.78E-05
4146	9.13E-05
4147	5.31E-05
4148	0.000222582
4149	6.63E-05
4150	6.51E-05
4151	3.49E-05
4152	5.19E-05
4153	3.16E-05
4154	3.84E-05
4155	0.000784996
4156	3.22E-05
4157	8.24E-05
4158	0.000103849
4159	0.000152099
4160	4.22E-05
4161	8.95E-05
4162	3.38E-05
4163	0.000265078
4164	2.91E-05
4165	6.22E-05
4166	3.64E-05
4167	6.59E-05
4168	3.26E-05
4169	4.95E-05
4170	3.30E-05
4171	0.000311663
4172	3.92E-05
4173	6.65E-05
4174	3.18E-05
4175	3.84E-05
4176	3.86E-05
4177	3.90E-05
4178	3.45E-05
4179	4.38E-05
4180	4.77E-05
4181	5.23E-05
4182	4.77E-05
4183	4.78E-05
4184	5.38E-05
4185	3.97E-05
4186	3.54E-05
4187	3.66E-05
4188	4.66E-05
4189	8.32E-05
4190	3.63E-05
4191	0.000148128
4192	3.66E-05
4193	3.26E-05
4194	0.000117635
4195	8.81E-05
4196	3.51E-05
4197	3.00E-05
4198	4.61E-05
4199	0.000296334
4200	3.24E-05
4201	3.48E-05
4202	6.73E-05
4203	4.40E-05
4204	8.39E-05
4205	3.33E-05
4206	5.31E-05
4207	0.000280731
4208	0.000130816
4209	3.18E-05
4210	0.000118058
4211	5.42E-05
4212	7.11E-05
4213	7.93E-05
4214	7.67E-05
4215	0.000312237
4216	3.44E-05
4217	3.93E-05
4218	3.21E-05
4219	2.87E-05
4220	2.63E-05
4221	4.40E-05
4222	3.62E-05
4223	4.39E-05
4224	0.000556752
4225	0.000367487
4226	3.20E-05
4227	6.93E-05
4228	0.000246578
4229	0.00023996
4230	0.000125468
4231	5.64E-05
4232	2.94E-05
4233	0.000150024
4234	4.27E-05
4235	0.000900206
4236	0.000455839
4237	8.52E-05
4238	7.59E-05
4239	0.000164654
4240	4.43E-05
4241	4.16E-05
4242	6.46E-05
4243	5.74E-05
4244	3.80E-05
4245	4.39E-05
4246	4.08E-05
4247	4.54E-05
4248	4.46E-05
4249	3.75E-05
4250	3.33E-05
4251	0.000116799
4252	6.10E-05
4253	6.17E-05
4254	5.16E-05
4255	8.16E-05
4256	5.10E-05
4257	5.25E-05
4258	6.45E-05
4259	8.56E-05
4260	9.84E-05
4261	7.94E-05
4262	4.49E-05
4263	6.58E-05
4264	6.05E-05
4265	3.28E-05
4266	3.15E-05
4267	0.00039551
4268	6.47E-05
4269	9.63E-05
4270	0.000113793
4271	6.25E-05
4272	5.19E-05
4273	6.77E-05
4274	3.04E-05
4275	5.71E-05
4276	0.000130838
4277	6.30E-05
4278	6.27E-05
4279	0.000112982
4280	9.76E-05
4281	2.79E-05
4282	3.10E-05
4283	3.55E-05
4284	2.89E-05
4285	3.43E-05
4286	5.62E-05
4287	3.35E-05
4288	2.91E-05
4289	4.89E-05
4290	7.12E-05
