1	0.000411939
2	7.45E-05
3	0.00131276
4	0.00017728
5	6.90E-05
6	8.74E-05
7	0.000448941
8	0.000292778
9	7.85E-05
10	7.79E-05
11	6.07E-05
12	9.13E-05
13	0.000479246
14	6.57E-05
15	0.000464795
16	0.000181871
17	8.30E-05
18	0.000213417
19	7.95E-05
20	0.000131231
21	6.35E-05
22	0.000126605
23	0.000102919
24	0.000104827
25	0.00010326
26	6.70E-05
27	0.000109333
28	7.51E-05
29	7.43E-05
30	6.90E-05
31	8.56E-05
32	7.58E-05
33	7.71E-05
34	9.06E-05
35	9.38E-05
36	7.72E-05
37	5.95E-05
38	7.72E-05
39	0.000127298
40	7.48E-05
41	6.72E-05
42	7.98E-05
43	0.000113145
44	7.79E-05
45	7.51E-05
46	0.000102567
47	8.63E-05
48	7.46E-05
49	6.50E-05
50	7.70E-05
51	7.21E-05
52	8.85E-05
53	0.000104396
54	7.01E-05
55	9.89E-05
56	6.77E-05
57	7.34E-05
58	6.99E-05
59	0.000113418
60	0.000279329
61	5.75E-05
62	9.01E-05
63	6.21E-05
64	8.98E-05
65	7.03E-05
66	5.92E-05
67	0.000175147
68	0.000104417
69	7.66E-05
70	7.57E-05
71	5.66E-05
72	6.77E-05
73	7.28E-05
74	6.45E-05
75	7.39E-05
76	6.66E-05
77	8.96E-05
78	6.79E-05
79	6.80E-05
80	5.84E-05
81	6.29E-05
82	7.04E-05
83	0.000155137
84	6.66E-05
85	8.94E-05
86	6.16E-05
87	5.65E-05
88	7.30E-05
89	6.69E-05
90	6.97E-05
91	6.72E-05
92	9.43E-05
93	5.97E-05
94	6.53E-05
95	9.05E-05
96	6.29E-05
97	0.000237089
98	0.000108379
99	0.000109483
100	7.92E-05
101	8.26E-05
102	0.000145109
103	8.42E-05
104	5.82E-05
105	7.67E-05
106	5.89E-05
107	6.26E-05
108	0.000118402
109	0.00015432
110	0.000101474
111	0.000154602
112	0.000163125
113	0.000123199
114	0.000101574
115	7.94E-05
116	9.67E-05
117	8.21E-05
118	0.000120727
119	9.86E-05
120	0.000150718
121	0.000123504
122	6.49E-05
123	0.000120313
124	0.000106167
125	9.03E-05
126	0.000117682
127	6.23E-05
128	5.81E-05
129	6.47E-05
130	0.000133207
131	0.000114934
132	6.23E-05
133	6.81E-05
134	0.000104545
135	0.000139929
136	5.91E-05
137	8.02E-05
138	7.74E-05
139	0.000126605
140	0.000105872
141	7.81E-05
142	5.57E-05
143	7.17E-05
144	7.12E-05
145	0.00010996
146	0.000100669
147	9.68E-05
148	9.71E-05
149	7.29E-05
150	9.98E-05
151	5.65E-05
152	8.03E-05
153	0.00025576
154	7.28E-05
155	0.000148495
156	6.71E-05
157	6.38E-05
158	9.23E-05
159	0.000120612
160	9.12E-05
161	0.000229116
162	5.62E-05
163	0.000462076
164	6.52E-05
165	5.73E-05
166	5.41E-05
167	9.92E-05
168	7.64E-05
169	0.000170188
170	9.39E-05
171	0.000183583
172	9.99E-05
173	0.000120745
174	8.25E-05
175	6.31E-05
176	7.59E-05
177	0.000102967
178	5.89E-05
179	8.11E-05
180	0.00011137
181	7.07E-05
182	7.07E-05
183	6.70E-05
184	9.01E-05
185	7.88E-05
186	6.14E-05
187	5.65E-05
188	8.34E-05
189	9.45E-05
190	7.22E-05
191	8.81E-05
192	8.17E-05
193	7.67E-05
194	7.66E-05
195	0.000228321
196	7.05E-05
197	8.95E-05
198	8.91E-05
199	0.000465258
200	8.47E-05
201	7.00E-05
202	5.74E-05
203	7.13E-05
204	0.000104322
205	7.13E-05
206	7.12E-05
207	0.00038265
208	7.45E-05
209	8.11E-05
210	5.82E-05
211	8.80E-05
212	0.000264913
213	0.000103637
214	7.66E-05
215	6.21E-05
216	9.31E-05
217	5.69E-05
218	0.000326024
219	0.000161195
220	6.33E-05
221	8.00E-05
222	6.50E-05
223	7.01E-05
224	5.19E-05
225	6.23E-05
226	0.000164117
227	6.63E-05
228	6.30E-05
229	8.74E-05
230	7.08E-05
231	8.22E-05
232	6.87E-05
233	7.59E-05
234	6.15E-05
235	9.80E-05
236	6.90E-05
237	8.94E-05
238	5.87E-05
239	6.58E-05
240	6.60E-05
241	7.70E-05
242	6.12E-05
243	7.12E-05
244	7.17E-05
245	8.95E-05
246	5.80E-05
247	7.55E-05
248	6.77E-05
249	7.35E-05
250	0.000236294
251	5.51E-05
252	6.02E-05
253	8.56E-05
254	6.09E-05
255	7.20E-05
256	6.21E-05
257	8.58E-05
258	6.15E-05
259	8.58E-05
260	9.24E-05
261	0.000114596
262	7.42E-05
263	9.30E-05
264	6.96E-05
265	9.84E-05
266	6.12E-05
267	6.74E-05
268	6.37E-05
269	0.000223954
270	8.69E-05
271	6.06E-05
272	5.28E-05
273	7.73E-05
274	5.18E-05
275	0.000106048
276	7.27E-05
277	7.41E-05
278	7.32E-05
279	6.38E-05
280	6.73E-05
281	7.72E-05
282	6.61E-05
283	6.33E-05
284	5.84E-05
285	8.60E-05
286	6.40E-05
287	7.13E-05
288	6.42E-05
289	6.82E-05
290	7.24E-05
291	7.37E-05
292	6.72E-05
293	5.98E-05
294	7.42E-05
295	0.000125711
296	7.64E-05
297	6.00E-05
298	5.34E-05
299	0.000346209
300	8.23E-05
301	8.77E-05
302	5.77E-05
303	7.46E-05
304	0.000274982
305	8.26E-05
306	5.98E-05
307	5.78E-05
308	7.75E-05
309	6.04E-05
310	0.000156809
311	5.78E-05
312	7.48E-05
313	0.000108536
314	0.000122737
315	5.23E-05
316	0.00017399
317	8.57E-05
318	0.000134466
319	6.34E-05
320	6.23E-05
321	7.02E-05
322	7.69E-05
323	6.16E-05
324	4.88E-05
325	5.34E-05
326	0.000205658
327	5.87E-05
328	6.23E-05
329	7.18E-05
330	8.00E-05
331	0.000104652
332	0.000333583
333	8.16E-05
334	5.90E-05
335	6.29E-05
336	0.00011295
337	0.000239136
338	9.85E-05
339	6.03E-05
340	6.92E-05
341	4.86E-05
342	7.57E-05
343	5.54E-05
344	6.52E-05
345	0.000153545
346	5.36E-05
347	6.36E-05
348	5.88E-05
349	9.13E-05
350	0.000353953
351	7.11E-05
352	5.72E-05
353	0.000172966
354	5.75E-05
355	0.000104994
356	5.57E-05
357	6.90E-05
358	7.99E-05
359	0.00011653
360	5.69E-05
361	5.56E-05
362	0.000123319
363	9.19E-05
364	7.34E-05
365	7.55E-05
366	0.000173096
367	6.38E-05
368	6.30E-05
369	0.000100294
370	7.30E-05
371	9.21E-05
372	6.20E-05
373	7.36E-05
374	6.51E-05
375	6.04E-05
376	6.29E-05
377	5.90E-05
378	0.000166115
379	0.000169708
380	0.000154267
381	0.000127279
382	9.35E-05
383	0.000153131
384	9.83E-05
385	0.000116889
386	0.000697643
387	6.57E-05
388	0.000875177
389	8.59E-05
390	0.000123038
391	0.000107034
392	0.000104067
393	0.000159209
394	7.75E-05
395	0.000221477
396	7.88E-05
397	0.000105131
398	8.10E-05
399	6.54E-05
400	9.50E-05
401	0.000197797
402	0.000178471
403	0.000361507
404	0.000235861
405	5.59E-05
406	9.75E-05
407	6.40E-05
408	6.01E-05
409	0.00014428
410	0.000221729
411	0.000247332
412	0.000247943
413	9.31E-05
414	8.52E-05
415	7.52E-05
416	0.000186868
417	9.40E-05
418	7.00E-05
419	6.36E-05
420	6.80E-05
421	6.27E-05
422	7.40E-05
423	7.72E-05
424	7.63E-05
425	6.59E-05
426	6.81E-05
427	7.49E-05
428	6.04E-05
429	7.34E-05
430	6.05E-05
431	6.96E-05
432	8.04E-05
433	0.000225544
434	0.000129067
435	0.000124193
436	7.62E-05
437	6.48E-05
438	0.000145889
439	0.000118291
440	8.23E-05
441	6.00E-05
442	7.15E-05
443	9.90E-05
444	7.17E-05
445	7.08E-05
446	6.58E-05
447	7.80E-05
448	6.65E-05
449	6.05E-05
450	0.000192786
451	0.000129194
452	6.72E-05
453	7.93E-05
454	5.50E-05
455	5.80E-05
456	5.83E-05
457	0.000221065
458	0.000223437
459	0.000129673
460	0.000106407
461	8.06E-05
462	9.78E-05
463	6.90E-05
464	7.65E-05
465	7.16E-05
466	7.89E-05
467	9.96E-05
468	0.000165607
469	0.000108982
470	6.39E-05
471	7.56E-05
472	7.98E-05
473	7.65E-05
474	0.000134035
475	0.000208779
476	0.000111156
477	0.000300445
478	8.08E-05
479	0.000199553
480	0.000202078
481	0.000368021
482	6.62E-05
483	0.000107746
484	7.42E-05
485	0.000107913
486	6.09E-05
487	0.000135121
488	6.29E-05
489	6.83E-05
490	0.000143201
491	0.000245738
492	8.44E-05
493	8.02E-05
494	9.00E-05
495	0.000149389
496	7.20E-05
497	0.000107803
498	0.000181939
499	0.000135334
500	0.000118882
501	8.55E-05
502	7.57E-05
503	0.00015842
504	7.35E-05
505	0.000148768
506	0.00020911
507	7.87E-05
508	6.84E-05
509	0.000185851
510	0.000308688
511	7.87E-05
512	6.81E-05
513	0.000258551
514	0.000121504
515	6.42E-05
516	8.23E-05
517	4.93E-05
518	6.56E-05
519	5.94E-05
520	0.000128126
521	6.15E-05
522	0.000370225
523	0.000212115
524	5.86E-05
525	0.000132331
526	0.000126907
527	0.000297363
528	0.000193691
529	0.000292546
530	6.59E-05
531	5.54E-05
532	7.26E-05
533	0.000248801
534	7.01E-05
535	7.01E-05
536	0.00013903
537	0.000237599
538	5.04E-05
539	0.000205673
540	0.000298186
541	0.000286878
542	0.000197396
543	0.000223127
544	0.000283832
545	5.97E-05
546	0.000116376
547	7.12E-05
548	0.000187152
549	0.000166516
550	5.89E-05
551	5.81E-05
552	7.75E-05
553	0.000113687
554	0.000184554
555	0.000149376
556	0.000106578
557	7.77E-05
558	0.000166009
559	7.44E-05
560	9.10E-05
561	0.000112488
562	0.000203094
563	0.000124955
564	0.000170003
565	6.34E-05
566	5.33E-05
567	0.00013245
568	0.000128522
569	0.000207508
570	8.99E-05
571	0.000101433
572	8.17E-05
573	7.40E-05
574	5.75E-05
575	7.19E-05
576	5.91E-05
577	8.92E-05
578	8.23E-05
579	8.47E-05
580	5.65E-05
581	5.39E-05
582	6.65E-05
583	7.46E-05
584	0.000149832
585	8.75E-05
586	8.35E-05
587	8.33E-05
588	0.002821873
589	8.45E-05
590	6.84E-05
591	6.19E-05
592	0.000139758
593	6.20E-05
594	0.000226134
595	0.000110882
596	0.000137623
597	9.22E-05
598	8.26E-05
599	8.24E-05
600	5.39E-05
601	7.97E-05
602	0.000141514
603	0.000143307
604	6.29E-05
605	6.11E-05
606	6.90E-05
607	8.30E-05
608	8.83E-05
609	0.000112486
610	6.37E-05
611	0.000345869
612	6.75E-05
613	6.24E-05
614	5.97E-05
615	8.98E-05
616	6.82E-05
617	7.30E-05
618	9.01E-05
619	0.000595204
620	0.00011751
621	6.74E-05
622	6.72E-05
623	0.000100456
624	7.72E-05
625	0.000286984
626	6.11E-05
627	0.000127957
628	5.63E-05
629	6.54E-05
630	5.91E-05
631	9.03E-05
632	6.34E-05
633	8.75E-05
634	6.02E-05
635	6.17E-05
636	0.000140044
637	8.74E-05
638	0.000100216
639	7.21E-05
640	7.05E-05
641	8.17E-05
642	6.04E-05
643	0.000132177
644	8.56E-05
645	5.29E-05
646	6.20E-05
647	6.06E-05
648	6.43E-05
649	6.87E-05
650	6.87E-05
651	6.44E-05
652	9.05E-05
653	6.55E-05
654	0.000161081
655	6.11E-05
656	7.17E-05
657	7.89E-05
658	6.15E-05
659	8.64E-05
660	8.77E-05
661	5.67E-05
662	8.87E-05
663	7.84E-05
664	8.79E-05
665	0.000103746
666	8.33E-05
667	0.000180784
668	0.00011697
669	7.60E-05
670	7.80E-05
671	8.20E-05
672	6.89E-05
673	9.50E-05
674	7.04E-05
675	9.56E-05
676	6.28E-05
677	6.46E-05
678	8.05E-05
679	6.69E-05
680	7.60E-05
681	5.86E-05
682	7.25E-05
683	6.29E-05
684	8.80E-05
685	7.14E-05
686	6.12E-05
687	0.000106076
688	7.65E-05
689	6.74E-05
690	7.09E-05
691	7.46E-05
692	5.71E-05
693	5.79E-05
694	6.00E-05
695	5.06E-05
696	5.81E-05
697	6.90E-05
698	8.61E-05
699	8.71E-05
700	6.85E-05
701	7.67E-05
702	7.49E-05
703	4.89E-05
704	5.36E-05
705	9.11E-05
706	9.61E-05
707	5.94E-05
708	6.38E-05
709	6.90E-05
710	6.20E-05
711	5.91E-05
712	7.52E-05
713	6.55E-05
714	5.19E-05
715	8.39E-05
716	6.35E-05
717	6.43E-05
718	7.50E-05
719	7.39E-05
720	7.92E-05
721	7.27E-05
722	5.94E-05
723	6.09E-05
724	6.23E-05
725	6.29E-05
726	6.49E-05
727	7.04E-05
728	5.29E-05
729	6.41E-05
730	0.000105737
731	6.38E-05
732	6.23E-05
733	7.60E-05
734	6.49E-05
735	8.70E-05
736	0.000120569
737	6.23E-05
738	7.44E-05
739	6.90E-05
740	5.59E-05
741	6.06E-05
742	9.36E-05
743	6.11E-05
744	6.45E-05
745	8.15E-05
746	7.91E-05
747	7.64E-05
748	5.86E-05
749	7.27E-05
750	8.03E-05
751	5.70E-05
752	6.29E-05
753	6.37E-05
754	5.70E-05
755	6.93E-05
756	5.76E-05
757	6.27E-05
758	5.23E-05
759	7.44E-05
760	6.00E-05
761	6.51E-05
762	7.65E-05
763	6.45E-05
764	7.41E-05
765	0.000111625
766	5.89E-05
767	5.83E-05
768	5.64E-05
769	8.41E-05
770	8.12E-05
771	0.000107449
772	5.77E-05
773	9.40E-05
774	7.85E-05
775	6.67E-05
776	9.23E-05
777	7.51E-05
778	0.000248362
779	0.000332179
780	0.000112554
781	6.35E-05
782	6.06E-05
783	6.21E-05
784	8.92E-05
785	7.44E-05
786	7.86E-05
787	0.000165295
788	0.000103054
789	0.000101051
790	6.05E-05
791	5.73E-05
792	7.05E-05
793	6.09E-05
794	6.74E-05
795	9.65E-05
796	6.10E-05
797	0.000122734
798	0.00012161
799	6.27E-05
800	7.95E-05
801	0.000297793
802	7.66E-05
803	6.76E-05
804	7.68E-05
805	7.01E-05
806	0.000206134
807	6.10E-05
808	5.21E-05
809	0.000144418
810	0.001012024
811	6.64E-05
812	6.88E-05
813	8.83E-05
814	6.42E-05
815	6.80E-05
816	0.000139114
817	8.99E-05
818	9.04E-05
819	0.000215875
820	8.73E-05
821	5.81E-05
822	6.28E-05
823	9.45E-05
824	7.09E-05
825	6.76E-05
826	9.48E-05
827	5.25E-05
828	5.67E-05
829	5.71E-05
830	0.000173521
831	8.12E-05
832	0.000101471
833	7.99E-05
834	0.000122725
835	8.75E-05
836	0.000117459
837	8.08E-05
838	6.14E-05
839	0.000367031
840	7.00E-05
841	6.86E-05
842	7.96E-05
843	6.05E-05
844	0.000115157
845	0.000106989
846	9.98E-05
847	5.65E-05
848	7.23E-05
849	6.52E-05
850	7.38E-05
851	0.00013712
852	4.41E-05
853	7.16E-05
854	6.06E-05
855	0.000101535
856	9.11E-05
857	0.00036543
858	6.89E-05
859	0.000102842
860	8.54E-05
861	6.65E-05
862	9.98E-05
863	0.000194988
864	6.41E-05
865	0.000327979
866	7.30E-05
867	0.000210118
868	9.29E-05
869	7.58E-05
870	5.87E-05
871	7.10E-05
872	7.41E-05
873	7.41E-05
874	7.25E-05
875	7.03E-05
876	6.44E-05
877	5.92E-05
878	5.41E-05
879	0.000110829
880	0.000173451
881	0.0001867
882	0.000117033
883	6.49E-05
884	6.70E-05
885	0.00010315
886	0.000149381
887	0.000110487
888	0.000103431
889	0.000171687
890	8.52E-05
891	6.44E-05
892	5.70E-05
893	6.26E-05
894	0.000142648
895	9.46E-05
896	0.000130703
897	0.000111603
898	7.04E-05
899	0.000268297
900	0.000196884
901	0.000237966
902	9.56E-05
903	5.84E-05
904	8.10E-05
905	0.000139934
906	0.000150927
907	6.69E-05
908	6.65E-05
909	7.11E-05
910	7.70E-05
911	0.000177473
912	5.79E-05
913	8.75E-05
914	7.81E-05
915	8.51E-05
916	6.99E-05
917	6.78E-05
918	6.19E-05
919	0.000138918
920	6.30E-05
921	5.41E-05
922	0.000236369
923	5.98E-05
924	7.67E-05
925	5.51E-05
926	7.74E-05
927	6.04E-05
928	6.32E-05
929	6.89E-05
930	6.34E-05
931	6.87E-05
932	6.75E-05
933	8.01E-05
934	6.28E-05
935	7.28E-05
936	0.000101498
937	9.67E-05
938	6.80E-05
939	6.98E-05
940	5.89E-05
941	8.23E-05
942	5.82E-05
943	6.78E-05
944	7.73E-05
945	7.17E-05
946	0.000109556
947	6.84E-05
948	8.04E-05
949	7.36E-05
950	8.69E-05
951	6.86E-05
952	8.75E-05
953	8.47E-05
954	0.000100003
955	0.000210556
956	8.89E-05
957	0.000104458
958	0.000105241
959	8.53E-05
960	0.000129212
961	0.000502464
962	5.82E-05
963	6.43E-05
964	0.000410765
965	0.000323895
966	0.000100307
967	9.13E-05
968	7.58E-05
969	7.07E-05
970	8.58E-05
971	8.40E-05
972	0.0001239
973	6.07E-05
974	6.77E-05
975	5.84E-05
976	9.87E-05
977	8.87E-05
978	7.01E-05
979	6.04E-05
980	8.37E-05
981	5.72E-05
982	0.00013438
983	6.12E-05
984	6.59E-05
985	5.92E-05
986	6.81E-05
987	6.06E-05
988	6.30E-05
989	6.07E-05
990	6.10E-05
991	5.86E-05
992	6.61E-05
993	9.11E-05
994	6.17E-05
995	6.23E-05
996	6.46E-05
997	7.37E-05
998	8.76E-05
999	6.11E-05
1000	6.96E-05
1001	6.79E-05
1002	7.82E-05
1003	6.73E-05
1004	6.64E-05
1005	6.70E-05
1006	8.80E-05
1007	7.35E-05
1008	0.000120112
1009	7.45E-05
1010	5.65E-05
1011	6.12E-05
1012	5.70E-05
1013	6.72E-05
1014	6.63E-05
1015	5.82E-05
1016	8.57E-05
1017	6.40E-05
1018	6.84E-05
1019	4.59E-05
1020	6.08E-05
1021	6.44E-05
1022	7.28E-05
1023	5.39E-05
1024	6.16E-05
1025	6.61E-05
1026	7.42E-05
1027	5.68E-05
1028	6.40E-05
1029	6.49E-05
1030	6.54E-05
1031	7.60E-05
1032	7.24E-05
1033	9.61E-05
1034	7.16E-05
1035	0.000131706
1036	6.41E-05
1037	7.08E-05
1038	5.79E-05
1039	6.60E-05
1040	8.58E-05
1041	8.38E-05
1042	5.47E-05
1043	6.17E-05
1044	6.42E-05
1045	5.91E-05
1046	6.49E-05
1047	6.70E-05
1048	7.29E-05
1049	7.03E-05
1050	5.87E-05
1051	7.79E-05
1052	5.72E-05
1053	9.69E-05
1054	5.70E-05
1055	6.64E-05
1056	7.14E-05
1057	0.000188013
1058	6.62E-05
1059	0.0001845
1060	8.14E-05
1061	7.39E-05
1062	8.71E-05
1063	5.72E-05
1064	0.000242161
1065	0.000217139
1066	7.53E-05
1067	0.000215002
1068	0.000193938
1069	0.000163478
1070	6.97E-05
1071	5.93E-05
1072	8.27E-05
1073	0.000200681
1074	0.000118427
1075	0.000138109
1076	0.000130831
1077	0.000129894
1078	8.15E-05
1079	9.07E-05
1080	5.40E-05
1081	7.20E-05
1082	8.98E-05
1083	0.000119511
1084	8.07E-05
1085	7.61E-05
1086	0.00017854
1087	0.000200393
1088	6.02E-05
1089	0.000301981
1090	0.000247924
1091	0.000210207
1092	8.24E-05
1093	0.000183557
1094	0.000187208
1095	0.000151474
1096	0.000120647
1097	9.85E-05
1098	0.000339315
1099	8.60E-05
1100	9.84E-05
1101	7.73E-05
1102	8.76E-05
1103	0.000130309
1104	0.000150956
1105	7.39E-05
1106	5.87E-05
1107	6.05E-05
1108	6.05E-05
1109	5.51E-05
1110	6.94E-05
1111	5.63E-05
1112	6.54E-05
1113	0.000118533
1114	6.09E-05
1115	7.76E-05
1116	5.37E-05
1117	6.45E-05
1118	0.000102923
1119	6.15E-05
1120	7.63E-05
1121	6.77E-05
1122	6.72E-05
1123	7.36E-05
1124	7.36E-05
1125	8.01E-05
1126	8.03E-05
1127	0.00014078
1128	0.000152743
1129	0.000169222
1130	0.000139286
1131	0.000117943
1132	0.000113284
1133	0.000168437
1134	5.41E-05
1135	0.000161941
1136	5.41E-05
1137	0.00030693
1138	8.25E-05
1139	9.40E-05
1140	0.000199425
1141	6.28E-05
1142	0.000105198
1143	9.48E-05
1144	6.97E-05
1145	0.000419744
1146	6.52E-05
1147	6.79E-05
1148	6.54E-05
1149	0.000103585
1150	7.69E-05
1151	6.57E-05
1152	7.33E-05
1153	0.000106635
1154	7.42E-05
1155	0.000154367
1156	6.57E-05
1157	6.28E-05
1158	6.75E-05
1159	0.000119599
1160	6.42E-05
1161	9.49E-05
1162	8.19E-05
1163	0.000109759
1164	0.000109313
1165	0.00012641
1166	8.04E-05
1167	9.65E-05
1168	7.10E-05
1169	0.000308235
1170	7.29E-05
1171	0.000158601
1172	0.000175968
1173	0.000161087
1174	0.000214183
1175	0.000146968
1176	9.95E-05
1177	0.000157554
1178	9.46E-05
1179	0.000110803
1180	0.0001073
1181	4.94E-05
1182	9.64E-05
1183	0.000155152
1184	0.000197843
1185	8.88E-05
1186	0.00015811
1187	8.08E-05
1188	6.93E-05
1189	0.000192198
1190	0.000173787
1191	0.000124353
1192	0.000206079
1193	6.95E-05
1194	0.000235279
1195	0.000114107
1196	0.000103346
1197	0.000200867
1198	8.31E-05
1199	0.00038473
1200	7.69E-05
1201	0.000226888
1202	0.000121735
1203	0.000142137
1204	0.000135266
1205	0.000176834
1206	0.000186424
1207	0.000112101
1208	0.000119722
1209	8.86E-05
1210	0.000204712
1211	6.39E-05
1212	6.71E-05
1213	5.55E-05
1214	0.00014527
1215	0.000112205
1216	0.000146219
1217	0.000237719
1218	9.02E-05
1219	8.69E-05
1220	6.14E-05
1221	0.000194707
1222	0.000215448
1223	5.94E-05
1224	0.000236119
1225	6.91E-05
1226	8.05E-05
1227	6.99E-05
1228	7.42E-05
1229	0.000110863
1230	0.000193574
1231	0.000137729
1232	5.82E-05
1233	6.84E-05
1234	5.86E-05
1235	0.000105385
1236	6.44E-05
1237	0.000177047
1238	5.79E-05
1239	6.00E-05
1240	7.51E-05
1241	7.66E-05
1242	0.000264826
1243	0.000119245
1244	0.000255013
1245	6.85E-05
1246	0.000109727
1247	9.76E-05
1248	0.00012045
1249	8.05E-05
1250	7.12E-05
1251	0.000129482
1252	5.73E-05
1253	6.00E-05
1254	5.70E-05
1255	4.92E-05
1256	6.46E-05
1257	0.000118674
1258	4.97E-05
1259	6.95E-05
1260	5.00E-05
1261	9.67E-05
1262	6.26E-05
1263	9.33E-05
1264	6.64E-05
1265	0.000639279
1266	6.22E-05
1267	6.42E-05
1268	5.34E-05
1269	6.83E-05
1270	0.000276583
1271	6.26E-05
1272	6.30E-05
1273	0.000194391
1274	6.90E-05
1275	7.51E-05
1276	8.58E-05
1277	5.99E-05
1278	0.000108094
1279	5.64E-05
1280	8.92E-05
1281	0.00016465
1282	8.98E-05
1283	6.87E-05
1284	9.12E-05
1285	7.33E-05
1286	8.02E-05
1287	8.15E-05
1288	0.000285259
1289	9.67E-05
1290	0.000131155
1291	7.84E-05
1292	9.47E-05
1293	9.38E-05
1294	0.000103954
1295	7.48E-05
1296	0.000153796
1297	0.000160201
1298	7.08E-05
1299	6.94E-05
1300	7.37E-05
1301	0.000101993
1302	7.91E-05
1303	0.000107056
1304	0.000113214
1305	9.45E-05
1306	0.000124244
1307	9.53E-05
1308	5.06E-05
1309	6.95E-05
1310	5.33E-05
1311	5.60E-05
1312	7.86E-05
1313	0.000147303
1314	0.000100914
1315	8.36E-05
1316	9.39E-05
1317	8.46E-05
1318	7.66E-05
1319	5.26E-05
1320	0.000105221
1321	0.000119326
1322	5.76E-05
1323	6.36E-05
1324	0.00013838
1325	6.60E-05
1326	0.000124474
1327	0.000119523
1328	0.000100701
1329	0.000213799
1330	6.78E-05
1331	6.85E-05
1332	0.000101312
1333	8.27E-05
1334	6.44E-05
1335	5.96E-05
1336	7.46E-05
1337	0.000107501
1338	0.000100496
1339	0.000128416
1340	7.38E-05
1341	7.88E-05
1342	0.000118488
1343	6.38E-05
1344	0.000103738
1345	9.34E-05
1346	6.35E-05
1347	6.20E-05
1348	9.73E-05
1349	0.000172463
1350	0.000109783
1351	5.47E-05
1352	6.44E-05
1353	6.48E-05
1354	5.61E-05
1355	6.44E-05
1356	7.89E-05
1357	6.77E-05
1358	0.000130425
1359	0.000199292
1360	0.000139939
1361	9.28E-05
1362	6.40E-05
1363	8.28E-05
1364	7.38E-05
1365	0.000114745
1366	0.000145291
1367	0.000171334
1368	7.95E-05
1369	8.08E-05
1370	7.07E-05
1371	0.000197853
1372	0.000104145
1373	9.54E-05
1374	7.06E-05
1375	8.49E-05
1376	0.000103738
1377	0.000103466
1378	9.18E-05
1379	0.00013178
1380	6.54E-05
1381	0.000216038
1382	6.30E-05
1383	8.86E-05
1384	0.000221096
1385	0.000135655
1386	0.000149876
1387	5.60E-05
1388	8.88E-05
1389	0.000110972
1390	0.000142015
1391	0.000156584
1392	0.000247146
1393	9.28E-05
1394	0.000172385
1395	8.74E-05
1396	0.000139457
1397	0.000178885
1398	6.69E-05
1399	7.77E-05
1400	7.51E-05
1401	7.34E-05
1402	6.61E-05
1403	6.79E-05
1404	8.35E-05
1405	7.65E-05
1406	6.39E-05
1407	0.000160998
1408	0.00026149
1409	0.000113834
1410	6.51E-05
1411	8.61E-05
1412	8.42E-05
1413	8.91E-05
1414	0.000116985
1415	7.20E-05
1416	0.000125054
1417	9.74E-05
1418	0.000187812
1419	6.62E-05
1420	7.56E-05
1421	8.89E-05
1422	0.000116009
1423	0.00050272
1424	0.000108013
1425	0.00010508
1426	0.000100368
1427	9.36E-05
1428	0.000211017
1429	7.26E-05
1430	6.11E-05
1431	6.17E-05
1432	8.74E-05
1433	0.000144415
1434	0.000121203
1435	0.000154222
1436	9.02E-05
1437	7.90E-05
1438	6.91E-05
1439	6.13E-05
1440	0.000124825
1441	0.000103698
1442	5.30E-05
1443	0.000101485
1444	0.00014633
1445	6.24E-05
1446	5.94E-05
1447	6.27E-05
1448	6.14E-05
1449	7.31E-05
1450	5.52E-05
1451	6.64E-05
1452	6.04E-05
1453	6.03E-05
1454	0.000207952
1455	7.71E-05
1456	5.36E-05
1457	6.48E-05
1458	0.000190938
1459	7.03E-05
1460	5.84E-05
1461	5.75E-05
1462	5.34E-05
1463	5.55E-05
1464	4.73E-05
1465	6.41E-05
1466	6.80E-05
1467	5.17E-05
1468	0.000176962
1469	6.42E-05
1470	6.33E-05
1471	5.20E-05
1472	7.60E-05
1473	7.15E-05
1474	6.46E-05
1475	0.000169559
1476	6.67E-05
1477	6.85E-05
1478	7.70E-05
1479	6.34E-05
1480	6.23E-05
1481	5.63E-05
1482	6.37E-05
1483	5.38E-05
1484	6.59E-05
1485	8.05E-05
1486	8.23E-05
1487	0.000153582
1488	6.59E-05
1489	6.15E-05
1490	6.23E-05
1491	9.62E-05
1492	0.000126999
1493	6.25E-05
1494	5.43E-05
1495	6.53E-05
1496	7.23E-05
1497	5.84E-05
1498	5.63E-05
1499	5.80E-05
1500	5.49E-05
1501	6.26E-05
1502	5.72E-05
1503	5.93E-05
1504	6.76E-05
1505	5.48E-05
1506	5.93E-05
1507	4.98E-05
1508	6.32E-05
1509	5.94E-05
1510	6.43E-05
1511	5.50E-05
1512	6.48E-05
1513	6.03E-05
1514	6.39E-05
1515	7.45E-05
1516	6.13E-05
1517	9.27E-05
1518	6.55E-05
1519	7.02E-05
1520	0.000135851
1521	6.13E-05
1522	6.65E-05
1523	8.32E-05
1524	7.54E-05
1525	6.27E-05
1526	0.000151539
1527	5.36E-05
1528	7.33E-05
1529	8.02E-05
1530	6.64E-05
1531	6.41E-05
1532	5.63E-05
1533	5.59E-05
1534	6.22E-05
1535	5.71E-05
1536	8.87E-05
1537	0.000165274
1538	7.69E-05
1539	0.000124202
1540	6.21E-05
1541	6.82E-05
1542	0.000295913
1543	0.000141045
1544	0.000132822
1545	6.21E-05
1546	0.000140744
1547	0.000126578
1548	0.000162602
1549	9.60E-05
1550	7.41E-05
1551	0.000134105
1552	0.000297502
1553	0.000311543
1554	0.000159134
1555	0.000103451
1556	9.26E-05
1557	0.000257678
1558	0.000104601
1559	0.000117638
1560	0.000200428
1561	9.34E-05
1562	0.000194377
1563	0.000103508
1564	8.03E-05
1565	7.00E-05
1566	0.00012771
1567	6.43E-05
1568	9.60E-05
1569	0.000114659
1570	9.61E-05
1571	0.000132918
1572	6.49E-05
1573	8.10E-05
1574	5.87E-05
1575	6.26E-05
1576	0.000106259
1577	8.38E-05
1578	0.000127745
1579	7.36E-05
1580	9.70E-05
1581	0.000152203
1582	8.41E-05
1583	0.00012198
1584	9.34E-05
1585	6.49E-05
1586	7.02E-05
1587	9.67E-05
1588	0.000161769
1589	0.000105972
1590	0.000136934
1591	0.000274635
1592	6.44E-05
1593	5.95E-05
1594	0.00011037
1595	5.60E-05
1596	6.46E-05
1597	0.000121085
1598	5.00E-05
1599	7.21E-05
1600	7.69E-05
1601	6.36E-05
1602	5.76E-05
1603	0.000327097
1604	0.000272571
1605	6.95E-05
1606	8.09E-05
1607	6.35E-05
1608	8.60E-05
1609	0.00011693
1610	8.14E-05
1611	6.79E-05
1612	5.49E-05
1613	6.93E-05
1614	7.07E-05
1615	5.91E-05
1616	6.13E-05
1617	0.00012876
1618	4.56E-05
1619	7.21E-05
1620	6.70E-05
1621	5.68E-05
1622	5.58E-05
1623	0.000148194
1624	6.23E-05
1625	0.000238697
1626	7.13E-05
1627	6.78E-05
1628	8.13E-05
1629	0.000107232
1630	7.39E-05
1631	0.000167375
1632	0.00010555
1633	6.68E-05
1634	0.000121467
1635	7.09E-05
1636	9.65E-05
1637	6.07E-05
1638	7.63E-05
1639	0.000293732
1640	0.000107209
1641	8.86E-05
1642	0.000101716
1643	6.57E-05
1644	0.000233983
1645	0.000178989
1646	0.000124789
1647	0.000187107
1648	8.95E-05
1649	6.37E-05
1650	0.000246268
1651	6.74E-05
1652	7.75E-05
1653	7.20E-05
1654	0.000107192
1655	6.49E-05
1656	0.000207947
1657	0.000215887
1658	6.51E-05
1659	0.00055773
1660	6.68E-05
1661	5.67E-05
1662	5.94E-05
1663	0.000120671
1664	0.000687738
1665	7.47E-05
1666	7.10E-05
1667	6.96E-05
1668	4.89E-05
1669	6.28E-05
1670	0.0001212
1671	5.63E-05
1672	9.70E-05
1673	6.67E-05
1674	7.28E-05
1675	6.82E-05
1676	6.79E-05
1677	7.13E-05
1678	8.47E-05
1679	0.000151866
1680	0.000138844
1681	7.65E-05
1682	6.69E-05
1683	9.49E-05
1684	0.000290562
1685	5.85E-05
1686	5.10E-05
1687	6.37E-05
1688	6.14E-05
1689	5.60E-05
1690	5.43E-05
1691	5.70E-05
1692	9.26E-05
1693	0.000208538
1694	5.89E-05
1695	5.36E-05
1696	6.15E-05
1697	5.17E-05
1698	5.70E-05
1699	8.78E-05
1700	6.75E-05
1701	5.79E-05
1702	6.80E-05
1703	7.00E-05
1704	0.000179727
1705	5.87E-05
1706	7.93E-05
1707	8.77E-05
1708	9.36E-05
1709	6.23E-05
1710	9.19E-05
1711	9.01E-05
1712	0.000120504
1713	0.000119796
1714	5.94E-05
1715	7.30E-05
1716	6.78E-05
1717	6.39E-05
1718	5.20E-05
1719	6.13E-05
1720	6.70E-05
1721	0.000167649
1722	6.53E-05
1723	0.000114679
1724	8.25E-05
1725	6.88E-05
1726	8.37E-05
1727	6.72E-05
1728	7.19E-05
1729	7.50E-05
1730	9.47E-05
1731	0.000125816
1732	7.97E-05
1733	6.99E-05
1734	0.000165501
1735	8.90E-05
1736	8.14E-05
1737	9.40E-05
1738	8.74E-05
1739	6.48E-05
1740	9.58E-05
1741	9.17E-05
1742	6.54E-05
1743	9.78E-05
1744	0.000160046
1745	0.00052478
1746	0.000209962
1747	7.34E-05
1748	5.70E-05
1749	0.000184911
1750	6.02E-05
1751	8.31E-05
1752	0.000104049
1753	9.91E-05
1754	6.15E-05
1755	0.000206581
1756	6.78E-05
1757	8.42E-05
1758	8.11E-05
1759	9.17E-05
1760	0.000158836
1761	9.15E-05
1762	0.000144735
1763	6.50E-05
1764	7.00E-05
1765	7.26E-05
1766	6.91E-05
1767	7.70E-05
1768	0.000150042
1769	6.72E-05
1770	0.000279081
1771	0.000283243
1772	0.00010066
1773	6.03E-05
1774	7.15E-05
1775	9.76E-05
1776	6.98E-05
1777	0.000154526
1778	6.09E-05
1779	0.000227637
1780	7.18E-05
1781	7.54E-05
1782	6.85E-05
1783	7.34E-05
1784	6.58E-05
1785	8.56E-05
1786	0.00012404
1787	5.71E-05
1788	5.50E-05
1789	7.56E-05
1790	0.000200896
1791	6.79E-05
1792	7.23E-05
1793	7.09E-05
1794	5.91E-05
1795	0.000140822
1796	8.49E-05
1797	6.22E-05
1798	0.000119261
1799	8.15E-05
1800	0.000106733
1801	6.75E-05
1802	6.76E-05
1803	6.12E-05
1804	7.53E-05
1805	0.000102177
1806	6.37E-05
1807	5.99E-05
1808	0.000122031
1809	6.38E-05
1810	6.27E-05
1811	6.33E-05
1812	6.27E-05
1813	6.77E-05
1814	6.47E-05
1815	6.63E-05
1816	6.09E-05
1817	7.94E-05
1818	7.61E-05
1819	8.53E-05
1820	8.27E-05
1821	0.00010208
1822	6.16E-05
1823	6.35E-05
1824	0.000173173
1825	5.95E-05
1826	0.000171393
1827	0.000712016
1828	0.000142893
1829	8.86E-05
1830	0.00011078
1831	6.88E-05
1832	8.63E-05
1833	7.29E-05
1834	5.99E-05
1835	7.19E-05
1836	0.00011481
1837	7.42E-05
1838	0.000146036
1839	9.74E-05
1840	6.85E-05
1841	8.05E-05
1842	0.000107736
1843	5.58E-05
1844	5.76E-05
1845	0.000101502
1846	0.0001393
1847	9.25E-05
1848	0.001784102
1849	0.000101655
1850	7.21E-05
1851	6.44E-05
1852	0.000192312
1853	0.000230583
1854	9.14E-05
1855	8.99E-05
1856	7.60E-05
1857	0.000113712
1858	9.65E-05
1859	0.000181097
1860	5.59E-05
1861	7.47E-05
1862	6.69E-05
1863	9.34E-05
1864	0.000107501
1865	6.38E-05
1866	0.000152104
1867	0.000111461
1868	6.61E-05
1869	0.000113246
1870	0.000122319
1871	0.000126329
1872	0.000107772
1873	0.000157222
1874	8.71E-05
1875	7.48E-05
1876	9.31E-05
1877	0.000111113
1878	0.000100426
1879	7.89E-05
1880	6.44E-05
1881	9.63E-05
1882	7.47E-05
1883	6.14E-05
1884	7.41E-05
1885	0.00010161
1886	8.58E-05
1887	0.000139852
1888	0.000156798
1889	6.86E-05
1890	6.95E-05
1891	6.52E-05
1892	6.24E-05
1893	5.32E-05
1894	9.63E-05
1895	0.000107556
1896	7.22E-05
1897	8.82E-05
1898	5.72E-05
1899	0.000100834
1900	6.60E-05
1901	0.00010016
1902	8.50E-05
1903	8.79E-05
1904	6.49E-05
1905	8.03E-05
1906	7.18E-05
1907	7.92E-05
1908	7.69E-05
1909	5.86E-05
1910	5.90E-05
1911	6.05E-05
1912	5.39E-05
1913	7.30E-05
1914	6.89E-05
1915	6.27E-05
1916	7.89E-05
1917	0.000110548
1918	7.74E-05
1919	6.26E-05
1920	9.72E-05
1921	0.000116957
1922	0.000157238
1923	0.000149236
1924	0.000127726
1925	0.000114653
1926	0.000113348
1927	0.002170834
1928	0.000109998
1929	0.00013103
1930	0.000115734
1931	0.000148926
1932	6.49E-05
1933	0.000161087
1934	9.96E-05
1935	0.000169567
1936	0.000546325
1937	0.000119623
1938	0.000101612
1939	0.000171606
1940	0.000124469
1941	0.000109549
1942	0.000137532
1943	6.83E-05
1944	9.02E-05
1945	6.10E-05
1946	5.33E-05
1947	6.10E-05
1948	0.000121662
1949	5.08E-05
1950	0.00011232
1951	0.000101202
1952	9.52E-05
1953	0.000187053
1954	0.000160476
1955	5.68E-05
1956	0.000262145
1957	0.000207176
1958	0.000109577
1959	0.000194183
1960	0.000103486
1961	0.000137097
1962	0.000138272
1963	0.000218137
1964	9.97E-05
1965	5.91E-05
1966	5.84E-05
1967	0.000161096
1968	0.000125806
1969	0.000112606
1970	6.07E-05
1971	0.000158066
1972	5.45E-05
1973	0.000227622
1974	0.000189801
1975	0.000285765
1976	6.03E-05
1977	5.62E-05
1978	0.000201138
1979	0.000160481
1980	6.61E-05
1981	7.08E-05
1982	0.000203351
1983	5.60E-05
1984	0.000144335
1985	5.85E-05
1986	0.000149307
1987	6.17E-05
1988	6.81E-05
1989	8.09E-05
1990	7.40E-05
1991	5.33E-05
1992	0.00014787
1993	7.13E-05
1994	0.000138582
1995	9.77E-05
1996	7.09E-05
1997	5.69E-05
1998	0.000137115
1999	7.13E-05
2000	6.82E-05
2001	0.0002286
2002	0.000150257
2003	0.000141283
2004	9.00E-05
2005	0.000110793
2006	0.000154552
2007	8.11E-05
2008	0.000178388
2009	0.000292263
2010	0.00013755
2011	0.000162368
2012	0.00018877
2013	0.000107612
2014	0.000193271
2015	0.000278992
2016	7.41E-05
2017	0.00157452
2018	8.01E-05
2019	0.000172721
2020	0.000126251
2021	8.00E-05
2022	6.54E-05
2023	0.000123142
2024	6.46E-05
2025	9.88E-05
2026	8.16E-05
2027	0.000282575
2028	0.000395881
2029	0.000437567
2030	0.000131773
2031	6.62E-05
2032	0.000135745
2033	7.42E-05
2034	7.14E-05
2035	5.93E-05
2036	0.000101425
2037	0.000115259
2038	0.000160534
2039	9.71E-05
2040	0.000285641
2041	7.99E-05
2042	5.61E-05
2043	0.000117184
2044	0.00013237
2045	7.97E-05
2046	0.000102536
2047	0.000138472
2048	0.000202703
2049	0.000151911
2050	0.000120849
2051	6.37E-05
2052	0.000197712
2053	8.32E-05
2054	7.21E-05
2055	0.000111325
2056	0.000144993
2057	0.000257116
2058	5.41E-05
2059	0.000129479
2060	0.000250656
2061	0.000168895
2062	6.83E-05
2063	0.000109872
2064	0.000169003
2065	0.000130428
2066	0.000149122
2067	5.46E-05
2068	6.85E-05
2069	0.000221779
2070	0.000171644
2071	0.000162836
2072	0.000279551
2073	5.83E-05
2074	0.000102804
2075	8.26E-05
2076	0.000226179
2077	9.31E-05
2078	7.94E-05
2079	0.000152207
2080	5.43E-05
2081	0.000114955
2082	7.21E-05
2083	0.000138767
2084	8.60E-05
2085	0.000185122
2086	0.000202332
2087	9.00E-05
2088	0.000102402
2089	0.00010879
2090	0.000218182
2091	8.14E-05
2092	0.000106815
2093	7.61E-05
2094	9.01E-05
2095	9.92E-05
2096	7.42E-05
2097	0.000452498
2098	0.000310887
2099	0.0001577
2100	0.000147052
2101	0.000231396
2102	0.000160111
2103	0.000311183
2104	0.000178481
2105	8.91E-05
2106	0.000182657
2107	0.000147987
2108	0.000358889
2109	8.85E-05
2110	0.000135217
2111	0.000112544
2112	0.000315111
2113	0.000482242
2114	0.000151306
2115	9.40E-05
2116	0.000192559
2117	0.000142617
2118	0.000178691
2119	0.000171047
2120	0.000148396
2121	0.000213007
2122	0.000144185
2123	0.000119334
2124	0.000138732
2125	0.000134542
2126	5.40E-05
2127	7.92E-05
2128	0.000141575
2129	7.59E-05
2130	6.07E-05
2131	5.97E-05
2132	6.64E-05
2133	0.00015875
2134	6.56E-05
2135	6.69E-05
2136	8.19E-05
2137	6.27E-05
2138	0.000150805
2139	0.000109137
2140	5.55E-05
2141	6.07E-05
2142	6.94E-05
2143	9.82E-05
2144	0.000129526
2145	7.30E-05
2146	8.45E-05
2147	7.00E-05
2148	0.000183987
2149	0.000123786
2150	7.23E-05
2151	8.27E-05
2152	0.000112574
2153	0.000103408
2154	8.71E-05
2155	7.79E-05
2156	6.58E-05
2157	0.000110254
2158	6.08E-05
2159	9.23E-05
2160	6.72E-05
2161	7.76E-05
2162	5.89E-05
2163	5.34E-05
2164	5.58E-05
2165	8.06E-05
2166	9.62E-05
2167	6.23E-05
2168	0.000143885
2169	9.50E-05
2170	9.30E-05
2171	4.86E-05
2172	6.60E-05
2173	0.000102489
2174	4.43E-05
2175	5.25E-05
2176	7.05E-05
2177	6.32E-05
2178	0.000156602
2179	0.000104088
2180	0.000109913
2181	6.86E-05
2182	7.16E-05
2183	0.000101748
2184	0.000109676
2185	6.90E-05
2186	6.40E-05
2187	7.68E-05
2188	0.000148755
2189	6.55E-05
2190	0.00012235
2191	0.000127837
2192	0.000182074
2193	0.000106595
2194	8.55E-05
2195	7.38E-05
2196	5.69E-05
2197	6.54E-05
2198	8.17E-05
2199	5.71E-05
2200	7.17E-05
2201	9.31E-05
2202	7.02E-05
2203	0.000121613
2204	0.000329359
2205	9.74E-05
2206	8.22E-05
2207	7.49E-05
2208	0.000143876
2209	0.000362212
2210	6.44E-05
2211	5.86E-05
2212	7.56E-05
2213	7.86E-05
2214	0.001289345
2215	7.80E-05
2216	0.000126815
2217	7.73E-05
2218	0.000169459
2219	5.85E-05
2220	0.000157479
2221	0.000136634
2222	0.000455502
2223	0.000142448
2224	0.000114278
2225	0.000101278
2226	7.27E-05
2227	9.92E-05
2228	5.34E-05
2229	5.74E-05
2230	8.36E-05
2231	8.65E-05
2232	5.60E-05
2233	0.000114429
2234	0.000119102
2235	0.000128267
2236	6.60E-05
2237	0.000125867
2238	6.20E-05
2239	6.16E-05
2240	6.52E-05
2241	8.69E-05
2242	7.81E-05
2243	0.000144909
2244	5.63E-05
2245	5.80E-05
2246	9.36E-05
2247	8.51E-05
2248	6.66E-05
2249	0.000117428
2250	0.000120895
2251	8.33E-05
2252	6.70E-05
2253	6.41E-05
2254	5.90E-05
2255	5.74E-05
2256	7.23E-05
2257	0.00039322
2258	0.000158747
2259	0.000142401
2260	7.91E-05
2261	6.58E-05
2262	0.00014339
2263	6.09E-05
2264	6.80E-05
2265	0.000123554
2266	7.95E-05
2267	0.000127857
2268	0.000126762
2269	6.79E-05
2270	7.54E-05
2271	6.51E-05
2272	6.38E-05
2273	0.000109614
2274	0.000132678
2275	0.000115882
2276	0.000105782
2277	9.26E-05
2278	7.38E-05
2279	7.21E-05
2280	7.40E-05
2281	0.000101041
2282	0.000142178
2283	0.000105575
2284	0.000111593
2285	7.65E-05
2286	7.48E-05
2287	0.000109786
2288	6.93E-05
2289	6.63E-05
2290	0.000157087
2291	0.000100711
2292	9.18E-05
2293	7.04E-05
2294	5.83E-05
2295	6.88E-05
2296	0.000136977
2297	0.000132012
2298	0.000127457
2299	8.83E-05
2300	0.000100852
2301	0.000150228
2302	8.70E-05
2303	7.09E-05
2304	7.72E-05
2305	6.99E-05
2306	6.21E-05
2307	7.53E-05
2308	6.96E-05
2309	9.85E-05
2310	7.70E-05
2311	0.000155224
2312	6.75E-05
2313	0.001347108
2314	7.26E-05
2315	7.15E-05
2316	6.47E-05
2317	7.50E-05
2318	8.35E-05
2319	0.000150744
2320	5.94E-05
2321	7.55E-05
2322	6.54E-05
2323	6.45E-05
2324	7.52E-05
2325	0.000204389
2326	7.28E-05
2327	0.000106155
2328	9.16E-05
2329	9.07E-05
2330	6.96E-05
2331	6.76E-05
2332	6.73E-05
2333	9.07E-05
2334	0.000105925
2335	6.83E-05
2336	0.000119106
2337	0.000141888
2338	5.61E-05
2339	7.18E-05
2340	0.000147836
2341	8.93E-05
2342	6.52E-05
2343	6.52E-05
2344	0.000188455
2345	0.0001934
2346	6.97E-05
2347	5.97E-05
2348	6.93E-05
2349	5.86E-05
2350	7.10E-05
2351	0.000103445
2352	8.25E-05
2353	0.000129916
2354	8.74E-05
2355	6.06E-05
2356	8.63E-05
2357	0.000301256
2358	5.74E-05
2359	7.15E-05
2360	0.000194292
2361	0.000109806
2362	0.000109803
2363	0.000107417
2364	7.15E-05
2365	0.000171789
2366	7.25E-05
2367	0.000107611
2368	0.000111185
2369	0.000198281
2370	0.000119082
2371	0.000151023
2372	0.00012051
2373	7.70E-05
2374	6.55E-05
2375	0.000104883
2376	8.34E-05
2377	0.00013316
2378	0.000101336
2379	0.000119169
2380	7.36E-05
2381	8.70E-05
2382	8.55E-05
2383	6.89E-05
2384	0.000136217
2385	0.000226451
2386	0.000394936
2387	7.68E-05
2388	0.000102648
2389	7.45E-05
2390	7.01E-05
2391	5.67E-05
2392	7.21E-05
2393	5.39E-05
2394	0.000113996
2395	0.000136347
2396	5.76E-05
2397	7.87E-05
2398	7.01E-05
2399	8.40E-05
2400	0.000154938
2401	7.01E-05
2402	8.94E-05
2403	0.000172034
2404	6.26E-05
2405	9.36E-05
2406	9.43E-05
2407	8.17E-05
2408	5.50E-05
2409	0.000130635
2410	0.000115461
2411	8.97E-05
2412	0.000216555
2413	7.59E-05
2414	0.000102923
2415	0.000115357
2416	6.92E-05
2417	0.000116384
2418	0.000153804
2419	5.65E-05
2420	6.30E-05
2421	8.44E-05
2422	0.000136163
2423	7.02E-05
2424	6.08E-05
2425	9.48E-05
2426	0.000105945
2427	5.39E-05
2428	7.57E-05
2429	5.61E-05
2430	9.30E-05
2431	9.35E-05
2432	5.87E-05
2433	6.47E-05
2434	9.43E-05
2435	5.39E-05
2436	8.47E-05
2437	0.000109798
2438	6.76E-05
2439	0.000130466
2440	0.00013573
2441	0.000177142
2442	0.000118687
2443	0.000164784
2444	7.02E-05
2445	0.000115906
2446	0.000168919
2447	0.000147313
2448	0.000102387
2449	0.000119016
2450	6.80E-05
2451	7.57E-05
2452	0.000154177
2453	8.23E-05
2454	6.00E-05
2455	5.90E-05
2456	0.000102207
2457	6.48E-05
2458	5.94E-05
2459	5.79E-05
2460	5.02E-05
2461	5.75E-05
2462	6.66E-05
2463	0.000111636
2464	0.000161324
2465	8.47E-05
2466	0.000102958
2467	6.97E-05
2468	6.05E-05
2469	8.32E-05
2470	5.67E-05
2471	9.57E-05
2472	0.000169505
2473	7.47E-05
2474	6.56E-05
2475	6.59E-05
2476	6.12E-05
2477	0.000100756
2478	7.30E-05
2479	0.000105963
2480	0.000133232
2481	0.000155046
2482	6.86E-05
2483	9.06E-05
2484	0.000131884
2485	6.34E-05
2486	6.91E-05
2487	0.00013943
2488	0.00012983
2489	0.000142029
2490	0.000177631
2491	9.56E-05
2492	1.00E-04
2493	8.35E-05
2494	0.000125274
2495	0.000122885
2496	0.000105446
2497	9.39E-05
2498	0.000153731
2499	0.00010235
2500	0.000150989
2501	8.23E-05
2502	9.56E-05
2503	7.93E-05
2504	0.000807517
2505	0.000252515
2506	6.48E-05
2507	0.000107794
2508	6.21E-05
2509	6.36E-05
2510	0.000103798
2511	0.000290219
2512	8.91E-05
2513	6.58E-05
2514	0.000186057
2515	6.02E-05
2516	8.11E-05
2517	0.000172934
2518	6.39E-05
2519	6.27E-05
2520	0.00010958
2521	0.000160601
2522	0.00014955
2523	6.02E-05
2524	0.000131923
2525	5.46E-05
2526	0.000267832
2527	0.000125094
2528	7.00E-05
2529	6.33E-05
2530	6.41E-05
2531	6.34E-05
2532	7.71E-05
2533	6.39E-05
2534	6.62E-05
2535	0.000262743
2536	0.00025255
2537	7.36E-05
2538	6.94E-05
2539	0.000201725
2540	0.000137315
2541	6.53E-05
2542	9.62E-05
2543	7.47E-05
2544	0.000258154
2545	5.50E-05
2546	9.92E-05
2547	0.000125959
2548	8.29E-05
2549	0.000224863
2550	6.49E-05
2551	0.000110095
2552	8.71E-05
2553	5.83E-05
2554	6.33E-05
2555	6.17E-05
2556	9.69E-05
2557	0.000192202
2558	0.000107313
2559	6.90E-05
2560	0.000171759
2561	0.000156744
2562	7.48E-05
2563	0.000156057
2564	5.18E-05
2565	0.000106125
2566	6.06E-05
2567	6.00E-05
2568	8.94E-05
2569	6.09E-05
2570	6.53E-05
2571	5.87E-05
2572	0.000129265
2573	0.000114529
2574	0.00014312
2575	6.95E-05
2576	7.40E-05
2577	5.51E-05
2578	6.85E-05
2579	0.000172599
2580	7.17E-05
2581	0.000263784
2582	0.000174164
2583	5.75E-05
2584	8.28E-05
2585	0.000245346
2586	0.000199051
2587	8.05E-05
2588	0.000117044
2589	6.64E-05
2590	5.90E-05
2591	7.93E-05
2592	0.000199466
2593	5.73E-05
2594	0.000100765
2595	8.76E-05
2596	6.73E-05
2597	6.08E-05
2598	0.000103689
2599	7.30E-05
2600	6.91E-05
2601	0.000200843
2602	6.66E-05
2603	7.16E-05
2604	6.00E-05
2605	6.26E-05
2606	6.58E-05
2607	7.57E-05
2608	0.000112648
2609	9.97E-05
2610	9.52E-05
2611	7.90E-05
2612	0.000129181
2613	8.19E-05
2614	0.000121417
2615	5.75E-05
2616	6.67E-05
2617	7.10E-05
2618	6.32E-05
2619	6.19E-05
2620	7.43E-05
2621	6.98E-05
2622	6.99E-05
2623	6.18E-05
2624	7.32E-05
2625	5.92E-05
2626	5.65E-05
2627	6.74E-05
2628	7.50E-05
2629	7.18E-05
2630	5.18E-05
2631	7.25E-05
2632	7.34E-05
2633	5.66E-05
2634	6.86E-05
2635	0.000131766
2636	7.05E-05
2637	6.79E-05
2638	6.94E-05
2639	6.75E-05
2640	9.88E-05
2641	4.66E-05
2642	6.60E-05
2643	5.82E-05
2644	7.37E-05
2645	8.42E-05
2646	6.54E-05
2647	6.37E-05
2648	6.51E-05
2649	6.10E-05
2650	5.36E-05
2651	6.12E-05
2652	7.29E-05
2653	6.25E-05
2654	7.15E-05
2655	8.04E-05
2656	0.000111899
2657	5.65E-05
2658	6.81E-05
2659	5.65E-05
2660	6.06E-05
2661	5.19E-05
2662	6.93E-05
2663	8.34E-05
2664	8.04E-05
2665	7.43E-05
2666	7.38E-05
2667	6.54E-05
2668	5.73E-05
2669	7.45E-05
2670	6.54E-05
2671	6.24E-05
2672	6.86E-05
2673	8.48E-05
2674	7.59E-05
2675	8.13E-05
2676	6.39E-05
2677	5.35E-05
2678	6.44E-05
2679	6.18E-05
2680	8.22E-05
2681	0.000110589
2682	8.57E-05
2683	8.95E-05
2684	6.83E-05
2685	6.81E-05
2686	8.66E-05
2687	6.97E-05
2688	7.21E-05
2689	0.0001469
2690	5.40E-05
2691	0.00010583
2692	7.59E-05
2693	9.67E-05
2694	7.38E-05
2695	0.000191368
2696	0.002175316
2697	0.000176989
2698	0.000106982
2699	0.000225868
2700	0.000122738
2701	7.08E-05
2702	8.07E-05
2703	6.27E-05
2704	6.51E-05
2705	0.000317416
2706	8.87E-05
2707	0.000149531
2708	0.000147013
2709	0.000186398
2710	5.95E-05
2711	0.000175007
2712	6.08E-05
2713	0.000109176
2714	5.83E-05
2715	1.00E-04
2716	0.000132406
2717	0.000143797
2718	8.15E-05
2719	0.000165806
2720	0.000199245
2721	0.000121467
2722	0.000125555
2723	0.000316595
2724	8.20E-05
2725	5.72E-05
2726	5.09E-05
2727	7.66E-05
2728	0.00013078
2729	7.06E-05
2730	0.00015363
2731	0.000241177
2732	0.000427848
2733	0.000247382
2734	0.000299666
2735	0.000335512
2736	8.76E-05
2737	0.000201079
2738	0.000198311
2739	0.000111301
2740	0.000129997
2741	0.000158618
2742	6.66E-05
2743	9.40E-05
2744	0.000279621
2745	6.09E-05
2746	6.15E-05
2747	5.93E-05
2748	5.79E-05
2749	5.72E-05
2750	8.59E-05
2751	6.32E-05
2752	0.000313652
2753	0.000151159
2754	0.000120693
2755	7.81E-05
2756	5.68E-05
2757	9.28E-05
2758	0.000176013
2759	0.000211613
2760	5.88E-05
2761	0.000152919
2762	0.000109371
2763	0.000167732
2764	0.000138142
2765	7.12E-05
2766	0.000107397
2767	5.62E-05
2768	7.26E-05
2769	0.000105882
2770	0.000112193
2771	0.000218722
2772	0.000223931
2773	9.03E-05
2774	9.30E-05
2775	9.61E-05
2776	5.67E-05
2777	7.17E-05
2778	6.65E-05
2779	7.30E-05
2780	0.000166683
2781	6.94E-05
2782	6.62E-05
2783	6.20E-05
2784	6.18E-05
2785	6.50E-05
2786	0.000140265
2787	7.01E-05
2788	0.000400885
2789	0.000104407
2790	7.77E-05
2791	6.28E-05
2792	0.000259502
2793	7.17E-05
2794	9.43E-05
2795	8.79E-05
2796	0.000328385
2797	9.16E-05
2798	9.23E-05
2799	6.11E-05
2800	6.57E-05
2801	0.000162428
2802	8.15E-05
2803	9.53E-05
2804	5.20E-05
2805	9.66E-05
2806	7.87E-05
2807	9.25E-05
2808	5.82E-05
2809	9.99E-05
2810	4.78E-05
2811	0.000103409
2812	0.000102391
2813	5.75E-05
2814	5.51E-05
2815	8.45E-05
2816	6.17E-05
2817	6.56E-05
2818	0.000155673
2819	9.27E-05
2820	0.000144877
2821	0.000116403
2822	9.77E-05
2823	7.94E-05
2824	6.47E-05
2825	5.58E-05
2826	0.000105202
2827	0.000220367
2828	0.000101581
2829	9.01E-05
2830	7.58E-05
2831	9.38E-05
2832	5.52E-05
2833	5.17E-05
2834	6.27E-05
2835	5.68E-05
2836	5.82E-05
2837	5.73E-05
2838	4.88E-05
2839	0.000188458
2840	5.88E-05
2841	4.99E-05
2842	0.000112241
2843	5.91E-05
2844	6.08E-05
2845	5.88E-05
2846	0.000105318
2847	8.26E-05
2848	0.000113744
2849	0.000111505
2850	0.000162248
2851	0.000159269
2852	7.74E-05
2853	9.48E-05
2854	0.000109258
2855	0.000148674
2856	8.53E-05
2857	0.000106826
2858	9.43E-05
2859	6.76E-05
2860	0.000113913
2861	7.93E-05
2862	8.21E-05
2863	9.52E-05
2864	0.000116694
2865	7.13E-05
2866	7.29E-05
2867	0.000178792
2868	0.000115321
2869	7.88E-05
2870	6.32E-05
2871	7.57E-05
2872	5.88E-05
2873	0.000101141
2874	6.93E-05
2875	6.64E-05
2876	0.000196541
2877	6.08E-05
2878	6.75E-05
2879	5.91E-05
2880	7.80E-05
2881	6.45E-05
2882	6.48E-05
2883	6.76E-05
2884	0.000107122
2885	0.000150953
2886	9.32E-05
2887	0.000118259
2888	8.11E-05
2889	0.000213005
2890	0.000139319
2891	6.35E-05
2892	6.64E-05
2893	4.88E-05
2894	0.000135236
2895	8.51E-05
2896	0.00023618
2897	0.000109889
2898	8.06E-05
2899	5.83E-05
2900	8.47E-05
2901	9.70E-05
2902	0.000129715
2903	0.000114922
2904	7.29E-05
2905	6.82E-05
2906	5.72E-05
2907	0.000113976
2908	8.50E-05
2909	0.0001003
2910	7.59E-05
2911	0.000131247
2912	0.000106245
2913	8.11E-05
2914	6.94E-05
2915	0.000157
2916	0.000217943
2917	6.62E-05
2918	6.18E-05
2919	7.99E-05
2920	8.98E-05
2921	7.98E-05
2922	8.57E-05
2923	0.000141888
2924	7.85E-05
2925	0.000107204
2926	0.000105122
2927	0.000143859
2928	0.000184525
2929	9.41E-05
2930	5.68E-05
2931	6.37E-05
2932	6.17E-05
2933	5.56E-05
2934	6.26E-05
2935	7.69E-05
2936	8.11E-05
2937	6.10E-05
2938	6.24E-05
2939	7.17E-05
2940	7.30E-05
2941	6.87E-05
2942	7.78E-05
2943	6.83E-05
2944	9.43E-05
2945	0.000102753
2946	0.000127892
2947	0.000107731
2948	7.80E-05
2949	0.000167148
2950	6.32E-05
2951	0.000130039
2952	8.11E-05
2953	6.12E-05
2954	0.000126065
2955	0.000119524
2956	6.16E-05
2957	0.000115188
2958	0.000105861
2959	0.000140015
2960	9.37E-05
2961	7.59E-05
2962	8.73E-05
2963	8.59E-05
2964	5.22E-05
2965	6.48E-05
2966	8.06E-05
2967	6.14E-05
2968	7.48E-05
2969	7.48E-05
2970	8.11E-05
2971	6.93E-05
2972	0.000127385
2973	6.64E-05
2974	8.34E-05
2975	8.02E-05
2976	0.002211693
2977	0.000103474
2978	6.76E-05
2979	5.70E-05
2980	0.000101381
2981	6.22E-05
2982	9.76E-05
2983	6.57E-05
2984	6.21E-05
2985	9.91E-05
2986	0.000127586
2987	6.25E-05
2988	7.08E-05
2989	5.83E-05
2990	5.59E-05
2991	6.46E-05
2992	6.77E-05
2993	0.000103702
2994	6.09E-05
2995	6.53E-05
2996	7.62E-05
2997	9.46E-05
2998	6.14E-05
2999	7.06E-05
3000	6.54E-05
3001	0.000191425
3002	8.98E-05
3003	8.05E-05
3004	7.38E-05
3005	4.89E-05
3006	5.18E-05
3007	8.66E-05
3008	0.000107083
3009	7.05E-05
3010	6.09E-05
3011	0.000119704
3012	9.13E-05
3013	7.81E-05
3014	0.000123122
3015	8.28E-05
3016	0.00010568
3017	0.00012728
3018	0.00013276
3019	9.74E-05
3020	7.25E-05
3021	7.62E-05
3022	6.53E-05
3023	0.000108572
3024	0.000143739
3025	0.000105469
3026	0.000188777
3027	0.000109741
3028	9.31E-05
3029	8.24E-05
3030	6.10E-05
3031	9.70E-05
3032	0.000164138
3033	0.000135997
3034	9.14E-05
3035	5.50E-05
3036	6.28E-05
3037	6.72E-05
3038	5.35E-05
3039	6.62E-05
3040	0.000102118
3041	0.000159557
3042	7.20E-05
3043	0.000130169
3044	7.16E-05
3045	8.00E-05
3046	8.27E-05
3047	7.02E-05
3048	5.12E-05
3049	0.000675779
3050	0.000688704
3051	7.87E-05
3052	8.38E-05
3053	9.16E-05
3054	6.17E-05
3055	8.31E-05
3056	0.000138446
3057	0.000107641
3058	0.000330465
3059	8.88E-05
3060	7.14E-05
3061	5.92E-05
3062	7.82E-05
3063	6.85E-05
3064	7.52E-05
3065	0.000105919
3066	8.68E-05
3067	0.000149303
3068	0.000101813
3069	0.000116948
3070	0.000132562
3071	0.000128747
3072	0.000436763
3073	6.22E-05
3074	5.99E-05
3075	5.94E-05
3076	9.50E-05
3077	0.000212386
3078	7.80E-05
3079	6.14E-05
3080	6.83E-05
3081	0.000103595
3082	5.86E-05
3083	6.55E-05
3084	6.55E-05
3085	6.60E-05
3086	0.000832711
3087	9.77E-05
3088	6.37E-05
3089	0.000147529
3090	8.82E-05
3091	7.04E-05
3092	0.000341401
3093	9.09E-05
3094	0.000168728
3095	0.005601825
3096	7.59E-05
3097	7.62E-05
3098	0.000109165
3099	0.00010877
3100	7.43E-05
3101	6.96E-05
3102	0.000354972
3103	0.000174443
3104	0.000894371
3105	0.000138944
3106	6.58E-05
3107	7.06E-05
3108	8.70E-05
3109	0.000101691
3110	9.49E-05
3111	0.000293212
3112	0.000724622
3113	0.000141947
3114	0.000171706
3115	7.80E-05
3116	0.000157247
3117	9.03E-05
3118	0.000129869
3119	0.000123095
3120	0.000532096
3121	6.56E-05
3122	5.25E-05
3123	0.000102344
3124	6.91E-05
3125	5.92E-05
3126	5.69E-05
3127	0.000117298
3128	0.000190776
3129	7.62E-05
3130	7.55E-05
3131	6.35E-05
3132	6.08E-05
3133	6.83E-05
3134	0.000124109
3135	0.000102938
3136	6.24E-05
3137	5.78E-05
3138	5.30E-05
3139	8.77E-05
3140	8.41E-05
3141	0.000234454
3142	7.75E-05
3143	0.000242373
3144	6.69E-05
3145	6.47E-05
3146	9.92E-05
3147	8.15E-05
3148	8.39E-05
3149	7.27E-05
3150	0.000142564
3151	0.000358989
3152	6.67E-05
3153	5.55E-05
3154	7.19E-05
3155	9.62E-05
3156	6.75E-05
3157	5.99E-05
3158	8.57E-05
3159	9.14E-05
3160	0.000325264
3161	0.000148128
3162	0.000129352
3163	7.36E-05
3164	0.000145685
3165	9.01E-05
3166	7.91E-05
3167	0.000164346
3168	0.000152082
3169	7.92E-05
3170	8.25E-05
3171	6.14E-05
3172	7.56E-05
3173	6.36E-05
3174	5.53E-05
3175	7.33E-05
3176	7.47E-05
3177	6.94E-05
3178	7.82E-05
3179	5.81E-05
3180	0.0002327
3181	9.89E-05
3182	0.000136085
3183	0.000547211
3184	7.69E-05
3185	9.09E-05
3186	5.80E-05
3187	0.000151048
3188	0.000151674
3189	6.53E-05
3190	7.43E-05
3191	9.03E-05
3192	0.000119213
3193	7.42E-05
3194	5.29E-05
3195	8.52E-05
3196	6.55E-05
3197	0.000108151
3198	5.62E-05
3199	0.000114425
3200	0.000152485
3201	0.000149864
3202	0.000156331
3203	6.87E-05
3204	6.79E-05
3205	7.07E-05
3206	7.51E-05
3207	0.000318451
3208	0.000258899
3209	9.18E-05
3210	7.64E-05
3211	6.34E-05
3212	7.17E-05
3213	7.70E-05
3214	7.36E-05
3215	9.02E-05
3216	0.000140864
3217	8.00E-05
3218	6.16E-05
3219	6.16E-05
3220	0.000103508
3221	6.66E-05
3222	6.83E-05
3223	9.28E-05
3224	0.000117657
3225	0.000141768
3226	5.97E-05
3227	5.54E-05
3228	6.18E-05
3229	6.42E-05
3230	7.64E-05
3231	6.53E-05
3232	0.000103941
3233	6.47E-05
3234	6.43E-05
3235	7.06E-05
3236	6.78E-05
3237	5.76E-05
3238	6.51E-05
3239	0.00014057
3240	0.000193663
3241	0.000188129
3242	9.56E-05
3243	9.66E-05
3244	0.000111416
3245	9.89E-05
3246	6.17E-05
3247	8.41E-05
3248	7.65E-05
3249	6.56E-05
3250	7.55E-05
3251	6.47E-05
3252	5.94E-05
3253	0.000222952
3254	0.000133925
3255	0.000162587
3256	0.000102837
3257	7.58E-05
3258	6.59E-05
3259	9.17E-05
3260	6.53E-05
3261	7.31E-05
3262	0.000108886
3263	0.000180322
3264	0.000112208
3265	0.000112082
3266	5.75E-05
3267	0.000410313
3268	0.000102967
3269	6.15E-05
3270	5.83E-05
3271	6.23E-05
3272	0.000105879
3273	7.57E-05
3274	0.000216057
3275	0.000120577
3276	0.000166361
3277	8.47E-05
3278	7.39E-05
3279	0.00012159
3280	7.07E-05
3281	8.47E-05
3282	8.99E-05
3283	7.25E-05
3284	0.000105926
3285	7.55E-05
3286	7.22E-05
3287	0.000407427
3288	6.16E-05
3289	5.99E-05
3290	0.000126869
3291	9.26E-05
3292	8.48E-05
3293	0.00072222
3294	0.00011458
3295	9.90E-05
3296	0.000172308
3297	0.000167369
3298	0.000187263
3299	0.000112039
3300	6.90E-05
3301	7.95E-05
3302	7.44E-05
3303	9.82E-05
3304	0.000134724
3305	5.93E-05
3306	5.43E-05
3307	5.97E-05
3308	0.000100216
3309	0.000166297
3310	8.05E-05
3311	7.41E-05
3312	0.00010421
3313	6.15E-05
3314	5.69E-05
3315	6.85E-05
3316	6.74E-05
3317	6.89E-05
3318	6.84E-05
3319	9.80E-05
3320	0.000262165
3321	6.00E-05
3322	7.86E-05
3323	6.20E-05
3324	6.94E-05
3325	0.000140801
3326	7.74E-05
3327	7.52E-05
3328	0.000148357
3329	5.93E-05
3330	5.42E-05
3331	7.85E-05
3332	0.000105859
3333	0.000273404
3334	8.12E-05
3335	6.82E-05
3336	0.000139594
3337	6.97E-05
3338	6.88E-05
3339	6.47E-05
3340	9.17E-05
3341	7.51E-05
3342	8.85E-05
3343	9.55E-05
3344	9.78E-05
3345	0.000126867
3346	5.75E-05
3347	5.56E-05
3348	7.54E-05
3349	6.08E-05
3350	6.29E-05
3351	0.000190106
3352	0.000159832
3353	0.000156371
3354	9.01E-05
3355	7.28E-05
3356	7.56E-05
3357	7.46E-05
3358	9.60E-05
3359	0.000181659
3360	0.00014333
3361	8.40E-05
3362	6.64E-05
3363	6.42E-05
3364	6.42E-05
3365	7.79E-05
3366	6.38E-05
3367	5.74E-05
3368	0.000308915
3369	7.29E-05
3370	8.92E-05
3371	7.03E-05
3372	6.11E-05
3373	9.58E-05
3374	9.86E-05
3375	5.61E-05
3376	7.42E-05
3377	8.78E-05
3378	5.94E-05
3379	7.70E-05
3380	0.000100734
3381	6.51E-05
3382	6.16E-05
3383	8.30E-05
3384	0.000106863
3385	5.22E-05
3386	6.82E-05
3387	6.76E-05
3388	5.71E-05
3389	7.74E-05
3390	0.000142867
3391	7.77E-05
3392	8.50E-05
3393	9.13E-05
3394	6.81E-05
3395	6.35E-05
3396	7.23E-05
3397	7.98E-05
3398	5.97E-05
3399	7.76E-05
3400	7.98E-05
3401	9.79E-05
3402	5.97E-05
3403	6.28E-05
3404	6.84E-05
3405	0.000101509
3406	0.000103626
3407	8.86E-05
3408	0.000140981
3409	6.56E-05
3410	5.73E-05
3411	6.82E-05
3412	0.000100472
3413	9.11E-05
3414	7.29E-05
3415	8.92E-05
3416	9.82E-05
3417	5.61E-05
3418	7.47E-05
3419	6.39E-05
3420	6.10E-05
3421	7.15E-05
3422	8.85E-05
3423	6.36E-05
3424	6.29E-05
3425	6.27E-05
3426	7.16E-05
3427	0.000121256
3428	0.000114711
3429	9.51E-05
3430	8.98E-05
3431	6.72E-05
3432	6.20E-05
3433	6.05E-05
3434	6.48E-05
3435	7.17E-05
3436	9.32E-05
3437	9.50E-05
3438	8.31E-05
3439	7.90E-05
3440	0.000103036
3441	6.90E-05
3442	5.34E-05
3443	6.97E-05
3444	7.24E-05
3445	6.95E-05
3446	8.75E-05
3447	8.03E-05
3448	0.000140944
3449	6.96E-05
3450	0.00019148
3451	0.000106195
3452	0.000186063
3453	0.000232195
3454	6.42E-05
3455	7.21E-05
3456	0.000173133
3457	0.000111073
3458	0.000356688
3459	9.50E-05
3460	0.00013995
3461	5.88E-05
3462	7.28E-05
3463	9.30E-05
3464	5.96E-05
3465	0.000140641
3466	5.81E-05
3467	5.27E-05
3468	0.000172686
3469	0.000192476
3470	0.000110333
3471	0.000102799
3472	0.000109791
3473	0.000168007
3474	6.82E-05
3475	7.26E-05
3476	0.000254603
3477	8.56E-05
3478	0.000189187
3479	0.000226473
3480	0.000133875
3481	6.23E-05
3482	5.34E-05
3483	6.56E-05
3484	5.92E-05
3485	7.62E-05
3486	7.39E-05
3487	0.00014389
3488	0.000170204
3489	0.000177515
3490	0.00026891
3491	0.000150636
3492	9.64E-05
3493	7.52E-05
3494	0.000116987
3495	0.000111853
3496	6.66E-05
3497	8.55E-05
3498	7.50E-05
3499	0.000522284
3500	6.21E-05
3501	6.85E-05
3502	7.21E-05
3503	0.000124038
3504	0.000115642
3505	8.94E-05
3506	6.84E-05
3507	0.000121123
3508	6.21E-05
3509	6.24E-05
3510	0.000118459
3511	7.85E-05
3512	0.000112059
3513	5.66E-05
3514	5.38E-05
3515	4.58E-05
3516	0.00011708
3517	6.88E-05
3518	6.73E-05
3519	6.03E-05
3520	6.43E-05
3521	5.92E-05
3522	0.000138455
3523	0.000112411
3524	8.27E-05
3525	8.67E-05
3526	0.000168746
3527	0.000102766
3528	7.78E-05
3529	7.35E-05
3530	7.06E-05
3531	0.00014272
3532	8.52E-05
3533	0.000115288
3534	7.19E-05
3535	0.000186396
3536	8.08E-05
3537	9.86E-05
3538	7.34E-05
3539	6.21E-05
3540	7.44E-05
3541	9.73E-05
3542	0.000119064
3543	7.03E-05
3544	8.49E-05
3545	9.63E-05
3546	7.38E-05
3547	6.66E-05
3548	6.30E-05
3549	0.00010285
3550	0.000100938
3551	0.000200272
3552	7.20E-05
3553	9.93E-05
3554	8.44E-05
3555	6.24E-05
3556	6.90E-05
3557	6.53E-05
3558	5.82E-05
3559	0.000100347
3560	7.15E-05
3561	0.000133254
3562	8.03E-05
3563	6.53E-05
3564	0.00032611
3565	0.000644066
3566	0.001032146
3567	0.000118227
3568	8.97E-05
3569	0.00014254
3570	7.36E-05
3571	6.49E-05
3572	9.49E-05
3573	0.000243653
3574	0.0002142
3575	0.003106553
3576	0.003676545
3577	0.000110351
3578	0.000147949
3579	0.000179458
3580	0.000164251
3581	0.000143622
3582	0.000148622
3583	0.001674045
3584	0.000104291
3585	7.69E-05
3586	0.000109776
3587	0.000110583
3588	7.74E-05
3589	0.000323905
3590	0.000131831
3591	0.00020124
3592	9.03E-05
3593	0.000113119
3594	0.000191355
3595	7.54E-05
3596	6.62E-05
3597	0.000269805
3598	0.000287472
3599	0.00047071
3600	0.000104434
3601	0.000115182
3602	8.78E-05
3603	7.63E-05
3604	6.35E-05
3605	8.23E-05
3606	6.95E-05
3607	6.57E-05
3608	0.00051285
3609	8.09E-05
3610	9.30E-05
3611	5.33E-05
3612	6.69E-05
3613	6.89E-05
3614	0.000265419
3615	6.00E-05
3616	5.88E-05
3617	6.74E-05
3618	7.47E-05
3619	7.78E-05
3620	8.16E-05
3621	7.85E-05
3622	6.23E-05
3623	0.000122107
3624	8.63E-05
3625	7.86E-05
3626	5.89E-05
3627	7.57E-05
3628	6.79E-05
3629	5.17E-05
3630	0.000105564
3631	0.000102692
3632	8.06E-05
3633	0.000119415
3634	5.23E-05
3635	5.77E-05
3636	6.42E-05
3637	6.65E-05
3638	6.33E-05
3639	5.81E-05
3640	0.000146078
3641	0.000147658
3642	7.87E-05
3643	0.000124635
3644	9.96E-05
3645	0.000290936
3646	8.00E-05
3647	0.000102782
3648	0.000147378
3649	0.000145696
3650	7.88E-05
3651	7.06E-05
3652	0.000111526
3653	9.93E-05
3654	5.99E-05
3655	6.58E-05
3656	6.53E-05
3657	0.000138037
3658	0.000108428
3659	6.41E-05
3660	0.000136794
3661	5.90E-05
3662	9.11E-05
3663	6.09E-05
3664	6.53E-05
3665	6.33E-05
3666	5.90E-05
3667	7.34E-05
3668	9.55E-05
3669	7.47E-05
3670	7.28E-05
3671	0.000185669
3672	8.25E-05
3673	6.42E-05
3674	9.62E-05
3675	7.67E-05
3676	8.23E-05
3677	0.000114789
3678	6.03E-05
3679	0.000169626
3680	0.000123506
3681	7.43E-05
3682	0.000105886
3683	9.56E-05
3684	6.75E-05
3685	6.71E-05
3686	6.18E-05
3687	7.96E-05
3688	8.25E-05
3689	6.73E-05
3690	8.54E-05
3691	6.52E-05
3692	6.01E-05
3693	8.24E-05
3694	9.40E-05
3695	7.24E-05
3696	8.11E-05
3697	5.64E-05
3698	6.42E-05
3699	7.21E-05
3700	0.000104075
3701	7.78E-05
3702	6.44E-05
3703	6.28E-05
3704	8.90E-05
3705	6.29E-05
3706	5.78E-05
3707	5.99E-05
3708	0.000123752
3709	0.000103955
3710	7.94E-05
3711	7.24E-05
3712	6.46E-05
3713	5.79E-05
3714	6.80E-05
3715	0.000129294
3716	6.19E-05
3717	0.000121249
3718	7.08E-05
3719	7.77E-05
3720	7.30E-05
3721	4.53E-05
3722	5.53E-05
3723	6.46E-05
3724	8.09E-05
3725	6.66E-05
3726	7.40E-05
3727	7.91E-05
3728	6.56E-05
3729	7.55E-05
3730	8.34E-05
3731	0.000127239
3732	5.28E-05
3733	0.000171649
3734	8.62E-05
3735	4.92E-05
3736	8.36E-05
3737	0.000114856
3738	0.000158519
3739	0.000129685
3740	0.00021515
3741	0.000182072
3742	9.15E-05
3743	6.68E-05
3744	8.64E-05
3745	0.000174839
3746	0.000121998
3747	8.06E-05
3748	8.55E-05
3749	6.02E-05
3750	7.45E-05
3751	8.83E-05
3752	0.000147618
3753	6.00E-05
3754	7.47E-05
3755	0.000140421
3756	6.72E-05
3757	6.03E-05
3758	7.79E-05
3759	7.28E-05
3760	7.41E-05
3761	6.20E-05
3762	5.41E-05
3763	6.04E-05
3764	6.42E-05
3765	0.000101597
3766	8.86E-05
3767	7.79E-05
3768	0.000101096
3769	8.51E-05
3770	0.000111578
3771	8.42E-05
3772	7.79E-05
3773	0.000139042
3774	0.000105303
3775	0.000148295
3776	0.00010974
3777	7.47E-05
3778	9.48E-05
3779	7.80E-05
3780	0.000123049
3781	6.87E-05
3782	6.84E-05
3783	0.00042105
3784	0.000155926
3785	7.41E-05
3786	0.000114833
3787	6.99E-05
3788	9.36E-05
3789	6.19E-05
3790	7.33E-05
3791	7.95E-05
3792	0.000106959
3793	7.62E-05
3794	8.59E-05
3795	7.81E-05
3796	6.64E-05
3797	6.48E-05
3798	5.81E-05
3799	6.21E-05
3800	9.67E-05
3801	5.85E-05
3802	6.51E-05
3803	6.59E-05
3804	6.36E-05
3805	0.000167274
3806	6.49E-05
3807	6.55E-05
3808	0.00017614
3809	6.96E-05
3810	9.15E-05
3811	0.000110695
3812	7.00E-05
3813	7.60E-05
3814	6.99E-05
3815	6.25E-05
3816	7.21E-05
3817	5.57E-05
3818	5.25E-05
3819	0.0001129
3820	0.000131121
3821	6.59E-05
3822	0.000100122
3823	0.000278284
3824	7.42E-05
3825	7.25E-05
3826	5.58E-05
3827	6.38E-05
3828	7.50E-05
3829	7.52E-05
3830	8.95E-05
3831	6.04E-05
3832	0.000123801
3833	0.000105361
3834	8.09E-05
3835	9.26E-05
3836	8.19E-05
3837	8.69E-05
3838	0.000110852
3839	6.09E-05
3840	0.000121908
3841	0.000124194
3842	8.07E-05
3843	7.99E-05
3844	0.000105181
3845	0.000138208
3846	9.13E-05
3847	6.15E-05
3848	9.25E-05
3849	8.09E-05
3850	8.55E-05
3851	6.01E-05
3852	0.00044713
3853	0.000143167
3854	6.99E-05
3855	9.78E-05
3856	0.000114964
3857	6.70E-05
3858	0.000133065
3859	0.000112427
3860	0.000254577
3861	5.94E-05
3862	0.000396237
3863	8.86E-05
3864	9.14E-05
3865	6.87E-05
3866	8.54E-05
3867	6.20E-05
3868	0.000141143
3869	0.000153335
3870	5.99E-05
3871	6.87E-05
3872	0.00027906
3873	6.56E-05
3874	0.00010513
3875	6.81E-05
3876	0.000145965
3877	9.06E-05
3878	0.000102595
3879	9.02E-05
3880	9.65E-05
3881	7.37E-05
3882	0.000140696
3883	0.000336301
3884	0.000101521
3885	7.78E-05
3886	8.09E-05
3887	0.000110436
3888	9.18E-05
3889	7.67E-05
3890	0.0001135
3891	6.31E-05
3892	9.49E-05
3893	7.10E-05
3894	7.87E-05
3895	6.73E-05
3896	9.90E-05
3897	5.53E-05
3898	5.71E-05
3899	8.17E-05
3900	6.40E-05
3901	8.93E-05
3902	7.02E-05
3903	8.65E-05
3904	6.91E-05
3905	7.31E-05
3906	6.94E-05
3907	6.64E-05
3908	5.82E-05
3909	6.30E-05
3910	9.33E-05
3911	9.61E-05
3912	5.91E-05
3913	5.89E-05
3914	5.71E-05
3915	7.00E-05
3916	8.77E-05
3917	0.000212705
3918	7.98E-05
3919	8.53E-05
3920	0.000104808
3921	7.34E-05
3922	8.01E-05
3923	5.57E-05
3924	6.09E-05
3925	0.000148756
3926	6.51E-05
3927	7.49E-05
3928	7.84E-05
3929	5.89E-05
3930	5.79E-05
3931	6.47E-05
3932	0.000240645
3933	0.000156023
3934	0.000140128
3935	7.15E-05
3936	0.000195172
3937	0.00025027
3938	0.000109142
3939	0.000116345
3940	6.38E-05
3941	7.11E-05
3942	7.72E-05
3943	7.54E-05
3944	6.13E-05
3945	0.000176496
3946	0.000141321
3947	8.68E-05
3948	0.000100862
3949	7.06E-05
3950	9.93E-05
3951	5.75E-05
3952	0.000130469
3953	0.000138195
3954	0.00020566
3955	0.000131232
3956	0.000170763
3957	0.000100845
3958	0.000147157
3959	9.04E-05
3960	0.000235134
3961	0.000108706
3962	0.000122655
3963	7.96E-05
3964	8.23E-05
3965	0.000210251
3966	0.000151576
3967	0.000134021
3968	0.000129417
3969	0.000152125
3970	0.00016009
3971	7.42E-05
3972	0.000135716
3973	0.000110709
3974	0.000139957
3975	0.000126575
3976	0.000110844
3977	8.39E-05
3978	8.42E-05
3979	0.000117733
3980	9.24E-05
3981	6.31E-05
3982	7.00E-05
3983	0.000102556
3984	0.000764918
3985	6.21E-05
3986	6.09E-05
3987	6.29E-05
3988	0.000295565
3989	7.74E-05
3990	8.00E-05
3991	7.82E-05
3992	9.47E-05
3993	5.44E-05
3994	0.000126023
3995	6.09E-05
3996	7.75E-05
3997	6.99E-05
3998	7.84E-05
3999	0.00012026
4000	6.78E-05
4001	7.01E-05
4002	9.24E-05
4003	8.81E-05
4004	6.70E-05
4005	6.01E-05
4006	6.37E-05
4007	7.79E-05
4008	0.000101431
4009	7.40E-05
4010	8.66E-05
4011	9.03E-05
4012	0.000239124
4013	6.90E-05
4014	5.27E-05
4015	0.000172761
4016	9.56E-05
4017	5.91E-05
4018	6.39E-05
4019	8.53E-05
4020	8.62E-05
4021	0.001461905
4022	0.000139732
4023	7.24E-05
4024	0.000134754
4025	5.45E-05
4026	6.30E-05
4027	6.10E-05
4028	7.36E-05
4029	0.000126779
4030	0.000132899
4031	0.000142655
4032	0.000158353
4033	8.69E-05
4034	6.88E-05
4035	0.001299521
4036	8.69E-05
4037	8.17E-05
4038	7.20E-05
4039	7.77E-05
4040	7.84E-05
4041	5.98E-05
4042	0.000368725
4043	0.000189854
4044	0.000255292
4045	7.19E-05
4046	7.28E-05
4047	8.75E-05
4048	8.28E-05
4049	0.0001873
4050	8.72E-05
4051	7.15E-05
4052	8.86E-05
4053	6.36E-05
4054	0.000120611
4055	9.93E-05
4056	0.000673992
4057	0.000361452
4058	0.00017954
4059	0.00028657
4060	0.000126076
4061	6.90E-05
4062	0.000206441
4063	6.62E-05
4064	0.000450959
4065	9.35E-05
4066	0.00016057
4067	6.75E-05
4068	0.000108906
4069	0.000110927
4070	0.000120529
4071	7.64E-05
4072	0.00013509
4073	7.77E-05
4074	6.50E-05
4075	6.48E-05
4076	0.001583056
4077	0.00012282
4078	8.75E-05
4079	9.59E-05
4080	0.000180515
4081	7.86E-05
4082	7.50E-05
4083	6.27E-05
4084	0.000116212
4085	0.000100404
4086	0.000147049
4087	0.000105489
4088	9.55E-05
4089	7.15E-05
4090	0.000117063
4091	6.97E-05
4092	0.000105664
4093	0.000181784
4094	0.000118948
4095	7.98E-05
4096	9.20E-05
4097	0.000101052
4098	6.95E-05
4099	6.48E-05
4100	0.000194659
4101	0.000223469
4102	7.56E-05
4103	6.29E-05
4104	0.000194685
4105	6.44E-05
4106	7.65E-05
4107	7.91E-05
4108	0.000102356
4109	0.000348772
4110	6.20E-05
4111	0.000354299
4112	0.000188356
4113	6.50E-05
4114	8.49E-05
4115	8.04E-05
4116	5.84E-05
4117	0.000180618
4118	0.000102575
4119	0.00012227
4120	6.60E-05
4121	6.10E-05
4122	0.00022424
4123	7.31E-05
4124	6.85E-05
4125	5.38E-05
4126	0.00012485
4127	0.00011911
4128	0.000304135
4129	0.000163212
4130	0.000199217
4131	7.42E-05
4132	5.97E-05
4133	0.000160142
4134	0.000156124
4135	7.24E-05
4136	0.000219026
4137	6.09E-05
4138	0.000260474
4139	0.000288312
4140	0.00044644
4141	7.25E-05
4142	0.000152811
4143	0.000286717
4144	0.000105036
4145	0.000245701
4146	0.000186224
4147	9.28E-05
4148	0.00055611
4149	0.000191551
4150	0.000132902
4151	6.81E-05
4152	7.04E-05
4153	4.92E-05
4154	0.000120425
4155	0.000102688
4156	7.21E-05
4157	0.000148647
4158	0.000142035
4159	0.000269727
4160	6.40E-05
4161	0.000116271
4162	6.29E-05
4163	0.000326507
4164	6.50E-05
4165	8.67E-05
4166	7.75E-05
4167	0.000113356
4168	7.64E-05
4169	8.71E-05
4170	7.03E-05
4171	0.000106038
4172	6.96E-05
4173	0.000109951
4174	6.58E-05
4175	7.66E-05
4176	6.06E-05
4177	5.44E-05
4178	6.41E-05
4179	7.41E-05
4180	0.000108929
4181	7.07E-05
4182	7.47E-05
4183	0.000101016
4184	7.86E-05
4185	4.87E-05
4186	5.95E-05
4187	6.26E-05
4188	6.01E-05
4189	0.00019154
4190	6.73E-05
4191	7.61E-05
4192	5.31E-05
4193	5.18E-05
4194	9.67E-05
4195	9.96E-05
4196	6.29E-05
4197	6.43E-05
4198	7.41E-05
4199	0.000142772
4200	6.11E-05
4201	5.58E-05
4202	9.75E-05
4203	7.83E-05
4204	0.000187177
4205	5.41E-05
4206	7.24E-05
4207	0.000214768
4208	6.68E-05
4209	7.09E-05
4210	0.000264476
4211	7.33E-05
4212	9.62E-05
4213	0.000148639
4214	0.000182059
4215	0.000140541
4216	6.71E-05
4217	6.04E-05
4218	6.75E-05
4219	6.72E-05
4220	6.08E-05
4221	6.21E-05
4222	7.09E-05
4223	0.000130132
4224	0.002670592
4225	0.003671908
4226	5.93E-05
4227	0.000176489
4228	0.00017409
4229	0.000390535
4230	0.00012197
4231	0.000146699
4232	6.30E-05
4233	0.001204201
4234	7.24E-05
4235	0.000161904
4236	0.000402222
4237	7.93E-05
4238	8.50E-05
4239	0.000186662
4240	7.73E-05
4241	0.00011144
4242	0.000102898
4243	8.86E-05
4244	6.52E-05
4245	7.69E-05
4246	7.14E-05
4247	9.47E-05
4248	7.97E-05
4249	6.15E-05
4250	8.49E-05
4251	0.000124315
4252	7.92E-05
4253	0.000124355
4254	8.90E-05
4255	0.000205803
4256	8.44E-05
4257	0.000107765
4258	8.74E-05
4259	9.58E-05
4260	0.000118882
4261	0.000136086
4262	9.51E-05
4263	0.000104595
4264	0.0001726
4265	7.32E-05
4266	6.20E-05
4267	8.11E-05
4268	0.000102216
4269	0.000171294
4270	9.67E-05
4271	0.000152833
4272	0.000107521
4273	0.000175502
4274	6.00E-05
4275	0.000113439
4276	0.000414161
4277	0.000226154
4278	0.00014169
4279	0.000262497
4280	0.000116424
4281	6.34E-05
4282	8.99E-05
4283	9.05E-05
4284	6.61E-05
4285	5.87E-05
4286	0.000156956
4287	6.16E-05
4288	5.72E-05
4289	0.000155617
4290	0.00021817
