1	7.83E-05
2	3.80E-05
3	0.000348134
4	0.000125257
5	3.94E-05
6	4.06E-05
7	9.22E-05
8	0.000161349
9	0.000101402
10	7.43E-05
11	3.19E-05
12	8.22E-05
13	8.40E-05
14	7.11E-05
15	0.000240479
16	0.000186633
17	0.000114494
18	0.000135738
19	6.20E-05
20	0.000116396
21	2.68E-05
22	0.000105872
23	0.000111871
24	0.000100263
25	0.000122587
26	6.85E-05
27	0.000272193
28	5.94E-05
29	3.94E-05
30	4.21E-05
31	0.000107379
32	8.70E-05
33	8.86E-05
34	8.52E-05
35	6.43E-05
36	5.02E-05
37	3.83E-05
38	6.83E-05
39	0.00060699
40	0.000123984
41	7.35E-05
42	4.00E-05
43	0.000120775
44	0.000154883
45	5.95E-05
46	7.43E-05
47	0.000118783
48	0.000140815
49	4.45E-05
50	3.92E-05
51	4.04E-05
52	8.08E-05
53	5.79E-05
54	0.000114256
55	7.28E-05
56	0.000167377
57	4.36E-05
58	4.75E-05
59	0.000106033
60	0.000826188
61	5.15E-05
62	0.000119005
63	4.29E-05
64	9.45E-05
65	4.37E-05
66	3.21E-05
67	0.000173414
68	9.82E-05
69	5.98E-05
70	4.82E-05
71	7.91E-05
72	5.47E-05
73	3.73E-05
74	3.73E-05
75	5.43E-05
76	6.89E-05
77	0.000199293
78	0.000240811
79	8.57E-05
80	3.87E-05
81	5.54E-05
82	5.84E-05
83	0.0002548
84	6.95E-05
85	4.76E-05
86	4.38E-05
87	3.48E-05
88	4.87E-05
89	3.92E-05
90	5.84E-05
91	4.70E-05
92	5.06E-05
93	0.000163643
94	6.70E-05
95	8.71E-05
96	3.80E-05
97	0.000181168
98	0.000111431
99	4.45E-05
100	6.80E-05
101	8.64E-05
102	0.000188905
103	8.62E-05
104	3.51E-05
105	3.99E-05
106	2.58E-05
107	6.82E-05
108	8.95E-05
109	0.00014833
110	0.000105132
111	0.000148944
112	0.000159388
113	0.000247401
114	0.000113931
115	4.56E-05
116	5.65E-05
117	6.27E-05
118	0.000124963
119	9.78E-05
120	0.000112424
121	0.000194172
122	4.25E-05
123	0.000173868
124	8.66E-05
125	6.67E-05
126	0.000146268
127	5.18E-05
128	3.10E-05
129	0.000120574
130	0.000124365
131	0.000118669
132	4.66E-05
133	3.57E-05
134	9.71E-05
135	0.000206014
136	4.13E-05
137	7.52E-05
138	5.25E-05
139	0.000105267
140	0.000111077
141	0.000181368
142	2.74E-05
143	6.43E-05
144	4.13E-05
145	0.000129464
146	9.74E-05
147	7.03E-05
148	0.000412376
149	5.20E-05
150	8.33E-05
151	4.06E-05
152	8.01E-05
153	0.00030076
154	4.42E-05
155	0.000168137
156	7.22E-05
157	0.000124163
158	0.000140761
159	8.87E-05
160	0.000203303
161	0.000470816
162	3.77E-05
163	0.000794743
164	4.83E-05
165	4.34E-05
166	3.97E-05
167	0.000117926
168	5.44E-05
169	0.000216929
170	0.000203481
171	0.000161246
172	0.000111823
173	0.0002043
174	0.000172362
175	6.02E-05
176	6.01E-05
177	0.000135086
178	4.32E-05
179	0.000328942
180	0.000357562
181	0.000266958
182	6.06E-05
183	0.00013894
184	0.000314387
185	9.92E-05
186	4.33E-05
187	5.68E-05
188	0.000149584
189	7.63E-05
190	5.95E-05
191	6.21E-05
192	0.000112654
193	3.19E-05
194	8.98E-05
195	8.64E-05
196	3.37E-05
197	6.71E-05
198	6.27E-05
199	0.00051226
200	7.94E-05
201	5.40E-05
202	4.30E-05
203	5.76E-05
204	4.63E-05
205	5.89E-05
206	5.62E-05
207	0.000466263
208	4.16E-05
209	8.60E-05
210	3.72E-05
211	8.14E-05
212	0.000215653
213	5.76E-05
214	4.80E-05
215	3.91E-05
216	5.06E-05
217	5.10E-05
218	0.00027108
219	0.000603981
220	3.66E-05
221	0.000115355
222	4.55E-05
223	3.74E-05
224	2.85E-05
225	5.42E-05
226	0.000130372
227	3.89E-05
228	4.26E-05
229	9.19E-05
230	4.83E-05
231	4.78E-05
232	6.66E-05
233	5.55E-05
234	4.24E-05
235	6.83E-05
236	3.73E-05
237	7.13E-05
238	3.90E-05
239	3.51E-05
240	6.84E-05
241	8.23E-05
242	3.81E-05
243	3.52E-05
244	4.77E-05
245	0.000118056
246	3.88E-05
247	5.25E-05
248	4.78E-05
249	5.17E-05
250	0.000264129
251	4.09E-05
252	6.01E-05
253	0.003791841
254	5.75E-05
255	4.33E-05
256	0.000169122
257	6.04E-05
258	3.93E-05
259	8.07E-05
260	0.000214585
261	0.000137627
262	4.65E-05
263	0.000138831
264	0.00016582
265	6.66E-05
266	5.36E-05
267	0.000188935
268	4.42E-05
269	0.003704842
270	0.000734953
271	4.59E-05
272	4.57E-05
273	4.82E-05
274	3.99E-05
275	0.002236318
276	0.0003569
277	5.01E-05
278	4.87E-05
279	3.38E-05
280	3.62E-05
281	0.000294733
282	0.000249706
283	0.000204915
284	5.08E-05
285	0.000147381
286	5.80E-05
287	3.83E-05
288	5.12E-05
289	3.18E-05
290	3.26E-05
291	3.62E-05
292	3.88E-05
293	2.81E-05
294	3.11E-05
295	3.74E-05
296	4.97E-05
297	3.61E-05
298	2.59E-05
299	0.0006486
300	0.000121864
301	4.49E-05
302	3.87E-05
303	3.35E-05
304	0.000218026
305	4.69E-05
306	3.67E-05
307	3.65E-05
308	6.90E-05
309	4.58E-05
310	0.000158803
311	3.44E-05
312	8.08E-05
313	6.94E-05
314	0.000121216
315	3.99E-05
316	0.000165657
317	5.09E-05
318	0.000128331
319	5.49E-05
320	3.41E-05
321	5.18E-05
322	4.20E-05
323	4.48E-05
324	4.03E-05
325	3.40E-05
326	0.000107982
327	5.79E-05
328	2.81E-05
329	3.51E-05
330	4.91E-05
331	7.12E-05
332	0.000169809
333	9.14E-05
334	3.00E-05
335	3.94E-05
336	9.21E-05
337	0.00024687
338	8.27E-05
339	3.32E-05
340	0.000168009
341	3.58E-05
342	4.97E-05
343	3.78E-05
344	4.52E-05
345	0.000126268
346	7.59E-05
347	3.54E-05
348	7.21E-05
349	0.00016362
350	0.000334701
351	4.39E-05
352	3.18E-05
353	0.000171414
354	3.71E-05
355	0.000122004
356	3.52E-05
357	5.95E-05
358	0.000202209
359	0.003610852
360	3.67E-05
361	4.07E-05
362	0.000351701
363	0.000121009
364	0.000130143
365	9.78E-05
366	0.000221491
367	3.54E-05
368	6.10E-05
369	0.00011673
370	5.62E-05
371	0.000163095
372	6.31E-05
373	0.000130088
374	4.39E-05
375	3.85E-05
376	4.50E-05
377	3.71E-05
378	0.000285936
379	0.003210244
380	0.000296834
381	0.003188993
382	0.000424955
383	0.000229362
384	0.000312791
385	0.000142384
386	0.000288569
387	3.06E-05
388	0.000318377
389	4.08E-05
390	7.77E-05
391	7.17E-05
392	6.78E-05
393	0.00012002
394	4.60E-05
395	0.000534647
396	3.62E-05
397	0.000114609
398	0.000167724
399	3.90E-05
400	4.62E-05
401	0.000231901
402	0.000311191
403	0.000364242
404	0.000354791
405	2.31E-05
406	5.52E-05
407	3.68E-05
408	3.68E-05
409	0.000121734
410	0.000327122
411	0.000251249
412	0.00019982
413	4.81E-05
414	4.84E-05
415	7.75E-05
416	0.000128309
417	5.69E-05
418	4.09E-05
419	3.40E-05
420	3.26E-05
421	3.13E-05
422	8.71E-05
423	4.04E-05
424	5.06E-05
425	3.67E-05
426	3.34E-05
427	3.67E-05
428	3.45E-05
429	7.50E-05
430	3.46E-05
431	3.50E-05
432	3.95E-05
433	0.000206274
434	0.000203703
435	8.62E-05
436	0.001239019
437	8.67E-05
438	0.000131352
439	0.000118403
440	5.51E-05
441	3.61E-05
442	9.98E-05
443	5.96E-05
444	5.52E-05
445	4.63E-05
446	4.85E-05
447	4.81E-05
448	6.07E-05
449	4.63E-05
450	0.000157215
451	9.87E-05
452	5.18E-05
453	7.93E-05
454	3.31E-05
455	4.11E-05
456	3.55E-05
457	0.000169655
458	0.000201506
459	0.000127997
460	7.28E-05
461	6.13E-05
462	6.26E-05
463	3.96E-05
464	4.42E-05
465	4.92E-05
466	0.000247994
467	0.003344755
468	0.000139557
469	0.000248145
470	4.30E-05
471	0.000120701
472	4.54E-05
473	3.64E-05
474	0.000100973
475	0.000648027
476	0.000128273
477	0.000254686
478	5.68E-05
479	0.000128842
480	0.000214974
481	6.40E-05
482	3.15E-05
483	6.40E-05
484	3.49E-05
485	5.58E-05
486	3.38E-05
487	6.95E-05
488	3.41E-05
489	2.83E-05
490	0.000161155
491	0.00020686
492	3.93E-05
493	4.66E-05
494	7.84E-05
495	8.97E-05
496	4.29E-05
497	8.05E-05
498	0.000141172
499	0.000105229
500	7.16E-05
501	4.43E-05
502	5.63E-05
503	0.000101655
504	4.04E-05
505	8.50E-05
506	0.000179535
507	6.09E-05
508	5.86E-05
509	0.000140555
510	0.000262774
511	0.000763634
512	0.000266684
513	0.000202332
514	5.75E-05
515	3.67E-05
516	9.34E-05
517	4.59E-05
518	3.31E-05
519	2.75E-05
520	7.57E-05
521	3.24E-05
522	0.000237995
523	0.000135064
524	6.94E-05
525	0.000105674
526	7.97E-05
527	0.000222525
528	0.000236316
529	0.000244925
530	9.30E-05
531	5.48E-05
532	5.25E-05
533	0.000192944
534	4.71E-05
535	0.000138921
536	8.31E-05
537	0.000153204
538	3.88E-05
539	0.000204575
540	0.000217837
541	0.000211389
542	0.000147639
543	0.000136096
544	0.000165852
545	4.20E-05
546	7.64E-05
547	3.77E-05
548	0.000210893
549	0.000150238
550	5.49E-05
551	3.18E-05
552	5.18E-05
553	7.54E-05
554	0.000183208
555	0.000144214
556	1.00E-04
557	9.34E-05
558	0.000127594
559	3.37E-05
560	0.000209257
561	0.000110693
562	0.000163855
563	0.000115532
564	0.000230357
565	7.61E-05
566	8.99E-05
567	9.08E-05
568	8.03E-05
569	7.57E-05
570	5.14E-05
571	0.00012753
572	4.16E-05
573	3.63E-05
574	4.12E-05
575	3.62E-05
576	0.000117337
577	7.06E-05
578	6.65E-05
579	5.58E-05
580	3.18E-05
581	2.71E-05
582	5.59E-05
583	7.61E-05
584	0.000141197
585	4.39E-05
586	7.74E-05
587	5.98E-05
588	0.000272991
589	7.19E-05
590	4.27E-05
591	5.15E-05
592	4.77E-05
593	5.62E-05
594	0.000278473
595	5.64E-05
596	5.73E-05
597	4.55E-05
598	0.000142612
599	7.60E-05
600	3.73E-05
601	4.10E-05
602	0.000107986
603	0.000193308
604	3.38E-05
605	4.49E-05
606	7.89E-05
607	0.00011824
608	0.000110599
609	6.89E-05
610	4.06E-05
611	0.000389114
612	3.20E-05
613	3.52E-05
614	3.13E-05
615	6.02E-05
616	0.000215512
617	5.33E-05
618	5.57E-05
619	0.000472881
620	0.000105054
621	5.39E-05
622	3.94E-05
623	7.77E-05
624	4.86E-05
625	0.001377068
626	4.07E-05
627	0.00010737
628	3.55E-05
629	9.98E-05
630	3.79E-05
631	0.000117961
632	4.51E-05
633	5.18E-05
634	6.09E-05
635	6.28E-05
636	0.0010642
637	0.00025616
638	0.00011737
639	5.81E-05
640	4.97E-05
641	7.70E-05
642	3.84E-05
643	0.000103859
644	4.07E-05
645	5.56E-05
646	5.65E-05
647	4.08E-05
648	3.79E-05
649	5.37E-05
650	4.13E-05
651	5.54E-05
652	0.000339727
653	6.37E-05
654	0.001164225
655	3.26E-05
656	5.29E-05
657	7.50E-05
658	3.90E-05
659	5.94E-05
660	5.13E-05
661	4.36E-05
662	5.66E-05
663	0.000112971
664	0.000267177
665	6.15E-05
666	6.11E-05
667	0.000892934
668	7.24E-05
669	6.59E-05
670	4.16E-05
671	5.08E-05
672	4.38E-05
673	0.000408082
674	5.28E-05
675	6.17E-05
676	2.91E-05
677	2.91E-05
678	0.000165933
679	3.02E-05
680	3.72E-05
681	4.10E-05
682	4.73E-05
683	4.34E-05
684	3.82E-05
685	5.39E-05
686	4.38E-05
687	6.93E-05
688	3.86E-05
689	0.000174376
690	0.000107658
691	4.36E-05
692	4.18E-05
693	5.79E-05
694	2.72E-05
695	3.24E-05
696	3.57E-05
697	4.73E-05
698	5.76E-05
699	0.000239049
700	3.91E-05
701	5.77E-05
702	8.27E-05
703	2.99E-05
704	3.23E-05
705	9.75E-05
706	9.22E-05
707	4.63E-05
708	5.98E-05
709	5.47E-05
710	3.31E-05
711	3.08E-05
712	3.45E-05
713	4.62E-05
714	9.66E-05
715	4.27E-05
716	3.36E-05
717	4.55E-05
718	4.29E-05
719	3.82E-05
720	4.29E-05
721	5.41E-05
722	9.59E-05
723	4.83E-05
724	3.27E-05
725	6.46E-05
726	5.69E-05
727	3.67E-05
728	4.08E-05
729	3.88E-05
730	0.000793413
731	0.000211754
732	0.000240302
733	7.98E-05
734	3.81E-05
735	7.21E-05
736	0.000357677
737	3.40E-05
738	4.21E-05
739	3.51E-05
740	3.44E-05
741	5.21E-05
742	9.31E-05
743	4.22E-05
744	6.99E-05
745	0.00011607
746	4.00E-05
747	5.48E-05
748	4.30E-05
749	5.96E-05
750	5.34E-05
751	3.97E-05
752	4.13E-05
753	4.36E-05
754	3.71E-05
755	7.33E-05
756	2.89E-05
757	3.57E-05
758	4.11E-05
759	4.60E-05
760	3.72E-05
761	3.39E-05
762	8.97E-05
763	5.37E-05
764	4.28E-05
765	0.000274033
766	3.29E-05
767	3.40E-05
768	4.15E-05
769	0.000129358
770	4.65E-05
771	4.69E-05
772	3.50E-05
773	4.05E-05
774	6.47E-05
775	3.74E-05
776	3.34E-05
777	4.20E-05
778	0.000372483
779	0.000181155
780	6.61E-05
781	5.61E-05
782	3.79E-05
783	6.16E-05
784	5.98E-05
785	4.31E-05
786	5.34E-05
787	0.001369073
788	4.80E-05
789	0.000100473
790	4.46E-05
791	3.58E-05
792	5.52E-05
793	3.85E-05
794	4.52E-05
795	0.00012205
796	3.73E-05
797	4.11E-05
798	9.28E-05
799	3.38E-05
800	0.00031114
801	0.001059482
802	4.27E-05
803	4.50E-05
804	5.04E-05
805	5.35E-05
806	0.000133602
807	3.50E-05
808	3.74E-05
809	7.26E-05
810	0.000902445
811	3.49E-05
812	3.49E-05
813	4.37E-05
814	4.81E-05
815	3.84E-05
816	5.82E-05
817	5.20E-05
818	8.78E-05
819	0.00017052
820	5.42E-05
821	4.99E-05
822	4.17E-05
823	6.06E-05
824	4.25E-05
825	7.44E-05
826	0.000255708
827	9.18E-05
828	5.88E-05
829	4.06E-05
830	0.002716039
831	5.88E-05
832	0.00080312
833	0.000186386
834	0.000166222
835	0.001145274
836	0.000149215
837	9.31E-05
838	0.000368092
839	0.000609734
840	4.73E-05
841	4.23E-05
842	0.000134019
843	3.87E-05
844	0.000128252
845	0.000317344
846	0.000120154
847	4.43E-05
848	0.000378139
849	0.000310388
850	4.35E-05
851	0.000282206
852	0.000136363
853	4.40E-05
854	7.86E-05
855	8.02E-05
856	0.000210728
857	0.00035132
858	3.99E-05
859	0.000207396
860	0.000258095
861	5.36E-05
862	0.0022968
863	0.00021774
864	3.03E-05
865	9.58E-05
866	3.67E-05
867	0.000137798
868	6.72E-05
869	7.99E-05
870	0.000258095
871	5.84E-05
872	4.67E-05
873	5.27E-05
874	4.36E-05
875	4.24E-05
876	2.81E-05
877	3.70E-05
878	4.47E-05
879	7.01E-05
880	0.000203827
881	0.000150394
882	0.000108979
883	4.70E-05
884	4.13E-05
885	0.000100422
886	0.000166228
887	0.000160251
888	9.64E-05
889	0.000165713
890	5.96E-05
891	3.66E-05
892	3.50E-05
893	4.81E-05
894	0.000224317
895	0.000100786
896	0.00017383
897	0.000112865
898	3.21E-05
899	0.000199095
900	0.000146649
901	0.000188691
902	6.99E-05
903	3.22E-05
904	6.64E-05
905	0.000120939
906	0.0001114
907	3.58E-05
908	4.75E-05
909	4.06E-05
910	8.67E-05
911	0.000155319
912	3.46E-05
913	5.73E-05
914	0.000669368
915	3.41E-05
916	3.28E-05
917	5.05E-05
918	6.45E-05
919	0.000133745
920	3.65E-05
921	7.14E-05
922	0.000139738
923	3.32E-05
924	0.000163191
925	3.55E-05
926	8.09E-05
927	0.000140348
928	7.04E-05
929	6.49E-05
930	4.09E-05
931	5.02E-05
932	3.52E-05
933	0.000319173
934	8.71E-05
935	0.000102605
936	0.000440113
937	0.000107487
938	6.99E-05
939	5.30E-05
940	4.30E-05
941	0.000111597
942	6.67E-05
943	4.53E-05
944	9.78E-05
945	9.69E-05
946	9.75E-05
947	4.88E-05
948	6.89E-05
949	6.30E-05
950	0.00051905
951	7.96E-05
952	0.002480402
953	0.000141364
954	5.02E-05
955	0.000184506
956	0.000304509
957	8.28E-05
958	0.000350779
959	0.000133211
960	9.84E-05
961	0.000786922
962	3.25E-05
963	2.87E-05
964	0.000231038
965	0.000128822
966	9.48E-05
967	8.32E-05
968	3.21E-05
969	3.75E-05
970	5.47E-05
971	7.97E-05
972	3.87E-05
973	3.28E-05
974	4.65E-05
975	3.61E-05
976	4.80E-05
977	0.00033898
978	4.04E-05
979	3.97E-05
980	4.46E-05
981	5.58E-05
982	0.000442239
983	3.30E-05
984	5.02E-05
985	5.01E-05
986	3.80E-05
987	3.84E-05
988	3.10E-05
989	5.69E-05
990	4.17E-05
991	4.49E-05
992	4.95E-05
993	7.39E-05
994	3.72E-05
995	3.82E-05
996	4.56E-05
997	4.52E-05
998	5.75E-05
999	4.60E-05
1000	5.55E-05
1001	3.56E-05
1002	4.51E-05
1003	3.53E-05
1004	3.79E-05
1005	3.70E-05
1006	0.000502639
1007	7.43E-05
1008	0.000103867
1009	4.47E-05
1010	6.52E-05
1011	3.26E-05
1012	3.93E-05
1013	4.01E-05
1014	4.50E-05
1015	4.15E-05
1016	5.07E-05
1017	3.20E-05
1018	6.90E-05
1019	3.78E-05
1020	5.10E-05
1021	4.17E-05
1022	0.000127277
1023	3.70E-05
1024	4.45E-05
1025	4.68E-05
1026	8.83E-05
1027	3.72E-05
1028	4.20E-05
1029	0.00013833
1030	3.56E-05
1031	7.66E-05
1032	4.28E-05
1033	0.000132805
1034	5.41E-05
1035	0.000192843
1036	4.16E-05
1037	5.56E-05
1038	9.99E-05
1039	0.000114826
1040	0.000636985
1041	0.000242016
1042	5.29E-05
1043	0.000125276
1044	3.10E-05
1045	3.99E-05
1046	6.10E-05
1047	4.38E-05
1048	4.80E-05
1049	8.88E-05
1050	3.91E-05
1051	0.000104141
1052	6.48E-05
1053	0.000107744
1054	4.02E-05
1055	3.79E-05
1056	4.35E-05
1057	0.00027192
1058	3.32E-05
1059	3.92E-05
1060	4.05E-05
1061	4.21E-05
1062	5.90E-05
1063	5.56E-05
1064	0.000445945
1065	0.000372736
1066	4.11E-05
1067	0.000138987
1068	0.000148639
1069	0.000188091
1070	5.31E-05
1071	3.55E-05
1072	6.62E-05
1073	0.000495619
1074	0.0001068
1075	0.000170057
1076	0.000145184
1077	9.20E-05
1078	0.000209048
1079	8.62E-05
1080	2.01E-05
1081	7.70E-05
1082	9.85E-05
1083	0.000155796
1084	6.43E-05
1085	4.07E-05
1086	0.000153527
1087	0.000193489
1088	7.02E-05
1089	0.000366947
1090	0.000300265
1091	0.00016398
1092	5.08E-05
1093	0.000168723
1094	0.000146706
1095	0.000150646
1096	0.000131551
1097	6.10E-05
1098	0.000249168
1099	5.68E-05
1100	6.94E-05
1101	4.98E-05
1102	6.96E-05
1103	9.61E-05
1104	9.48E-05
1105	6.03E-05
1106	6.63E-05
1107	5.50E-05
1108	3.67E-05
1109	4.31E-05
1110	6.88E-05
1111	5.20E-05
1112	6.78E-05
1113	4.63E-05
1114	4.50E-05
1115	6.41E-05
1116	3.53E-05
1117	6.55E-05
1118	8.60E-05
1119	3.90E-05
1120	7.20E-05
1121	6.96E-05
1122	5.83E-05
1123	0.000170483
1124	0.000165578
1125	7.08E-05
1126	6.22E-05
1127	0.000115107
1128	0.000202273
1129	0.000147996
1130	9.47E-05
1131	9.75E-05
1132	7.80E-05
1133	0.000476316
1134	3.27E-05
1135	0.000127325
1136	3.19E-05
1137	0.006343405
1138	0.000345601
1139	8.28E-05
1140	0.000247025
1141	4.57E-05
1142	0.000108625
1143	6.94E-05
1144	3.80E-05
1145	0.000529852
1146	5.47E-05
1147	0.000120623
1148	3.64E-05
1149	0.000160701
1150	7.35E-05
1151	3.61E-05
1152	2.97E-05
1153	0.000137566
1154	4.25E-05
1155	0.000119549
1156	4.29E-05
1157	5.01E-05
1158	5.65E-05
1159	0.000104104
1160	2.56E-05
1161	6.49E-05
1162	0.000100838
1163	0.000144478
1164	8.16E-05
1165	0.000134976
1166	7.60E-05
1167	6.40E-05
1168	4.29E-05
1169	0.000233318
1170	5.40E-05
1171	0.000184588
1172	0.000206782
1173	0.0002076
1174	0.000221171
1175	0.000129086
1176	0.000145977
1177	0.000114564
1178	7.02E-05
1179	7.59E-05
1180	8.07E-05
1181	3.73E-05
1182	6.83E-05
1183	0.000123536
1184	0.00017356
1185	5.66E-05
1186	0.000159159
1187	6.19E-05
1188	4.19E-05
1189	0.000138622
1190	0.000170666
1191	0.000113963
1192	0.000177681
1193	4.48E-05
1194	0.000188718
1195	9.49E-05
1196	7.46E-05
1197	0.00020357
1198	0.000164686
1199	0.000472474
1200	4.72E-05
1201	0.000233677
1202	8.33E-05
1203	0.000136261
1204	0.000169076
1205	0.000138314
1206	0.000413626
1207	8.02E-05
1208	9.08E-05
1209	9.52E-05
1210	0.000209051
1211	3.73E-05
1212	4.36E-05
1213	4.03E-05
1214	0.00020486
1215	7.23E-05
1216	0.000929633
1217	0.00023722
1218	0.000354905
1219	6.26E-05
1220	3.63E-05
1221	0.000168424
1222	0.000234078
1223	3.86E-05
1224	0.000310567
1225	0.000117529
1226	7.18E-05
1227	8.50E-05
1228	6.81E-05
1229	0.000326374
1230	0.000177157
1231	0.000339109
1232	5.76E-05
1233	4.45E-05
1234	5.03E-05
1235	6.62E-05
1236	3.88E-05
1237	0.000148839
1238	7.45E-05
1239	4.32E-05
1240	0.000374365
1241	4.97E-05
1242	0.000338104
1243	6.30E-05
1244	0.000363786
1245	4.30E-05
1246	0.000105609
1247	9.33E-05
1248	5.12E-05
1249	4.57E-05
1250	5.89E-05
1251	0.000137902
1252	3.12E-05
1253	4.02E-05
1254	2.88E-05
1255	6.04E-05
1256	6.55E-05
1257	6.92E-05
1258	3.58E-05
1259	4.18E-05
1260	3.27E-05
1261	6.40E-05
1262	4.55E-05
1263	6.71E-05
1264	8.10E-05
1265	0.00024401
1266	5.35E-05
1267	4.46E-05
1268	2.65E-05
1269	5.33E-05
1270	0.000583677
1271	4.86E-05
1272	0.000314627
1273	8.80E-05
1274	5.48E-05
1275	7.20E-05
1276	6.39E-05
1277	4.16E-05
1278	0.000101401
1279	7.26E-05
1280	7.15E-05
1281	0.000152932
1282	6.11E-05
1283	3.99E-05
1284	7.58E-05
1285	3.95E-05
1286	4.13E-05
1287	4.68E-05
1288	0.00038324
1289	7.09E-05
1290	7.66E-05
1291	7.32E-05
1292	6.12E-05
1293	7.61E-05
1294	0.000109612
1295	4.18E-05
1296	0.00016397
1297	0.000169878
1298	5.30E-05
1299	4.44E-05
1300	0.000217141
1301	9.88E-05
1302	6.20E-05
1303	0.000285416
1304	0.000102508
1305	0.000640068
1306	0.000760934
1307	9.09E-05
1308	3.08E-05
1309	7.99E-05
1310	3.60E-05
1311	4.14E-05
1312	6.93E-05
1313	0.000140041
1314	8.82E-05
1315	6.96E-05
1316	0.000108068
1317	0.000126738
1318	7.78E-05
1319	3.02E-05
1320	0.000145389
1321	0.000463527
1322	4.88E-05
1323	4.12E-05
1324	9.18E-05
1325	4.31E-05
1326	0.00019229
1327	0.000202697
1328	0.000153275
1329	0.000305901
1330	4.77E-05
1331	6.34E-05
1332	0.000100646
1333	0.000260909
1334	0.000900497
1335	2.97E-05
1336	0.000135461
1337	4.39E-05
1338	0.000222302
1339	0.000135427
1340	8.94E-05
1341	4.12E-05
1342	0.000140084
1343	5.16E-05
1344	9.47E-05
1345	5.01E-05
1346	3.54E-05
1347	3.95E-05
1348	4.80E-05
1349	0.000145211
1350	8.63E-05
1351	3.35E-05
1352	4.74E-05
1353	3.81E-05
1354	3.21E-05
1355	3.66E-05
1356	4.92E-05
1357	5.39E-05
1358	9.10E-05
1359	6.60E-05
1360	0.0001285
1361	5.55E-05
1362	4.23E-05
1363	5.59E-05
1364	3.65E-05
1365	0.000110572
1366	0.000167814
1367	0.000705934
1368	8.61E-05
1369	5.47E-05
1370	5.03E-05
1371	0.000354535
1372	5.79E-05
1373	7.79E-05
1374	5.62E-05
1375	8.27E-05
1376	0.000120366
1377	6.00E-05
1378	7.12E-05
1379	9.26E-05
1380	4.93E-05
1381	0.000223472
1382	3.77E-05
1383	7.55E-05
1384	0.000217729
1385	0.000117939
1386	6.29E-05
1387	8.68E-05
1388	5.14E-05
1389	8.53E-05
1390	0.000170092
1391	0.00027921
1392	0.000445805
1393	5.64E-05
1394	0.00012273
1395	7.73E-05
1396	0.000175752
1397	0.000112591
1398	0.001253809
1399	0.000238826
1400	9.02E-05
1401	7.33E-05
1402	5.47E-05
1403	0.00037859
1404	6.60E-05
1405	0.00010332
1406	4.26E-05
1407	8.70E-05
1408	0.000192925
1409	9.47E-05
1410	3.13E-05
1411	8.55E-05
1412	8.30E-05
1413	0.000133544
1414	0.000292144
1415	8.13E-05
1416	0.000213238
1417	9.47E-05
1418	0.000168641
1419	4.44E-05
1420	7.00E-05
1421	8.76E-05
1422	0.000153739
1423	0.000728696
1424	0.000505333
1425	9.93E-05
1426	9.75E-05
1427	0.000132298
1428	0.000221087
1429	5.13E-05
1430	5.57E-05
1431	0.000110056
1432	0.000757376
1433	0.000169698
1434	0.000133361
1435	0.000807473
1436	5.58E-05
1437	2.76E-05
1438	4.32E-05
1439	3.85E-05
1440	3.30E-05
1441	6.23E-05
1442	5.81E-05
1443	0.000117806
1444	6.93E-05
1445	4.34E-05
1446	3.19E-05
1447	2.63E-05
1448	3.69E-05
1449	0.000139418
1450	4.56E-05
1451	3.50E-05
1452	3.06E-05
1453	2.97E-05
1454	0.000184903
1455	6.49E-05
1456	4.34E-05
1457	4.09E-05
1458	0.000243312
1459	3.46E-05
1460	3.31E-05
1461	2.97E-05
1462	4.25E-05
1463	4.61E-05
1464	3.40E-05
1465	4.03E-05
1466	3.98E-05
1467	3.31E-05
1468	0.000179311
1469	5.29E-05
1470	3.92E-05
1471	5.65E-05
1472	5.66E-05
1473	4.67E-05
1474	3.18E-05
1475	0.000145117
1476	3.18E-05
1477	3.03E-05
1478	6.76E-05
1479	3.58E-05
1480	3.72E-05
1481	3.82E-05
1482	3.29E-05
1483	3.60E-05
1484	5.39E-05
1485	0.000133098
1486	8.65E-05
1487	0.000321733
1488	5.07E-05
1489	3.73E-05
1490	3.53E-05
1491	0.000227561
1492	0.000493482
1493	3.40E-05
1494	5.49E-05
1495	4.31E-05
1496	0.000341627
1497	4.05E-05
1498	2.90E-05
1499	3.71E-05
1500	3.28E-05
1501	9.36E-05
1502	3.05E-05
1503	3.46E-05
1504	2.93E-05
1505	3.97E-05
1506	3.02E-05
1507	5.18E-05
1508	7.63E-05
1509	3.65E-05
1510	3.76E-05
1511	0.000186092
1512	3.20E-05
1513	7.68E-05
1514	4.61E-05
1515	8.13E-05
1516	3.45E-05
1517	0.000110179
1518	3.42E-05
1519	3.47E-05
1520	5.51E-05
1521	5.62E-05
1522	0.000149543
1523	0.003695149
1524	5.55E-05
1525	3.62E-05
1526	0.00022093
1527	2.69E-05
1528	0.000129942
1529	0.00022418
1530	5.86E-05
1531	6.66E-05
1532	3.23E-05
1533	3.18E-05
1534	2.80E-05
1535	2.89E-05
1536	3.84E-05
1537	7.44E-05
1538	6.05E-05
1539	8.36E-05
1540	2.69E-05
1541	4.15E-05
1542	0.000342852
1543	6.44E-05
1544	0.000128171
1545	3.40E-05
1546	5.31E-05
1547	5.73E-05
1548	0.000103896
1549	6.64E-05
1550	5.14E-05
1551	0.000166276
1552	0.000194608
1553	0.000212113
1554	0.000102752
1555	7.04E-05
1556	8.96E-05
1557	0.000158341
1558	5.92E-05
1559	6.60E-05
1560	0.00030569
1561	4.50E-05
1562	0.000158671
1563	7.10E-05
1564	5.00E-05
1565	3.45E-05
1566	8.34E-05
1567	3.36E-05
1568	6.23E-05
1569	0.000144983
1570	7.81E-05
1571	7.89E-05
1572	0.001069199
1573	5.48E-05
1574	4.42E-05
1575	3.38E-05
1576	4.24E-05
1577	5.26E-05
1578	0.000103026
1579	4.61E-05
1580	5.65E-05
1581	0.000116826
1582	0.000120931
1583	6.63E-05
1584	6.91E-05
1585	5.08E-05
1586	3.60E-05
1587	0.000395727
1588	0.000161522
1589	0.00012846
1590	8.19E-05
1591	0.000219238
1592	3.69E-05
1593	3.45E-05
1594	0.000537244
1595	0.000122649
1596	0.000118325
1597	0.000150931
1598	3.68E-05
1599	8.04E-05
1600	0.000151302
1601	4.27E-05
1602	5.01E-05
1603	0.000385586
1604	0.003213241
1605	5.12E-05
1606	5.03E-05
1607	3.41E-05
1608	0.000472018
1609	8.49E-05
1610	8.91E-05
1611	5.77E-05
1612	3.77E-05
1613	9.78E-05
1614	4.29E-05
1615	0.000114077
1616	5.34E-05
1617	0.000102652
1618	3.31E-05
1619	0.00017662
1620	4.68E-05
1621	4.14E-05
1622	5.46E-05
1623	0.000127392
1624	3.68E-05
1625	0.00024109
1626	4.00E-05
1627	3.73E-05
1628	5.61E-05
1629	6.87E-05
1630	4.19E-05
1631	0.000157318
1632	0.000354914
1633	3.46E-05
1634	8.58E-05
1635	3.57E-05
1636	2.94E-05
1637	2.61E-05
1638	3.73E-05
1639	0.000178334
1640	0.000392768
1641	4.04E-05
1642	7.97E-05
1643	3.55E-05
1644	3.89E-05
1645	6.13E-05
1646	6.46E-05
1647	0.000270071
1648	9.62E-05
1649	6.96E-05
1650	0.000336077
1651	6.43E-05
1652	8.67E-05
1653	3.88E-05
1654	5.17E-05
1655	3.18E-05
1656	0.000105231
1657	0.000367062
1658	5.13E-05
1659	0.000101931
1660	5.39E-05
1661	3.39E-05
1662	3.00E-05
1663	5.30E-05
1664	0.00034618
1665	5.14E-05
1666	6.76E-05
1667	3.74E-05
1668	5.07E-05
1669	4.33E-05
1670	7.63E-05
1671	3.03E-05
1672	4.36E-05
1673	4.09E-05
1674	4.59E-05
1675	5.24E-05
1676	4.26E-05
1677	3.36E-05
1678	4.55E-05
1679	0.000100714
1680	0.00016829
1681	0.000275299
1682	4.08E-05
1683	7.46E-05
1684	0.000263976
1685	4.18E-05
1686	3.53E-05
1687	3.74E-05
1688	3.35E-05
1689	2.68E-05
1690	3.95E-05
1691	2.98E-05
1692	8.63E-05
1693	0.002494234
1694	4.93E-05
1695	3.40E-05
1696	0.000292679
1697	3.71E-05
1698	4.37E-05
1699	8.57E-05
1700	8.30E-05
1701	0.000129853
1702	4.44E-05
1703	6.21E-05
1704	0.010469451
1705	4.79E-05
1706	0.000585961
1707	0.000491462
1708	0.000269154
1709	4.86E-05
1710	0.000225647
1711	0.000865363
1712	0.000273557
1713	0.000179925
1714	4.15E-05
1715	6.02E-05
1716	0.000113993
1717	3.24E-05
1718	3.61E-05
1719	3.97E-05
1720	8.40E-05
1721	0.000499102
1722	5.34E-05
1723	0.000136208
1724	0.000112406
1725	4.32E-05
1726	8.19E-05
1727	4.18E-05
1728	5.03E-05
1729	3.25E-05
1730	5.34E-05
1731	6.97E-05
1732	3.91E-05
1733	4.49E-05
1734	0.00012497
1735	3.74E-05
1736	5.53E-05
1737	4.31E-05
1738	6.68E-05
1739	3.91E-05
1740	4.73E-05
1741	5.75E-05
1742	3.22E-05
1743	4.51E-05
1744	0.000410951
1745	0.000277091
1746	0.000248899
1747	3.52E-05
1748	2.64E-05
1749	0.000126534
1750	2.89E-05
1751	4.29E-05
1752	0.000155109
1753	7.07E-05
1754	4.09E-05
1755	0.000148138
1756	3.90E-05
1757	6.12E-05
1758	4.43E-05
1759	5.17E-05
1760	8.30E-05
1761	0.000155214
1762	0.000237539
1763	3.65E-05
1764	4.38E-05
1765	4.00E-05
1766	4.22E-05
1767	3.86E-05
1768	7.10E-05
1769	3.34E-05
1770	0.000422474
1771	0.000152975
1772	5.25E-05
1773	3.36E-05
1774	4.28E-05
1775	7.56E-05
1776	3.75E-05
1777	0.000152324
1778	5.30E-05
1779	0.000400689
1780	4.95E-05
1781	4.98E-05
1782	4.22E-05
1783	4.82E-05
1784	3.51E-05
1785	9.48E-05
1786	9.26E-05
1787	5.61E-05
1788	7.13E-05
1789	6.52E-05
1790	0.000195446
1791	7.08E-05
1792	9.21E-05
1793	5.63E-05
1794	6.30E-05
1795	8.56E-05
1796	6.74E-05
1797	7.72E-05
1798	8.32E-05
1799	9.11E-05
1800	0.000346133
1801	4.74E-05
1802	9.50E-05
1803	4.26E-05
1804	5.95E-05
1805	7.12E-05
1806	4.35E-05
1807	5.92E-05
1808	7.50E-05
1809	7.54E-05
1810	3.53E-05
1811	4.60E-05
1812	6.01E-05
1813	3.02E-05
1814	3.72E-05
1815	9.06E-05
1816	4.85E-05
1817	4.91E-05
1818	3.90E-05
1819	4.31E-05
1820	0.000601365
1821	6.03E-05
1822	3.31E-05
1823	3.12E-05
1824	0.000144965
1825	4.39E-05
1826	0.000124623
1827	0.000182012
1828	5.09E-05
1829	7.03E-05
1830	0.000116165
1831	3.57E-05
1832	5.12E-05
1833	3.82E-05
1834	3.65E-05
1835	4.36E-05
1836	4.52E-05
1837	4.69E-05
1838	0.0001388
1839	8.29E-05
1840	3.48E-05
1841	6.56E-05
1842	5.61E-05
1843	3.25E-05
1844	2.87E-05
1845	5.83E-05
1846	0.000146762
1847	4.73E-05
1848	0.000217565
1849	0.000425228
1850	5.16E-05
1851	6.42E-05
1852	0.000122201
1853	0.000248131
1854	6.01E-05
1855	5.27E-05
1856	3.72E-05
1857	0.000102893
1858	5.96E-05
1859	9.40E-05
1860	6.64E-05
1861	4.24E-05
1862	3.17E-05
1863	7.70E-05
1864	5.01E-05
1865	3.46E-05
1866	0.000126493
1867	6.83E-05
1868	3.61E-05
1869	0.000105437
1870	8.40E-05
1871	7.88E-05
1872	0.000160761
1873	0.000198444
1874	5.45E-05
1875	5.28E-05
1876	5.80E-05
1877	9.33E-05
1878	7.21E-05
1879	5.57E-05
1880	3.56E-05
1881	9.69E-05
1882	5.36E-05
1883	4.23E-05
1884	6.22E-05
1885	9.59E-05
1886	0.000738371
1887	0.000105092
1888	0.000116921
1889	5.31E-05
1890	0.000404116
1891	9.68E-05
1892	4.24E-05
1893	3.29E-05
1894	8.15E-05
1895	0.00011455
1896	0.000126024
1897	5.48E-05
1898	3.19E-05
1899	0.000109949
1900	6.57E-05
1901	6.14E-05
1902	5.06E-05
1903	5.52E-05
1904	4.15E-05
1905	5.00E-05
1906	0.00033859
1907	4.74E-05
1908	0.000177249
1909	3.41E-05
1910	2.72E-05
1911	3.36E-05
1912	3.58E-05
1913	0.000107772
1914	7.48E-05
1915	4.04E-05
1916	6.67E-05
1917	8.78E-05
1918	0.000189776
1919	2.45E-05
1920	5.08E-05
1921	7.81E-05
1922	0.000109953
1923	0.00012259
1924	8.36E-05
1925	0.00010341
1926	6.97E-05
1927	0.000185591
1928	6.70E-05
1929	7.51E-05
1930	7.59E-05
1931	7.03E-05
1932	3.43E-05
1933	9.02E-05
1934	6.18E-05
1935	0.00011748
1936	0.000339857
1937	0.000147784
1938	8.18E-05
1939	0.000138676
1940	8.65E-05
1941	6.36E-05
1942	7.84E-05
1943	3.17E-05
1944	5.43E-05
1945	4.48E-05
1946	3.74E-05
1947	4.10E-05
1948	8.59E-05
1949	4.68E-05
1950	6.93E-05
1951	6.86E-05
1952	6.43E-05
1953	0.000187344
1954	0.000158412
1955	3.11E-05
1956	0.000220608
1957	0.000171588
1958	6.72E-05
1959	0.000126199
1960	6.24E-05
1961	0.000106104
1962	9.91E-05
1963	0.000187655
1964	0.000191861
1965	3.23E-05
1966	2.83E-05
1967	0.000106415
1968	7.15E-05
1969	9.80E-05
1970	0.000101143
1971	0.000104672
1972	3.85E-05
1973	0.000158407
1974	0.000151074
1975	0.000408006
1976	3.34E-05
1977	2.79E-05
1978	0.000210831
1979	0.00013015
1980	8.24E-05
1981	6.67E-05
1982	0.000181581
1983	3.20E-05
1984	0.000210362
1985	3.58E-05
1986	0.000117043
1987	4.69E-05
1988	0.000103497
1989	5.93E-05
1990	3.99E-05
1991	0.000864191
1992	0.000183789
1993	0.000239607
1994	0.000101667
1995	5.12E-05
1996	5.09E-05
1997	3.31E-05
1998	0.000189437
1999	5.05E-05
2000	0.001336987
2001	0.000208401
2002	0.000136532
2003	9.58E-05
2004	7.60E-05
2005	8.61E-05
2006	0.000131183
2007	4.69E-05
2008	0.000123429
2009	0.000195626
2010	0.000165272
2011	0.000125988
2012	0.000156643
2013	6.54E-05
2014	0.00020637
2015	0.000703039
2016	4.63E-05
2017	0.000363589
2018	3.65E-05
2019	0.000199712
2020	0.000122276
2021	4.55E-05
2022	2.75E-05
2023	5.13E-05
2024	5.95E-05
2025	5.82E-05
2026	3.93E-05
2027	0.000104559
2028	0.000311545
2029	0.000129068
2030	8.26E-05
2031	3.26E-05
2032	0.000104733
2033	5.23E-05
2034	4.87E-05
2035	5.31E-05
2036	7.78E-05
2037	7.77E-05
2038	0.000123854
2039	6.61E-05
2040	0.000214517
2041	7.39E-05
2042	3.37E-05
2043	8.10E-05
2044	0.000107962
2045	4.24E-05
2046	7.24E-05
2047	9.53E-05
2048	0.000172377
2049	0.000165297
2050	0.00025227
2051	4.95E-05
2052	0.000154926
2053	5.18E-05
2054	3.07E-05
2055	6.17E-05
2056	0.000103593
2057	0.000331339
2058	3.12E-05
2059	0.000106523
2060	0.000222344
2061	0.000121299
2062	4.46E-05
2063	5.78E-05
2064	0.000114173
2065	0.000191783
2066	0.000112616
2067	4.21E-05
2068	9.53E-05
2069	5.26E-05
2070	0.000132256
2071	0.000321138
2072	0.000214294
2073	3.75E-05
2074	0.000111781
2075	5.43E-05
2076	0.000217483
2077	0.000131841
2078	6.87E-05
2079	0.000295684
2080	8.41E-05
2081	8.82E-05
2082	4.30E-05
2083	0.000427312
2084	4.72E-05
2085	0.000151044
2086	0.000252711
2087	6.02E-05
2088	0.000160165
2089	0.000101081
2090	0.000238009
2091	5.97E-05
2092	0.000134277
2093	5.71E-05
2094	5.26E-05
2095	0.00022602
2096	8.91E-05
2097	0.00070355
2098	0.000365905
2099	0.000169096
2100	0.000122531
2101	0.0003069
2102	0.000139588
2103	0.000227311
2104	0.000250683
2105	3.20E-05
2106	0.000186527
2107	0.000170808
2108	0.000429554
2109	8.44E-05
2110	0.000116535
2111	7.23E-05
2112	0.000217498
2113	0.000268331
2114	0.00010826
2115	6.90E-05
2116	9.85E-05
2117	0.000170922
2118	0.000123825
2119	9.02E-05
2120	9.05E-05
2121	0.000207295
2122	0.000126312
2123	0.000180019
2124	8.17E-05
2125	8.48E-05
2126	2.87E-05
2127	3.26E-05
2128	9.40E-05
2129	4.49E-05
2130	5.60E-05
2131	0.000203309
2132	7.41E-05
2133	9.75E-05
2134	3.68E-05
2135	3.17E-05
2136	3.45E-05
2137	7.81E-05
2138	0.000134811
2139	7.23E-05
2140	2.73E-05
2141	3.20E-05
2142	4.45E-05
2143	5.46E-05
2144	0.000120987
2145	4.13E-05
2146	6.47E-05
2147	3.78E-05
2148	0.000130802
2149	0.000247277
2150	3.18E-05
2151	4.94E-05
2152	0.000211229
2153	4.57E-05
2154	8.59E-05
2155	7.32E-05
2156	3.59E-05
2157	6.22E-05
2158	3.37E-05
2159	5.03E-05
2160	3.48E-05
2161	3.82E-05
2162	5.13E-05
2163	3.51E-05
2164	0.000503199
2165	4.05E-05
2166	9.21E-05
2167	6.15E-05
2168	8.77E-05
2169	5.63E-05
2170	7.78E-05
2171	3.35E-05
2172	4.51E-05
2173	7.57E-05
2174	3.53E-05
2175	5.38E-05
2176	4.81E-05
2177	3.64E-05
2178	0.0001625
2179	8.72E-05
2180	7.92E-05
2181	4.14E-05
2182	3.91E-05
2183	5.49E-05
2184	0.000238415
2185	4.06E-05
2186	3.49E-05
2187	7.03E-05
2188	0.000126792
2189	3.68E-05
2190	0.000136997
2191	8.01E-05
2192	9.66E-05
2193	7.67E-05
2194	0.000141488
2195	4.66E-05
2196	3.86E-05
2197	4.78E-05
2198	4.23E-05
2199	3.08E-05
2200	3.48E-05
2201	5.34E-05
2202	4.42E-05
2203	9.66E-05
2204	0.000630332
2205	6.88E-05
2206	6.15E-05
2207	5.81E-05
2208	8.51E-05
2209	0.000342832
2210	4.70E-05
2211	4.22E-05
2212	4.24E-05
2213	3.55E-05
2214	0.00065179
2215	4.98E-05
2216	9.36E-05
2217	2.97E-05
2218	0.00011683
2219	3.23E-05
2220	5.42E-05
2221	6.97E-05
2222	0.000163071
2223	6.12E-05
2224	3.64E-05
2225	8.94E-05
2226	5.09E-05
2227	6.25E-05
2228	2.33E-05
2229	3.40E-05
2230	4.40E-05
2231	4.52E-05
2232	3.03E-05
2233	8.97E-05
2234	7.46E-05
2235	6.69E-05
2236	4.01E-05
2237	5.84E-05
2238	3.19E-05
2239	3.08E-05
2240	3.36E-05
2241	4.85E-05
2242	3.63E-05
2243	0.000105378
2244	3.14E-05
2245	3.98E-05
2246	5.13E-05
2247	5.33E-05
2248	3.12E-05
2249	0.00010814
2250	7.96E-05
2251	3.80E-05
2252	9.00E-05
2253	6.30E-05
2254	3.39E-05
2255	3.21E-05
2256	4.21E-05
2257	0.00046163
2258	0.00093891
2259	0.000179295
2260	4.90E-05
2261	8.34E-05
2262	0.000207674
2263	3.05E-05
2264	3.84E-05
2265	7.79E-05
2266	0.000208814
2267	8.14E-05
2268	9.70E-05
2269	4.57E-05
2270	5.54E-05
2271	0.000137441
2272	6.38E-05
2273	0.00012409
2274	0.000136813
2275	0.000110659
2276	0.000112916
2277	0.000403243
2278	4.47E-05
2279	5.18E-05
2280	4.54E-05
2281	7.03E-05
2282	0.000121628
2283	0.000267071
2284	9.74E-05
2285	0.000179406
2286	7.45E-05
2287	6.23E-05
2288	4.01E-05
2289	4.00E-05
2290	0.000120922
2291	5.58E-05
2292	5.79E-05
2293	3.40E-05
2294	3.31E-05
2295	4.29E-05
2296	0.00011002
2297	0.000143943
2298	0.000159091
2299	6.14E-05
2300	0.000144915
2301	0.000107862
2302	4.89E-05
2303	3.75E-05
2304	0.000271418
2305	4.36E-05
2306	3.92E-05
2307	4.09E-05
2308	3.45E-05
2309	5.02E-05
2310	3.52E-05
2311	0.000262166
2312	6.68E-05
2313	0.000237915
2314	4.04E-05
2315	4.63E-05
2316	3.31E-05
2317	3.56E-05
2318	4.51E-05
2319	9.53E-05
2320	3.78E-05
2321	4.23E-05
2322	3.05E-05
2323	3.97E-05
2324	4.81E-05
2325	6.72E-05
2326	3.37E-05
2327	4.82E-05
2328	4.57E-05
2329	7.49E-05
2330	4.00E-05
2331	3.72E-05
2332	4.36E-05
2333	7.10E-05
2334	6.56E-05
2335	3.72E-05
2336	9.75E-05
2337	0.000110941
2338	3.31E-05
2339	0.000197605
2340	0.000251312
2341	5.27E-05
2342	3.87E-05
2343	3.91E-05
2344	0.000117215
2345	0.000270057
2346	5.21E-05
2347	3.64E-05
2348	4.00E-05
2349	4.83E-05
2350	3.91E-05
2351	3.77E-05
2352	7.12E-05
2353	7.85E-05
2354	0.000101185
2355	3.13E-05
2356	3.29E-05
2357	6.88E-05
2358	4.21E-05
2359	5.98E-05
2360	0.000126446
2361	0.000193033
2362	8.34E-05
2363	0.0002333
2364	7.94E-05
2365	0.000114925
2366	7.28E-05
2367	7.88E-05
2368	9.12E-05
2369	0.000172861
2370	0.000123188
2371	0.00017098
2372	7.79E-05
2373	6.71E-05
2374	5.14E-05
2375	8.11E-05
2376	0.000112163
2377	0.000136141
2378	0.00041526
2379	8.07E-05
2380	0.000345828
2381	0.000155757
2382	6.09E-05
2383	4.02E-05
2384	0.000104472
2385	0.002356254
2386	0.000137447
2387	4.68E-05
2388	5.75E-05
2389	0.000111975
2390	7.82E-05
2391	3.87E-05
2392	6.32E-05
2393	3.85E-05
2394	7.13E-05
2395	0.000144751
2396	3.46E-05
2397	5.24E-05
2398	6.34E-05
2399	4.80E-05
2400	0.000102704
2401	2.81E-05
2402	5.21E-05
2403	0.000110284
2404	2.58E-05
2405	5.11E-05
2406	6.31E-05
2407	3.32E-05
2408	3.15E-05
2409	6.14E-05
2410	9.28E-05
2411	3.80E-05
2412	0.000110401
2413	4.17E-05
2414	5.33E-05
2415	6.57E-05
2416	4.69E-05
2417	7.65E-05
2418	0.000149526
2419	3.98E-05
2420	3.47E-05
2421	4.56E-05
2422	6.31E-05
2423	3.50E-05
2424	6.68E-05
2425	9.35E-05
2426	0.000102982
2427	2.56E-05
2428	3.97E-05
2429	2.95E-05
2430	8.20E-05
2431	5.23E-05
2432	3.07E-05
2433	5.81E-05
2434	9.35E-05
2435	4.00E-05
2436	7.58E-05
2437	7.64E-05
2438	3.64E-05
2439	8.64E-05
2440	8.43E-05
2441	0.000248579
2442	9.76E-05
2443	0.000182014
2444	3.03E-05
2445	6.55E-05
2446	0.00012205
2447	0.000116251
2448	6.59E-05
2449	8.41E-05
2450	4.97E-05
2451	5.04E-05
2452	0.000144007
2453	4.82E-05
2454	2.87E-05
2455	3.91E-05
2456	6.32E-05
2457	6.64E-05
2458	3.57E-05
2459	4.98E-05
2460	3.98E-05
2461	4.79E-05
2462	4.42E-05
2463	5.09E-05
2464	0.000168451
2465	9.41E-05
2466	0.000113799
2467	2.91E-05
2468	3.91E-05
2469	5.28E-05
2470	4.04E-05
2471	7.41E-05
2472	0.000139874
2473	5.32E-05
2474	6.07E-05
2475	3.40E-05
2476	3.62E-05
2477	0.000130876
2478	0.000138872
2479	6.33E-05
2480	0.000112569
2481	0.00024024
2482	6.88E-05
2483	8.58E-05
2484	0.000111921
2485	5.55E-05
2486	3.23E-05
2487	0.000145028
2488	0.000494257
2489	0.000150057
2490	0.000226126
2491	0.00151783
2492	0.000116786
2493	6.65E-05
2494	9.90E-05
2495	7.98E-05
2496	5.93E-05
2497	5.86E-05
2498	0.000152342
2499	4.30E-05
2500	4.38E-05
2501	5.61E-05
2502	0.000101999
2503	4.83E-05
2504	0.001256173
2505	0.00011514
2506	3.68E-05
2507	8.84E-05
2508	3.51E-05
2509	2.96E-05
2510	6.02E-05
2511	0.000177483
2512	6.91E-05
2513	4.58E-05
2514	0.000153098
2515	4.43E-05
2516	5.45E-05
2517	0.000115157
2518	3.45E-05
2519	3.00E-05
2520	7.22E-05
2521	0.000156302
2522	0.000131147
2523	2.88E-05
2524	0.000111277
2525	2.71E-05
2526	0.000268038
2527	0.000101441
2528	4.99E-05
2529	3.55E-05
2530	3.48E-05
2531	3.51E-05
2532	0.000109706
2533	4.69E-05
2534	4.46E-05
2535	0.000795736
2536	0.000159933
2537	3.68E-05
2538	3.48E-05
2539	0.000219111
2540	0.000102921
2541	3.65E-05
2542	0.000695998
2543	3.82E-05
2544	0.000221697
2545	4.26E-05
2546	6.72E-05
2547	0.000102395
2548	4.81E-05
2549	0.000149089
2550	5.15E-05
2551	0.000281202
2552	4.22E-05
2553	3.47E-05
2554	3.56E-05
2555	9.56E-05
2556	0.000106772
2557	0.001538861
2558	0.001565544
2559	4.66E-05
2560	0.000206151
2561	0.000173711
2562	5.00E-05
2563	0.000174181
2564	2.57E-05
2565	0.000182001
2566	7.45E-05
2567	4.93E-05
2568	7.29E-05
2569	4.94E-05
2570	3.53E-05
2571	3.77E-05
2572	0.000103837
2573	9.21E-05
2574	0.000209086
2575	4.31E-05
2576	4.90E-05
2577	3.45E-05
2578	4.66E-05
2579	0.000144502
2580	3.73E-05
2581	0.000159833
2582	0.000145649
2583	4.17E-05
2584	4.96E-05
2585	0.00025852
2586	0.000149441
2587	0.000153347
2588	0.00015408
2589	5.31E-05
2590	3.57E-05
2591	7.05E-05
2592	0.000125284
2593	3.69E-05
2594	4.00E-05
2595	3.73E-05
2596	2.65E-05
2597	3.30E-05
2598	0.000133081
2599	3.99E-05
2600	2.82E-05
2601	0.000283959
2602	4.90E-05
2603	4.27E-05
2604	3.59E-05
2605	3.09E-05
2606	2.85E-05
2607	4.83E-05
2608	3.90E-05
2609	7.44E-05
2610	5.18E-05
2611	3.63E-05
2612	0.000109301
2613	5.75E-05
2614	5.51E-05
2615	3.69E-05
2616	9.80E-05
2617	5.82E-05
2618	3.89E-05
2619	3.12E-05
2620	4.01E-05
2621	4.25E-05
2622	3.90E-05
2623	4.21E-05
2624	3.41E-05
2625	3.19E-05
2626	5.11E-05
2627	4.49E-05
2628	8.92E-05
2629	3.44E-05
2630	3.60E-05
2631	3.98E-05
2632	3.58E-05
2633	5.87E-05
2634	4.54E-05
2635	0.000175553
2636	4.25E-05
2637	3.33E-05
2638	3.06E-05
2639	3.53E-05
2640	5.87E-05
2641	3.56E-05
2642	4.79E-05
2643	2.75E-05
2644	4.39E-05
2645	0.00032478
2646	4.32E-05
2647	3.51E-05
2648	5.42E-05
2649	5.74E-05
2650	0.000134987
2651	4.18E-05
2652	5.34E-05
2653	4.12E-05
2654	0.000108061
2655	0.000190525
2656	8.88E-05
2657	3.84E-05
2658	5.61E-05
2659	4.23E-05
2660	3.31E-05
2661	3.38E-05
2662	0.000126319
2663	0.000108388
2664	6.52E-05
2665	3.97E-05
2666	3.95E-05
2667	3.98E-05
2668	4.24E-05
2669	5.52E-05
2670	5.54E-05
2671	4.12E-05
2672	4.91E-05
2673	9.84E-05
2674	0.000155027
2675	0.00138426
2676	0.000164047
2677	3.67E-05
2678	0.000125255
2679	7.25E-05
2680	3.99E-05
2681	0.000325258
2682	0.000107077
2683	0.000104201
2684	6.03E-05
2685	5.26E-05
2686	0.000110329
2687	3.57E-05
2688	3.53E-05
2689	0.000160631
2690	3.02E-05
2691	6.30E-05
2692	3.36E-05
2693	6.64E-05
2694	3.40E-05
2695	0.000151256
2696	0.004087887
2697	0.000210732
2698	7.69E-05
2699	0.000175399
2700	6.74E-05
2701	2.72E-05
2702	5.47E-05
2703	3.00E-05
2704	3.12E-05
2705	0.000327738
2706	6.64E-05
2707	0.000147321
2708	0.000112363
2709	0.000178887
2710	2.66E-05
2711	0.000131916
2712	3.56E-05
2713	7.59E-05
2714	2.73E-05
2715	6.35E-05
2716	6.50E-05
2717	9.64E-05
2718	5.24E-05
2719	0.000213726
2720	0.000195574
2721	0.000112489
2722	8.55E-05
2723	0.000289004
2724	7.97E-05
2725	3.79E-05
2726	3.10E-05
2727	3.45E-05
2728	0.000101859
2729	3.69E-05
2730	0.000137832
2731	0.000190491
2732	0.000442105
2733	0.000189362
2734	0.000851671
2735	0.000254905
2736	3.98E-05
2737	0.000183993
2738	0.000201018
2739	6.55E-05
2740	9.52E-05
2741	0.000130897
2742	4.28E-05
2743	4.48E-05
2744	0.000295384
2745	0.000137721
2746	3.40E-05
2747	3.74E-05
2748	4.80E-05
2749	0.000109902
2750	0.000256705
2751	0.000156253
2752	0.000392447
2753	0.000480762
2754	7.24E-05
2755	5.11E-05
2756	7.61E-05
2757	7.92E-05
2758	0.000229201
2759	0.000232137
2760	3.50E-05
2761	0.000143598
2762	7.94E-05
2763	0.000704752
2764	0.000146814
2765	4.87E-05
2766	0.000165317
2767	2.71E-05
2768	0.000230281
2769	9.31E-05
2770	9.43E-05
2771	0.000285764
2772	0.00042042
2773	5.41E-05
2774	7.06E-05
2775	5.88E-05
2776	4.31E-05
2777	0.000483406
2778	0.000149613
2779	6.14E-05
2780	0.000209284
2781	7.68E-05
2782	4.41E-05
2783	3.71E-05
2784	3.68E-05
2785	2.90E-05
2786	6.31E-05
2787	2.73E-05
2788	0.000102658
2789	9.41E-05
2790	6.52E-05
2791	3.76E-05
2792	6.94E-05
2793	3.41E-05
2794	6.75E-05
2795	4.27E-05
2796	6.09E-05
2797	3.36E-05
2798	4.46E-05
2799	2.88E-05
2800	2.83E-05
2801	0.000121452
2802	8.42E-05
2803	6.71E-05
2804	3.79E-05
2805	0.000119618
2806	6.20E-05
2807	5.71E-05
2808	3.43E-05
2809	8.03E-05
2810	2.70E-05
2811	7.71E-05
2812	7.34E-05
2813	2.74E-05
2814	3.02E-05
2815	7.00E-05
2816	2.64E-05
2817	5.79E-05
2818	0.000154134
2819	6.99E-05
2820	0.000129048
2821	7.50E-05
2822	7.12E-05
2823	4.41E-05
2824	3.39E-05
2825	3.25E-05
2826	8.43E-05
2827	0.000185702
2828	9.47E-05
2829	0.000224936
2830	0.000159548
2831	0.00011353
2832	2.95E-05
2833	3.60E-05
2834	0.000187711
2835	3.12E-05
2836	2.60E-05
2837	4.09E-05
2838	3.46E-05
2839	0.000133948
2840	3.27E-05
2841	3.63E-05
2842	9.93E-05
2843	4.57E-05
2844	3.79E-05
2845	3.60E-05
2846	0.000412244
2847	9.40E-05
2848	0.001276491
2849	0.00043173
2850	0.000143094
2851	0.000275163
2852	6.12E-05
2853	6.22E-05
2854	0.000108669
2855	0.000168928
2856	7.17E-05
2857	0.000107211
2858	0.000187314
2859	3.74E-05
2860	9.13E-05
2861	6.05E-05
2862	8.84E-05
2863	7.64E-05
2864	0.000124305
2865	6.01E-05
2866	4.94E-05
2867	0.000166786
2868	8.26E-05
2869	6.22E-05
2870	5.92E-05
2871	3.40E-05
2872	0.000165722
2873	0.000123147
2874	7.92E-05
2875	3.98E-05
2876	0.000173497
2877	3.75E-05
2878	3.46E-05
2879	3.17E-05
2880	3.20E-05
2881	6.18E-05
2882	3.61E-05
2883	4.17E-05
2884	6.01E-05
2885	0.000149773
2886	4.73E-05
2887	5.76E-05
2888	6.16E-05
2889	0.000198325
2890	0.000111977
2891	3.26E-05
2892	3.64E-05
2893	2.81E-05
2894	7.18E-05
2895	4.00E-05
2896	0.000155223
2897	6.77E-05
2898	5.70E-05
2899	2.75E-05
2900	0.000282822
2901	6.09E-05
2902	6.83E-05
2903	5.24E-05
2904	3.97E-05
2905	4.68E-05
2906	2.75E-05
2907	6.92E-05
2908	6.08E-05
2909	5.87E-05
2910	3.39E-05
2911	9.75E-05
2912	6.63E-05
2913	4.74E-05
2914	4.87E-05
2915	0.000114179
2916	0.000225755
2917	5.23E-05
2918	4.19E-05
2919	4.22E-05
2920	6.73E-05
2921	4.68E-05
2922	6.75E-05
2923	8.37E-05
2924	4.33E-05
2925	0.000115821
2926	0.00015765
2927	9.05E-05
2928	0.000122922
2929	6.81E-05
2930	0.000245022
2931	6.24E-05
2932	3.83E-05
2933	5.81E-05
2934	4.49E-05
2935	4.15E-05
2936	4.50E-05
2937	0.000175392
2938	3.12E-05
2939	0.000525852
2940	0.000200177
2941	5.56E-05
2942	0.00014608
2943	0.000134989
2944	8.73E-05
2945	0.000180782
2946	0.000213386
2947	8.28E-05
2948	9.09E-05
2949	0.00011826
2950	7.97E-05
2951	7.12E-05
2952	3.62E-05
2953	8.34E-05
2954	8.99E-05
2955	9.64E-05
2956	2.87E-05
2957	7.10E-05
2958	0.000116252
2959	7.95E-05
2960	0.000155699
2961	5.23E-05
2962	4.70E-05
2963	4.30E-05
2964	3.14E-05
2965	6.79E-05
2966	5.92E-05
2967	3.36E-05
2968	3.82E-05
2969	8.47E-05
2970	4.70E-05
2971	4.07E-05
2972	7.57E-05
2973	7.47E-05
2974	6.03E-05
2975	4.63E-05
2976	0.000119471
2977	9.39E-05
2978	5.47E-05
2979	2.87E-05
2980	7.09E-05
2981	3.38E-05
2982	3.50E-05
2983	3.20E-05
2984	2.58E-05
2985	6.38E-05
2986	8.57E-05
2987	4.16E-05
2988	3.91E-05
2989	3.50E-05
2990	2.69E-05
2991	2.73E-05
2992	3.63E-05
2993	7.35E-05
2994	3.83E-05
2995	3.84E-05
2996	4.38E-05
2997	7.85E-05
2998	3.87E-05
2999	3.89E-05
3000	2.81E-05
3001	0.000109319
3002	5.30E-05
3003	5.69E-05
3004	4.16E-05
3005	2.32E-05
3006	3.84E-05
3007	5.64E-05
3008	7.87E-05
3009	7.74E-05
3010	3.44E-05
3011	7.49E-05
3012	5.40E-05
3013	4.53E-05
3014	8.25E-05
3015	4.87E-05
3016	5.56E-05
3017	0.000111819
3018	0.000190814
3019	5.80E-05
3020	4.65E-05
3021	4.72E-05
3022	4.69E-05
3023	5.94E-05
3024	8.69E-05
3025	7.56E-05
3026	0.000279616
3027	7.90E-05
3028	6.65E-05
3029	5.87E-05
3030	3.51E-05
3031	6.80E-05
3032	9.71E-05
3033	0.000170061
3034	4.63E-05
3035	4.13E-05
3036	0.000122687
3037	4.19E-05
3038	3.41E-05
3039	5.58E-05
3040	4.86E-05
3041	9.06E-05
3042	0.000256686
3043	0.000106043
3044	7.62E-05
3045	0.000236472
3046	0.000120462
3047	4.97E-05
3048	2.73E-05
3049	0.000411302
3050	0.000359738
3051	4.32E-05
3052	4.73E-05
3053	5.63E-05
3054	3.09E-05
3055	4.99E-05
3056	0.000205639
3057	3.77E-05
3058	0.000128557
3059	6.01E-05
3060	4.46E-05
3061	4.00E-05
3062	4.07E-05
3063	4.48E-05
3064	4.33E-05
3065	5.90E-05
3066	7.40E-05
3067	6.59E-05
3068	0.000106649
3069	0.000251803
3070	8.11E-05
3071	0.000114042
3072	0.000115162
3073	3.22E-05
3074	3.86E-05
3075	3.38E-05
3076	8.42E-05
3077	0.000455683
3078	4.10E-05
3079	3.60E-05
3080	3.80E-05
3081	4.47E-05
3082	4.89E-05
3083	2.89E-05
3084	3.06E-05
3085	3.60E-05
3086	0.000209211
3087	3.74E-05
3088	2.94E-05
3089	7.51E-05
3090	3.67E-05
3091	3.34E-05
3092	0.000552344
3093	4.60E-05
3094	3.65E-05
3095	0.002990954
3096	5.16E-05
3097	3.45E-05
3098	6.12E-05
3099	3.82E-05
3100	4.30E-05
3101	3.04E-05
3102	6.09E-05
3103	3.97E-05
3104	0.000109409
3105	7.10E-05
3106	3.35E-05
3107	3.00E-05
3108	5.06E-05
3109	5.03E-05
3110	3.74E-05
3111	9.52E-05
3112	7.10E-05
3113	6.72E-05
3114	0.000136136
3115	3.87E-05
3116	9.42E-05
3117	4.92E-05
3118	0.000204934
3119	5.36E-05
3120	0.000144398
3121	3.73E-05
3122	3.48E-05
3123	3.83E-05
3124	4.37E-05
3125	2.92E-05
3126	3.00E-05
3127	0.000119288
3128	0.000108344
3129	9.32E-05
3130	7.19E-05
3131	3.75E-05
3132	2.80E-05
3133	3.77E-05
3134	0.000132082
3135	8.05E-05
3136	3.75E-05
3137	3.34E-05
3138	3.47E-05
3139	4.30E-05
3140	4.84E-05
3141	0.000155871
3142	5.09E-05
3143	0.000179075
3144	5.92E-05
3145	3.32E-05
3146	6.94E-05
3147	4.75E-05
3148	4.82E-05
3149	3.70E-05
3150	5.07E-05
3151	0.000897994
3152	3.90E-05
3153	3.11E-05
3154	5.25E-05
3155	4.87E-05
3156	3.49E-05
3157	4.79E-05
3158	5.91E-05
3159	3.55E-05
3160	0.000601771
3161	9.99E-05
3162	5.74E-05
3163	5.34E-05
3164	7.47E-05
3165	0.000259411
3166	5.33E-05
3167	8.68E-05
3168	0.000108779
3169	4.18E-05
3170	3.68E-05
3171	2.83E-05
3172	5.60E-05
3173	3.96E-05
3174	3.40E-05
3175	2.95E-05
3176	4.79E-05
3177	2.59E-05
3178	4.70E-05
3179	2.86E-05
3180	4.28E-05
3181	0.000208376
3182	5.75E-05
3183	6.32E-05
3184	4.32E-05
3185	4.32E-05
3186	2.86E-05
3187	5.23E-05
3188	3.50E-05
3189	3.26E-05
3190	3.69E-05
3191	0.000116943
3192	4.81E-05
3193	3.14E-05
3194	3.02E-05
3195	4.89E-05
3196	2.81E-05
3197	4.15E-05
3198	3.62E-05
3199	3.34E-05
3200	3.92E-05
3201	6.83E-05
3202	5.95E-05
3203	3.23E-05
3204	3.33E-05
3205	3.14E-05
3206	3.98E-05
3207	0.000172958
3208	0.00022026
3209	4.91E-05
3210	3.53E-05
3211	3.34E-05
3212	3.73E-05
3213	4.21E-05
3214	2.92E-05
3215	3.59E-05
3216	7.62E-05
3217	4.22E-05
3218	3.11E-05
3219	2.77E-05
3220	5.63E-05
3221	3.44E-05
3222	4.47E-05
3223	6.22E-05
3224	5.39E-05
3225	0.000629282
3226	3.79E-05
3227	3.31E-05
3228	3.41E-05
3229	4.60E-05
3230	0.000199744
3231	4.23E-05
3232	4.26E-05
3233	3.73E-05
3234	0.000115784
3235	7.45E-05
3236	4.08E-05
3237	3.10E-05
3238	4.61E-05
3239	5.40E-05
3240	0.001932094
3241	9.06E-05
3242	7.09E-05
3243	6.56E-05
3244	0.000120537
3245	6.84E-05
3246	2.94E-05
3247	4.00E-05
3248	0.000102167
3249	3.31E-05
3250	7.77E-05
3251	3.19E-05
3252	3.26E-05
3253	8.32E-05
3254	5.47E-05
3255	0.00010674
3256	4.63E-05
3257	4.19E-05
3258	3.97E-05
3259	4.39E-05
3260	3.91E-05
3261	4.47E-05
3262	0.00010744
3263	9.00E-05
3264	7.05E-05
3265	4.19E-05
3266	3.02E-05
3267	3.51E-05
3268	4.16E-05
3269	3.17E-05
3270	2.91E-05
3271	2.49E-05
3272	4.20E-05
3273	3.90E-05
3274	4.88E-05
3275	5.75E-05
3276	6.39E-05
3277	4.91E-05
3278	2.68E-05
3279	4.20E-05
3280	3.87E-05
3281	3.89E-05
3282	2.47E-05
3283	3.69E-05
3284	4.93E-05
3285	3.30E-05
3286	2.94E-05
3287	6.52E-05
3288	3.58E-05
3289	2.44E-05
3290	3.25E-05
3291	3.97E-05
3292	3.82E-05
3293	0.000270188
3294	5.04E-05
3295	5.64E-05
3296	0.000334157
3297	0.000178807
3298	4.60E-05
3299	3.60E-05
3300	3.51E-05
3301	4.10E-05
3302	3.08E-05
3303	3.17E-05
3304	4.55E-05
3305	3.10E-05
3306	3.16E-05
3307	3.31E-05
3308	4.96E-05
3309	6.81E-05
3310	3.56E-05
3311	3.43E-05
3312	4.46E-05
3313	3.05E-05
3314	3.78E-05
3315	3.26E-05
3316	3.89E-05
3317	4.03E-05
3318	3.72E-05
3319	6.70E-05
3320	0.000263806
3321	8.54E-05
3322	5.08E-05
3323	3.28E-05
3324	3.93E-05
3325	0.000528014
3326	0.000135128
3327	4.40E-05
3328	9.79E-05
3329	0.000104425
3330	3.14E-05
3331	4.18E-05
3332	9.14E-05
3333	0.000441253
3334	3.93E-05
3335	3.69E-05
3336	0.000436919
3337	3.00E-05
3338	0.000149178
3339	4.71E-05
3340	5.76E-05
3341	4.19E-05
3342	3.93E-05
3343	4.47E-05
3344	5.12E-05
3345	7.88E-05
3346	3.52E-05
3347	4.10E-05
3348	4.42E-05
3349	4.17E-05
3350	3.63E-05
3351	0.000151929
3352	0.000127149
3353	0.000153764
3354	6.53E-05
3355	3.74E-05
3356	7.04E-05
3357	4.01E-05
3358	4.30E-05
3359	0.000156315
3360	0.000109993
3361	4.36E-05
3362	3.96E-05
3363	2.67E-05
3364	3.58E-05
3365	3.76E-05
3366	2.88E-05
3367	3.65E-05
3368	0.00029326
3369	2.84E-05
3370	4.43E-05
3371	3.39E-05
3372	3.02E-05
3373	3.41E-05
3374	2.53E-05
3375	2.93E-05
3376	3.36E-05
3377	4.07E-05
3378	2.76E-05
3379	3.46E-05
3380	3.33E-05
3381	3.49E-05
3382	3.25E-05
3383	3.83E-05
3384	4.31E-05
3385	2.77E-05
3386	3.42E-05
3387	0.000205188
3388	4.46E-05
3389	3.46E-05
3390	0.000997483
3391	3.41E-05
3392	4.69E-05
3393	6.43E-05
3394	5.04E-05
3395	3.06E-05
3396	4.24E-05
3397	3.17E-05
3398	3.28E-05
3399	3.64E-05
3400	5.09E-05
3401	7.87E-05
3402	2.62E-05
3403	3.32E-05
3404	3.48E-05
3405	5.58E-05
3406	6.53E-05
3407	4.20E-05
3408	4.78E-05
3409	2.86E-05
3410	3.19E-05
3411	3.44E-05
3412	4.12E-05
3413	5.46E-05
3414	3.76E-05
3415	5.03E-05
3416	4.73E-05
3417	3.48E-05
3418	5.45E-05
3419	5.01E-05
3420	2.76E-05
3421	3.88E-05
3422	5.13E-05
3423	3.41E-05
3424	3.64E-05
3425	4.24E-05
3426	3.53E-05
3427	7.47E-05
3428	0.002283197
3429	6.52E-05
3430	4.75E-05
3431	3.41E-05
3432	3.28E-05
3433	3.59E-05
3434	3.82E-05
3435	8.69E-05
3436	0.000766156
3437	4.86E-05
3438	3.98E-05
3439	3.89E-05
3440	4.88E-05
3441	4.41E-05
3442	3.18E-05
3443	4.46E-05
3444	4.34E-05
3445	3.36E-05
3446	3.95E-05
3447	3.59E-05
3448	5.54E-05
3449	4.10E-05
3450	0.000121865
3451	0.000233948
3452	4.59E-05
3453	0.000589893
3454	2.59E-05
3455	3.35E-05
3456	0.00016282
3457	3.90E-05
3458	0.000175748
3459	4.08E-05
3460	0.000103881
3461	3.79E-05
3462	3.52E-05
3463	5.99E-05
3464	3.93E-05
3465	9.88E-05
3466	3.21E-05
3467	2.83E-05
3468	9.90E-05
3469	6.03E-05
3470	4.15E-05
3471	3.88E-05
3472	7.76E-05
3473	0.000130991
3474	4.65E-05
3475	3.88E-05
3476	0.000152994
3477	3.92E-05
3478	0.000119465
3479	0.000104331
3480	5.39E-05
3481	2.98E-05
3482	3.13E-05
3483	3.43E-05
3484	3.72E-05
3485	4.22E-05
3486	3.61E-05
3487	7.11E-05
3488	7.43E-05
3489	0.000101959
3490	1.00E-04
3491	0.000100778
3492	4.68E-05
3493	4.60E-05
3494	5.33E-05
3495	5.11E-05
3496	3.35E-05
3497	3.99E-05
3498	3.79E-05
3499	0.000344473
3500	3.44E-05
3501	5.24E-05
3502	3.38E-05
3503	4.53E-05
3504	5.05E-05
3505	5.72E-05
3506	0.000333547
3507	8.92E-05
3508	5.49E-05
3509	3.68E-05
3510	7.95E-05
3511	3.92E-05
3512	8.11E-05
3513	2.76E-05
3514	2.78E-05
3515	2.74E-05
3516	0.000165755
3517	3.55E-05
3518	4.41E-05
3519	3.28E-05
3520	3.46E-05
3521	0.000268695
3522	0.000802787
3523	0.000105388
3524	4.60E-05
3525	5.58E-05
3526	0.000130541
3527	4.50E-05
3528	5.28E-05
3529	0.00019735
3530	0.000111607
3531	0.00012709
3532	4.62E-05
3533	0.000114258
3534	3.04E-05
3535	0.000380616
3536	4.04E-05
3537	9.12E-05
3538	6.81E-05
3539	4.11E-05
3540	5.17E-05
3541	5.15E-05
3542	5.43E-05
3543	3.65E-05
3544	3.89E-05
3545	6.67E-05
3546	5.14E-05
3547	3.91E-05
3548	3.72E-05
3549	5.77E-05
3550	7.72E-05
3551	9.15E-05
3552	3.92E-05
3553	5.13E-05
3554	3.76E-05
3555	2.89E-05
3556	3.46E-05
3557	5.99E-05
3558	2.77E-05
3559	3.64E-05
3560	5.64E-05
3561	5.79E-05
3562	3.51E-05
3563	2.74E-05
3564	7.30E-05
3565	9.64E-05
3566	0.00013358
3567	5.28E-05
3568	4.79E-05
3569	7.99E-05
3570	3.36E-05
3571	3.56E-05
3572	3.94E-05
3573	4.74E-05
3574	8.88E-05
3575	0.000692674
3576	0.000285274
3577	5.21E-05
3578	8.68E-05
3579	8.16E-05
3580	7.14E-05
3581	7.34E-05
3582	6.48E-05
3583	0.000275921
3584	3.63E-05
3585	3.77E-05
3586	6.43E-05
3587	4.72E-05
3588	4.16E-05
3589	0.00061686
3590	5.71E-05
3591	5.13E-05
3592	3.63E-05
3593	7.97E-05
3594	0.000279489
3595	4.19E-05
3596	3.66E-05
3597	0.000862596
3598	0.000135131
3599	4.62E-05
3600	5.21E-05
3601	0.00021421
3602	5.59E-05
3603	3.29E-05
3604	3.06E-05
3605	4.09E-05
3606	2.98E-05
3607	2.57E-05
3608	0.00150663
3609	4.60E-05
3610	4.88E-05
3611	2.74E-05
3612	2.95E-05
3613	3.39E-05
3614	0.00017985
3615	2.73E-05
3616	3.49E-05
3617	4.02E-05
3618	4.26E-05
3619	3.74E-05
3620	0.000161785
3621	4.49E-05
3622	4.11E-05
3623	3.93E-05
3624	4.40E-05
3625	5.57E-05
3626	3.30E-05
3627	2.95E-05
3628	3.33E-05
3629	2.67E-05
3630	4.40E-05
3631	7.96E-05
3632	6.43E-05
3633	5.56E-05
3634	6.61E-05
3635	3.44E-05
3636	3.82E-05
3637	2.45E-05
3638	3.47E-05
3639	3.20E-05
3640	0.00012748
3641	3.64E-05
3642	9.59E-05
3643	6.58E-05
3644	7.24E-05
3645	0.000193589
3646	3.57E-05
3647	6.52E-05
3648	8.54E-05
3649	6.81E-05
3650	3.21E-05
3651	3.68E-05
3652	5.95E-05
3653	5.21E-05
3654	3.35E-05
3655	8.44E-05
3656	3.55E-05
3657	8.95E-05
3658	3.48E-05
3659	3.36E-05
3660	4.71E-05
3661	2.88E-05
3662	3.67E-05
3663	3.13E-05
3664	3.06E-05
3665	4.05E-05
3666	2.99E-05
3667	3.02E-05
3668	6.07E-05
3669	3.45E-05
3670	3.45E-05
3671	4.77E-05
3672	4.40E-05
3673	3.61E-05
3674	6.70E-05
3675	3.44E-05
3676	3.84E-05
3677	3.63E-05
3678	3.43E-05
3679	8.58E-05
3680	6.03E-05
3681	3.15E-05
3682	3.20E-05
3683	4.51E-05
3684	3.31E-05
3685	3.35E-05
3686	3.31E-05
3687	4.42E-05
3688	3.44E-05
3689	3.47E-05
3690	3.87E-05
3691	3.11E-05
3692	3.12E-05
3693	4.43E-05
3694	3.09E-05
3695	3.82E-05
3696	3.88E-05
3697	3.15E-05
3698	7.16E-05
3699	3.20E-05
3700	5.53E-05
3701	4.29E-05
3702	3.58E-05
3703	5.13E-05
3704	4.59E-05
3705	3.36E-05
3706	3.46E-05
3707	3.48E-05
3708	0.000145767
3709	6.01E-05
3710	8.55E-05
3711	6.11E-05
3712	3.31E-05
3713	3.24E-05
3714	0.000157136
3715	0.000400762
3716	4.07E-05
3717	0.000251735
3718	3.68E-05
3719	3.44E-05
3720	4.46E-05
3721	3.24E-05
3722	3.42E-05
3723	3.91E-05
3724	6.37E-05
3725	3.18E-05
3726	0.000105631
3727	3.94E-05
3728	4.37E-05
3729	8.48E-05
3730	5.44E-05
3731	0.00014732
3732	3.26E-05
3733	7.77E-05
3734	3.31E-05
3735	3.20E-05
3736	3.07E-05
3737	7.18E-05
3738	0.000172469
3739	0.000140768
3740	0.001238781
3741	0.000409998
3742	4.59E-05
3743	2.69E-05
3744	4.34E-05
3745	9.25E-05
3746	9.35E-05
3747	4.88E-05
3748	6.43E-05
3749	3.46E-05
3750	6.50E-05
3751	9.97E-05
3752	5.03E-05
3753	3.86E-05
3754	4.84E-05
3755	4.36E-05
3756	3.67E-05
3757	3.40E-05
3758	5.29E-05
3759	4.02E-05
3760	3.98E-05
3761	2.51E-05
3762	2.77E-05
3763	3.55E-05
3764	3.57E-05
3765	4.45E-05
3766	4.03E-05
3767	5.56E-05
3768	5.52E-05
3769	5.41E-05
3770	8.66E-05
3771	7.57E-05
3772	4.53E-05
3773	0.000116802
3774	8.56E-05
3775	0.000101829
3776	5.54E-05
3777	3.91E-05
3778	7.97E-05
3779	6.44E-05
3780	0.000112688
3781	4.64E-05
3782	7.17E-05
3783	0.000570547
3784	0.000104645
3785	0.000111457
3786	0.000122668
3787	4.90E-05
3788	0.00012948
3789	3.73E-05
3790	4.38E-05
3791	3.90E-05
3792	6.16E-05
3793	4.75E-05
3794	6.04E-05
3795	4.82E-05
3796	3.99E-05
3797	3.49E-05
3798	3.77E-05
3799	4.08E-05
3800	4.11E-05
3801	4.29E-05
3802	4.82E-05
3803	4.13E-05
3804	4.43E-05
3805	0.000140637
3806	3.29E-05
3807	3.37E-05
3808	6.49E-05
3809	3.77E-05
3810	0.000133349
3811	0.000304583
3812	8.15E-05
3813	4.89E-05
3814	4.27E-05
3815	3.57E-05
3816	4.96E-05
3817	5.93E-05
3818	3.53E-05
3819	0.000151337
3820	0.000113627
3821	4.96E-05
3822	9.15E-05
3823	0.000258878
3824	4.36E-05
3825	0.000108041
3826	3.74E-05
3827	3.91E-05
3828	4.37E-05
3829	5.44E-05
3830	5.64E-05
3831	0.000185528
3832	0.000103411
3833	7.83E-05
3834	5.48E-05
3835	7.62E-05
3836	5.60E-05
3837	6.87E-05
3838	7.36E-05
3839	5.33E-05
3840	8.46E-05
3841	8.02E-05
3842	5.99E-05
3843	5.20E-05
3844	5.60E-05
3845	0.000100982
3846	6.52E-05
3847	3.39E-05
3848	5.64E-05
3849	3.31E-05
3850	5.49E-05
3851	3.42E-05
3852	9.01E-05
3853	5.91E-05
3854	2.92E-05
3855	6.21E-05
3856	4.47E-05
3857	3.15E-05
3858	7.51E-05
3859	5.51E-05
3860	0.000338216
3861	3.02E-05
3862	8.19E-05
3863	4.04E-05
3864	6.43E-05
3865	3.34E-05
3866	4.38E-05
3867	7.89E-05
3868	6.17E-05
3869	7.62E-05
3870	2.91E-05
3871	2.66E-05
3872	0.000122434
3873	3.35E-05
3874	3.93E-05
3875	3.38E-05
3876	0.000118485
3877	0.000105408
3878	3.31E-05
3879	3.42E-05
3880	4.60E-05
3881	3.30E-05
3882	5.93E-05
3883	0.000229105
3884	5.76E-05
3885	4.01E-05
3886	4.09E-05
3887	5.55E-05
3888	5.10E-05
3889	3.34E-05
3890	6.80E-05
3891	3.33E-05
3892	4.03E-05
3893	3.66E-05
3894	4.58E-05
3895	3.28E-05
3896	5.61E-05
3897	3.93E-05
3898	3.12E-05
3899	7.53E-05
3900	4.28E-05
3901	4.02E-05
3902	3.42E-05
3903	0.000251205
3904	3.30E-05
3905	6.22E-05
3906	6.04E-05
3907	3.14E-05
3908	3.38E-05
3909	3.92E-05
3910	0.000219665
3911	5.82E-05
3912	4.64E-05
3913	4.42E-05
3914	2.87E-05
3915	3.49E-05
3916	6.20E-05
3917	0.000125921
3918	3.82E-05
3919	4.57E-05
3920	5.99E-05
3921	4.73E-05
3922	0.000571915
3923	2.83E-05
3924	3.23E-05
3925	0.000169531
3926	3.63E-05
3927	5.70E-05
3928	7.61E-05
3929	3.80E-05
3930	2.92E-05
3931	3.27E-05
3932	0.000160061
3933	0.000119224
3934	8.59E-05
3935	4.84E-05
3936	0.000346907
3937	0.000111774
3938	5.06E-05
3939	5.15E-05
3940	3.73E-05
3941	3.13E-05
3942	4.51E-05
3943	5.54E-05
3944	4.05E-05
3945	4.46E-05
3946	7.51E-05
3947	4.82E-05
3948	4.49E-05
3949	2.88E-05
3950	3.64E-05
3951	2.99E-05
3952	4.63E-05
3953	7.64E-05
3954	0.000109088
3955	7.26E-05
3956	6.24E-05
3957	3.22E-05
3958	7.98E-05
3959	0.000177405
3960	0.000170524
3961	6.83E-05
3962	8.10E-05
3963	5.16E-05
3964	5.79E-05
3965	0.000167491
3966	7.10E-05
3967	5.57E-05
3968	0.000200615
3969	0.000141918
3970	9.54E-05
3971	4.54E-05
3972	8.42E-05
3973	8.69E-05
3974	7.42E-05
3975	0.000117239
3976	7.97E-05
3977	6.10E-05
3978	4.09E-05
3979	6.75E-05
3980	3.88E-05
3981	3.63E-05
3982	3.12E-05
3983	4.11E-05
3984	0.000828146
3985	4.05E-05
3986	3.35E-05
3987	2.69E-05
3988	0.000166953
3989	4.02E-05
3990	5.59E-05
3991	3.83E-05
3992	7.06E-05
3993	3.46E-05
3994	6.16E-05
3995	3.97E-05
3996	3.13E-05
3997	3.63E-05
3998	4.12E-05
3999	5.19E-05
4000	4.49E-05
4001	5.46E-05
4002	6.41E-05
4003	0.000230376
4004	3.96E-05
4005	3.40E-05
4006	3.27E-05
4007	4.08E-05
4008	4.91E-05
4009	0.000516972
4010	5.72E-05
4011	9.85E-05
4012	5.49E-05
4013	3.68E-05
4014	2.86E-05
4015	4.85E-05
4016	0.000108157
4017	3.11E-05
4018	2.55E-05
4019	4.31E-05
4020	0.000119464
4021	0.001463907
4022	5.77E-05
4023	3.20E-05
4024	5.98E-05
4025	3.43E-05
4026	3.24E-05
4027	2.94E-05
4028	4.26E-05
4029	7.39E-05
4030	5.34E-05
4031	0.000252924
4032	0.000124979
4033	3.53E-05
4034	3.40E-05
4035	0.000150921
4036	4.03E-05
4037	4.50E-05
4038	3.29E-05
4039	4.05E-05
4040	9.74E-05
4041	2.51E-05
4042	0.000150169
4043	7.86E-05
4044	6.76E-05
4045	2.96E-05
4046	4.58E-05
4047	0.000137909
4048	3.84E-05
4049	3.96E-05
4050	3.84E-05
4051	3.26E-05
4052	4.89E-05
4053	3.13E-05
4054	5.42E-05
4055	4.43E-05
4056	0.000111
4057	0.000126508
4058	5.69E-05
4059	0.000111435
4060	4.10E-05
4061	2.84E-05
4062	6.82E-05
4063	3.35E-05
4064	0.000163524
4065	0.00012422
4066	6.25E-05
4067	3.29E-05
4068	5.07E-05
4069	7.16E-05
4070	0.000187773
4071	6.87E-05
4072	4.63E-05
4073	3.89E-05
4074	3.40E-05
4075	3.14E-05
4076	0.000334208
4077	5.88E-05
4078	4.15E-05
4079	3.51E-05
4080	6.19E-05
4081	4.60E-05
4082	0.000108155
4083	3.25E-05
4084	3.43E-05
4085	5.22E-05
4086	7.28E-05
4087	4.52E-05
4088	5.17E-05
4089	4.69E-05
4090	4.75E-05
4091	4.18E-05
4092	9.61E-05
4093	0.000128545
4094	8.15E-05
4095	7.31E-05
4096	5.07E-05
4097	4.07E-05
4098	4.10E-05
4099	3.15E-05
4100	7.10E-05
4101	0.000163834
4102	7.08E-05
4103	6.29E-05
4104	6.47E-05
4105	3.64E-05
4106	6.95E-05
4107	6.18E-05
4108	4.16E-05
4109	0.000141461
4110	3.28E-05
4111	0.000115904
4112	0.000329599
4113	4.49E-05
4114	8.63E-05
4115	5.60E-05
4116	3.40E-05
4117	9.13E-05
4118	5.20E-05
4119	9.68E-05
4120	5.05E-05
4121	5.88E-05
4122	9.95E-05
4123	3.12E-05
4124	4.50E-05
4125	3.15E-05
4126	6.94E-05
4127	0.000350501
4128	0.000116051
4129	7.03E-05
4130	9.37E-05
4131	3.58E-05
4132	3.28E-05
4133	9.93E-05
4134	7.40E-05
4135	4.89E-05
4136	0.000170351
4137	3.51E-05
4138	0.000126243
4139	0.000453295
4140	0.000169837
4141	3.05E-05
4142	9.61E-05
4143	0.000735272
4144	8.38E-05
4145	6.26E-05
4146	5.28E-05
4147	5.67E-05
4148	0.000204625
4149	4.99E-05
4150	8.24E-05
4151	3.10E-05
4152	3.86E-05
4153	2.59E-05
4154	3.21E-05
4155	0.000393933
4156	3.30E-05
4157	8.35E-05
4158	9.64E-05
4159	0.000114416
4160	4.01E-05
4161	0.000109703
4162	3.69E-05
4163	0.000182443
4164	2.81E-05
4165	5.71E-05
4166	3.82E-05
4167	5.89E-05
4168	2.95E-05
4169	4.61E-05
4170	3.62E-05
4171	4.45E-05
4172	3.06E-05
4173	6.32E-05
4174	3.69E-05
4175	3.94E-05
4176	3.70E-05
4177	3.52E-05
4178	3.09E-05
4179	3.67E-05
4180	4.91E-05
4181	5.25E-05
4182	5.44E-05
4183	4.89E-05
4184	5.78E-05
4185	3.05E-05
4186	2.85E-05
4187	4.41E-05
4188	7.15E-05
4189	0.000104073
4190	3.67E-05
4191	0.000204766
4192	3.21E-05
4193	3.94E-05
4194	8.19E-05
4195	7.87E-05
4196	2.70E-05
4197	3.21E-05
4198	4.17E-05
4199	0.000298791
4200	3.19E-05
4201	3.24E-05
4202	6.12E-05
4203	7.65E-05
4204	0.000108464
4205	3.61E-05
4206	4.84E-05
4207	0.000546222
4208	6.86E-05
4209	3.52E-05
4210	0.000146271
4211	6.03E-05
4212	0.000147836
4213	8.06E-05
4214	7.28E-05
4215	0.000477399
4216	2.68E-05
4217	7.18E-05
4218	7.83E-05
4219	3.71E-05
4220	3.24E-05
4221	4.31E-05
4222	4.12E-05
4223	4.49E-05
4224	0.002416339
4225	0.00042081
4226	2.98E-05
4227	5.37E-05
4228	0.000100518
4229	0.00016058
4230	9.71E-05
4231	5.39E-05
4232	2.71E-05
4233	0.000184237
4234	3.43E-05
4235	0.000198447
4236	0.000302106
4237	4.83E-05
4238	4.76E-05
4239	8.14E-05
4240	3.46E-05
4241	3.56E-05
4242	4.73E-05
4243	4.23E-05
4244	3.09E-05
4245	3.56E-05
4246	3.95E-05
4247	3.50E-05
4248	4.27E-05
4249	2.80E-05
4250	3.54E-05
4251	5.22E-05
4252	5.60E-05
4253	6.80E-05
4254	4.27E-05
4255	6.10E-05
4256	4.70E-05
4257	5.20E-05
4258	4.98E-05
4259	4.89E-05
4260	6.82E-05
4261	6.50E-05
4262	2.59E-05
4263	5.62E-05
4264	4.89E-05
4265	3.05E-05
4266	3.02E-05
4267	0.000163122
4268	6.18E-05
4269	7.61E-05
4270	7.33E-05
4271	6.13E-05
4272	4.54E-05
4273	0.000101786
4274	2.46E-05
4275	4.98E-05
4276	0.000115579
4277	6.73E-05
4278	5.70E-05
4279	9.47E-05
4280	6.26E-05
4281	3.41E-05
4282	3.24E-05
4283	3.50E-05
4284	3.43E-05
4285	4.24E-05
4286	3.90E-05
4287	3.48E-05
4288	2.96E-05
4289	4.50E-05
4290	0.000161204
