1	7.62E-05
2	4.47E-05
3	0.000234075
4	0.000113237
5	4.11E-05
6	4.92E-05
7	5.91E-05
8	0.000154203
9	0.00013028
10	7.19E-05
11	4.42E-05
12	8.21E-05
13	9.64E-05
14	8.48E-05
15	0.000188925
16	0.000169703
17	9.82E-05
18	0.000119068
19	4.72E-05
20	7.29E-05
21	3.21E-05
22	7.99E-05
23	8.92E-05
24	8.06E-05
25	0.000103763
26	6.36E-05
27	0.000171034
28	7.10E-05
29	4.14E-05
30	4.53E-05
31	9.43E-05
32	6.93E-05
33	7.87E-05
34	0.000101572
35	6.92E-05
36	4.64E-05
37	4.05E-05
38	8.44E-05
39	0.001002467
40	0.000118826
41	0.000104357
42	4.25E-05
43	0.000201392
44	0.000211319
45	8.50E-05
46	6.35E-05
47	0.000114174
48	0.000156418
49	4.31E-05
50	4.19E-05
51	4.35E-05
52	9.89E-05
53	6.92E-05
54	0.000241687
55	7.63E-05
56	0.000308684
57	3.88E-05
58	5.39E-05
59	0.000117866
60	0.001224144
61	4.63E-05
62	0.000124134
63	5.29E-05
64	8.32E-05
65	4.80E-05
66	4.26E-05
67	0.000208953
68	9.31E-05
69	7.18E-05
70	4.86E-05
71	7.89E-05
72	5.65E-05
73	3.55E-05
74	3.57E-05
75	4.01E-05
76	7.85E-05
77	0.000217108
78	0.000288491
79	7.11E-05
80	4.08E-05
81	6.76E-05
82	5.35E-05
83	0.000241774
84	6.83E-05
85	5.63E-05
86	5.63E-05
87	3.71E-05
88	5.60E-05
89	4.21E-05
90	5.29E-05
91	4.88E-05
92	5.71E-05
93	7.67E-05
94	5.48E-05
95	8.20E-05
96	3.53E-05
97	0.000219533
98	9.67E-05
99	4.57E-05
100	6.02E-05
101	7.92E-05
102	0.000180347
103	0.000101658
104	3.33E-05
105	5.38E-05
106	4.89E-05
107	5.21E-05
108	8.64E-05
109	0.000179626
110	0.00011865
111	0.000154464
112	0.000147291
113	0.00024665
114	0.00011826
115	4.59E-05
116	5.69E-05
117	6.04E-05
118	0.000110931
119	0.000108012
120	0.000110272
121	0.000185592
122	4.33E-05
123	0.000176554
124	9.85E-05
125	9.17E-05
126	0.000137017
127	5.29E-05
128	4.69E-05
129	0.000160831
130	0.000124087
131	0.000120509
132	5.13E-05
133	4.06E-05
134	0.000111105
135	0.000211489
136	3.95E-05
137	5.62E-05
138	5.22E-05
139	0.000228916
140	0.000100135
141	0.000311086
142	2.95E-05
143	0.000107232
144	5.35E-05
145	0.000128796
146	9.81E-05
147	8.04E-05
148	0.000645858
149	5.12E-05
150	0.000122181
151	6.56E-05
152	9.67E-05
153	0.000254343
154	5.14E-05
155	0.000169408
156	7.91E-05
157	0.000113825
158	0.00021521
159	0.000115784
160	0.000190299
161	0.000305628
162	3.83E-05
163	0.000587883
164	4.98E-05
165	6.37E-05
166	4.64E-05
167	0.000103022
168	6.54E-05
169	0.000284333
170	0.000296517
171	0.000131536
172	9.34E-05
173	0.000155181
174	0.000190217
175	6.76E-05
176	6.72E-05
177	0.000138292
178	4.11E-05
179	0.00034911
180	0.000265838
181	0.000268857
182	6.10E-05
183	0.000103783
184	0.000234702
185	0.000114029
186	4.93E-05
187	4.75E-05
188	0.00015993
189	6.88E-05
190	7.04E-05
191	7.00E-05
192	9.20E-05
193	4.59E-05
194	6.78E-05
195	5.49E-05
196	4.08E-05
197	6.45E-05
198	7.59E-05
199	0.000514379
200	8.69E-05
201	5.66E-05
202	5.38E-05
203	9.31E-05
204	6.35E-05
205	6.99E-05
206	5.47E-05
207	0.000414627
208	4.90E-05
209	8.81E-05
210	4.45E-05
211	5.13E-05
212	4.46E-05
213	5.76E-05
214	5.20E-05
215	4.98E-05
216	4.25E-05
217	6.83E-05
218	0.000259983
219	0.000396892
220	3.86E-05
221	0.000118488
222	5.83E-05
223	4.70E-05
224	4.54E-05
225	5.34E-05
226	0.000103737
227	5.15E-05
228	4.21E-05
229	0.000123518
230	5.29E-05
231	6.44E-05
232	7.24E-05
233	5.06E-05
234	4.58E-05
235	0.000111928
236	4.55E-05
237	7.82E-05
238	4.67E-05
239	3.65E-05
240	0.000109031
241	8.79E-05
242	4.65E-05
243	3.74E-05
244	5.56E-05
245	0.000145348
246	3.93E-05
247	5.37E-05
248	6.65E-05
249	5.53E-05
250	0.000180062
251	3.85E-05
252	7.53E-05
253	0.002952664
254	4.13E-05
255	4.74E-05
256	0.000147561
257	4.68E-05
258	4.23E-05
259	7.23E-05
260	0.000203486
261	0.00016306
262	5.31E-05
263	0.00010666
264	0.000171148
265	6.63E-05
266	6.04E-05
267	0.000236095
268	4.19E-05
269	0.004817158
270	0.001066623
271	4.61E-05
272	5.09E-05
273	5.10E-05
274	4.74E-05
275	0.002695908
276	0.000463011
277	6.83E-05
278	4.30E-05
279	4.53E-05
280	4.47E-05
281	0.000302681
282	0.000173528
283	0.000177552
284	6.16E-05
285	0.000136891
286	6.75E-05
287	3.70E-05
288	6.36E-05
289	4.41E-05
290	3.54E-05
291	3.54E-05
292	5.20E-05
293	3.67E-05
294	4.31E-05
295	4.55E-05
296	4.62E-05
297	3.90E-05
298	4.78E-05
299	0.00039217
300	0.000187598
301	5.02E-05
302	3.84E-05
303	5.02E-05
304	0.000134101
305	4.92E-05
306	2.88E-05
307	3.72E-05
308	5.12E-05
309	3.51E-05
310	0.00012689
311	3.79E-05
312	5.29E-05
313	6.80E-05
314	0.000117391
315	4.72E-05
316	0.00015862
317	5.74E-05
318	0.000129563
319	4.73E-05
320	3.99E-05
321	6.35E-05
322	4.67E-05
323	4.52E-05
324	4.36E-05
325	4.58E-05
326	0.000117642
327	7.33E-05
328	3.81E-05
329	3.39E-05
330	5.73E-05
331	6.67E-05
332	0.000227644
333	0.000183563
334	3.65E-05
335	4.40E-05
336	0.000163427
337	0.000175086
338	9.69E-05
339	3.25E-05
340	0.000281212
341	3.65E-05
342	6.12E-05
343	4.44E-05
344	4.57E-05
345	0.000103347
346	9.18E-05
347	3.78E-05
348	8.11E-05
349	0.000143027
350	0.000355762
351	4.72E-05
352	4.43E-05
353	0.000128958
354	3.48E-05
355	0.000121843
356	3.98E-05
357	7.69E-05
358	0.000143871
359	0.002864142
360	4.96E-05
361	3.99E-05
362	0.000283056
363	0.000134335
364	6.02E-05
365	9.13E-05
366	0.000263113
367	4.36E-05
368	6.71E-05
369	0.000119845
370	5.23E-05
371	0.000121915
372	5.09E-05
373	0.000121531
374	4.78E-05
375	4.17E-05
376	4.89E-05
377	4.84E-05
378	0.000217196
379	0.003555012
380	0.000271042
381	0.003722458
382	0.000320651
383	0.000223204
384	0.000337667
385	0.000131929
386	0.000106131
387	3.73E-05
388	0.000124694
389	4.08E-05
390	6.69E-05
391	6.37E-05
392	7.30E-05
393	0.000126293
394	4.59E-05
395	0.000208024
396	4.72E-05
397	0.000124576
398	0.000164293
399	4.45E-05
400	4.90E-05
401	0.000198409
402	0.000301939
403	0.000283294
404	0.000291159
405	3.11E-05
406	6.18E-05
407	4.18E-05
408	5.02E-05
409	0.00011866
410	0.000308023
411	0.000258879
412	0.000155006
413	5.91E-05
414	6.28E-05
415	7.15E-05
416	0.000125132
417	6.68E-05
418	5.78E-05
419	4.51E-05
420	4.35E-05
421	3.78E-05
422	0.000135696
423	4.84E-05
424	5.86E-05
425	4.29E-05
426	3.79E-05
427	3.42E-05
428	3.41E-05
429	0.000111455
430	3.34E-05
431	3.41E-05
432	4.71E-05
433	0.000206366
434	0.000255984
435	9.13E-05
436	0.001277921
437	0.000108927
438	0.000217862
439	0.00011707
440	6.01E-05
441	4.95E-05
442	0.000155309
443	7.05E-05
444	6.90E-05
445	4.49E-05
446	4.45E-05
447	5.53E-05
448	9.39E-05
449	4.33E-05
450	0.00012723
451	8.20E-05
452	5.44E-05
453	7.71E-05
454	3.92E-05
455	4.81E-05
456	3.80E-05
457	0.000154547
458	0.00015885
459	0.000108322
460	7.59E-05
461	5.80E-05
462	6.74E-05
463	3.19E-05
464	4.15E-05
465	4.84E-05
466	0.000283256
467	0.002967188
468	0.000117747
469	0.000214584
470	4.09E-05
471	8.78E-05
472	4.57E-05
473	3.55E-05
474	9.28E-05
475	0.000159513
476	0.00012252
477	0.00020924
478	6.58E-05
479	0.000104315
480	0.000173118
481	7.22E-05
482	4.24E-05
483	5.68E-05
484	3.57E-05
485	5.07E-05
486	3.88E-05
487	6.53E-05
488	3.45E-05
489	3.87E-05
490	0.000114569
491	0.000135088
492	4.86E-05
493	5.46E-05
494	8.02E-05
495	8.00E-05
496	3.80E-05
497	7.52E-05
498	0.000119103
499	8.61E-05
500	8.90E-05
501	5.02E-05
502	5.75E-05
503	0.000113824
504	5.59E-05
505	8.02E-05
506	0.000169115
507	6.71E-05
508	6.63E-05
509	0.000132516
510	0.000226933
511	0.000582655
512	0.00020272
513	0.000151445
514	5.55E-05
515	5.32E-05
516	9.36E-05
517	5.62E-05
518	3.92E-05
519	4.19E-05
520	7.40E-05
521	3.87E-05
522	0.000217403
523	0.000125075
524	8.01E-05
525	0.000121223
526	7.93E-05
527	0.000207124
528	0.000224484
529	0.000191953
530	0.000127772
531	6.53E-05
532	7.66E-05
533	0.000157833
534	5.91E-05
535	0.000160816
536	7.51E-05
537	0.000133755
538	4.25E-05
539	0.00018493
540	0.00021966
541	0.000213226
542	0.000160157
543	0.000139003
544	0.000171497
545	4.15E-05
546	6.77E-05
547	3.92E-05
548	0.000160938
549	0.000154255
550	3.88E-05
551	4.04E-05
552	4.09E-05
553	6.63E-05
554	0.000150173
555	0.000168296
556	9.70E-05
557	0.000100908
558	0.000112551
559	3.29E-05
560	0.000182428
561	0.000103492
562	0.000132956
563	9.94E-05
564	0.000185779
565	6.50E-05
566	7.40E-05
567	8.50E-05
568	8.02E-05
569	9.76E-05
570	5.58E-05
571	0.00010815
572	5.26E-05
573	3.45E-05
574	4.45E-05
575	3.19E-05
576	0.00013965
577	6.49E-05
578	5.53E-05
579	5.34E-05
580	2.93E-05
581	4.04E-05
582	6.27E-05
583	8.93E-05
584	0.000116642
585	4.87E-05
586	6.36E-05
587	5.71E-05
588	0.000256562
589	6.92E-05
590	4.80E-05
591	5.69E-05
592	5.26E-05
593	5.85E-05
594	0.000213221
595	4.82E-05
596	7.49E-05
597	5.70E-05
598	0.000120198
599	6.30E-05
600	4.28E-05
601	4.51E-05
602	0.00014002
603	0.000152976
604	4.97E-05
605	4.70E-05
606	7.62E-05
607	6.13E-05
608	0.000119677
609	8.93E-05
610	4.82E-05
611	0.000423653
612	4.33E-05
613	4.52E-05
614	3.66E-05
615	4.72E-05
616	0.000257777
617	5.41E-05
618	6.53E-05
619	0.000472378
620	0.000128713
621	5.85E-05
622	4.01E-05
623	6.97E-05
624	5.47E-05
625	0.001062312
626	5.88E-05
627	9.45E-05
628	4.93E-05
629	6.58E-05
630	4.79E-05
631	9.80E-05
632	6.12E-05
633	6.57E-05
634	7.07E-05
635	6.15E-05
636	0.001452571
637	0.000104649
638	9.16E-05
639	5.74E-05
640	5.24E-05
641	7.11E-05
642	4.88E-05
643	9.37E-05
644	4.93E-05
645	4.76E-05
646	5.41E-05
647	4.84E-05
648	4.33E-05
649	6.06E-05
650	4.52E-05
651	5.22E-05
652	0.000274898
653	6.64E-05
654	0.00029837
655	4.11E-05
656	5.03E-05
657	6.78E-05
658	5.13E-05
659	6.25E-05
660	5.07E-05
661	4.76E-05
662	3.95E-05
663	7.47E-05
664	4.50E-05
665	4.83E-05
666	6.30E-05
667	0.00045508
668	5.97E-05
669	4.83E-05
670	4.19E-05
671	4.81E-05
672	5.38E-05
673	0.000323269
674	5.85E-05
675	5.77E-05
676	4.26E-05
677	4.23E-05
678	0.000163053
679	4.38E-05
680	4.73E-05
681	4.67E-05
682	5.37E-05
683	3.92E-05
684	3.94E-05
685	5.24E-05
686	4.69E-05
687	5.30E-05
688	3.72E-05
689	0.000186245
690	0.000108839
691	3.79E-05
692	4.30E-05
693	6.46E-05
694	4.14E-05
695	3.61E-05
696	3.98E-05
697	5.64E-05
698	5.81E-05
699	0.000309693
700	4.54E-05
701	6.08E-05
702	7.74E-05
703	4.10E-05
704	3.68E-05
705	7.03E-05
706	8.03E-05
707	4.42E-05
708	5.22E-05
709	7.25E-05
710	3.31E-05
711	3.37E-05
712	3.41E-05
713	4.85E-05
714	0.000394397
715	5.00E-05
716	4.05E-05
717	6.26E-05
718	4.04E-05
719	3.91E-05
720	5.21E-05
721	6.39E-05
722	0.000104811
723	5.39E-05
724	3.40E-05
725	4.63E-05
726	4.95E-05
727	3.43E-05
728	3.87E-05
729	5.23E-05
730	0.001006364
731	0.000228343
732	0.000221524
733	0.000105966
734	4.42E-05
735	6.32E-05
736	0.000233339
737	4.95E-05
738	3.96E-05
739	4.64E-05
740	4.84E-05
741	5.79E-05
742	9.09E-05
743	6.32E-05
744	7.21E-05
745	0.000135091
746	4.16E-05
747	4.66E-05
748	3.91E-05
749	8.19E-05
750	5.34E-05
751	3.94E-05
752	3.84E-05
753	5.97E-05
754	3.80E-05
755	6.72E-05
756	4.97E-05
757	5.27E-05
758	4.81E-05
759	5.74E-05
760	4.70E-05
761	3.51E-05
762	9.03E-05
763	4.78E-05
764	4.29E-05
765	0.000206487
766	3.51E-05
767	4.93E-05
768	5.79E-05
769	0.000106003
770	5.26E-05
771	4.33E-05
772	4.04E-05
773	4.87E-05
774	6.30E-05
775	3.92E-05
776	4.26E-05
777	3.80E-05
778	0.000230955
779	0.000113836
780	6.84E-05
781	6.76E-05
782	3.95E-05
783	6.70E-05
784	6.55E-05
785	4.47E-05
786	4.87E-05
787	0.000459157
788	5.53E-05
789	9.26E-05
790	4.51E-05
791	3.65E-05
792	6.28E-05
793	4.68E-05
794	4.71E-05
795	8.68E-05
796	3.51E-05
797	5.42E-05
798	8.13E-05
799	4.23E-05
800	0.000306272
801	0.001593909
802	4.53E-05
803	4.57E-05
804	5.71E-05
805	5.36E-05
806	0.000147831
807	5.16E-05
808	4.04E-05
809	7.50E-05
810	0.000997856
811	3.76E-05
812	3.74E-05
813	5.04E-05
814	4.23E-05
815	4.75E-05
816	6.64E-05
817	4.34E-05
818	0.000141432
819	9.11E-05
820	5.93E-05
821	6.75E-05
822	4.83E-05
823	5.95E-05
824	4.57E-05
825	6.68E-05
826	0.000227877
827	9.80E-05
828	6.95E-05
829	5.12E-05
830	0.002891049
831	5.18E-05
832	0.000520326
833	0.000162257
834	0.000160208
835	0.001035031
836	0.000168289
837	6.08E-05
838	0.000352193
839	0.000701836
840	6.60E-05
841	5.24E-05
842	0.000103778
843	3.31E-05
844	0.000128485
845	0.000243613
846	0.000153563
847	5.15E-05
848	0.000690002
849	0.000202789
850	4.98E-05
851	0.000292008
852	0.000181139
853	5.26E-05
854	6.42E-05
855	7.77E-05
856	0.000139505
857	0.000270829
858	4.44E-05
859	0.000180078
860	0.00019087
861	6.04E-05
862	0.002072173
863	0.000172111
864	4.34E-05
865	8.47E-05
866	4.65E-05
867	6.46E-05
868	7.01E-05
869	0.000110913
870	0.000405586
871	8.70E-05
872	6.26E-05
873	6.34E-05
874	5.14E-05
875	4.64E-05
876	3.80E-05
877	4.45E-05
878	4.02E-05
879	9.31E-05
880	0.000237371
881	0.00012428
882	0.000113633
883	3.90E-05
884	5.21E-05
885	9.08E-05
886	0.000167202
887	0.00010112
888	8.60E-05
889	0.00018214
890	3.57E-05
891	4.56E-05
892	4.88E-05
893	6.15E-05
894	0.000211099
895	0.00010285
896	0.000169662
897	0.00013842
898	4.66E-05
899	0.000173445
900	0.00012986
901	0.000175591
902	0.00010312
903	4.50E-05
904	8.17E-05
905	8.47E-05
906	0.000105722
907	5.71E-05
908	5.35E-05
909	4.37E-05
910	9.48E-05
911	9.47E-05
912	3.95E-05
913	5.41E-05
914	0.000861323
915	5.52E-05
916	3.67E-05
917	8.78E-05
918	7.44E-05
919	0.000123273
920	4.85E-05
921	3.31E-05
922	0.000135167
923	3.39E-05
924	0.000172391
925	3.89E-05
926	7.72E-05
927	0.000133435
928	5.08E-05
929	6.68E-05
930	4.42E-05
931	4.17E-05
932	5.06E-05
933	0.000327842
934	7.56E-05
935	0.000106417
936	0.000391741
937	0.000101873
938	6.41E-05
939	3.97E-05
940	4.51E-05
941	0.000113344
942	6.70E-05
943	4.69E-05
944	9.33E-05
945	6.62E-05
946	8.27E-05
947	4.44E-05
948	8.00E-05
949	7.09E-05
950	0.000358076
951	8.28E-05
952	0.001021095
953	7.45E-05
954	5.39E-05
955	0.000165111
956	0.000209884
957	9.47E-05
958	0.000111716
959	0.000115597
960	9.89E-05
961	0.000593874
962	4.93E-05
963	3.42E-05
964	6.53E-05
965	8.82E-05
966	8.48E-05
967	0.000109345
968	4.29E-05
969	4.91E-05
970	4.12E-05
971	9.22E-05
972	4.19E-05
973	4.30E-05
974	4.78E-05
975	4.55E-05
976	5.44E-05
977	0.000233425
978	4.33E-05
979	5.31E-05
980	5.31E-05
981	5.96E-05
982	0.000351854
983	4.40E-05
984	5.16E-05
985	4.78E-05
986	4.97E-05
987	3.87E-05
988	4.24E-05
989	6.08E-05
990	4.86E-05
991	5.54E-05
992	6.36E-05
993	5.44E-05
994	4.93E-05
995	3.54E-05
996	4.84E-05
997	4.86E-05
998	7.28E-05
999	4.67E-05
1000	6.73E-05
1001	3.48E-05
1002	5.30E-05
1003	3.24E-05
1004	3.53E-05
1005	3.20E-05
1006	0.001121116
1007	8.75E-05
1008	0.00010064
1009	4.94E-05
1010	0.000113882
1011	3.69E-05
1012	3.44E-05
1013	4.13E-05
1014	5.05E-05
1015	3.72E-05
1016	7.73E-05
1017	4.42E-05
1018	8.99E-05
1019	4.20E-05
1020	4.86E-05
1021	4.58E-05
1022	5.03E-05
1023	4.85E-05
1024	6.38E-05
1025	7.17E-05
1026	9.70E-05
1027	4.50E-05
1028	4.43E-05
1029	0.000183759
1030	3.80E-05
1031	8.26E-05
1032	4.52E-05
1033	0.000143593
1034	6.65E-05
1035	0.000180151
1036	5.18E-05
1037	5.25E-05
1038	0.00011213
1039	0.000116667
1040	0.00063751
1041	0.00014643
1042	6.11E-05
1043	0.000129192
1044	2.97E-05
1045	4.94E-05
1046	3.03E-05
1047	4.18E-05
1048	4.97E-05
1049	6.61E-05
1050	3.84E-05
1051	8.02E-05
1052	0.000103033
1053	0.000121587
1054	4.11E-05
1055	3.88E-05
1056	5.57E-05
1057	0.000194077
1058	3.73E-05
1059	4.84E-05
1060	4.90E-05
1061	6.16E-05
1062	5.41E-05
1063	5.21E-05
1064	0.000471782
1065	0.000251575
1066	3.94E-05
1067	0.000148169
1068	0.000148426
1069	0.000189431
1070	6.07E-05
1071	4.28E-05
1072	6.68E-05
1073	0.000292099
1074	7.38E-05
1075	0.000136764
1076	0.000116031
1077	9.72E-05
1078	0.000202029
1079	7.41E-05
1080	3.59E-05
1081	7.40E-05
1082	7.74E-05
1083	0.000134615
1084	6.98E-05
1085	4.55E-05
1086	0.000156721
1087	0.000155715
1088	7.67E-05
1089	0.000356073
1090	0.000198191
1091	0.000163386
1092	6.00E-05
1093	0.000156925
1094	0.00014755
1095	0.000139574
1096	0.000135372
1097	4.38E-05
1098	0.000184002
1099	5.92E-05
1100	6.50E-05
1101	9.91E-05
1102	6.80E-05
1103	8.84E-05
1104	9.05E-05
1105	8.27E-05
1106	9.00E-05
1107	6.93E-05
1108	4.03E-05
1109	0.000109295
1110	6.43E-05
1111	8.41E-05
1112	0.000102754
1113	4.20E-05
1114	5.54E-05
1115	6.79E-05
1116	3.63E-05
1117	5.49E-05
1118	8.10E-05
1119	3.49E-05
1120	5.06E-05
1121	6.02E-05
1122	7.21E-05
1123	0.000150665
1124	0.000199418
1125	7.39E-05
1126	7.70E-05
1127	0.000120193
1128	0.000201522
1129	0.00012123
1130	6.98E-05
1131	7.80E-05
1132	7.62E-05
1133	0.000588208
1134	3.35E-05
1135	0.000106819
1136	3.68E-05
1137	0.002225861
1138	0.000199064
1139	8.45E-05
1140	0.000185326
1141	6.91E-05
1142	0.000106779
1143	6.18E-05
1144	4.49E-05
1145	0.000251757
1146	6.33E-05
1147	0.00010959
1148	4.20E-05
1149	0.000203896
1150	9.62E-05
1151	4.18E-05
1152	3.72E-05
1153	0.000117346
1154	3.75E-05
1155	9.14E-05
1156	3.89E-05
1157	5.42E-05
1158	5.92E-05
1159	9.36E-05
1160	3.38E-05
1161	5.76E-05
1162	8.52E-05
1163	0.000106124
1164	7.57E-05
1165	0.000133691
1166	5.95E-05
1167	6.13E-05
1168	5.30E-05
1169	0.000174093
1170	6.15E-05
1171	0.000145214
1172	0.000193764
1173	0.000172354
1174	0.000208552
1175	0.000122587
1176	0.000121221
1177	0.000114924
1178	6.89E-05
1179	7.20E-05
1180	9.42E-05
1181	4.42E-05
1182	6.85E-05
1183	0.000123325
1184	0.000177155
1185	6.29E-05
1186	0.000164632
1187	6.78E-05
1188	4.29E-05
1189	0.00016474
1190	0.000159269
1191	9.69E-05
1192	0.000140405
1193	4.18E-05
1194	0.000212792
1195	6.83E-05
1196	7.75E-05
1197	0.000204674
1198	0.000168729
1199	0.00025367
1200	6.43E-05
1201	0.000190787
1202	7.69E-05
1203	0.000116325
1204	0.00016541
1205	0.000148208
1206	0.000451423
1207	7.84E-05
1208	0.000101608
1209	0.000128001
1210	0.000194874
1211	3.95E-05
1212	4.20E-05
1213	7.14E-05
1214	0.00029396
1215	9.91E-05
1216	0.000199223
1217	0.000225547
1218	0.000498834
1219	5.94E-05
1220	8.21E-05
1221	0.000158944
1222	0.000209911
1223	4.20E-05
1224	0.000286162
1225	0.000175663
1226	7.71E-05
1227	8.65E-05
1228	8.27E-05
1229	0.000370639
1230	0.00017094
1231	0.000435843
1232	5.55E-05
1233	3.91E-05
1234	5.63E-05
1235	7.32E-05
1236	4.50E-05
1237	0.000132416
1238	6.89E-05
1239	4.25E-05
1240	0.000118642
1241	4.57E-05
1242	0.00022277
1243	5.94E-05
1244	0.00030495
1245	5.97E-05
1246	8.37E-05
1247	8.65E-05
1248	5.79E-05
1249	5.34E-05
1250	5.31E-05
1251	0.00010441
1252	5.43E-05
1253	4.64E-05
1254	3.75E-05
1255	8.58E-05
1256	9.91E-05
1257	7.01E-05
1258	3.88E-05
1259	4.17E-05
1260	3.71E-05
1261	6.55E-05
1262	4.33E-05
1263	5.86E-05
1264	8.46E-05
1265	0.000151804
1266	6.20E-05
1267	3.95E-05
1268	3.02E-05
1269	6.70E-05
1270	0.000516393
1271	6.42E-05
1272	0.000301661
1273	8.93E-05
1274	5.71E-05
1275	8.22E-05
1276	7.76E-05
1277	4.88E-05
1278	8.90E-05
1279	9.95E-05
1280	6.97E-05
1281	0.000151292
1282	7.08E-05
1283	4.90E-05
1284	7.42E-05
1285	4.79E-05
1286	5.75E-05
1287	6.39E-05
1288	0.000414988
1289	8.69E-05
1290	0.000118658
1291	8.32E-05
1292	7.60E-05
1293	0.000110665
1294	0.000165006
1295	5.37E-05
1296	0.000288823
1297	0.00020359
1298	7.05E-05
1299	5.94E-05
1300	0.000117801
1301	0.000131147
1302	6.09E-05
1303	0.000345825
1304	0.000110878
1305	0.000710747
1306	0.000795004
1307	9.21E-05
1308	4.89E-05
1309	7.78E-05
1310	4.77E-05
1311	4.00E-05
1312	6.89E-05
1313	0.000116506
1314	8.07E-05
1315	7.19E-05
1316	0.000140782
1317	0.000135605
1318	7.00E-05
1319	3.25E-05
1320	0.000151331
1321	0.000336002
1322	5.13E-05
1323	5.95E-05
1324	7.87E-05
1325	4.68E-05
1326	0.000215704
1327	0.000164594
1328	0.000161686
1329	0.000128024
1330	5.34E-05
1331	7.40E-05
1332	7.59E-05
1333	0.00020209
1334	0.00063281
1335	3.04E-05
1336	8.65E-05
1337	4.18E-05
1338	0.000176173
1339	0.000143996
1340	7.23E-05
1341	6.11E-05
1342	0.000128305
1343	5.30E-05
1344	9.31E-05
1345	5.57E-05
1346	4.95E-05
1347	4.83E-05
1348	5.49E-05
1349	0.000159732
1350	6.11E-05
1351	4.28E-05
1352	6.95E-05
1353	4.22E-05
1354	3.56E-05
1355	4.13E-05
1356	5.32E-05
1357	5.39E-05
1358	9.33E-05
1359	6.20E-05
1360	0.000113793
1361	4.19E-05
1362	6.08E-05
1363	4.79E-05
1364	4.58E-05
1365	0.000100807
1366	0.000174803
1367	0.000449044
1368	8.56E-05
1369	7.26E-05
1370	5.72E-05
1371	0.000213321
1372	5.93E-05
1373	8.21E-05
1374	6.00E-05
1375	7.69E-05
1376	0.000115664
1377	6.53E-05
1378	6.22E-05
1379	9.23E-05
1380	5.50E-05
1381	0.000200933
1382	4.39E-05
1383	6.99E-05
1384	0.000216044
1385	0.000101058
1386	8.84E-05
1387	9.64E-05
1388	6.02E-05
1389	9.30E-05
1390	0.000199084
1391	0.000426205
1392	0.000344666
1393	6.03E-05
1394	0.000110042
1395	7.68E-05
1396	0.00013568
1397	0.000138007
1398	0.001629191
1399	0.000280001
1400	8.90E-05
1401	8.11E-05
1402	6.91E-05
1403	0.000479226
1404	8.16E-05
1405	8.64E-05
1406	5.85E-05
1407	0.000103951
1408	0.00019394
1409	7.29E-05
1410	4.09E-05
1411	7.81E-05
1412	7.61E-05
1413	0.000109607
1414	0.000217383
1415	7.23E-05
1416	0.00019972
1417	6.83E-05
1418	0.000120862
1419	4.82E-05
1420	6.00E-05
1421	8.01E-05
1422	0.000158644
1423	0.00076376
1424	0.000452353
1425	6.48E-05
1426	9.44E-05
1427	0.000117075
1428	0.000182783
1429	4.79E-05
1430	4.42E-05
1431	5.67E-05
1432	0.000329476
1433	0.00013246
1434	0.000110194
1435	0.000295092
1436	5.93E-05
1437	3.45E-05
1438	4.74E-05
1439	4.19E-05
1440	4.12E-05
1441	6.59E-05
1442	5.18E-05
1443	0.000113836
1444	5.10E-05
1445	4.72E-05
1446	4.22E-05
1447	4.02E-05
1448	3.82E-05
1449	0.000107852
1450	3.97E-05
1451	3.30E-05
1452	3.03E-05
1453	3.84E-05
1454	0.000133908
1455	5.74E-05
1456	4.63E-05
1457	3.64E-05
1458	0.000148228
1459	4.02E-05
1460	3.76E-05
1461	4.55E-05
1462	5.66E-05
1463	5.15E-05
1464	4.09E-05
1465	6.00E-05
1466	5.15E-05
1467	4.46E-05
1468	0.000126879
1469	8.94E-05
1470	4.26E-05
1471	7.46E-05
1472	5.95E-05
1473	3.77E-05
1474	3.16E-05
1475	0.000117566
1476	3.93E-05
1477	5.05E-05
1478	8.62E-05
1479	4.17E-05
1480	6.09E-05
1481	4.10E-05
1482	4.62E-05
1483	3.56E-05
1484	9.73E-05
1485	0.000450001
1486	7.13E-05
1487	0.00040313
1488	6.20E-05
1489	3.66E-05
1490	3.82E-05
1491	0.000215827
1492	0.000594757
1493	4.57E-05
1494	4.42E-05
1495	5.34E-05
1496	0.000174218
1497	5.28E-05
1498	4.59E-05
1499	4.96E-05
1500	4.17E-05
1501	8.86E-05
1502	3.49E-05
1503	4.14E-05
1504	4.41E-05
1505	5.07E-05
1506	3.91E-05
1507	5.74E-05
1508	7.34E-05
1509	4.10E-05
1510	3.79E-05
1511	0.000194734
1512	3.57E-05
1513	7.07E-05
1514	3.32E-05
1515	7.62E-05
1516	4.48E-05
1517	0.000123719
1518	3.30E-05
1519	3.53E-05
1520	5.01E-05
1521	4.78E-05
1522	0.000150811
1523	0.003235223
1524	5.58E-05
1525	3.46E-05
1526	0.000198924
1527	3.96E-05
1528	0.000121878
1529	0.00022192
1530	5.96E-05
1531	8.41E-05
1532	4.33E-05
1533	3.32E-05
1534	4.05E-05
1535	4.05E-05
1536	4.17E-05
1537	8.24E-05
1538	5.40E-05
1539	0.000104687
1540	3.90E-05
1541	3.80E-05
1542	0.000299077
1543	6.53E-05
1544	0.000114473
1545	3.07E-05
1546	6.12E-05
1547	5.62E-05
1548	0.000131547
1549	6.26E-05
1550	5.71E-05
1551	0.000197807
1552	0.000208921
1553	0.000199308
1554	9.90E-05
1555	7.62E-05
1556	8.93E-05
1557	0.000180652
1558	5.53E-05
1559	9.12E-05
1560	0.00034574
1561	5.43E-05
1562	0.000143458
1563	8.10E-05
1564	5.02E-05
1565	4.44E-05
1566	9.33E-05
1567	5.43E-05
1568	9.00E-05
1569	0.000194026
1570	7.82E-05
1571	8.96E-05
1572	0.001496022
1573	6.01E-05
1574	4.98E-05
1575	5.02E-05
1576	5.65E-05
1577	5.17E-05
1578	9.57E-05
1579	3.18E-05
1580	5.93E-05
1581	9.45E-05
1582	0.000121998
1583	6.55E-05
1584	6.63E-05
1585	7.50E-05
1586	3.36E-05
1587	0.000466253
1588	0.000130267
1589	0.000302597
1590	0.000100481
1591	0.00023764
1592	4.31E-05
1593	3.61E-05
1594	0.000536789
1595	0.000105598
1596	0.000133471
1597	0.000131164
1598	4.37E-05
1599	0.000103735
1600	8.85E-05
1601	4.22E-05
1602	9.10E-05
1603	0.000292686
1604	0.002340333
1605	7.62E-05
1606	5.85E-05
1607	3.68E-05
1608	0.000600786
1609	9.83E-05
1610	7.19E-05
1611	6.53E-05
1612	4.81E-05
1613	0.000201277
1614	3.65E-05
1615	8.97E-05
1616	5.90E-05
1617	8.56E-05
1618	4.13E-05
1619	0.000119294
1620	4.62E-05
1621	5.37E-05
1622	5.34E-05
1623	0.000107065
1624	4.25E-05
1625	0.000173661
1626	3.54E-05
1627	4.25E-05
1628	6.40E-05
1629	6.88E-05
1630	5.36E-05
1631	0.000104642
1632	0.000358958
1633	3.82E-05
1634	0.000100094
1635	5.01E-05
1636	4.15E-05
1637	2.85E-05
1638	3.44E-05
1639	0.000149704
1640	0.000721618
1641	4.03E-05
1642	0.000109877
1643	4.49E-05
1644	4.36E-05
1645	7.04E-05
1646	8.48E-05
1647	0.000452546
1648	0.000149202
1649	6.79E-05
1650	0.000331359
1651	7.55E-05
1652	8.85E-05
1653	4.32E-05
1654	5.52E-05
1655	4.52E-05
1656	0.000119092
1657	0.00046018
1658	5.93E-05
1659	0.000147243
1660	6.83E-05
1661	4.48E-05
1662	4.93E-05
1663	6.86E-05
1664	0.000443149
1665	8.24E-05
1666	7.09E-05
1667	4.68E-05
1668	4.33E-05
1669	4.91E-05
1670	8.56E-05
1671	4.56E-05
1672	5.36E-05
1673	4.43E-05
1674	5.52E-05
1675	6.46E-05
1676	7.22E-05
1677	4.65E-05
1678	5.03E-05
1679	0.000101709
1680	0.00027302
1681	0.000461268
1682	4.33E-05
1683	7.51E-05
1684	0.000267145
1685	7.36E-05
1686	4.51E-05
1687	7.55E-05
1688	4.64E-05
1689	3.58E-05
1690	3.88E-05
1691	4.05E-05
1692	8.62E-05
1693	0.001582523
1694	5.12E-05
1695	4.12E-05
1696	0.000393467
1697	4.43E-05
1698	4.06E-05
1699	9.22E-05
1700	0.00012997
1701	0.000203799
1702	5.92E-05
1703	6.67E-05
1704	0.015270814
1705	5.55E-05
1706	0.000597504
1707	0.000488142
1708	0.000292966
1709	6.23E-05
1710	0.000195068
1711	0.000611367
1712	0.00038064
1713	0.000101595
1714	4.77E-05
1715	6.26E-05
1716	0.000101725
1717	4.27E-05
1718	3.87E-05
1719	5.15E-05
1720	0.000100989
1721	0.000458595
1722	5.48E-05
1723	0.000118395
1724	0.000126234
1725	4.18E-05
1726	8.46E-05
1727	4.00E-05
1728	5.67E-05
1729	4.44E-05
1730	6.02E-05
1731	8.50E-05
1732	4.19E-05
1733	5.53E-05
1734	7.66E-05
1735	3.81E-05
1736	6.56E-05
1737	5.30E-05
1738	5.64E-05
1739	4.68E-05
1740	6.05E-05
1741	6.65E-05
1742	4.47E-05
1743	5.45E-05
1744	0.000537976
1745	0.000130776
1746	0.00022322
1747	3.54E-05
1748	4.19E-05
1749	0.00010313
1750	4.59E-05
1751	4.65E-05
1752	0.000174571
1753	6.91E-05
1754	5.07E-05
1755	0.000163513
1756	5.05E-05
1757	7.47E-05
1758	6.26E-05
1759	6.89E-05
1760	9.38E-05
1761	0.000235314
1762	0.000323649
1763	4.65E-05
1764	4.25E-05
1765	4.51E-05
1766	6.48E-05
1767	5.54E-05
1768	0.000100408
1769	3.67E-05
1770	5.68E-05
1771	0.000115806
1772	5.88E-05
1773	3.70E-05
1774	4.74E-05
1775	9.13E-05
1776	4.88E-05
1777	0.000274038
1778	7.44E-05
1779	0.000855239
1780	6.29E-05
1781	8.30E-05
1782	5.42E-05
1783	8.06E-05
1784	4.66E-05
1785	9.15E-05
1786	7.49E-05
1787	6.59E-05
1788	9.79E-05
1789	6.91E-05
1790	0.000199256
1791	9.18E-05
1792	0.000128439
1793	7.13E-05
1794	0.000113205
1795	8.10E-05
1796	7.35E-05
1797	8.75E-05
1798	9.19E-05
1799	7.30E-05
1800	0.000155459
1801	6.68E-05
1802	0.000122097
1803	5.49E-05
1804	7.04E-05
1805	6.81E-05
1806	5.03E-05
1807	5.13E-05
1808	6.83E-05
1809	6.64E-05
1810	3.04E-05
1811	4.22E-05
1812	4.97E-05
1813	3.83E-05
1814	4.52E-05
1815	8.18E-05
1816	6.36E-05
1817	5.70E-05
1818	3.93E-05
1819	4.88E-05
1820	0.000537803
1821	6.16E-05
1822	3.08E-05
1823	4.04E-05
1824	0.000129748
1825	6.07E-05
1826	0.000114703
1827	0.000133301
1828	6.51E-05
1829	8.85E-05
1830	0.000118365
1831	4.42E-05
1832	4.56E-05
1833	4.64E-05
1834	4.41E-05
1835	4.79E-05
1836	5.75E-05
1837	5.42E-05
1838	0.000161283
1839	0.000100735
1840	4.53E-05
1841	5.30E-05
1842	7.20E-05
1843	3.67E-05
1844	4.16E-05
1845	5.29E-05
1846	0.000157788
1847	5.04E-05
1848	0.000211435
1849	0.000331791
1850	6.56E-05
1851	8.25E-05
1852	0.000101824
1853	0.000113457
1854	6.97E-05
1855	5.96E-05
1856	4.54E-05
1857	0.000108172
1858	6.35E-05
1859	7.61E-05
1860	0.000137981
1861	3.68E-05
1862	4.53E-05
1863	8.28E-05
1864	5.33E-05
1865	3.29E-05
1866	9.44E-05
1867	5.42E-05
1868	4.08E-05
1869	0.000138926
1870	7.30E-05
1871	0.000116787
1872	0.000330216
1873	0.000205595
1874	4.84E-05
1875	6.43E-05
1876	6.30E-05
1877	0.000107992
1878	8.63E-05
1879	7.94E-05
1880	3.93E-05
1881	0.000108212
1882	6.03E-05
1883	5.78E-05
1884	5.20E-05
1885	8.45E-05
1886	0.00107126
1887	8.84E-05
1888	0.000136573
1889	5.91E-05
1890	0.000502262
1891	5.64E-05
1892	4.37E-05
1893	4.06E-05
1894	6.47E-05
1895	0.000132016
1896	7.18E-05
1897	5.76E-05
1898	4.14E-05
1899	0.000112183
1900	7.22E-05
1901	5.73E-05
1902	5.51E-05
1903	5.63E-05
1904	4.19E-05
1905	4.85E-05
1906	0.000199547
1907	4.13E-05
1908	0.000131911
1909	3.50E-05
1910	4.40E-05
1911	4.55E-05
1912	4.20E-05
1913	0.000113233
1914	5.40E-05
1915	4.24E-05
1916	5.29E-05
1917	7.14E-05
1918	0.00015428
1919	3.94E-05
1920	5.98E-05
1921	6.73E-05
1922	9.15E-05
1923	0.000109747
1924	9.37E-05
1925	9.79E-05
1926	8.42E-05
1927	0.000204075
1928	6.10E-05
1929	9.23E-05
1930	6.87E-05
1931	8.12E-05
1932	3.55E-05
1933	8.78E-05
1934	7.04E-05
1935	0.00011254
1936	0.000300588
1937	0.000134447
1938	8.21E-05
1939	0.000135206
1940	7.08E-05
1941	7.71E-05
1942	0.000103998
1943	4.45E-05
1944	7.43E-05
1945	4.50E-05
1946	5.54E-05
1947	4.19E-05
1948	0.000103999
1949	4.32E-05
1950	8.70E-05
1951	7.37E-05
1952	7.24E-05
1953	0.000152913
1954	0.00015047
1955	4.66E-05
1956	0.000173153
1957	0.000126536
1958	6.47E-05
1959	0.00012309
1960	8.98E-05
1961	0.000102284
1962	7.66E-05
1963	0.000161376
1964	0.000149136
1965	3.44E-05
1966	3.96E-05
1967	9.68E-05
1968	7.02E-05
1969	8.25E-05
1970	0.000123941
1971	8.48E-05
1972	4.03E-05
1973	0.000135603
1974	0.000142443
1975	0.000482307
1976	4.15E-05
1977	3.33E-05
1978	0.000166946
1979	0.000109538
1980	0.000104921
1981	6.10E-05
1982	0.000181128
1983	4.80E-05
1984	0.000246048
1985	4.51E-05
1986	0.000115461
1987	5.13E-05
1988	7.36E-05
1989	6.75E-05
1990	4.47E-05
1991	0.000999559
1992	0.000155228
1993	9.60E-05
1994	8.47E-05
1995	5.97E-05
1996	4.26E-05
1997	3.98E-05
1998	0.000130374
1999	4.63E-05
2000	0.001641557
2001	0.000127158
2002	0.000104057
2003	7.32E-05
2004	7.58E-05
2005	7.83E-05
2006	9.20E-05
2007	4.40E-05
2008	0.000105535
2009	0.000137272
2010	0.000126759
2011	0.000106521
2012	0.000180232
2013	5.93E-05
2014	0.000132726
2015	0.000441994
2016	5.20E-05
2017	0.000336218
2018	4.70E-05
2019	0.00017866
2020	8.47E-05
2021	4.66E-05
2022	4.21E-05
2023	4.44E-05
2024	7.78E-05
2025	4.45E-05
2026	5.76E-05
2027	8.79E-05
2028	0.000248755
2029	0.000134576
2030	7.36E-05
2031	3.89E-05
2032	8.64E-05
2033	6.11E-05
2034	5.31E-05
2035	6.24E-05
2036	8.02E-05
2037	9.71E-05
2038	0.000119607
2039	6.86E-05
2040	0.000197233
2041	7.51E-05
2042	4.49E-05
2043	8.79E-05
2044	9.46E-05
2045	4.94E-05
2046	7.79E-05
2047	9.61E-05
2048	0.000167146
2049	0.000141712
2050	0.000346015
2051	7.33E-05
2052	0.000143227
2053	6.71E-05
2054	4.94E-05
2055	5.60E-05
2056	8.88E-05
2057	0.000213604
2058	4.14E-05
2059	8.82E-05
2060	0.00016276
2061	0.000117471
2062	9.54E-05
2063	5.19E-05
2064	0.000111593
2065	0.000165601
2066	0.000101641
2067	6.10E-05
2068	0.000105131
2069	5.80E-05
2070	0.000132358
2071	0.000140234
2072	0.000169852
2073	4.16E-05
2074	0.000111898
2075	5.28E-05
2076	0.000184948
2077	0.000169058
2078	8.27E-05
2079	0.000269846
2080	0.000127723
2081	7.63E-05
2082	5.36E-05
2083	0.000370692
2084	4.10E-05
2085	0.000179134
2086	0.000185568
2087	7.55E-05
2088	0.000180781
2089	7.68E-05
2090	0.000162374
2091	6.89E-05
2092	9.12E-05
2093	4.16E-05
2094	4.66E-05
2095	0.000134009
2096	0.000141221
2097	0.000354302
2098	0.000213595
2099	0.000127993
2100	0.000102726
2101	0.000347565
2102	0.000185864
2103	0.000184918
2104	0.000437401
2105	4.50E-05
2106	0.000117266
2107	0.000127048
2108	0.00027523
2109	6.74E-05
2110	9.83E-05
2111	6.69E-05
2112	0.000186017
2113	0.000210739
2114	0.000117856
2115	8.57E-05
2116	0.000123508
2117	0.000155886
2118	0.000117607
2119	0.000107974
2120	9.98E-05
2121	0.000168459
2122	0.000116717
2123	0.000162202
2124	9.06E-05
2125	9.51E-05
2126	3.14E-05
2127	4.48E-05
2128	8.82E-05
2129	4.67E-05
2130	4.67E-05
2131	0.00027216
2132	8.16E-05
2133	0.000118082
2134	5.05E-05
2135	3.95E-05
2136	4.36E-05
2137	8.22E-05
2138	0.000174563
2139	8.21E-05
2140	3.35E-05
2141	3.55E-05
2142	6.93E-05
2143	7.47E-05
2144	0.000199684
2145	8.35E-05
2146	8.66E-05
2147	5.10E-05
2148	0.000142749
2149	0.000290867
2150	4.13E-05
2151	6.26E-05
2152	0.000273272
2153	4.26E-05
2154	0.000210928
2155	0.000125635
2156	4.01E-05
2157	5.58E-05
2158	3.59E-05
2159	4.75E-05
2160	3.99E-05
2161	3.99E-05
2162	3.86E-05
2163	4.11E-05
2164	0.000450318
2165	3.48E-05
2166	0.000127614
2167	8.41E-05
2168	0.000100302
2169	6.80E-05
2170	0.000107953
2171	5.61E-05
2172	7.58E-05
2173	8.59E-05
2174	3.92E-05
2175	5.70E-05
2176	5.87E-05
2177	4.03E-05
2178	0.000136945
2179	7.40E-05
2180	7.22E-05
2181	5.07E-05
2182	4.38E-05
2183	8.17E-05
2184	0.000231981
2185	4.10E-05
2186	3.52E-05
2187	6.93E-05
2188	0.000115109
2189	3.11E-05
2190	0.000120141
2191	6.36E-05
2192	9.98E-05
2193	5.51E-05
2194	7.59E-05
2195	5.47E-05
2196	4.23E-05
2197	4.46E-05
2198	4.60E-05
2199	4.13E-05
2200	4.56E-05
2201	5.31E-05
2202	4.42E-05
2203	9.07E-05
2204	0.000483331
2205	5.44E-05
2206	5.65E-05
2207	4.80E-05
2208	6.60E-05
2209	0.000404635
2210	5.28E-05
2211	4.08E-05
2212	3.70E-05
2213	3.62E-05
2214	0.000513291
2215	5.54E-05
2216	0.000108064
2217	3.26E-05
2218	0.000114726
2219	3.28E-05
2220	4.53E-05
2221	7.30E-05
2222	0.000170737
2223	6.63E-05
2224	4.03E-05
2225	9.10E-05
2226	5.64E-05
2227	8.76E-05
2228	2.51E-05
2229	3.46E-05
2230	5.68E-05
2231	4.00E-05
2232	3.42E-05
2233	0.000101415
2234	9.92E-05
2235	8.74E-05
2236	5.13E-05
2237	7.68E-05
2238	4.13E-05
2239	5.46E-05
2240	3.95E-05
2241	0.000115166
2242	3.69E-05
2243	9.37E-05
2244	3.44E-05
2245	5.51E-05
2246	5.65E-05
2247	7.14E-05
2248	3.54E-05
2249	9.02E-05
2250	8.74E-05
2251	4.64E-05
2252	0.000211231
2253	0.000118281
2254	4.78E-05
2255	4.18E-05
2256	5.89E-05
2257	0.000355103
2258	0.001336038
2259	0.000204232
2260	4.94E-05
2261	0.000123469
2262	4.65E-05
2263	3.66E-05
2264	6.28E-05
2265	6.73E-05
2266	0.000179343
2267	8.77E-05
2268	0.000124314
2269	4.94E-05
2270	5.24E-05
2271	0.000328986
2272	0.000112478
2273	0.000135852
2274	0.000158396
2275	0.000113502
2276	0.00011041
2277	0.000513593
2278	3.29E-05
2279	4.89E-05
2280	5.41E-05
2281	7.42E-05
2282	9.74E-05
2283	0.000221017
2284	8.47E-05
2285	0.000141966
2286	6.48E-05
2287	5.96E-05
2288	3.88E-05
2289	3.87E-05
2290	0.000100753
2291	7.01E-05
2292	6.89E-05
2293	2.56E-05
2294	4.30E-05
2295	4.69E-05
2296	0.000106863
2297	0.000152452
2298	0.000133347
2299	6.25E-05
2300	0.000177557
2301	0.00010378
2302	5.45E-05
2303	3.81E-05
2304	0.0001807
2305	5.15E-05
2306	4.54E-05
2307	4.81E-05
2308	4.27E-05
2309	5.61E-05
2310	3.46E-05
2311	0.000251223
2312	5.75E-05
2313	0.000251386
2314	5.30E-05
2315	5.44E-05
2316	3.32E-05
2317	4.82E-05
2318	5.51E-05
2319	0.000102648
2320	3.64E-05
2321	4.84E-05
2322	4.46E-05
2323	5.12E-05
2324	5.65E-05
2325	7.96E-05
2326	4.68E-05
2327	5.70E-05
2328	6.26E-05
2329	8.03E-05
2330	4.67E-05
2331	5.80E-05
2332	5.25E-05
2333	8.26E-05
2334	6.86E-05
2335	4.85E-05
2336	0.000116378
2337	0.000130097
2338	3.80E-05
2339	0.000313501
2340	0.000267139
2341	7.84E-05
2342	4.64E-05
2343	5.19E-05
2344	0.000109494
2345	0.000289335
2346	4.73E-05
2347	3.79E-05
2348	4.61E-05
2349	4.96E-05
2350	4.28E-05
2351	5.47E-05
2352	0.000136518
2353	7.52E-05
2354	0.000197102
2355	3.45E-05
2356	4.27E-05
2357	0.000158115
2358	4.58E-05
2359	0.000122256
2360	0.000136642
2361	0.000181402
2362	8.23E-05
2363	0.000179676
2364	9.03E-05
2365	0.000167435
2366	8.96E-05
2367	8.01E-05
2368	7.97E-05
2369	0.000153149
2370	0.000110251
2371	0.000120407
2372	8.17E-05
2373	7.67E-05
2374	4.13E-05
2375	8.74E-05
2376	0.000132283
2377	0.000143879
2378	0.000410182
2379	8.31E-05
2380	0.000291567
2381	0.000134145
2382	7.42E-05
2383	3.57E-05
2384	8.77E-05
2385	0.001251504
2386	0.000104531
2387	5.37E-05
2388	5.52E-05
2389	0.000108346
2390	8.78E-05
2391	3.49E-05
2392	5.61E-05
2393	4.41E-05
2394	6.55E-05
2395	9.96E-05
2396	3.24E-05
2397	5.43E-05
2398	4.60E-05
2399	5.88E-05
2400	8.37E-05
2401	4.10E-05
2402	6.18E-05
2403	0.000117248
2404	2.89E-05
2405	5.37E-05
2406	6.81E-05
2407	4.79E-05
2408	3.73E-05
2409	6.39E-05
2410	9.50E-05
2411	4.10E-05
2412	0.000167762
2413	5.56E-05
2414	5.78E-05
2415	8.11E-05
2416	5.86E-05
2417	7.07E-05
2418	0.000139332
2419	5.38E-05
2420	3.52E-05
2421	4.77E-05
2422	6.35E-05
2423	3.66E-05
2424	7.49E-05
2425	9.70E-05
2426	9.84E-05
2427	3.45E-05
2428	4.73E-05
2429	3.66E-05
2430	6.21E-05
2431	6.51E-05
2432	3.39E-05
2433	8.89E-05
2434	8.14E-05
2435	5.85E-05
2436	9.03E-05
2437	9.01E-05
2438	4.58E-05
2439	9.52E-05
2440	9.33E-05
2441	0.000192291
2442	7.45E-05
2443	0.000156908
2444	3.92E-05
2445	9.04E-05
2446	0.000137325
2447	0.000100116
2448	0.000108445
2449	8.90E-05
2450	7.59E-05
2451	5.70E-05
2452	0.00014784
2453	5.61E-05
2454	3.89E-05
2455	5.01E-05
2456	7.63E-05
2457	5.17E-05
2458	3.87E-05
2459	4.96E-05
2460	2.93E-05
2461	4.45E-05
2462	5.76E-05
2463	5.68E-05
2464	0.000164906
2465	8.91E-05
2466	9.02E-05
2467	4.41E-05
2468	5.26E-05
2469	5.76E-05
2470	4.71E-05
2471	7.41E-05
2472	0.000140221
2473	4.89E-05
2474	5.18E-05
2475	2.94E-05
2476	4.16E-05
2477	0.000102269
2478	0.000113726
2479	6.63E-05
2480	0.000152646
2481	0.000140842
2482	5.40E-05
2483	7.87E-05
2484	9.35E-05
2485	4.29E-05
2486	4.32E-05
2487	0.000135703
2488	0.000533608
2489	0.00010701
2490	0.000163204
2491	0.001001439
2492	0.000105228
2493	5.63E-05
2494	9.14E-05
2495	7.37E-05
2496	6.90E-05
2497	6.04E-05
2498	0.000186848
2499	4.64E-05
2500	6.05E-05
2501	5.11E-05
2502	8.82E-05
2503	5.33E-05
2504	0.001360945
2505	0.000100989
2506	3.62E-05
2507	9.08E-05
2508	2.84E-05
2509	3.92E-05
2510	7.56E-05
2511	0.000191597
2512	0.00010004
2513	4.35E-05
2514	0.00011603
2515	6.49E-05
2516	7.24E-05
2517	0.000112626
2518	3.04E-05
2519	4.32E-05
2520	8.08E-05
2521	0.00016476
2522	0.000128803
2523	3.92E-05
2524	0.000136842
2525	3.28E-05
2526	0.000303253
2527	0.000136499
2528	7.40E-05
2529	6.50E-05
2530	3.48E-05
2531	3.98E-05
2532	0.000114399
2533	6.00E-05
2534	5.14E-05
2535	0.000967161
2536	0.000158758
2537	4.24E-05
2538	4.87E-05
2539	0.000211742
2540	9.01E-05
2541	4.82E-05
2542	0.001431757
2543	3.80E-05
2544	0.000211301
2545	4.66E-05
2546	6.67E-05
2547	0.000124306
2548	5.79E-05
2549	0.00015046
2550	7.60E-05
2551	0.00060233
2552	3.68E-05
2553	4.13E-05
2554	3.63E-05
2555	0.000117113
2556	0.000107382
2557	0.0015611
2558	0.001909022
2559	4.51E-05
2560	0.00022421
2561	0.000140545
2562	5.55E-05
2563	0.000163787
2564	3.50E-05
2565	0.000178139
2566	6.46E-05
2567	4.59E-05
2568	7.37E-05
2569	4.91E-05
2570	4.12E-05
2571	3.88E-05
2572	9.99E-05
2573	8.17E-05
2574	0.000178275
2575	4.92E-05
2576	5.13E-05
2577	3.64E-05
2578	4.00E-05
2579	0.000111292
2580	3.32E-05
2581	0.00011255
2582	0.000105402
2583	4.45E-05
2584	5.99E-05
2585	0.000183387
2586	0.000115601
2587	0.000184565
2588	0.000144177
2589	4.03E-05
2590	4.37E-05
2591	6.30E-05
2592	0.000105298
2593	4.06E-05
2594	4.67E-05
2595	4.53E-05
2596	3.35E-05
2597	3.63E-05
2598	9.16E-05
2599	3.97E-05
2600	5.42E-05
2601	0.000249861
2602	5.87E-05
2603	5.16E-05
2604	4.03E-05
2605	3.47E-05
2606	4.78E-05
2607	6.10E-05
2608	4.64E-05
2609	5.99E-05
2610	5.87E-05
2611	4.27E-05
2612	0.000104738
2613	6.34E-05
2614	4.95E-05
2615	3.68E-05
2616	0.000100726
2617	5.19E-05
2618	3.19E-05
2619	4.04E-05
2620	3.78E-05
2621	5.06E-05
2622	3.92E-05
2623	5.08E-05
2624	4.56E-05
2625	4.85E-05
2626	5.10E-05
2627	4.41E-05
2628	9.28E-05
2629	4.22E-05
2630	4.54E-05
2631	5.99E-05
2632	4.15E-05
2633	0.000105607
2634	4.94E-05
2635	0.000144583
2636	5.87E-05
2637	4.61E-05
2638	5.84E-05
2639	4.26E-05
2640	6.59E-05
2641	4.24E-05
2642	5.82E-05
2643	3.38E-05
2644	4.24E-05
2645	0.000716569
2646	4.00E-05
2647	3.90E-05
2648	7.85E-05
2649	6.45E-05
2650	0.000137962
2651	4.65E-05
2652	5.83E-05
2653	4.84E-05
2654	0.000108489
2655	0.000235929
2656	0.000100536
2657	4.83E-05
2658	6.28E-05
2659	4.22E-05
2660	4.95E-05
2661	4.26E-05
2662	0.000102799
2663	0.000139876
2664	6.22E-05
2665	4.12E-05
2666	4.10E-05
2667	3.84E-05
2668	4.87E-05
2669	4.64E-05
2670	6.50E-05
2671	4.80E-05
2672	6.25E-05
2673	9.13E-05
2674	0.000128518
2675	0.000586916
2676	0.00013602
2677	4.67E-05
2678	0.000112897
2679	0.000126305
2680	4.91E-05
2681	7.10E-05
2682	0.000117155
2683	9.16E-05
2684	6.45E-05
2685	5.62E-05
2686	9.04E-05
2687	3.90E-05
2688	3.71E-05
2689	0.000133366
2690	2.89E-05
2691	8.36E-05
2692	3.66E-05
2693	8.49E-05
2694	4.39E-05
2695	0.000198531
2696	0.005388965
2697	0.00022555
2698	7.13E-05
2699	0.000113873
2700	8.56E-05
2701	4.20E-05
2702	6.69E-05
2703	3.23E-05
2704	4.33E-05
2705	0.000366094
2706	7.44E-05
2707	0.000127218
2708	0.000117378
2709	0.000119981
2710	3.54E-05
2711	0.000112701
2712	4.39E-05
2713	7.87E-05
2714	3.72E-05
2715	7.16E-05
2716	9.34E-05
2717	8.90E-05
2718	6.37E-05
2719	0.000199062
2720	0.000158418
2721	0.000100558
2722	7.44E-05
2723	0.000278753
2724	9.11E-05
2725	3.89E-05
2726	4.22E-05
2727	4.48E-05
2728	7.05E-05
2729	5.45E-05
2730	0.000139447
2731	0.000132005
2732	0.00031765
2733	0.000224211
2734	0.00209104
2735	0.000211405
2736	5.37E-05
2737	0.000131528
2738	0.00019578
2739	7.32E-05
2740	8.68E-05
2741	9.66E-05
2742	4.08E-05
2743	4.84E-05
2744	0.00020194
2745	9.48E-05
2746	5.15E-05
2747	4.84E-05
2748	6.41E-05
2749	0.000193942
2750	0.000391897
2751	0.000263488
2752	0.00029974
2753	0.000824735
2754	5.91E-05
2755	6.22E-05
2756	0.000108272
2757	0.000117956
2758	0.000150831
2759	0.00030121
2760	3.41E-05
2761	0.000108174
2762	6.04E-05
2763	0.000621386
2764	0.000100323
2765	4.64E-05
2766	0.00010077
2767	2.86E-05
2768	0.000290988
2769	7.73E-05
2770	6.13E-05
2771	0.000174435
2772	0.000368883
2773	6.33E-05
2774	7.15E-05
2775	7.21E-05
2776	5.10E-05
2777	0.000443863
2778	0.000130232
2779	7.63E-05
2780	0.00017502
2781	7.16E-05
2782	7.59E-05
2783	4.06E-05
2784	4.24E-05
2785	2.83E-05
2786	4.87E-05
2787	3.30E-05
2788	0.000160325
2789	0.00012547
2790	4.64E-05
2791	4.49E-05
2792	9.78E-05
2793	3.35E-05
2794	6.78E-05
2795	5.35E-05
2796	6.13E-05
2797	4.51E-05
2798	5.54E-05
2799	4.37E-05
2800	3.85E-05
2801	0.000142489
2802	9.64E-05
2803	5.16E-05
2804	3.70E-05
2805	0.000121388
2806	6.18E-05
2807	6.18E-05
2808	3.70E-05
2809	6.84E-05
2810	3.95E-05
2811	7.12E-05
2812	7.18E-05
2813	3.72E-05
2814	5.29E-05
2815	6.37E-05
2816	5.42E-05
2817	6.28E-05
2818	0.000114641
2819	7.25E-05
2820	7.21E-05
2821	8.15E-05
2822	7.63E-05
2823	7.18E-05
2824	4.43E-05
2825	3.39E-05
2826	7.03E-05
2827	0.000140798
2828	9.22E-05
2829	0.000828225
2830	0.000647138
2831	0.000229859
2832	4.15E-05
2833	3.22E-05
2834	0.000320817
2835	4.23E-05
2836	3.79E-05
2837	3.79E-05
2838	3.97E-05
2839	0.000110883
2840	3.99E-05
2841	3.15E-05
2842	9.85E-05
2843	4.24E-05
2844	5.63E-05
2845	3.82E-05
2846	0.00068563
2847	0.000124434
2848	0.000446291
2849	0.000524564
2850	0.000109932
2851	0.000266409
2852	5.04E-05
2853	6.67E-05
2854	0.000108144
2855	0.000159408
2856	0.000101287
2857	9.64E-05
2858	0.000155753
2859	3.09E-05
2860	5.88E-05
2861	6.08E-05
2862	7.54E-05
2863	6.21E-05
2864	9.19E-05
2865	5.25E-05
2866	5.13E-05
2867	0.000134751
2868	7.00E-05
2869	4.94E-05
2870	7.28E-05
2871	3.37E-05
2872	0.000147877
2873	0.000113125
2874	5.55E-05
2875	5.40E-05
2876	0.000105738
2877	3.80E-05
2878	3.50E-05
2879	3.77E-05
2880	4.21E-05
2881	5.36E-05
2882	3.83E-05
2883	5.27E-05
2884	6.29E-05
2885	0.000183085
2886	5.29E-05
2887	7.35E-05
2888	5.86E-05
2889	0.00018801
2890	0.000132389
2891	3.60E-05
2892	3.25E-05
2893	2.78E-05
2894	8.76E-05
2895	5.17E-05
2896	0.000170344
2897	8.80E-05
2898	5.15E-05
2899	3.94E-05
2900	0.000437554
2901	7.19E-05
2902	8.33E-05
2903	7.72E-05
2904	5.45E-05
2905	4.50E-05
2906	0.000140426
2907	8.34E-05
2908	6.76E-05
2909	7.88E-05
2910	4.28E-05
2911	0.000149779
2912	8.22E-05
2913	6.38E-05
2914	5.17E-05
2915	0.00012514
2916	0.000247419
2917	5.39E-05
2918	4.97E-05
2919	4.04E-05
2920	0.000113134
2921	6.32E-05
2922	0.000182852
2923	8.14E-05
2924	4.76E-05
2925	0.000480276
2926	0.000221873
2927	7.54E-05
2928	0.000136182
2929	0.0001017
2930	0.000299541
2931	7.71E-05
2932	4.95E-05
2933	8.07E-05
2934	5.29E-05
2935	4.54E-05
2936	7.25E-05
2937	0.000212285
2938	4.04E-05
2939	0.000572026
2940	0.000289299
2941	6.31E-05
2942	0.000191832
2943	0.000188858
2944	8.09E-05
2945	0.000136868
2946	0.000254139
2947	7.48E-05
2948	7.68E-05
2949	0.000121031
2950	8.18E-05
2951	8.83E-05
2952	4.71E-05
2953	7.53E-05
2954	8.10E-05
2955	8.44E-05
2956	3.32E-05
2957	5.80E-05
2958	0.000100824
2959	8.72E-05
2960	0.00015916
2961	4.21E-05
2962	5.93E-05
2963	4.96E-05
2964	3.60E-05
2965	0.000115624
2966	5.00E-05
2967	4.28E-05
2968	4.61E-05
2969	9.77E-05
2970	5.29E-05
2971	4.46E-05
2972	7.52E-05
2973	7.09E-05
2974	5.28E-05
2975	4.13E-05
2976	0.000113275
2977	0.000141862
2978	6.70E-05
2979	4.29E-05
2980	0.000118959
2981	3.81E-05
2982	3.96E-05
2983	4.02E-05
2984	3.18E-05
2985	5.82E-05
2986	9.08E-05
2987	5.12E-05
2988	3.35E-05
2989	4.08E-05
2990	3.76E-05
2991	3.53E-05
2992	3.04E-05
2993	7.83E-05
2994	5.01E-05
2995	4.43E-05
2996	5.62E-05
2997	7.00E-05
2998	6.33E-05
2999	5.62E-05
3000	3.02E-05
3001	0.000118177
3002	6.34E-05
3003	7.61E-05
3004	5.45E-05
3005	3.50E-05
3006	6.42E-05
3007	5.93E-05
3008	7.85E-05
3009	9.55E-05
3010	4.24E-05
3011	6.61E-05
3012	7.46E-05
3013	7.49E-05
3014	9.90E-05
3015	6.21E-05
3016	5.03E-05
3017	0.000120821
3018	0.000194028
3019	7.15E-05
3020	6.07E-05
3021	7.03E-05
3022	5.68E-05
3023	7.37E-05
3024	7.62E-05
3025	6.89E-05
3026	0.000281337
3027	0.000114178
3028	6.09E-05
3029	6.71E-05
3030	4.42E-05
3031	6.58E-05
3032	0.000110788
3033	0.000243543
3034	5.70E-05
3035	4.49E-05
3036	0.000208199
3037	4.66E-05
3038	4.82E-05
3039	5.61E-05
3040	6.51E-05
3041	9.60E-05
3042	0.000275633
3043	9.39E-05
3044	8.47E-05
3045	0.000296446
3046	0.000140864
3047	4.95E-05
3048	3.62E-05
3049	0.000379556
3050	0.000330338
3051	4.73E-05
3052	5.07E-05
3053	4.76E-05
3054	3.95E-05
3055	4.75E-05
3056	0.000201486
3057	4.21E-05
3058	0.000101435
3059	5.98E-05
3060	5.55E-05
3061	4.13E-05
3062	6.22E-05
3063	5.20E-05
3064	4.93E-05
3065	6.81E-05
3066	7.11E-05
3067	6.68E-05
3068	0.00010158
3069	0.000306579
3070	7.36E-05
3071	9.67E-05
3072	9.57E-05
3073	2.89E-05
3074	3.35E-05
3075	3.92E-05
3076	8.87E-05
3077	0.000445423
3078	4.02E-05
3079	3.71E-05
3080	3.97E-05
3081	5.34E-05
3082	6.22E-05
3083	3.87E-05
3084	4.28E-05
3085	4.35E-05
3086	0.000221462
3087	4.25E-05
3088	3.40E-05
3089	8.56E-05
3090	4.55E-05
3091	3.88E-05
3092	0.000609182
3093	5.14E-05
3094	4.88E-05
3095	0.000974773
3096	4.73E-05
3097	3.75E-05
3098	6.97E-05
3099	4.56E-05
3100	4.41E-05
3101	3.93E-05
3102	6.00E-05
3103	5.61E-05
3104	0.000122864
3105	7.13E-05
3106	4.16E-05
3107	5.38E-05
3108	5.53E-05
3109	6.96E-05
3110	3.73E-05
3111	8.79E-05
3112	5.81E-05
3113	6.15E-05
3114	0.000120431
3115	3.18E-05
3116	5.86E-05
3117	4.78E-05
3118	0.000170114
3119	4.71E-05
3120	0.000135087
3121	4.38E-05
3122	4.19E-05
3123	4.65E-05
3124	3.73E-05
3125	3.15E-05
3126	3.04E-05
3127	0.000150931
3128	0.000170389
3129	0.000116767
3130	8.72E-05
3131	4.46E-05
3132	4.46E-05
3133	4.10E-05
3134	0.000156061
3135	6.55E-05
3136	4.05E-05
3137	2.85E-05
3138	3.17E-05
3139	5.38E-05
3140	5.66E-05
3141	0.0001459
3142	6.09E-05
3143	0.000248103
3144	6.04E-05
3145	3.98E-05
3146	7.70E-05
3147	5.14E-05
3148	6.14E-05
3149	4.32E-05
3150	5.31E-05
3151	0.000493786
3152	3.98E-05
3153	3.58E-05
3154	6.02E-05
3155	5.04E-05
3156	5.00E-05
3157	4.97E-05
3158	7.60E-05
3159	3.89E-05
3160	0.000339034
3161	0.000115027
3162	7.52E-05
3163	5.97E-05
3164	8.03E-05
3165	0.000262042
3166	6.43E-05
3167	9.25E-05
3168	8.48E-05
3169	4.92E-05
3170	4.25E-05
3171	3.27E-05
3172	6.32E-05
3173	3.16E-05
3174	4.15E-05
3175	4.37E-05
3176	4.05E-05
3177	4.40E-05
3178	6.01E-05
3179	2.99E-05
3180	5.20E-05
3181	0.000257079
3182	7.04E-05
3183	5.71E-05
3184	4.27E-05
3185	4.68E-05
3186	3.80E-05
3187	4.25E-05
3188	4.12E-05
3189	4.05E-05
3190	4.76E-05
3191	4.92E-05
3192	4.36E-05
3193	3.95E-05
3194	4.40E-05
3195	4.22E-05
3196	3.85E-05
3197	5.01E-05
3198	4.99E-05
3199	4.09E-05
3200	5.56E-05
3201	6.82E-05
3202	5.59E-05
3203	3.90E-05
3204	3.73E-05
3205	4.25E-05
3206	5.66E-05
3207	6.51E-05
3208	0.000137214
3209	5.62E-05
3210	3.84E-05
3211	4.70E-05
3212	4.64E-05
3213	4.46E-05
3214	3.66E-05
3215	5.27E-05
3216	7.21E-05
3217	4.79E-05
3218	3.89E-05
3219	2.69E-05
3220	4.95E-05
3221	3.91E-05
3222	4.77E-05
3223	7.62E-05
3224	5.26E-05
3225	0.000354865
3226	3.45E-05
3227	3.62E-05
3228	3.66E-05
3229	5.07E-05
3230	0.000276455
3231	5.15E-05
3232	4.69E-05
3233	4.43E-05
3234	0.000153562
3235	9.02E-05
3236	4.75E-05
3237	3.67E-05
3238	4.97E-05
3239	5.79E-05
3240	0.00115478
3241	8.73E-05
3242	8.41E-05
3243	8.22E-05
3244	0.000124157
3245	7.56E-05
3246	4.29E-05
3247	3.65E-05
3248	0.000125197
3249	4.78E-05
3250	6.85E-05
3251	3.61E-05
3252	4.03E-05
3253	0.000107401
3254	5.20E-05
3255	8.26E-05
3256	4.98E-05
3257	4.68E-05
3258	4.27E-05
3259	3.97E-05
3260	3.64E-05
3261	5.08E-05
3262	0.000117822
3263	7.70E-05
3264	6.78E-05
3265	5.21E-05
3266	3.57E-05
3267	3.40E-05
3268	5.17E-05
3269	4.21E-05
3270	2.26E-05
3271	3.28E-05
3272	4.42E-05
3273	4.44E-05
3274	4.27E-05
3275	6.12E-05
3276	6.53E-05
3277	5.68E-05
3278	4.46E-05
3279	4.80E-05
3280	4.68E-05
3281	4.15E-05
3282	3.81E-05
3283	4.18E-05
3284	5.57E-05
3285	3.57E-05
3286	4.34E-05
3287	5.64E-05
3288	3.49E-05
3289	4.21E-05
3290	3.92E-05
3291	5.06E-05
3292	4.33E-05
3293	0.000120006
3294	8.13E-05
3295	7.62E-05
3296	0.000305607
3297	0.00024544
3298	5.73E-05
3299	4.12E-05
3300	7.20E-05
3301	5.21E-05
3302	4.25E-05
3303	3.56E-05
3304	5.45E-05
3305	4.42E-05
3306	4.26E-05
3307	4.10E-05
3308	4.33E-05
3309	7.99E-05
3310	3.71E-05
3311	3.71E-05
3312	4.60E-05
3313	4.56E-05
3314	6.46E-05
3315	3.22E-05
3316	3.74E-05
3317	4.79E-05
3318	3.79E-05
3319	8.50E-05
3320	0.000272235
3321	9.23E-05
3322	4.68E-05
3323	3.65E-05
3324	3.25E-05
3325	0.000595039
3326	0.000202143
3327	4.52E-05
3328	8.70E-05
3329	0.000146559
3330	4.47E-05
3331	4.98E-05
3332	0.000122943
3333	0.000276207
3334	5.50E-05
3335	5.51E-05
3336	0.000337812
3337	3.50E-05
3338	0.000108714
3339	4.59E-05
3340	7.19E-05
3341	5.91E-05
3342	4.24E-05
3343	5.42E-05
3344	8.13E-05
3345	9.35E-05
3346	4.68E-05
3347	4.15E-05
3348	5.45E-05
3349	5.84E-05
3350	4.00E-05
3351	0.000118775
3352	0.000102877
3353	0.00016037
3354	6.88E-05
3355	4.28E-05
3356	7.81E-05
3357	5.20E-05
3358	5.05E-05
3359	0.000148086
3360	9.97E-05
3361	4.71E-05
3362	4.02E-05
3363	3.27E-05
3364	3.81E-05
3365	4.56E-05
3366	3.21E-05
3367	2.72E-05
3368	0.000156849
3369	3.66E-05
3370	4.62E-05
3371	3.73E-05
3372	3.70E-05
3373	4.42E-05
3374	3.66E-05
3375	3.55E-05
3376	3.83E-05
3377	5.53E-05
3378	2.91E-05
3379	3.45E-05
3380	4.10E-05
3381	4.44E-05
3382	3.84E-05
3383	5.30E-05
3384	4.02E-05
3385	4.32E-05
3386	3.93E-05
3387	0.000192615
3388	4.92E-05
3389	3.01E-05
3390	0.001284928
3391	4.46E-05
3392	5.00E-05
3393	7.90E-05
3394	5.46E-05
3395	3.64E-05
3396	4.94E-05
3397	5.21E-05
3398	5.16E-05
3399	5.32E-05
3400	5.87E-05
3401	0.000115779
3402	3.10E-05
3403	4.49E-05
3404	3.43E-05
3405	5.18E-05
3406	8.71E-05
3407	4.48E-05
3408	5.77E-05
3409	3.16E-05
3410	4.28E-05
3411	3.50E-05
3412	3.75E-05
3413	6.88E-05
3414	6.08E-05
3415	4.17E-05
3416	4.56E-05
3417	3.58E-05
3418	4.46E-05
3419	5.49E-05
3420	3.71E-05
3421	4.15E-05
3422	5.34E-05
3423	3.74E-05
3424	3.72E-05
3425	5.68E-05
3426	4.93E-05
3427	8.74E-05
3428	0.002559707
3429	6.29E-05
3430	4.77E-05
3431	4.28E-05
3432	3.89E-05
3433	4.62E-05
3434	3.68E-05
3435	4.81E-05
3436	0.000702335
3437	4.69E-05
3438	4.22E-05
3439	4.08E-05
3440	5.34E-05
3441	5.10E-05
3442	3.68E-05
3443	4.39E-05
3444	3.78E-05
3445	3.99E-05
3446	4.15E-05
3447	4.51E-05
3448	5.34E-05
3449	4.46E-05
3450	0.0001873
3451	0.000190147
3452	5.48E-05
3453	0.000387384
3454	3.21E-05
3455	3.20E-05
3456	8.98E-05
3457	4.65E-05
3458	0.000162458
3459	4.83E-05
3460	9.61E-05
3461	3.78E-05
3462	3.65E-05
3463	5.36E-05
3464	4.14E-05
3465	9.85E-05
3466	3.36E-05
3467	2.65E-05
3468	9.99E-05
3469	7.63E-05
3470	3.86E-05
3471	3.99E-05
3472	6.26E-05
3473	0.000160433
3474	4.86E-05
3475	4.11E-05
3476	0.000128245
3477	5.15E-05
3478	0.000137508
3479	8.22E-05
3480	5.67E-05
3481	3.67E-05
3482	5.12E-05
3483	4.67E-05
3484	4.89E-05
3485	3.62E-05
3486	4.73E-05
3487	8.60E-05
3488	9.18E-05
3489	0.000102337
3490	0.000111129
3491	9.70E-05
3492	5.22E-05
3493	6.00E-05
3494	5.64E-05
3495	5.70E-05
3496	3.80E-05
3497	5.33E-05
3498	3.90E-05
3499	0.000591462
3500	4.12E-05
3501	7.13E-05
3502	3.37E-05
3503	4.21E-05
3504	4.17E-05
3505	5.47E-05
3506	0.000558764
3507	7.57E-05
3508	7.48E-05
3509	3.81E-05
3510	8.93E-05
3511	4.52E-05
3512	7.21E-05
3513	3.82E-05
3514	3.76E-05
3515	3.74E-05
3516	0.000194859
3517	5.60E-05
3518	4.71E-05
3519	3.23E-05
3520	4.23E-05
3521	0.000259154
3522	0.00070005
3523	0.000100146
3524	5.37E-05
3525	6.01E-05
3526	0.000119387
3527	5.28E-05
3528	8.22E-05
3529	0.000206519
3530	0.000125416
3531	0.000115676
3532	4.15E-05
3533	9.21E-05
3534	4.17E-05
3535	0.000142248
3536	3.14E-05
3537	0.000114649
3538	6.21E-05
3539	3.54E-05
3540	4.69E-05
3541	4.67E-05
3542	7.46E-05
3543	3.21E-05
3544	3.53E-05
3545	6.10E-05
3546	4.70E-05
3547	4.52E-05
3548	5.18E-05
3549	6.55E-05
3550	6.51E-05
3551	7.47E-05
3552	4.53E-05
3553	5.78E-05
3554	4.00E-05
3555	3.69E-05
3556	3.56E-05
3557	8.15E-05
3558	4.10E-05
3559	4.14E-05
3560	5.22E-05
3561	7.76E-05
3562	4.01E-05
3563	3.15E-05
3564	9.70E-05
3565	0.000103932
3566	0.000154712
3567	4.43E-05
3568	3.97E-05
3569	7.06E-05
3570	4.28E-05
3571	5.02E-05
3572	5.72E-05
3573	6.16E-05
3574	8.51E-05
3575	0.000686059
3576	0.000258747
3577	6.90E-05
3578	0.000102021
3579	0.0001027
3580	6.82E-05
3581	8.08E-05
3582	6.40E-05
3583	0.000171787
3584	4.01E-05
3585	3.64E-05
3586	5.69E-05
3587	5.11E-05
3588	4.68E-05
3589	0.000723788
3590	5.84E-05
3591	4.43E-05
3592	5.30E-05
3593	7.73E-05
3594	0.000311414
3595	5.56E-05
3596	4.33E-05
3597	0.001595209
3598	0.000125544
3599	5.65E-05
3600	5.51E-05
3601	0.000407161
3602	6.61E-05
3603	4.09E-05
3604	3.29E-05
3605	4.38E-05
3606	3.51E-05
3607	3.46E-05
3608	0.001364771
3609	5.04E-05
3610	5.03E-05
3611	3.70E-05
3612	3.74E-05
3613	4.04E-05
3614	8.31E-05
3615	4.46E-05
3616	3.76E-05
3617	4.49E-05
3618	5.80E-05
3619	4.56E-05
3620	0.000146093
3621	4.84E-05
3622	5.42E-05
3623	3.82E-05
3624	5.11E-05
3625	5.14E-05
3626	3.50E-05
3627	3.78E-05
3628	4.14E-05
3629	3.95E-05
3630	4.12E-05
3631	8.43E-05
3632	6.81E-05
3633	5.42E-05
3634	4.80E-05
3635	3.68E-05
3636	3.42E-05
3637	4.06E-05
3638	3.76E-05
3639	4.01E-05
3640	0.000132882
3641	4.46E-05
3642	0.000114016
3643	6.66E-05
3644	5.45E-05
3645	0.000182651
3646	3.77E-05
3647	4.73E-05
3648	7.34E-05
3649	7.41E-05
3650	3.35E-05
3651	4.29E-05
3652	8.74E-05
3653	5.28E-05
3654	3.55E-05
3655	7.86E-05
3656	3.62E-05
3657	0.00011553
3658	4.40E-05
3659	4.52E-05
3660	5.55E-05
3661	3.86E-05
3662	3.82E-05
3663	3.50E-05
3664	4.44E-05
3665	4.29E-05
3666	4.15E-05
3667	3.89E-05
3668	6.29E-05
3669	4.59E-05
3670	2.97E-05
3671	4.44E-05
3672	3.57E-05
3673	4.40E-05
3674	8.32E-05
3675	3.81E-05
3676	5.10E-05
3677	4.62E-05
3678	3.80E-05
3679	9.30E-05
3680	7.42E-05
3681	3.63E-05
3682	3.97E-05
3683	6.22E-05
3684	4.39E-05
3685	4.06E-05
3686	3.87E-05
3687	5.03E-05
3688	4.94E-05
3689	4.33E-05
3690	3.93E-05
3691	3.70E-05
3692	3.62E-05
3693	4.79E-05
3694	3.65E-05
3695	3.91E-05
3696	3.75E-05
3697	3.58E-05
3698	0.00011285
3699	3.69E-05
3700	8.32E-05
3701	3.87E-05
3702	3.57E-05
3703	6.10E-05
3704	4.97E-05
3705	5.06E-05
3706	4.91E-05
3707	4.46E-05
3708	0.000178082
3709	7.63E-05
3710	9.10E-05
3711	5.89E-05
3712	5.48E-05
3713	4.61E-05
3714	8.77E-05
3715	0.000595564
3716	4.88E-05
3717	0.000205421
3718	4.69E-05
3719	3.81E-05
3720	5.81E-05
3721	4.62E-05
3722	4.38E-05
3723	4.25E-05
3724	5.16E-05
3725	3.44E-05
3726	8.87E-05
3727	2.98E-05
3728	4.19E-05
3729	0.000102146
3730	4.78E-05
3731	0.000110191
3732	4.01E-05
3733	6.16E-05
3734	4.46E-05
3735	3.90E-05
3736	4.20E-05
3737	6.58E-05
3738	0.000144262
3739	0.000103276
3740	0.000806127
3741	0.000299307
3742	4.64E-05
3743	4.73E-05
3744	4.79E-05
3745	7.79E-05
3746	8.52E-05
3747	5.60E-05
3748	5.86E-05
3749	4.54E-05
3750	8.41E-05
3751	6.83E-05
3752	3.90E-05
3753	5.00E-05
3754	5.03E-05
3755	5.21E-05
3756	4.07E-05
3757	3.76E-05
3758	5.77E-05
3759	4.38E-05
3760	5.08E-05
3761	3.43E-05
3762	3.95E-05
3763	2.84E-05
3764	4.26E-05
3765	5.14E-05
3766	4.63E-05
3767	5.36E-05
3768	5.69E-05
3769	6.53E-05
3770	0.000100761
3771	5.86E-05
3772	4.37E-05
3773	0.000154726
3774	7.49E-05
3775	0.000115684
3776	6.09E-05
3777	4.36E-05
3778	7.78E-05
3779	5.20E-05
3780	8.76E-05
3781	3.81E-05
3782	5.42E-05
3783	0.000309382
3784	9.54E-05
3785	0.000179807
3786	9.40E-05
3787	5.34E-05
3788	0.000147326
3789	4.39E-05
3790	4.70E-05
3791	4.81E-05
3792	4.64E-05
3793	4.77E-05
3794	7.04E-05
3795	5.57E-05
3796	4.37E-05
3797	4.06E-05
3798	4.46E-05
3799	4.99E-05
3800	5.81E-05
3801	5.08E-05
3802	5.33E-05
3803	5.67E-05
3804	4.75E-05
3805	0.000120807
3806	4.68E-05
3807	3.67E-05
3808	8.56E-05
3809	4.79E-05
3810	0.000128444
3811	0.000319155
3812	8.89E-05
3813	4.72E-05
3814	4.68E-05
3815	4.54E-05
3816	6.17E-05
3817	5.15E-05
3818	4.03E-05
3819	0.000137498
3820	0.000102804
3821	5.04E-05
3822	7.07E-05
3823	0.000267474
3824	5.37E-05
3825	0.000165281
3826	4.08E-05
3827	4.65E-05
3828	4.61E-05
3829	5.55E-05
3830	5.54E-05
3831	0.000180722
3832	8.62E-05
3833	9.01E-05
3834	5.02E-05
3835	5.38E-05
3836	8.16E-05
3837	6.92E-05
3838	7.40E-05
3839	5.22E-05
3840	7.83E-05
3841	8.65E-05
3842	7.03E-05
3843	6.06E-05
3844	4.23E-05
3845	0.000120913
3846	6.88E-05
3847	4.02E-05
3848	5.02E-05
3849	4.07E-05
3850	6.56E-05
3851	4.02E-05
3852	0.0001185
3853	7.40E-05
3854	3.91E-05
3855	7.26E-05
3856	4.69E-05
3857	4.10E-05
3858	6.36E-05
3859	4.93E-05
3860	0.000322888
3861	3.11E-05
3862	9.10E-05
3863	5.02E-05
3864	6.25E-05
3865	4.29E-05
3866	4.84E-05
3867	0.000106005
3868	7.42E-05
3869	6.70E-05
3870	4.18E-05
3871	3.79E-05
3872	0.00012256
3873	5.33E-05
3874	5.21E-05
3875	4.78E-05
3876	0.000138861
3877	0.000103178
3878	5.02E-05
3879	4.54E-05
3880	4.45E-05
3881	3.40E-05
3882	4.79E-05
3883	0.000292038
3884	6.43E-05
3885	4.75E-05
3886	4.17E-05
3887	5.54E-05
3888	4.62E-05
3889	4.60E-05
3890	9.25E-05
3891	3.88E-05
3892	4.69E-05
3893	4.48E-05
3894	5.48E-05
3895	5.32E-05
3896	6.39E-05
3897	4.59E-05
3898	4.03E-05
3899	8.13E-05
3900	5.17E-05
3901	4.68E-05
3902	4.52E-05
3903	0.000265859
3904	4.48E-05
3905	7.46E-05
3906	7.44E-05
3907	4.95E-05
3908	4.76E-05
3909	5.27E-05
3910	0.000172449
3911	7.19E-05
3912	5.00E-05
3913	5.10E-05
3914	4.89E-05
3915	3.24E-05
3916	6.38E-05
3917	0.000111261
3918	3.67E-05
3919	4.25E-05
3920	5.88E-05
3921	4.83E-05
3922	0.000606916
3923	3.60E-05
3924	3.72E-05
3925	0.000190437
3926	3.82E-05
3927	8.71E-05
3928	0.00010104
3929	4.68E-05
3930	4.15E-05
3931	4.35E-05
3932	0.000119767
3933	8.21E-05
3934	8.49E-05
3935	6.24E-05
3936	0.000239917
3937	0.000153316
3938	5.85E-05
3939	5.56E-05
3940	3.56E-05
3941	4.14E-05
3942	4.33E-05
3943	6.24E-05
3944	3.72E-05
3945	4.87E-05
3946	7.92E-05
3947	7.96E-05
3948	5.47E-05
3949	3.07E-05
3950	4.44E-05
3951	3.86E-05
3952	5.21E-05
3953	7.95E-05
3954	0.000116351
3955	6.21E-05
3956	7.91E-05
3957	3.98E-05
3958	8.05E-05
3959	0.000183704
3960	0.000124081
3961	6.25E-05
3962	8.13E-05
3963	6.16E-05
3964	5.43E-05
3965	0.000111644
3966	8.41E-05
3967	6.65E-05
3968	0.000168934
3969	0.000101762
3970	0.000105086
3971	4.09E-05
3972	8.99E-05
3973	6.48E-05
3974	7.50E-05
3975	9.75E-05
3976	4.85E-05
3977	5.13E-05
3978	5.57E-05
3979	9.55E-05
3980	4.19E-05
3981	4.18E-05
3982	4.29E-05
3983	5.85E-05
3984	0.0006978
3985	3.75E-05
3986	3.84E-05
3987	3.44E-05
3988	0.000197163
3989	5.14E-05
3990	4.48E-05
3991	4.61E-05
3992	5.76E-05
3993	3.53E-05
3994	4.83E-05
3995	3.55E-05
3996	3.11E-05
3997	3.65E-05
3998	4.38E-05
3999	6.01E-05
4000	4.63E-05
4001	3.96E-05
4002	5.84E-05
4003	0.000267652
4004	3.95E-05
4005	3.90E-05
4006	3.69E-05
4007	4.83E-05
4008	4.42E-05
4009	0.000513794
4010	4.43E-05
4011	0.000132353
4012	6.61E-05
4013	3.65E-05
4014	4.09E-05
4015	4.89E-05
4016	0.00011021
4017	3.95E-05
4018	3.33E-05
4019	4.80E-05
4020	0.000118962
4021	0.001510234
4022	6.80E-05
4023	4.13E-05
4024	6.56E-05
4025	3.88E-05
4026	2.92E-05
4027	4.48E-05
4028	4.41E-05
4029	6.04E-05
4030	5.58E-05
4031	0.000206393
4032	9.24E-05
4033	2.95E-05
4034	3.79E-05
4035	0.00013884
4036	4.88E-05
4037	4.64E-05
4038	3.78E-05
4039	3.45E-05
4040	0.000207938
4041	3.30E-05
4042	0.000156005
4043	9.86E-05
4044	8.42E-05
4045	3.32E-05
4046	5.01E-05
4047	8.83E-05
4048	5.39E-05
4049	5.00E-05
4050	4.27E-05
4051	3.64E-05
4052	6.35E-05
4053	3.79E-05
4054	5.10E-05
4055	3.23E-05
4056	0.000118874
4057	0.000171125
4058	8.09E-05
4059	0.000125516
4060	5.55E-05
4061	5.15E-05
4062	8.42E-05
4063	3.35E-05
4064	0.000146322
4065	0.000164032
4066	6.68E-05
4067	4.58E-05
4068	5.86E-05
4069	8.62E-05
4070	0.000137556
4071	6.48E-05
4072	5.57E-05
4073	3.20E-05
4074	4.02E-05
4075	3.51E-05
4076	0.000476558
4077	6.96E-05
4078	3.53E-05
4079	3.83E-05
4080	5.00E-05
4081	4.24E-05
4082	0.000200079
4083	3.21E-05
4084	3.76E-05
4085	5.47E-05
4086	0.000108106
4087	6.31E-05
4088	6.09E-05
4089	4.96E-05
4090	4.61E-05
4091	5.59E-05
4092	0.000111205
4093	0.000119085
4094	7.35E-05
4095	8.56E-05
4096	7.05E-05
4097	4.86E-05
4098	4.71E-05
4099	3.41E-05
4100	7.76E-05
4101	0.000115047
4102	6.33E-05
4103	5.60E-05
4104	8.59E-05
4105	3.48E-05
4106	6.23E-05
4107	6.97E-05
4108	4.48E-05
4109	8.95E-05
4110	4.03E-05
4111	0.000134596
4112	0.000387575
4113	4.77E-05
4114	6.49E-05
4115	6.07E-05
4116	3.06E-05
4117	9.92E-05
4118	4.87E-05
4119	9.37E-05
4120	6.15E-05
4121	7.25E-05
4122	0.000120862
4123	4.65E-05
4124	3.50E-05
4125	3.20E-05
4126	7.54E-05
4127	0.000349241
4128	0.000102453
4129	8.74E-05
4130	0.000107463
4131	4.18E-05
4132	3.42E-05
4133	7.80E-05
4134	6.89E-05
4135	4.33E-05
4136	0.000276708
4137	3.79E-05
4138	0.000133033
4139	0.000460411
4140	0.000230712
4141	4.40E-05
4142	7.49E-05
4143	0.000326489
4144	6.98E-05
4145	7.34E-05
4146	6.55E-05
4147	5.55E-05
4148	0.00021088
4149	4.91E-05
4150	5.97E-05
4151	3.04E-05
4152	4.83E-05
4153	3.43E-05
4154	4.08E-05
4155	0.000363
4156	3.65E-05
4157	6.33E-05
4158	0.000113669
4159	9.82E-05
4160	4.66E-05
4161	8.56E-05
4162	5.00E-05
4163	0.000190298
4164	3.07E-05
4165	6.43E-05
4166	3.93E-05
4167	6.79E-05
4168	3.34E-05
4169	4.95E-05
4170	4.00E-05
4171	5.09E-05
4172	3.42E-05
4173	5.42E-05
4174	4.12E-05
4175	3.35E-05
4176	3.94E-05
4177	5.20E-05
4178	4.28E-05
4179	5.75E-05
4180	5.76E-05
4181	8.33E-05
4182	6.32E-05
4183	4.37E-05
4184	6.23E-05
4185	3.89E-05
4186	2.80E-05
4187	3.91E-05
4188	6.96E-05
4189	9.29E-05
4190	3.71E-05
4191	0.000206505
4192	3.35E-05
4193	4.97E-05
4194	8.54E-05
4195	9.37E-05
4196	4.23E-05
4197	3.76E-05
4198	4.95E-05
4199	0.00020393
4200	5.94E-05
4201	4.82E-05
4202	4.92E-05
4203	8.06E-05
4204	9.08E-05
4205	4.32E-05
4206	4.74E-05
4207	0.000524311
4208	7.51E-05
4209	3.34E-05
4210	0.000160229
4211	8.61E-05
4212	0.000149654
4213	6.62E-05
4214	6.30E-05
4215	0.000339475
4216	3.06E-05
4217	7.82E-05
4218	0.000119367
4219	3.78E-05
4220	4.02E-05
4221	4.62E-05
4222	4.80E-05
4223	4.63E-05
4224	0.002458211
4225	0.000614507
4226	4.23E-05
4227	7.29E-05
4228	0.000117169
4229	0.000165413
4230	0.000123121
4231	4.99E-05
4232	3.64E-05
4233	0.000254918
4234	4.76E-05
4235	0.000252307
4236	0.000322584
4237	4.93E-05
4238	6.51E-05
4239	8.16E-05
4240	3.94E-05
4241	4.82E-05
4242	4.77E-05
4243	5.16E-05
4244	3.18E-05
4245	4.97E-05
4246	3.97E-05
4247	4.68E-05
4248	5.44E-05
4249	3.35E-05
4250	4.86E-05
4251	8.85E-05
4252	6.00E-05
4253	8.46E-05
4254	4.21E-05
4255	7.23E-05
4256	4.69E-05
4257	4.75E-05
4258	6.25E-05
4259	4.94E-05
4260	5.44E-05
4261	6.47E-05
4262	3.72E-05
4263	6.44E-05
4264	7.09E-05
4265	3.84E-05
4266	3.11E-05
4267	0.000311529
4268	5.89E-05
4269	5.96E-05
4270	7.94E-05
4271	6.28E-05
4272	4.80E-05
4273	7.93E-05
4274	4.17E-05
4275	5.62E-05
4276	0.000135386
4277	8.22E-05
4278	4.93E-05
4279	9.89E-05
4280	6.60E-05
4281	4.58E-05
4282	4.47E-05
4283	4.39E-05
4284	3.76E-05
4285	5.40E-05
4286	6.08E-05
4287	4.25E-05
4288	4.87E-05
4289	5.73E-05
4290	0.000178479
