1	-0.5899
2	-4.021
3	-3.072
4	-2.382
5	
6	0.06289
7	0.2571
8	-0.2158
9	0.08796
10	0.6976
11	0.229
12	0.6657
13	0.1173
14	1.915
15	1.066
16	0.8596
17	0.5607
18	
19	0.9444
20	0.8069
21	1.24
22	1.183
23	-1.368
24	
25	0.387
26	-0.5632
27	-0.1547
28	
29	
30	-0.3684
31	-1.034
32	-3.333
33	-3.053
34	-0.1296
35	-0.08894
36	-0.4379
37	0.3978
38	0.3502
39	-0.05789
40	-0.4255
41	-0.3535
42	-0.05932
43	-0.3368
44	-0.2537
45	-0.1742
46	-0.248
47	-0.2027
48	0.3224
49	0.7016
50	0.5215
51	0.03796
52	-0.8668
53	0.6588
54	
55	0.08638
56	0.304
57	-0.1135
58	0.8715
59	
60	1.194
61	
62	0.265
63	-0.3725
64	-0.3098
65	-0.004731
66	0.296
67	-0.5824
68	-0.4673
69	0.684
70	0.03094
71	-2.59
72	-1.19
73	-2.698
74	-2.448
75	-0.5004
76	
77	-2.121
78	-1.615
79	-0.4272
80	
81	1.022
82	0.8577
83	
84	0.2014
85	-0.3685
86	-0.5466
87	
88	-0.34
89	
90	-0.07369
91	-0.6257
92	-0.2127
93	0.5448
94	0.496
95	-0.1478
96	0.7821
97	
98	0.4291
99	
100	
101	0.2303
102	-0.01238
103	0.2762
104	-0.7569
105	
106	0.2959
107	
108	0.1213
109	-0.1668
110	0.202
111	0.1863
112	-1.3
113	1.989
114	2.013
115	2.01
116	0.3909
117	0.2711
118	-2.068
119	1.777
120	-1.47
121	-1.867
122	-0.3655
123	
124	
125	0.1275
126	-0.07982
127	0.1168
128	-0.2292
129	-0.09758
130	0.4035
131	-0.9718
132	0.2833
133	0.1209
134	-0.1629
135	-0.137
136	-0.6424
137	-0.1759
138	0.08357
139	
140	
141	0.2617
142	-0.2722
143	0.201
144	0.03955
145	0.6118
146	1.232
147	-0.1514
148	
149	
150	-1.661
151	-0.5877
152	-0.9207
153	0.7244
154	-0.5568
155	0.4321
156	
157	0.1205
158	-0.07252
159	
160	0.3165
161	0.5133
162	0.2783
163	0.4562
164	0.02221
165	0.4827
166	-1.278
167	0.8643
168	0.3809
169	-0.1896
170	-0.6265
171	-0.4327
172	0.6342
173	1.145
174	0.2818
175	0.3914
176	0.3153
177	-0.519
178	-0.09102
179	0.7079
180	-0.2112
181	0.03461
182	0.1226
183	0.1727
184	0.4659
185	-0.05724
186	1.106
187	0.3013
188	0.9813
189	-0.1123
190	1.236
191	1.859
192	1.276
193	1.356
194	-1.316
195	0.2239
196	1.394
197	-2.024
198	-1.153
199	-0.9202
200	0.3856
201	
202	
203	
204	
205	
206	
207	-0.5303
208	0.4977
209	1.699
210	0.8456
211	-1.299
212	-0.00183
213	0.02933
214	-0.248
215	1.137
216	
217	0.6566
218	-0.2125
219	0.938
220	1.782
221	0.4256
222	-0.3117
223	0.6021
224	0.4874
225	0.03706
226	1.129
227	-0.1219
228	-0.06026
229	-0.2206
230	-0.1084
231	0.512
232	0.1467
233	0.07853
234	-0.2265
235	-0.2274
236	0.1465
237	-0.5389
238	-0.6466
239	1.175
240	-0.09284
241	0.3007
242	0.252
243	-0.146
244	
245	0.213
246	0.3068
247	0.2144
248	0.3717
249	0.1313
250	0.1066
251	0.1305
252	0.1956
253	0.8986
254	0.6155
255	0.3936
256	0.2385
257	0.1428
258	0.8449
259	0.484
260	-0.0364
261	-0.3477
262	0.2503
263	0.5221
264	1.492
265	1.317
266	-0.1094
267	-0.1204
268	0.4493
269	
270	-0.2946
271	
272	0.07471
273	-1.696
274	1.369
275	1.239
276	0.22
277	0.05122
278	-0.7565
279	-0.5706
280	-0.1314
281	0.8787
282	0.5466
283	0.1399
284	0.06322
285	0.06997
286	0.01187
287	-1.196
288	0.6468
289	0.001699
290	0.3282
291	0.2713
292	-0.4023
293	-0.3464
294	0.4906
295	
296	-0.3158
297	0.4525
298	0.1684
299	1.01
300	-0.2429
301	-0.1327
302	0.676
303	0.3719
304	0.1129
305	
306	0.4451
307	-0.1482
308	-0.07658
309	-0.184
310	-0.2863
311	0.05566
312	1.022
313	2.001
314	
315	-0.4569
316	0.2812
317	-0.104
318	0.2223
319	-0.07176
320	-0.3926
321	0.8476
322	
323	0.05086
324	
325	0.4122
326	-0.2897
327	0.177
328	0.5495
329	0.4774
330	0.5139
331	-0.0882
332	
333	-0.1973
334	-0.01473
335	-0.2445
336	-3.524
337	-1.309
338	
339	-0.2066
340	-0.2792
341	-0.02682
342	-0.1251
343	-0.376
344	-0.08836
345	0.2251
346	0.3149
347	-0.3799
348	-0.4337
349	-0.4579
350	-0.1852
351	-0.2297
352	-0.2652
353	-0.04045
354	0.3404
355	0.8801
356	0.1106
357	0.3647
358	-0.03291
359	-0.02957
360	0.2266
361	1.225
362	0.03594
363	-0.0411
364	-0.5187
365	-0.5176
366	-0.3024
367	-0.248
368	0.4498
369	0.4457
370	0.6825
371	0.4963
372	0.7134
373	0.08883
374	0.5583
375	
376	0.3347
377	0.8706
378	
379	-0.1525
380	-0.04867
381	-0.2258
382	-0.3639
383	0.5071
384	0.4437
385	0.7361
386	0.1249
387	-0.04059
388	0.07686
389	0.4704
390	0.1594
391	-0.06682
392	0.2041
393	-0.4947
394	0.3292
395	-0.05513
396	0.09817
397	-0.05587
398	-0.0554
399	1.056
400	
401	0.06062
402	0.509
403	
404	0.2937
405	-0.4027
406	-1.044
407	-0.9054
408	-0.7611
409	-0.09448
410	-0.1539
411	-2.269
412	-0.1838
413	0.6444
414	1.207
415	0.4177
416	0.6064
417	0.3705
418	1.133
419	0.8566
420	1.018
421	0.553
422	0.1999
423	0.1642
424	0.1782
425	0.983
426	0.6357
427	0.2361
428	-1.026
429	-1.22
430	-1.275
431	-1.394
432	-1.046
433	-0.09598
434	-1.049
435	0.5708
436	-1.912
437	0.9794
438	0.8935
439	0.155
440	-1.786
441	-0.8991
442	-0.1667
443	0.3809
444	0.142
445	-0.1482
446	0.08312
447	0.1463
448	0.05213
449	-0.0843
450	-0.6336
451	
452	0.07836
453	2.444
454	0.8855
455	
456	0.4079
457	0.888
458	1.206
459	0.4712
460	0.6939
461	0.9219
462	0.1417
463	
464	0.1818
465	
466	0.1645
467	0.5152
468	0.6685
469	-1.258
470	0.2672
471	-0.1965
472	-0.2132
473	1.344
474	-0.795
475	0.4988
476	0.1711
477	-0.2923
478	0.05335
479	-0.3648
480	0.4668
481	0.2077
482	0.5458
483	0.1162
484	1.641
485	3.377
486	2.208
487	1.737
488	2.765
489	1.778
490	0.3932
491	0.1456
492	-0.01778
493	0.009821
494	-0.06167
495	0.5332
496	-0.3907
497	
498	-0.1375
499	0.02206
500	-0.4132
501	0.1102
502	0.2365
503	0.1049
504	0.06409
505	0.3096
506	0.3576
507	0.02618
508	-0.6067
509	-0.1185
510	-0.1695
511	-0.3268
512	-0.1571
513	-0.3938
514	-0.2457
515	-0.224
516	-0.1093
517	-0.4382
518	-0.09111
519	-0.3053
520	-0.3669
521	-0.03869
522	-1.506
523	-0.5407
524	0.07531
525	-0.288
526	-0.7585
527	0.1608
528	-0.3933
529	-0.1909
530	0.09368
531	0.2265
532	-0.1874
533	-0.4811
534	-0.4272
535	-0.08386
536	
537	0.7
538	
539	0.04725
540	0.4351
541	0.8682
542	0.2498
543	0.4794
544	-0.3576
545	0.4983
546	0.1264
547	-0.01673
548	0.04312
549	0.2144
550	-0.04867
551	-0.1556
552	0.9844
553	-1.762
554	0.124
555	-0.03795
556	-0.1319
557	-0.6398
558	-0.6121
559	
560	0.05824
561	0.4402
562	-0.1327
563	-0.09966
564	-0.4183
565	-4.527
566	0.0752
567	0.6489
568	0.9981
569	0.3585
570	
571	-0.377
572	-1.531
573	-1.022
574	0.2197
575	-0.4977
576	-0.2808
577	-0.08694
578	-0.2283
579	0.1725
580	0.1004
581	0.6238
582	0.7748
583	-0.2883
584	-1.88
585	-1.497
586	-1.019
587	-0.3791
588	
589	-0.2759
590	
591	0.7081
592	-0.4721
593	
594	-1.221
595	-1.065
596	-0.3295
597	0.04443
598	0.2764
599	0.3804
600	0.3774
601	0.03763
602	-0.2697
603	-0.2431
604	-0.2449
605	1.97
606	2.447
607	2.354
608	0.342
609	-0.1402
610	-0.4231
611	-0.2711
612	0.09627
613	-0.2437
614	-0.1008
615	-0.5024
616	-0.106
617	0.1418
618	-0.03709
619	-0.2326
620	0.3184
621	0.144
622	0.1914
623	0.3714
624	0.8768
625	0.719
626	0.2958
627	0.5381
628	0.8839
629	0.4155
630	0.2116
631	0.9394
632	-0.7184
633	-0.09589
634	-0.2113
635	-0.5814
636	-0.1862
637	-0.01938
638	0.1344
639	0.7465
640	0.2775
641	-0.06713
642	0.2792
643	1.908
644	0.7837
645	-0.2083
646	-0.1536
647	
648	0.1628
649	-0.341
650	-0.1162
651	-0.2403
652	-0.2403
653	0.1959
654	0.07824
655	
656	0.8747
657	
658	-0.7242
659	0.06898
660	
661	0.1054
662	0.5931
663	0.146
664	
665	
666	
667	0.1201
668	
669	0.2453
670	
671	0.1204
672	
673	
674	-1.075
675	-0.6653
676	0.1393
677	0.5514
678	0.2651
679	-0.008782
680	-1.551
681	0.1679
682	-0.3527
683	0.8345
684	-0.1511
685	-0.09484
686	-0.09688
687	0.15
688	0.9872
689	0.01229
690	0.4326
691	
692	0.1689
693	-0.1751
694	0.6883
695	0.9939
696	1.532
697	1.247
698	1.605
699	0.7387
700	
701	0.6683
702	0.06409
703	0.3188
704	-0.01152
705	0.3739
706	-0.02648
707	0.4425
708	0.1787
709	-0.1498
710	0.1671
711	-1.834
712	-0.3791
713	0.06045
714	-0.1766
715	0.6495
716	0.2759
717	0.5781
718	-0.6055
719	-0.3824
720	-2.216
721	
722	-1.652
723	-1.977
724	-0.5352
725	0.3064
726	-2.797
727	-2.042
728	-2.096
729	-2.694
730	-0.0666
731	0.03498
732	
733	1.501
734	1.53
735	1.004
736	1.339
737	0.4401
738	0.3509
739	1.164
740	-0.7821
741	-1.64
742	-0.6033
743	
744	
745	
746	
747	
748	
749	
750	-1.754
751	-0.9945
752	0.3449
753	1.224
754	-1.165
755	-0.5293
756	-0.7099
757	-0.4127
758	-0.1623
759	0.07714
760	-0.6532
761	-0.08886
762	
763	0.6944
764	0.4132
765	0.3339
766	0.02288
767	-0.4025
768	0.2924
769	-0.3772
770	
771	
772	-1.049
773	0.3664
774	-1.067
775	-1.299
776	-0.6925
777	-0.7954
778	-0.7609
779	1.517
780	
781	-0.9304
782	-0.6937
783	-0.3504
784	-0.7286
785	-0.5572
786	0.7983
787	
788	0.5451
789	0.6767
790	0.3862
791	0.4791
792	-0.1166
793	0.3127
794	0.6974
795	
796	0.3739
797	0.193
798	0.1131
799	0.7875
800	
801	-0.9375
802	1.275
803	0.7621
804	
805	
806	0.1608
807	0.5017
808	
809	0.01229
810	0.2495
811	-0.06677
812	3.161
813	0.2969
814	0.4731
815	0.3832
816	
817	0.6006
818	0.6824
819	
820	-0.426
821	0.5706
822	0.2378
823	-0.05859
824	-0.378
825	0.02393
826	-0.04867
827	-0.1978
828	-0.2638
829	-0.802
830	-1.528
831	-0.5244
832	-0.9644
833	-0.3278
834	-0.3839
835	-0.9124
836	1.518
837	0.7024
838	-0.4811
839	1.42
840	1.728
841	0.6966
842	0.05335
843	0.6662
844	0.5177
845	-0.3203
846	0.329
847	0.04397
848	2.477
849	1.733
850	0.6163
851	0.5955
852	0.157
853	0.4379
854	-1.504
855	-1.104
856	-0.7984
857	-0.1405
858	0.2687
859	-0.1839
860	-2.57
861	-0.0364
862	-0.1721
863	
864	0.9361
865	1.197
866	0.7478
867	1.133
868	1.178
869	0.8866
870	1.287
871	2.323
872	0.05414
873	0.1169
874	-0.2326
875	-0.04867
876	-0.08875
877	-1.652
878	-0.114
879	0.1574
880	0.8708
881	1.266
882	1.149
883	
884	1.14
885	0.1042
886	-0.5673
887	-0.6164
888	-1.309
889	
890	-0.8468
891	-0.004619
892	-0.01177
893	-0.538
894	-0.6856
895	0.2553
896	0.7354
897	0.6146
898	0.5744
899	-0.04867
900	0.4383
901	
902	1.508
903	-0.3192
904	-1.026
905	-1.049
906	1.423
907	-2.091
908	-1.668
909	0.5001
910	0.4904
911	-1.353
912	
913	
914	-0.827
915	0.1189
916	-0.1514
917	0.2203
918	0.5933
919	0.5568
920	0.1023
921	0.6899
922	-0.2765
923	-0.5196
924	-0.6472
925	1.947
926	0.3152
927	
928	-1.77
929	-5.974
930	-0.6331
931	-0.8892
932	0.2844
933	0.7241
934	-0.2032
935	0.03946
936	-0.2744
937	0.2774
938	
939	
940	-0.6119
941	0.04106
942	-0.1178
943	-0.05719
944	-0.4472
945	-1.902
946	
947	-0.09952
948	-0.00597
949	-0.03783
950	0.1675
951	0.2208
952	0.5956
953	-0.2207
954	-0.1337
955	0.0501
956	0.6349
957	-0.2784
958	0.7578
959	0.3188
960	0.1863
961	0.2015
962	0.7944
963	0.6378
964	0.1081
965	0.3935
966	1.203
967	-0.5663
968	1.1
969	0.7574
970	-1.302
971	
972	1.431
973	1.579
974	0.795
975	0.923
976	0.9864
977	1.348
978	0.996
979	0.9814
980	0.78
981	0.2905
982	-0.07905
983	-0.1521
984	0.4733
985	-0.01305
986	0.3603
987	0.2124
988	1.464
989	-0.1049
990	
991	
992	0.05277
993	0.2386
994	0.5578
995	0.5057
996	-1.13
997	0.5457
998	1.709
999	-0.3628
1000	2.837
1001	0.2144
1002	0.2179
1003	1.078
1004	3.007
1005	1.674
1006	2.299
1007	0.2551
1008	-0.1968
1009	-0.1204
1010	0.1306
1011	-0.2018
1012	-0.06989
1013	-0.07782
1014	
1015	-0.9281
1016	0.5275
1017	0.3908
1018	-0.9816
1019	
1020	-0.6603
1021	-0.248
1022	0.1112
1023	-0.5361
1024	-0.5275
1025	-0.002871
1026	0.7016
1027	0.3924
1028	-0.3358
1029	-0.05714
1030	
1031	
1032	
1033	-0.5923
1034	-0.4327
1035	-0.4058
1036	0.3213
1037	-0.4404
1038	-1.159
1039	-0.1242
1040	-0.788
1041	-0.3897
1042	-0.2213
1043	-0.1191
1044	-0.3578
1045	0.5218
1046	0.3062
1047	-0.2507
1048	-0.4484
1049	-0.4353
1050	1.867
1051	2.131
1052	0.006187
1053	0.24
1054	0.3561
1055	-0.5076
1056	-1.014
1057	-0.02401
1058	-0.04867
1059	-0.1563
1060	0.4492
1061	-0.3659
1062	-2.956
1063	-0.112
1064	-2.439
1065	0.228
1066	0.4447
1067	0.298
1068	-0.1412
1069	-0.09019
1070	-0.7907
1071	-0.7332
1072	-0.6475
1073	-2.292
1074	-1.903
1075	-2.68
1076	-3.522
1077	-1.938
1078	-2.127
1079	-0.8332
1080	-0.5177
1081	-0.9121
1082	-2.172
1083	-1.034
1084	
1085	-0.1649
1086	0.2036
1087	-0.04867
1088	-0.2901
1089	-0.9889
1090	0.001755
1091	-0.3797
1092	-1.027
1093	-0.7292
1094	-1.23
1095	-0.5767
1096	
1097	0.2073
1098	0.5881
1099	-0.105
1100	0.4583
1101	-2.54
1102	-0.7058
1103	0.2311
1104	-0.363
1105	-0.1945
1106	0.192
1107	0.5719
1108	0.4706
1109	0.5816
1110	0.4608
1111	1.406
1112	3.037
1113	0.2462
1114	0.1033
1115	-0.3665
1116	-0.4904
1117	-0.7267
1118	-0.6192
1119	0.06161
1120	-0.2577
1121	-0.08932
1122	-0.1035
1123	-3.164
1124	-1.01
1125	-1.119
1126	-0.6596
1127	0.7785
1128	0.6542
1129	1.749
1130	1.107
1131	-1.838
1132	0.2612
1133	0.1458
1134	-0.3553
1135	0.02408
1136	-2.796
1137	0.08297
1138	-0.07176
1139	-0.2247
1140	-0.2943
1141	-0.08242
1142	-0.1514
1143	-0.008032
1144	-0.1931
1145	
1146	0.1169
1147	0.4261
1148	0.06165
1149	0.3919
1150	-0.1994
1151	0.2494
1152	-0.07313
1153	-0.05956
1154	-0.3743
1155	-0.06248
1156	-0.4342
1157	-0.1094
1158	-0.2508
1159	-0.1874
1160	
1161	-0.08715
1162	1.248
1163	0.3292
1164	1.439
1165	1.266
1166	-0.1118
1167	-0.07151
1168	0.09199
1169	-0.5162
1170	0.2177
1171	-0.4326
1172	0.2924
1173	0.3463
1174	-0.8296
1175	-1.793
1176	-0.6226
1177	0.2419
1178	-0.5632
1179	
1180	-0.5847
1181	0.3422
1182	
1183	-0.3136
1184	0.1055
1185	-0.0908
1186	-0.5553
1187	-0.3679
1188	
1189	1.032
1190	1.038
1191	-0.5874
1192	0.501
1193	-0.3505
1194	-1.535
1195	0.6966
1196	
1197	-0.1712
1198	-0.4285
1199	-0.4406
1200	-0.006446
1201	-0.2911
1202	0.08883
1203	-0.7664
1204	-0.1514
1205	0.5452
1206	2.533
1207	
1208	-0.4374
1209	
1210	0.1474
1211	-0.06616
1212	-0.02944
1213	0.2992
1214	0.144
1215	0.4869
1216	-0.5197
1217	0.3485
1218	0.6783
1219	0.5938
1220	0.2583
1221	0.1876
1222	0.03105
1223	-0.9983
1224	-0.8329
1225	0.9657
1226	0.1587
1227	0.4868
1228	1.073
1229	0.7829
1230	
1231	
1232	-0.7147
1233	-1.159
1234	0.3988
1235	1.371
1236	-0.319
1237	0.3915
1238	-0.3677
1239	0.129
1240	0.04917
1241	0.02022
1242	
1243	1.257
1244	0.6588
1245	0.09121
1246	0.787
1247	0.614
1248	-0.1092
1249	0.001449
1250	0.8351
1251	-0.3271
1252	0.5005
1253	0.1125
1254	0.2048
1255	-0.1987
1256	-1.407
1257	-0.3117
1258	-0.2309
1259	-0.1761
1260	-1.887
1261	-1.843
1262	-1.995
1263	-2.57
1264	-2.674
1265	
1266	1.017
1267	1.168
1268	-0.03818
1269	-0.4155
1270	0.01587
1271	-0.5071
1272	0.2545
1273	1.599
1274	0.04541
1275	-0.3876
1276	0.9975
1277	-0.08412
1278	-0.1283
1279	0.04152
1280	0.691
1281	-0.4048
1282	-0.2464
1283	1.862
1284	-0.441
1285	1.046
1286	-1.443
1287	-2.003
1288	-1.354
1289	-0.3014
1290	-0.2205
1291	-0.02957
1292	-0.1826
1293	0.07062
1294	0.5707
1295	-0.3401
1296	-0.2427
1297	-1.135
1298	-0.1024
1299	-0.2027
1300	-1.443
1301	-1.561
1302	-0.499
1303	-0.03811
1304	0.8945
1305	-2.494
1306	0.3081
1307	0.1645
1308	-0.04133
1309	-0.3616
1310	-0.8466
1311	-0.6975
1312	-0.4583
1313	0.179
1314	-0.8993
1315	-0.6012
1316	-0.9305
1317	-0.5257
1318	-0.4778
1319	-0.419
1320	-0.7542
1321	0.1771
1322	-0.1017
1323	0.2779
1324	-0.5642
1325	0.7608
1326	0.5033
1327	0.3419
1328	0.02115
1329	-0.3767
1330	-0.2984
1331	0.9246
1332	-0.06026
1333	0.5339
1334	0.758
1335	0.3894
1336	0.2645
1337	-0.3785
1338	-0.654
1339	-1.077
1340	0.7945
1341	-0.6535
1342	1.029
1343	
1344	-0.1146
1345	-0.4019
1346	-0.2065
1347	0.04917
1348	0.3428
1349	-0.4464
1350	0.2219
1351	0.03879
1352	-0.4157
1353	-0.04867
1354	0.7688
1355	1.231
1356	0.09073
1357	-0.3018
1358	-0.3512
1359	-0.4603
1360	-0.8787
1361	-0.2267
1362	-0.2374
1363	-0.09353
1364	-1.238
1365	-0.9255
1366	-1.059
1367	0.2929
1368	0.1004
1369	-0.4904
1370	0.897
1371	-0.1753
1372	-0.2313
1373	-0.1569
1374	0.4023
1375	-0.3662
1376	0.4217
1377	-0.14
1378	0.7003
1379	0.8013
1380	1.541
1381	-0.2909
1382	-0.3267
1383	-1.097
1384	-1.61
1385	-0.5304
1386	-0.1975
1387	0.3241
1388	-0.9952
1389	-0.7686
1390	-0.7856
1391	-0.6098
1392	-0.3311
1393	-1.071
1394	
1395	
1396	-0.8726
1397	0.1353
1398	-0.4674
1399	0.07332
1400	-0.6632
1401	-0.1613
1402	1.034
1403	0.3244
1404	0.1783
1405	-0.04867
1406	-0.5571
1407	-0.1662
1408	-0.9085
1409	-0.7909
1410	-0.5715
1411	-0.1633
1412	-0.7124
1413	0.4051
1414	-0.2966
1415	-0.5729
1416	0.4576
1417	1.727
1418	-0.6289
1419	-0.53
1420	-0.8687
1421	-0.378
1422	-0.1614
1423	
1424	
1425	-1.292
1426	0.2847
1427	0.5391
1428	-0.1151
1429	-0.07863
1430	-0.03996
1431	-0.1338
1432	
1433	0.2759
1434	0.159
1435	-1.032
1436	-1.071
1437	0.3233
1438	0.4833
1439	0.03076
1440	0.002114
1441	-0.09629
1442	-0.1253
1443	-0.4012
1444	0.5128
1445	-0.1913
1446	0.3732
1447	1.663
1448	0.2957
1449	0.1559
1450	0.9443
1451	
1452	-1.224
1453	-0.403
1454	0.4163
1455	-0.1472
1456	0.2749
1457	-0.2711
1458	-0.1742
1459	
1460	0.2453
1461	-0.5116
1462	0.5982
1463	-0.5133
1464	0.04779
1465	0.2144
1466	-0.02137
1467	0.03649
1468	-0.2468
1469	-0.02877
1470	-0.2522
1471	
1472	
1473	-0.6295
1474	0.9395
1475	0.3165
1476	-0.3916
1477	0.195
1478	0.06582
1479	0.4644
1480	0.3791
1481	-0.2201
1482	0.5079
1483	0.8991
1484	-0.7549
1485	-0.05755
1486	0.4704
1487	0.1112
1488	0.2833
1489	-0.01908
1490	0.03813
1491	0.3259
1492	2.612
1493	2.027
1494	
1495	-0.9867
1496	-0.7611
1497	-2.095
1498	-0.9008
1499	-0.7751
1500	-0.7888
1501	-0.9338
1502	-0.7375
1503	-1.426
1504	-0.9376
1505	-1.647
1506	-0.5363
1507	0.3573
1508	0.2101
1509	0.5334
1510	0.1943
1511	-0.2195
1512	0.2321
1513	-0.185
1514	-0.5487
1515	-0.5358
1516	0.3573
1517	-0.9147
1518	-0.6925
1519	0.4268
1520	
1521	-0.2816
1522	
1523	0.3248
1524	0.1645
1525	-0.0423
1526	0.8164
1527	-0.5744
1528	0.9171
1529	0.5749
1530	0.9145
1531	1.689
1532	0.4283
1533	0.3643
1534	-0.1686
1535	0.2294
1536	
1537	
1538	-0.6638
1539	0.3646
1540	0.7258
1541	1.895
1542	0.5596
1543	-0.2838
1544	-0.2161
1545	0.8826
1546	0.1278
1547	-0.3973
1548	-0.01446
1549	-0.882
1550	-0.4897
1551	-0.06275
1552	-1.007
1553	-0.9604
1554	-0.6399
1555	-0.8904
1556	-0.5609
1557	
1558	-0.03727
1559	0.1024
1560	0.01767
1561	0.02727
1562	0.3419
1563	1.38
1564	1.065
1565	0.6135
1566	-0.9633
1567	0.05442
1568	0.6016
1569	0.2509
1570	
1571	0.2975
1572	0.05086
1573	0.8816
1574	
1575	-0.5235
1576	0.05668
1577	0.6407
1578	1.387
1579	0.005773
1580	0.2108
1581	0.3887
1582	0.1242
1583	0.7327
1584	0.3649
1585	0.2504
1586	0.7559
1587	0.4374
1588	0.3441
1589	-0.4311
1590	-0.5024
1591	-0.6787
1592	-0.02918
1593	-0.664
1594	-0.28
1595	
1596	0.6212
1597	3.478
1598	1.368
1599	1.029
1600	-0.5695
1601	-0.5863
1602	-1.735
1603	-2.032
1604	-1.183
1605	0.4635
1606	0.5284
1607	0.2503
1608	0.7864
1609	0.34
1610	0.2095
1611	
1612	-0.5993
1613	-0.1402
1614	1.121
1615	
1616	-0.222
1617	-0.5549
1618	1.421
1619	
1620	-0.09412
1621	0.176
1622	-0.06984
1623	-0.2872
1624	-0.798
1625	0.4618
1626	-0.008032
1627	-0.2518
1628	-0.1401
1629	-0.988
1630	-0.21
1631	0.3919
1632	0.01022
1633	-0.2323
1634	0.3425
1635	0.9536
1636	0.9869
1637	-0.7029
1638	0.269
1639	0.2252
1640	-0.2862
1641	0.6521
1642	0.3399
1643	0.9636
1644	-0.8314
1645	1.275
1646	1.122
1647	0.7301
1648	-0.7616
1649	0.6256
1650	-0.04867
1651	-0.04207
1652	-0.08932
1653	-0.1298
1654	0.181
1655	0.3199
1656	1.427
1657	0.8899
1658	-0.2485
1659	0.1533
1660	0.5653
1661	1.657
1662	
1663	0.7946
1664	0.5867
1665	
1666	
1667	0.4339
1668	0.6598
1669	0.09199
1670	0.08459
1671	0.08139
1672	-0.7824
1673	-0.3734
1674	-2.329
1675	-0.8381
1676	-0.1454
1677	-1.217
1678	1.495
1679	1.507
1680	2.287
1681	2.538
1682	1.334
1683	2.453
1684	2.195
1685	2.084
1686	-0.7689
1687	-2.098
1688	0.1835
1689	-0.8942
1690	0.3025
1691	-1.76
1692	-0.4302
1693	-0.7146
1694	-0.3782
1695	-0.5756
1696	-0.6388
1697	-0.4048
1698	-0.9569
1699	-0.2055
1700	0.02004
1701	0.3799
1702	-0.9544
1703	-0.0666
1704	0.1098
1705	-0.2304
1706	0.2678
1707	0.1496
1708	0.08257
1709	
1710	-0.1035
1711	0.02439
1712	
1713	-1.493
1714	-2.075
1715	
1716	-0.06604
1717	0.1504
1718	0.4981
1719	
1720	0.4679
1721	-1.106
1722	0.2441
1723	1.392
1724	1.691
1725	1.536
1726	-0.02631
1727	-0.06627
1728	-0.3889
1729	-1.514
1730	-0.368
1731	-1.144
1732	-1.035
1733	0.008356
1734	-0.5937
1735	-0.03709
1736	-0.2036
1737	-0.2305
1738	
1739	1.891
1740	-0.8902
1741	-0.4584
1742	0.2435
1743	1.636
1744	0.2609
1745	-1.25
1746	-0.6215
1747	0.7569
1748	-0.2074
1749	-0.5022
1750	-0.3916
1751	-0.3902
1752	-0.3117
1753	0.1213
1754	-0.6065
1755	-0.2978
1756	-1.018
1757	-1.224
1758	-0.8302
1759	-0.3321
1760	-0.7357
1761	-3.121
1762	-0.3503
1763	-0.01996
1764	0.6337
1765	0.01782
1766	0.3139
1767	-0.7221
1768	-0.3857
1769	-0.2097
1770	0.4525
1771	0.4182
1772	-1.421
1773	-0.6659
1774	-1.062
1775	-0.3541
1776	-0.3918
1777	-1.397
1778	-0.7513
1779	-1.811
1780	-0.1063
1781	-0.6925
1782	-2.648
1783	0.9111
1784	1.061
1785	0.3664
1786	-0.1334
1787	0.1887
1788	-0.158
1789	0.3313
1790	-0.0707
1791	0.3202
1792	0.6412
1793	0.8436
1794	-0.5457
1795	0.8604
1796	-0.6527
1797	0.6251
1798	-1.005
1799	-0.6377
1800	-0.3438
1801	-0.8003
1802	0.09638
1803	-0.2761
1804	0.02756
1805	-0.2072
1806	0.2171
1807	-0.7433
1808	-0.7267
1809	-0.7683
1810	0.2613
1811	0.5181
1812	-0.2001
1813	
1814	1.196
1815	0.3527
1816	0.2391
1817	-1.778
1818	-1.241
1819	-2.052
1820	-1.069
1821	0.5293
1822	-0.1694
1823	-1.467
1824	-0.86
1825	-1.685
1826	-0.06595
1827	1.285
1828	-0.1206
1829	-0.2666
1830	-0.836
1831	-0.3071
1832	-0.4923
1833	-0.1227
1834	-0.04867
1835	-0.2503
1836	1.975
1837	1.02
1838	1.965
1839	-0.1564
1840	-0.04182
1841	-0.2711
1842	-0.06529
1843	0.3252
1844	-1.038
1845	0.1888
1846	0.1884
1847	0.2919
1848	0.6257
1849	-1.157
1850	-0.28
1851	0.4988
1852	-0.4305
1853	0.2044
1854	0.4216
1855	0.3201
1856	0.2875
1857	-0.4915
1858	-0.6517
1859	0.5832
1860	0.4356
1861	0.4676
1862	0.1867
1863	0.3004
1864	0.2332
1865	0.1968
1866	-0.03334
1867	1.231
1868	1.027
1869	0.005264
1870	0.4558
1871	-0.06928
1872	0.3758
1873	-0.568
1874	-1.129
1875	-0.7738
1876	-0.4683
1877	-0.01953
1878	-0.894
1879	-0.9676
1880	-0.4961
1881	-1.581
1882	-1.014
1883	-0.2477
1884	-0.4608
1885	-1.512
1886	-1.328
1887	-1.843
1888	-1.936
1889	-0.4102
1890	-0.8357
1891	-0.8167
1892	-0.395
1893	1.677
1894	1.405
1895	0.7346
1896	1.625
1897	1.992
1898	0.3725
1899	0.8024
1900	0.009428
1901	-0.2875
1902	0.4036
1903	-0.04151
1904	-0.253
1905	-0.6468
1906	
1907	0.1344
1908	0.258
1909	
1910	
1911	
1912	-0.2356
1913	-0.5299
1914	-0.0924
1915	0.1234
1916	
1917	-0.1294
1918	0.04725
1919	-0.2519
1920	-1.119
1921	-1.865
1922	-2.185
1923	-4.446
1924	-3.148
1925	-1.549
1926	-1.232
1927	-0.0683
1928	0.3181
1929	-1.434
1930	0.1122
1931	0.4614
1932	-0.7633
1933	-1.604
1934	-1.191
1935	-0.4086
1936	-0.5486
1937	-0.6269
1938	-1.104
1939	-1.294
1940	-0.7279
1941	-0.8105
1942	-0.1883
1943	-1.223
1944	-0.637
1945	-1.066
1946	-0.3867
1947	
1948	-0.5005
1949	0.1886
1950	
1951	0.06747
1952	0.5363
1953	1.986
1954	
1955	1.919
1956	2.27
1957	0.3783
1958	0.2051
1959	-0.2202
1960	-0.3535
1961	0.323
1962	1.217
1963	0.2889
1964	-0.9604
1965	0.1292
1966	-0.08184
1967	1.302
1968	-0.9612
1969	0.01452
1970	-0.8599
1971	-0.6076
1972	-0.4305
1973	0.08297
1974	
1975	
1976	-0.005347
1977	
1978	
1979	0.1816
1980	-0.2711
1981	-0.6287
1982	-1.119
1983	-0.7416
1984	
1985	0.7537
1986	
1987	-0.06844
1988	-0.1569
1989	
1990	1.237
1991	-0.1296
1992	-0.1705
1993	
1994	0.9441
1995	0.4214
1996	1.075
1997	-0.07292
1998	0.1618
1999	0.2144
2000	-1.236
2001	0.1013
2002	0.1915
2003	
2004	0.3664
2005	
2006	
2007	0.04524
2008	0.144
2009	0.5516
2010	0.2772
2011	0.3984
2012	-0.03299
2013	-0.09614
2014	-1.988
2015	1.342
2016	1.34
2017	0.7635
2018	
2019	-1.489
2020	-0.9833
2021	-1.535
2022	-1.416
2023	-1.341
2024	-0.871
2025	-1.468
2026	-1.085
2027	-0.6336
2028	-0.3006
2029	-0.9455
2030	0.8659
2031	0.09428
2032	0.1337
2033	0.1469
2034	0.04596
2035	0.2714
2036	
2037	0.5114
2038	-0.04867
2039	0.2504
2040	-0.206
2041	-0.1664
2042	-0.752
2043	-0.2539
2044	-0.1761
2045	-0.5952
2046	0.1369
2047	-0.5213
2048	-0.6106
2049	
2050	0.01483
2051	0.2162
2052	0.1973
2053	
2054	-0.4338
2055	-0.1053
2056	0.01889
2057	-0.004731
2058	-0.3382
2059	-0.03727
2060	-0.1751
2061	-0.0909
2062	-0.2297
2063	0.2224
2064	-0.02256
2065	-0.03855
2066	-0.7649
2067	
2068	0.1188
2069	-0.375
2070	-0.1023
2071	
2072	-0.2673
2073	0.0792
2074	0.8335
2075	0.6725
2076	-0.1832
2077	-0.3943
2078	-0.3572
2079	0.08753
2080	1.846
2081	1.622
2082	0.09015
2083	0.201
2084	-0.1219
2085	
2086	0.4052
2087	-0.5383
2088	0.5101
2089	1.069
2090	0.06505
2091	-2.568
2092	-2.938
2093	-3.943
2094	-3.959
2095	-4.687
2096	-4.23
2097	1.695
2098	-0.2446
2099	-0.1183
2100	0.01406
2101	0.3324
2102	0.6805
2103	-0.3729
2104	-0.4692
2105	0.5964
2106	1.334
2107	0.3305
2108	
2109	-0.3603
2110	-0.6837
2111	
2112	0.2485
2113	-0.2877
2114	-0.9313
2115	-0.1336
2116	-0.08085
2117	-0.325
2118	0.262
2119	-0.1373
2120	0.1623
2121	
2122	0.2755
2123	0.06275
2124	0.4444
2125	-0.1421
2126	-0.2144
2127	1.557
2128	0.8707
2129	-0.1632
2130	-0.03974
2131	-0.3478
2132	-0.244
2133	-0.2158
2134	0.2927
2135	-0.1504
2136	0.83
2137	1.326
2138	-0.446
2139	-0.124
2140	0.171
2141	-0.04867
2142	0.1753
2143	0.2953
2144	0.6628
2145	-0.1945
2146	-0.3897
2147	-0.2186
2148	0.04783
2149	-0.7532
2150	-0.4961
2151	-0.4935
2152	0.06498
2153	-1.354
2154	-1.146
2155	-1.558
2156	-1.516
2157	0.3215
2158	0.3861
2159	0.4246
2160	-0.08489
2161	0.8526
2162	
2163	0.372
2164	0.2253
2165	-0.1572
2166	0.3925
2167	0.538
2168	0.8205
2169	-0.2758
2170	0.1881
2171	-0.8278
2172	-0.2753
2173	-0.3654
2174	0.2971
2175	0.3568
2176	-0.4256
2177	0.2562
2178	0.2266
2179	0.09922
2180	0.4824
2181	0.3016
2182	0.551
2183	-0.08825
2184	0.06997
2185	-0.1101
2186	0.1726
2187	-0.2195
2188	-0.2954
2189	
2190	-0.2067
2191	0.2981
2192	0.8986
2193	0.4249
2194	0.07162
2195	0.4425
2196	-0.3731
2197	-0.06914
2198	-0.04867
2199	
2200	0.432
2201	-0.3296
2202	0.2874
2203	0.24
2204	-0.4927
2205	0.1286
2206	-1.135
2207	-0.1124
2208	-0.5754
2209	1.482
2210	0.4891
2211	0.02348
2212	0.8178
2213	0.8747
2214	0.646
2215	-2.138
2216	0.1905
2217	0.4299
2218	0.6721
2219	-0.1514
2220	-0.1742
2221	0.04951
2222	-0.01933
2223	0.3566
2224	0.08971
2225	-0.1343
2226	-0.1066
2227	0.1024
2228	-0.04867
2229	
2230	-0.3076
2231	-0.2693
2232	-0.5898
2233	0.4818
2234	-1.189
2235	-0.109
2236	-0.1406
2237	0.2129
2238	-0.5441
2239	0.4289
2240	-0.3117
2241	-0.1522
2242	0.3519
2243	0.01713
2244	-0.3446
2245	
2246	-0.02821
2247	-0.2223
2248	-0.2912
2249	-0.106
2250	0.1354
2251	
2252	
2253	0.1939
2254	-0.4935
2255	-0.4974
2256	-0.06766
2257	0.2144
2258	-0.03629
2259	-0.2948
2260	-0.1177
2261	0.3043
2262	-0.1646
2263	-0.2143
2264	0.3633
2265	0.7982
2266	0.0746
2267	0.2949
2268	0.0315
2269	-0.6881
2270	-0.09448
2271	0.1914
2272	-0.08551
2273	-0.3062
2274	-0.3812
2275	-0.3535
2276	-1.034
2277	-0.537
2278	-0.997
2279	-0.5364
2280	-0.5632
2281	-0.2435
2282	-0.8718
2283	-0.3713
2284	0.1653
2285	0.411
2286	-0.0144
2287	0.2154
2288	0.494
2289	-0.1164
2290	0.02019
2291	-0.7035
2292	-0.318
2293	-1.115
2294	-0.1105
2295	0.9851
2296	-0.3644
2297	-0.9461
2298	0.3892
2299	0.5219
2300	0.2105
2301	0.2189
2302	0.4226
2303	-0.3831
2304	-0.08627
2305	0.5108
2306	-0.7695
2307	-0.517
2308	
2309	-1.789
2310	-0.7303
2311	-0.2849
2312	-1.51
2313	-0.7657
2314	-0.1882
2315	-0.4637
2316	-0.04867
2317	
2318	
2319	
2320	-0.03006
2321	-0.1742
2322	
2323	0.008811
2324	0.3265
2325	-0.2153
2326	-1.866
2327	-0.2825
2328	-0.3721
2329	-0.2085
2330	-0.1214
2331	0.348
2332	0.5413
2333	0.1082
2334	-0.1959
2335	-0.1952
2336	0.2542
2337	0.06067
2338	0.05885
2339	
2340	0.6929
2341	-0.2468
2342	0.1676
2343	
2344	-0.915
2345	0.1559
2346	-0.1122
2347	0.6903
2348	
2349	-0.03699
2350	-0.2644
2351	-0.9542
2352	
2353	-0.1274
2354	0.2937
2355	-0.2837
2356	0.1243
2357	-0.1978
2358	-0.1945
2359	
2360	-0.2059
2361	
2362	
2363	0.2367
2364	-0.1174
2365	
2366	-0.6096
2367	-0.5542
2368	0.1213
2369	0.009742
2370	-0.2007
2371	-0.2671
2372	-0.3092
2373	-0.3498
2374	-0.1819
2375	-0.169
2376	
2377	0.06916
2378	0.6013
2379	-0.2019
2380	-0.1936
2381	0.2453
2382	-0.4283
2383	
2384	-0.2276
2385	-0.9197
2386	0.3807
2387	0.3664
2388	2.064
2389	1.489
2390	0.9513
2391	0.5764
2392	1.455
2393	-1.359
2394	0.7842
2395	0.24
2396	
2397	
2398	-0.09419
2399	-0.02944
2400	0.281
2401	
2402	
2403	
2404	
2405	-0.05973
2406	-0.4892
2407	
2408	0.3039
2409	0.3522
2410	0.3466
2411	0.05908
2412	0.8677
2413	-0.6092
2414	-0.6962
2415	-0.4368
2416	0.1063
2417	0.2684
2418	-0.7277
2419	0.073
2420	-0.1318
2421	-1.121
2422	-1.3
2423	-0.6445
2424	-0.7897
2425	-1.524
2426	0.3915
2427	-0.124
2428	-0.2652
2429	-0.09477
2430	-0.2275
2431	
2432	-0.1931
2433	0.1497
2434	0.1054
2435	0.5294
2436	0.1774
2437	0.281
2438	
2439	-0.06545
2440	-0.02868
2441	0.6716
2442	-0.3092
2443	0.9895
2444	
2445	-0.08262
2446	
2447	-0.07797
2448	-0.02483
2449	0.3885
2450	-0.05876
2451	-0.1332
2452	-0.216
2453	-0.6336
2454	-0.5997
2455	
2456	-0.165
2457	0.3996
2458	
2459	-0.2442
2460	-0.3482
2461	-0.2729
2462	0.259
2463	-1.205
2464	1.371
2465	1.727
2466	0.438
2467	-0.07377
2468	-0.1186
2469	0.5463
2470	1.188
2471	-0.09477
2472	-0.2664
2473	0.9592
2474	1.273
2475	1.146
2476	-1.449
2477	0.4576
2478	0.2408
2479	-1.02
2480	-0.7218
2481	
2482	0.3215
2483	
2484	0.01163
2485	0.2162
2486	0.05824
2487	0.11
2488	-0.09843
2489	
2490	-0.3512
2491	0.4285
2492	
2493	0.27
2494	-1.526
2495	-0.3579
2496	0.1753
2497	-2.682
2498	-2.109
2499	
2500	
2501	0.8011
2502	-0.1472
2503	0.08096
2504	0.2895
2505	-0.06017
2506	
2507	-2.3
2508	-1.867
2509	0.7086
2510	0.6665
2511	0.7744
2512	-0.2418
2513	0.01156
2514	0.3093
2515	-0.01442
2516	0.5513
2517	-0.4189
2518	-0.9365
2519	0.1693
2520	
2521	0.4173
2522	0.05591
2523	
2524	1.895
2525	0.8173
2526	2.29
2527	1.935
2528	2.341
2529	2.475
2530	2.488
2531	2.575
2532	1.261
2533	-0.2823
2534	0.1931
2535	1.431
2536	0.6547
2537	-0.4838
2538	0.2465
2539	
2540	-0.1732
2541	-0.0797
2542	0.2516
2543	0.4016
2544	0.5829
2545	0.2091
2546	-0.3679
2547	
2548	0.01187
2549	-0.6051
2550	-0.2122
2551	-2.825
2552	-0.08674
2553	-0.1518
2554	-0.4686
2555	0.9894
2556	0.4538
2557	-1.863
2558	1.019
2559	1.222
2560	0.841
2561	0.358
2562	0.06965
2563	0.03564
2564	-0.1974
2565	0.6338
2566	0.9945
2567	0.6802
2568	-0.5677
2569	0.1115
2570	
2571	1.364
2572	1.663
2573	1.301
2574	-0.6852
2575	-0.6738
2576	0.5498
2577	
2578	0.7575
2579	1.502
2580	-0.2135
2581	-0.5403
2582	0.982
2583	0.5163
2584	0.08378
2585	-0.03147
2586	0.8796
2587	-0.1371
2588	
2589	
2590	
2591	
2592	1.991
2593	0.3568
2594	1.079
2595	0.1385
2596	-0.2007
2597	1.499
2598	
2599	-2.557
2600	-1.124
2601	-1.55
2602	0.9296
2603	1.172
2604	0.5761
2605	
2606	-1.091
2607	-0.8303
2608	-1.091
2609	-0.8068
2610	0.8707
2611	0.1022
2612	0.03516
2613	0.628
2614	0.1542
2615	-0.2037
2616	0.3179
2617	0.3379
2618	0.4833
2619	-0.3117
2620	0.513
2621	
2622	0.5363
2623	0.1667
2624	-0.2017
2625	
2626	0.2839
2627	
2628	0.4963
2629	
2630	0.4377
2631	
2632	-0.1162
2633	-0.1101
2634	
2635	-0.2276
2636	0.08378
2637	0.4818
2638	0.07577
2639	-0.2018
2640	
2641	-0.002381
2642	-0.1031
2643	0.3531
2644	0.6046
2645	-0.3212
2646	0.4715
2647	
2648	-0.09598
2649	0.3864
2650	
2651	0.2397
2652	
2653	0.4038
2654	0.3631
2655	-0.4131
2656	0.1068
2657	-0.5479
2658	-0.403
2659	0.9603
2660	
2661	0.7059
2662	-0.5029
2663	0.05241
2664	2.277
2665	1.379
2666	0.2471
2667	0.3857
2668	-0.1974
2669	
2670	1.42
2671	0.8158
2672	1.224
2673	0.2302
2674	
2675	-0.6535
2676	
2677	
2678	-0.5357
2679	-1.113
2680	0.3779
2681	0.3279
2682	0.05694
2683	0.4477
2684	0.1243
2685	0.2533
2686	0.06188
2687	-0.9845
2688	1.225
2689	0.3559
2690	-0.05846
2691	
2692	
2693	
2694	
2695	
2696	0.7798
2697	-1.039
2698	0.1254
2699	0.03307
2700	0.05139
2701	-0.07524
2702	-0.1336
2703	-0.3677
2704	
2705	-0.7974
2706	-0.1246
2707	-0.1992
2708	
2709	0.08721
2710	
2711	-0.248
2712	0.2908
2713	0.2226
2714	-0.4121
2715	-0.3007
2716	-0.06974
2717	
2718	-0.1379
2719	0.3689
2720	0.3371
2721	0.4538
2722	-0.02119
2723	-0.1053
2724	
2725	-0.4841
2726	-0.5093
2727	-0.0759
2728	0.1648
2729	0.1282
2730	0.4272
2731	1.264
2732	0.4524
2733	-0.7139
2734	0.102
2735	-0.02619
2736	-0.1819
2737	-0.08316
2738	-0.2565
2739	-0.2276
2740	0.007909
2741	0.3275
2742	0.6129
2743	0.1515
2744	0.4061
2745	0.2812
2746	0.4583
2747	0.5416
2748	0.975
2749	
2750	-1.247
2751	-2.204
2752	-0.7422
2753	0.6867
2754	-0.04867
2755	0.5941
2756	0.1961
2757	0.5896
2758	-0.2854
2759	-0.718
2760	-0.4892
2761	-0.04867
2762	-1.901
2763	-2.498
2764	-2.194
2765	-0.3758
2766	
2767	0.1721
2768	-0.07053
2769	-0.3249
2770	-0.154
2771	-0.5176
2772	-0.2637
2773	-0.02244
2774	-0.3944
2775	-0.1418
2776	-0.5397
2777	0.96
2778	
2779	0.4306
2780	-0.05244
2781	1.205
2782	1.445
2783	1.22
2784	0.7535
2785	
2786	0.3389
2787	0.3298
2788	-0.2863
2789	
2790	0.4271
2791	
2792	0.8763
2793	0.04982
2794	0.1621
2795	0.09761
2796	-0.6585
2797	-0.7792
2798	-0.2532
2799	-0.4825
2800	-0.6051
2801	-0.3176
2802	-0.4527
2803	-0.4235
2804	0.3478
2805	-0.3812
2806	0.4138
2807	0.7535
2808	1.01
2809	1.642
2810	0.8056
2811	0.4228
2812	0.373
2813	0.1488
2814	
2815	
2816	
2817	
2818	-1.447
2819	-0.4793
2820	-0.3686
2821	-0.3773
2822	
2823	-0.149
2824	-0.4839
2825	-0.3164
2826	-0.1382
2827	-0.1825
2828	-0.305
2829	-0.7193
2830	-0.2674
2831	0.3129
2832	0.3636
2833	-0.07444
2834	0.2819
2835	0.8093
2836	0.1853
2837	-0.1368
2838	-0.6613
2839	-0.124
2840	-0.1253
2841	-0.2447
2842	0.3179
2843	0.1909
2844	-0.05832
2845	0.1405
2846	0.1511
2847	-0.6466
2848	-0.2172
2849	-0.2202
2850	
2851	
2852	-0.5556
2853	-0.04867
2854	0.4088
2855	-0.5454
2856	
2857	-0.07926
2858	-0.432
2859	0.518
2860	1.28
2861	0.2661
2862	-0.3047
2863	0.006974
2864	
2865	-0.1243
2866	-0.1133
2867	-0.3205
2868	-0.03855
2869	-0.2151
2870	-0.1556
2871	-0.2904
2872	-0.2209
2873	0.1064
2874	0.03379
2875	-0.06705
2876	-0.2825
2877	0.4667
2878	-0.2069
2879	-0.3191
2880	0.3586
2881	0.3353
2882	0.8689
2883	0.1017
2884	-0.4001
2885	-0.2174
2886	-0.1609
2887	
2888	-0.009415
2889	0.2185
2890	-0.6523
2891	-1.337
2892	0.1396
2893	0.2733
2894	1.109
2895	0.9367
2896	0.8961
2897	1.17
2898	0.0192
2899	1.169
2900	0.08985
2901	-0.4148
2902	0.5542
2903	-1.286
2904	0.06916
2905	-1.12
2906	1.365
2907	1.13
2908	0.8523
2909	1.022
2910	1.256
2911	
2912	1.346
2913	-2.507
2914	0.1038
2915	0.2371
2916	-0.7033
2917	-0.06817
2918	0.3608
2919	-0.2336
2920	-0.4236
2921	0.03879
2922	1.646
2923	0.7233
2924	-0.6078
2925	-0.4079
2926	-0.9394
2927	0.05966
2928	0.8022
2929	
2930	0.1648
2931	-0.4357
2932	0.07786
2933	-0.6042
2934	-0.08767
2935	-1.171
2936	0.1998
2937	-0.4775
2938	-0.656
2939	-0.002871
2940	0.1727
2941	-0.5998
2942	-1.317
2943	-0.3765
2944	0.213
2945	-0.3133
2946	0.4666
2947	0.6983
2948	0.1571
2949	0.1469
2950	0.08786
2951	0.06758
2952	-0.2917
2953	0.2878
2954	0.2541
2955	-0.1686
2956	0.02171
2957	0.1634
2958	0.2475
2959	0.1124
2960	0.8021
2961	0.007633
2962	-0.3155
2963	-0.1119
2964	-0.5801
2965	-1.011
2966	-0.1586
2967	
2968	0.3702
2969	0.4031
2970	-0.3817
2971	-0.3346
2972	-0.1373
2973	-0.07527
2974	
2975	-0.5116
2976	0.1014
2977	0.4335
2978	0.6282
2979	-1.057
2980	0.01199
2981	0.2933
2982	0.7766
2983	0.6097
2984	-0.1799
2985	0.4968
2986	-0.1892
2987	0.1171
2988	0.7744
2989	0.4786
2990	0.8358
2991	0.09638
2992	-0.2347
2993	0.7453
2994	1.142
2995	0.9139
2996	1.695
2997	2.819
2998	1.701
2999	0.5916
3000	0.3442
3001	0.2155
3002	0.4939
3003	2.408
3004	-0.2413
3005	0.5187
3006	0.3165
3007	-0.1124
3008	-1.337
3009	0.5576
3010	0.6661
3011	1.253
3012	1.964
3013	-0.4861
3014	-0.06008
3015	-0.5249
3016	-0.4443
3017	
3018	0.6901
3019	-0.542
3020	0.1079
3021	1.096
3022	1.546
3023	2.194
3024	2.727
3025	0.1297
3026	0.09572
3027	-0.2392
3028	0.1843
3029	0.3244
3030	0.4556
3031	0.5283
3032	0.1988
3033	0.6668
3034	1.224
3035	0.2901
3036	0.3547
3037	0.6707
3038	
3039	0.3383
3040	0.2321
3041	1.891
3042	0.3048
3043	0.4017
3044	0.4936
3045	1.066
3046	0.01963
3047	-0.2438
3048	0.202
3049	0.898
3050	-0.6609
3051	1.342
3052	-0.7935
3053	-0.4062
3054	-0.2347
3055	0.152
3056	0.8298
3057	
3058	0.1201
3059	-0.2209
3060	-0.07633
3061	0.3981
3062	0.2378
3063	1.713
3064	0.2354
3065	-0.03925
3066	0.5127
3067	1.242
3068	0.6806
3069	
3070	0.1646
3071	2.158
3072	0.2754
3073	-1.22
3074	-0.2017
3075	-0.2014
3076	
3077	-0.6336
3078	-0.4892
3079	-0.06275
3080	
3081	-0.3415
3082	0.2709
3083	0.6974
3084	0.02975
3085	0.4018
3086	0.4659
3087	0.2446
3088	0.1081
3089	-1.111
3090	-0.0993
3091	0.1907
3092	0.2969
3093	0.3691
3094	1.63
3095	0.5611
3096	0.3449
3097	2.083
3098	1.484
3099	1.306
3100	0.5648
3101	1.801
3102	1.789
3103	0.5798
3104	0.1425
3105	-0.3994
3106	-0.01938
3107	-0.0986
3108	0.1085
3109	0.07786
3110	0.4261
3111	-0.0999
3112	0.04835
3113	-0.4103
3114	-0.4195
3115	
3116	-0.461
3117	0.3631
3118	
3119	0.009041
3120	-0.06173
3121	0.2756
3122	
3123	
3124	0.1801
3125	-0.09448
3126	-0.2851
3127	-0.2413
3128	-0.06974
3129	1.479
3130	1.354
3131	0.1829
3132	-0.2256
3133	-0.6575
3134	-0.9103
3135	-0.2966
3136	0.08089
3137	
3138	-0.1336
3139	
3140	-0.3516
3141	-0.6012
3142	-0.03951
3143	-0.01731
3144	
3145	0.4333
3146	-0.01685
3147	-0.1497
3148	0.1184
3149	-0.1407
3150	-0.231
3151	0.2408
3152	0.3571
3153	0.6079
3154	0.7779
3155	0.4649
3156	-0.2178
3157	-0.6284
3158	-0.7992
3159	-0.06355
3160	0.05488
3161	-0.2186
3162	1.468
3163	0.9427
3164	-0.03899
3165	0.0563
3166	-0.1332
3167	0.04167
3168	0.04652
3169	0.05788
3170	0.1687
3171	
3172	-2.686
3173	-0.1329
3174	
3175	0.442
3176	-1.403
3177	-0.6628
3178	0.1469
3179	0.815
3180	0.6446
3181	0.9089
3182	
3183	0.2408
3184	0.1098
3185	-1.481
3186	-1.437
3187	-0.4475
3188	
3189	-1.908
3190	-0.1571
3191	0.323
3192	0.7229
3193	0.4253
3194	-0.03221
3195	0.6391
3196	0.3563
3197	0.03286
3198	1.106
3199	1.522
3200	0.2322
3201	0.5594
3202	0.04842
3203	0.1138
3204	0.1393
3205	0.8314
3206	1.515
3207	0.9893
3208	2.236
3209	0.7779
3210	0.3349
3211	-0.08159
3212	-3.66
3213	-2.521
3214	-0.2727
3215	-0.3185
3216	-0.02534
3217	0.3787
3218	0.8271
3219	0.7446
3220	0.4413
3221	0.1818
3222	0.3203
3223	-0.1742
3224	0.1842
3225	-0.06017
3226	-0.2471
3227	0.5533
3228	0.1918
3229	0.3032
3230	-2.12
3231	-2.433
3232	-0.6796
3233	-0.3436
3234	0.5186
3235	0.3363
3236	-1.414
3237	-0.0999
3238	3.274
3239	0.4404
3240	0.2602
3241	-0.01913
3242	
3243	0.7229
3244	0.1525
3245	0.09777
3246	0.1402
3247	0.632
3248	0.2624
3249	0.2157
3250	0.0724
3251	0.1873
3252	0.7
3253	0.008157
3254	0.4166
3255	-0.3344
3256	-0.4738
3257	-0.1138
3258	0.1429
3259	0.06026
3260	-1.172
3261	-0.6033
3262	-0.4112
3263	-0.09111
3264	-0.001626
3265	-0.2938
3266	-0.1562
3267	0.4684
3268	-0.5163
3269	-0.3347
3270	0.09452
3271	0.1716
3272	
3273	
3274	
3275	
3276	
3277	
3278	
3279	0.2336
3280	0.005554
3281	0.579
3282	0.5303
3283	0.976
3284	0.4842
3285	0.2282
3286	0.0221
3287	0.8215
3288	0.51
3289	0.5637
3290	0.3664
3291	
3292	1.065
3293	1.152
3294	-0.8752
3295	-0.8304
3296	-0.2955
3297	-0.5299
3298	-0.3571
3299	-0.2943
3300	-0.05137
3301	-1.076
3302	-0.8397
3303	-1.108
3304	-0.9574
3305	-0.8086
3306	-0.841
3307	-0.8884
3308	-0.3166
3309	
3310	-0.3814
3311	
3312	
3313	-1.777
3314	-1.843
3315	-1.869
3316	-2.41
3317	-2.686
3318	-2.361
3319	-2.027
3320	-2.4
3321	-2.157
3322	0.01379
3323	0.1808
3324	-0.237
3325	-0.1805
3326	-0.2819
3327	0.1827
3328	-0.2661
3329	-0.5771
3330	-0.09598
3331	
3332	-0.1808
3333	-0.2944
3334	0.3552
3335	2.319
3336	0.8628
3337	0.1451
3338	
3339	-2.249
3340	-1.323
3341	-1.224
3342	-0.7287
3343	1.09
3344	0.3238
3345	0.5869
3346	0.6944
3347	0.1331
3348	0.7157
3349	
3350	0.7088
3351	0.7466
3352	0.1168
3353	-0.07406
3354	0.3096
3355	0.6101
3356	0.3938
3357	-0.1206
3358	-0.2867
3359	-0.9385
3360	0.3742
3361	1.448
3362	0.6271
3363	0.886
3364	0.03465
3365	-2.049
3366	
3367	
3368	-0.2921
3369	0.1785
3370	0.2162
3371	-0.1593
3372	-0.221
3373	-0.1893
3374	0.07091
3375	0.3413
3376	-0.1597
3377	-0.4357
3378	0.2821
3379	-0.4176
3380	
3381	
3382	-0.2861
3383	-0.3166
3384	-0.3645
3385	-0.2179
3386	
3387	0.02004
3388	0.296
3389	0.3598
3390	0.07434
3391	
3392	-0.2066
3393	0.3919
3394	-0.1311
3395	-1.018
3396	-0.1436
3397	0.2562
3398	0.04951
3399	0.5721
3400	1.314
3401	1.228
3402	0.6792
3403	-0.7929
3404	0.5806
3405	0.9183
3406	
3407	-0.3095
3408	0.09386
3409	0.4052
3410	0.3832
3411	-0.02931
3412	0.2562
3413	0.4048
3414	2.528
3415	0.4225
3416	-0.04867
3417	-0.3241
3418	-1.114
3419	0.1335
3420	
3421	-0.02821
3422	0.1428
3423	0.2235
3424	-0.002282
3425	0.08217
3426	
3427	
3428	0.3239
3429	0.566
3430	0.7515
3431	-0.02714
3432	-0.03889
3433	-2.681
3434	-0.06479
3435	-0.2215
3436	0.2889
3437	-0.4481
3438	-0.02665
3439	0.9068
3440	-0.3211
3441	-0.08842
3442	
3443	0.1175
3444	1.242
3445	1.657
3446	-0.01334
3447	-0.6357
3448	3.401
3449	1.608
3450	-0.4376
3451	-0.5372
3452	0.01273
3453	0.4368
3454	-1.613
3455	-0.03446
3456	-2.055
3457	-1.304
3458	-3.116
3459	0.1655
3460	-4.609
3461	2.056
3462	0.8757
3463	0.4659
3464	0.9407
3465	0.4385
3466	0.1655
3467	-0.4221
3468	0.5098
3469	2.627
3470	1.447
3471	0.9719
3472	0.5636
3473	0.9826
3474	0.125
3475	0.64
3476	-1.207
3477	-0.6033
3478	-0.09448
3479	0.3098
3480	-0.257
3481	-0.2618
3482	1.457
3483	-0.2785
3484	
3485	-0.2667
3486	-0.5878
3487	0.0207
3488	-0.2261
3489	-1.156
3490	-0.347
3491	1.15
3492	0.3733
3493	0.2608
3494	0.7618
3495	-0.612
3496	0.808
3497	0.1242
3498	0.4699
3499	0.2077
3500	-0.00428
3501	
3502	-0.2929
3503	
3504	0.9973
3505	0.8849
3506	1.71
3507	2.12
3508	1.383
3509	2.236
3510	2.534
3511	1.479
3512	2.266
3513	0.09096
3514	1.462
3515	2.263
3516	1.885
3517	3.098
3518	0.4426
3519	1.688
3520	0.3712
3521	-0.00428
3522	0.3869
3523	-2.01
3524	0.8881
3525	-1.21
3526	0.2376
3527	1.064
3528	-0.454
3529	1.05
3530	0.6013
3531	-0.2354
3532	-0.109
3533	-0.2072
3534	-0.3303
3535	-0.2584
3536	-0.05921
3537	0.1689
3538	-0.8178
3539	-0.2594
3540	-1.842
3541	-1.454
3542	-0.8751
3543	-1.319
3544	-3.277
3545	
3546	0.7487
3547	0.6946
3548	0.9803
3549	0.8238
3550	0.1836
3551	0.3471
3552	0.6147
3553	-1.005
3554	0.4736
3555	0.6669
3556	0.4528
3557	-0.04867
3558	
3559	-1.264
3560	-1.076
3561	
3562	
3563	
3564	
3565	0.09482
3566	0.0668
3567	-0.4892
3568	-0.6931
3569	0.227
3570	0.6176
3571	-0.3509
3572	-0.6219
3573	0.5004
3574	
3575	-0.07842
3576	0.6075
3577	0.189
3578	
3579	
3580	0.2656
3581	-0.3223
3582	0.1404
3583	-0.1213
3584	0.1299
3585	0.752
3586	
3587	-0.6535
3588	0.2176
3589	0.1993
3590	-0.6299
3591	-0.5413
3592	-0.2133
3593	
3594	
3595	0.1519
3596	
3597	
3598	
3599	-0.5377
3600	1.669
3601	1.584
3602	
3603	-0.09806
3604	-0.4892
3605	-0.6516
3606	0.6138
3607	0.5776
3608	-0.1906
3609	-0.3457
3610	0.08691
3611	-0.006854
3612	
3613	0.2011
3614	
3615	
3616	0.6165
3617	1.003
3618	0.598
3619	0.8208
3620	0.5438
3621	0.05712
3622	-0.08011
3623	0.04982
3624	-0.1141
3625	0.01022
3626	-0.1376
3627	0.1525
3628	
3629	0.4188
3630	0.5344
3631	0.2868
3632	0.5232
3633	-0.4905
3634	0.3664
3635	0.6261
3636	-0.6106
3637	-0.7288
3638	-0.03896
3639	0.2419
3640	-0.3495
3641	-0.4529
3642	-0.08978
3643	-0.6193
3644	0.396
3645	-2.383
3646	0.6084
3647	
3648	0.748
3649	-0.1421
3650	0.0689
3651	-0.6836
3652	-0.3436
3653	0.05947
3654	
3655	-0.02081
3656	
3657	-0.1146
3658	
3659	
3660	0.1649
3661	-2.108
3662	
3663	0.3324
3664	
3665	0.005433
3666	-0.2342
3667	-0.2373
3668	-0.01261
3669	-0.0882
3670	-0.4298
3671	-2.292
3672	
3673	0.4538
3674	0.6156
3675	
3676	0.08459
3677	-0.07355
3678	
3679	0.3887
3680	-0.3998
3681	
3682	0.03572
3683	-0.3475
3684	
3685	0.5137
3686	1.402
3687	1.902
3688	2.052
3689	2.483
3690	
3691	0.3209
3692	-0.2681
3693	0.584
3694	0.3884
3695	-0.0908
3696	
3697	
3698	0.333
3699	0.4195
3700	0.3383
3701	0.7716
3702	1.152
3703	-0.125
3704	-0.446
3705	
3706	0.363
3707	0.2719
3708	0.2899
3709	-0.3587
3710	
3711	-0.09758
3712	2.264
3713	0.6644
3714	-0.2305
3715	
3716	-0.4298
3717	0.07208
3718	0.2226
3719	-0.3186
3720	-0.5319
3721	0.4318
3722	0.5421
3723	
3724	0.03838
3725	0.4149
3726	0.06454
3727	0.4187
3728	0.7685
3729	-0.9394
3730	
3731	-1.43
3732	-2.033
3733	-1.493
3734	-1.594
3735	-1.861
3736	-1.688
3737	-1.497
3738	-0.9261
3739	-0.1887
3740	0.1451
3741	0.5656
3742	0.9297
3743	0.3874
3744	-0.03602
3745	0.461
3746	-0.7528
3747	0.146
3748	
3749	-0.5395
3750	-0.07863
3751	-0.2205
3752	0.4296
3753	-0.3352
3754	0.9148
3755	0.2392
3756	
3757	
3758	
3759	
3760	
3761	
3762	0.3537
3763	0.5442
3764	-0.2114
3765	0.5776
3766	-0.6614
3767	-2.105
3768	-0.00316
3769	0.3749
3770	-0.8875
3771	-0.8137
3772	-0.6126
3773	0.3749
3774	-3.321
3775	-0.2242
3776	0.432
3777	
3778	0.3358
3779	-0.2938
3780	-0.1056
3781	-0.2799
3782	0.05951
3783	-0.778
3784	0.07225
3785	-0.2846
3786	-0.4342
3787	-0.6035
3788	-0.5771
3789	-0.4935
3790	0.2096
3791	0.1516
3792	0.3119
3793	0.4236
3794	-0.2235
3795	-0.3382
3796	
3797	
3798	
3799	
3800	0.05651
3801	-0.2926
3802	-0.3273
3803	0.1296
3804	0.1815
3805	-0.1599
3806	0.9952
3807	0.9233
3808	1.085
3809	-0.1766
3810	0.2156
3811	-0.1742
3812	
3813	0.2462
3814	
3815	-0.2066
3816	1.869
3817	-0.298
3818	-0.361
3819	-0.4328
3820	1.004
3821	-0.02922
3822	-0.08505
3823	-0.2735
3824	0.1553
3825	1.175
3826	-0.0986
3827	-0.2449
3828	-0.1208
3829	-4.038
3830	-0.8847
3831	-0.437
3832	0.4801
3833	0.2169
3834	1.017
3835	0.9943
3836	0.05654
3837	0.09777
3838	0.9691
3839	-0.1862
3840	0.6306
3841	
3842	0.7303
3843	1.037
3844	1.287
3845	2.199
3846	-0.2881
3847	-0.4415
3848	0.03917
3849	
3850	0.5415
3851	
3852	
3853	
3854	
3855	
3856	0.03649
3857	-0.1267
3858	
3859	-0.2844
3860	-0.8684
3861	-0.1329
3862	-0.1673
3863	-0.7376
3864	
3865	0.559
3866	-0.09249
3867	0.4669
3868	-0.6922
3869	-0.22
3870	-1.701
3871	-0.02029
3872	0.5257
3873	-0.2648
3874	-0.28
3875	-0.032
3876	-0.7686
3877	-0.2711
3878	-0.3539
3879	-0.2767
3880	
3881	
3882	0.2849
3883	
3884	0.4056
3885	
3886	0.1961
3887	-0.2226
3888	-0.2845
3889	
3890	0.6969
3891	-0.004953
3892	1.421
3893	
3894	1.982
3895	0.1546
3896	-0.02982
3897	-0.3584
3898	-0.4099
3899	-0.4983
3900	-0.1425
3901	0.2874
3902	0.1737
3903	-0.06804
3904	-0.0366
3905	0.02426
3906	0.1182
3907	-0.1727
3908	-2.192
3909	0.07531
3910	
3911	0.9592
3912	0.5119
3913	0.4675
3914	0.5163
3915	0.7235
3916	-0.1471
3917	-1.173
3918	-0.08344
3919	-0.07698
3920	
3921	
3922	
3923	
3924	0.6841
3925	-0.2149
3926	-0.06122
3927	0.1301
3928	
3929	-0.07539
3930	-0.1994
3931	0.1637
3932	0.8892
3933	-0.3809
3934	-0.1465
3935	0.2246
3936	-0.2618
3937	1.143
3938	0.2513
3939	-0.9898
3940	-1.079
3941	-1.942
3942	-1.699
3943	0.06528
3944	-0.1298
3945	-0.2195
3946	
3947	-0.516
3948	-0.2624
3949	-0.5016
3950	0.5971
3951	-0.09273
3952	-0.3767
3953	-0.4939
3954	0.1679
3955	-0.9594
3956	-2.535
3957	-0.7464
3958	-1.774
3959	-1.679
3960	-2.042
3961	-0.3745
3962	0.07344
3963	0.5128
3964	0.5022
3965	0.01273
3966	-1.33
3967	0.6929
3968	
3969	
3970	
3971	
3972	0.6467
3973	0.1827
3974	
3975	0.05535
3976	
3977	
3978	
3979	
3980	-2.048
3981	-0.4086
3982	-0.6476
3983	-0.6473
3984	-0.9098
3985	-0.5731
3986	
3987	-0.2391
3988	0.2445
3989	0.1533
3990	-1.354
3991	-1.576
3992	-2.106
3993	-1.858
3994	-2.83
3995	0.3468
3996	0.3542
3997	-0.4007
3998	-0.4514
3999	-0.2445
4000	-1.654
4001	0.1201
4002	
4003	-0.2785
4004	0.4427
4005	-0.5632
4006	-2.44
4007	
4008	
4009	
4010	
4011	-0.07616
4012	0.3328
4013	-0.956
4014	-2.099
4015	-2.42
4016	-1.028
4017	0.1414
4018	-0.2763
4019	-1.236
4020	0.07733
4021	0.2987
4022	-0.6227
4023	-0.2272
4024	-0.9231
4025	0.5029
4026	0.2662
4027	-0.3158
4028	-0.2158
4029	
4030	
4031	0.2857
4032	-0.5071
4033	-0.228
4034	0.1813
4035	-0.9921
4036	-1.117
4037	-0.2597
4038	-0.2527
4039	0.3374
4040	0.1701
4041	0.5261
4042	-0.07194
4043	0.6356
4044	0.3139
4045	0.9567
4046	1.041
4047	-0.03607
4048	-0.1854
4049	-1.054
4050	-0.2724
4051	0.5926
4052	-0.3706
4053	-0.1306
4054	-0.7386
4055	-0.6899
4056	1.894
4057	0.2822
4058	1.585
4059	0.5099
4060	2.822
4061	0.3544
4062	0.1314
4063	1.253
4064	-0.9231
4065	-0.2197
4066	-0.2067
4067	-0.2471
4068	-0.3595
4069	-1.258
4070	-0.7017
4071	-0.2097
4072	-0.3063
4073	0.006367
4074	-0.2723
4075	-0.1233
4076	-0.3304
4077	0.2754
4078	0.6094
4079	
4080	-0.2875
4081	0.1651
4082	
4083	-0.2551
4084	
4085	
4086	-0.1179
4087	-0.7267
4088	-0.2825
4089	
4090	-0.291
4091	0.1224
4092	0.2356
4093	-0.1617
4094	
4095	-0.7066
4096	-0.2589
4097	-0.5189
4098	-0.4854
4099	0.217
4100	-0.1592
4101	-0.1968
4102	-0.3431
4103	0.009206
4104	-0.3669
4105	0.7403
4106	-0.187
4107	0.6613
4108	0.927
4109	-0.914
4110	-0.8583
4111	0.1023
4112	0.6314
4113	0.2733
4114	-0.007452
4115	-0.04867
4116	-0.1983
4117	0.1964
4118	0.4147
4119	0.2074
4120	0.2112
4121	-0.169
4122	-0.1329
4123	0.07856
4124	0.1608
4125	0.03826
4126	1.789
4127	1.436
4128	0.0315
4129	2.78
4130	0.3406
4131	-0.1028
4132	-0.2238
4133	0.1811
4134	
4135	1.521
4136	0.3387
4137	0.5186
4138	-0.7035
4139	-0.74
4140	0.2534
4141	0.5614
4142	0.8516
4143	1.021
4144	-0.2387
4145	0.0304
4146	-0.2685
4147	-0.6679
4148	0.7834
4149	0.4829
4150	-0.1155
4151	0.2752
4152	0.5275
4153	1.244
4154	1.257
4155	0.1387
4156	0.04033
4157	-0.08038
4158	-0.1059
4159	-0.4466
4160	0.3238
4161	0.2804
4162	0.3664
4163	
4164	
4165	
4166	1.381
4167	1.364
4168	0.8035
4169	1.147
4170	1.074
4171	0.8054
4172	0.4936
4173	0.2955
4174	-0.6941
4175	-0.7197
4176	0.02688
4177	-0.1371
4178	0.7195
4179	
4180	0.3015
4181	
4182	-0.1389
4183	-0.05778
4184	-0.455
4185	-0.1206
4186	-0.1441
4187	2.448
4188	1.67
4189	1.183
4190	-0.1478
4191	-0.06535
4192	0.1486
4193	-0.1617
4194	-0.07724
4195	0.04369
4196	-0.2941
4197	-0.6157
4198	0.1845
4199	0.4599
4200	-1.726
4201	-1.973
4202	-2.747
4203	-1.599
4204	0.04312
4205	0.06851
4206	1.034
4207	-0.08659
4208	-0.1712
4209	0.5405
4210	-0.04867
4211	0.1338
4212	0.03379
4213	-0.3186
4214	0.803
4215	-0.06347
4216	0.1258
4217	2.136
4218	0.2586
4219	0.2216
4220	0.5103
4221	0.05086
4222	-0.291
4223	-0.1626
4224	0.6275
4225	0.6232
4226	-0.768
4227	0.5494
4228	-0.01305
4229	0.2614
4230	-0.3158
4231	0.341
4232	-0.3262
4233	0.4426
4234	0.541
4235	0.1164
4236	0.5433
4237	0.227
4238	-0.07276
4239	0.04325
4240	-0.08282
4241	0.5244
4242	3.956
4243	-0.5672
4244	-2.409
4245	-3.269
4246	-0.7832
4247	0.393
4248	0.1181
4249	-0.3782
4250	-0.03403
4251	-0.4752
4252	-0.2551
4253	
4254	-1.506
4255	-0.343
4256	-0.09136
4257	-0.3237
4258	-0.7059
4259	0.05342
4260	0.2408
4261	0.2874
4262	1.165
4263	0.4499
4264	-0.203
4265	0.6589
4266	-0.3572
4267	-0.3056
4268	-0.01087
4269	0.8936
4270	
4271	0.08257
4272	0.3549
4273	
4274	0.3664
4275	0.6034
4276	0.3391
4277	0.03594
4278	-0.1846
4279	-0.04867
4280	-0.3237
4281	-0.1985
4282	0.01603
4283	-0.0421
4284	0.05918
4285	-0.2292
4286	-0.2525
4287	-0.7905
4288	-0.7576
4289	-1.17
4290	-1.95
4291	-3.498
4292	-0.5296
4293	-0.3938
4294	1.243
4295	0.3099
4296	0.3664
4297	-0.1815
4298	0.06478
4299	-0.1634
4300	0.8733
4301	0.3947
4302	0.4015
4303	0.4137
4304	
4305	-0.6475
4306	-0.2924
4307	-0.02746
4308	-0.08785
4309	0.05897
4310	0.2605
4311	0.2387
4312	0.2691
4313	-0.0364
4314	-1.467
4315	-0.4377
4316	-0.3346
4317	0.1248
4318	0.01963
4319	-0.2697
4320	0.04131
4321	-0.1465
4322	0.3379
4323	0.06307
4324	0.8061
4325	0.2977
4326	0.2834
4327	
4328	-0.354
4329	0.2992
4330	-0.06795
4331	-0.02931
4332	0.00808
4333	-0.4005
4334	-0.04867
4335	0.3516
4336	0.07263
4337	0.7367
4338	0.1842
4339	0.4072
4340	0.2219
4341	-0.2334
4342	-0.1186
4343	0.8085
4344	0.05086
4345	-0.4637
4346	0.09445
4347	0.2337
4348	-0.7603
4349	-0.2744
4350	0.332
4351	0.1306
4352	0.3578
4353	0.05891
4354	
4355	-1.359
4356	-0.6001
4357	-0.1931
4358	-0.1279
4359	
4360	0.5324
4361	1.023
4362	1.088
4363	0.04862
4364	-0.7523
4365	-0.4949
4366	0.6591
4367	0.2939
4368	
4369	
4370	
4371	0.4837
4372	0.8042
4373	0.8556
4374	0.5918
4375	0.3198
4376	1.728
4377	0.8482
4378	0.118
4379	0.3478
4380	-0.456
4381	0.9921
4382	0.7849
4383	1.131
4384	0.3309
4385	0.1685
4386	-0.2216
4387	0.239
4388	-0.2846
4389	-0.4
4390	0.5957
4391	-0.08715
4392	0.3487
4393	0.01044
4394	0.4483
4395	1.359
4396	1.967
4397	-0.2377
4398	0.008281
4399	0.1429
4400	0.5428
4401	1.315
4402	1.374
4403	0.4305
4404	
4405	
