1632	-0.458
1631	-0.33
1635	-0.477
1634	-0.554
1633	-0.089
1636	-0.208
2141	-0.35
2134	-0.279
2116	-0.2
2113	-0.116
2108	-0.092
2091	0.203
2068	
2065	
2064	
2140	-0.872
2138	-0.771
2137	-0.799
2135	-1.329
2133	-0.852
2114	-0.772
2093	-0.335
2067	-0.327
2117	-0.254
2107	-0.092
2089	-0.228
2088	-0.338
2060	-0.064
2136	-0.101
2115	-0.102
2110	-0.201
2066	-0.129
2063	
2139	
2112	
2111	
2109	
2092	
2062	
2061	
2059	
2058	-0.497
2090	-0.409
2069	-0.496
2357	-0.316
2358	-0.335
2355	-0.42
2354	0.079
2356	-0.473
2353	-0.092
2862	-0.364
2857	-0.205
2856	-0.326
2855	
2835	-0.572
2831	-0.413
2814	-0.374
2784	-0.539
2783	-0.369
2863	-0.714
2839	-0.348
2834	-0.262
2832	-0.381
2810	-0.129
2789	-0.129
2787	-0.163
2785	-0.157
2860	-0.142
2836	-0.209
2833	-0.239
2811	-0.159
2786	
2859	
2858	
2838	
2837	
2830	
2815	
2813	
2788	
2861	-0.482
2829	-0.518
2812	-0.362
2791	-0.368
2790	-0.495
2782	-0.892
2781	-0.562
2780	-0.463
4517	-0.547
4524	-0.367
4522	-0.384
4516	-0.232
4523	-0.087
4520	-0.182
4519	-0.175
4521	-0.052
4514	0.461
4513	0.053
5029	-0.02
4998	-0.105
4980	-0.154
4518	0.031
4515	
5028	
5025	0
5024	0.005
5018	-0.068
5004	-0.045
5003	0.098
4997	0.221
4957	0.031
5240	0.018
5239	0.059
5237	0.127
5026	0.219
5019	0.068
5005	
5002	0.385
4999	0.031
4956	0.279
4951	0.531
4947	0.291
5027	0.177
5023	0.233
5022	0.125
5020	0.258
5001	-1.367
4995	0.311
4994	-0.346
4979	-0.198
4977	-0.432
4955	-0.647
4952	-0.564
4946	-0.576
4954	-0.496
4953	-0.662
4949	-0.49
4948	-0.396
4944	-0.276
4943	-0.165
5021	-0.296
5000	-0.172
4996	-0.222
4981	-0.156
4978	0.074
4976	-0.246
4950	
4945	
4942	-0.417
5246	-0.4
5238	-0.282
5235	-0.248
5243	-0.45
5236	-0.307
5748	-0.352
5747	-0.362
5724	-0.271
5723	-0.333
5718	-0.124
5700	-0.177
5698	-0.253
5678	-0.219
5676	-0.296
5671	-0.277
5670	-0.269
5665	-0.353
5663	
5244	
5241	
5245	
5242	
5749	
5745	
5743	
5727	
5750	
5744	
5741	
5751	
5746	
5742	
5740	
5702	
5701	
5699	
5679	
5675	
5673	
5669	
5668	
5677	
5672	
5666	
5726	
5722	
5721	
5667	
5664	
5725	
5720	
5719	
5717	
5716	
5703	
5674	
1200	0.003
1881	0.027
1168	-0.025
1888	-0.213
1558	-0.301
2280	-0.281
4441	0.072
3401	0.151
2725	-0.177
5366	0.251
3478	-0.343
213	0.156
3104	0.112
5735	-0.48
5014	-0.188
5736	-0.513
2131	
5015	-0.331
5737	-0.443
5016	-0.281
5738	-0.416
5017	0.089
2854	
5739	
2130	
2853	
2852	
2132	
2103	-0.291
2102	-0.278
4041	-0.403
2094	-0.097
2095	-0.038
2096	0.518
2097	-0.191
2098	-0.367
2099	-0.28
2100	-0.403
2101	-0.117
2104	-0.24
2105	0.077
2816	0.067
2817	-0.112
2818	-0.027
2819	-0.16
2820	-0.225
2821	-0.261
2822	-0.106
2823	-0.314
2824	-0.057
2825	-0.187
2826	-0.005
2827	
4982	0.258
4983	0.021
4984	-0.142
4985	-0.004
4986	-0.128
4987	-0.15
5704	-0.144
5705	-0.173
5706	-0.292
5707	-0.259
5708	-0.247
5709	-0.251
221	0.428
217	-0.026
942	-0.095
3108	-0.441
3109	-0.24
3830	-0.239
3832	0.314
1974	-0.801
5695	-0.162
4974	0.119
5696	-0.227
4975	0.044
5697	-0.115
4901	-0.008
956	-0.227
5623	0.018
3317	0.105
4039	-0.211
3318	0.307
4040	0.075
3319	0.157
313	-0.167
3320	-0.194
4042	-1.474
3321	-0.956
4043	-0.984
1493	0.174
2215	-0.191
1494	-0.022
1035	0.206
2216	0.45
314	0.096
1495	0.06
2217	0.15
1496	0.026
1036	0.217
2218	0.216
1497	0.184
2219	0.472
1498	0.053
2220	-0.415
4381	-0.002
5103	-0.078
4382	-0.177
5104	-0.041
4383	0.129
5105	-0.214
4384	0.174
5106	0.021
4385	-0.131
5107	-0.24
4386	-0.351
5108	-0.117
1499	-0.233
2221	0.04
1500	-0.076
2222	-0.077
3122	-0.191
3843	0.081
102	-0.109
1006	0.277
824	0.142
2985	0.227
315	0.181
3707	0.172
1037	-0.272
2986	0.137
3708	-0.02
2987	0.398
3709	0.06
316	0.333
2988	0.131
3710	0.374
1038	0.065
2989	0.358
3711	-0.027
285	-0.059
2990	-0.018
317	0.071
1007	0.196
3712	-0.535
103	0.344
825	0.074
104	0.419
826	0.155
265	0.051
105	-0.068
4902	-0.074
5624	-0.124
4903	0.242
5625	0.065
2016	0.463
2738	-0.429
2017	0.056
2739	0.033
2018	-0.061
2740	0.006
2019	-0.309
2741	-0.26
2020	-0.246
2742	-0.313
2021	-0.22
4904	0.058
5626	-0.032
4905	0.215
5627	0.062
4906	-0.214
5628	-0.103
4907	-0.054
1039	-0.396
5629	-0.368
4908	-0.029
5630	-0.285
4909	-0.15
235	0.092
5631	-0.125
3176	-0.095
3363	-0.12
4085	-0.197
476	0.322
1198	0.068
477	0.085
1199	-0.008
318	0.078
478	-0.158
479	
1040	0.138
3898	-0.091
1201	0.228
480	-0.235
1202	0.283
481	0.067
626	-0.737
1203	-0.791
1348	-0.78
3364	-0.402
4086	-0.597
3365	-0.667
4087	-0.759
3366	-0.386
4088	-0.013
3367	-0.287
4089	-0.157
3368	-0.232
4090	0.046
627	-0.371
1349	-0.132
2041	-0.259
3369	-0.525
2763	-0.256
2042	-0.174
2764	-0.001
2043	-0.041
2765	-0.352
2044	-0.04
2766	-0.096
2045	0.094
2767	0.751
4928	0.377
5650	-0.174
955	0.18
4929	-0.376
2552	-0.263
1831	0.127
2553	-0.085
1832	0.055
2554	-0.449
3201	-0.045
3876	-0.022
1833	-0.194
2555	0.183
3923	0.101
1834	0.021
2696	-0.03
1975	-0.032
2913	0.007
2697	-0.162
1976	0.228
2698	0.143
1977	0.208
2699	-0.162
1978	-0.175
2700	0.073
1979	0.205
2701	0.212
4862	0.94
5584	-0.383
4863	0.225
5585	0.075
4864	0.198
5586	-0.308
4865	0.327
5587	
4866	0.275
5588	
4867	0.309
5589	-0.263
1980	-0.122
2702	-0.213
1981	-0.153
2703	-0.114
1982	0.016
2704	-0.137
1983	-0.043
2705	-0.154
5651	-0.003
4930	0.263
5652	-0.273
268	-0.145
2196	0.057
4931	0.161
4357	0.387
5079	-0.106
4358	0.519
3202	-0.192
5080	-0.362
4359	-0.262
5081	-0.263
990	-0.068
4360	-0.166
5082	0.106
4361	0.016
269	0.118
5083	0.025
991	0.188
4362	0.026
270	0.216
5084	-0.393
1475	0.087
2197	0.016
1476	0.046
2198	0.422
1477	0.157
2199	0.002
992	0.419
1478	0.077
2200	0.307
1479	0.325
3153	0.228
2201	0.058
1480	-0.037
2202	0.159
4363	0.316
5085	0.075
4364	-0.075
5086	-0.087
4365	0.498
3875	-0.007
5087	-0.055
4366	-0.194
232	0.112
5653	-0.203
4932	0.064
5654	-0.124
4933	0.094
5655	-0.125
241	0.394
963	0.186
242	-0.223
964	0.063
3924	0.121
243	0.158
965	0.184
244	-0.121
966	0.039
245	-0.06
3440	0.22
4162	-0.069
3441	-0.058
4163	0.107
1613	-0.485
2335	0.038
1614	-0.109
2336	0.04
279	0.229
1615	0.2
2337	0.055
1616	0.085
2338	-0.089
1617	-0.076
3203	0.137
2339	0.013
1618	0.242
2340	-0.331
4501	-0.167
5223	-0.138
4502	-0.034
5224	-0.01
4503	0.261
5225	0.333
4504	0.075
4505	-0.328
5226	-0.287
5227	0.219
4506	0.042
5228	0.027
1619	-0.06
2341	0.086
1620	0.303
246	-0.361
967	-0.03
2342	0
968	-0.073
3129	0.168
3851	-0.038
3130	-0.059
3852	0.237
3131	0.202
3853	0.124
3132	-0.217
3854	-0.045
3133	-0.01
3855	0.183
3134	0.199
3856	0.254
247	-0.299
969	0.356
248	0.027
970	-0.39
3925	0.006
249	0.026
971	0.057
250	-0.051
4858	0.004
2828	-0.025
5580	-0.254
4859	0.048
5581	-0.141
4860	0.146
5582	0.294
4861	0.167
5583	-0.116
169	0.24
3204	0.439
891	0.07
170	-0.184
892	0.299
171	0.213
893	0.048
172	0.148
894	0.054
972	-0.084
251	0.479
252	0.353
974	0.181
3135	0.205
3857	-0.254
3926	-0.064
3136	0.075
3205	0.44
3858	0.392
3137	0.373
3859	1.829
3138	1.377
3860	2.079
3139	1.658
3927	1.41
3206	1.679
3861	1.292
3140	2.078
3862	2.016
253	1.4
975	0.831
254	1.134
976	0.927
255	0.493
977	-0.006
256	0.172
978	0.021
4848	0.026
3523	-0.119
3928	-0.232
5570	0.123
4849	-0.01
5571	-0.018
1962	-0.021
2684	-0.007
1963	-0.209
2685	-0.007
1964	-0.097
2686	-0.138
1965	-0.055
2687	-0.026
1966	0.118
2688	-0.154
1967	-0.035
2689	0.118
4850	-0.533
5572	-0.008
4851	-0.031
5573	-0.228
4852	-0.254
5574	0.062
4853	0.019
4245	-0.381
5575	-0.37
4854	-0.181
5576	-0.042
4855	0.077
5577	-0.173
1968	-0.372
2690	-0.409
319	0.14
1969	-0.298
2691	-0.226
1970	-0.147
2692	0.1
1971	-0.092
2693	-0.072
1972	-0.039
3524	0.075
2694	0.849
845	0.298
124	0.061
846	0.311
125	-0.634
847	-1.302
126	-0.022
1041	-0.109
848	-0.111
320	-0.284
1515	-0.265
1042	-0.203
2237	-0.087
321	0.007
1516	-0.019
1043	-0.038
2238	-0.094
4399	-0.03
5121	-0.005
4400	0.172
5122	0.292
4401	0.235
5123	0.054
4402	0.312
5124	-0.001
4403	-0.084
5125	0.174
1004	-0.061
1854	-0.198
4404	0.069
5126	0.091
2576	-0.161
1855	-0.009
322	-0.356
2577	-0.008
1856	-0.011
2578	0.025
1857	0.215
2579	0.002
1858	-0.109
2580	-0.106
1859	-0.291
257	-0.01
979	-0.007
1044	0.209
323	0.046
258	-0.181
980	0.084
1045	0.235
3141	0.125
3863	-0.219
324	
3142	-0.03
3864	-0.08
3143	-0.003
3865	-0.114
3144	0.013
3866	0.125
3145	-0.028
1046	-0.268
3867	0.096
3146	0.088
3868	-0.037
259	-0.024
981	0.061
3207	0.134
260	0.071
982	0.049
261	-0.124
983	-0.312
3929	-0.035
262	-0.188
4641	-0.19
5222	-0.245
1950	-0.151
2672	0.033
1951	-0.025
3208	-0.643
2673	0.096
1952	-0.028
2674	-0.554
1953	-0.353
2675	-0.111
1954	-0.376
2676	0.229
1955	0.131
2677	-0.165
4838	-0.1
5560	-0.181
4839	-0.157
3844	-0.134
5561	-0.269
3642	-0.014
2921	-0.026
3643	0.388
3729	0.15
3008	0.146
3930	-0.109
3209	-0.072
3730	-0.356
458	-0.201
1180	-0.084
459	-0.192
1181	0.063
460	-0.179
3931	-0.052
1182	-0.127
461	-0.242
988	-0.119
1183	-0.013
462	-0.113
1184	-0.075
463	0.031
3174	0.104
1185	-0.361
3896	-0.152
3346	0.268
4068	0.192
3210	0.29
3347	0.241
4069	0.006
3348	0.203
4070	-0.05
3349	0.198
3932	0.335
4071	-0.028
3350	-0.134
2928	0.273
4072	-0.231
3351	-0.109
3175	-0.253
4073	-0.065
45	-0.035
984	-0.018
263	-0.257
985	0.11
264	-0.695
986	0.1
3147	0.117
3869	0.157
3148	0.029
3870	-0.037
3149	0.072
3871	0.005
3150	0.009
3872	-0.048
3151	1.328
3873	2.193
3211	0.129
3152	0.266
602	0.17
3874	-0.069
4988	0.248
1324	0.39
603	-0.05
1835	-0.272
1325	0.36
2556	-0.423
604	-0.128
1326	0.132
605	0.264
1327	0.178
606	0.277
1328	0.011
607	0.361
1329	0.145
3490	0.1
4212	0.174
3491	-0.153
3933	0.032
4213	-0.139
3492	0.181
4214	0.002
3493	-0.107
4215	-0.232
3494	-0.057
1537	-0.026
2259	-0.293
1538	-0.293
2260	-0.167
1539	0.427
2261	0.346
1540	1.084
2262	0.091
4423	0.25
5145	-0.187
4424	0.218
5146	-0.071
4425	-0.097
5147	-0.348
4426	-0.101
5148	0.253
4427	-0.03
5149	-0.472
4428	-0.003
3212	-0.063
5150	0.061
1878	-0.116
2600	0.006
1879	-0.114
2601	-0.533
3170	0.09
1880	-0.224
2602	-0.486
3934	-0.104
2603	-0.129
1882	0.07
3649	0.007
2604	-0.101
1883	0.209
2605	-0.192
666	-0.532
4766	-0.041
325	0.318
5488	-0.121
101	-0.197
4767	-0.265
823	-0.346
4270	-0.301
3549	-0.188
4271	-0.239
662	0.302
1384	0.484
663	-0.309
1385	-0.053
664	-0.356
1386	-0.058
665	-0.747
1387	-0.194
2475	-0.314
4621	-0.282
5343	-0.192
4622	-0.119
5344	-0.222
4623	0.101
1047	0.016
5345	0.157
4624	-0.088
326	0.4
5346	-0.055
4625	0.076
1048	0.092
5347	-0.373
4626	0.138
5348	-0.243
1739	-0.146
2461	-0.295
1740	-0.112
2462	-0.304
1741	0.103
2463	-0.594
1742	-0.285
2464	-0.23
1743	-0.162
2465	0.017
1744	-0.243
2466	0.147
4627	0.088
5349	0.196
4628	-0.023
5350	-0.128
4629	-0.136
5351	-0.096
4630	-0.08
5352	0.143
4631	0.096
5353	0.163
4632	-0.044
5354	-0.057
327	0.02
1745	0.061
2467	0.254
1746	-0.426
2468	-0.024
1754	0.107
4216	0.098
3495	0.043
4217	-0.119
608	-0.296
1330	0.005
609	-0.14
1049	-0.713
1331	-0.614
610	-0.169
1332	-0.164
328	0.008
611	-0.297
1333	-0.092
612	-0.411
1334	-0.005
613	-0.355
1335	-0.077
1050	-0.022
3496	-0.063
4218	-0.242
3497	0.091
4219	-0.042
3498	-0.21
4220	0.002
3499	-0.043
453	-0.13
4221	-0.02
1174	0.092
452	1.001
4061	-0.119
3339	0.01
3169	-0.062
4060	-0.146
3338	-0.264
4059	-0.045
3337	0.061
4058	-0.042
3336	-0.373
4057	-0.146
3335	0.283
329	-0.077
4056	-0.185
3334	-0.075
1173	0.081
451	0.071
1051	0.007
1172	-0.08
330	-0.044
450	0.116
1171	0.028
449	-0.043
3890	-0.135
1170	0.094
448	-0.616
1169	-0.116
447	0.191
446	-0.233
3168	-0.213
4055	0.041
3333	0.166
1052	0.601
4054	0.078
3332	-0.216
4053	0.189
3213	0.102
3331	-0.193
3889	-0.176
4052	0.011
3330	-0.116
3935	-0.127
4051	-0.916
1388	
3329	0.324
667	-0.515
1389	-0.183
3550	-0.663
4272	-0.414
3551	-0.172
4273	0.14
1394	0.01
3214	0.274
3552	-0.321
3936	-0.051
3215	-0.054
4274	0.02
3553	-0.469
4275	-0.381
3554	0.367
673	-0.033
3937	-0.263
3555	0.297
4276	-0.047
4277	0.109
668	0.263
3216	0.124
1390	0.096
3938	0.209
669	0.287
3217	0.087
1391	0.075
3939	0.196
1395	0.055
3218	0.222
670	0.338
3940	0.276
331	-0.023
1392	0.07
3650	0.049
2929	0.231
1053	0.198
3651	0.222
2930	0.106
332	-0.005
3652	
43	0.006
765	0.231
671	0.158
1054	-0.339
333	-0.168
1393	0.126
672	-0.074
1055	-0.051
2474	-0.111
4379	-0.203
5100	0.108
4378	0.147
5099	-0.191
4377	0.336
5098	0.125
4376	-0.125
5097	-0.074
4375	0.337
2214	0.127
334	0.196
1492	0.18
2213	0.322
1056	-0.227
1491	0.334
1490	-0.07
2212	-0.3
2211	0.23
1489	0.209
1488	0.177
2210	0.209
2209	-0.004
1487	0.192
335	-0.085
5096	-0.229
5710	-0.372
3500	0.041
4374	-0.056
4222	-0.355
3501	-0.103
4223	0.354
614	-0.568
1336	-0.119
615	-0.318
1337	0.107
616	-0.046
1338	-0.324
617	-0.032
5489	0.076
4768	0.497
5490	-0.173
4769	0.159
5491	-0.107
4770	-0.198
674	0.154
5492	-0.06
4771	0.463
5493	0.08
1884	-0.014
2606	0.039
1885	-0.219
2607	-0.451
1886	-0.408
1887	-0.354
2608	0.143
3892	0.361
1396	-0.396
2609	-0.087
283	-0.089
2610	-0.196
1889	-0.241
2611	0.041
4772	0.23
5494	0.14
4773	0.236
5495	0.03
4774	0.301
675	0.3
5496	0.161
4775	0.215
1005	0.298
1397	-0.057
5497	0.064
4776	0.016
5498	-0.005
4777	0.059
5499	0.03
1890	0.176
2612	-0.044
1891	0.191
2613	0.168
1892	0.219
2614	-0.012
1893	-0.209
2615	0.22
1894	0.21
2616	0.096
1895	-0.359
2617	-0.233
4643	0.29
4778	-0.147
5365	0.19
1339	-0.159
618	0.068
1340	-0.171
619	-0.494
676	0.016
1341	0.07
1398	0.078
3502	0.407
3562	0.097
4224	-0.037
3503	-0.418
4225	-0.344
3504	-0.094
4226	-0.527
3505	-0.123
4227	-0.189
3506	-0.072
4228	-0.399
3507	-0.069
4284	-0.196
4229	-0.052
620	-0.665
1342	0.033
3563	-0.036
621	-0.01
4285	-0.253
1343	-0.034
3564	0.05
622	-0.056
1344	0.169
4286	0.106
623	
1345	-0.008
624	-0.38
1346	-0.167
625	0.255
1587	-0.271
2309	-0.04
1588	-0.473
2310	0.288
4471	0
5193	0.187
4472	0.043
5194	-0.107
632	-0.46
4473	-0.051
5195	-0.203
4474	1.592
1354	0.085
5196	-0.279
4475	-0.151
5197	-0.114
4476	0.166
5198	0.159
1926	-0.047
2648	-0.089
680	-0.172
1927	-0.087
2649	-0.141
1928	-0.04
633	-0.633
2650	-0.192
1929	0.015
2651	-0.142
2470	0.201
1930	0.183
2652	-0.174
1931	0.002
2653	-0.04
4814	0.027
5536	-0.054
4815	0.351
5537	0.087
4816	0.254
5538	-0.148
1347	-0.08
4817	0.067
3508	-0.095
4230	-0.273
3509	-0.124
130	-0.025
4231	-0.228
851	0.105
3510	0.167
4232	-0.136
5440	-0.259
4718	0.291
2557	0.183
4153	0.041
3431	-0.009
4152	-0.226
1402	0.172
3430	0.128
1269	0.119
681	-0.01
547	0.092
1268	-0.091
546	0.062
1267	-0.046
545	0.191
3511	0.091
4233	-0.186
3512	-0.063
4234	-0.154
3513	-0.156
4235	-0.348
1685	-0.006
2407	-0.312
1686	-0.074
2408	0.053
1687	-0.082
2409	0.118
1688	0.053
2410	-0.327
1689	-0.003
2411	0.104
1403	-0.141
1690	-0.52
682	-0.354
2412	-0.657
4573	0.28
5295	0.426
4574	0.038
5296	-0.111
4575	0.163
4642	-0.007
1404	0.059
5297	-0.175
3568	0.23
4576	-0.114
4577	0.007
5298	0.007
5299	-0.451
4578	0.149
5357	-0.142
5300	-0.392
1691	-0.335
2413	-0.177
1692	-0.192
2414	-0.06
1693	-0.054
2415	-0.244
1694	0.225
2416	-0.205
1695	0.301
2417	0.162
4290	-0.183
1696	-0.128
2418	-0.042
4579	0.583
5301	0.099
4580	0.072
5302	-0.218
4581	0.144
5303	0.272
4582	-0.149
5304	-0.236
4583	-0.334
5305	0.077
4584	-0.004
5306	0.414
1697	0.343
2419	0.061
1698	-0.243
2420	-0.216
1699	-0.089
2421	-0.084
3569	0.073
1700	-0.223
2422	-0.291
1701	0.018
4291	-0.245
2423	0.316
3025	0.14
3747	-0.091
3026	0.145
139	0.351
3748	0.105
861	0.029
140	0.221
862	-0.009
141	0.233
863	0.465
142	-0.114
864	-0.089
143	0.291
865	0.248
144	-0.038
747	-0.235
3570	-0.096
866	-0.133
3027	-0.243
3749	-0.073
3028	0.245
3750	0.349
3029	0.518
3751	0.152
3030	0.203
3752	0.23
3031	0.89
3753	0.016
3032	0.242
3754	0.19
482	0.072
1204	-0.208
483	-0.187
1205	0.074
484	0.281
1206	0.044
3516	0.136
42	0.381
485	0.024
1207	-0.176
3556	0.064
4278	-0.326
3557	0.31
4279	0.231
3558	0.042
4292	-0.164
4280	-0.096
3559	0.027
4281	-0.179
3560	-0.262
4282	-0.204
3561	-0.241
686	-0.049
4283	0.031
1733	0.211
2455	-0.104
1734	0.285
2456	0.177
1735	-0.114
2457	-0.159
1736	0.061
2458	0.079
1737	0.163
2459	0.134
1738	-0.029
2460	0.011
2346	0.215
3846	-0.016
1624	0.26
2345	0.118
1623	0.15
1001	0.079
2344	0.199
1622	-0.02
4989	0.045
1144	0.237
1621	0.039
2343	-0.013
422	0.249
4031	0.123
3309	-0.166
4030	0.196
3308	-0.304
4029	-0.189
3307	0.267
4028	-0.007
3306	-0.409
4027	-0.177
3305	-0.097
4026	0.059
3304	0.25
1143	0.294
421	0.205
1142	0.037
420	0.14
1141	0.07
419	0.096
280	-0.067
1140	0.012
418	-0.012
1139	-0.085
417	-0.178
1138	-0.115
266	-0.35
416	-1
4025	-0.054
3303	-0.149
4024	0.021
3302	0.055
4023	-0.262
3301	-0.119
4022	-0.301
3300	0.077
4021	-0.437
1702	-0.484
3299	-0.166
2424	-0.425
4585	-0.208
5307	-0.257
4640	0.171
4586	0.003
3344	-0.03
5308	-0.721
5363	-0.312
4587	0.067
5309	0.051
4644	-0.12
4588	0.389
5310	-0.062
4589	0.13
5311	0.02
1408	-0.071
4590	-0.079
5312	-0.54
1127	-0.007
1703	-0.141
406	-0.147
1128	0.238
407	-0.115
1129	-0.26
408	0.031
1130	-0.077
409	-0.039
1131	-0.048
3292	-0.006
4014	0.048
3293	0.277
4015	-0.079
3294	0.24
4016	0.171
3295	0.109
3296	-0.142
4017	0.081
687	-0.243
4018	-0.735
3297	-0.215
4019	-0.06
1469	-0.258
2191	0.031
1470	0.432
2192	0.123
1471	0.22
267	-0.276
2193	-0.173
989	-0.717
1472	-0.154
2194	-0.384
2917	-0.4
4038	-0.705
3316	-0.28
1155	0.178
433	-0.153
1154	0.112
432	0.099
1153	-0.011
431	0.085
1152	-0.022
430	-0.12
1151	-0.247
429	-0.034
1150	-0.119
428	-0.061
4037	-0.106
3315	0.158
281	-0.001
4036	-0.562
3314	-0.517
4035	-0.193
3313	-0.162
4034	-0.055
3312	-0.311
4033	-0.129
1002	0.021
1409	-0.057
3311	-0.142
3433	-0.038
4032	-0.097
3310	0.047
1149	-0.231
427	0.073
688	-0.026
1148	0
426	0.046
1147	0.141
425	-0.223
1146	0.015
424	0.298
1145	0.033
423	-0.26
4210	-0.214
3489	-0.351
4211	-0.291
1661	-0.498
2383	0.092
1662	0.089
2384	0.139
1663	0.145
2385	0.145
1664	-0.009
2386	0.143
1665	0.011
2387	0.107
1666	0.07
2388	-0.033
4549	0.108
5271	-0.153
4550	-0.027
5272	-0.276
645	0.065
1410	0.216
4551	0.136
1367	-0.425
3574	0.322
5273	-0.193
4552	0.057
5274	0.183
4553	0.121
5275	0.187
4554	0.241
5276	0.011
1667	-0.195
2389	-0.041
1668	-0.314
4639	0.255
2390	0.026
646	0.209
1669	-0.083
2391	0.053
1670	0.28
2392	0.067
1671	-0.146
2393	0.135
4296	-0.1
1672	-0.007
3575	0.184
1368	0.129
2394	0.009
4297	-0.218
647	-0.26
3576	0.028
4555	-0.016
5277	-0.222
4556	0.123
1369	-0.082
4298	0.07
5278	-0.223
4557	0.599
5279	-0.048
4558	0.238
5280	-0.058
4559	0.312
5281	0.145
4560	0.243
5282	0.073
1673	0.149
692	-0.005
2395	-0.334
1674	0.31
1414	-0.099
2396	-0.178
1675	0.036
2397	0.018
1676	0.289
2398	0.384
1677	-0.04
2399	0.504
1678	0.126
2400	0.073
464	-0.323
1186	0.386
465	-0.318
1187	0.05
466	-0.195
1188	0.102
467	-0.182
1189	-0.031
468	-0.387
1190	0.077
469	-0.067
3897	-0.148
1191	0.016
3352	-0.189
4074	-0.117
3353	-0.019
4075	0.196
3354	0.144
4076	0.243
3355	1.034
4077	0.635
3356	-0.204
4078	-0.213
1837	-0.247
4729	0.159
2559	0.1
1838	-0.469
2560	-0.122
1839	-0.085
2561	-0.013
693	0.489
1840	-0.04
1415	-0.247
2562	-0.127
1841	-0.147
694	-0.112
2563	-0.277
4724	0.221
5446	0.123
4725	0.181
5447	-0.195
4726	0.201
5448	-0.036
4727	0.128
5449	-0.142
4728	-0.105
5450	-0.291
5711	-0.183
5451	0.003
1842	0.242
1416	-0.249
2564	-0.387
1843	-0.256
2565	-0.076
1844	-0.199
2566	0
1845	0.162
3155	0.202
2567	-0.247
1846	-0.185
1283	-0.157
2568	-0.166
562	0.027
1284	0.02
3580	0.049
563	-0.13
1285	0.051
564	-0.24
1286	-0.334
4302	-0.337
565	-0.214
1287	0.016
3581	0.532
3448	0.592
1364	-0.085
4170	-0.034
3449	-0.597
4171	-0.839
3450	-0.241
4172	0.096
3451	-0.425
4173	-0.381
3452	-0.147
4174	-0.429
3453	0.03
4175	-0.015
566	-0.212
643	0.19
1288	-0.148
567	
1365	-0.091
954	
1289	-0.108
5088	-0.198
4367	0.046
5089	0.138
4368	-0.06
5090	-0.324
1481	-0.732
2203	-0.254
1482	0.137
2204	-0.208
1483	-0.23
2205	-0.076
1484	0.284
2206	0.135
1485	-0.039
2207	-0.238
4303	-0.212
1486	0.452
2208	-0.194
3154	0.01
4369	0.026
5091	0.026
4370	-0.086
5092	0.012
4371	0.482
5093	0.114
4372	0.208
233	0.412
5094	0.142
4373	0.122
5095	0.061
5441	-0.068
4720	0.15
3582	-0.12
5442	-0.143
3656	1.13
4721	0.068
5443	-0.016
4722	-0.101
5444	-0.123
4304	-0.269
4723	-0.374
5445	-0.227
1836	-0.023
568	0.255
2477	-0.19
2558	0.142
3526	-0.179
1290	
4248	-0.146
677	0.003
569	
1291	
3527	-0.409
570	0.539
1399	0.534
1292	-0.133
571	-0.197
678	0.027
1293	-0.111
3454	-0.079
4176	-0.122
3455	0.202
4177	-0.092
3456	-0.101
4178	-0.108
1400	0.123
3457	-0.804
4249	-0.627
4179	-0.124
3458	-0.172
4180	-0.123
3459	0.037
4181	-0.135
679	-0.176
572	-0.336
1294	0.074
573	-0.12
4244	0.155
5569	
4847	-0.032
5568	
4846	0.176
5567	-0.252
4845	-0.08
5566	-0.143
4844	0.035
2683	0.083
1961	0.127
2682	0.221
1960	0.17
2681	-0.343
1959	0.118
2680	-0.096
3522	0.15
1958	-0.126
2679	-0.176
1957	-0.308
2678	-0.256
1956	-0.004
1401	-0.132
2471	-0.142
1749	0.1
5565	-0.157
4843	0.128
5564	-0.076
4842	-0.006
5563	-0.258
4841	0.023
5562	0.212
4840	0.246
239	-0.073
887	0.092
5539	0.098
4818	0.313
5540	-0.27
4819	0.124
5541	-0.217
1932	-0.099
2654	0.023
1933	-0.088
2655	-0.052
1934	0.163
2656	0.146
1935	0.025
2657	0.228
1936	0.069
2658	0.002
1937	0.24
2659	-0.012
4820	0.626
5542	0.116
4821	-0.094
3565	0.165
5543	0.023
4822	0.257
1355	-0.123
5544	-0.16
4823	0.195
5545	-0.249
4824	0.089
5546	-0.046
4825	0.077
5547	-0.219
1938	-0.025
2660	-0.168
1939	-0.169
2661	0.147
3839	-0.058
1003	0.019
1501	0.354
2223	0.063
1502	0.036
2224	-0.154
1503	-0.07
2225	-0.398
1504	0.074
2226	0.173
4387	0.177
282	0.367
4287	-0.119
5109	-0.208
4388	0.082
5110	0.41
4389	0.2
5111	-0.129
4390	0.26
5112	0.23
4391	0.061
3566	-0.053
5113	-0.228
4392	0.268
5114	0.166
1505	0.124
2227	0.018
5459	0.017
1506	-0.075
4738	-0.02
2228	-0.016
5460	0.04
1507	0.194
4739	
2229	-0.085
3117	0.517
5461	-0.113
4740	0.666
5462	1.149
4741	1.795
5463	1.309
49	1.877
771	3.265
50	2.909
772	3.019
3878	0.231
51	0.56
773	0.814
4288	1.064
52	0.412
3567	0.212
774	0.349
53	-0.043
775	-0.246
54	0.289
776	0.119
3157	0.413
2937	-0.05
3879	-0.171
4289	-0.161
3659	0.65
2938	-0.109
3660	-0.127
2939	0.078
3661	0.291
2940	0.053
3158	-0.06
3662	
2941	
271	0.497
134	0.15
3880	
3663	-0.144
856	-0.053
135	0.324
857	-0.17
136	0.097
858	-0.078
137	0.199
859	-0.132
138	0.067
860	0.084
3021	0.192
3743	-0.043
3022	0.095
3744	0.038
683	0.286
3023	0.074
3745	-0.21
3024	0.292
3746	0.087
5500	-0.295
4779	-0.033
5501	0.21
4780	0.66
5502	-0.211
4781	-0.081
5503	0.325
4782	-0.153
5504	-0.223
4783	-0.149
5505	-0.167
1896	-0.442
284	-0.188
1405	-0.335
2618	-0.349
1897	0.146
2619	-0.137
1898	0.025
2620	-0.03
1899	-0.418
2621	-0.036
1900	-0.071
2622	0.223
684	0.631
1901	-0.544
2623	-0.037
4784	-0.088
5506	0.27
4785	-0.02
5507	0.064
4786	0.461
1406	-0.102
5508	-0.208
4787	0.526
5509	0.601
4788	1.031
5510	0.417
4789	0.313
5511	-0.227
685	-0.238
97	0.266
819	0.097
98	0.003
1407	0.117
820	0.119
99	-0.022
3571	-0.458
821	-0.005
4500	0.085
100	0.248
5221	0.173
822	-0.138
4499	-0.059
5220	-0.106
4498	0.105
5219	0.09
4497	0.012
5218	0.022
4293	-0.044
4496	-0.032
5217	0.007
4495	0.097
2334	-0.203
1612	-0.169
2333	0.496
3572	0.368
1611	
2332	0.219
1610	-0.257
2331	-0.342
4294	-0.225
1609	-0.399
3573	0.125
4243	-0.314
2330	0.024
4295	0.033
1608	-0.372
3521	-0.141
2329	0.11
1607	0.15
5216	0.089
4494	0.14
5215	0.063
4493	0.253
689	0.019
4242	-0.242
5214	-0.204
4492	0.244
1411	0.223
3520	0.253
5213	-0.271
4491	0.037
1295	0.161
574	-0.098
1296	-0.117
575	-0.237
1297	0.101
576	-0.09
690	-0.191
1298	-0.005
577	0.149
3094	0.312
1299	-0.037
3528	-0.017
3460	0.288
4182	0.109
3461	-0.039
4183	0.014
3462	-0.148
1412	-0.214
4250	-0.132
4184	-0.241
3463	-0.087
4185	0.309
3464	0.355
4186	0.144
3465	0.018
4187	-0.535
1637	-0.261
2359	0.051
1638	0.013
2360	-0.361
1639	0.328
1753	-0.48
2361	0.003
5527	0.313
2916	0.149
3638	0.219
1748	0.043
691	0.17
3639	-0.077
2918	0.178
4806	-0.062
5528	-0.196
4807	0.076
5529	0.056
1920	-0.104
2642	-0.143
1921	-0.038
3640	-0.163
2643	0.246
1922	-0.138
2644	0.055
1923	0.017
2645	-0.078
1924	0
2646	0.055
1925	0.022
2647	0.097
1413	0.085
4808	0.425
5530	0.096
4809	-0.122
5531	-0.059
4810	-0.098
5532	-0.256
4811	0.224
5533	-0.085
4812	0.017
5534	0.251
4813	0.204
631	-0.031
5535	-0.107
121	0.389
843	0.078
122	0.334
844	0.315
1353	0.216
123	0.296
3328	0.665
4050	0.916
1167	1.727
445	0.505
1166	0.236
444	0.071
1165	1.161
443	0.105
2923	0.14
3577	0.084
3644	0.103
2425	-0.054
2922	0.037
1704	-0.43
973	0.091
2426	-0.169
1705	-0.396
3126	0.169
3848	-0.076
3127	0.035
3849	0.269
999	0.043
1595	0.367
3128	0.219
5204	-0.334
4299	-0.247
4482	-0.292
5203	0.262
4481	-0.051
5202	-0.04
4480	-0.131
5201	0.563
4479	0.097
5200	-0.07
4478	-0.102
5199	0.188
4477	-0.059
2316	-0.189
1594	-1.068
3578	-0.286
2315	-0.362
1593	-0.811
2314	-0.731
4300	-0.23
1592	-1.409
3579	0.091
2313	-0.15
1591	-0.065
2312	-0.105
1590	0.004
2311	-0.013
4301	-0.236
1589	-0.503
4139	-0.128
3417	0.064
4138	-0.218
3416	-0.066
3380	0.031
4101	-0.271
3379	-0.017
4100	-0.259
3378	-0.153
4099	-0.278
3377	0.088
4098	0.028
3376	-0.116
1215	0.172
3517	-0.043
695	-0.115
493	-0.141
4238	-0.571
1214	0.142
492	-0.346
1213	0.019
491	-0.076
1212	0.305
490	-0.307
1211	0.284
238	0.154
489	0.031
1417	0.17
696	-0.041
1210	-0.181
488	0.656
4097	-0.025
3375	0.358
4096	-0.096
3374	-0.149
4095	-0.086
3373	-0.31
4094	0.112
3372	0.611
4093	-0.063
3371	0.148
4092	-0.107
3370	0.006
1209	0.037
487	0.309
1208	0.226
486	-0.076
959	-0.036
2427	-0.008
1706	-0.161
2428	-0.34
1707	-0.161
2429	0.597
1708	0.056
1847	0.101
2430	0.141
2569	-0.156
4730	0.216
5452	-0.054
4731	0.418
5453	0.136
4732	0.598
5454	-0.042
3156	0.023
4733	0.078
5455	0.263
4734	-0.127
1418	-0.017
5456	-0.297
4735	-0.22
5457	-0.478
1848	-0.426
2570	-0.065
1849	-0.337
2571	0.221
1850	-0.026
2572	-0.067
697	-0.106
1851	-0.025
2573	0.101
1852	-0.137
2574	0.154
1419	0.059
1853	0.08
2575	-0.01
4736	-0.034
5458	0.388
234	0.172
4737	0.094
3673	0.307
2952	0.142
3884	0.299
3674	-0.08
3057	0.278
2953	-0.062
3675	-0.154
2954	0.283
3583	0.02
3676	0.014
67	0.159
789	-0.032
68	0.028
790	0.052
69	0.157
3163	-0.159
791	0.162
70	0.084
792	0.139
71	-0.036
793	0.074
3885	-0.304
4305	0.024
72	-0.051
3164	-0.092
794	-0.012
3886	0.145
2955	0.205
3584	0.359
3677	-0.494
2956	-0.006
4306	-0.163
3678	-0.089
757	-0.148
2957	0.088
36	-0.265
758	-0.163
3679	0.062
2919	0.082
3641	-0.002
2920	-0.007
5364	-0.025
4591	-0.072
5313	0.128
4592	0.15
4990	0.13
5314	0.144
4593	-0.128
5315	-0.049
4594	-0.151
5316	-0.543
4595	0.064
5317	0.545
4596	0.142
3585	0.304
5318	-0.197
2046	0.097
4636	0.592
4004	-0.015
3283	-0.034
4005	0.015
3284	0.145
4006	0.268
3285	-0.119
4007	0.068
398	-0.062
1120	-0.015
399	0.369
1121	0.119
400	0.031
1122	0.15
401	0.046
1123	0.288
402	0.144
1124	-0.034
403	0.031
1125	-0.072
3286	0.305
4008	-0.119
3287	0.047
4009	0.184
3288	0.321
4010	0.199
3289	0.158
4011	0.031
3290	0.379
4012	0.339
3291	0.048
4013	0.027
404	0.107
1126	0.183
405	-0.013
2768	-0.134
2047	-0.021
386	-0.037
994	-0.37
2769	-0.073
273	-0.027
1108	-0.099
387	0.149
995	-0.026
274	0.009
1109	-0.003
388	0.23
1110	-0.054
389	-0.255
1111	-0.197
390	-0.017
1112	0.094
4307	-0.188
391	-1.289
1113	0.048
996	0.237
3274	0.165
275	0.228
3996	-0.07
3275	0.25
3997	-0.4
3276	0.28
3998	-0.898
3277	-0.699
3999	-0.247
3278	-0.088
1057	-0.652
4000	-0.153
3279	-1.18
237	-0.205
4001	-0.433
392	0.023
3009	-0.516
1114	-0.31
3731	-0.35
393	-0.151
3010	-0.178
1115	0.031
3732	0.198
3011	0.2
3733	0.105
394	-0.134
3012	-0.236
3514	-0.161
1116	0.227
3734	0.202
395	0.197
3013	0.148
1117	0.1
3735	0.066
396	0.482
3014	0.274
1118	0.339
3736	0.488
127	0.38
397	0.12
849	0.25
128	0.021
1119	0.046
4236	-0.179
850	-0.235
129	0.133
852	0.05
3515	-0.146
131	0.273
853	-0.184
132	-0.109
336	0.171
854	-0.425
4237	0.204
3015	0.058
3737	-0.138
3016	0.06
3738	-0.128
3017	0.232
3739	0.399
3018	0.237
3740	-0.199
3019	-0.068
3741	0.203
3020	0.289
3742	0.105
133	-0.077
855	0.05
3280	-0.126
4002	-0.224
3281	-0.085
4003	0.02
3282	0.19
2048	0.223
2770	0.049
2049	0.042
2771	-0.087
2050	0.024
2772	-0.053
2051	-0.096
2773	-0.063
4934	-0.02
5656	-0.103
4935	0.114
5657	-0.178
4936	0.273
5712	-0.186
5658	-0.19
4937	0.239
5659	-0.164
4938	0.074
5660	-0.144
4939	0.304
5661	0.027
2052	0.013
2774	-0.007
2053	-0.011
1058	-0.112
2775	0.158
2054	-0.309
2776	-0.241
2055	-0.284
2777	-0.015
2056	0.179
2778	0.138
3694	0.236
2972	0.039
3693	0.208
2971	0.183
4411	0.202
2250	0.189
1528	0.103
2249	-0.147
1527	0.065
2248	0.082
3219	-0.259
1526	0.185
2247	-0.019
1525	0.348
2246	-0.056
1524	0.106
2245	-0.276
1523	-0.038
3941	-0.066
5132	0.002
4410	0.064
5131	-0.031
4409	0.004
5130	-0.053
4408	0.244
5129	0.176
4407	-0.142
5128	-0.271
4406	0.031
5127	-0.176
4405	0.113
2244	0.081
2308	0.242
1586	-0.305
987	-0.228
1522	0.009
2307	0.303
3220	-0.517
4241	-0.025
1585	-0.002
2243	-0.134
1521	0.046
2306	-0.062
1584	0.177
3121	0.245
748	0.376
2305	0.058
1583	
3519	-0.085
5192	
4240	-0.252
4470	-0.768
3518	-0.359
5191	-0.626
4469	0.377
5190	-0.426
4468	0.139
5189	-0.12
4467	0.469
5188	0.237
4466	-0.219
5187	-0.176
4465	-0.036
2304	0.151
1582	0.169
3942	0.111
2303	-0.059
1581	0.08
2302	-0.125
1580	-0.228
2301	-0.283
1579	0.065
2300	-0.251
1578	0.189
2299	0.168
1577	-0.283
3221	-0.119
5186	-0.038
2983	0.035
4464	-0.051
3704	-0.238
2982	0.13
3703	0.424
2981	-1.593
3702	-0.025
2980	-0.265
3701	-0.185
2979	0.173
818	0.017
96	0.05
817	-0.13
95	-0.327
816	-0.082
94	0.356
815	0.142
93	0.329
814	0.164
92	-0.307
813	0.366
91	-0.007
3943	-0.151
3700	-0.193
2978	-0.03
3699	-0.095
2977	0.085
3698	-0.292
2976	0.027
3697	0.469
2975	0.097
3696	0.022
2974	0.048
3695	0.199
2973	-0.173
812	-0.116
90	-0.144
811	-0.049
2933	-0.612
89	0.031
810	0.006
88	0.158
3222	0.162
809	0.196
87	0.06
808	0.226
86	0.444
807	0.355
85	0.311
2057	0.143
2779	-0.063
4940	0.157
5662	0.079
4941	0.205
5603	-0.152
4881	-0.177
5602	-0.354
4880	0.717
2719	-0.074
1997	0.04
2718	-0.086
1996	0.21
2717	-0.245
1995	-0.09
2716	-0.23
1994	-0.223
2715	-0.138
1993	0.015
2714	-0.086
1992	-0.172
5601	-0.222
4879	0.73
5600	-0.061
4878	0.101
5599	0.015
4877	0.067
5598	-0.064
4876	0
5597	-0.207
4875	0.156
5596	-0.019
4874	0.318
2713	-0.238
1991	-0.364
2712	-0.35
1990	-0.256
2711	-0.049
1989	0.005
2710	-0.107
1988	0.044
2709	0.231
1987	0.034
2708	0.122
1986	-0.035
5595	-0.24
4873	-0.081
5693	-0.107
5594	-0.176
5690	-0.275
4969	-0.113
5691	-0.171
2082	-0.28
2804	-0.356
2083	-0.225
2805	-0.052
2084	-0.367
2806	-0.148
2085	-0.48
2807	-0.21
2086	-0.338
2808	0.094
1984	0.111
2087	-0.214
4719	-0.106
2809	-0.032
4970	0.139
5556	-0.009
4834	0.369
5555	-0.033
4833	-0.013
3944	-0.384
5554	0.158
3223	0.1
4832	0.22
2671	-0.381
1949	0.015
2670	0.041
3945	-0.062
1948	-0.447
3224	-0.153
2669	-0.213
1947	-0.098
2668	0.006
1946	-0.314
2667	-0.205
1945	-0.127
2666	-0.338
1944	-1.097
4831	-0.215
5553	-0.809
5552	-0.151
4830	-0.217
5551	0.087
4829	-0.01
5550	0.097
4828	-0.131
5549	-0.154
4827	0.128
5548	-0.611
4826	0.026
2665	-1.064
1943	-0.519
2664	0.313
1942	-0.123
2663	-0.003
1941	-0.267
240	0.181
2662	-0.023
961	0.193
1940	0.062
4561	0.146
5283	0.281
4562	0.259
5284	0.204
4563	-0.062
5285	0.131
4564	0.038
5286	-0.022
4565	-0.069
5287	-0.001
4566	0.12
5288	-0.201
1679	-0.034
2401	0.028
1680	-0.152
2402	-0.336
1681	-0.885
2403	-0.536
1682	-0.423
2404	0.031
3946	-0.397
1683	-0.165
2405	-0.044
1684	1.163
2406	-0.016
4567	0.761
5289	0.039
4568	0.057
5290	0.058
648	0.279
4569	0.02
5291	-0.175
4570	0.088
5292	-0.106
1757	-0.018
4571	0.072
5293	0.49
1370	-0.038
2479	0.273
4572	0.059
5294	0.394
1758	-0.018
2022	0.042
2744	0.099
3845	0.063
5362	0.249
5579	-0.107
4857	0.046
5578	-0.126
4856	0.083
2695	0.073
1973	-0.071
2023	-0.039
2745	0.143
2024	0.063
2317	-0.069
1596	-0.668
2318	-0.117
1597	0.011
2319	-0.346
2480	0.092
1598	0.148
2320	-0.126
2936	-0.034
1599	-0.045
2321	-0.17
1600	-0.324
1759	-0.085
2322	-0.332
4483	0.334
5205	-0.55
4484	-0.251
5206	-0.089
4485	0.038
5207	0.031
4486	0.065
2481	0.238
5208	0.259
1359	0.155
1760	0.099
4487	0.191
5209	-0.226
4488	-0.065
2482	-0.074
5210	-0.221
1601	0.117
2323	-0.239
1602	
2324	-0.431
1603	-0.41
2325	-0.215
1604	0.461
1761	-0.51
2326	-0.028
1605	-0.32
2327	0.171
1606	-0.289
2328	-0.007
4489	0.605
2483	-0.004
5211	-0.052
4490	0.011
1762	-0.263
5212	-0.476
4635	0.22
2746	0.06
2025	0.042
2747	-0.077
4435	0.122
5157	0.479
4436	-0.35
5158	-0.13
4437	0.379
5159	0.246
4438	0.219
5160	0.184
4439	-0.001
5161	0.076
4440	0.316
5162	0.016
1553	-0.067
2275	0.084
1554	0.214
2276	0.25
1555	0.546
2277	1.444
1556	3.385
2278	-0.32
1557	-0.065
1350	-0.232
2484	-0.121
2279	-0.732
5163	0.07
4442	0.007
5164	-0.397
236	-0.033
4443	-0.09
4795	0.018
5516	-0.412
4794	0.239
5515	-0.255
957	-0.067
4793	0.125
5514	-0.35
4792	0.124
5513	-0.109
4791	0.159
5512	0.053
4790	-0.134
2629	0.083
1907	-0.143
2628	-0.098
1906	-0.166
2627	0.089
1905	-0.078
2626	-0.111
1904	0.116
2625	-0.063
1903	-0.107
2624	0.054
4645	0.294
1902	0.092
5174	0.036
4452	0.141
5173	-0.134
4451	0.3
5367	0.038
4646	0.098
5172	0.066
4450	-0.386
5171	-0.009
629	0.153
4449	-0.05
5368	0.16
5170	0.121
4448	0.139
5169	0.109
4447	0.554
2286	0.092
2026	-0.071
2748	0.133
2027	0.09
2749	0.113
4910	0.113
5632	0.204
4647	-0.009
4911	0.25
5633	0.008
4912	0.152
5634	-0.057
4913	0.345
5358	0.001
5635	0.113
4914	0.573
5636	0.121
4915	0.241
5637	-0.068
2028	0.073
2750	0.256
2029	0.279
2751	0.139
2030	-0.026
4637	0.302
2752	0.279
2031	-0.224
3705	0.148
2984	0.1
3706	-0.009
434	-0.117
1156	-0.482
435	-0.317
1157	-0.283
436	-0.066
1158	0.115
437	-0.234
1159	-0.438
438	-0.044
1160	0.115
439	0.195
1161	0.334
3167	-0.209
3322	0.063
4044	0.198
3323	0.059
4045	-0.108
3324	-0.189
4046	-0.326
3325	0.051
4047	-0.151
3326	0.121
4048	0.092
3327	0.118
5369	-0.375
4049	-0.013
4648	-0.001
440	0.167
1162	0.274
441	-0.179
506	0.151
1163	0.159
442	0.175
1228	0.054
507	0.022
1164	0.21
1229	-0.315
29	0.415
508	0.086
750	0.25
1230	0.133
509	-0.013
1231	-0.106
510	-0.1
1232	-0.173
511	0.09
636	0.04
1233	-0.545
3394	-0.013
4116	0.21
3395	-0.212
4117	-0.25
3396	0.026
4118	0.003
3397	0.107
4119	-0.054
751	0.133
5370	0.293
30	0.121
3834	-0.211
752	-0.346
3113	-0.317
3398	-0.277
3835	-0.392
3114	-0.198
4120	-0.56
3115	-0.449
3836	-0.532
3635	-0.412
3116	-0.419
2914	-0.402
3837	-0.418
3838	-0.375
229	-0.236
230	-0.11
951	-0.391
3636	-0.363
231	0.089
952	-0.26
3399	-0.002
2915	-0.388
3637	0.313
637	-0.155
1358	0.005
4121	0.09
2753	-0.101
2032	0.222
2754	-0.139
2033	0.202
4649	-0.235
2755	0.024
4916	0.125
5638	-0.098
4917	0.192
5639	0.105
4918	0.26
5640	0.039
4919	0.142
5359	0.2
5641	0.153
4920	0.19
2290	-0.516
1568	0.047
2289	-0.18
1567	0.456
2288	-0.042
1566	0.205
2287	0.666
1565	0.461
4115	-0.055
3393	-0.086
4114	0.171
3392	0.781
4113	0.105
3391	-0.069
4112	0.121
3390	0.117
4111	-0.018
3389	0.026
4110	-0.005
3388	0.253
1227	-0.003
505	-0.112
4239	-0.347
1226	0.441
504	0.466
1225	-0.065
503	0.074
1224	0.165
502	-0.081
1223	-0.233
501	-0.135
1222	-0.289
500	-0.183
4109	-0.129
3387	-0.159
4108	0.053
3386	-0.127
4107	-0.002
3385	-0.401
4106	0.002
3384	-0.037
4105	0.127
3383	0.135
4104	-0.054
3382	0.086
1221	-0.034
165	0.216
886	-0.345
164	-0.306
885	0.084
163	0.086
3772	-0.508
3050	0.02
3771	-0.491
3049	-0.548
5371	-0.23
3770	0.084
3048	-0.342
3769	-0.391
3047	-0.143
3768	-0.035
3046	-0.219
3767	-0.175
3045	0.218
884	0.18
162	0.443
883	0.043
161	0.178
882	0.288
160	0.05
881	-0.105
4507	-0.061
159	0.069
4650	0.019
5229	0.004
4508	0.171
5372	-0.131
5230	-0.212
4509	-0.341
5231	-0.685
4510	-0.193
5232	0.102
4511	-0.213
5233	0.162
1763	-0.066
4247	-0.106
4512	-0.266
5234	-0.099
638	-0.189
1625	-0.222
2347	0.111
1626	-0.022
2348	-0.037
1360	0.027
1627	0.105
2349	-0.228
1628	-0.328
2472	-0.329
2350	-0.086
1629	-0.208
2485	-0.149
1764	0.165
2486	0.051
4633	0.192
1564	0.075
5355	-0.18
2285	-0.055
2931	0.322
1563	-0.056
2284	-0.444
1562	0.025
2283	-0.312
1561	0.15
2282	-0.028
1560	0.202
2281	-0.323
1559	0.153
5168	-0.125
4446	0.119
5167	-0.046
4445	0.036
770	-0.198
48	0.06
5166	-0.168
769	-0.359
4444	3.05
5165	2.494
47	2.418
471	2.133
1192	3.136
470	1.886
4079	2.258
2274	1.089
3357	0.775
1552	1.681
2273	3.453
1551	0.058
2272	-0.006
1550	0.052
2271	0.161
1549	-0.262
2270	0.287
1548	0.125
2269	-0.05
1547	0.471
628	0.116
1765	0.42
5156	0.21
4434	0.179
5155	0.057
4433	0.382
5154	-0.106
4432	0.094
5153	-0.349
4431	-0.002
5152	0.066
4430	0.107
5151	0.132
4429	-0.167
2268	-0.322
1546	0.209
2267	-0.104
1545	-0.069
2266	-0.069
1544	-0.08
2265	0.166
1543	0.054
2264	-0.205
1542	0.115
2263	-0.067
1541	0.253
3123	0.11
4091	-0.386
3405	0.088
4126	0.192
3404	-0.454
4125	0.149
3403	0.172
4124	-0.215
3402	0.139
4123	-0.055
3654	1.082
2932	0.769
4122	0.828
3400	0.594
1239	0.085
517	-0.357
1238	0.08
516	0.037
1237	-0.104
515	-0.298
25	0.291
1236	0.312
2487	-0.078
514	-0.107
1235	0.019
513	-0.17
1234	0.088
512	-0.122
1766	0.068
962	0.152
1640	-0.107
2362	-0.115
1641	-0.06
2363	-0.006
1642	0.162
2364	-0.039
4525	-0.05
5247	-0.141
4526	0.055
5248	-0.069
4527	0.041
5249	-0.059
4528	0.079
5250	-0.146
4529	-0.324
5251	0.465
4530	0.371
5252	0.272
1643	0.046
2365	-0.054
1644	0.361
2366	0.138
1645	0.047
2367	0.191
1646	-0.196
2368	0.127
1647	-0.048
2369	0.181
1648	-0.243
2370	-0.267
4531	0.192
5253	0.49
4532	0.489
5254	0.167
4533	0.319
5255	0.012
4534	-0.06
5256	-0.167
4535	-0.077
5257	-0.325
4536	-0.366
5258	-0.158
1649	-0.153
2488	0.287
3529	-0.395
2371	-0.317
1650	-0.364
2372	-0.122
1651	-0.606
2373	-0.067
1652	-0.437
2374	0.007
1756	0.173
2958	0.186
3680	0.449
2959	0.44
3681	0.021
2960	0.133
3682	0.049
28	0.267
410	-0.147
749	-0.139
1132	0.135
411	0.505
1133	-0.158
412	0.09
1134	0.447
413	-0.033
1135	0.313
414	-0.145
1136	-0.09
415	-0.168
1137	-0.042
277	0.055
3298	0.017
4020	-0.578
1653	-0.12
2375	-0.192
1654	0.068
2376	0.074
4537	0.356
5259	0.334
4538	0.013
5260	0.228
31	-0.276
753	-0.076
4539	-0.347
2590	-0.173
1868	-0.483
2589	-0.006
1867	-0.465
2588	0.017
1866	-0.081
5475	0.037
1767	-0.461
3119	0.318
4753	-0.101
5474	-0.18
4752	-0.038
5473	-0.239
4751	-0.089
5472	-0.165
4750	-0.24
5471	-0.503
2489	0
3165	0
3840	-0.195
4638	0.362
4749	-0.031
5470	-0.244
4748	-0.026
2587	-0.305
1865	-0.467
2586	-0.076
1864	-0.091
2585	0.212
1863	0.311
2584	-0.201
27	0.052
1862	0.148
2583	-0.093
1861	0.076
4634	0.088
4872	0.391
5593	0.526
4871	0.049
5592	0.061
4870	-0.192
5591	0.398
4869	-0.036
5590	0.437
4868	0.058
2707	-0.08
1985	-0.245
2706	0.285
3719	-0.24
2997	-0.014
836	0.034
114	0.085
835	-0.204
113	-0.152
288	-0.053
834	-0.089
112	0.2
833	0.13
111	0.169
832	0.213
110	-0.24
831	-0.132
109	-0.047
3718	0.178
2996	0.286
1768	0.041
3717	0.239
2490	-0.097
2995	-0.089
3716	0.18
2994	0.191
3715	0.216
2993	0.494
3714	0.191
2992	-0.124
1009	-0.01
3713	-1.034
4651	0.113
2991	-0.096
830	-0.017
5373	-0.197
108	0.003
287	0.227
829	0.212
107	0.193
828	-0.119
106	-0.285
1008	-0.202
4652	-0.248
286	0.073
827	0.016
958	-0.347
4991	-0.299
1474	-0.165
4882	0.225
2195	0.123
1473	0.135
953	-0.308
2242	-0.095
1520	-0.038
2241	0.092
1519	-0.222
2240	-0.225
1518	-0.078
2239	-0.232
1517	-0.748
4067	-0.113
3345	0.243
4066	-0.025
3891	0.037
5374	-0.062
4065	-0.215
3343	0.098
3342	-0.077
4064	-0.292
4063	-0.01
3341	0.031
3340	0.088
4062	0.27
1179	0.115
457	0.097
1178	-0.099
456	0.028
1177	-0.815
455	-0.455
1176	-0.157
454	0.82
1175	0.074
4127	-0.462
518	-0.439
1240	-0.005
519	-0.041
4653	0.008
1241	-0.079
520	-0.244
1242	-0.121
521	-0.365
1243	-0.091
522	-0.595
1244	-0.267
523	-0.291
5375	-0.301
1245	-0.097
3406	-0.404
4128	-0.179
3407	-0.342
4654	-0.071
4129	-0.097
5376	-0.199
3408	0.133
4130	-0.133
3409	-0.469
4131	-0.036
3410	-0.673
4132	-0.095
4655	0.01
3411	-0.073
4133	-0.021
524	0.079
1246	-0.068
525	0.042
1247	-0.1
526	-0.35
1248	-0.071
527	-0.277
1249	0.055
528	-0.405
1250	-0.019
529	0.069
1251	-0.063
3412	0.096
4134	-0.175
3413	0.2
4135	0.386
3414	0.01
4136	0.172
3415	-0.036
4137	-0.171
5261	-0.416
4540	-0.161
5262	0.026
4541	-0.03
5377	-0.08
997	-0.184
2942	-0.221
276	-0.124
3664	
55	0.254
777	0.042
56	-0.058
778	0.247
57	-0.126
998	-0.207
779	0.423
58	0.124
780	-0.128
59	0.341
781	-0.19
60	0.09
3159	-0.249
782	0.045
3881	0.055
2943	0.284
3665	0.004
2944	0.058
4656	
3666	-0.001
2945	-0.084
3667	0.053
2946	0.117
3668	0.005
3655	0.153
2947	0.099
3669	-0.136
2948	0.026
3670	-0.056
61	0.203
783	0.15
3160	-0.022
5378	-0.084
2934	0.999
62	0.433
3653	0.403
784	-0.042
3882	-0.014
63	0.519
785	0.239
64	0.2
786	0.448
65	0.066
787	0.338
66	-0.023
3161	-0.384
788	0.119
1769	0.152
3883	-0.104
2581	-0.513
3162	-0.191
2949	-0.289
4742	-0.168
5464	-0.031
2491	-0.362
4743	-0.113
5465	-0.032
4744	0.136
5466	-0.052
4745	-0.343
5467	-0.269
4746	-0.249
5468	-0.541
4747	0.016
5469	0.086
1860	0.021
2582	-0.153
3118	-0.03
5604	0.019
4883	0.052
5605	-0.143
4884	0.119
1770	-0.092
5606	
4885	0.082
639	-0.154
2492	
5607	-0.576
193	0.164
915	0.054
194	0.387
916	0.126
195	0.264
917	0.136
196	0.166
918	0.277
197	0.64
919	0.335
198	0.283
920	0.378
3081	0.203
3803	0.028
3082	0.119
3804	0.065
3083	0.241
3805	0.108
3084	0.191
3806	0.098
3085	0.267
3807	0.134
3086	0.447
3808	-0.022
199	0.084
921	0.055
200	0.092
922	0.132
201	-0.075
923	0.149
202	0.062
924	0.137
203	0.218
2743	0.16
925	0.316
204	0.059
926	0.259
3087	0.109
3809	-0.07
3088	0.163
3810	0.062
3089	0.171
3811	-0.157
3090	0.234
3812	0.121
3091	0.187
3813	0.105
3092	0.231
3814	0.258
205	0.369
927	0.306
206	0.079
1771	0.421
928	0.219
207	-0.094
1361	0.4
929	0.247
208	0.07
3120	0.04
2493	-0.057
3692	0.179
2970	0.031
3691	0.164
2969	-0.238
3690	-0.533
2968	0.017
3689	-0.017
2967	0.103
806	0.127
84	0.103
805	-0.189
83	0.191
804	0.126
82	0.097
803	0.072
81	-0.053
802	-0.063
80	0.323
801	-0.28
3166	-0.316
3888	-0.09
79	-0.033
3688	-0.108
2966	0.055
3687	-0.028
2965	0.083
3686	0.028
2964	0.175
3685	0.025
2963	0.152
3684	-0.176
2962	0.178
3683	-0.465
2961	0.03
800	-0.077
1772	-0.149
78	-0.176
799	-0.305
2494	-0.216
77	0.082
798	-0.096
76	-0.201
797	0.049
75	-0.104
796	-0.103
1773	-0.04
3887	0.12
74	0.198
795	0.112
73	0.054
5487	-0.351
3361	0.094
4765	0.045
4082	-0.063
3360	-0.033
4081	0.075
3359	0.001
4080	-0.469
3358	-0.101
1197	-0.118
475	-0.029
2495	-0.001
1196	-0.042
474	0.179
1195	0.184
473	-0.347
1774	0.121
1194	-0.019
472	-0.094
209	0.181
930	0.061
1193	0.33
931	0.254
210	0.268
932	-0.002
3093	0.105
3815	0.087
5713	-0.101
3816	0.292
640	0.146
3095	-0.566
3817	0.271
3096	0.156
3818	0.082
3097	0.231
3819	-0.101
3098	0.163
5517	-0.031
1908	-0.021
2496	0.026
2630	-0.143
1747	-0.224
1909	-0.128
2469	-0.265
2631	-0.164
1910	0.386
2632	-0.074
630	0.057
1351	0.119
1911	0.283
2633	-0.072
1912	0.548
2634	0.217
1913	0.117
2635	0.064
4796	0.193
4797	0.147
5518	0.021
5519	0.281
4798	0.051
5520	-0.157
4799	-0.058
5521	-0.481
4800	-0.139
5522	-0.665
4801	0.166
4657	0.14
5523	
1914	-0.152
5379	0.053
2636	-0.144
1915	-0.046
2637	-0.04
1916	-0.051
2638	0.063
1917	-0.53
2639	-0.195
1918	-0.196
2640	-0.127
1919	-0.241
2641	0.044
4802	0.21
5524	
1352	0.095
4803	0.143
5525	
4804	
5526	-0.344
4102	-0.198
4805	-0.132
3381	0.125
4103	-0.069
494	0.075
1216	0.057
495	0.189
1217	0.195
496	-0.043
1218	-0.082
497	-0.026
1219	0.315
498	-0.037
1220	0.21
499	0.093
32	0.321
4658	0.491
754	0.35
33	0.069
755	0.419
34	0.41
756	0.694
35	0.144
5263	0.447
3645	0.387
4542	0.483
2924	0.363
3646	-0.525
37	-0.11
5380	-0.148
759	-0.461
38	-0.322
760	-0.111
39	0.11
3842	0.751
761	0.341
4084	0.186
3362	-0.151
4083	-0.182
40	0.576
762	-0.105
41	0.845
763	0.298
960	0.223
44	0.343
5185	-0.023
4463	-0.043
5184	-0.12
4462	-0.074
5183	-0.066
4461	-0.002
5182	0
4460	-0.148
5181	-0.219
4459	0.081
2298	-0.357
1576	-0.108
4659	0.055
1575	-0.16
2297	-0.153
2296	-0.209
1574	0.19
2295	-0.564
5381	0.184
766	-0.031
1573	-0.362
2294	0.07
1572	-0.126
2293	0.081
1571	0.048
5180	0.242
4458	0.059
5179	-0.139
4457	0.236
5178	0.109
4456	0.024
5177	-0.107
4455	0.114
5176	0.127
4454	0.174
5175	-0.177
4453	-0.088
2292	0.127
4660	0.279
1570	-0.059
2291	-0.136
1569	0.059
5264	-0.235
1655	-0.078
2377	0.044
1656	0.392
2378	-0.434
1657	0.137
2379	0.061
1658	0.05
2380	-0.023
1659	0.029
2381	-0.201
1660	0.024
2382	0.065
4543	0.068
5265	-0.06
4251	-0.184
4544	0.016
5266	0.075
4545	-0.183
5267	-0.05
4546	0.338
5268	-0.165
4547	0.373
5269	0.034
4548	0.892
5270	-0.198
1998	-0.134
2720	-0.295
1999	-0.163
2721	-0.017
2000	0.145
2722	-0.106
2001	0.021
2723	1.287
2002	0.825
2724	0.053
2003	-0.262
4886	0.321
5608	
4887	-0.047
5609	-0.126
4888	-0.08
5382	-0.026
5610	-0.114
4889	-0.09
5611	0.163
4890	0.211
5612	0.019
4891	0.14
5613	0.041
2004	0.048
2726	0.214
2005	-0.284
2727	0.336
2006	-0.095
2728	-0.085
2007	-0.157
2729	-0.347
2008	-0.302
2730	-0.057
2009	-0.099
4661	0.358
2731	-0.1
4892	-0.224
5383	0.162
5614	-0.036
4893	0.023
5615	-0.101
3007	0.219
4894	0.62
3728	0.31
3006	0.301
3727	-0.124
3005	0.099
3726	-0.026
3004	-0.055
4662	0.147
3725	-0.05
3003	-0.286
842	0.205
5384	-0.032
120	0.061
841	-0.314
3895	-0.148
119	0.022
840	-0.075
3173	0.042
4992	0.078
118	0.074
117	0.288
839	-0.345
3894	-0.022
838	-0.12
116	0.26
837	-0.216
115	-0.076
3172	-0.154
3724	-0.411
3002	-0.255
3723	-0.237
3001	0.098
3722	0.14
3000	-0.274
3893	-0.133
3171	0.396
3721	-0.725
2999	-0.048
3720	-0.22
1010	-0.279
2998	-0.539
5616	-0.295
4895	0.159
5617	-0.237
4896	-0.319
5618	-0.677
4897	-0.422
1775	-0.001
5619	-0.352
2010	-0.36
2732	-0.273
2011	-0.246
1869	-0.411
2591	-0.395
1870	-0.109
2592	-0.259
1871	-0.246
2593	0.151
4754	0.233
5476	-0.126
4755	-0.288
5477	0
4756	0.012
5478	0.024
5714	0.045
4757	0.261
5479	0.092
4758	0.071
5480	-0.021
26	-0.087
4759	
5481	-0.322
1872	-0.782
2594	-0.619
1873	-0.589
2497	-0.513
2595	-0.685
1874	-0.636
2596	-0.134
1875	-0.041
2597	0.156
1876	-0.036
2598	-0.203
1877	-0.13
2599	-0.216
4760	-0.104
5482	0.022
4761	-0.098
5483	-0.189
4762	-0.058
5484	-1.21
4763	-0.906
4764	-0.47
5485	-0.53
3841	-1.147
5486	-0.734
1776	-1.106
3036	-0.934
3757	-0.432
3035	-0.071
3756	-0.396
3034	-0.134
3755	0.159
3033	0.598
872	-0.122
3112	0.217
150	0.426
3111	0.255
3833	0.367
228	0.084
272	0.294
950	0.187
949	-0.059
3647	0.387
227	0.337
226	0.692
948	0.637
2925	0.356
225	0.09
947	0.173
764	0.057
946	0.05
871	0.072
149	-0.01
870	-0.002
2498	-0.094
148	-0.281
993	-0.496
869	-0.474
147	-0.25
868	-0.169
146	-0.194
867	-0.268
145	0.552
5559	-0.397
4837	-0.185
5558	-0.358
4836	0.033
5557	-0.309
2478	-0.204
4835	-0.124
3850	-0.422
578	-0.047
1300	-0.286
579	-0.269
1301	-0.133
580	-1.006
1302	-0.046
581	-0.597
1303	-0.244
582	-0.405
1304	-0.072
583	-0.268
1305	0.343
3466	0.077
4188	0.111
3467	-0.047
4189	-0.386
3468	0.056
4190	-0.262
3469	0.11
4191	0.755
3470	-0.207
4192	-0.05
3471	-0.262
4193	-0.119
584	0.031
1306	-0.07
585	0.261
1307	-0.243
586	0.106
1308	0.035
587	-0.299
1309	0.024
588	0.047
1310	0.095
589	0.252
1311	0.004
3472	-0.327
4194	-0.234
3473	0.103
4195	-0.1
1777	-0.261
3474	-0.126
4196	-0.022
3475	0.371
1266	0.011
4197	-0.13
544	-0.059
1265	-0.052
543	0.087
1264	0.07
542	-0.051
4151	0.087
3429	0.292
4150	-0.119
3428	0.154
4149	-0.171
3427	0.275
4148	-0.014
3426	0.221
4147	-0.079
3124	0.183
3425	-0.308
4146	-0.378
3424	-0.066
1263	0.191
541	0.055
3657	0.589
1262	0.222
540	-0.244
4261	-0.061
3540	-0.287
4262	-0.283
3541	-1.219
4263	-0.269
3542	-0.519
4264	-0.433
3543	0.26
4265	-0.269
656	-0.516
1378	-0.202
657	-0.619
1379	-0.065
658	-0.597
1380	0.103
2499	0.064
659	-0.252
1381	-0.177
660	-0.279
1382	-0.025
661	-0.209
1778	-0.114
1383	-0.463
3544	-0.51
4266	-0.242
3545	0.223
4267	0.216
3546	0.313
4268	-0.186
3547	-0.228
4269	-0.293
3548	0.046
2473	-0.05
3476	0.058
4198	-0.255
2500	0.068
3477	-0.054
4199	-0.112
590	0.011
3064	0.02
1779	-0.051
3786	-0.182
3065	0.196
3787	0.015
3066	0.001
3788	0.122
3067	0.192
3789	-0.088
3068	-0.15
3790	-0.277
181	-0.179
903	0.44
182	0.295
904	-0.029
183	-0.134
905	0.177
184	0.185
906	0.139
185	-0.166
907	0.17
186	0.092
4246	0.014
908	-0.074
3069	0.547
3791	0.036
3070	-0.286
2935	0.301
3792	-0.37
3071	-0.208
3793	0.826
3072	-0.127
2501	-0.21
3794	-0.181
1780	0.052
3073	-0.057
3525	0.015
3795	0.061
2502	0.031
3074	0.039
3796	-0.093
187	-0.085
909	0.149
188	0.055
189	-0.191
910	-0.17
911	0.077
5101	-0.054
4663	-0.541
4380	0.263
5102	0.179
1312	0.051
1830	-0.14
591	-0.041
1313	0.19
592	-0.145
1314	-0.053
593	0.125
1315	0.136
594	-0.003
1316	-0.122
595	-0.194
3530	-0.109
1317	-0.055
4200	-0.174
3479	0.178
4201	-0.18
3480	0.025
4252	-0.01
4202	-0.089
3481	0.065
4203	0.034
3482	-0.06
4204	-0.139
3483	-0.272
3531	-0.271
4205	-0.206
596	-0.388
1318	-0.211
597	0.08
1319	-0.227
598	-0.355
1320	0.108
599	0.338
1321	-0.178
600	-0.382
1322	0.048
4253	-0.065
601	0.102
1323	-0.063
3484	0.162
4206	-0.361
3485	-0.373
4207	-0.231
5356	0.225
3486	-0.355
4208	-0.453
3487	0.157
644	0.122
4209	0.342
5385	-0.065
1366	-0.035
1362	-0.337
3488	-0.278
3820	-0.043
211	0.269
933	0.115
3125	0.188
212	0.152
934	-0.032
935	-0.27
3847	0.081
214	0.305
936	0.018
215	0.138
937	-0.037
216	0.209
938	0.243
3099	0.116
3821	0.087
3100	0.082
3822	0.208
3101	0.251
3823	0.029
3102	0.146
641	0.061
3824	-0.274
3103	0.19
3825	0.133
3826	0.051
554	-0.628
1276	0.017
555	-0.133
1277	0.065
556	0.016
1278	0.133
557	-0.593
1279	-0.022
558	0.148
1280	-0.048
559	-0.144
1281	-0.057
3442	0.083
4164	-0.291
3443	-0.169
4165	-0.151
3444	-0.477
4166	-0.262
3445	-0.108
4167	-0.188
1363	0.054
3446	0.218
4664	0.206
4168	-0.013
3447	-0.174
4169	-0.449
560	0.175
2927	-0.134
1282	0.137
642	0.066
561	-0.581
5386	-0.824
1261	0.003
539	-0.11
3648	-0.043
2926	-0.038
1260	-0.008
538	0.041
1259	0.141
4665	0.22
537	2.134
1258	1.783
536	0.318
4145	0.004
3423	0.261
4144	0.28
3422	0.294
4143	0.076
3421	-0.359
5387	0.257
4142	-0.269
3420	0.301
4141	-0.433
3658	0.054
3419	-0.159
4140	-0.233
1750	-0.435
3418	-0.295
1257	0.024
535	0.4
1256	-0.048
4666	0.064
534	-0.379
1255	-0.117
533	-0.357
1254	-0.131
532	-0.455
1253	0.168
531	-0.215
190	-0.106
912	0.094
191	0.152
5388	-0.18
913	0.069
192	0.143
4667	0.192
914	0.006
3075	-0.07
5389	0.065
3797	0.135
3076	-0.053
3798	0.114
3077	-0.175
3799	-0.266
3078	-0.059
3800	0.021
3079	0.193
3801	-0.117
4668	-0.062
3080	0.038
3802	0.152
530	-0.02
290	-0.157
1252	-0.075
1012	
291	0.111
1013	
292	0.187
1014	0.086
293	0.112
1015	0.216
294	0.466
1016	0.457
3177	0.146
3899	0.06
3178	0.339
3900	0.395
3179	0.509
3901	0.252
3180	0.356
3902	0.156
3181	0.43
3903	0.24
3182	0.137
3904	-0.02
5390	-0.021
295	0.173
1017	0.052
296	0.111
1018	0.027
297	-0.001
1019	0.209
298	0.285
1020	0.095
299	-0.048
1021	0.091
300	0.219
4993	0.107
1022	0.013
3183	0.231
3905	-0.156
3184	0.052
3906	-0.056
3185	0.183
3186	0.059
3907	-0.013
3908	0.076
3187	0.05
3909	-0.135
3188	0.025
2118	-0.014
3910	-0.001
5642	-0.137
4921	-0.009
5643	-0.28
2034	0.132
2756	-0.042
2035	0.356
2757	-0.035
2036	0.222
2758	-0.027
2037	0.211
2759	0.02
2038	-0.073
2760	-0.121
1751	-2.554
2039	-0.312
2840	-0.376
1752	-0.292
2761	0.262
4922	0.158
5644	0.258
2476	-0.329
4923	0.199
1755	0.198
2119	-0.019
5645	-0.01
4924	0.1
2841	-0.07
5361	-0.916
5646	0.074
4925	0.1
5647	0.007
2120	0.068
4926	0.17
5648	0.14
4927	0.358
5649	-0.04
2040	0.036
2762	-0.059
880	-0.005
158	0.587
879	0.203
157	-0.179
3766	-0.47
3044	0.267
3765	-0.301
3043	-0.064
3764	-0.022
3042	0.192
3763	0.055
3041	-0.017
3762	-0.247
3040	-0.115
3761	-0.69
3039	-0.041
878	0.031
156	0.2
2842	-0.236
877	0.14
155	0.149
876	-0.236
154	0.221
875	0.091
153	0.243
874	-0.285
152	-0.012
873	-0.03
151	0.018
3038	-0.202
3760	-0.701
3759	-0.291
3037	-0.057
173	0.26
3758	-0.353
895	-0.198
174	0.161
896	-0.097
2106	-0.102
2121	-0.414
5715	-0.187
3779	-0.255
3058	0.265
3780	-0.204
3059	-0.02
3781	
2843	-0.275
3060	0.133
3782	-0.109
3061	0.203
3783	-0.304
3062	0.172
3784	0.044
175	0.276
897	0.042
176	0.069
898	0.094
2122	0.042
177	-0.07
899	-0.031
178	0.167
900	0.081
179	0.204
901	-0.122
2844	0.271
180	0.189
2123	-0.219
902	-0.183
3063	0.279
3785	0.162
649	-0.346
1371	-0.086
3532	-0.288
4254	-0.194
3533	-0.122
2845	-0.093
4255	-0.081
2951	0.021
3534	-0.1
3672	-0.237
2950	0.107
3671	0.072
4161	-0.278
1000	0.253
3439	0.094
5006	0.043
4160	-0.11
3438	-0.157
4159	-0.264
3437	-0.272
4158	-0.114
3436	0.015
1275	0.145
5728	-0.301
553	0.049
5007	0.301
1274	-0.055
552	0.048
1273	0.023
551	0.047
1272	0.003
550	0.374
1271	0.084
278	-0.152
549	-0.208
5729	-0.34
1270	-0.044
548	-0.178
4157	-0.328
3435	-0.251
4156	-0.579
3434	-0.241
5360	-0.035
5008	-0.289
1033	
4155	-0.476
311	0.039
1032	-0.084
4154	-0.212
310	0.241
3432	-0.09
1031	
309	0.22
1030	0.107
308	0.086
1029	0.168
307	0.29
3916	0.087
3194	0.163
3915	0.131
3193	0.145
3914	-0.045
3192	-0.186
3913	0.188
3191	0.11
3912	0.057
3190	0.004
3911	-0.134
3189	-0.013
1028	0.308
306	0.209
1027	0.204
305	0.215
1026	0.038
304	0.343
1025	0.431
303	0.231
1024	0.054
5730	0.212
302	0.053
1023	-0.148
301	0.37
4256	-0.295
5009	-0.104
3535	-0.032
5731	-0.416
4257	0.011
3536	-0.223
4258	-0.101
3537	0.15
5010	0.193
4259	-0.178
5732	-0.337
1709	-0.903
2431	-0.222
1710	0.075
2432	-0.282
5011	0.085
1711	0.206
2433	-0.039
1712	0.069
2434	0.047
1713	0.293
2435	-0.112
5733	-0.186
1714	0.099
2436	0.091
4597	0.155
5319	0.062
4598	0.19
2124	0.243
5320	0.095
4599	0.095
5321	0.076
4600	0.087
5322	0.065
4601	-0.103
5323	0.068
4602	-0.002
5324	0.237
1715	-0.067
2437	-0.335
2846	-0.214
1716	-0.154
2438	-0.453
1717	-0.24
2439	0.16
1718	0.147
2440	-0.103
1719	-0.101
2441	0.149
1720	-0.385
2442	0.218
4603	0.263
5325	0.088
2125	-0.001
4604	0.121
5326	0.146
4605	0.156
5327	-0.076
4606	0.18
5328	-0.262
4607	-0.266
5329	0.068
2847	-0.418
4608	-0.183
5330	0.211
1721	-0.177
2443	-0.009
1722	0.115
2444	0.208
1723	-0.563
2445	-0.184
1724	-0.564
2446	-0.067
1725	-0.479
2447	0.077
4960	0.339
1726	-0.544
2448	0.367
4609	0.198
5331	-0.033
4610	0.108
5332	-0.116
4611	0.118
5333	-0.004
4612	0.031
5334	-0.191
4613	-0.054
5335	-0.134
4614	0.058
5336	-0.03
1727	0.002
2449	-0.358
1728	-0.435
2450	-0.18
1729	-0.271
2451	-0.09
1730	-0.018
2452	-0.003
1731	0.068
2453	-0.169
1732	0.007
2454	0.051
4615	0.02
5337	-0.174
4616	-0.2
5338	0.598
4617	0.253
5339	-0.496
4618	-0.492
5340	-0.146
4619	-0.124
5341	-0.236
4620	
5342	0.223
2070	-0.141
2792	0.12
2071	-0.166
2793	0.023
2126	0.219
2072	0.018
2794	0.092
2073	0.015
2795	-0.312
2074	-0.401
2796	0.087
2075	0.3
1508	0.479
2797	0.318
2230	-0.253
1509	0.158
2231	-0.308
1510	0.027
2232	0.362
4393	0.139
1011	0.2
5115	0.137
4394	0.309
5116	-0.123
4395	0.035
5117	-0.03
4396	0.18
5118	0.035
4397	0.004
5119	0.114
4398	-0.16
5120	0.003
1511	-0.159
2233	0.009
1512	-0.331
2234	0.115
1513	0.011
2235	-0.104
1514	-0.087
767	-0.026
46	0.118
768	-0.149
2236	-0.207
5692	-0.111
4958	-0.137
5680	-0.278
4959	-0.045
5681	-0.501
5682	-0.674
4961	0.105
5683	-0.107
223	0.045
224	0.113
945	0.115
4962	-0.097
2848	-0.578
5684	-0.118
4963	0.116
5685	-0.165
2076	-0.059
2798	0.068
2077	-0.298
2799	-0.139
2078	-0.356
3778	
1357	-0.266
3056	-0.477
3777	0.157
3055	0.083
3776	0.329
635	-0.561
3054	-0.441
3775	0.232
3053	0.303
3774	0.003
3052	0.062
3773	0.317
3051	0.031
890	-0.011
168	-0.139
889	-0.161
2127	0.149
167	0.174
1356	-0.204
888	0.179
166	-0.345
634	-0.184
2258	-0.349
1536	-0.406
2257	0.058
1535	-0.182
5144	0.014
2849	-0.02
4422	0.007
5143	0.461
4421	0.197
5142	0.325
4420	0.705
5141	4.222
4419	2.837
5140	-2.289
2128	-0.827
4418	-0.292
5139	-0.169
4417	-0.075
1534	-0.159
2256	0.086
289	-0.381
2255	-0.031
1533	-0.016
2254	-0.056
1532	-0.164
2253	-0.258
1531	0.077
3877	0.159
2252	-0.013
1530	0.02
2251	0.062
1529	-0.033
5138	0.019
4416	0.158
5137	0.46
4415	-0.063
5136	-0.281
4414	-0.134
2850	-0.097
5135	0.186
4413	-0.048
5134	0.156
4971	0.368
4412	0.414
5133	0.244
2800	0.087
2079	-0.022
2801	0.125
2080	-0.039
2802	0.095
2081	-0.243
2803	-0.267
4964	0.545
5686	0.402
4965	-0.046
5687	-0.122
4966	0.266
2129	0.247
5688	-0.093
4967	-0.177
5689	-0.329
3539	0.049
4968	0.109
4260	-0.227
3538	-0.249
1377	-0.178
655	0.1
2851	-0.333
1376	-0.259
654	-0.107
1375	-0.099
653	-0.462
1374	-0.236
652	0.339
5012	-0.517
1373	-0.181
651	-0.257
1372	-0.172
650	-0.452
3922	0.089
3200	0.225
3921	0.203
5734	-0.063
3199	0.156
3920	0.334
3198	0.065
3919	0.059
3197	0.052
5013	0.048
3918	-0.255
3196	0.266
3917	0.195
3195	0.205
1034	0.097
312	0.258
2733	0.212
2012	0.008
2734	-0.262
2013	-0.069
2735	0.374
2014	-0.157
2736	-0.205
2015	0.128
2737	0.014
4898	0.303
5620	0.267
4899	0.248
5621	0.25
4900	0.256
5622	0.207
358	
353	0.118
340	
339	0.539
360	0.369
359	0.412
355	0.378
352	0.335
349	0.08
348	
341	-0.706
337	
222	0.114
356	0.031
354	0.589
347	0.481
346	0.458
345	0.531
342	0.45
338	0.395
218	-0.019
351	
344	
343	
220	
357	
350	0.301
219	0.453
12	0.381
9	0.414
5	0.314
1	0.245
710	-0.499
707	-1.201
703	-3.217
701	-0.011
699	-0.123
15	0.603
11	
7	
6	
706	
705	-0.032
700	-0.782
21	0.011
20	0.19
19	-0.254
18	-1.139
16	-0.3
13	-0.165
8	
4	0.493
3	-0.019
721	0.058
719	-0.521
718	0.208
715	0.246
711	0.156
709	0.234
708	0.144
702	0.246
24	0.906
23	0.924
10	
716	
704	1.214
698	0.437
22	0.205
17	0.261
14	0.216
2	0.292
720	0.16
717	-0.018
714	0.288
713	
712	-0.554
382	0.732
378	0.031
362	0.526
1082	0.491
1074	0.51
1066	0.5
1065	0.561
384	0.42
377	-1.232
375	-1.139
372	-2.217
367	0.184
1080	-0.081
1078	0.454
1076	-1.706
1075	-0.788
1069	-0.24
1068	-0.928
1064	-0.398
385	0.164
383	0.359
376	-0.706
374	-3.291
369	-1.084
365	-3.291
363	-4.139
1070	-0.063
1061	0.127
1059	0.057
381	0.313
380	
379	0.378
368	0.455
1079	0.491
1071	0.407
1067	0.405
1063	0.249
1060	-0.817
944	0.835
941	0.659
373	0.353
371	-1.554
370	0.552
366	0.37
364	0.522
1081	0.479
1077	0.5
1073	0.42
1072	
1062	0.417
943	
940	
939	
736	
729	
740	0.371
737	0.349
734	0.446
732	0.541
726	0.276
1440	0.233
1439	-0.232
1431	-0.384
1422	-0.488
744	-0.061
725	-0.312
1435	0.412
1424	-0.133
1423	0.321
1420	0.208
745	0.147
743	0.112
742	0.294
735	0.552
733	0.266
730	-0.191
727	0.031
724	0.327
1443	1.169
1442	0.735
1441	
1438	
1436	
1429	
1428	0.414
746	0.427
741	0.403
739	0.311
738	0.349
731	0.384
728	
723	
1434	
1433	
1426	
1421	0.373
1437	0.466
1432	0.334
1430	0.441
1427	0.339
1425	0.379
1101	
1094	
1093	
1802	
1099	
1095	
1087	0.21
1086	0.253
1085	0.327
1803	0.254
1796	0.413
1795	0.342
1789	-1.317
1788	0.031
1787	0.121
1786	0.013
1106	-0.082
1102	0.319
1100	-0.61
1091	0.251
1084	-0.023
1107	-1.554
1105	-0.198
1103	0.254
1097	-0.017
1089	-0.064
1088	-0.039
1804	-0.462
1798	-0.175
1797	0.394
1793	0.201
1791	-0.492
1790	-0.776
1785	0.196
1104	-0.406
1098	
1096	-0.212
1092	-0.371
1090	-2.969
1801	
1800	0.253
1799	0.275
1783	0.295
1794	0.335
1792	0.248
1784	0.3
1782	
1781	
1630	
1459	
1457	3.201
1455	0.338
1450	0.33
2162	0.313
2159	0.294
2158	0.368
1468	0.361
1466	-0.191
1465	
1448	
1445	
2164	
2160	
2157	0.265
2154	0.271
2153	0.271
2152	0.256
2146	0.307
2144	0.332
1463	0.136
1462	0.176
1458	-1.126
1456	-0.083
1454	-0.17
1451	0.131
1449	
2165	
2156	
2155	
2148	-0.306
1467	0.155
1460	0.207
1453	-0.191
1452	0.178
1447	-0.339
1446	-0.191
2163	-1.006
2151	
2143	0.113
1464	0.137
1461	0.252
2161	0.076
2150	0.252
2149	0.169
2147	
2145	
2142	
1827	
1821	
1820	
1818	0.201
1813	0.166
1811	0.186
1810	0.115
1829	0.096
1824	-0.115
1823	-0.488
1817	-0.969
1816	-0.402
1807	-0.843
2521	-0.361
1826	0.393
1822	0.388
1812	0.403
1808	0.441
2523	0.401
2522	0.468
2520	
2517	
2514	
2512	0.127
1819	-0.123
1815	0.54
1809	
2526	
2524	-0.161
2518	
2515	0.093
2511	0.238
2504	0.577
2519	-0.969
2510	-1.139
2508	
2506	
2352	
1806	0.464
2525	-0.38
2513	0.204
2509	-0.241
2351	0.135
1828	
1825	
1814	
2516	0.391
2507	0.396
2505	0.354
2503	0.344
2172	
2887	0.616
2876	
2869	
2188	-0.454
2184	0.387
2178	0.536
2177	0.491
2175	0.54
2170	0.439
2169	0.412
2168	-0.862
2884	
2883	
2880	-0.331
2878	-1.291
2877	
2873	0.314
2868	0.266
2866	0.382
2186	0.316
2179	0.296
2885	0.315
2875	
2874	-1.043
2867	
2865	-0.007
2189	-0.186
2185	0.446
2183	
2180	
2171	
2879	
2872	-0.367
2871	0.07
2190	0.586
2187	-1.454
2182	-1.776
2181	-3.139
2176	0.786
2174	0.031
2173	-0.664
2167	0.373
2886	0.493
2882	0.274
2881	0.513
2870	0.37
2864	0.422
2551	0.97
2550	0.424
2544	2.732
2536	2.839
2531	0.301
3248	0.39
3244	0.364
3241	0.388
3239	0.537
3227	0.434
3225	0.479
2547	-0.084
2540	-0.047
2534	
2532	0.031
3246	0.031
3245	0.359
3234	0.356
2548	0.431
2545	-0.317
2543	0.355
2542	0.361
2541	0.415
2537	
2533	
2530	
3247	
3243	
3242	0.433
3238	0.44
3236	-0.554
3235	0.517
3232	0.657
3231	0.62
2539	0.383
2538	
2529	
3237	
3230	
3229	
3226	
3105	0.212
3110	0.262
3106	0.348
2912	0.349
2908	0.383
2897	0.35
2894	-1.106
2893	-1.347
2549	
2546	0.477
2535	-0.104
2528	0.055
3240	0.397
3233	
3228	
3107	-1.291
2907	
2901	-0.242
2889	-0.317
2910	0.271
2909	0.609
2906	1.031
2903	0.839
2898	-0.203
2896	-1.191
2892	-0.126
2905	0.37
2904	0.357
2902	0.335
2900	0.436
2895	-0.012
2891	-0.158
3271	-0.916
3266	0.141
3253	-0.065
3606	0.521
3273	-0.139
3264	0.127
3262	0.279
3261	-0.052
3258	-0.125
3256	-0.039
3607	0.379
3603	0.402
3601	0.323
3595	0.156
2911	0.393
2899	-0.273
2890	0.071
3272	-0.799
3269	-0.434
3267	-0.706
3265	-0.2
3257	0.274
3254	0.292
3604	0.247
3602	0.142
3587	0.209
3259	0.233
3252	
3609	
3608	
3605	
3600	
3598	0.365
3597	0.353
3596	0.26
3593	0.254
3592	0.229
3594	0.122
3591	-0.554
3590	1.031
3588	
3970	1.031
3963	-2.384
3961	-0.21
3959	0.192
3956	0.181
3954	0.2
3968	0.155
3967	0.209
3955	0.171
3953	-0.49
3951	-0.2
3947	-0.509
3270	-0.169
3268	-0.243
3263	-0.024
3260	-1.331
3255	-0.969
3251	
3250	
3599	0.502
3589	-0.034
3586	0.218
3958	0.201
3957	-0.969
3949	-0.757
3948	-0.384
3831	-0.121
3829	0.492
3969	-0.454
3966	0.062
3960	0.037
3828	0.105
3634	0.026
3628	0.039
3619	0.149
3617	0.154
3613	-0.033
3995	-0.788
4328	0.462
3965	-0.081
3964	0.229
3962	0.155
3952	0.151
3950	0.129
3827	0.072
3631	0.019
3622	-0.217
3612	0.031
3611	-0.232
3991	-0.217
3986	-2.554
3633	-0.509
3630	0.321
3629	0.335
3624	0.13
3632	0.426
3627	0.284
3626	0.373
3623	-0.094
3621	
3615	-1.554
3614	0.13
3993	-0.045
3989	0.439
3977	
3974	-1.106
3973	-0.621
4319	0.797
4312	0.683
4691	0.258
4688	0.441
4680	
4673	0.446
4672	
4670	
4669	
3625	
3620	0.456
3618	0.489
3616	0.53
3982	0.463
4331	0.417
4327	
4326	
4320	
4317	
4315	
4311	
4309	0.385
3994	0.359
3992	0.482
3990	0.373
3984	0.437
3979	0.409
3976	
3975	
4323	-2.554
4321	-0.969
4314	0.972
4325	0.394
4324	0.406
4322	0.41
4318	0.416
4313	0.362
4308	0.406
4685	0.289
4676	0.098
4675	0.426
4674	-0.132
4354	-0.027
4349	-0.191
4345	0.342
4343	-0.076
4340	0.315
3988	1.031
3987	-0.331
3985	0.031
3983	0.279
3981	0.386
3980	0.717
3978	-0.554
3972	-0.509
4330	-0.018
4329	0.031
4316	0.016
4310	0.223
4689	0.493
4683	0.231
4682	0.4
4679	0.492
4678	0.363
4677	0.407
4671	0.398
4692	0.399
4687	-0.18
4686	-2.291
4716	0.212
4705	0.208
4703	
4697	0.446
4694	0.424
5052	0.4
5046	0.474
5043	0.422
5040	0.429
5037	-0.375
5035	-0.043
5032	0.031
5031	-0.853
4690	-0.084
4684	
4681	0.254
4355	0.335
4352	0.298
4348	0.305
4346	0.287
4337	0.265
4336	-1.106
4335	0.424
4356	-1.023
4353	-0.069
4351	-0.222
4344	0.186
4342	-0.554
4708	0.031
4706	-0.554
4702	-0.521
4699	-0.301
4698	-0.291
4347	0.013
4339	0.839
4333	-3.291
4710	-0.161
4704	-1.019
5053	-0.647
5049	-3.554
5039	0.179
5036	0.137
5408	0.165
5404	0.184
5402	0.116
5394	0.311
5393	-0.862
4350	
4341	-1.161
4338	0.415
4334	
4717	0.434
4712	0.302
4709	0.27
4707	0.217
4695	0.161
5050	0.251
5038	0.342
5034	
5033	
4973	
5051	
5048	
5044	0.159
5041	0.182
5030	0.194
5414	0.201
5413	0.149
5411	0.171
5406	-1.17
5395	-0.969
5069	-1.161
5439	-0.157
5438	-0.239
5436	0.014
5434	0.031
5430	0.116
4715	0.14
4714	-0.843
4713	0.4
4711	0.197
4701	0.148
4700	-1.153
4696	-0.657
5047	-0.3
5045	-1.409
5042	-0.18
4972	-0.438
5407	
5400	0.052
5397	0.041
5396	0.066
5392	0.176
5412	0.013
5410	0.081
5405	0.616
5403	-0.299
5391	0.83
5424	
5771	-0.454
5769	0.262
5752	0.119
5409	0.078
5401	0.152
5399	-0.021
5398	0.058
5077	-0.222
5062	0
5061	
5059	0.353
5056	
5055	0.247
5078	0.484
5076	0.33
5074	0.39
5068	-1.776
5060	0.304
5058	0.399
5437	0.403
5426	0.339
5425	0.346
5420	-0.817
5417	0.446
5774	1.031
5770	
5075	
5073	
5072	
5067	0.435
5066	0.187
5065	0.296
5064	0.362
5431	-0.969
5423	-0.098
5418	
5773	-0.045
5767	
5766	0.588
5765	0.363
5764	0.372
5760	0.365
5758	0.396
5071	0.372
5070	0.415
5063	-0.219
5057	-0.291
5432	-0.324
5421	0.05
5416	0.01
5775	0.295
5772	-0.153
5768	-0.327
5763	-0.033
5435	-0.689
5433	0.098
5429	0.272
5428	0.372
5427	0.382
5422	0.301
5419	0.031
5761	0.129
5759	-1.139
5756	-0.817
5755	-0.217
5753	-0.11
5694	0.279
5762	0.215
5757	0.184
5754	-0.17
