1	-0.014
2	-0.234
3	-0.074
4	-0.054
5	0.016
6	-0.234
7	-0.154
8	-0.144
9	0.056
10	-0.234
11	0.366
12	-0.244
13	-0.094
14	0.246
15	-0.134
16	0.256
17	0.016
18	0.306
19	-0.054
20	0.666
22	0.286
23	-0.144
24	0.256
25	-0.144
26	0.266
27	-0.154
28	-0.054
29	-0.144
30	-0.384
31	0.276
32	-0.354
33	-0.124
34	-0.514
35	-0.304
36	-0.544
37	-0.124
38	-0.354
39	0.056
40	-0.244
41	0.186
42	0.226
43	-0.024
44	-0.054
45	0.076
46	0.006
47	-0.074
48	0.916
49	-0.214
50	0.296
51	-0.174
52	-0.054
53	-0.044
54	0.156
55	-0.174
56	-0.084
57	-0.074
58	-0.344
59	0.006
60	-0.594
61	0.036
62	-0.384
63	0.086
64	-0.044
65	-1.284
66	-0.104
67	0.136
68	-0.104
69	0.116
70	0.036
71	-0.234
72	0.156
73	-0.224
74	-0.184
75	-0.374
76	-0.394
77	-0.314
78	-0.244
79	-0.404
80	-0.224
81	-0.204
82	-0.494
83	-0.404
84	-0.204
85	-0.964
86	-0.424
87	-0.154
88	-0.104
89	0.016
90	-0.274
91	-0.054
92	-0.184
93	-0.244
94	-0.174
95	-0.004
96	0.076
97	0.066
98	0.076
99	-0.384
100	-0.274
101	-0.144
102	-0.234
103	-0.534
104	-0.244
105	-0.384
106	-0.184
107	0.246
108	-0.294
109	0.536
110	-0.194
111	-0.314
112	-0.004
113	0.316
114	0.186
115	0.136
116	-0.154
117	-0.014
118	-0.004
119	-0.294
120	-0.114
121	-0.104
122	0.056
123	0.046
124	-0.054
125	0.046
126	-0.314
127	-0.084
128	-0.164
129	-0.314
130	-0.004
131	-0.254
132	0.016
133	0.106
134	0.076
135	-0.054
136	0.056
137	0.166
138	-0.024
139	0.206
140	0.136
141	0.056
142	0.316
143	-0.384
144	-0.024
145	-0.014
146	-0.204
147	0.586
148	-0.014
149	-0.054
150	-0.164
151	-0.124
152	0.216
153	-0.554
154	0.236
155	-0.214
156	0.116
157	0.166
158	0.126
159	0.016
160	0.136
161	0.366
162	-0.324
163	0.096
164	-0.204
165	0.326
166	-0.034
167	-0.024
168	-0.324
169	-0.254
170	0.136
171	-0.094
172	0.216
173	-0.024
174	-0.324
175	0.006
176	-0.334
177	-0.264
178	-0.104
179	0.046
180	0.506
181	-0.584
182	-0.014
183	0.096
184	-0.104
185	-0.174
186	-0.414
187	-0.354
188	-0.004
189	0.446
190	0.066
191	0.726
192	-0.344
193	0.156
194	0.156
195	-0.194
196	0.266
197	0.166
198	0.446
199	-0.294
200	0.136
201	-0.314
202	-0.044
203	-0.294
204	0.156
205	-0.144
206	-0.344
207	-0.054
208	0.076
209	0.366
210	-0.304
211	-0.164
212	0.276
213	-0.344
214	-0.024
215	0.206
216	-0.044
217	-0.244
218	-0.074
219	-0.074
220	-0.174
221	0.026
222	0.086
223	-0.034
224	-0.504
225	-0.164
226	-0.104
227	-0.654
228	-0.144
229	-0.134
230	0.046
231	0.116
232	-0.374
233	0.086
234	-0.044
235	-0.054
236	-0.344
237	-0.434
238	-0.044
239	-0.014
240	0.556
241	-0.454
242	-0.354
243	-0.214
244	-0.224
245	-0.044
246	-0.094
247	0.136
248	0.056
249	-0.134
250	0.006
251	0.776
252	0.786
253	0.236
254	-0.314
255	-0.094
256	-0.154
257	-0.044
258	-0.644
259	-0.064
260	0.216
261	0.116
262	-0.394
263	-0.094
264	0.096
265	-0.534
266	-0.034
267	-0.334
268	-0.214
269	0.336
270	-0.014
271	-0.074
272	0.046
273	0.046
274	0.386
275	0.096
276	0.726
277	0.526
278	-0.224
279	-0.254
281	-0.574
282	-0.064
283	-0.014
284	0.006
285	-0.084
286	0.006
287	-0.104
288	-0.434
289	-0.044
290	-0.214
291	-0.474
292	-0.644
293	-0.544
294	-0.064
295	-0.134
296	0.046
297	0.056
298	0.006
299	0.106
300	0.436
301	-0.084
302	-0.074
303	-0.254
304	0.126
305	0.056
306	0.096
307	0.376
308	0.106
309	0.106
310	-0.214
311	0.356
312	0.126
313	-0.214
314	0.256
315	1.136
316	-0.004
317	-0.134
318	-0.114
319	-0.114
320	-0.334
321	-0.074
322	-0.054
323	-0.194
324	-0.034
325	0.076
326	0.156
327	-0.074
328	-0.174
329	-0.174
330	0.266
331	0.066
332	0.026
333	-0.344
334	0.106
335	-0.144
336	-0.144
337	-0.114
338	-0.264
339	0.716
340	-0.264
341	0.266
342	0.836
343	0.586
344	0.206
345	0.036
346	0.096
347	-0.184
348	-0.244
349	-0.104
350	0.046
351	0.006
352	-0.304
353	-0.324
354	-0.374
355	-0.134
356	-0.114
357	-0.164
358	0.096
359	-0.004
360	-0.064
361	-0.114
362	-0.164
363	-0.074
364	-0.224
365	-0.104
366	-0.384
367	-0.074
368	0.016
369	0.586
370	-0.304
371	0.056
372	0.076
373	-0.534
374	-0.174
375	-0.234
376	-0.074
377	-0.494
378	-0.304
379	0.146
380	-0.264
381	0.776
382	-0.004
383	0.266
384	0.186
385	0.396
386	0.126
387	-0.084
388	-0.184
389	-0.024
390	0.086
391	-0.324
392	-0.064
393	-0.164
394	-0.244
395	-0.434
396	-0.074
397	-0.594
398	-0.614
399	-0.144
400	-0.174
401	-0.054
402	-0.344
403	-0.224
404	0.186
405	0.226
406	0.026
407	0.036
408	0.096
409	0.086
410	-0.024
411	-0.404
412	0.316
413	0.066
414	0.126
415	-0.254
416	-0.064
417	-0.394
418	-0.264
419	-0.054
420	-0.374
421	-0.264
422	-0.394
423	-0.124
424	-0.004
425	0.116
426	-0.034
427	-0.294
428	0.296
429	0.216
430	-0.114
431	0.116
432	0.506
433	0.146
434	-0.144
435	-0.244
436	-0.114
437	-0.184
438	-0.394
439	0.056
440	-0.014
441	-0.214
442	-0.954
443	0.286
444	0.236
445	0.286
446	0.136
447	-0.074
448	-0.244
449	-0.124
450	-0.084
451	0.086
452	0.266
453	0.066
454	0.116
455	0.356
456	0.056
457	0.376
458	-0.234
459	-0.224
460	-0.344
461	-0.384
462	-0.284
463	-0.474
464	-0.354
465	-0.224
466	0.086
467	-0.364
468	-0.384
469	-0.324
470	-0.264
471	0.186
472	0.216
473	0.256
474	0.366
475	0.056
476	0.216
477	0.256
478	-0.354
479	-0.144
480	-0.114
481	0.356
482	0.766
483	-0.284
484	-0.114
485	-0.004
486	0.236
487	-0.234
488	-0.304
489	-0.124
490	-0.534
491	0.186
492	0.346
493	-0.004
494	-0.164
495	-0.184
496	-0.284
497	0.206
498	0.096
499	-0.044
500	-0.124
501	-0.074
502	0.156
503	0.086
504	-0.044
505	0.226
506	-0.124
507	-0.124
508	0.116
509	0.066
510	-0.194
511	-0.234
512	-0.064
513	-0.084
514	-0.294
515	-0.294
516	-0.404
517	-0.314
518	0.186
519	-0.424
520	-0.004
521	-0.214
522	0.366
523	-0.124
524	-0.064
525	0.506
526	-0.214
527	0.076
528	-0.124
529	-0.444
530	-0.164
531	-0.514
532	-0.344
533	0.106
534	-0.324
535	0.196
536	-0.024
537	-0.204
538	-0.434
539	-0.284
540	-0.014
541	-0.224
542	-0.204
543	-0.524
544	-0.094
545	0.026
546	-0.174
547	-0.194
548	0.356
549	0.396
550	-0.124
551	0.266
552	0.326
553	-0.014
554	0.086
555	-0.334
556	-0.294
557	-0.114
558	0.026
559	-0.084
560	0.226
561	0.676
562	-0.184
563	-0.184
564	0.096
565	-0.444
566	-0.084
567	0.076
568	-0.064
569	0.356
570	-0.084
571	0.226
572	-0.274
573	-0.334
574	0.196
575	-0.984
576	-0.074
577	-0.004
578	-0.444
579	-0.224
580	0.146
581	0.286
582	-0.054
583	0.556
584	0.206
585	-0.054
586	0.236
587	-0.244
588	0.206
589	-0.224
590	-0.164
591	-0.354
592	-0.324
593	-0.064
594	-0.154
595	-0.154
596	-0.224
597	-0.234
598	0.046
599	-0.344
600	-0.094
601	0.206
602	-0.324
603	-0.224
604	0.256
605	-0.134
606	0.186
607	-0.134
608	0.026
609	-0.014
610	0.606
611	0.366
612	0.046
613	0.456
614	-0.044
615	-0.324
616	-0.174
617	-0.254
618	-0.234
619	-0.194
620	-0.064
621	-0.234
622	-0.194
623	0.046
624	-0.174
625	0.616
626	-0.044
627	-0.184
628	0.516
629	-0.064
630	-0.004
631	-0.474
632	-0.144
633	-0.084
634	0.056
635	0.336
636	-0.164
637	-0.064
638	-0.024
639	0.106
640	-0.214
641	-0.054
642	0.066
643	0.256
644	0.256
645	0.286
646	0.066
647	0.136
648	0.016
649	0.066
650	-0.254
651	-0.614
652	-0.524
653	0.016
654	0.036
655	-0.044
656	-0.194
657	0.136
658	-0.164
659	0.246
660	-0.294
661	0.396
662	0.906
663	-0.114
664	-0.144
665	-0.334
666	-0.174
667	-0.274
668	-0.274
669	-0.304
670	-0.374
671	-0.054
672	0.306
673	-0.244
674	-0.534
675	-0.504
676	-0.414
677	-0.414
678	0.156
679	0.066
680	0.546
681	0.646
682	0.226
683	-0.224
684	0.696
685	0.146
686	0.066
687	-0.114
688	-0.404
689	-0.324
690	-0.104
691	0.226
692	-0.144
693	-0.094
694	0.126
695	-0.304
696	-0.214
697	-0.354
698	-0.444
699	-0.344
700	0.126
701	-0.184
702	0.146
703	-0.154
704	-0.214
705	-0.304
706	-0.024
707	-0.114
708	0.266
709	-0.194
710	-0.144
711	0.036
712	0.006
713	-0.364
714	-0.204
715	0.066
716	0.246
717	0.246
718	0.046
719	0.226
720	0.096
721	-0.154
722	-0.104
723	-0.164
724	-0.264
725	-0.074
726	-0.084
727	0.346
728	-0.134
729	0.586
730	0.186
731	-0.314
732	0.196
733	-0.074
734	-0.154
735	-0.104
736	-0.044
737	-0.184
738	-0.174
739	0.096
740	-0.044
741	0.506
742	0.006
743	0.096
744	0.246
745	-0.194
746	-0.024
747	-0.154
748	-0.604
749	-0.574
751	0.126
752	-0.034
753	0.256
754	-0.274
755	-0.234
756	-0.574
757	-0.064
758	0.136
759	-0.224
760	-0.114
761	-0.404
762	-0.304
763	-0.444
764	-0.254
765	-0.224
766	0.076
767	0.066
768	-0.094
769	0.036
770	0.096
771	-0.354
772	-0.424
773	-0.094
774	-0.084
775	0.006
776	-0.184
777	-0.054
778	-0.234
779	0.026
780	-0.284
781	0.096
782	-0.324
783	0.036
784	0.056
785	0.036
786	-0.074
787	0.136
788	-0.094
789	0.196
790	-0.264
791	-0.244
792	-0.124
793	0.066
794	0.086
795	-0.154
797	0.016
798	-0.114
799	0.256
800	0.106
801	-0.334
802	-0.184
803	-0.154
804	-0.314
805	-0.354
806	-0.444
807	-0.504
808	-0.124
809	0.606
810	0.216
811	0.306
812	-0.124
813	-0.064
814	1.026
815	-0.024
816	0.066
817	-0.124
818	0.226
819	0.246
820	0.136
821	-0.074
822	-0.014
823	-0.384
824	-0.054
825	0.316
826	0.236
827	-0.104
828	-0.114
829	-0.464
830	-0.034
831	0.066
832	-0.094
833	0.036
834	0.316
835	0.086
836	-0.104
837	-0.394
838	0.266
840	0.696
841	-0.174
842	0.426
843	0.156
844	0.026
845	0.056
846	-0.454
847	0.086
848	-0.144
849	0.346
850	0.106
851	-0.344
852	0.986
853	0.126
854	-0.214
855	-0.264
856	-0.284
857	-0.194
858	-0.044
859	0.466
860	-0.334
861	0.726
862	0.836
863	0.046
864	-0.064
865	-0.194
866	-0.004
867	-0.234
868	0.656
869	-0.174
870	-0.414
871	-0.294
872	0.206
873	0.716
874	-0.144
875	-0.194
876	0.146
877	0.266
878	-0.144
879	-0.134
880	-0.354
881	-0.404
882	-0.094
883	0.236
884	0.326
885	0.316
886	0.076
887	0.036
888	0.176
889	0.016
890	-0.314
891	-0.004
892	0.146
893	-0.624
894	-0.254
895	-0.294
896	-0.014
897	-0.864
898	0.106
899	-0.544
900	-0.144
901	0.046
902	0.126
903	0.156
904	-0.134
905	-0.304
906	0.046
907	0.016
908	-0.014
909	-0.044
910	-0.054
911	0.016
912	-0.244
913	-0.484
914	0.306
915	0.456
916	-0.184
917	-0.034
918	0.196
919	0.006
920	-0.384
921	-0.324
922	-0.134
923	-0.554
924	-0.174
925	-0.554
926	-0.434
927	-0.364
928	-0.294
929	-0.434
930	-0.024
931	0.016
932	0.386
933	0.146
934	-0.014
935	0.136
936	0.076
937	0.146
938	0.036
939	-0.284
940	-0.674
941	-0.484
942	-0.304
943	-0.094
944	-0.284
945	-0.214
946	-0.324
947	-0.104
948	-0.034
949	0.126
950	-0.294
951	-0.324
952	0.196
953	0.356
954	-0.024
955	0.196
956	0.086
957	0.196
958	-0.334
959	-0.294
960	-0.374
961	0.116
962	-0.174
963	0.006
964	-0.404
965	-0.144
966	-3.584
967	-1.384
968	-0.314
969	-0.214
970	-3.314
971	-0.504
972	-1.704
973	-4.334
974	-2.664
975	-1.434
976	-0.544
977	-0.694
978	-0.454
979	-3.594
980	-3.254
981	-0.894
982	-2.354
983	-2.914
985	-0.634
986	-3.404
988	-3.384
989	-2.064
990	-1.754
991	-1.344
992	-0.384
993	-1.624
994	-1.564
995	-0.334
996	-2.274
997	-0.404
998	-1.094
999	-0.184
1000	-0.144
1001	-0.164
1002	-0.164
1003	0.026
1004	-0.154
1005	-0.294
1006	-0.024
1007	-0.254
1008	-0.034
1009	0.056
1010	-0.204
1011	-0.164
1012	-0.124
1013	-0.384
1014	-0.054
1015	-0.144
1016	0.216
1017	-0.114
1018	0.116
1019	-0.454
1020	0.256
1021	-0.114
1022	0.096
1023	0.196
1024	-0.084
1025	-0.124
1026	-0.294
1027	0.056
1028	0.006
1029	-0.204
1030	-0.134
1031	-0.274
1032	-0.144
1033	-0.174
1034	-0.054
1035	0.116
1036	-0.534
1037	-0.384
1038	-0.114
1039	0.176
1040	0.306
1041	-0.004
1042	0.096
1043	0.086
1044	0.336
1045	-0.084
1046	0.086
1047	0.176
1048	0.136
1049	0.636
1050	-0.184
1051	0.296
1052	-0.474
1053	0.046
1054	-0.194
1055	0.176
1056	0.466
1057	-0.144
1058	-0.684
1059	-0.164
1060	-0.194
1061	-0.194
1062	-0.034
1063	-0.114
1064	0.246
1065	0.036
1066	0.176
1067	0.566
1068	-0.134
1069	-0.174
1070	0.166
1071	0.076
1072	-0.214
1073	-0.264
1074	-0.124
1075	0.276
1077	-0.074
1078	-0.184
1079	0.196
1080	-0.374
1081	-0.244
1082	0.496
1083	0.536
1084	0.626
1085	-0.204
1086	-0.414
1087	-0.554
1088	0.166
1089	0.656
1090	0.136
1091	0.426
1092	0.086
1093	0.096
1094	0.126
1095	-0.094
1097	0.206
1098	-0.414
1099	0.126
1100	0.036
1102	0.086
1103	-0.154
1104	-0.104
1105	-0.584
1106	-0.144
1107	-0.014
1108	-0.364
1109	-0.114
1110	0.146
1111	0.246
1112	0.376
1113	1.066
1114	-0.034
1115	-0.274
1116	0.126
1117	0.046
1118	-0.274
1119	0.406
1120	0.256
1121	-0.034
1122	-0.394
1123	0.016
1124	0.106
1125	-0.224
1126	0.126
1127	0.576
1128	-0.054
1129	0.016
1130	-0.014
1131	-0.314
1132	-0.274
1133	-0.234
1134	0.106
1135	-0.184
1136	0.036
1137	-0.254
1138	-0.104
1139	0.026
1140	0.446
1141	0.206
1142	-0.494
1143	-0.574
1144	-0.294
1145	0.156
1146	0.076
1147	-0.154
1148	-0.014
1149	-0.284
1150	-0.134
1151	0.006
1152	-0.054
1153	-0.034
1154	-0.124
1155	-0.274
1156	-0.224
1157	-0.134
1158	0.436
1159	0.556
1160	-0.054
1161	0.266
1162	0.366
1163	-0.034
1164	-0.004
1165	0.286
1166	0.136
1167	-0.314
1168	0.226
1169	-0.224
1170	0.496
1171	-0.224
1172	-0.184
1173	-0.064
1174	-0.124
1175	-0.204
1176	0.156
1177	0.106
1178	-0.094
1179	-0.244
1180	0.216
1181	0.016
1182	-0.114
1183	-0.184
1184	0.426
1185	-0.134
1186	0.346
1187	0.086
1188	-0.144
1189	-0.034
1190	-0.144
1191	-0.294
1192	-0.344
1193	-0.264
1194	0.026
1195	0.056
1196	-0.274
1197	0.376
1198	0.026
1199	0.026
1200	-0.014
1201	0.156
1202	-0.114
1203	-0.134
1204	0.206
1205	0.136
1206	-0.004
1207	0.136
1208	0.286
1209	-0.064
1210	-0.014
1211	-0.154
1212	-0.064
1213	-0.364
1214	-0.194
1215	-0.384
1216	-0.294
1217	-0.364
1218	0.026
1219	-0.354
1220	-0.204
1221	-0.134
1222	-0.364
1223	0.746
1224	0.306
1225	0.156
1226	-0.194
1227	-0.094
1228	-0.044
1229	0.236
1230	0.296
1231	0.926
1232	0.266
1233	0.196
1234	0.426
1235	-0.144
1236	-0.184
1237	-0.074
1238	-0.134
1239	-0.254
1240	-0.384
1241	-0.164
1242	-0.104
1243	0.056
1244	-0.184
1245	-0.174
1246	-0.314
1247	0.086
1248	0.436
1249	0.076
1250	0.096
1251	0.356
1252	0.066
1253	0.216
1254	0.256
1255	-0.314
1256	0.306
1257	0.326
1258	0.116
1259	0.006
1260	-0.424
1261	-0.014
1262	-0.154
1263	-0.184
1264	-0.434
1265	-0.024
1266	-0.224
1267	-0.014
1268	-0.364
1269	-0.164
1270	-0.524
1271	-0.014
1272	0.286
1273	0.086
1274	-0.134
1275	0.066
1276	-0.384
1277	0.166
1278	0.336
1279	0.036
1280	0.086
1281	0.336
1282	0.096
1283	-0.034
1284	-0.264
1285	-0.094
1286	-0.014
1287	-0.244
1288	-0.284
1289	-0.224
1290	0.146
1291	0.096
1292	-0.324
1293	-0.264
1294	0.136
1295	0.246
1296	0.216
1297	0.326
1298	0.216
1299	0.326
1300	0.086
1301	0.116
1302	0.226
1303	-0.224
1304	-0.154
1305	-0.224
1306	-0.314
1307	0.016
1308	-0.004
1309	-0.334
1310	-0.134
1311	-0.384
1312	-0.404
1313	-0.294
1314	-0.184
1315	-0.274
1316	-0.374
1317	-0.394
1318	-0.304
1319	-0.204
1320	-0.344
1321	-0.074
1322	0.016
1323	0.046
1324	0.256
1325	0.056
1326	0.116
1327	-0.104
1328	0.186
1329	0.086
1330	0.016
1331	-0.034
1332	0.056
1333	-0.004
1334	0.096
1335	0.036
1336	-0.254
1337	-0.024
1338	-0.384
1339	-0.024
1340	-0.404
1341	0.316
1342	-0.094
1343	0.066
1344	0.056
1345	0.106
1346	-0.094
1347	-0.434
1348	-0.134
1349	-0.054
1350	0.076
1351	-0.084
1352	0.126
1353	0.586
1354	0.206
1355	-0.414
1356	0.186
1357	0.176
1358	-0.134
1359	-0.284
1360	0.156
1361	0.166
1362	0.176
1363	0.036
1364	0.416
1365	0.156
1366	0.756
1367	-0.034
1368	-0.124
1369	-0.144
1370	0.406
1371	0.276
1372	-0.064
1373	-0.194
1374	0.256
1375	0.286
1376	-0.054
1377	0.066
1378	-0.134
1379	0.426
1380	0.436
1381	-0.134
1382	0.306
1383	0.386
1384	0.456
1385	0.026
1386	0.186
1387	0.026
1388	0.186
1389	0.646
1390	-0.044
1391	-0.234
1392	-0.194
1393	-0.134
1394	-0.324
1395	-0.344
1396	-0.284
1397	-0.334
1398	-0.524
1399	-0.124
1400	-0.014
1401	0.076
1402	-0.214
1403	0.006
1404	0.416
1405	0.226
1406	0.226
1407	0.286
1408	1.096
1409	-0.184
1410	0.326
1411	-0.274
1412	0.236
1413	0.206
1414	0.276
1415	-0.114
1416	-0.174
1417	-0.084
1418	-0.094
1419	-0.024
1420	-0.394
1421	0.136
1422	-0.204
1423	-0.024
1424	-0.284
1425	-0.054
1426	0.076
1427	-0.254
1428	0.066
1429	0.256
1430	0.116
1431	-0.104
1432	-0.244
1433	-0.304
1434	0.056
1435	0.126
1436	-0.044
1437	-0.134
1438	0.266
1439	-0.034
1440	0.026
1441	-0.154
1442	0.056
1443	0.016
1444	0.136
1445	0.616
1446	-0.244
1447	-0.224
1448	-0.044
1449	0.106
1450	0.406
1451	0.046
1452	-0.024
1453	0.096
1454	0.236
1455	0.096
1456	-0.014
1457	-0.054
1458	-0.174
1459	-0.304
1460	0.026
1462	0.136
1463	-0.124
1465	-0.014
1466	0.016
1467	0.116
1468	-0.324
1469	0.036
1470	-0.114
1471	-0.124
1472	0.206
1473	0.106
1474	-0.144
1475	0.156
1476	-0.114
1477	0.176
1478	0.396
1479	0.326
1480	0.186
1481	-0.054
1482	0.156
1483	0.426
1484	-0.204
1485	0.076
1486	-0.124
1487	0.246
1488	0.006
1489	0.106
1490	-0.164
1491	-0.114
1492	-0.134
1493	-0.194
1494	-0.384
1495	0.106
1496	-0.044
1497	-0.314
1498	0.096
1499	-0.384
1500	-0.374
1501	0.246
1502	0.016
1503	-0.164
1504	-0.264
1505	-0.084
1506	0.366
1507	0.406
1508	0.036
1509	0.636
1510	0.116
1511	0.286
1512	0.276
1513	0.106
1514	-0.054
1515	-0.064
1516	-0.174
1517	0.176
1518	0.126
1519	0.256
1520	-0.134
1521	0.036
1522	-0.224
1523	0.106
1524	0.016
1525	0.246
1526	0.076
1527	-0.124
1528	-0.134
1529	0.126
1530	-0.024
1531	0.336
1532	0.066
1533	-0.014
1534	0.316
1535	0.736
1536	-0.304
1537	0.186
1538	-0.174
1539	-0.404
1540	-0.034
1541	0.146
1542	-0.204
1543	0.126
1544	0.106
1545	0.316
1546	0.006
1547	0.986
1548	-0.094
1549	-0.304
1550	0.056
1551	-0.534
1552	-0.134
1553	-0.144
1554	-0.104
1555	-0.574
1556	-0.484
1557	-0.314
1558	-0.394
1559	-0.414
1560	0.056
1561	0.246
1562	-0.104
1563	0.126
1564	0.266
1565	0.386
1566	0.226
1567	-0.034
1568	0.376
1569	-0.344
1570	0.546
1571	-0.424
1572	0.076
1573	0.046
1574	-0.174
1575	-0.074
1576	-0.264
1577	0.316
1578	0.446
1579	0.036
1580	-0.014
1581	-0.484
1582	-0.464
1583	-0.284
1584	-0.334
1585	0.046
1586	0.276
1587	0.106
1588	-0.204
1589	-0.144
1590	-0.104
1591	-0.034
1592	0.356
1593	0.076
1594	0.326
1595	-0.354
1596	0.216
1597	-0.074
1598	-0.124
1599	-0.164
1600	-0.064
1601	-0.064
1602	0.016
1603	-0.394
1604	0.466
1605	0.246
1606	0.096
1607	-0.034
1608	0.236
1609	0.206
1610	0.686
1611	0.056
1612	0.156
1613	0.176
1614	0.256
1615	-0.154
1616	-0.154
1617	-0.234
1618	-0.134
1619	-0.344
1620	0.336
1621	-0.164
1622	-0.244
1623	-0.174
1624	0.176
1625	-0.314
1626	-0.544
1627	-0.184
1628	-0.324
1629	-0.434
1630	-0.244
1631	-0.434
1632	-0.214
1633	0.166
1634	0.236
1635	-0.104
1636	-0.324
1637	0.056
1638	0.286
1639	-0.054
1640	0.236
1641	-0.144
1642	0.286
1643	-0.454
1644	0.506
1645	-0.204
1646	-0.334
1647	-0.144
1648	0.876
1649	0.066
1650	-0.424
1651	0.226
1652	-0.034
1653	-0.134
1654	-0.224
1655	-0.184
1656	-0.624
1657	0.366
1658	0.526
1659	0.076
1660	-0.264
1661	-0.104
1662	-0.304
1663	-0.314
1664	0.066
1665	-0.144
1666	-0.164
1667	0.036
1668	0.306
1669	-0.074
1670	-0.134
1671	-0.184
1672	-0.114
1673	-0.364
1674	-0.214
1675	-0.124
1676	0.026
1677	0.546
1678	-0.244
1679	-0.184
1680	-0.324
1681	-0.354
1682	0.346
1683	-0.174
1684	-0.094
1685	0.166
1686	0.136
1687	0.126
1688	-0.084
1689	-0.094
1690	-0.084
1691	-0.434
1692	-0.044
1693	-0.144
1694	-0.214
1695	-0.364
1696	-0.064
1697	-0.134
1698	-0.424
1699	0.026
1700	0.006
1701	-0.114
1702	0.386
1703	-0.084
1704	-0.244
1705	0.236
1706	-0.134
1707	-0.344
1708	-0.104
1709	-0.244
1710	-0.164
1711	-0.204
1712	-0.074
1713	-0.154
1714	-0.234
1715	0.056
1716	-0.394
1717	-0.064
1718	-0.174
1719	0.086
1720	0.246
1721	0.126
1722	-0.244
1723	-0.174
1724	-0.174
1725	-0.064
1726	-0.334
1727	-0.054
1728	-0.104
1729	0.016
1730	-0.134
1731	-0.614
1732	0.186
1733	0.396
1734	0.056
1735	-0.054
1736	0.196
1737	0.086
1738	0.246
1739	0.316
1740	0.346
1741	0.366
1742	0.446
1743	-0.104
1744	0.236
1745	-0.254
1746	0.176
1747	-0.294
1748	0.056
1749	-0.464
1750	0.006
1751	0.006
1752	0.406
1753	0.296
1754	0.186
1755	0.236
1756	-0.394
1757	0.076
1758	-0.164
1759	-0.334
1760	-0.274
1761	0.276
1762	0.076
1763	-0.294
1764	0.076
1765	0.276
1767	0.986
1768	-0.544
1769	0.216
1770	0.306
1771	0.116
1772	-0.524
1773	0.496
1774	-0.114
1775	0.326
1776	0.296
1777	0.446
1778	-0.434
1779	-0.024
1780	-0.144
1781	0.106
1782	-0.044
1783	-0.084
1784	-0.014
1785	0.516
1786	-0.024
1787	0.276
1788	0.226
1789	-0.184
1790	0.476
1791	0.396
1792	0.626
1793	0.256
1794	0.266
1795	0.026
1796	0.026
1797	0.316
1798	0.056
1799	0.746
1800	-0.054
1801	0.516
1802	-0.104
1803	-0.074
1804	0.656
1805	-0.004
1806	0.256
1807	-0.124
1808	-0.024
1809	0.036
1810	-0.234
1811	0.286
1812	-0.264
1813	-0.214
1814	0.096
1815	0.136
1816	0.606
1817	0.586
1818	1.076
1819	1.186
1820	1.356
1821	0.926
1822	0.686
1823	0.186
1824	-0.414
1825	0.096
1826	-0.004
1827	0.506
1828	0.416
1829	0.056
1830	0.446
1832	-0.264
1833	-0.114
1834	-0.364
1835	-0.134
1836	-0.294
1837	0.176
1838	-0.104
1839	-0.134
1840	0.136
1841	0.076
1842	-0.304
1843	0.326
1844	0.206
1845	0.356
1846	-0.254
1847	-0.064
1848	0.156
1849	0.426
1850	0.436
1851	0.296
1852	0.396
1853	0.366
1854	0.016
1855	-0.214
1856	-0.354
1857	-0.144
1858	-0.174
1859	0.116
1860	0.456
1861	0.726
1862	0.276
1863	0.306
1864	-0.024
1865	0.116
1866	-0.024
1867	-0.244
1868	0.826
1869	0.366
1870	0.246
1871	0.006
1872	-0.384
1873	0.066
1874	0.006
1875	0.136
1876	0.026
1877	-0.194
1878	0.116
1879	-0.024
1880	-0.174
1881	0.266
1882	0.406
1883	0.076
1884	0.366
1885	0.706
1886	0.206
1887	0.266
1888	-0.244
1889	-0.014
1890	0.206
1891	0.156
1892	0.026
1893	0.196
1894	0.066
1895	0.126
1896	0.406
1897	0.276
1898	0.716
1899	0.126
1900	0.076
1901	0.246
1902	-0.224
1903	0.096
1904	-0.324
1905	0.136
1906	-0.034
1907	0.186
1908	0.016
1909	0.106
1910	-0.134
1911	-0.124
1912	0.056
1913	-0.004
1914	0.126
1915	-0.134
1916	0.196
1917	0.176
1918	0.306
1919	-0.144
1920	0.466
1921	-0.294
1922	-0.414
1923	0.056
1924	0.046
1925	-0.134
1926	-0.104
1927	-0.104
1928	-0.054
1929	-0.564
1930	0.346
1931	0.286
1933	0.056
1934	-0.024
1935	0.026
1936	-0.044
1937	-0.344
1938	-0.204
1939	0.016
1940	0.006
1941	0.196
1942	0.026
1943	0.196
1944	0.156
1945	0.126
1946	-0.074
1947	-0.364
1948	-0.004
1949	0.416
1950	-0.204
1951	-0.024
1952	0.106
1953	-0.014
1954	0.276
1955	0.006
1956	-0.074
1957	0.256
1958	0.256
1959	0.376
1960	-0.334
1961	-0.144
1962	0.076
1963	-0.014
1964	0.056
1965	0.256
1966	0.416
1967	0.586
1968	0.116
1969	0.146
1970	-0.134
1971	-0.034
1972	-0.114
1973	0.016
1974	0.786
1975	0.896
1976	0.736
1977	0.326
1978	0.266
1979	0.216
1980	0.306
1981	0.016
1982	0.246
1983	0.316
1984	-0.454
1985	-0.424
1986	-0.224
1987	-0.364
1988	-0.504
1989	-0.104
1990	-0.314
1991	-0.034
1992	-0.254
1993	-0.104
1994	-0.664
1995	-0.484
1996	0.696
1997	0.726
1998	0.336
1999	0.086
2000	0.186
2001	0.286
2002	0.626
2003	0.146
2004	0.106
2005	0.436
2006	0.096
2007	0.156
2008	-0.054
2009	-0.054
2010	0.196
2011	-0.094
2012	0.146
2013	0.026
2014	0.126
2015	0.086
2016	0.156
2017	-0.094
2018	-0.224
2019	-0.294
2020	-0.204
2021	0.236
2022	0.566
2023	0.846
2024	0.786
2025	0.256
2026	-0.044
2027	0.056
2028	0.146
2029	-0.034
2030	-0.234
2031	0.456
2032	-0.164
2033	-0.014
2034	0.286
2035	0.026
2036	0.146
2037	0.676
2038	0.046
2039	0.016
2040	-0.314
2041	0.106
2042	0.246
2043	-0.144
2044	-0.004
2045	0.016
2046	-0.664
2047	-0.094
2048	-0.264
2049	0.326
2050	-0.124
2051	0.246
2052	0.036
2053	0.046
2054	-0.124
2055	-0.184
2056	-0.024
2057	-0.204
2058	-0.004
2059	0.266
2060	0.136
2061	0.186
2062	-0.274
2063	-0.644
2064	0.296
2065	0.496
2066	0.036
2067	0.006
2068	0.016
2069	-0.434
2070	0.216
2071	0.096
2072	0.086
2073	0.266
2074	0.046
2075	0.146
2076	0.296
2077	0.166
2078	0.156
2079	-0.084
2080	-0.284
2081	0.036
2082	-0.274
2083	0.006
2084	0.066
2085	-0.344
2086	-0.094
2087	-0.254
2088	-0.244
2089	0.666
2090	-0.004
2091	-0.084
2092	-0.064
2093	0.166
2094	-0.074
2095	-0.114
2096	0.096
2097	-0.224
2099	-0.304
2100	-0.334
2101	-0.194
2102	-0.044
2103	0.036
2104	-0.104
2105	0.216
2106	-0.014
2107	0.016
2108	-0.134
2109	-0.274
2110	0.676
2111	-0.074
2112	-0.044
2113	0.336
2114	-0.244
2115	0.166
2116	-0.094
2117	-0.534
2118	0.226
2119	0.296
2120	0.706
2121	0.306
2122	0.366
2123	-0.204
2124	0.166
2125	-0.264
2126	-0.034
2127	0.786
2128	0.126
2129	-0.394
2130	0.326
2131	0.436
2132	0.226
2133	-0.094
2134	0.186
2135	0.456
2136	0.136
2137	0.226
2138	0.486
2139	0.806
2140	0.286
2141	0.066
2142	-0.374
2143	-0.224
2144	0.376
2145	0.026
2146	-0.124
2147	-0.094
2148	0.326
2149	0.026
2150	0.026
2151	-0.094
2152	-0.004
2153	1.286
2154	0.326
2155	-0.044
2156	-0.114
2157	-0.244
2158	0.506
2159	0.276
2160	0.216
2161	0.386
2162	-0.174
2163	0.186
2164	0.236
2165	-0.214
2166	0.566
2167	-0.004
2168	-0.074
2169	-0.124
2170	-0.164
2171	-0.154
2172	-0.234
2173	-0.294
2174	-0.094
2175	-0.004
2176	0.436
2177	-0.174
2178	0.176
2179	0.066
2180	-0.124
2181	0.206
2182	-0.004
2183	0.426
2184	0.366
2185	0.116
2186	0.356
2187	-0.234
2188	0.166
2189	-0.054
2190	-0.134
2191	0.156
2192	0.236
2193	0.166
2194	0.406
2195	0.186
2196	0.036
2197	-0.314
2198	0.166
2199	-0.284
2200	-0.104
2201	0.116
2202	0.276
2203	0.696
2204	-0.004
2205	-0.254
2206	0.076
2207	-0.304
2208	-0.134
2209	0.256
2210	0.166
2211	-0.064
2212	-0.204
2213	-0.194
2214	-0.324
2215	-0.054
2216	-0.104
2217	-0.284
2218	-0.244
2219	-0.064
2220	0.386
2221	0.326
2222	-0.044
2223	-0.194
2224	-0.154
2225	-0.374
2226	0.046
2227	0.036
2228	0.116
2229	0.086
2230	0.346
2231	-0.044
2232	-0.304
2233	-0.024
2234	0.166
2235	-0.244
2236	-0.274
2237	0.066
2238	0.476
2239	0.206
2240	-0.144
2241	0.246
2242	0.096
2243	0.386
2244	-0.024
2245	-0.044
2246	-0.204
2247	-0.004
2248	-0.104
2249	-0.164
2250	-0.134
2251	-0.134
2252	-0.034
2253	-0.184
2254	-0.174
2255	0.016
2256	0.186
2257	-0.284
2258	0.296
2259	0.446
2260	-0.104
2261	0.326
2262	0.146
2263	-0.004
2264	0.056
2265	0.046
2266	-0.174
2267	0.096
2268	-0.324
2269	0.836
2270	-0.114
2271	0.086
2272	0.366
2273	-0.284
2274	-0.384
2275	-0.244
2276	-0.084
2277	-0.104
2278	0.206
2279	0.096
2280	0.256
2281	-0.194
2282	-0.054
2283	-0.204
2284	-0.074
2285	0.986
2286	-0.234
2287	-0.384
2288	-0.244
2289	-0.284
2290	-0.484
2291	-1.124
2292	-0.734
2293	-0.244
2294	0.326
2295	0.386
2296	0.016
2297	0.096
2298	0.296
2299	0.156
2300	0.026
2301	-0.094
2302	-0.154
2303	-0.014
2304	0.006
2305	-0.264
2306	-0.064
2307	-0.284
2308	-0.094
2309	-0.074
2310	-0.464
2311	0.116
2312	-0.334
2313	-0.204
2314	-0.244
2315	-0.164
2316	0.346
2317	-0.184
2318	0.296
2319	0.156
2320	0.316
2321	-0.124
2322	-0.004
2323	0.116
2324	0.126
2325	0.616
2326	0.036
2327	-0.344
2328	-0.074
2329	-0.224
2330	0.036
2331	-0.624
2332	0.006
2333	-0.004
2334	0.466
2335	0.236
2336	0.076
2337	-0.314
2338	0.216
2339	0.286
2340	0.246
2341	-0.304
2342	-0.164
2343	0.516
2344	0.266
2345	-0.224
2346	0.206
2347	0.376
2348	0.116
2349	-0.174
2350	0.236
2351	0.286
2352	0.356
2353	0.166
2354	0.026
2355	-0.094
2356	-0.224
2357	0.046
2358	0.516
2359	0.076
2360	0.176
2361	0.086
2362	0.306
2363	0.116
2364	0.396
2365	0.226
2366	0.206
2367	0.396
2368	-0.264
2369	-0.064
2370	0.236
2371	0.256
2372	-0.104
2373	0.026
2374	0.546
2375	-0.264
2376	0.156
2377	0.436
2378	0.196
2379	0.196
2380	-0.084
2381	-0.194
2382	-0.344
2383	0.206
2384	0.386
2385	0.626
2386	-0.324
2387	0.236
2388	-0.064
2389	-0.184
2390	-0.194
2391	0.406
2392	0.176
2393	-0.104
2394	0.006
2395	-0.174
2396	-0.094
2397	0.026
2398	0.366
2399	0.106
2400	-0.144
2401	-0.184
2402	-0.264
2403	0.256
2404	-0.424
2405	0.326
2406	0.006
2407	-0.054
2408	0.036
2409	-0.024
2410	0.046
2411	-0.324
2412	-0.034
2413	0.046
2414	0.066
2415	-0.104
2416	0.246
2417	-0.084
2418	0.046
2419	-0.294
2420	-0.074
2421	0.216
2422	0.106
2423	-0.144
2424	0.146
2425	0.146
2426	-0.044
2427	-0.014
2428	-143.314
2429	0.616
2430	-0.154
2431	-0.294
2432	0.066
2433	0.316
2434	0.616
2435	-0.274
2436	0.106
2437	-0.054
2438	-0.104
2439	-0.284
2440	0.326
2441	-0.174
2442	0.076
2443	0.306
2444	0.736
2445	0.786
2446	-0.074
2447	-0.264
2448	-0.164
2449	0.076
2450	-0.304
2451	0.116
2452	0.496
2453	0.336
2454	-0.144
2455	-0.174
2456	-0.254
2457	0.186
2458	0.636
2459	0.186
2460	-0.074
2461	0.426
2462	-0.214
2463	-0.124
2464	0.086
2465	-0.034
2466	0.556
2467	0.556
2468	0.336
2469	-0.114
2470	0.016
2471	-0.014
2472	-0.344
2473	0.206
2474	0.236
2475	0.006
2476	-0.254
2477	0.076
2478	-0.284
2479	-0.784
2480	0.136
2481	0.196
2482	0.206
2483	-0.074
2484	-0.124
2485	-0.334
2486	0.586
2487	-0.024
2488	0.216
2489	-0.204
2490	-0.604
2491	-0.424
2492	-0.104
2493	-0.174
2494	-0.204
2495	0.096
2496	0.286
2497	-0.254
2498	-0.164
2499	-0.354
2500	-0.404
2501	-0.114
2502	-0.034
2503	0.016
2504	0.316
2505	-0.274
2506	-0.294
2507	0.376
2508	0.346
2509	0.886
2510	0.096
2511	-0.434
2512	-0.094
2513	-0.314
2514	-0.364
2515	-0.254
2516	0.096
2517	-0.274
2518	-0.154
2519	-0.264
2520	-0.104
2521	-0.134
2522	0.146
2523	0.106
2524	-0.234
2525	-0.244
2526	-0.224
2527	-0.204
2528	-0.194
2529	-0.414
2530	-0.304
2531	0.256
2532	-0.054
2533	0.326
2534	0.096
2535	-0.224
2536	0.246
2537	-0.224
2538	0.016
2539	-0.054
2540	0.076
2541	0.246
2542	0.386
2543	0.186
2544	-0.134
2545	0.216
2546	0.016
2547	-0.024
2548	-0.164
2549	-0.124
2550	-0.204
2551	-0.004
2552	0.006
2553	0.116
2554	-0.024
2555	-0.324
2556	-0.204
2557	-0.814
2558	-0.184
2559	0.286
2560	0.286
2561	0.296
2562	0.296
2563	0.706
2564	0.406
2565	-0.034
2566	0.086
2567	-0.394
2568	-0.094
2569	-0.094
2570	-0.034
2571	0.156
2572	0.696
2573	0.636
2574	0.096
2575	-0.154
2576	0.196
2577	0.676
2578	0.086
2579	-0.174
2580	0.036
2581	-0.294
2582	0.086
2583	0.046
2584	0.016
2585	0.076
2586	0.266
2587	-0.024
2588	0.086
2589	-0.054
2590	0.496
2591	-0.154
2592	0.726
2593	-0.034
2594	0.546
2595	0.036
2596	-0.114
2597	0.036
2598	0.206
2599	-0.394
2600	-0.274
2601	0.036
2602	-0.004
2603	-0.444
2604	0.116
2605	-0.244
2606	0.086
2607	-0.004
2608	-0.114
2609	-0.074
2610	-0.354
2611	0.676
2612	-0.194
2613	-0.144
2614	-0.214
2615	-0.084
2616	-0.014
2617	-0.124
2618	-0.274
2619	-0.114
2620	-0.224
2621	-0.204
2622	0.106
2623	0.136
2624	0.276
2625	-0.294
2626	-0.014
2627	-0.064
2628	-0.454
2629	0.086
2630	-0.094
2631	-0.154
2632	-0.074
2633	0.266
2634	0.206
2635	-0.314
2636	-0.364
2637	-0.224
2638	0.456
2639	-0.224
2640	0.106
2641	-0.224
2642	-0.134
2643	0.286
2644	-0.174
2645	-0.164
2646	0.006
2647	0.166
2648	0.456
2649	0.736
2650	0.226
2651	0.026
2652	0.256
2653	-0.104
2654	0.436
2655	-0.074
2656	0.676
2657	0.496
2658	-0.494
2659	-0.404
2660	0.086
2661	0.056
2662	0.016
2663	0.236
2664	0.286
2665	0.436
2666	0.036
2667	-0.064
2668	0.036
2669	0.266
2670	-0.024
2671	0.346
2672	0.396
2673	0.906
2674	0.256
2675	0.146
2676	0.066
2677	-0.244
2678	0.016
2679	0.086
2680	0.176
2681	1.046
2682	-0.004
2683	-0.194
2684	0.266
2685	0.566
2686	0.136
2687	-0.024
2688	0.086
2689	0.136
2690	0.136
2691	0.136
2692	-0.044
2693	-0.064
2694	-0.244
2695	-0.074
2696	0.146
2697	0.176
2698	0.046
2699	-0.024
2700	0.146
2701	-0.154
2702	0.116
2703	-0.094
2704	0.186
2705	-0.094
2706	-1.484
2707	0.116
2708	-0.084
2709	-0.394
2710	0.056
2711	0.156
2712	-0.304
2713	0.426
2714	0.706
2715	0.416
2716	0.386
2717	-0.104
2718	0.206
2719	0.056
2720	-0.064
2721	1.006
2722	0.286
2723	0.406
2724	0.676
2725	0.676
2726	0.406
2727	0.166
2728	0.306
2729	0.386
2730	0.226
2731	-0.114
2732	0.026
2733	-0.054
2734	-0.274
2735	0.076
2736	0.326
2737	-0.054
2738	0.336
2739	-0.114
2740	0.096
2741	0.006
2742	-0.064
2743	0.486
2744	0.386
2745	0.266
2746	0.516
2747	0.396
2748	-0.134
2749	0.296
2750	0.306
2751	-0.324
2752	0.086
2753	-0.414
2754	-0.144
2755	-0.374
2756	-0.094
2757	0.246
2759	-0.094
2760	-0.144
2761	0.206
2762	0.346
2763	0.016
2764	-0.314
2765	-0.234
2766	0.426
2767	0.056
2768	0.206
2769	-0.144
2770	0.496
2771	0.296
2772	0.126
2773	-0.224
2774	0.296
2775	0.426
2776	0.246
2777	0.086
2778	-0.434
2779	-0.294
2780	-0.014
2781	0.286
2782	0.186
2783	-0.244
2784	-0.254
2785	-0.044
2786	0.286
2787	-0.074
2788	-0.444
2789	-0.344
2790	0.236
2791	-0.134
2792	0.356
2793	0.246
2794	0.386
2795	0.256
2796	0.596
2797	0.176
2798	-0.404
2799	-0.394
2800	0.086
2801	0.106
2802	0.346
2803	0.026
2804	0.056
2805	0.316
2806	-0.454
2807	-0.404
2808	0.206
2809	-0.234
2810	-0.304
2811	0.146
2812	0.026
2813	-0.104
2814	-0.284
2815	0.266
2816	0.066
2817	-0.054
2818	0.036
2819	0.386
2820	-0.294
2821	0.046
2822	0.026
2823	-0.094
2824	0.296
2825	0.206
2826	-0.134
2827	-0.074
2828	-0.234
2829	-0.334
2830	-0.274
2831	0.116
2832	0.236
2833	-0.274
2834	-0.394
2835	-0.004
2836	-0.134
2837	-0.084
2838	-0.084
2839	0.306
2840	0.106
2841	0.096
2842	0.106
2843	-0.124
2844	0.276
2845	0.136
2846	-0.044
2847	-0.074
2848	-0.284
2849	0.166
2850	-0.284
2851	-0.264
2852	-0.224
2853	-0.434
2854	-0.534
2855	-0.194
2856	-0.294
2857	0.596
2858	-0.134
2859	-0.044
2860	0.196
2861	0.296
2862	-0.074
2863	-0.014
2864	0.186
2865	-0.294
2866	-0.054
2867	-0.414
2868	0.006
2869	-0.284
2870	-0.364
2871	0.046
2872	0.016
2873	0.036
2874	-0.154
2875	-0.174
2876	-0.264
2877	-0.254
2878	-0.094
2879	-0.364
2880	0.016
2881	-0.104
2882	0.446
2883	0.086
2884	-0.424
2885	-0.234
2886	-0.154
2887	-0.164
2888	0.416
2889	0.106
2890	0.206
2891	0.226
2892	0.156
2893	0.326
2894	-0.584
2895	-0.414
2896	-0.274
2897	-0.004
2898	-0.644
2899	-0.244
2900	-0.184
2901	0.186
2902	-0.374
2903	-0.144
2904	0.616
2905	-0.364
2906	-0.294
2907	-0.304
2908	-0.014
2909	0.186
2910	-0.004
2911	0.116
2912	-0.254
2913	0.146
2914	-0.114
2915	0.256
2916	-0.034
2917	-0.224
2918	0.136
2919	-0.344
2920	-0.104
2921	0.356
2922	0.026
2923	-0.204
2924	-0.064
2925	-0.154
2926	0.046
2927	-0.214
2928	0.026
2929	-0.034
2930	0.036
2931	0.266
2932	0.236
2933	0.156
2934	0.376
2935	-0.294
2936	0.016
2937	0.516
2938	-0.064
2939	-0.024
2940	0.026
2941	-0.024
2942	0.026
2943	0.286
2944	0.316
2945	0.106
2946	0.236
2947	0.156
2948	0.106
2949	0.176
2950	0.006
2951	0.056
2952	-0.174
2953	0.106
2954	-0.254
2955	-0.094
2956	0.046
2957	-0.414
2958	-0.064
2959	-0.404
2960	-0.384
2961	-0.394
2962	-0.434
2963	-0.634
2964	-0.004
2965	-0.544
2966	-0.364
2967	0.106
2968	-0.044
2969	0.386
2970	0.036
2971	-0.064
2972	0.436
2973	-0.234
2974	0.026
2975	0.106
2976	-0.104
2977	0.426
2978	0.006
2979	0.166
2980	0.076
2981	0.286
2982	0.046
2983	-0.274
2984	-0.234
2985	-0.484
2986	-0.404
2987	-0.244
2988	-0.204
2989	-0.134
2990	-0.124
2991	-0.174
2992	0.076
2993	-0.134
2994	-0.194
2995	-0.104
2996	-0.054
2997	0.386
2998	-0.094
2999	0.096
3000	0.036
3001	0.096
3002	-0.144
3003	0.656
3004	-0.464
3005	-0.094
3006	0.216
3007	0.126
3008	0.546
3009	0.086
3010	-0.034
3011	-0.354
3012	-0.344
3013	-0.164
3014	-0.204
3015	-0.094
3016	0.126
3017	0.096
3018	-0.344
3019	-0.314
3020	-0.194
3021	0.186
3022	0.356
3023	0.066
3024	-0.044
3025	0.366
3026	-0.254
3027	-0.194
3028	-0.104
3029	-0.094
3030	0.486
3031	-0.244
3032	-0.334
3033	0.396
3034	-0.254
3035	-0.154
3036	-0.214
3037	0.176
3038	-0.674
3039	-0.304
3040	-0.074
3041	-0.264
3042	-0.224
3043	-0.184
3044	-0.044
3045	-0.154
3046	-0.214
3047	-0.254
3048	-0.114
3049	-0.084
3050	0.006
3051	0.016
3052	-0.024
3053	0.266
3054	-0.064
3055	0.106
3056	-0.044
3057	-0.174
3058	-0.114
3059	0.016
3060	-0.374
3061	-0.034
3062	0.016
3063	0.256
3064	0.136
3065	-0.154
3066	-0.004
3067	0.036
3068	0.466
3069	0.046
3070	0.486
3071	0.266
3072	0.226
3073	0.056
3074	-0.134
3075	0.246
3076	0.226
3077	0.046
3078	-0.184
3079	-0.204
3080	-0.234
3081	0.226
3082	-0.194
3083	-0.074
3084	0.176
3085	-0.054
3086	-0.364
3087	-0.404
3088	0.236
3089	-0.004
3090	0.436
3091	-0.134
3092	0.026
3093	0.486
3094	-0.154
3095	-0.124
3096	-0.324
3097	0.166
3098	-0.174
3099	-0.054
3100	-0.724
3101	-0.684
3102	-0.634
3103	-0.474
3104	-0.194
3105	-0.244
3106	0.026
3107	0.216
3108	0.126
3109	-0.174
3110	-0.254
3111	-0.084
3112	0.056
3113	0.216
3114	-0.304
3115	0.116
3116	-0.084
3117	0.126
3118	-0.274
3119	-0.144
3120	-0.084
3121	-0.034
3122	0.016
3123	-0.054
3124	-0.104
3125	0.226
3126	0.156
3127	0.116
3128	-0.014
3129	0.346
3130	0.186
3131	0.286
3132	-0.004
3133	0.176
3134	0.226
3135	0.216
3136	-0.024
3137	-0.264
3138	-0.234
3139	-0.104
3140	-0.414
3141	-0.304
3142	-0.334
3143	0.256
3144	-0.484
3145	-0.094
3146	-0.294
3147	-0.754
3148	-0.704
3149	-0.224
3150	-0.214
3151	-0.234
3152	-0.014
3153	-0.174
3154	-0.594
3155	0.226
3156	0.436
3157	0.146
3158	-0.394
3159	0.356
3160	0.146
3161	0.176
3162	-0.194
3163	-0.114
3164	0.036
3165	-0.204
3166	-0.304
3167	0.046
3168	-0.224
3169	-0.674
3170	-0.284
3171	-0.554
3172	0.186
3173	-0.384
3174	-0.304
3175	-0.284
3176	0.036
3177	-0.024
3178	-0.074
3179	-0.224
3180	0.006
3181	0.386
3182	0.466
3183	0.206
3184	-0.294
3185	0.086
3186	-0.184
3187	-0.004
3188	-0.024
3189	0.226
3190	0.546
3191	0.216
3192	-0.064
3193	0.326
3194	-0.054
3195	0.116
3196	0.136
3197	0.476
3198	0.006
3199	0.786
3200	0.296
3201	0.356
3202	0.346
3203	0.376
3204	0.396
3205	0.306
3206	0.626
3207	0.096
3208	0.146
3209	0.616
3210	-0.154
3211	-0.024
3212	-0.344
3213	-0.324
3214	0.006
3215	-0.284
3216	-0.184
3217	-0.024
3218	-0.444
3219	-0.204
3220	0.006
3221	0.146
3222	0.126
3223	0.196
3224	0.036
3225	0.586
3226	0.356
3227	0.396
3228	0.336
3229	-0.024
3230	-0.124
3231	0.206
3232	0.386
3233	0.206
3234	-0.184
3235	0.056
3236	1.426
3237	-0.144
3238	-0.134
3239	-0.164
3240	-0.224
3241	-0.134
3242	-0.294
3243	0.086
3244	-0.294
3245	0.026
3246	0.326
3247	0.396
3248	-0.074
3249	0.236
3250	0.396
3251	-0.034
3252	0.256
3253	-0.344
3254	-0.264
3255	-0.274
3256	-0.014
3257	0.226
3258	0.036
3259	0.076
3260	-0.134
3261	0.056
3262	-0.334
3263	0.206
3264	0.076
3265	0.116
3266	-0.274
3267	-0.174
3268	-0.194
3269	-0.044
3270	-0.094
3271	0.136
3272	0.026
3273	-0.244
3274	0.006
3275	0.736
3276	0.186
3277	0.666
3278	0.146
3279	-0.044
3280	0.266
3281	-0.064
3282	0.136
3283	0.046
3284	0.326
3285	-0.114
3286	0.726
3287	-0.134
3288	0.156
3289	0.036
3290	-0.364
3291	-0.144
3292	0.256
3293	0.326
3294	0.516
3295	0.276
3296	-0.114
3297	-0.344
3298	-0.144
3299	-0.344
3300	0.016
3301	0.046
3302	-0.034
3303	-0.334
3304	-0.004
3305	0.166
3306	-0.304
3307	0.656
3308	0.606
3309	-0.174
3310	-0.244
3311	-0.084
3312	0.476
3313	0.206
3314	-0.064
3315	-0.334
3316	-0.174
3317	-0.334
3318	-0.044
3319	-0.114
3320	-0.044
3321	0.206
3322	-0.024
3323	-0.384
3324	-0.234
3325	0.086
3326	-0.444
3327	0.136
3328	0.166
3329	-0.044
3330	-0.024
3331	-0.034
3332	-0.324
3333	-0.044
3334	-0.164
3335	0.096
3336	0.196
3337	-0.044
3338	0.326
3339	0.156
3340	0.166
3341	-0.044
3342	0.266
3343	0.466
3344	-0.274
3345	0.706
3346	-0.124
3347	-0.194
3348	-0.044
3349	-0.354
3350	0.136
3351	0.186
3352	-0.414
3353	-0.104
3354	0.386
3355	0.136
3356	0.116
3357	0.256
3358	0.026
3359	0.056
3360	0.196
3362	-0.594
3363	-0.004
3365	-0.024
3366	-0.014
3367	0.086
3368	-0.094
3369	0.266
3370	0.106
3371	0.006
3372	0.266
3373	0.576
3374	-0.094
3375	-0.084
3376	0.226
3377	0.106
3378	0.376
3379	0.356
3380	0.116
3381	-0.174
3382	0.006
3383	-0.344
3384	-0.214
3385	0.176
3386	0.136
3387	0.006
3388	-0.154
3389	0.236
3390	0.416
3391	-0.164
3392	0.106
3393	0.006
3394	0.006
3395	0.246
3396	0.026
3397	-0.074
3398	0.226
3399	0.366
3400	0.336
3401	-0.074
3402	-0.224
3403	-0.024
3404	0.736
3405	0.096
3406	0.156
3407	0.106
3408	0.136
3409	0.516
3410	0.326
3411	0.116
3412	0.046
3413	-0.144
3414	0.016
3415	0.056
3416	0.096
3417	0.116
3418	0.216
3419	0.126
3420	-0.374
3421	0.156
3422	-0.004
3423	-0.164
3424	0.096
3425	0.146
3426	0.366
3427	-0.014
3428	-0.234
3429	0.276
3430	-0.304
3431	0.406
3432	0.406
3433	0.756
3434	-0.154
3435	0.086
3436	-1.064
3437	-0.534
3438	-0.264
3439	-0.264
3440	-0.314
3441	-0.124
3442	-0.004
3443	0.476
3444	0.286
3445	0.156
3446	-0.104
3447	0.086
3448	0.806
3449	-0.104
3450	-0.664
3451	0.116
3452	-0.184
3453	-0.164
3454	0.076
3455	0.156
3456	0.256
3457	0.266
3458	-0.234
3459	-0.074
3460	0.026
3461	-0.084
3462	0.256
3463	0.116
3464	0.146
3465	-0.274
3466	-0.004
3467	-0.124
3468	0.416
3469	0.036
3470	0.226
3471	0.286
3472	-0.034
3473	0.216
3474	-0.464
3475	-0.044
3476	-0.334
3477	-0.154
3478	-0.184
3479	-0.264
3480	0.106
3481	0.606
3482	-0.064
3483	-0.054
3484	0.116
3485	-0.144
3486	-0.124
3487	-0.224
3488	0.256
3489	0.486
3490	0.626
3491	-0.464
3492	0.346
3493	0.296
3494	0.206
3495	0.066
3496	-0.074
3497	-0.214
3498	-0.154
3499	-0.244
3500	0.386
3501	-0.394
3502	-0.404
3503	-0.014
3504	0.246
3505	-0.044
3506	0.756
3507	0.416
3508	0.876
3509	-0.404
3510	0.216
3511	-0.464
3512	0.306
3513	0.196
3514	0.206
3515	0.066
3516	0.336
3517	0.196
3518	0.066
3519	0.116
3520	0.156
3521	0.166
3522	0.116
3523	0.276
3524	-0.124
3525	-0.084
3526	-0.394
3528	-0.194
3529	-0.264
3530	0.046
3531	-0.254
3532	-0.354
3533	-0.394
3534	-0.314
3537	0.206
3538	0.146
3539	0.036
3540	-0.134
3541	-0.024
3542	0.356
3543	0.036
3544	-0.024
3545	-0.004
3546	0.016
3547	-0.044
3548	0.256
3549	0.136
3550	0.396
3551	-0.194
3552	-0.134
3553	-0.034
3554	-0.024
3555	-0.054
3556	-0.294
3557	-0.284
3558	-0.434
3559	0.116
3560	-0.074
3561	-0.044
3562	-0.104
3563	-0.284
3564	-0.294
3565	0.026
3566	-0.134
3567	-0.164
3568	0.326
3569	0.786
3570	0.146
3571	0.266
3572	0.066
3573	0.056
3574	0.266
3575	0.236
3576	-0.484
3577	-0.234
3578	-0.164
3579	0.126
3580	0.046
3581	-0.174
3582	0.316
3583	0.156
3584	0.386
3585	0.026
3586	0.056
3587	0.166
3588	0.116
3589	-0.194
3590	-0.144
3591	-0.144
3592	-0.104
3593	0.426
3594	0.046
3595	0.246
3596	0.346
3597	-0.024
3598	0.156
3599	0.006
3600	-0.284
3601	-0.094
3602	-0.234
3603	-0.354
3604	-0.644
3605	0.516
3606	0.126
3607	-0.024
3608	0.066
3609	0.456
3610	0.066
3611	0.096
3612	0.016
3613	0.036
3614	0.506
3615	-0.274
3616	0.176
3617	0.126
3619	-0.054
3620	0.636
3621	-0.314
3622	-0.624
3623	-0.544
3624	0.236
3625	0.156
3626	0.426
3627	0.386
3628	-0.144
3629	-0.094
3630	-0.044
3631	-0.024
3632	0.026
3633	0.426
3634	-0.364
3635	-1.934
3636	-2.374
3637	-2.604
3638	-2.984
3639	-2.984
3640	0.006
3641	0.066
3642	0.276
3643	0.236
3644	0.156
3645	0.406
3646	0.346
3647	-0.124
3648	-0.084
3649	-0.034
3650	-0.304
3651	0.226
3652	-0.324
3653	-0.124
3654	-0.044
3655	0.146
3656	-0.114
3657	-0.184
3658	-0.244
3659	0.586
3660	0.206
3661	0.236
3662	0.326
3663	0.186
3664	-0.094
3665	0.536
3666	0.426
3667	0.486
3668	0.286
3669	0.376
3670	-0.394
3671	1.436
3672	0.046
3673	0.076
3674	0.046
3675	0.146
3676	-0.104
3677	-0.164
3678	-0.244
3679	0.106
3680	0.016
3681	0.076
3682	-0.164
3683	0.116
3684	0.106
3685	-0.164
3686	-0.334
3687	0.046
3688	-0.184
3689	0.046
3690	-0.104
3691	0.246
3692	-0.054
3693	0.356
3694	-0.254
3695	-0.314
3696	-0.054
3697	0.396
3698	0.206
3699	0.096
3700	-0.524
3701	-0.204
3702	0.066
3703	0.036
3704	0.576
3705	-0.224
3706	-0.014
3707	0.086
3708	0.046
3709	0.636
3710	-0.334
3711	-0.384
3712	0.036
3713	-0.034
3714	-0.294
3715	-0.114
3716	-0.274
3717	-0.414
3718	-0.054
3719	-0.394
3720	0.356
3721	0.316
3722	0.086
3723	-0.074
3724	0.006
3725	-0.014
3726	0.206
3727	0.156
3728	-0.204
3729	0.146
3730	0.116
3731	-0.174
3732	-0.074
3733	-0.264
3734	0.046
3735	0.016
3736	-0.184
3737	-0.004
3738	-0.274
3739	0.326
3740	-0.004
3741	-0.154
3742	-0.024
3743	-0.014
3744	-0.054
3745	-0.284
3746	0.116
3747	-0.394
3748	-0.224
3749	-0.314
3750	-0.344
3751	0.286
3752	-0.224
3753	0.116
3754	0.176
3755	0.116
3756	-0.294
3757	-0.414
3758	0.196
3759	0.236
3760	-0.184
3761	0.116
3762	-0.174
3763	0.486
3764	0.076
3765	-0.144
3766	-0.064
3767	0.546
3768	0.466
3769	0.276
3770	0.236
3771	-0.034
3772	0.216
3773	0.376
3774	0.326
3775	-0.024
3776	0.416
3777	0.256
3778	0.086
3779	-0.204
3780	-0.364
3781	-0.064
3782	0.086
3783	0.346
3784	0.096
3785	-0.114
3786	0.376
3787	-0.124
3788	0.046
3789	-0.504
3790	0.136
3791	0.676
3792	0.656
3793	0.046
3794	-0.194
3795	0.056
3796	0.376
3797	-0.044
3798	-0.094
3799	0.076
3800	0.056
3801	0.046
3802	0.316
3803	0.106
3804	-0.094
3805	0.056
3806	-0.024
3807	0.196
3808	0.366
3809	-0.364
3810	0.196
3811	0.206
3812	-0.044
3813	-0.054
3814	0.076
3815	-0.054
3816	-0.444
3817	-0.654
3818	-0.164
3819	0.266
3820	0.226
3821	-0.064
3822	0.216
3823	-0.164
3824	0.146
3825	0.106
3826	-0.064
3827	-0.254
3828	-0.114
3829	-0.644
3830	-0.204
3831	-0.054
3832	-0.474
3833	0.456
3834	-0.104
3835	-0.064
3836	-0.224
3837	0.016
3838	-0.164
3839	0.366
3840	-0.034
3841	0.076
3842	0.376
3843	0.216
3844	0.006
3845	0.486
3846	-0.234
3847	-0.084
3848	-0.174
3849	0.056
3850	0.046
3851	-0.424
3852	0.156
3853	0.476
3854	0.296
3855	0.286
3856	0.256
3857	-0.034
3858	0.086
3859	-0.054
3860	0.146
3861	-0.074
3862	0.346
3863	0.236
3864	0.336
3865	-0.114
3866	-0.454
3867	-0.054
3868	-0.074
3869	-0.314
3870	-0.124
3871	-0.154
3872	0.626
3873	-0.144
3874	-0.234
3875	-0.094
3876	-0.184
3877	-0.194
3878	0.536
3879	0.476
3880	0.676
3881	-0.094
3882	-0.174
3883	-0.134
3884	0.496
3885	0.366
3886	0.366
3887	0.126
3888	-0.154
3889	-0.424
3890	-0.354
3891	-0.134
3892	-0.014
3893	0.026
3894	-0.184
3895	0.396
3896	0.036
3897	0.126
3898	0.206
3899	0.016
3900	0.016
3901	0.526
3902	-0.064
3903	0.076
3904	-0.094
3905	0.056
3906	-0.124
3907	0.336
3908	-0.124
3909	0.026
3910	-0.004
3911	-0.194
3912	-0.334
3913	0.066
3914	0.286
3915	-0.224
3916	0.506
3917	0.046
3918	-0.134
3919	-0.014
3920	-0.224
3921	0.436
3922	0.236
3923	0.446
3924	0.086
3925	0.306
3926	0.176
3927	-0.004
3928	-0.074
3929	-0.044
3930	-0.254
3931	-0.124
3932	0.076
3933	0.016
3934	0.246
3935	0.176
3936	-0.154
3937	-0.074
3938	0.226
3939	-0.214
3940	0.286
3941	-0.214
3942	-0.484
3943	-0.314
3944	-0.104
3945	-0.284
3946	-0.254
3947	0.186
3948	0.266
3949	-0.244
3950	-0.194
3951	0.006
3952	0.136
3953	0.996
3954	0.206
3955	0.486
3956	-0.254
3957	0.036
3958	0.576
1464	-0.014
3959	0.066
3960	0.056
3961	0.046
3962	0.346
3963	-0.234
3964	0.236
3965	0.716
3966	0.256
3967	0.166
3968	0.126
3969	0.376
3970	0.446
1766	0.416
3971	0.386
3972	-0.024
3973	0.456
3974	-0.354
3975	0.486
3976	0.296
3977	0.076
3978	0.346
3979	0.036
3980	0.106
3981	0.656
1932	0.516
3982	0.786
3983	-1.084
3984	0.906
3985	0.076
3986	0.956
3987	0.516
3988	0.346
3989	-0.104
3990	-0.164
3991	0.646
3992	0.186
3993	-0.004
3994	0.616
2098	-0.194
3995	0.816
3996	-0.224
3997	0.626
3998	1.066
3999	0.276
4000	-0.284
4001	0.916
4002	0.566
4003	1.126
4004	0.696
4005	0.486
4006	-0.064
4007	0.016
4008	0.206
4009	0.616
4010	0.106
4011	0.116
4012	0.026
4013	-0.014
4014	0.096
4015	0.326
4016	1.056
4017	0.916
4018	0.576
4019	0.806
4020	0.146
4021	0.776
4022	-0.284
4023	0.216
4024	0.156
4025	0.326
4026	0.896
4027	0.256
4028	0.016
2758	0.046
4029	-0.164
4030	0.096
4031	0.816
4032	0.726
4033	0.186
4034	0.446
4035	0.026
4036	-0.204
4037	-3.854
4038	-0.594
4039	0.276
4040	0.106
4041	0.146
4042	0.286
4043	0.016
4044	-0.044
4045	-0.484
4046	0.176
4047	0.256
4048	0.416
4049	0.396
4050	-0.024
4051	-0.174
4052	0.336
4053	0.066
4054	0.526
4055	0.396
4056	0.656
4057	0.006
4058	0.266
4059	0.466
4060	0.186
4061	-0.114
4062	-0.154
4063	0.286
4064	-0.674
3361	0.456
3364	-0.224
4065	0.256
4066	-0.044
4067	0.146
4068	0.596
4069	0.206
3527	-0.164
4070	0.456
4071	-0.174
4072	0.186
3618	0.026
4073	0.186
4074	0.166
4075	-0.594
4076	0.186
4077	-0.384
4078	0.206
4079	-0.214
4080	0.406
4081	-0.184
4082	0.376
4083	0.606
4084	0.286
4085	0.176
4086	-0.274
4087	-0.244
4088	0.226
4089	0.436
4090	0.406
21	0.586
4091	0.306
4092	0.156
4093	0.316
4094	0.106
4095	-0.144
4096	0.266
4097	-0.264
4098	0.246
4099	1.066
4100	0.586
4101	0.256
4102	0.756
4103	0.226
4104	-0.264
4105	0.426
4106	0.276
4107	0.326
4108	0.596
4109	-0.364
4110	-0.044
4111	0.166
4112	0.166
4113	0.216
4114	0.716
4115	0.076
4116	-0.424
4117	0.566
4118	0.136
796	0.016
4119	0.996
4120	-0.164
4121	0.186
839	-0.034
4122	0.396
4123	-0.164
4124	0.146
4125	-0.164
4126	0.066
4127	0.216
4128	-0.444
4129	0.466
987	-0.044
4130	0.036
4131	0.196
4132	0.266
4133	0.436
4134	-0.044
4135	0.396
1076	0.546
4136	0.076
4137	0.156
1101	0.026
4138	0.386
4139	0.586
4140	0.096
4141	0.386
4142	0.106
4143	0.716
4144	0.366
4145	0.086
4146	-0.044
984	0.346
1096	-0.174
4147	0.106
4148	0.146
4149	-0.054
4150	0.746
4151	-0.214
4152	0.076
4153	0.126
4154	0.086
4155	0.886
4156	0.006
4157	1.156
4158	0.246
4159	0.666
4160	-0.084
4161	0.066
4162	0.046
4163	0.626
4164	0.606
4165	0.496
4166	0.256
4167	0.286
4168	-0.394
4169	0.126
4170	-0.264
4171	0.576
280	-0.564
4172	-0.084
4173	-0.284
4174	-0.214
4175	0.766
4176	-0.234
4177	0.836
4178	0.216
4179	0.076
4180	-0.434
4181	0.266
4182	-0.104
750	-0.594
4183	0.756
4184	0.746
4185	0.716
4186	0.776
4187	0.666
4188	0.156
4189	-0.034
4190	0.456
4191	0.226
4192	0.006
4193	-0.024
4194	0.106
4195	-0.864
4196	-0.744
4197	0.266
4198	0.056
4199	-0.014
4200	0.226
4201	-0.174
4202	0.376
4203	-0.394
4204	-0.184
4205	0.336
4206	-0.064
4207	0.686
4208	-0.014
4209	0.656
4210	0.616
4211	0.546
4212	-0.434
4213	0.536
4214	-0.124
4215	0.816
4216	-0.844
4217	0.196
4218	-0.234
4219	0.076
4220	-0.314
4221	-0.234
4222	-0.024
4223	-0.064
4224	0.456
4225	-0.224
4226	0.596
4227	0.576
4228	0.166
4229	0.176
4230	0.656
4231	0.006
4232	0.026
4233	-0.324
4234	0.106
4235	0.086
4236	-0.194
4237	0.176
4238	0.316
4239	0.216
4240	0.526
4241	0.036
4242	-0.194
4243	0.296
4244	0.396
4245	0.446
4246	0.106
3535	-0.104
3536	-0.314
4247	-0.284
4248	0.616
4249	-1.094
4250	-0.374
4251	0.066
4252	0.256
4253	0.046
4254	0.146
4255	0.216
4256	0.786
4257	0.296
4258	-0.024
4259	-0.124
4260	-0.034
1831	0.276
4261	-0.314
4262	0.256
4263	-0.144
4264	0.176
4265	0.446
4266	0.676
4267	0.386
4268	0.196
4269	0.306
4270	0.646
4271	0.176
4272	-0.224
4273	0.436
4274	-0.074
4275	0.266
4276	-0.354
4277	0.476
4278	0.096
4279	0.246
4280	0.306
4281	0.116
4282	0.196
4283	-0.184
1461	-0.404
4284	-0.014
4285	-0.134
4286	0.566
4287	0.426
4288	-0.014
4289	-0.124
4290	0.616
4291	-0.004
4292	0.306
4293	0.526
4294	-0.334
4295	0.006
