1	-0.628
2	0.442
3	-0.948
4	-0.398
5	0.692
6	-0.898
7	0.692
8	-0.698
9	-2.728
10	-0.388
11	0.472
12	-0.328
13	0.042
14	-0.638
15	-0.118
16	-1.008
17	0.112
18	-0.838
19	0.052
20	-0.448
21	0.062
22	-0.368
23	-1.008
24	-0.768
25	-0.918
26	-0.958
27	-0.828
28	-0.658
29	-0.828
30	-0.058
31	-0.028
32	0.002
33	0.452
34	0.372
35	0.682
36	0.302
37	-0.718
38	-0.118
39	-0.328
40	0.192
41	-0.048
42	0.122
43	-1.128
44	-0.808
45	-0.578
46	0.972
47	1.502
48	1.172
49	0.052
50	0.412
51	-0.938
52	-0.628
53	-0.678
54	1.822
55	1.842
56	1.002
57	1.052
58	0.222
59	-0.328
60	-0.318
61	-0.998
62	-0.308
63	-0.198
64	-0.108
65	-1.518
66	-0.538
67	-0.098
68	-0.798
69	-0.348
70	0.112
71	0.132
72	-0.968
73	-0.228
74	-0.338
75	-0.708
76	-1.248
77	-0.978
78	0.852
79	-0.008
80	0.692
81	4.452
82	1.982
83	2.012
84	0.132
85	0.982
86	1.052
87	1.222
88	0.332
89	0.372
90	-0.138
91	-0.758
92	1.372
93	0.112
94	0.142
95	-0.458
96	-0.428
97	-0.438
98	-0.218
99	-1.078
100	-0.838
101	-0.218
102	-0.728
103	-0.948
104	-0.418
105	-1.238
106	-1.048
107	0.122
108	-1.018
109	-0.068
110	-1.358
111	-0.778
112	-0.788
113	0.202
114	-0.298
115	-0.548
116	-0.758
117	-0.538
118	-0.948
119	-1.598
120	-0.698
121	-0.658
122	-0.468
123	-0.258
124	0.142
125	-0.258
126	0.502
127	-0.608
128	-0.208
129	-0.048
130	0.342
131	-1.268
132	-0.468
133	-0.488
134	-0.488
135	-0.858
136	-0.478
137	-1.618
138	-0.938
139	-0.388
140	-0.678
141	-0.848
142	-0.078
143	-0.878
144	0.402
145	-1.528
146	-0.818
147	-0.128
148	-0.468
149	0.382
150	0.102
151	-0.818
152	0.482
153	-1.818
154	-0.078
155	-0.068
156	-0.118
157	0.342
158	-0.288
159	0.232
160	-0.838
161	-0.748
162	-0.468
163	-0.178
164	-0.468
165	0.642
166	-1.258
167	-1.228
168	-1.098
169	-1.778
170	-0.188
171	-1.788
172	-1.848
173	-2.028
174	-1.728
175	-2.148
176	-0.398
177	-0.618
178	-0.698
179	-0.248
180	-0.368
181	-0.928
182	-1.618
183	-0.348
184	0.542
185	-0.328
186	-0.828
187	-0.908
188	-0.538
189	-0.388
190	-0.758
191	-0.278
192	-0.788
193	0.222
194	-0.758
195	-0.728
196	-2.508
197	-0.048
198	0.342
199	0.122
200	-0.398
201	-0.518
202	-0.218
203	-0.708
204	0.792
205	-0.258
206	-1.048
207	0.612
208	0.322
209	-0.458
210	0.212
211	-0.208
212	1.472
213	0.232
214	-0.568
215	-0.888
216	0.272
217	-0.578
218	-0.218
219	1.272
220	-0.428
221	-1.698
222	-2.478
223	-1.358
224	-0.668
225	-0.118
226	-0.338
227	0.022
228	0.902
229	-1.868
230	-0.608
231	0.892
232	0.782
233	-0.998
234	-1.458
235	-0.268
236	-1.458
237	-0.898
238	1.172
239	-1.138
240	-0.388
241	-1.338
242	-0.188
243	-0.168
244	-0.348
245	0.732
246	-0.278
247	-1.048
248	-0.298
249	-0.498
250	-0.108
251	-1.578
252	-0.628
253	-0.608
254	0.262
255	-0.688
256	-0.188
257	1.442
258	-0.858
259	-1.158
260	-0.238
261	-0.348
262	-0.248
263	-0.588
264	-0.988
265	0.142
266	-0.708
267	-0.568
268	-1.248
269	-0.118
270	-0.568
271	-0.538
272	-0.698
273	-0.968
274	-0.888
275	-0.878
276	-0.268
277	-0.888
278	-0.588
279	-0.248
280	1.482
281	1.202
282	1.562
283	0.692
284	0.802
285	0.742
286	0.552
287	0.612
288	0.402
289	1.132
290	0.882
291	0.292
292	0.492
293	-0.248
294	0.602
295	-0.198
296	-0.088
297	0.412
298	1.152
299	0.272
300	-0.388
301	-0.788
302	-0.698
303	-0.828
304	-2.038
305	-0.998
306	-0.558
307	-0.648
308	0.222
309	-0.328
310	0.692
311	-0.258
312	-0.038
313	-1.028
314	-0.168
315	-0.748
316	-0.528
317	1.272
318	0.852
319	-0.328
320	0.642
321	-0.778
322	0.042
323	-0.208
324	0.052
325	-0.808
326	0.452
327	-0.108
328	0.342
329	0.022
330	-0.458
331	-1.038
332	-0.948
333	-1.458
334	0.292
335	0.402
336	0.072
337	-2.228
338	-0.758
339	-0.438
340	-0.198
341	-0.168
342	-0.228
343	-0.348
344	-0.558
345	-0.318
346	-0.388
347	-0.108
348	0.032
349	-0.168
350	-0.248
351	0.852
352	0.022
353	0.102
354	0.012
355	-0.648
356	0.692
357	-1.158
358	-0.938
359	-0.318
360	-0.438
361	0.542
362	0.212
363	-0.388
364	-0.608
365	-0.398
366	-0.018
367	0.072
368	-0.238
369	0.352
370	-1.228
371	0.502
372	0.012
373	0.412
374	0.092
375	-0.968
376	1.112
377	-0.608
378	-0.328
379	-1.818
380	0.872
381	-0.268
382	-1.178
383	-0.908
384	-0.238
385	-0.318
386	0.162
387	1.002
388	-0.058
389	-0.078
390	-0.968
391	0.522
392	-0.068
393	1.232
394	-1.028
395	-3.888
396	-1.248
397	-2.768
398	-2.308
399	0.222
400	-0.388
401	-0.288
402	-0.428
403	0.412
404	-0.608
405	0.582
406	-0.508
407	-0.748
408	-0.848
409	-0.118
410	-1.048
411	-0.748
412	0.182
413	0.252
414	0.372
415	1.192
416	0.602
417	-0.018
418	0.632
419	-0.248
420	0.512
421	-0.218
422	0.312
423	-0.718
424	-1.038
425	-0.518
426	-0.568
427	-1.028
428	-0.748
429	0.322
430	-0.268
431	1.002
432	0.662
433	0.862
434	-0.638
435	-0.268
436	-0.368
437	0.502
438	0.622
439	0.652
440	0.382
441	0.242
442	0.432
443	0.402
444	-0.978
445	0.002
446	0.262
447	0.642
448	0.162
449	0.662
450	0.062
451	0.072
452	0.242
453	0.682
454	0.172
455	0.862
456	-0.568
457	0.012
458	-0.618
459	-142.308
460	-0.548
461	-0.198
462	0.132
463	0.382
464	0.482
465	0.022
466	-0.208
467	-1.148
468	0.822
469	-1.048
470	0.882
471	1.622
472	-0.068
473	-1.118
474	-0.618
475	-0.568
476	-3.438
477	-0.758
478	-0.178
479	0.052
480	-0.378
481	1.992
482	-0.078
483	0.692
484	0.362
485	1.522
486	-0.008
487	-3.178
488	-0.968
489	-1.158
490	-0.718
491	-1.288
492	-0.368
493	-0.818
494	0.032
495	0.082
496	-0.258
497	-0.298
498	1.242
499	0.582
500	-0.278
501	-0.478
502	0.122
503	0.382
504	0.132
505	-0.158
506	0.332
507	0.012
508	-0.418
509	0.002
510	-0.808
511	-0.278
512	0.352
513	0.102
514	-0.218
515	-0.328
516	-0.498
517	-0.528
518	-1.368
519	0.462
520	-0.098
521	-1.228
522	-0.518
523	-1.418
524	-1.178
525	-0.228
526	-0.178
527	-0.468
528	-0.328
529	-0.058
530	-0.298
531	0.102
532	-0.138
533	0.022
534	0.282
535	0.492
536	0.162
537	1.072
538	0.652
539	0.392
540	0.002
541	-0.108
542	-0.468
543	-1.228
544	-0.848
545	-0.088
546	0.092
547	0.532
548	0.432
549	0.032
550	0.102
551	-0.658
552	1.162
553	-1.888
554	-0.288
555	0.022
556	0.322
557	-0.178
558	-0.388
559	-0.928
560	-0.528
561	-0.208
562	-1.058
563	-0.348
564	0.522
565	-0.728
566	-0.748
567	0.002
568	0.162
569	1.672
570	-0.288
571	5.172
572	4.862
573	1.702
574	4.482
575	0.652
576	4.222
577	-0.328
578	-0.038
579	0.872
580	0.692
581	-1.458
582	-0.568
583	-0.048
584	0.092
585	0.762
586	0.192
587	-0.048
588	0.032
589	-0.958
590	0.422
591	0.062
592	-0.098
593	-0.258
594	-0.238
595	0.832
596	-0.158
597	0.072
598	-0.558
599	-0.198
600	-1.048
601	-0.298
602	0.502
603	0.372
604	-0.338
605	-0.338
606	-0.198
607	-0.338
608	-0.488
609	-0.008
610	-0.068
611	0.432
612	-0.588
613	0.412
614	0.322
615	1.752
616	0.522
617	0.262
618	-0.308
619	0.112
620	0.012
621	0.602
622	0.632
623	0.412
624	-0.768
625	-0.468
626	-0.918
627	0.452
628	0.132
629	0.242
630	-0.618
631	-0.428
632	-0.418
633	0.502
634	-0.178
635	-0.058
636	-1.738
637	1.922
638	1.032
639	2.142
640	1.022
641	1.492
642	1.462
643	1.802
644	0.962
645	1.752
646	2.652
647	0.822
648	0.302
649	0.932
650	-0.078
651	0.532
652	0.332
653	3.582
654	2.172
655	0.512
656	0.422
657	-0.788
658	0.222
659	0.112
660	0.012
661	-0.408
662	-0.538
663	0.772
664	2.872
665	0.282
666	0.352
667	0.312
668	0.042
669	1.672
670	0.702
671	1.432
672	-0.358
673	-0.668
674	-0.878
675	-1.188
676	-1.078
677	-0.438
678	0.722
679	-0.368
680	-0.368
681	-0.188
682	-0.148
683	0.122
684	1.832
685	1.512
686	1.192
687	1.702
688	0.562
689	0.402
690	1.022
691	0.502
692	-1.048
693	-0.708
694	0.312
695	-0.748
696	-1.088
697	-0.458
698	-1.168
699	-1.478
700	1.252
701	0.502
702	2.612
703	2.332
704	2.012
705	1.912
706	1.752
707	1.382
708	1.052
709	0.982
710	0.982
711	1.342
712	1.022
713	-1.348
714	-0.228
715	1.382
716	2.502
717	2.432
718	2.712
719	2.892
720	2.132
721	1.952
722	1.682
723	1.152
724	1.152
725	1.252
726	-1.078
727	-0.318
728	-0.288
729	0.092
730	0.212
731	-0.018
732	0.212
733	0.672
734	1.302
735	1.092
736	1.202
737	0.462
738	0.692
739	0.752
740	-0.148
741	-0.158
742	-0.118
743	-0.298
744	0.482
745	0.002
746	0.382
747	-0.078
748	0.492
749	0.292
750	0.822
751	-0.588
752	-0.268
753	-0.058
754	-0.178
755	-0.358
756	-0.108
757	-0.478
758	-0.208
759	0.032
760	-0.208
761	-0.338
762	0.972
763	1.382
764	1.162
765	-0.308
766	-0.228
767	-0.068
768	-0.498
769	0.532
770	-0.428
771	-0.348
772	-0.268
773	0.922
774	-0.738
775	-0.098
776	-0.088
777	0.192
778	-0.528
779	-0.448
780	-0.658
781	-0.868
782	-0.288
783	-0.078
784	-0.218
785	-2.008
786	-0.788
787	-0.238
788	0.542
789	-1.018
790	-0.118
791	-0.018
792	-0.728
793	-0.988
794	-0.918
795	-0.558
796	-0.648
797	-0.228
798	-0.548
799	-0.298
800	-0.328
801	-1.068
802	-0.468
803	-0.188
804	-0.178
805	-0.178
806	-0.478
807	0.362
808	0.192
809	0.122
810	-0.788
811	-0.758
812	-1.368
813	-0.288
814	0.032
815	-0.508
816	-0.948
817	0.202
818	1.302
819	0.982
820	-0.658
821	0.692
822	-0.648
823	-0.078
824	-1.278
825	-0.868
826	-1.728
827	-0.978
828	-0.248
829	-0.358
830	0.052
831	1.462
832	-0.888
833	-0.128
834	-0.908
835	-0.248
836	0.362
837	1.072
838	-0.278
839	0.002
840	-1.018
841	-0.278
842	-0.968
843	-1.018
844	-0.968
845	-0.988
846	-0.798
847	-0.198
848	-0.938
849	-0.528
850	-0.538
851	-0.258
852	-0.458
853	-0.148
854	-1.208
855	-0.608
856	-0.438
857	-0.388
858	0.112
859	-0.468
860	0.292
861	-0.958
862	-0.768
863	-0.578
864	0.512
865	0.172
866	-1.088
867	-0.628
868	-0.258
869	1.472
870	-0.428
871	-0.918
872	1.972
873	-1.458
874	-0.848
875	-1.078
876	0.512
877	0.392
878	-0.028
879	-1.078
880	-0.628
881	-1.178
882	-0.628
883	-0.798
884	0.462
885	1.072
886	0.432
887	0.202
888	0.482
889	-0.378
890	-0.038
891	0.432
892	-0.638
893	0.092
894	-0.648
895	-0.438
896	-0.138
897	-0.648
898	-0.008
899	-0.648
900	0.332
901	-0.718
902	-0.118
903	-0.498
904	-0.368
905	-0.058
906	-0.768
907	-0.868
908	-0.778
909	0.302
910	-0.438
911	-0.258
912	-0.438
913	-0.198
914	-0.068
915	-0.198
916	-0.928
917	-1.598
918	-0.558
919	-0.948
920	-0.918
921	0.852
922	-0.118
923	-0.538
924	-0.768
925	-0.148
926	-0.098
927	0.042
928	-0.848
929	-1.108
930	-0.378
931	-0.468
932	-0.668
933	-0.578
934	-0.708
935	-0.698
936	-1.158
937	-1.198
938	-0.198
939	-0.208
940	-0.648
941	-1.268
942	-0.528
943	-1.828
944	-0.628
945	-0.738
946	0.102
947	-0.678
948	0.172
949	-0.908
950	0.092
951	0.402
952	0.092
953	0.842
954	-0.598
955	2.372
956	1.862
957	1.642
958	0.152
959	1.102
960	0.342
961	0.922
962	1.652
963	0.022
964	-0.558
965	-0.238
966	-0.988
967	-2.568
968	-1.538
969	-0.848
970	-1.748
971	-0.068
972	-0.628
973	-1.518
974	-1.238
975	-0.678
976	-0.388
977	-1.138
978	0.452
979	-0.658
980	-0.048
981	-0.578
982	-0.178
983	-0.848
984	0.112
985	0.072
986	-0.358
987	0.762
988	-0.588
989	0.042
990	0.052
991	-0.928
992	-0.198
993	-1.188
994	-0.768
995	-1.188
996	-1.548
997	-0.558
998	-1.188
999	0.002
1000	-0.258
1001	-0.578
1002	-0.548
1003	0.232
1004	0.692
1005	-0.128
1006	0.592
1007	-0.138
1008	-0.408
1009	0.642
1010	0.482
1011	0.102
1012	0.482
1013	0.222
1014	0.132
1015	0.802
1016	1.612
1017	-0.108
1018	0.252
1019	-0.048
1020	1.682
1021	-0.148
1022	0.172
1023	-0.418
1024	-0.218
1025	-0.138
1026	-0.238
1027	-0.968
1028	-1.048
1029	-0.778
1030	0.342
1031	-0.228
1032	-0.028
1033	-0.478
1034	0.292
1035	-1.118
1036	0.142
1037	-0.408
1038	0.152
1039	-0.908
1040	-1.378
1041	-0.078
1042	0.692
1043	0.272
1044	0.372
1045	0.252
1046	-0.728
1047	-1.828
1048	-0.028
1049	0.202
1050	-1.198
1051	-0.058
1052	0.362
1053	0.162
1054	0.342
1055	0.112
1056	-0.768
1057	0.342
1058	-0.608
1059	-1.218
1060	-1.158
1061	0.392
1062	0.512
1063	-0.708
1064	-2.708
1065	-0.588
1066	-0.678
1067	0.862
1068	-0.828
1069	-0.228
1070	-0.728
1071	0.292
1072	-0.268
1073	0.282
1074	-0.098
1075	0.632
1076	0.922
1077	-0.338
1078	-0.238
1079	0.052
1080	-0.778
1081	-0.608
1082	-0.218
1083	-0.798
1084	-0.958
1085	0.692
1086	2.232
1087	0.902
1088	0.492
1089	-0.488
1090	0.012
1091	-0.628
1092	0.492
1093	0.512
1094	-0.518
1095	-0.188
1096	-0.008
1097	-0.138
1098	-0.238
1099	0.352
1100	-0.328
1101	-0.338
1102	-1.358
1103	0.542
1104	0.772
1105	-0.488
1106	0.692
1107	-0.028
1108	-0.038
1109	0.282
1110	-0.108
1111	-0.578
1112	-0.088
1113	-0.478
1114	-0.318
1115	-0.138
1116	-0.188
1117	-0.178
1118	-0.778
1119	-0.268
1120	-0.678
1121	0.622
1122	0.012
1123	0.242
1124	-0.788
1125	0.002
1126	-2.348
1127	-0.288
1128	0.412
1129	-0.738
1130	-0.528
1131	-0.658
1132	-0.978
1133	-0.018
1134	-0.158
1135	-0.608
1136	-1.198
1137	0.142
1138	-1.568
1139	-0.198
1140	-0.698
1141	-0.418
1142	0.042
1143	0.872
1144	-0.228
1145	-0.938
1146	-0.308
1147	-0.318
1148	-0.048
1149	-0.168
1150	0.072
1151	0.232
1152	-0.198
1153	0.702
1154	0.022
1155	0.222
1156	0.002
1157	-2.158
1158	0.272
1159	-1.038
1160	0.222
1161	-1.048
1162	-0.398
1163	-0.778
1164	-1.328
1165	-0.798
1166	-0.228
1167	-0.088
1168	-0.048
1169	-0.698
1170	-0.398
1171	-0.818
1172	-0.558
1173	-1.348
1174	-0.488
1175	-0.398
1176	-0.708
1177	-0.238
1178	-1.018
1179	-0.658
1180	0.122
1181	-0.988
1182	1.362
1183	-0.718
1184	-0.348
1185	0.432
1186	-0.338
1187	-0.148
1188	-0.788
1189	-1.038
1190	-0.768
1191	-1.208
1192	-1.108
1193	-1.068
1194	-1.888
1195	-0.978
1196	-0.148
1197	-0.738
1198	-1.208
1199	-0.408
1200	-0.118
1201	0.182
1202	1.292
1203	0.372
1204	1.392
1205	0.352
1206	0.552
1207	0.462
1208	0.392
1209	-0.448
1210	-0.818
1211	0.902
1212	0.422
1213	-0.768
1214	-0.188
1215	-0.638
1216	-0.538
1217	0.012
1218	0.182
1219	0.082
1220	-0.148
1221	0.292
1222	-0.728
1223	-0.018
1224	-0.528
1225	-0.178
1226	-0.018
1227	-0.218
1228	-1.168
1229	-1.048
1230	-0.618
1231	-0.798
1232	-1.218
1233	-0.588
1234	0.692
1235	-0.758
1236	-0.018
1237	-0.038
1238	-0.348
1239	0.182
1240	0.242
1241	-0.758
1242	-0.568
1243	-0.308
1244	0.232
1245	-0.408
1246	-0.628
1247	-0.648
1248	-0.878
1249	-0.168
1250	0.882
1251	0.752
1252	-0.798
1253	0.432
1254	0.682
1255	-2.968
1256	-0.298
1257	-0.588
1258	-0.368
1259	0.062
1260	0.212
1261	-0.768
1262	-4.248
1263	-0.618
1264	-0.038
1265	-1.198
1266	-0.378
1267	-4.438
1268	-0.388
1269	0.062
1270	-0.518
1271	-0.718
1272	-0.308
1273	-0.458
1274	-0.478
1275	-0.888
1276	0.152
1277	-0.788
1278	-0.888
1279	-0.218
1280	0.412
1281	-0.388
1282	-0.778
1283	-0.088
1284	0.722
1285	0.422
1286	0.402
1287	0.362
1288	0.152
1289	-0.178
1290	0.032
1291	-0.328
1292	-0.088
1293	0.152
1294	-0.698
1295	0.192
1296	0.202
1297	-0.268
1298	-0.388
1299	-0.348
1300	-0.968
1301	-0.838
1302	1.002
1303	-0.128
1304	0.252
1305	0.202
1306	0.162
1307	0.282
1308	0.652
1309	-0.138
1310	-0.228
1311	-0.418
1312	-0.018
1313	-0.198
1314	-0.128
1315	-0.078
1316	0.272
1317	-0.158
1318	0.002
1319	-0.358
1320	-0.668
1321	-0.708
1322	-1.278
1323	-0.858
1324	-0.398
1325	0.572
1326	-0.698
1327	-0.388
1328	-0.188
1329	-0.588
1330	-0.408
1331	0.052
1332	-0.528
1333	-0.108
1334	-0.398
1335	-0.018
1336	-0.838
1337	-0.258
1338	0.502
1339	-1.258
1340	-0.668
1341	-0.638
1342	-1.208
1343	-0.738
1344	-1.088
1345	-1.398
1346	-1.178
1347	-0.928
1348	-1.068
1349	-1.258
1350	0.162
1351	-0.368
1352	-0.008
1353	-0.008
1354	0.742
1355	-0.448
1356	-0.298
1357	-0.768
1358	-0.058
1359	0.752
1360	-0.518
1361	-0.248
1362	0.042
1363	-1.008
1364	-0.418
1365	-0.148
1366	-0.468
1367	-1.238
1368	-1.248
1369	0.152
1370	-0.538
1371	-0.188
1372	0.022
1373	0.252
1374	-0.698
1375	0.202
1376	0.322
1377	0.712
1378	-0.158
1379	-0.848
1380	-0.318
1381	-0.938
1382	-0.518
1383	-0.308
1384	-0.708
1385	0.352
1386	-0.868
1387	-0.188
1388	-0.008
1389	2.552
1390	1.352
1391	3.212
1392	1.832
1393	2.922
1394	1.572
1395	0.942
1396	0.322
1397	0.862
1398	1.052
1399	0.812
1400	0.702
1401	-0.028
1402	0.042
1403	-2.348
1404	-2.238
1405	-0.258
1406	-0.548
1407	-1.168
1408	-1.098
1409	-0.698
1410	-0.228
1411	-0.158
1412	-1.008
1413	-0.748
1414	-0.818
1415	0.312
1416	0.332
1417	0.592
1418	-0.418
1419	-0.168
1420	-0.318
1421	-0.138
1422	0.692
1423	-0.118
1424	-2.188
1425	-0.728
1426	-0.158
1427	-0.668
1428	-0.438
1429	-1.128
1430	-0.478
1431	-0.678
1432	-0.468
1433	-0.018
1434	-0.438
1435	-0.948
1436	-0.548
1437	-0.798
1438	-0.398
1439	-0.188
1440	-0.568
1441	-0.308
1442	-1.098
1443	0.022
1444	-0.478
1445	-0.308
1446	-0.018
1447	0.092
1448	-0.108
1449	-0.968
1450	0.652
1451	0.202
1452	-0.398
1453	0.052
1454	-0.348
1455	-0.228
1456	-0.308
1457	-0.258
1458	-0.278
1459	0.122
1460	0.372
1461	1.832
1462	0.162
1463	1.202
1464	-0.048
1465	0.372
1466	-0.148
1467	-0.208
1468	1.152
1469	0.352
1470	0.002
1471	-0.388
1472	-0.308
1473	0.422
1474	1.272
1475	1.742
1476	1.992
1477	1.702
1478	2.262
1479	0.072
1480	0.392
1481	-0.568
1482	-0.328
1483	-0.498
1484	1.312
1485	0.252
1486	-0.118
1487	-0.308
1488	1.052
1489	-0.058
1490	-0.068
1491	0.082
1492	0.022
1493	-0.178
1494	-0.808
1495	0.692
1496	1.602
1497	5.152
1498	-0.778
1499	-0.898
1500	-1.278
1501	-0.488
1502	-0.478
1503	-0.188
1504	-1.368
1505	-0.828
1506	-0.068
1507	-0.128
1508	0.032
1509	-0.468
1510	0.302
1511	0.082
1512	-0.418
1513	-0.498
1514	0.692
1515	-3.218
1516	-0.048
1517	-0.078
1518	-2.558
1519	-0.108
1520	0.132
1521	-0.558
1522	-0.468
1523	0.022
1524	-0.228
1525	0.002
1526	0.082
1527	0.162
1528	0.022
1529	0.212
1530	-0.118
1531	0.632
1532	0.872
1533	-0.098
1534	-0.438
1535	0.572
1536	-0.298
1537	-0.938
1538	-0.608
1539	-0.348
1540	0.032
1541	-0.368
1542	-0.278
1543	-0.058
1544	-0.698
1545	0.022
1546	-0.648
1547	2.482
1548	-0.018
1549	-0.178
1550	0.092
1551	-0.718
1552	-0.798
1553	-0.688
1554	-0.438
1555	-0.768
1556	-0.388
1557	-0.268
1558	-0.018
1559	-0.548
1560	-0.558
1561	-0.168
1562	-1.618
1563	-0.388
1564	-2.168
1565	-0.308
1566	-1.768
1567	0.932
1568	0.202
1569	-0.368
1570	-0.018
1571	0.812
1572	0.072
1573	-1.028
1574	-1.288
1575	-0.868
1576	-0.968
1577	-1.018
1578	-0.708
1579	-0.468
1580	-0.468
1581	-1.138
1582	-0.628
1583	1.362
1584	-0.888
1585	-1.108
1586	-0.868
1587	-0.448
1588	-1.608
1589	-1.538
1590	-1.398
1591	-0.868
1592	-0.818
1593	-1.098
1594	-1.088
1595	-0.018
1596	-0.778
1597	-0.378
1598	-0.198
1599	-0.758
1600	-0.338
1601	1.122
1602	0.692
1603	0.422
1604	2.182
1605	-0.338
1606	-0.168
1607	0.502
1608	0.362
1609	1.192
1610	-0.538
1611	-0.158
1612	-0.788
1613	-0.388
1614	-0.558
1615	-0.458
1616	-0.378
1617	-0.328
1618	-0.528
1619	0.462
1620	0.062
1621	-0.258
1622	-0.228
1623	0.012
1624	-0.358
1625	-0.338
1626	-0.468
1627	-0.098
1628	-0.318
1629	0.782
1630	-0.238
1631	-1.078
1632	-2.258
1633	-1.698
1634	-2.168
1635	-1.718
1636	-0.398
1637	-1.148
1638	0.272
1639	-0.638
1640	-0.308
1641	0.492
1642	1.392
1643	0.782
1644	-0.028
1645	0.162
1646	-0.638
1647	0.052
1648	0.762
1649	0.312
1650	0.192
1651	-1.268
1652	0.042
1653	1.672
1654	1.902
1655	1.382
1656	0.582
1657	-0.918
1658	-1.618
1659	-0.408
1660	-1.698
1661	0.232
1662	1.092
1663	-1.018
1664	1.282
1665	1.322
1666	1.402
1667	1.672
1668	1.412
1669	0.122
1670	0.892
1671	-0.318
1672	-0.368
1673	-0.298
1674	-0.358
1675	-0.888
1676	-1.658
1677	-0.348
1678	-0.568
1679	-0.528
1680	-0.178
1681	-0.408
1682	-0.338
1683	1.252
1684	-0.308
1685	-0.848
1686	-0.478
1687	-1.558
1688	-0.028
1689	-0.338
1690	-0.778
1691	-1.228
1692	-1.508
1693	-0.158
1694	0.162
1695	0.182
1696	-0.098
1697	0.292
1698	-0.488
1699	0.232
1700	-0.388
1701	0.122
1702	-0.008
1703	0.882
1704	0.082
1705	0.212
1706	-0.998
1707	-0.348
1708	-0.218
1709	-1.668
1710	-1.578
1711	0.082
1712	-0.438
1713	-0.888
1714	-0.948
1715	0.542
1716	0.252
1717	0.422
1718	-0.168
1719	0.292
1720	0.212
1721	0.292
1722	-0.228
1723	-0.148
1724	-0.628
1725	-0.158
1726	-1.458
1727	-0.738
1728	-0.808
1729	-1.988
1730	-1.338
1731	-0.548
1732	-0.608
1733	-0.758
1734	-0.858
1735	-0.888
1736	-0.278
1737	-1.178
1738	0.782
1739	-1.138
1740	0.632
1741	-0.268
1742	0.002
1743	0.052
1744	0.592
1745	5.182
1746	0.512
1747	0.532
1748	4.002
1749	4.702
1750	6.052
1751	-1.038
1752	0.002
1753	0.032
1754	-1.138
1755	-0.738
1756	0.232
1757	0.422
1758	-0.638
1759	0.052
1760	1.252
1761	1.352
1762	0.812
1763	0.352
1764	-0.988
1765	-0.938
1766	-0.848
1767	-0.318
1768	-0.488
1769	-0.508
1770	-0.268
1771	-0.208
1772	0.002
1773	-0.058
1774	-0.138
1775	-0.168
1776	-0.308
1777	-0.148
1778	-0.358
1779	-0.128
1780	-0.558
1781	-0.298
1782	0.242
1783	-0.048
1784	0.062
1785	-0.788
1786	0.642
1787	-1.088
1788	-0.148
1789	0.092
1790	-0.108
1791	0.352
1792	0.332
1793	-0.588
1794	0.032
1795	-0.738
1796	-0.508
1797	-0.458
1798	-0.578
1799	-0.638
1800	-0.138
1801	-0.078
1802	0.272
1803	0.192
1804	0.572
1805	0.492
1806	0.662
1807	-0.538
1808	-0.448
1809	-0.918
1810	-0.608
1811	-1.498
1812	2.452
1813	0.612
1814	-0.268
1815	-0.918
1816	-1.078
1817	-0.548
1818	-1.118
1819	-0.378
1820	-0.678
1821	-0.488
1822	0.032
1823	0.212
1824	0.072
1825	4.062
1826	6.752
1827	0.192
1828	0.342
1829	-0.538
1830	0.672
1831	0.542
1832	0.592
1833	0.482
1834	-0.208
1835	-0.148
1836	0.122
1837	-0.528
1838	0.622
1839	-0.448
1840	0.632
1841	-0.068
1842	-0.158
1843	-0.478
1844	-0.278
1845	-0.478
1846	0.692
1847	0.022
1848	0.052
1849	-0.418
1850	0.122
1851	3.082
1852	0.692
1853	0.692
1854	0.622
1855	-1.138
1856	1.152
1857	-0.838
1858	-0.648
1859	-0.908
1860	-0.908
1861	0.392
1862	0.112
1863	-0.008
1864	-0.018
1865	-0.178
1866	0.382
1867	-0.098
1868	-0.928
1869	-0.388
1870	0.392
1871	-0.198
1872	-0.508
1873	-0.068
1874	0.502
1875	0.142
1876	-0.928
1877	0.632
1878	0.212
1879	-0.398
1880	-0.028
1881	0.122
1882	-0.988
1883	-1.958
1884	-1.208
1885	-0.488
1886	-0.458
1887	0.072
1888	0.132
1889	-0.328
1890	0.802
1891	0.422
1892	0.162
1893	-0.498
1894	-1.138
1895	-1.388
1896	-0.888
1897	-0.708
1898	-0.468
1899	1.232
1900	2.472
1901	1.312
1902	0.032
1903	0.252
1904	0.122
1905	-0.798
1906	-0.658
1907	-1.178
1908	-1.028
1909	-0.228
1910	0.692
1911	-0.248
1912	0.012
1913	-0.318
1914	0.032
1915	0.212
1916	-0.638
1917	-0.268
1918	-0.548
1919	0.602
1920	-0.438
1921	-0.578
1922	-0.168
1923	0.692
1924	-2.478
1925	-0.308
1926	0.692
1927	-0.308
1928	0.282
1929	0.642
1930	-0.588
1931	-0.118
1932	-0.048
1933	-0.298
1934	0.552
1935	0.222
1936	-0.238
1937	-0.298
1938	-0.948
1939	0.142
1940	-1.198
1941	0.052
1942	-1.358
1943	0.552
1944	0.152
1945	-0.218
1946	-0.328
1947	0.142
1948	0.692
1949	-0.048
1950	-1.268
1951	0.012
1952	-1.448
1953	0.212
1954	0.042
1955	0.312
1956	0.132
1957	-0.648
1958	-0.178
1959	-0.158
1960	-0.438
1961	-0.008
1962	-0.758
1963	-0.278
1964	-1.078
1965	0.082
1966	-0.578
1967	-0.008
1968	-0.468
1969	-0.308
1970	0.142
1971	0.072
1972	1.062
1973	0.482
1974	0.412
1975	0.502
1976	0.082
1977	-0.348
1978	0.272
1979	-0.708
1980	0.062
1981	-0.248
1982	-1.298
1983	-1.598
1984	-1.808
1985	-0.488
1986	-1.118
1987	-0.568
1988	0.692
1989	-0.578
1990	-1.728
1991	-1.108
1992	-0.208
1993	-0.628
1994	-2.528
1995	-0.518
1996	-0.148
1997	-1.078
1998	-0.268
1999	-0.698
2000	-0.498
2001	0.262
2002	0.422
2003	-0.698
2004	0.952
2005	-0.358
2006	3.112
2007	0.272
2008	0.902
2009	0.112
2010	-0.678
2011	4.122
2012	4.132
2013	0.372
2014	-0.528
2015	0.102
2016	0.372
2017	1.172
2018	4.012
2019	5.612
2020	6.212
2021	3.062
2022	5.852
2023	0.732
2024	-0.608
2025	-0.978
2026	0.092
2027	-0.508
2028	0.182
2029	0.162
2030	-0.008
2031	1.472
2032	0.052
2033	0.022
2034	0.272
2035	0.192
2036	0.502
2037	0.202
2038	0.342
2039	2.612
2040	4.002
2041	-0.028
2042	0.162
2043	3.442
2044	6.432
2045	6.152
2046	7.912
2047	6.992
2048	1.052
2049	0.382
2050	0.112
2051	0.082
2052	0.412
2053	-1.078
2054	-0.168
2055	0.182
2056	0.552
2057	0.402
2058	0.272
2059	-0.268
2060	-0.678
2061	0.452
2062	-0.298
2063	-0.288
2064	0.242
2065	1.132
2066	0.052
2067	-1.398
2068	-1.728
2069	-0.048
2070	1.052
2071	1.722
2072	0.852
2073	1.132
2074	-0.008
2075	-0.008
2076	0.822
2077	0.622
2078	-0.478
2079	0.282
2080	0.142
2081	-0.138
2082	-0.548
2083	0.022
2084	-0.118
2085	-0.088
2086	-0.788
2087	-0.668
2088	-0.708
2089	-0.738
2090	-3.598
2091	-0.228
2092	-0.648
2093	-0.418
2094	-0.348
2095	0.442
2096	-0.108
2097	0.362
2098	-0.148
2099	-0.558
2100	-0.468
2101	-1.048
2102	-0.718
2103	-0.588
2104	0.662
2105	-0.018
2106	-0.148
2107	-0.658
2108	-0.448
2109	-0.968
2110	-0.578
2111	0.412
2112	-0.528
2113	-0.438
2114	-0.208
2115	0.282
2116	-0.268
2117	0.352
2118	-0.008
2119	-0.608
2120	-0.338
2121	-0.038
2122	-0.058
2123	1.822
2124	1.672
2125	-1.198
2126	-0.738
2127	-0.788
2128	-0.758
2129	0.772
2130	1.012
2131	-1.258
2132	-0.168
2133	-0.228
2134	0.002
2135	-0.868
2136	0.532
2137	0.392
2138	-0.218
2139	-0.968
2140	-0.438
2141	0.362
2142	1.472
2143	0.542
2144	0.122
2145	0.132
2146	-0.148
2147	-0.528
2148	-0.058
2149	-0.578
2150	0.082
2151	-1.238
2152	-1.148
2153	-0.868
2154	0.182
2155	0.182
2156	0.682
2157	1.012
2158	-0.468
2159	-0.148
2160	0.162
2161	-0.108
2162	-0.318
2163	-1.538
2164	-0.818
2165	-1.158
2166	-0.938
2167	-0.628
2168	-0.958
2169	-0.048
2170	-0.638
2171	-0.058
2172	0.052
2173	0.082
2174	0.232
2175	-0.298
2176	-0.958
2177	-0.118
2178	0.802
2179	-0.248
2180	-0.238
2181	-0.578
2182	-0.098
2183	-0.798
2184	-0.138
2185	-0.278
2186	0.192
2187	0.062
2188	-0.328
2189	0.142
2190	-0.008
2191	0.542
2192	-0.108
2193	-0.698
2194	-0.018
2195	0.732
2196	0.462
2197	0.762
2198	-0.068
2199	0.572
2200	0.602
2201	1.052
2202	-0.918
2203	-0.148
2204	-1.668
2205	-0.138
2206	1.182
2207	0.152
2208	0.302
2209	-0.218
2210	-0.798
2211	-0.568
2212	-0.938
2213	0.592
2214	0.312
2215	-0.128
2216	-0.488
2217	1.722
2218	-0.268
2219	0.722
2220	-0.038
2221	0.932
2222	0.072
2223	0.302
2224	0.002
2225	-0.178
2226	0.742
2227	1.632
2228	-0.028
2229	0.722
2230	-0.298
2231	-0.218
2232	-0.398
2233	-0.388
2234	-0.258
2235	-0.478
2236	1.472
2237	0.802
2238	0.012
2239	-0.178
2240	-0.608
2241	2.752
2242	1.762
2243	-0.068
2244	-0.458
2245	-0.108
2246	0.692
2247	3.232
2248	-0.118
2249	-0.368
2250	-0.298
2251	-0.418
2252	0.092
2253	0.082
2254	-0.128
2255	0.112
2256	0.332
2257	0.052
2258	2.442
2259	2.992
2260	4.432
2261	4.722
2262	4.442
2263	3.112
2264	0.462
2265	0.092
2266	-0.128
2267	0.282
2268	-0.108
2269	-1.698
2270	-0.558
2271	0.032
2272	-0.488
2273	-0.108
2274	0.372
2275	-0.318
2276	-0.558
2277	0.002
2278	-0.658
2279	0.142
2280	-1.168
2281	0.072
2282	-0.668
2283	0.362
2284	0.062
2285	-0.198
2286	0.052
2287	1.772
2288	1.022
2289	-0.098
2290	-0.478
2291	1.232
2292	0.842
2293	-0.398
2294	-0.078
2295	-0.558
2296	-0.408
2297	-0.738
2298	-0.348
2299	-0.348
2300	-0.518
2301	-0.558
2302	0.182
2303	0.102
2304	-0.148
2305	-0.578
2306	-0.168
2307	-0.868
2308	-0.438
2309	-0.708
2310	0.862
2311	-0.508
2312	0.012
2313	-0.498
2314	-0.038
2315	1.122
2316	0.302
2317	0.172
2318	-0.468
2319	3.012
2320	0.692
2321	-0.118
2322	-0.508
2323	0.032
2324	-1.688
2325	-0.538
2326	-0.648
2327	-0.348
2328	0.022
2329	-0.928
2330	-0.668
2331	-0.268
2332	-0.048
2333	0.962
2334	-1.078
2335	-0.268
2336	-0.558
2337	0.072
2338	-0.758
2339	-0.258
2340	-0.578
2341	-0.338
2342	-0.958
2343	-0.368
2344	-0.618
2345	-1.238
2346	-0.058
2347	-2.308
2348	-0.008
2349	-0.968
2350	-0.488
2351	-0.968
2352	-0.398
2353	-0.868
2354	-0.508
2355	-1.008
2356	-0.048
2357	0.142
2358	-0.058
2359	-0.468
2360	0.602
2361	0.102
2362	0.402
2363	0.642
2364	-0.048
2365	-0.968
2366	-1.438
2367	-0.358
2368	0.312
2369	-1.248
2370	0.162
2371	-0.848
2372	0.032
2373	0.152
2374	-0.298
2375	-1.228
2376	-0.528
2377	-0.928
2378	-0.548
2379	0.602
2380	-1.288
2381	-1.348
2382	-1.818
2383	-1.668
2384	-1.928
2385	-1.358
2386	-0.308
2387	0.412
2388	-0.298
2389	-0.038
2390	-0.478
2391	-0.538
2392	-0.288
2393	-0.278
2394	-0.618
2395	-0.268
2396	-0.148
2397	-0.058
2398	-0.468
2399	-0.428
2400	-0.008
2401	0.692
2402	-0.798
2403	-0.348
2404	-0.608
2405	-0.418
2406	-0.568
2407	-0.778
2408	-1.208
2409	-1.258
2410	-0.718
2411	-0.108
2412	0.292
2413	0.282
2414	-0.078
2415	0.032
2416	-0.048
2417	-0.018
2418	0.102
2419	0.172
2420	0.692
2421	-0.568
2422	-0.748
2423	-0.188
2424	-0.558
2425	-0.558
2426	0.522
2427	-1.108
2428	2.522
2429	-0.198
2430	0.082
2431	-0.708
2432	0.662
2433	0.302
2434	0.582
2435	0.302
2436	1.222
2437	-0.398
2438	0.042
2439	-0.178
2440	0.002
2441	-0.648
2442	-0.678
2443	-0.388
2444	0.982
2445	1.262
2446	0.232
2447	-0.228
2448	0.192
2449	-0.038
2450	-1.168
2451	0.392
2452	0.132
2453	-0.758
2454	-0.668
2455	0.422
2456	1.412
2457	2.232
2458	2.282
2459	0.762
2460	-0.428
2461	1.522
2462	0.602
2463	0.232
2464	0.522
2465	0.002
2466	3.492
2467	0.192
2468	0.442
2469	0.712
2470	1.112
2471	0.662
2472	-0.368
2473	-0.598
2474	0.122
2475	-0.288
2476	-0.708
2477	0.042
2478	1.592
2479	0.202
2480	0.162
2481	0.532
2482	0.082
2483	0.542
2484	1.242
2485	-0.318
2486	-0.648
2487	-0.638
2488	-1.058
2489	-0.228
2490	-0.808
2491	-0.648
2492	0.232
2493	0.482
2494	-0.018
2495	-0.528
2496	0.302
2497	-1.628
2498	-0.678
2499	-0.668
2500	-0.598
2501	-1.528
2502	0.542
2503	0.282
2504	0.772
2505	0.322
2506	1.472
2507	-0.758
2508	0.512
2509	-0.038
2510	-0.138
2511	-0.768
2512	-0.598
2513	-0.768
2514	-0.578
2515	-0.818
2516	-0.408
2517	-0.188
2518	-0.858
2519	0.162
2520	0.142
2521	-0.188
2522	-0.018
2523	-0.518
2524	0.192
2525	-0.028
2526	0.222
2527	0.792
2528	-0.138
2529	0.402
2530	-0.258
2531	-0.268
2532	-1.038
2533	-0.548
2534	1.052
2535	1.282
2536	1.452
2537	0.082
2538	0.162
2539	0.212
2540	2.012
2541	-0.738
2542	0.252
2543	0.712
2544	0.172
2545	0.372
2546	-0.478
2547	-0.638
2548	-0.378
2549	0.852
2550	0.762
2551	0.682
2552	0.432
2553	-0.258
2554	-0.118
2555	0.412
2556	0.282
2557	0.442
2558	0.102
2559	-0.288
2560	-0.768
2561	-1.438
2562	-0.418
2563	-0.208
2564	-0.688
2565	-0.388
2566	-0.368
2567	-0.138
2568	-0.608
2569	-0.338
2570	-0.648
2571	-0.628
2572	-0.528
2573	-0.398
2574	-0.908
2575	0.592
2576	0.612
2577	0.252
2578	-0.628
2579	1.162
2580	1.272
2581	0.172
2582	-1.218
2583	-0.698
2584	-0.208
2585	0.032
2586	-0.348
2587	-0.048
2588	0.022
2589	0.172
2590	1.692
2591	-0.198
2592	-0.508
2593	0.802
2594	-0.088
2595	-0.508
2596	0.022
2597	0.142
2598	1.992
2599	-0.098
2600	0.612
2601	1.042
2602	0.502
2603	0.022
2604	0.062
2605	0.532
2606	-1.668
2607	1.472
2608	-0.078
2609	-0.088
2610	1.182
2611	0.372
2612	-0.118
2613	0.642
2614	0.432
2615	0.502
2616	-0.848
2617	0.242
2618	-0.598
2619	0.782
2620	-0.158
2621	0.192
2622	0.532
2623	0.822
2624	-0.188
2625	0.452
2626	0.472
2627	0.482
2628	0.212
2629	0.742
2630	0.562
2631	3.652
2632	0.082
2633	0.002
2634	-0.138
2635	0.342
2636	0.312
2637	2.082
2638	0.382
2639	6.792
2640	4.442
2641	2.902
2642	5.992
2643	5.772
2644	7.422
2645	1.972
2646	4.402
2647	3.622
2648	-0.158
2649	0.492
2650	0.272
2651	-3.948
2652	1.332
2653	0.272
2654	-1.628
2655	0.542
2656	-1.088
2657	0.002
2658	-0.298
2659	-0.488
2660	-1.118
2661	0.212
2662	0.662
2663	-0.128
2664	0.042
2665	-0.068
2666	-1.378
2667	-0.538
2668	-0.048
2669	-0.888
2670	0.512
2671	0.772
2672	0.192
2673	0.492
2674	0.002
2675	-0.128
2676	-0.178
2677	0.132
2678	-0.058
2679	-0.528
2680	0.032
2681	-0.238
2682	-0.178
2683	0.032
2684	-1.288
2685	-0.388
2686	-0.248
2687	0.192
2688	-0.018
2689	0.372
2690	0.452
2691	-0.228
2692	-0.778
2693	0.312
2694	-0.048
2695	-0.258
2696	-0.648
2697	-1.088
2698	-1.178
2699	0.792
2700	0.652
2701	0.332
2702	-0.088
2703	0.062
2704	-0.228
2705	-0.718
2706	0.622
2707	-0.168
2708	0.352
2709	-0.058
2710	0.172
2711	-1.568
2712	0.352
2713	0.892
2714	0.632
2715	0.882
2716	0.692
2717	0.742
2718	-0.518
2719	1.352
2720	0.552
2721	-1.058
2722	-0.348
2723	-1.098
2724	-0.228
2725	-0.238
2726	-2.668
2727	-0.918
2728	-0.218
2729	-1.738
2730	-0.008
2731	-0.098
2732	-1.768
2733	-1.988
2734	0.142
2735	0.692
2736	-1.348
2737	-0.098
2738	0.692
2739	-3.508
2740	-0.738
2741	-0.218
2742	0.252
2743	-0.238
2744	-0.948
2745	-1.458
2746	-1.118
2747	-0.168
2748	0.172
2749	0.862
2750	0.272
2751	-0.578
2752	-0.398
2753	-0.748
2754	0.162
2755	1.012
2756	-0.268
2757	-0.698
2758	-0.308
2759	0.262
2760	-0.828
2761	-0.948
2762	-1.188
2763	-0.218
2764	-1.098
2765	0.112
2766	-0.228
2767	-0.468
2768	-0.468
2769	-0.398
2770	0.522
2771	0.982
2772	-0.748
2773	-2.408
2774	-0.848
2775	-0.808
2776	-0.758
2777	-1.298
2778	-1.118
2779	0.732
2780	-0.308
2781	0.462
2782	-0.408
2783	-0.038
2784	-1.178
2785	0.302
2786	-0.708
2787	0.012
2788	-0.168
2789	-0.828
2790	-0.548
2791	-0.598
2792	0.242
2793	-0.658
2794	-0.508
2795	0.122
2796	-1.278
2797	-1.088
2798	-0.758
2799	0.272
2800	1.082
2801	0.612
2802	0.222
2803	0.252
2804	0.102
2805	-0.258
2806	-0.208
2807	-0.628
2808	-0.668
2809	-0.298
2810	0.272
2811	0.462
2812	0.402
2813	-0.208
2814	0.102
2815	0.252
2816	-0.348
2817	-0.158
2818	-0.438
2819	0.602
2820	-0.308
2821	0.582
2822	-0.038
2823	0.202
2824	-0.558
2825	0.562
2826	-0.408
2827	-0.218
2828	-0.288
2829	-0.048
2830	-0.218
2831	-0.018
2832	-0.418
2833	-0.558
2834	-1.318
2835	-0.308
2836	-0.498
2837	0.252
2838	0.212
2839	0.622
2840	-0.428
2841	-0.668
2842	-1.458
2843	-1.138
2844	-0.808
2845	-0.548
2846	-0.038
2847	1.512
2848	0.002
2849	-0.168
2850	0.352
2851	-0.118
2852	0.462
2853	0.012
2854	0.502
2855	0.612
2856	0.402
2857	0.542
2858	-0.578
2859	-0.738
2860	0.222
2861	1.012
2862	0.612
2863	-0.128
2864	-0.448
2865	-0.308
2866	0.332
2867	0.062
2868	-0.458
2869	-0.218
2870	0.142
2871	0.112
2872	-1.068
2873	-1.178
2874	0.092
2875	-0.108
2876	0.162
2877	-0.348
2878	0.302
2879	0.482
2880	0.222
2881	-0.598
2882	-0.258
2883	-0.928
2884	-1.378
2885	-0.478
2886	-0.248
2887	-0.488
2888	0.922
2889	0.922
2890	0.182
2891	-0.268
2892	0.432
2893	1.232
2894	-0.858
2895	-0.688
2896	-0.008
2897	-0.048
2898	0.322
2899	0.132
2900	0.922
2901	-0.458
2902	-0.348
2903	-0.398
2904	0.202
2905	1.102
2906	1.822
2907	2.022
2908	0.112
2909	-0.028
2910	-0.208
2911	-0.528
2912	0.582
2913	-0.508
2914	0.052
2915	-0.118
2916	-0.208
2917	-0.378
2918	-0.438
2919	-0.058
2920	0.702
2921	1.512
2922	-0.738
2923	0.092
2924	1.002
2925	1.192
2926	1.662
2927	0.082
2928	0.592
2929	-0.008
2930	-0.738
2931	0.092
2932	0.222
2933	0.972
2934	0.732
2935	-2.548
2936	-0.688
2937	-1.428
2938	0.222
2939	0.002
2940	0.312
2941	-0.088
2942	-0.358
2943	-0.888
2944	-0.188
2945	-0.018
2946	0.562
2947	1.222
2948	1.182
2949	0.172
2950	-0.518
2951	-0.648
2952	-0.118
2953	-0.078
2954	-0.278
2955	-0.338
2956	0.022
2957	0.652
2958	0.102
2959	-0.698
2960	0.752
2961	0.182
2962	0.352
2963	0.222
2964	0.272
2965	0.002
2966	0.302
2967	0.492
2968	0.332
2969	0.892
2970	0.072
2971	0.272
2972	0.292
2973	-0.378
2974	0.122
2975	0.252
2976	1.412
2977	0.002
2978	0.262
2979	-0.188
2980	-0.818
2981	-0.158
2982	-0.698
2983	-0.698
2984	-0.488
2985	-0.418
2986	0.582
2987	0.222
2988	0.642
2989	-1.238
2990	-0.298
2991	0.062
2992	0.882
2993	0.432
2994	-0.078
2995	-0.408
2996	-0.578
2997	0.312
2998	0.082
2999	-0.248
3000	-0.438
3001	-0.398
3002	-0.268
3003	-0.298
3004	-1.218
3005	-0.238
3006	-0.398
3007	0.562
3008	0.022
3009	-0.238
3010	0.002
3011	-0.588
3012	0.702
3013	0.472
3014	0.062
3015	-0.198
3016	-0.258
3017	-0.448
3018	0.642
3019	0.712
3020	0.632
3021	-0.368
3022	-0.298
3023	0.302
3024	0.202
3025	-0.868
3026	-0.088
3027	-0.148
3028	1.122
3029	1.342
3030	1.782
3031	0.122
3032	0.362
3033	-1.138
3034	1.092
3035	0.502
3036	0.952
3037	1.032
3038	-0.378
3039	0.472
3040	0.262
3041	0.272
3042	0.292
3043	0.842
3044	0.142
3045	1.922
3046	1.442
3047	0.922
3048	0.072
3049	0.582
3050	0.472
3051	0.082
3052	-0.008
3053	-0.208
3054	-0.198
3055	-0.248
3056	0.432
3057	0.542
3058	0.022
3059	-0.568
3060	2.862
3061	-0.138
3062	0.272
3063	0.692
3064	-1.078
3065	0.692
3066	-0.508
3067	-0.608
3068	-0.398
3069	-0.748
3070	-0.898
3071	-0.518
3072	-0.428
3073	-0.678
3074	-0.168
3075	-0.568
3076	-0.078
3077	-1.448
3078	-1.808
3079	0.302
3080	-0.448
3081	-0.828
3082	0.112
3083	-0.608
3084	-0.708
3085	0.292
3086	0.132
3087	-0.408
3088	0.162
3089	-0.338
3090	-0.528
3091	0.092
3092	-0.688
3093	0.382
3094	0.602
3095	0.542
3096	-0.168
3097	0.332
3098	-0.548
3099	0.262
3100	-2.808
3101	-2.868
3102	-2.768
3103	-3.458
3104	-2.578
3105	-2.998
3106	-2.538
3107	-1.428
3108	0.362
3109	-0.538
3110	0.862
3111	0.542
3112	0.352
3113	-0.528
3114	-0.158
3115	-0.068
3116	0.222
3117	0.212
3118	1.412
3119	0.722
3120	0.092
3121	0.152
3122	0.212
3123	-2.758
3124	-0.648
3125	0.812
3126	-0.458
3127	-0.428
3128	-0.448
3129	-0.468
3130	-0.178
3131	-0.588
3132	0.472
3133	0.232
3134	1.172
3135	1.212
3136	0.372
3137	0.272
3138	-0.308
3139	-0.068
3140	-0.568
3141	-0.818
3142	-1.938
3143	1.132
3144	0.692
3145	0.032
3146	2.022
3147	6.822
3148	6.842
3149	-0.278
3150	4.382
3151	6.702
3152	3.682
3153	0.442
3154	1.182
3155	-0.608
3156	0.402
3157	0.542
3158	-0.098
3159	0.132
3160	0.712
3161	-0.748
3162	-1.018
3163	-1.018
3164	-1.128
3165	-1.028
3166	-1.458
3167	-0.858
3168	-1.498
3169	-1.338
3170	-1.838
3171	-1.358
3172	-1.698
3173	-1.068
3174	-2.078
3175	-2.768
3176	-0.198
3177	-0.458
3178	-0.638
3179	-0.628
3180	-0.938
3181	-1.028
3182	-0.948
3183	-0.808
3184	1.262
3185	-0.608
3186	0.082
3187	-1.328
3188	-0.188
3189	-0.938
3190	-0.498
3191	-0.208
3192	0.132
3193	-0.938
3194	-0.188
3195	-0.658
3196	0.272
3197	-0.028
3198	-0.308
3199	0.022
3200	-0.008
3201	-0.028
3202	-0.498
3203	0.082
3204	-0.558
3205	0.302
3206	-0.338
3207	-0.308
3208	-1.218
3209	0.392
3210	-0.388
3211	0.942
3212	0.152
3213	-0.218
3214	-1.188
3215	-0.988
3216	0.432
3217	0.292
3218	0.102
3219	0.002
3220	-0.388
3221	-0.588
3222	0.222
3223	-0.908
3224	-1.338
3225	-0.348
3226	-1.028
3227	0.002
3228	0.532
3229	0.052
3230	0.192
3231	0.332
3232	-0.218
3233	0.172
3234	-0.608
3235	0.112
3236	1.532
3237	-0.458
3238	0.142
3239	0.142
3240	-0.728
3241	0.852
3242	-0.118
3243	-0.378
3244	-0.318
3245	-0.488
3246	-4.598
3247	-4.208
3248	-0.718
3249	-0.218
3250	-0.218
3251	0.002
3252	-0.828
3253	-0.608
3254	-0.818
3255	-0.148
3256	-0.998
3257	0.652
3258	-0.778
3259	-0.728
3260	-0.118
3261	-0.908
3262	-0.548
3263	-0.538
3264	-0.488
3265	-0.468
3266	-2.088
3267	-1.808
3268	-2.068
3269	-2.338
3270	-0.448
3271	0.152
3272	-0.588
3273	-0.158
3274	-0.468
3275	0.942
3276	0.692
3277	0.922
3278	0.322
3279	0.112
3280	-1.418
3281	-0.068
3282	0.112
3283	-0.808
3284	-0.998
3285	-1.178
3286	-2.338
3287	-1.738
3288	0.872
3289	-0.638
3290	-0.518
3291	0.012
3292	0.602
3293	0.152
3294	1.252
3295	0.062
3296	0.592
3297	0.132
3298	0.342
3299	-0.638
3300	-0.358
3301	-0.568
3302	0.492
3303	0.702
3304	-0.278
3305	-0.338
3306	0.592
3307	-0.018
3308	0.052
3309	0.412
3310	0.662
3311	-0.028
3312	-0.628
3313	-0.928
3314	-0.748
3315	-0.338
3316	0.402
3317	-0.618
3318	-0.358
3319	0.042
3320	0.742
3321	1.222
3322	-0.248
3323	-0.298
3324	-0.268
3325	-0.028
3326	0.422
3327	-0.818
3328	0.512
3329	-0.588
3330	-0.588
3331	-0.298
3332	0.242
3333	-0.328
3334	0.182
3335	-0.218
3336	-0.238
3337	-0.048
3338	-0.418
3339	0.322
3340	-0.818
3341	0.212
3342	0.402
3343	0.172
3344	-0.278
3345	-0.608
3346	0.622
3347	-0.028
3348	0.242
3349	-0.428
3350	-1.828
3351	-0.098
3352	-1.008
3353	-0.728
3354	0.062
3355	-0.268
3356	-0.768
3357	0.132
3358	0.822
3359	0.012
3360	-1.008
3361	-0.598
3362	0.022
3363	-0.498
3364	-0.018
3365	-0.308
3366	-0.508
3367	-0.218
3368	-0.388
3369	-0.028
3370	-0.668
3371	0.022
3372	-0.098
3373	0.262
3374	0.312
3375	0.682
3376	0.192
3377	-0.478
3378	-0.568
3379	-0.758
3380	-0.768
3381	-0.278
3382	-0.678
3383	0.132
3384	-0.388
3385	0.182
3386	0.392
3387	0.202
3388	-0.368
3389	0.332
3390	-0.038
3391	0.502
3392	1.092
3393	0.572
3394	0.232
3395	-0.418
3396	0.212
3397	-0.038
3398	0.692
3399	0.492
3400	0.292
3401	-0.888
3402	-0.148
3403	0.692
3404	-0.228
3405	0.302
3406	-0.508
3407	0.432
3408	0.182
3409	-0.238
3410	-0.388
3411	0.272
3412	-0.008
3413	0.042
3414	-0.198
3415	0.902
3416	-0.398
3417	0.692
3418	0.222
3419	0.322
3420	0.112
3421	0.162
3422	-0.168
3423	0.072
3424	1.342
3425	0.042
3426	-0.268
3427	-0.748
3428	0.092
3429	0.272
3430	0.302
3431	-0.258
3432	0.122
3433	0.312
3434	0.452
3435	0.342
3436	0.252
3437	1.172
3438	-0.278
3439	0.022
3440	1.402
3441	-0.478
3442	0.092
3443	-1.388
3444	-0.018
3445	-0.268
3446	-0.698
3447	-0.058
3448	-0.628
3449	-0.118
3450	-0.888
3451	-0.218
3452	-0.558
3453	0.392
3454	-0.028
3455	1.072
3456	-0.298
3457	0.912
3458	-0.118
3459	0.652
3460	0.992
3461	2.552
3462	2.362
3463	0.442
3464	-0.148
3465	0.622
3466	0.492
3467	-0.058
3468	0.092
3469	-0.978
3470	-1.968
3471	-3.008
3472	0.692
3473	-142.308
3474	1.222
3475	1.622
3476	2.202
3477	1.892
3478	2.582
3479	2.192
3480	0.692
3481	2.292
3482	-1.788
3483	-0.598
3484	-1.338
3485	-1.268
3486	-1.678
3487	-1.218
3488	0.962
3489	-0.878
3490	0.822
3491	0.072
3492	1.242
3493	-0.008
3494	0.202
3495	-0.088
3496	1.472
3497	0.442
3498	-1.178
3499	-0.538
3500	-0.198
3501	-0.258
3502	0.232
3503	-0.548
3504	-0.838
3505	0.142
3506	-0.848
3507	0.512
3508	-0.568
3509	-1.118
3510	-1.178
3511	-0.038
3512	-0.378
3513	-0.768
3514	-0.438
3515	-0.338
3516	0.022
3517	-0.248
3518	0.112
3519	-0.458
3520	0.532
3521	-0.578
3522	-0.988
3523	-0.558
3524	0.002
3525	0.442
3526	-0.368
3527	0.862
3528	1.192
3529	-0.178
3530	0.302
3531	0.362
3532	0.862
3533	0.262
3534	0.662
3535	0.622
3536	0.332
3537	0.402
3538	0.112
3539	-0.118
3540	-1.128
3541	-0.558
3542	-0.248
3543	0.062
3544	-0.078
3545	0.082
3546	1.272
3547	-0.048
3548	-0.758
3549	-1.048
3550	-0.808
3551	-0.518
3552	-0.328
3553	-1.348
3554	-0.588
3555	-0.308
3556	-0.658
3557	0.232
3558	-0.428
3559	-1.028
3560	-0.168
3561	-1.098
3562	-0.458
3563	-0.158
3564	-1.328
3565	-1.398
3566	-1.408
3567	-0.358
3568	-1.128
3569	0.422
3570	-0.518
3571	-0.048
3572	-0.788
3573	-0.088
3574	-0.588
3575	0.062
3576	0.272
3577	-0.608
3578	0.442
3579	-0.318
3580	-0.888
3581	-0.598
3582	0.082
3583	-1.008
3584	0.182
3585	-1.628
3586	-0.128
3587	-1.208
3588	-1.188
3589	-1.528
3590	-1.298
3591	-0.808
3592	-1.758
3593	-0.868
3594	-1.298
3595	-0.908
3596	-1.868
3597	0.472
3598	-0.568
3599	-0.548
3600	-0.298
3601	0.242
3602	0.632
3603	-0.508
3604	-1.728
3605	-1.288
3606	0.512
3607	-0.348
3608	-0.188
3609	-0.098
3610	-0.398
3611	1.862
3612	1.702
3613	-0.088
3614	-0.438
3615	-0.518
3616	-0.358
3617	0.692
3618	0.132
3619	-0.178
3620	-2.228
3621	0.382
3622	0.922
3623	1.422
3624	1.382
3625	1.792
3626	1.322
3627	-0.448
3628	-0.138
3629	-0.768
3630	-0.198
3631	-0.528
3632	-0.238
3633	0.142
3634	-0.328
3635	-1.758
3636	-1.578
3637	-1.348
3638	-1.218
3639	-1.378
3640	-0.608
3641	-0.088
3642	0.372
3643	0.362
3644	-0.158
3645	-0.818
3646	-0.118
3647	0.172
3648	-0.048
3649	-0.068
3650	-0.358
3651	0.282
3652	0.382
3653	0.442
3654	0.142
3655	0.302
3656	-0.178
3657	0.722
3658	-0.888
3659	0.342
3660	-0.308
3661	0.062
3662	-1.588
3663	0.042
3664	-1.298
3665	-0.668
3666	-1.118
3667	0.122
3668	-0.078
3669	2.082
3670	-0.218
3671	-0.138
3672	-0.498
3673	-0.028
3674	-0.358
3675	0.022
3676	0.932
3677	-0.168
3678	-0.218
3679	-0.258
3680	-0.028
3681	0.002
3682	-0.238
3683	-0.058
3684	-0.338
3685	-0.888
3686	0.132
3687	-0.098
3688	0.022
3689	-0.098
3690	1.142
3691	2.012
3692	0.292
3693	-0.648
3694	0.472
3695	-0.188
3696	0.702
3697	0.722
3698	0.122
3699	-0.238
3700	-0.508
3701	-0.558
3702	1.082
3703	0.222
3704	0.522
3705	-0.278
3706	-0.448
3707	-0.798
3708	-0.758
3709	0.262
3710	-0.558
3711	0.122
3712	0.052
3713	-0.158
3714	0.122
3715	-0.248
3716	-0.328
3717	-0.088
3718	-0.028
3719	-0.108
3720	0.092
3721	-0.538
3722	-0.268
3723	-0.498
3724	-0.908
3725	-1.288
3726	-0.878
3727	-0.858
3728	-1.098
3729	-1.738
3730	-0.028
3731	-0.058
3732	0.182
3733	-0.418
3734	-0.658
3735	2.272
3736	0.802
3737	-0.048
3738	0.932
3739	0.942
3740	-0.278
3741	-0.058
3742	-0.318
3743	-0.588
3744	1.052
3745	0.512
3746	0.682
3747	-0.388
3748	0.412
3749	0.072
3750	-1.058
3751	-0.008
3752	-0.598
3753	0.342
3754	-0.928
3755	-0.208
3756	-0.748
3757	-0.858
3758	-0.428
3759	-0.728
3760	0.532
3761	0.492
3762	0.462
3763	-3.408
3764	-3.998
3765	-4.218
3766	0.792
3767	-0.308
3768	-0.098
3769	0.132
3770	0.792
3771	0.442
3772	-0.758
3773	-0.438
3774	0.182
3775	-0.018
3776	-0.478
3777	-0.288
3778	-0.288
3779	-0.398
3780	0.182
3781	-1.288
3782	-0.798
3783	-0.218
3784	0.242
3785	-0.528
3786	0.282
3787	-0.158
3788	-0.488
3789	-0.048
3790	-0.178
3791	-0.388
3792	-0.758
3793	0.202
3794	0.342
3795	0.602
3796	-0.148
3797	-0.268
3798	-0.458
3799	0.232
3800	-0.708
3801	0.712
3802	-0.228
3803	0.362
3804	0.142
3805	-0.518
3806	-0.028
3807	-1.358
3808	-1.488
3809	0.172
3810	0.472
3811	0.862
3812	0.132
3813	-2.118
3814	1.302
3815	0.052
3816	-0.188
3817	1.562
3818	0.092
3819	-0.308
3820	-0.438
3821	-0.428
3822	-0.108
3823	0.512
3824	0.602
3825	0.352
3826	0.672
3827	1.922
3828	1.052
3829	0.502
3830	1.002
3831	1.162
3832	-0.048
3833	0.392
3834	-0.608
3835	0.042
3836	-0.038
3837	0.002
3838	0.212
3839	0.222
3840	-0.328
3841	-0.268
3842	-0.158
3843	0.522
3844	-0.348
3845	-1.228
3846	-0.428
3847	-0.558
3848	-0.868
3849	-0.648
3850	-0.338
3851	-0.178
3852	-0.688
3853	0.322
3854	-0.708
3855	-0.468
3856	0.352
3857	0.712
3858	0.572
3859	-0.118
3860	-0.258
3861	-0.118
3862	0.532
3863	0.082
3864	-3.408
3865	-0.768
3866	0.102
3867	0.372
3868	-0.178
3869	0.492
3870	-0.048
3871	0.132
3872	0.222
3873	0.102
3874	0.422
3875	0.392
3876	0.362
3877	-3.658
3878	-1.598
3879	-0.898
3880	-0.488
3881	-0.478
3882	0.242
3883	-1.038
3884	-0.488
3885	-0.768
3886	-0.308
3887	-0.378
3888	-0.318
3889	-0.828
3890	0.022
3891	-0.518
3892	-1.828
3893	-1.798
3894	-1.128
3895	-1.058
3896	-1.638
3897	-0.568
3898	-0.218
3899	-0.678
3900	-0.038
3901	-0.538
3902	-0.078
3903	-0.278
3904	-0.058
3905	-0.708
3906	-0.178
3907	-0.658
3908	-0.048
3909	0.062
3910	0.922
3911	0.312
3912	0.072
3913	0.322
3914	0.572
3915	0.402
3916	0.032
3917	0.252
3918	-0.098
3919	-0.368
3920	-0.488
3921	0.082
3922	-0.418
3923	0.442
3924	0.302
3925	-0.568
3926	-0.048
3927	0.482
3928	0.452
3929	0.002
3930	1.302
3931	0.802
3932	0.342
3933	-0.288
3934	-0.048
3935	0.422
3936	0.382
3937	0.402
3938	0.752
3939	-0.048
3940	-0.768
3941	-1.088
3942	-0.348
3943	0.062
3944	0.832
3945	0.632
3946	1.272
3947	1.982
3948	0.612
3949	0.812
3950	0.122
3951	0.692
3952	-0.448
3953	-0.698
3954	-0.758
3955	-0.128
3956	-0.088
3957	-0.638
3958	-0.578
3959	0.152
3960	-0.578
3961	0.012
3962	-0.018
3963	0.242
3964	-0.858
3965	1.082
3966	-0.838
3967	-0.048
3968	-0.448
3969	-0.388
3970	3.142
3971	-1.248
3972	-1.348
3973	-0.098
3974	-0.448
3975	-0.088
3976	-0.148
3977	-1.768
3978	-1.538
3979	0.422
3980	-0.168
3981	-0.198
3982	-0.218
3983	-0.308
3984	-0.548
3985	-0.128
3986	-0.918
3987	0.692
3988	-0.988
3989	0.692
3990	-0.188
3991	-1.388
3992	-0.568
3993	4.562
3994	-0.518
3995	-1.458
3996	2.482
3997	-0.018
3998	-0.858
3999	0.692
4000	-0.488
4001	0.862
4002	-0.688
4003	-0.048
4004	-0.078
4005	-1.178
4006	0.302
4007	-0.858
4008	0.152
4009	-0.478
4010	0.162
4011	-0.858
4012	0.142
4013	0.322
4014	-0.098
4015	-0.718
4016	-0.168
4017	0.542
4018	2.002
4019	-0.038
4020	-0.188
4021	0.562
4022	0.642
4023	-0.358
4024	-1.028
4025	-0.308
4026	-0.428
4027	-0.588
4028	0.082
4029	-0.418
4030	-0.488
4031	0.242
4032	0.032
4033	0.202
4034	-0.198
4035	0.002
4036	-0.518
4037	-0.468
4038	0.052
4039	-0.498
4040	-1.328
4041	-0.638
4042	0.372
4043	-0.088
4044	0.162
4045	2.522
4046	-0.738
4047	0.622
4048	-0.488
4049	-0.568
4050	-0.298
4051	0.502
4052	-0.358
4053	0.692
4054	0.052
4055	0.292
4056	0.382
4057	0.242
4058	-0.008
4059	-0.048
4060	-0.578
4061	0.222
4062	0.032
4063	-1.508
4064	-0.048
4065	0.042
4066	0.572
4067	0.472
4068	-0.238
4069	-1.968
4070	-0.878
4071	0.242
4072	0.962
4073	0.062
4074	0.212
4075	-0.128
4076	-2.328
4077	0.262
4078	-1.478
4079	0.252
4080	0.312
4081	-0.908
4082	0.112
4083	2.182
4084	-1.308
4085	0.312
4086	1.312
4087	-0.488
4088	-0.258
4089	0.262
4090	-0.668
4091	0.022
4092	0.272
4093	-0.278
4094	-0.928
4095	-0.498
4096	0.432
4097	-0.238
4098	-0.308
4099	-0.548
4100	-0.068
4101	-0.458
4102	-0.408
4103	-0.548
4104	-0.058
4105	-0.518
4106	-0.528
4107	0.432
4108	0.242
4109	1.582
4110	4.832
4111	0.582
4112	0.152
4113	2.662
4114	1.182
4115	0.042
4116	0.382
4117	0.052
4118	0.402
4119	0.172
4120	0.402
4121	0.372
4122	-1.038
4123	-0.108
4124	0.132
4125	-0.388
4126	0.122
4127	-0.468
4128	1.782
4129	-1.368
4130	0.302
4131	0.022
4132	0.242
4133	-0.308
4134	-3.088
4135	-0.308
4136	-0.688
4137	0.322
4138	-0.228
4139	-0.348
4140	0.022
4141	-0.488
4142	-0.368
4143	-0.508
4144	-0.288
4145	-0.198
4146	-1.358
4147	-0.968
4148	0.692
4149	-0.208
4150	2.812
4151	0.302
4152	-0.288
4153	-0.048
4154	-0.618
4155	0.452
4156	0.252
4157	3.012
4158	0.232
4159	-0.318
4160	-0.758
4161	-0.218
4162	-0.748
4163	0.112
4164	-0.658
4165	-0.138
4166	-0.028
4167	0.032
4168	-0.138
4169	0.172
4170	-0.158
4171	-0.188
4172	0.582
4173	0.672
4174	0.202
4175	0.252
4176	0.772
4177	0.342
4178	-1.378
4179	0.592
4180	-1.978
4181	0.822
4182	-0.038
4183	-0.708
4184	0.152
4185	-0.978
4186	-0.438
4187	-0.418
4188	-0.028
4189	-0.148
4190	0.012
4191	-0.498
4192	-0.028
4193	-0.238
4194	-0.178
4195	0.712
4196	0.562
4197	0.182
4198	0.092
4199	0.112
4200	-0.528
4201	-0.758
4202	-0.758
4203	0.382
4204	1.912
4205	-0.728
4206	0.182
4207	-0.098
4208	-0.338
4209	-0.088
4210	-1.308
4211	-0.268
4212	0.032
4213	-0.128
4214	-0.378
4215	0.072
4216	-0.078
4217	0.292
4218	-0.018
4219	0.362
4220	0.262
4221	-0.598
4222	0.522
4223	0.282
4224	0.182
4225	0.272
4226	0.002
4227	-0.438
4228	0.192
4229	0.292
4230	0.562
4231	-0.308
4232	0.312
4233	1.132
4234	0.542
4235	0.232
4236	-0.418
4237	0.112
4238	0.242
4239	3.282
4240	0.182
4241	0.272
4242	-0.308
4243	-0.168
4244	-1.208
4245	-0.848
4246	1.682
4247	-0.078
4248	-1.298
4249	0.012
4250	0.692
4251	-0.278
4252	0.042
4253	-0.158
4254	0.372
4255	0.112
4256	-0.578
4257	0.282
4258	-0.288
4259	-0.238
4260	0.542
4261	0.142
4262	0.792
4263	-0.168
4264	-0.158
4265	-0.428
4266	0.182
4267	-0.448
4268	0.642
4269	0.142
4270	1.372
4271	-0.278
4272	0.672
4273	-0.528
4274	0.872
4275	0.012
4276	0.832
4277	-0.798
4278	2.202
4279	-0.958
4280	-0.308
4281	-0.558
4282	-0.818
4283	-0.568
4284	-0.078
4285	1.602
4286	-0.528
4287	0.472
4288	0.322
4289	0.612
4290	0.232
4291	-0.248
4292	-0.168
4293	-0.428
4294	-0.548
4295	0.772
