1	0.4163
2	0.1037
3	0.2179
4	0.1676
5	
6	0.1446
7	-0.9359
8	1.785
9	0.2579
10	-0.6251
11	-1.064
12	-0.07587
13	-0.7313
14	1.789
15	1.127
16	
17	0.1102
18	0.06865
19	-0.3725
20	-0.5033
21	-0.04242
22	-0.3657
23	0.937
24	
25	0.5062
26	0.08099
27	-0.4089
28	
29	
30	0.121
31	1.807
32	2.833
33	1.799
34	0.854
35	0.584
36	0.1459
37	-0.7658
38	-0.7118
39	-1.006
40	-0.1405
41	0.2058
42	-0.1336
43	0.2011
44	-0.3626
45	-0.1424
46	
47	-1.14
48	-0.5226
49	-0.02376
50	-0.3897
51	0.05546
52	0.1302
53	0.7636
54	
55	-0.1428
56	-0.3035
57	-0.144
58	0.05515
59	
60	-1.253
61	0.2364
62	0.01509
63	0.1925
64	1.106
65	
66	0.5135
67	-0.2792
68	1.393
69	0.2747
70	-1.331
71	-0.2447
72	0.3586
73	0.4279
74	1.136
75	0.1786
76	-0.7033
77	
78	1.544
79	0.02867
80	
81	1.134
82	0.7512
83	
84	-0.02708
85	0.1146
86	0.3259
87	
88	-0.5633
89	
90	-0.4769
91	-0.8733
92	0.1064
93	-0.3049
94	0.1883
95	0.4766
96	0.01508
97	
98	
99	-0.2883
100	
101	-0.1623
102	0.4736
103	0.4626
104	1.559
105	
106	-0.01632
107	
108	-0.6355
109	0.5337
110	-0.2847
111	-2.356
112	-1.344
113	-0.4099
114	-0.6365
115	
116	0.7205
117	-0.5498
118	0.5583
119	0.4484
120	1.487
121	1.835
122	-0.02877
123	
124	
125	0.5244
126	1.341
127	0.1004
128	-0.7481
129	-1.212
130	-0.9682
131	0.8178
132	-0.2304
133	0.8245
134	0.9125
135	-0.9431
136	-1.055
137	-0.4831
138	-0.8302
139	
140	-0.8543
141	-0.802
142	0.8791
143	1.414
144	0.2598
145	1.14
146	1.386
147	0.8125
148	
149	
150	-0.08871
151	-0.02047
152	-1.035
153	-0.3847
154	0.908
155	0.05218
156	
157	-0.3145
158	-0.3939
159	
160	0.5243
161	0.7803
162	-1.363
163	-0.7359
164	-0.6202
165	-0.2887
166	1.066
167	-0.1642
168	0.1879
169	0.485
170	1.276
171	1.439
172	1.18
173	0.298
174	0.04061
175	-0.2429
176	-0.2982
177	-0.002567
178	0.5397
179	0.3194
180	0.8944
181	0.3077
182	-0.01339
183	-0.1486
184	-0.7129
185	1.147
186	-0.1541
187	0.4755
188	-0.345
189	-0.2229
190	0.341
191	0.1364
192	0.1193
193	-0.5523
194	1.226
195	0.1618
196	1.403
197	1.999
198	1.127
199	2.677
200	0.8438
201	
202	
203	
204	
205	
206	
207	1.263
208	0.309
209	0.317
210	-0.08203
211	1.218
212	0.1993
213	-0.1311
214	0.04099
215	0.4271
216	
217	-0.8478
218	-0.7356
219	-0.02273
220	1.617
221	-0.2988
222	0.515
223	-0.004937
224	-0.3615
225	-0.5489
226	
227	-0.5511
228	0.1516
229	0.5499
230	-1.091
231	-1.515
232	-0.8537
233	-1.375
234	-1.764
235	-0.8905
236	-1.038
237	0.4328
238	1.181
239	-0.0526
240	0.5673
241	-0.9083
242	0.2278
243	0.3686
244	
245	-0.9415
246	-1.234
247	-1.205
248	-0.6049
249	-0.4334
250	-0.2085
251	-0.3953
252	-0.7711
253	-0.244
254	-0.8107
255	-0.1486
256	0.4784
257	-0.5318
258	-0.2648
259	0.7301
260	0.4556
261	0.205
262	-0.3466
263	-0.3908
264	-0.02653
265	-0.04052
266	0.6897
267	0.4047
268	0.09607
269	
270	-0.3095
271	
272	0.4683
273	1.843
274	-0.4342
275	-0.6032
276	-0.7585
277	-0.4766
278	-0.9277
279	-0.9178
280	0.4534
281	
282	-0.6908
283	
284	-0.0007524
285	0.2095
286	-0.001548
287	1.071
288	-0.2658
289	-0.4597
290	0.1116
291	
292	0.241
293	0.2516
294	-0.5009
295	-0.101
296	-0.4106
297	-1.055
298	-0.6286
299	-0.8996
300	-0.7044
301	-0.3383
302	-0.1136
303	-0.2965
304	-0.1761
305	-0.0108
306	0.01661
307	0.2608
308	-0.3692
309	-0.2977
310	-0.9173
311	-0.04675
312	0.3518
313	0.8027
314	
315	-0.2054
316	-0.33
317	-0.5845
318	-0.3679
319	-0.6511
320	-0.2991
321	-0.2638
322	
323	0.05663
324	
325	0.2048
326	-1.084
327	-0.4687
328	-0.3893
329	-0.1033
330	-0.1849
331	-0.1634
332	
333	-0.6011
334	-1.379
335	
336	1.937
337	2.137
338	
339	-1.459
340	-1.715
341	-2.772
342	-2.382
343	
344	-1.846
345	1.203
346	0.2264
347	-0.109
348	0.2186
349	0.6506
350	0.2873
351	
352	0.2355
353	-0.05384
354	1.362
355	-0.18
356	0.3646
357	0.6723
358	-0.3669
359	-0.1128
360	
361	0.1199
362	-0.2257
363	-0.5865
364	-0.2991
365	-0.3436
366	-0.5883
367	-1.442
368	-0.6906
369	0.7144
370	-0.294
371	-0.9292
372	-0.6021
373	0.1714
374	-0.5142
375	
376	0.7297
377	-0.3191
378	
379	-0.4326
380	-0.2821
381	0.2364
382	0.2143
383	0.4314
384	-0.2582
385	0.1843
386	1.587
387	-0.2291
388	-1.725
389	-0.7565
390	-1.588
391	-1.253
392	-0.6982
393	-1.479
394	-0.5281
395	-0.06319
396	-0.8733
397	
398	1.146
399	0.196
400	-0.1869
401	-0.5327
402	-0.2123
403	
404	0.109
405	0.9522
406	1.404
407	0.88
408	0.9229
409	-0.03236
410	0.3269
411	1.592
412	0.639
413	0.1787
414	-0.1613
415	0.8299
416	0.2052
417	-0.3849
418	-0.5942
419	-0.1338
420	0.6539
421	1.187
422	0.7121
423	0.2908
424	0.5085
425	1.339
426	1.329
427	0.2059
428	0.1916
429	0.1906
430	0.5293
431	0.6141
432	0.7965
433	1.13
434	2.445
435	0.3024
436	2.473
437	0.223
438	-0.04662
439	0.2192
440	0.3376
441	
442	-0.2236
443	0.003188
444	0.4219
445	0.05247
446	-0.04731
447	-0.2624
448	-0.01048
449	-0.1375
450	
451	
452	0.6085
453	0.0749
454	0.2606
455	
456	-1.427
457	-1.227
458	-1.412
459	-1.668
460	-1.02
461	-1.245
462	0.6853
463	
464	-0.4754
465	
466	-0.5115
467	0.02111
468	-0.3374
469	0.683
470	-0.4102
471	0.4918
472	-0.1656
473	
474	2.584
475	-0.7532
476	-0.9843
477	0.375
478	-0.2453
479	0.6811
480	
481	-1.361
482	-1.946
483	-2.034
484	-1.744
485	-0.6307
486	-0.02652
487	-0.2095
488	-0.3509
489	-0.3991
490	0.08189
491	-0.4951
492	0.1943
493	-0.02004
494	0.3451
495	-0.3379
496	-0.4322
497	
498	-1.123
499	-1.49
500	-0.4517
501	-1.241
502	-0.7826
503	-0.7818
504	-0.2463
505	-0.2904
506	1.194
507	0.207
508	-0.2228
509	0.03125
510	
511	-0.1622
512	-0.1572
513	-0.334
514	0.1102
515	0.483
516	0.1954
517	-0.3909
518	-0.3336
519	-0.2172
520	-0.3803
521	0.8885
522	1.78
523	1.887
524	1.956
525	1.779
526	0.7594
527	-0.388
528	-0.5184
529	1.127
530	-0.9422
531	-1.067
532	-0.1686
533	-0.7424
534	-0.8915
535	-1.299
536	
537	0.09784
538	0.3443
539	-0.2482
540	-0.4119
541	-0.9233
542	-0.3905
543	0.001788
544	-1.152
545	-0.6132
546	-0.1388
547	-0.4304
548	-0.3232
549	-0.3799
550	-0.3251
551	-0.2796
552	0.941
553	1.508
554	-0.8438
555	-0.564
556	-0.1565
557	1.671
558	-0.441
559	-0.331
560	-1.193
561	-3.298
562	-0.373
563	-0.6729
564	1.073
565	2.535
566	0.323
567	-0.4105
568	0.328
569	-1.27
570	-1.253
571	-0.7269
572	-1.949
573	-1.491
574	
575	-1.493
576	-0.09746
577	-0.1469
578	1.262
579	-0.208
580	-0.193
581	-0.4005
582	0.1689
583	-0.02575
584	0.7802
585	0.7522
586	
587	-1.943
588	-1.263
589	-1.248
590	0.1081
591	-1.27
592	-0.2445
593	0.5013
594	0.6474
595	0.5137
596	0.5174
597	-0.1094
598	-0.2328
599	0.3532
600	0.5374
601	-0.1308
602	-0.3881
603	-0.9269
604	0.3141
605	1.442
606	0.9628
607	-0.1805
608	-0.1693
609	-0.4389
610	0.07752
611	0.2431
612	-0.6175
613	-0.1419
614	-0.2161
615	-0.1057
616	-0.3982
617	-0.3539
618	-1.56
619	-1.579
620	-0.2958
621	-1.188
622	-0.6023
623	0.3954
624	-0.3083
625	-0.266
626	-0.2369
627	0.5285
628	0.0626
629	-0.8272
630	-1.23
631	
632	1.109
633	0.3466
634	0.4252
635	0.3517
636	-0.079
637	-0.01977
638	0.8517
639	0.6926
640	0.4818
641	0.8344
642	1.41
643	0.1555
644	-0.2845
645	-0.6809
646	-0.5479
647	
648	-0.4833
649	0.1061
650	-0.6829
651	-0.1652
652	-0.1259
653	-0.8377
654	-0.6933
655	
656	0.9393
657	
658	0.462
659	0.2549
660	
661	0.9321
662	-0.121
663	0.1442
664	
665	
666	
667	-0.5378
668	
669	-0.2065
670	
671	0.2032
672	
673	
674	0.7916
675	0.09819
676	0.2592
677	0.2625
678	0.4563
679	0.08502
680	1.543
681	-1.161
682	-0.9668
683	0.8246
684	0.9553
685	-0.2712
686	-0.05247
687	1.148
688	0.9993
689	
690	-0.2041
691	-0.4092
692	-0.1411
693	0.494
694	0.1073
695	0.5777
696	-0.007442
697	-0.08193
698	0.03762
699	-0.3261
700	
701	
702	-0.7304
703	-0.5396
704	-0.9533
705	-1.332
706	-1.739
707	-0.3712
708	-0.188
709	-0.2163
710	0.4433
711	0.1723
712	0.104
713	-0.2445
714	-0.2591
715	-1.187
716	-1.84
717	-1.057
718	
719	-0.9269
720	0.8397
721	
722	1.966
723	1.799
724	0.9524
725	1.265
726	1.661
727	0.685
728	0.8817
729	0.2803
730	0.04207
731	-0.2632
732	
733	0.2662
734	-0.1905
735	-0.389
736	0.2202
737	0.8324
738	0.4203
739	0.6189
740	0.7327
741	1.434
742	1.144
743	
744	
745	
746	
747	
748	
749	
750	1.083
751	0.4268
752	-0.3993
753	-0.6414
754	0.004521
755	1.267
756	
757	-0.1044
758	-0.07195
759	0.4348
760	1.415
761	0.4765
762	
763	0.5601
764	0.02806
765	0.2077
766	0.843
767	0.7447
768	-0.5281
769	
770	
771	
772	2.033
773	0.05341
774	0.134
775	0.4104
776	0.3831
777	0.3827
778	-0.05837
779	-1.67
780	-1.925
781	-0.181
782	-0.3623
783	0.4197
784	0.1726
785	0.7511
786	0.1558
787	-0.8339
788	-0.8427
789	-0.52
790	-0.6107
791	-0.4958
792	-0.3558
793	-0.167
794	-0.1739
795	-0.1449
796	-0.5599
797	0.4163
798	-0.27
799	-0.8988
800	
801	0.5762
802	-0.6864
803	-0.5387
804	
805	1.044
806	-0.07615
807	1.425
808	0.08381
809	0.6884
810	1.292
811	1.816
812	1.782
813	0.1471
814	0.2325
815	-2.831
816	-1.309
817	0.3414
818	-0.1535
819	
820	1.023
821	0.1114
822	0.8254
823	0.09848
824	0.1822
825	-0.3655
826	0.3179
827	0.5353
828	1.513
829	0.6847
830	0.3972
831	-0.4999
832	-0.5631
833	
834	0.6026
835	1.037
836	-0.5178
837	0.05195
838	1.143
839	0.8922
840	0.5819
841	0.1807
842	0.2142
843	-0.1803
844	0.659
845	0.6585
846	0.5569
847	-0.3526
848	0.08873
849	0.4079
850	0.6974
851	-0.2876
852	
853	0.3328
854	2.131
855	1.512
856	0.3866
857	-0.2062
858	0.03608
859	0.7863
860	3.092
861	0.4591
862	-0.04736
863	
864	0.8974
865	0.9384
866	-0.07915
867	-0.05525
868	0.6361
869	0.6593
870	0.9584
871	0.6394
872	-0.1573
873	-0.1825
874	0.2533
875	0.2088
876	0.952
877	2.194
878	-0.1565
879	-0.6008
880	0.3761
881	-0.1477
882	0.4381
883	
884	0.1175
885	-0.03666
886	0.9887
887	0.8913
888	2.362
889	
890	
891	-0.555
892	-0.9259
893	0.1954
894	-1.342
895	-0.6716
896	-0.4136
897	0.3719
898	0.221
899	-0.08146
900	0.03782
901	0.1325
902	0.3429
903	2.013
904	0.6608
905	1.336
906	0.1989
907	2.055
908	1.3
909	0.02803
910	0.8586
911	1.769
912	
913	
914	0.8141
915	0.06625
916	-0.3137
917	-0.4075
918	-0.1305
919	-1.019
920	-0.3397
921	0.6192
922	0.5334
923	0.4071
924	-0.2318
925	-0.3829
926	0.4022
927	-0.04436
928	1.297
929	1.403
930	1.087
931	1.33
932	1.154
933	-1.263
934	-1.182
935	-0.0832
936	-0.11
937	-0.2111
938	
939	
940	-0.5417
941	-0.4832
942	-0.4404
943	-0.8043
944	-0.6698
945	2.562
946	0.2301
947	0.7807
948	0.5386
949	0.4611
950	-0.9637
951	-0.5974
952	-0.6152
953	0.05002
954	-0.2833
955	-0.5141
956	-0.413
957	0.857
958	-1.625
959	0.04563
960	0.5419
961	-0.1603
962	-0.1818
963	0.3836
964	-0.4582
965	0.218
966	-0.2413
967	0.3654
968	0.1557
969	0.6184
970	1.375
971	
972	0.1479
973	-0.335
974	-0.2078
975	-0.3231
976	-0.312
977	0.4216
978	0.2566
979	0.1278
980	0.2482
981	0.1908
982	-0.3625
983	-0.5695
984	-0.9474
985	-1.808
986	-2.355
987	-0.9803
988	-0.2416
989	-0.8096
990	
991	-1.258
992	-2.622
993	-0.4469
994	0.2531
995	0.5249
996	
997	
998	-0.9434
999	-0.5376
1000	0.2662
1001	-0.3129
1002	0.1389
1003	-0.4339
1004	0.6255
1005	-0.3385
1006	0.03385
1007	0.0163
1008	-0.1064
1009	-0.2275
1010	-0.2745
1011	-0.1801
1012	-0.1905
1013	0.5404
1014	
1015	1.602
1016	-0.2284
1017	-0.0397
1018	0.5653
1019	
1020	-1.053
1021	-1.912
1022	-3.023
1023	-1.833
1024	-1.752
1025	-1.736
1026	-0.5024
1027	0.05879
1028	-0.3311
1029	-1.184
1030	
1031	
1032	
1033	0.9172
1034	1.013
1035	0.197
1036	0.5455
1037	1.467
1038	1.817
1039	1.419
1040	1.663
1041	-1.133
1042	-0.3003
1043	-0.4014
1044	-0.3156
1045	-0.4521
1046	-0.7452
1047	-0.9219
1048	1.624
1049	0.6718
1050	-0.3023
1051	-0.04878
1052	
1053	-1.06
1054	0.1986
1055	1.599
1056	
1057	-0.1883
1058	-0.02639
1059	1.403
1060	-0.8041
1061	-0.907
1062	1.926
1063	-0.311
1064	0.8075
1065	-0.3271
1066	1.341
1067	0.2127
1068	-0.1185
1069	0.5874
1070	1.691
1071	1.392
1072	1.329
1073	1.504
1074	1.064
1075	1.28
1076	1.178
1077	0.03523
1078	0.09903
1079	-0.6861
1080	-0.9533
1081	-1.062
1082	0.08154
1083	0.1249
1084	
1085	1.353
1086	0.2289
1087	
1088	
1089	1.244
1090	1.11
1091	0.8862
1092	0.6868
1093	0.7179
1094	0.8941
1095	0.5816
1096	
1097	
1098	0.262
1099	0.04082
1100	
1101	1.258
1102	0.1397
1103	0.9308
1104	0.8408
1105	1.036
1106	0.6487
1107	0.8319
1108	0.615
1109	-0.8256
1110	-0.5215
1111	0.5408
1112	-0.7391
1113	0.7335
1114	0.6404
1115	0.0003226
1116	0.9183
1117	0.3979
1118	0.05342
1119	-0.01171
1120	0.3179
1121	-1.08
1122	-1.043
1123	1.765
1124	0.5691
1125	1.276
1126	1.731
1127	0.09643
1128	0.04084
1129	0.1546
1130	0.5947
1131	1.945
1132	0.5235
1133	0.9441
1134	0.2943
1135	0.6425
1136	1.424
1137	-0.6239
1138	0.4735
1139	0.7202
1140	-0.531
1141	-0.5386
1142	-0.3527
1143	0.7309
1144	-0.1522
1145	1.426
1146	0.3845
1147	-0.03355
1148	
1149	0.002059
1150	-0.05506
1151	-0.1936
1152	
1153	-0.06655
1154	-0.5384
1155	-0.4135
1156	-0.3993
1157	-0.4325
1158	-0.1948
1159	0.2886
1160	
1161	-1.874
1162	-0.7832
1163	-2.021
1164	-0.4584
1165	-0.1719
1166	-0.2033
1167	
1168	-0.8856
1169	-0.8423
1170	-0.06222
1171	1.134
1172	1.1
1173	-0.3171
1174	0.9503
1175	1.155
1176	1.43
1177	-0.1298
1178	0.07741
1179	0.3717
1180	0.6866
1181	0.5007
1182	
1183	-1.849
1184	-2.956
1185	-2.275
1186	0.009968
1187	0.7376
1188	-0.863
1189	
1190	-0.922
1191	-1.287
1192	0.6759
1193	2.074
1194	2.909
1195	-0.3261
1196	
1197	-0.3935
1198	
1199	1.268
1200	1.821
1201	0.1544
1202	-0.2141
1203	1.748
1204	1.096
1205	-0.7974
1206	
1207	
1208	0.589
1209	
1210	-0.5305
1211	-0.8314
1212	-1.144
1213	-0.4373
1214	0.07575
1215	-0.04456
1216	-1.738
1217	-0.9705
1218	-0.7053
1219	0.0982
1220	-0.4507
1221	0.2716
1222	0.5503
1223	0.1274
1224	
1225	-0.3003
1226	-0.1367
1227	-0.3893
1228	-0.3178
1229	-0.171
1230	
1231	
1232	1.253
1233	0.6009
1234	0.5186
1235	-0.04017
1236	1.05
1237	1.39
1238	0.5357
1239	-0.2789
1240	-0.4574
1241	
1242	
1243	-0.6222
1244	-1.671
1245	-1.602
1246	-0.5929
1247	-0.5819
1248	-0.4632
1249	0.3705
1250	-0.5577
1251	0.6504
1252	1.302
1253	0.5432
1254	0.02207
1255	0.09527
1256	-0.4586
1257	
1258	-0.9172
1259	-1.117
1260	-0.4873
1261	-0.5558
1262	-0.7452
1263	-0.9404
1264	-0.4669
1265	-0.002868
1266	0.4747
1267	-0.2769
1268	-1.209
1269	0.1588
1270	0.6295
1271	1.223
1272	0.6511
1273	0.3416
1274	1.147
1275	-0.8115
1276	-0.9787
1277	0.176
1278	-0.2639
1279	-0.3162
1280	0.01256
1281	0.4127
1282	0.03931
1283	-0.01589
1284	0.5424
1285	0.8307
1286	
1287	1.445
1288	1.393
1289	-0.2949
1290	0.2499
1291	0.2201
1292	0.02885
1293	
1294	0.02722
1295	-0.7371
1296	-1.997
1297	-1.412
1298	-1.368
1299	-0.6115
1300	-1.888
1301	-1.009
1302	-0.5741
1303	-0.4609
1304	-0.535
1305	-0.2252
1306	-0.4045
1307	-0.599
1308	-0.3961
1309	-1.497
1310	-0.7193
1311	0.01135
1312	0.0528
1313	0.02024
1314	-0.1809
1315	-0.2853
1316	-0.3073
1317	-0.2693
1318	0.22
1319	-0.1917
1320	0.4603
1321	-0.5977
1322	-0.6526
1323	-0.1236
1324	0.7962
1325	0.1353
1326	-0.4142
1327	-1.225
1328	-0.8074
1329	0.006006
1330	-0.1008
1331	0.8957
1332	-0.2597
1333	-0.3963
1334	-0.09343
1335	0.004026
1336	-0.435
1337	-0.1164
1338	-0.464
1339	-0.09723
1340	0.3471
1341	-0.2125
1342	0.7237
1343	
1344	0.624
1345	-0.2969
1346	-0.7466
1347	
1348	-0.2132
1349	-0.4874
1350	-1.41
1351	-1.906
1352	-0.7998
1353	-2.084
1354	-1.329
1355	-1.54
1356	0.02213
1357	-0.3338
1358	-0.1063
1359	0.07143
1360	-0.69
1361	-0.6442
1362	-0.4549
1363	-0.8356
1364	-0.5709
1365	-0.7387
1366	-0.58
1367	
1368	-0.2279
1369	-0.2285
1370	0.6623
1371	0.4809
1372	-2.422
1373	-2.815
1374	-3.49
1375	-2.01
1376	-0.04883
1377	-0.3086
1378	0.5326
1379	-0.6783
1380	0.1677
1381	0.02646
1382	-0.1988
1383	-0.02592
1384	-0.8494
1385	-0.9527
1386	-0.5052
1387	
1388	0.08028
1389	-0.1706
1390	0.2502
1391	-0.1091
1392	
1393	0.1102
1394	
1395	
1396	-0.2598
1397	0.03356
1398	-0.1079
1399	-0.484
1400	-0.5967
1401	-0.8788
1402	-0.1219
1403	-0.1852
1404	0.9465
1405	0.3581
1406	0.01503
1407	-0.8508
1408	-0.8347
1409	-0.8629
1410	0.2237
1411	0.0005056
1412	1.036
1413	
1414	1.627
1415	0.4351
1416	-0.185
1417	-0.6581
1418	1.438
1419	-0.1978
1420	-0.3039
1421	-0.8257
1422	0.1364
1423	
1424	
1425	-0.297
1426	-0.4246
1427	-0.2662
1428	-0.6058
1429	-0.0005964
1430	0.6937
1431	-0.1236
1432	
1433	-0.5782
1434	-0.4917
1435	0.3169
1436	-0.4153
1437	-0.1921
1438	0.3922
1439	0.694
1440	0.0685
1441	-0.03497
1442	0.1631
1443	0.01384
1444	-0.2369
1445	-0.3695
1446	0.288
1447	0.2672
1448	0.1019
1449	-0.2615
1450	-0.4026
1451	
1452	1.07
1453	-1.431
1454	-0.2059
1455	-0.05994
1456	-0.7779
1457	-0.5041
1458	-0.7697
1459	-0.851
1460	-1.122
1461	0.5671
1462	-0.4351
1463	-0.1981
1464	0.03979
1465	-0.7172
1466	-0.5333
1467	0.3231
1468	0.2085
1469	0.1553
1470	-0.4762
1471	
1472	
1473	0.6951
1474	-0.4464
1475	-0.9277
1476	-0.9178
1477	-0.5972
1478	-1.31
1479	
1480	0.4407
1481	0.4698
1482	0.8243
1483	-0.4782
1484	-0.07085
1485	-0.6141
1486	-0.2347
1487	0.4124
1488	0.2282
1489	
1490	-0.1767
1491	0.5566
1492	-0.3029
1493	-0.3887
1494	
1495	0.00934
1496	-1.323
1497	-0.03982
1498	-0.4714
1499	-0.5342
1500	-0.2193
1501	0.3977
1502	-0.5479
1503	-0.4113
1504	-0.5857
1505	-0.5799
1506	-0.5979
1507	0.5954
1508	0.5607
1509	
1510	0.1294
1511	0.5875
1512	0.6767
1513	-0.1895
1514	-0.1827
1515	-0.1491
1516	0.03029
1517	-0.1829
1518	-0.322
1519	0.1492
1520	
1521	-1.492
1522	
1523	-0.2482
1524	-0.5382
1525	0.09734
1526	-0.0827
1527	-0.6644
1528	-0.627
1529	-0.7552
1530	-0.9179
1531	-0.8532
1532	-0.04286
1533	0.04672
1534	-0.249
1535	-0.9921
1536	
1537	
1538	2.199
1539	0.4775
1540	-0.1098
1541	-0.5643
1542	-1.16
1543	-0.904
1544	-2.606
1545	-3.36
1546	-3.019
1547	-1.385
1548	-1.351
1549	-0.657
1550	-0.1096
1551	-1.056
1552	-0.5879
1553	-1.654
1554	-1.961
1555	-1.367
1556	-1.536
1557	-1.137
1558	-0.783
1559	-0.5604
1560	-0.4483
1561	-0.3917
1562	0.08299
1563	0.1983
1564	0.3764
1565	-0.0006799
1566	0.6103
1567	-0.3583
1568	-0.3378
1569	-0.226
1570	0.5533
1571	-0.9519
1572	-0.0131
1573	-0.3882
1574	
1575	-0.1445
1576	-0.3729
1577	-0.3642
1578	-0.1968
1579	-0.9994
1580	-1.364
1581	-0.9153
1582	-0.4954
1583	0.5068
1584	
1585	-0.603
1586	-0.2522
1587	-0.5193
1588	-0.2613
1589	-0.5051
1590	-0.7099
1591	-0.2717
1592	-0.4932
1593	-0.1415
1594	0.3687
1595	
1596	0.6801
1597	1.371
1598	-0.1265
1599	-0.6627
1600	-0.4353
1601	0.5196
1602	1.443
1603	2.192
1604	1.944
1605	-1.004
1606	-0.3783
1607	-0.4416
1608	2.095
1609	0.5952
1610	-0.5314
1611	
1612	1.718
1613	1.484
1614	0.4284
1615	-0.8531
1616	-0.767
1617	-1.275
1618	-0.5047
1619	
1620	-1.042
1621	-1.09
1622	0.6738
1623	0.4074
1624	0.3081
1625	-0.8511
1626	-1.029
1627	0.0391
1628	0.4014
1629	0.7636
1630	0.07788
1631	0.4368
1632	0.0459
1633	-0.06637
1634	-0.4184
1635	1.048
1636	0.1235
1637	0.7694
1638	0.07597
1639	-0.4065
1640	0.08971
1641	0.4283
1642	0.1705
1643	-0.4888
1644	-1.267
1645	-1.258
1646	0.1381
1647	0.5473
1648	-0.3365
1649	0.4415
1650	1.176
1651	1.511
1652	0.727
1653	-0.06953
1654	1.405
1655	0.7418
1656	0.5419
1657	-0.1291
1658	0.9817
1659	0.2273
1660	-0.1996
1661	-0.3087
1662	
1663	-0.9211
1664	0.118
1665	
1666	
1667	0.2083
1668	-0.6726
1669	-0.4024
1670	-0.5647
1671	-0.3577
1672	-0.3633
1673	-1.005
1674	-0.5721
1675	-0.3301
1676	2.437
1677	-0.2701
1678	-0.9146
1679	-0.03022
1680	-0.02483
1681	0.4177
1682	0.4516
1683	0.6702
1684	0.574
1685	0.1192
1686	0.2963
1687	0.7483
1688	0.4082
1689	-0.3945
1690	-0.5567
1691	-0.7148
1692	0.3972
1693	1.039
1694	-0.1452
1695	-0.372
1696	-0.1746
1697	-0.1854
1698	-0.3656
1699	-0.2237
1700	-0.2401
1701	-0.2413
1702	0.1471
1703	-0.4216
1704	-0.5168
1705	-1.106
1706	-0.8859
1707	-0.1517
1708	0.4048
1709	0.4939
1710	0.9774
1711	-0.4275
1712	0.4056
1713	0.3807
1714	1.346
1715	0.04769
1716	0.2052
1717	0.2679
1718	0.5641
1719	
1720	-1.024
1721	-1.248
1722	0.7147
1723	0.1491
1724	-0.2789
1725	-0.3492
1726	-0.05632
1727	0.5203
1728	-1.326
1729	1.46
1730	0.2788
1731	-0.1569
1732	-0.09925
1733	-0.5442
1734	-0.4892
1735	-0.6312
1736	-0.415
1737	-0.5828
1738	0.07537
1739	0.04973
1740	1.804
1741	-1.696
1742	-1.079
1743	-0.7167
1744	-1.474
1745	-0.4616
1746	-0.2117
1747	0.1701
1748	0.8013
1749	1.031
1750	0.09177
1751	0.3456
1752	-0.06655
1753	-0.01892
1754	0.46
1755	-0.2043
1756	-0.162
1757	0.2108
1758	-0.2308
1759	0.7237
1760	0.421
1761	2.181
1762	1.122
1763	-0.6637
1764	-0.1921
1765	0.03996
1766	0.8192
1767	1.38
1768	0.3696
1769	-0.6737
1770	-0.07841
1771	0.01312
1772	-0.4694
1773	-0.1544
1774	-0.8177
1775	-1.176
1776	-1.216
1777	0.565
1778	0.6943
1779	2.417
1780	1.407
1781	0.09643
1782	2.358
1783	-0.3348
1784	0.1051
1785	-0.8037
1786	
1787	0.4953
1788	0.2644
1789	-0.141
1790	-0.02883
1791	-0.2342
1792	0.6286
1793	0.03868
1794	0.6183
1795	0.06622
1796	-0.5183
1797	-0.5505
1798	-0.5846
1799	0.05738
1800	0.6484
1801	-0.304
1802	-0.9079
1803	-0.9052
1804	-0.5061
1805	0.3361
1806	0.6088
1807	0.5475
1808	0.3451
1809	1.694
1810	-0.00509
1811	-0.1541
1812	1.368
1813	0.2495
1814	0.345
1815	
1816	0.6964
1817	1.451
1818	0.9055
1819	0.4376
1820	-0.6212
1821	-1.408
1822	-0.594
1823	-0.3125
1824	
1825	-0.211
1826	0.1886
1827	-0.7318
1828	-0.3866
1829	1.095
1830	0.835
1831	0.2939
1832	0.7172
1833	-0.7152
1834	-0.6555
1835	0.6568
1836	-0.4829
1837	-0.1973
1838	-0.3185
1839	-0.4456
1840	-0.6658
1841	-0.3066
1842	0.2264
1843	-0.5117
1844	-0.08277
1845	
1846	-3.291
1847	-2.783
1848	-2.52
1849	-1.239
1850	0.3304
1851	-0.6011
1852	1.305
1853	0.09634
1854	1.051
1855	0.05032
1856	0.7543
1857	0.4661
1858	-0.9412
1859	-0.9346
1860	0.08182
1861	0.02263
1862	-1.506
1863	-0.06498
1864	0.6078
1865	0.649
1866	1.148
1867	1.232
1868	0.9665
1869	0.5153
1870	0.1714
1871	-0.2219
1872	-0.4312
1873	-0.8182
1874	0.1468
1875	0.8444
1876	1.252
1877	
1878	-0.4854
1879	-0.1573
1880	-0.2275
1881	0.2464
1882	0.6751
1883	0.5332
1884	0.0753
1885	1.166
1886	2.45
1887	0.9658
1888	1.684
1889	1.04
1890	0.831
1891	1.927
1892	1.349
1893	-0.5757
1894	-0.5419
1895	-0.6485
1896	-0.457
1897	0.2528
1898	0.807
1899	0.9122
1900	0.2462
1901	-0.696
1902	0.015
1903	0.9088
1904	-0.1365
1905	1.696
1906	-0.2453
1907	-0.04441
1908	0.5428
1909	
1910	
1911	
1912	-0.1556
1913	-0.2114
1914	0.3006
1915	-1.008
1916	-0.2526
1917	-0.5052
1918	0.114
1919	0.6781
1920	1.792
1921	1.526
1922	1.403
1923	2.122
1924	2.503
1925	1.098
1926	0.8458
1927	0.09937
1928	-0.09304
1929	0.4206
1930	0.1708
1931	
1932	-0.6944
1933	-0.6804
1934	-0.4119
1935	0.3848
1936	0.1506
1937	0.2638
1938	1.354
1939	1.144
1940	0.3592
1941	-0.05475
1942	0.02847
1943	0.2307
1944	0.621
1945	0.8186
1946	0.5033
1947	-0.1106
1948	-0.4332
1949	-0.3092
1950	-0.9967
1951	-0.4567
1952	-0.03402
1953	-0.5507
1954	
1955	-0.5422
1956	-0.1887
1957	-0.3257
1958	0.4717
1959	0.436
1960	0.1608
1961	0.6914
1962	0.476
1963	-0.01465
1964	-0.4955
1965	-0.3545
1966	-0.4476
1967	-2.462
1968	-2.815
1969	-2.507
1970	-1.337
1971	-0.8827
1972	-0.9079
1973	-0.1356
1974	-0.2287
1975	
1976	1.254
1977	
1978	
1979	
1980	-0.8898
1981	-0.11
1982	0.5427
1983	0.178
1984	
1985	
1986	
1987	-0.2527
1988	-1.164
1989	
1990	-0.1345
1991	0.4153
1992	0.3344
1993	
1994	1.058
1995	-0.2442
1996	0.1129
1997	0.1846
1998	-0.2872
1999	-0.3339
2000	-0.3158
2001	0.1632
2002	-0.708
2003	
2004	-0.0151
2005	
2006	-0.6075
2007	1.332
2008	-0.5704
2009	0.02631
2010	-0.1402
2011	0.6717
2012	0.3772
2013	1.047
2014	1.114
2015	-0.4929
2016	0.2725
2017	0.1636
2018	
2019	1.097
2020	0.57
2021	0.7915
2022	0.7623
2023	0.2443
2024	0.2098
2025	0.7034
2026	0.4547
2027	1.82
2028	0.3168
2029	
2030	0.6107
2031	0.1455
2032	0.1164
2033	0.5396
2034	0.5176
2035	-0.03378
2036	
2037	0.9041
2038	1.274
2039	
2040	1.52
2041	1.332
2042	2.188
2043	0.04085
2044	-0.3087
2045	-0.07385
2046	-0.09978
2047	-0.4809
2048	0.06063
2049	0.1636
2050	-0.09335
2051	0.2094
2052	0.2101
2053	
2054	-0.6013
2055	-0.8732
2056	
2057	-0.02118
2058	0.483
2059	0.05606
2060	-0.4347
2061	-0.3679
2062	-0.3355
2063	-0.1609
2064	0.2999
2065	0.4781
2066	0.8295
2067	
2068	-0.4092
2069	
2070	
2071	
2072	-0.724
2073	-0.5517
2074	-0.8662
2075	-0.6523
2076	-0.4957
2077	-0.4027
2078	-0.06064
2079	0.0893
2080	-0.3913
2081	1.144
2082	0.08179
2083	0.2493
2084	0.1898
2085	
2086	
2087	-0.5767
2088	
2089	-0.1915
2090	-0.09362
2091	0.02127
2092	0.2722
2093	0.6095
2094	0.9178
2095	1.636
2096	1.875
2097	
2098	
2099	-0.8003
2100	-0.6027
2101	0.3242
2102	-0.007137
2103	0.6606
2104	1.196
2105	-0.5756
2106	-0.5534
2107	0.8478
2108	
2109	-0.1878
2110	
2111	
2112	-0.585
2113	0.8702
2114	1.637
2115	-0.498
2116	0.185
2117	-0.1185
2118	-0.08177
2119	0.08519
2120	-0.5142
2121	-0.4838
2122	
2123	-1.162
2124	-0.3099
2125	1.08
2126	0.5461
2127	0.1957
2128	
2129	-1.337
2130	
2131	
2132	0.9115
2133	0.6722
2134	0.4492
2135	-0.5098
2136	-0.5077
2137	-0.8771
2138	-1.012
2139	-0.5339
2140	0.5544
2141	-0.3194
2142	
2143	0.9946
2144	0.4005
2145	0.2132
2146	-1.037
2147	-0.9561
2148	-0.3303
2149	-0.08091
2150	-0.01834
2151	-0.4464
2152	-0.05058
2153	1.974
2154	-0.08323
2155	0.8898
2156	1.097
2157	-0.6113
2158	-0.3683
2159	0.7923
2160	-0.3049
2161	-0.9544
2162	
2163	-0.4977
2164	-0.8647
2165	-0.2187
2166	-0.6478
2167	0.7435
2168	1.267
2169	0.9693
2170	-0.3244
2171	2.093
2172	0.5772
2173	
2174	0.7054
2175	2.169
2176	0.9224
2177	-0.3854
2178	-1.6
2179	-2.703
2180	-2.069
2181	-1.729
2182	-0.8654
2183	-0.664
2184	
2185	0.9728
2186	
2187	0.02904
2188	0.1628
2189	
2190	-0.644
2191	-0.2496
2192	0.7695
2193	0.762
2194	0.2321
2195	0.3028
2196	0.1978
2197	0.4883
2198	0.3483
2199	0.3788
2200	0.1813
2201	0.2582
2202	0.4321
2203	0.01899
2204	-0.05496
2205	0.1695
2206	0.1791
2207	-0.6735
2208	-0.4672
2209	-0.6115
2210	0.3819
2211	1.284
2212	-0.5722
2213	0.6342
2214	
2215	1.756
2216	0.6111
2217	0.439
2218	-0.001011
2219	-0.06536
2220	0.2197
2221	-0.1926
2222	-0.1773
2223	-0.105
2224	-0.259
2225	-0.2625
2226	-0.2714
2227	-0.4155
2228	-0.5086
2229	-0.4441
2230	-0.5417
2231	1.808
2232	0.854
2233	-0.08734
2234	2.17
2235	1.129
2236	0.2966
2237	0.1639
2238	-0.4655
2239	0.2061
2240	-0.7065
2241	-0.1392
2242	-0.4506
2243	-0.08379
2244	1.024
2245	0.8612
2246	-0.08718
2247	-0.901
2248	-1.287
2249	0.02092
2250	-0.1313
2251	-0.2215
2252	
2253	-0.2442
2254	-0.3035
2255	-0.4491
2256	-0.9329
2257	-1.561
2258	0.5482
2259	0.9698
2260	0.09936
2261	0.2566
2262	1.397
2263	-0.1401
2264	0.3389
2265	0.7234
2266	-0.231
2267	-0.1764
2268	0.7444
2269	
2270	
2271	-0.902
2272	-0.5852
2273	-1.071
2274	-0.7778
2275	-0.9356
2276	-0.1443
2277	0.2367
2278	-0.06677
2279	0.6946
2280	-0.02824
2281	-0.1833
2282	-0.3108
2283	0.312
2284	0.0844
2285	0.7436
2286	1.174
2287	1.258
2288	0.9821
2289	-0.4971
2290	0.9253
2291	-0.09129
2292	
2293	0.4595
2294	1.022
2295	-0.072
2296	0.948
2297	1.17
2298	-0.2663
2299	1.495
2300	1.34
2301	0.4304
2302	-0.169
2303	1.385
2304	0.7892
2305	-0.2824
2306	0.1856
2307	0.9221
2308	0.9556
2309	1.711
2310	1.056
2311	0.9528
2312	2.45
2313	1.914
2314	0.1086
2315	1.193
2316	1.702
2317	
2318	
2319	
2320	0.8713
2321	1.885
2322	
2323	1.418
2324	-0.6771
2325	-0.2549
2326	
2327	-0.1794
2328	0.3322
2329	0.7903
2330	
2331	-0.3117
2332	-0.6886
2333	-1.375
2334	-1.157
2335	-0.8898
2336	-1.058
2337	-1.02
2338	-0.3046
2339	
2340	1.36
2341	0.4417
2342	0.4885
2343	-0.2489
2344	0.8244
2345	-0.3793
2346	1.29
2347	-0.3963
2348	
2349	0.02652
2350	0.6247
2351	1.936
2352	1.622
2353	-0.5961
2354	-0.8972
2355	-0.9452
2356	-0.4901
2357	-0.4368
2358	-0.1832
2359	
2360	-0.6112
2361	-1.087
2362	
2363	-1.318
2364	-1.395
2365	
2366	-0.2662
2367	-0.0701
2368	-0.1332
2369	-0.9541
2370	
2371	
2372	-1.899
2373	-0.1842
2374	-0.07618
2375	-0.9894
2376	
2377	-0.6567
2378	-0.8033
2379	
2380	-0.3413
2381	0.2952
2382	
2383	
2384	-0.04274
2385	-0.005982
2386	-0.8771
2387	-1.285
2388	-0.2698
2389	-1.702
2390	-1.681
2391	-1.659
2392	-1.594
2393	-0.5779
2394	0.09349
2395	
2396	
2397	
2398	-0.4464
2399	-0.6625
2400	1.799
2401	
2402	
2403	
2404	
2405	-0.1236
2406	-0.2457
2407	0.1546
2408	
2409	-0.6359
2410	-0.06941
2411	0.03468
2412	0.4279
2413	0.764
2414	2.533
2415	2.069
2416	2.24
2417	0.8871
2418	0.8307
2419	-0.2389
2420	0.01634
2421	0.7949
2422	0.9831
2423	1.038
2424	1.369
2425	2.85
2426	
2427	0.01378
2428	0.09555
2429	-0.1199
2430	-0.6038
2431	
2432	0.6961
2433	0.5787
2434	0.4971
2435	-0.0313
2436	-0.3201
2437	-0.3918
2438	
2439	-0.5305
2440	0.5612
2441	-0.2521
2442	-0.2907
2443	-0.4491
2444	
2445	-0.3081
2446	
2447	0.1561
2448	0.03026
2449	0.1307
2450	-0.2172
2451	-1.758
2452	-1.505
2453	-0.5421
2454	-0.4295
2455	
2456	-0.1345
2457	-0.3504
2458	
2459	-0.4353
2460	-1.048
2461	-1.356
2462	-1.251
2463	0.5521
2464	0.526
2465	1.314
2466	-0.3298
2467	0.1592
2468	-0.08667
2469	-0.5033
2470	
2471	0.598
2472	-0.3708
2473	-0.9093
2474	-0.2657
2475	-0.04084
2476	1.516
2477	0.3478
2478	0.7828
2479	0.8766
2480	
2481	-0.747
2482	0.1472
2483	
2484	-0.2615
2485	-0.468
2486	-0.3658
2487	-0.808
2488	-0.1115
2489	-0.3791
2490	-0.2888
2491	-0.4416
2492	
2493	-0.06108
2494	0.7573
2495	0.3289
2496	0.05429
2497	1.647
2498	4.058
2499	
2500	
2501	0.1323
2502	0.2158
2503	-1.511
2504	-0.22
2505	-0.6882
2506	-1.253
2507	1.075
2508	1.638
2509	0.2597
2510	-0.4569
2511	-0.1229
2512	0.0009113
2513	0.6679
2514	0.3818
2515	-0.04205
2516	0.07497
2517	0.8308
2518	1.624
2519	-0.937
2520	
2521	0.6285
2522	-0.5878
2523	
2524	-0.3935
2525	-0.4303
2526	
2527	-0.5561
2528	-0.3956
2529	0.08134
2530	0.4632
2531	-0.06785
2532	-0.6654
2533	1.051
2534	-0.925
2535	0.09043
2536	-0.2521
2537	0.8775
2538	0.6995
2539	0.09494
2540	0.01772
2541	-0.3466
2542	-0.228
2543	-0.3612
2544	-0.3197
2545	-0.3748
2546	-0.2725
2547	
2548	-0.4958
2549	-0.2495
2550	0.7513
2551	2.472
2552	-0.3502
2553	0.3178
2554	-0.2724
2555	0.09489
2556	-0.8009
2557	1.885
2558	-0.9681
2559	-0.4742
2560	-0.1897
2561	-0.5033
2562	-0.4403
2563	0.4944
2564	0.9813
2565	0.2829
2566	0.9948
2567	1.052
2568	
2569	0.7589
2570	-0.1313
2571	0.2128
2572	
2573	0.8173
2574	-0.1262
2575	-0.5557
2576	1.392
2577	0.2217
2578	0.6726
2579	0.4414
2580	1.481
2581	0.8152
2582	-0.006074
2583	-0.562
2584	
2585	-1.543
2586	-0.9238
2587	-0.3202
2588	
2589	
2590	
2591	
2592	0.2316
2593	-0.9533
2594	0.3963
2595	1.616
2596	-0.2854
2597	0.2563
2598	-0.02614
2599	-1.211
2600	-2.399
2601	-3.023
2602	-1.085
2603	-0.9857
2604	-1.333
2605	-0.6309
2606	0.4209
2607	0.8484
2608	1.173
2609	0.2614
2610	
2611	0.2592
2612	
2613	0.1166
2614	0.8546
2615	0.1106
2616	-2.046
2617	-0.2922
2618	0.3466
2619	-0.1182
2620	0.4288
2621	
2622	0.6792
2623	-0.3506
2624	-0.2106
2625	
2626	-0.7723
2627	
2628	0.3142
2629	
2630	
2631	
2632	0.3245
2633	-0.1664
2634	
2635	-0.4024
2636	-0.2411
2637	-0.05196
2638	0.4456
2639	
2640	-0.3271
2641	-0.3161
2642	0.1326
2643	-0.2855
2644	-0.7342
2645	-0.4534
2646	-0.5562
2647	
2648	-0.6883
2649	-0.7091
2650	-0.07285
2651	-0.2372
2652	
2653	-0.03595
2654	-0.2205
2655	-0.431
2656	-0.4374
2657	
2658	-0.4138
2659	0.295
2660	-0.09121
2661	-0.07071
2662	0.02922
2663	-0.000563
2664	-0.04122
2665	0.08056
2666	-0.2688
2667	-0.2846
2668	0.3858
2669	
2670	-2.171
2671	-1.791
2672	-2.61
2673	-1.031
2674	-1.528
2675	-1.468
2676	-1.526
2677	-1.298
2678	-1.445
2679	
2680	-0.6782
2681	-0.488
2682	-0.2881
2683	-0.1809
2684	0.4771
2685	0.08605
2686	-0.4331
2687	0.2503
2688	0.7423
2689	0.4288
2690	0.5319
2691	
2692	
2693	
2694	
2695	
2696	-0.1458
2697	
2698	-2.203
2699	-2.37
2700	-0.6948
2701	-0.1542
2702	-0.1659
2703	-0.3495
2704	-1.123
2705	-0.245
2706	-0.327
2707	0.7021
2708	
2709	0.2156
2710	
2711	-0.2623
2712	0.2609
2713	0.0191
2714	1.193
2715	0.3012
2716	-0.6872
2717	-0.1565
2718	-0.4014
2719	-0.2866
2720	-0.06756
2721	-0.07069
2722	-0.2291
2723	-0.2977
2724	
2725	
2726	-0.3713
2727	0.1839
2728	0.2793
2729	0.766
2730	0.3189
2731	0.07968
2732	-0.4835
2733	0.9136
2734	-0.3533
2735	0.4406
2736	-0.06385
2737	0.3613
2738	-0.4665
2739	-0.6398
2740	
2741	-0.1224
2742	0.2731
2743	-0.06683
2744	0.2715
2745	-0.01409
2746	-0.1601
2747	-0.295
2748	-0.07457
2749	
2750	0.7177
2751	1.651
2752	2.665
2753	0.2008
2754	-0.4108
2755	0.1239
2756	-0.1093
2757	-0.3209
2758	-0.4357
2759	-0.6408
2760	-0.8828
2761	-0.7006
2762	1.08
2763	1.598
2764	2.746
2765	0.3892
2766	0.9936
2767	-0.1941
2768	-0.03097
2769	-0.4131
2770	-0.02732
2771	-0.1928
2772	-0.396
2773	-0.2237
2774	
2775	0.4948
2776	-0.5857
2777	-0.5416
2778	
2779	1.823
2780	0.1833
2781	
2782	-0.3533
2783	-0.1087
2784	0.4341
2785	0.3331
2786	0.346
2787	0.131
2788	-0.1886
2789	
2790	0.06695
2791	
2792	0.372
2793	0.5499
2794	
2795	0.09977
2796	-0.6869
2797	-0.08685
2798	-0.06546
2799	-0.3111
2800	-0.5026
2801	-0.343
2802	-0.05013
2803	-0.2472
2804	0.977
2805	0.8167
2806	0.3621
2807	0.2047
2808	
2809	-0.2522
2810	0.06244
2811	-0.2125
2812	-0.5354
2813	1.265
2814	
2815	
2816	
2817	
2818	2.437
2819	1.517
2820	-0.07394
2821	-0.4104
2822	
2823	-0.06548
2824	-0.563
2825	-0.9627
2826	-0.7219
2827	0.3653
2828	-0.2946
2829	
2830	0.2108
2831	-0.4177
2832	-0.281
2833	
2834	1.098
2835	
2836	1.286
2837	0.8279
2838	0.608
2839	0.1259
2840	0.6213
2841	-0.6938
2842	-0.1027
2843	0.04742
2844	0.9595
2845	-0.7988
2846	
2847	-0.5595
2848	-0.3512
2849	-0.2955
2850	
2851	
2852	
2853	
2854	-0.5977
2855	-0.9976
2856	-0.6597
2857	
2858	-0.906
2859	-0.9664
2860	0.06999
2861	0.1307
2862	-0.9276
2863	-1.436
2864	
2865	-0.008165
2866	-0.701
2867	-0.5538
2868	-0.5942
2869	-0.4502
2870	-0.6238
2871	-0.07985
2872	-0.2163
2873	-0.594
2874	-0.3732
2875	-0.7796
2876	-1.225
2877	-1.264
2878	
2879	0.1085
2880	-0.05184
2881	0.002949
2882	0.007052
2883	-0.203
2884	-0.03004
2885	0.1573
2886	-0.08679
2887	
2888	-0.7436
2889	0.1973
2890	
2891	1.119
2892	-0.2519
2893	0.005065
2894	-0.4346
2895	-0.8318
2896	-0.7452
2897	-0.6103
2898	-0.6077
2899	-0.9205
2900	-0.09232
2901	1.065
2902	-0.835
2903	-0.5723
2904	-0.4536
2905	-0.7507
2906	-0.1537
2907	-0.4412
2908	0.3823
2909	0.3162
2910	-0.6397
2911	
2912	-1.355
2913	0.4281
2914	1.243
2915	-0.051
2916	1.061
2917	-0.4387
2918	-0.5809
2919	-0.09553
2920	-0.7511
2921	0.04706
2922	0.4279
2923	-0.1657
2924	0.7328
2925	1.021
2926	0.8864
2927	0.5274
2928	-0.1252
2929	-0.1378
2930	-0.228
2931	-0.3984
2932	-0.2634
2933	-0.2259
2934	-0.3869
2935	2.18
2936	1.054
2937	0.6185
2938	0.6711
2939	
2940	0.2577
2941	0.3832
2942	2.512
2943	0.5424
2944	0.5161
2945	0.4896
2946	1.277
2947	1.16
2948	0.07826
2949	-0.02066
2950	-0.7781
2951	0.9755
2952	0.9437
2953	0.7128
2954	0.7093
2955	
2956	-0.7631
2957	-0.1982
2958	0.4712
2959	0.5392
2960	1.077
2961	0.8576
2962	1.523
2963	1.525
2964	0.7206
2965	0.9744
2966	0.1831
2967	
2968	0.1238
2969	1.507
2970	0.2121
2971	-0.054
2972	0.09038
2973	0.7458
2974	
2975	-0.1963
2976	0.8488
2977	0.3323
2978	
2979	-0.01373
2980	0.003674
2981	-0.2555
2982	0.7417
2983	0.06775
2984	-0.2462
2985	-0.2662
2986	-0.4183
2987	
2988	
2989	0.8452
2990	1.526
2991	0.3721
2992	0.04605
2993	0.01312
2994	-0.1685
2995	-1.017
2996	-0.2877
2997	
2998	0.09967
2999	0.03748
3000	0.4792
3001	1.131
3002	1.266
3003	-0.6115
3004	0.06443
3005	0.5028
3006	0.4291
3007	-0.09898
3008	1.668
3009	-0.08762
3010	-0.7145
3011	0.4634
3012	0.2642
3013	-0.3052
3014	-0.5322
3015	
3016	0.3586
3017	-0.2059
3018	0.1262
3019	1.223
3020	0.1133
3021	0.03634
3022	0.03279
3023	-0.008121
3024	0.09085
3025	-0.2375
3026	
3027	-0.6207
3028	0.395
3029	0.07731
3030	-0.2087
3031	0.4577
3032	0.2952
3033	0.7752
3034	0.5676
3035	1.029
3036	
3037	0.9559
3038	0.3315
3039	-0.53
3040	-0.5311
3041	-0.07106
3042	0.7386
3043	-0.7671
3044	0.1359
3045	-0.1619
3046	-1.23
3047	-1.582
3048	-1.179
3049	
3050	-2.325
3051	
3052	0.7005
3053	-0.2852
3054	0.5221
3055	1.91
3056	0.4957
3057	
3058	-0.1861
3059	0.1763
3060	0.3737
3061	
3062	
3063	0.7665
3064	0.262
3065	1.046
3066	2.094
3067	1.397
3068	0.997
3069	
3070	-0.3059
3071	0.3933
3072	-0.3572
3073	0.3053
3074	-0.2117
3075	0.03433
3076	
3077	
3078	
3079	-0.2502
3080	
3081	-0.02931
3082	-0.125
3083	-0.07016
3084	0.8407
3085	0.05567
3086	-0.4237
3087	0.7581
3088	-0.4441
3089	0.5404
3090	-0.9879
3091	-0.21
3092	0.6845
3093	0.1663
3094	-0.2565
3095	-0.6966
3096	-0.9465
3097	-0.3232
3098	-0.5632
3099	-0.933
3100	-0.8947
3101	-1.782
3102	-0.7408
3103	-0.29
3104	-0.2817
3105	1.074
3106	
3107	
3108	0.1307
3109	
3110	-0.7231
3111	-0.5639
3112	-0.3927
3113	-0.3508
3114	0.34
3115	
3116	0.2351
3117	-0.6222
3118	
3119	-0.3936
3120	-0.185
3121	
3122	-0.2202
3123	
3124	0.08513
3125	0.4589
3126	
3127	-0.1907
3128	-1.056
3129	0.1728
3130	-0.04724
3131	0.4606
3132	0.84
3133	0.3903
3134	
3135	-0.2941
3136	-0.5679
3137	-0.1932
3138	
3139	
3140	-0.4437
3141	-1.05
3142	-1.447
3143	-0.8204
3144	
3145	-0.3051
3146	0.8841
3147	0.913
3148	0.08234
3149	0.6406
3150	0.8014
3151	-0.4191
3152	-0.4947
3153	-0.3759
3154	0.04814
3155	0.3145
3156	0.1418
3157	0.9334
3158	-0.01874
3159	-0.02439
3160	1.09
3161	-0.07778
3162	-1.11
3163	
3164	0.5677
3165	0.5419
3166	-0.5936
3167	-0.7291
3168	-0.3563
3169	-0.3967
3170	-0.7518
3171	
3172	2.146
3173	-0.4582
3174	
3175	0.6753
3176	0.5025
3177	0.5612
3178	-0.2728
3179	-0.6674
3180	-0.4704
3181	0.156
3182	
3183	0.3283
3184	
3185	1.327
3186	1.999
3187	1.556
3188	
3189	1.882
3190	1.3
3191	0.3857
3192	1
3193	0.827
3194	-0.01118
3195	0.01257
3196	-0.1954
3197	0.1873
3198	-0.5331
3199	-0.2157
3200	-0.0944
3201	-0.3876
3202	-0.6358
3203	-0.5567
3204	-0.2275
3205	-0.5011
3206	-0.7561
3207	-0.2912
3208	-1.023
3209	-0.6659
3210	
3211	-2.638
3212	
3213	-0.01942
3214	-1.979
3215	
3216	-0.3393
3217	
3218	1.054
3219	-0.4153
3220	-1.287
3221	-0.3532
3222	-0.8383
3223	0.3319
3224	-0.3163
3225	-0.05727
3226	0.1904
3227	-1.485
3228	0.1593
3229	0.2107
3230	1.026
3231	0.7741
3232	0.5353
3233	0.1768
3234	-0.1015
3235	-0.1032
3236	2.309
3237	0.1732
3238	0.4148
3239	-0.6144
3240	-1.581
3241	-0.294
3242	-0.2565
3243	-0.3151
3244	-0.2181
3245	-0.5313
3246	-0.6698
3247	0.5088
3248	0.6858
3249	0.2254
3250	0.539
3251	1.618
3252	-0.5148
3253	-0.2058
3254	-0.1122
3255	1.547
3256	1.353
3257	-0.1167
3258	0.05797
3259	0.3316
3260	1.452
3261	1.612
3262	-0.1825
3263	-0.3794
3264	-0.6817
3265	-0.08359
3266	-0.03087
3267	
3268	0.1484
3269	0.3254
3270	
3271	0.7213
3272	
3273	
3274	
3275	
3276	
3277	
3278	
3279	-0.4178
3280	-0.6454
3281	-0.8898
3282	-0.5016
3283	-0.06367
3284	0.1008
3285	-0.1781
3286	-0.2231
3287	0.06826
3288	-0.6658
3289	-0.649
3290	-0.4854
3291	
3292	-0.08812
3293	
3294	0.1393
3295	0.2247
3296	
3297	0.8019
3298	0.4797
3299	0.02136
3300	0.3247
3301	-0.09528
3302	-0.1073
3303	0.05514
3304	0.4539
3305	0.4913
3306	0.7233
3307	0.6264
3308	0.5862
3309	
3310	0.6622
3311	
3312	
3313	0.8545
3314	0.5609
3315	0.5287
3316	0.6752
3317	
3318	0.8808
3319	1.043
3320	1.149
3321	1.067
3322	0.0563
3323	-0.6933
3324	-0.6699
3325	-0.3844
3326	-1.115
3327	-0.3128
3328	-0.8898
3329	-1.139
3330	-0.831
3331	
3332	-0.5977
3333	-0.9842
3334	-2.152
3335	-1.32
3336	
3337	-0.2971
3338	
3339	1.597
3340	1.404
3341	1.349
3342	
3343	-0.1236
3344	0.1338
3345	0.4424
3346	0.7211
3347	1.318
3348	
3349	
3350	-1.011
3351	-0.5362
3352	0.3842
3353	-0.1837
3354	-0.1488
3355	0.03853
3356	0.006982
3357	-0.4262
3358	-1.136
3359	-0.004797
3360	-0.3049
3361	-0.4583
3362	-0.0882
3363	1.133
3364	1.327
3365	0.105
3366	
3367	0.6175
3368	1.119
3369	
3370	-0.24
3371	
3372	
3373	-0.244
3374	-0.01942
3375	1.259
3376	-0.1553
3377	-0.652
3378	-0.3449
3379	-0.01412
3380	
3381	
3382	-0.05255
3383	-0.06258
3384	1.379
3385	0.7644
3386	
3387	0.295
3388	0.2169
3389	0.4447
3390	0.6657
3391	-0.3922
3392	-0.5566
3393	-0.3192
3394	-0.4564
3395	-0.533
3396	
3397	-0.995
3398	
3399	-0.1419
3400	0.4272
3401	0.4247
3402	-0.4058
3403	0.03998
3404	-0.09367
3405	0.6978
3406	
3407	0.6104
3408	0.6879
3409	0.4222
3410	-0.09102
3411	
3412	0.5267
3413	
3414	-0.05956
3415	-0.2645
3416	-0.2446
3417	0.5902
3418	1.435
3419	
3420	
3421	-0.43
3422	-0.1558
3423	1.126
3424	1.104
3425	0.7138
3426	
3427	
3428	-0.1261
3429	-0.3239
3430	-0.3036
3431	-0.7923
3432	-0.2927
3433	1.543
3434	-1.571
3435	-0.2716
3436	-0.6551
3437	-0.6557
3438	-0.6479
3439	-1.793
3440	-1.405
3441	-0.2259
3442	
3443	0.06655
3444	-0.6311
3445	-0.281
3446	0.6632
3447	-0.4194
3448	0.0672
3449	-0.1024
3450	0.5421
3451	-0.7237
3452	-1.033
3453	-0.9575
3454	-0.163
3455	0.1058
3456	-0.3149
3457	0.3219
3458	1.124
3459	1.288
3460	
3461	-0.9773
3462	0.1397
3463	0.1313
3464	1.026
3465	0.3849
3466	0.5182
3467	0.1033
3468	-0.3957
3469	-0.1112
3470	-0.4395
3471	-0.835
3472	0.8702
3473	
3474	-0.3707
3475	-0.1868
3476	0.02103
3477	-0.009523
3478	-0.04079
3479	-0.7492
3480	0.07719
3481	1.014
3482	
3483	-0.9887
3484	
3485	
3486	-0.6241
3487	-0.5149
3488	-0.4371
3489	
3490	-1.072
3491	-0.6797
3492	0.563
3493	0.5776
3494	0.1166
3495	1.521
3496	-0.8026
3497	
3498	0.7583
3499	
3500	0.09395
3501	0.229
3502	
3503	-0.2398
3504	-0.4147
3505	0.7545
3506	-0.6216
3507	-1.11
3508	-1.071
3509	0.7348
3510	1.4
3511	-0.6511
3512	-1.492
3513	
3514	
3515	-0.7131
3516	-0.4115
3517	-0.2911
3518	-0.9781
3519	-0.1989
3520	-0.7564
3521	-0.06248
3522	
3523	0.3437
3524	-1.1
3525	1.9
3526	1.187
3527	
3528	-0.3287
3529	0.1595
3530	
3531	-0.5973
3532	-0.4873
3533	-0.6877
3534	-0.2854
3535	0.07826
3536	0.1173
3537	-0.2883
3538	
3539	
3540	0.1455
3541	-0.3874
3542	-0.5003
3543	-0.2036
3544	1.641
3545	
3546	-0.3405
3547	
3548	
3549	0.4025
3550	0.06679
3551	0.4803
3552	0.4742
3553	2.406
3554	0.5622
3555	-0.1831
3556	-0.3778
3557	-0.104
3558	-0.1412
3559	1.212
3560	1.682
3561	
3562	-0.8635
3563	
3564	0.1228
3565	0.04707
3566	-0.529
3567	-0.1876
3568	-0.5341
3569	0.1371
3570	-0.5538
3571	
3572	1.585
3573	0.5856
3574	
3575	-0.4317
3576	-0.4422
3577	-0.441
3578	
3579	-0.5138
3580	-0.1337
3581	-0.06815
3582	
3583	0.2156
3584	-0.217
3585	0.03482
3586	
3587	-0.5506
3588	-0.5685
3589	0.4463
3590	0.5621
3591	0.4559
3592	-0.4109
3593	
3594	
3595	-0.4434
3596	
3597	
3598	
3599	0.9467
3600	0.8661
3601	0.7993
3602	
3603	0.1672
3604	0.07158
3605	-0.4781
3606	-0.2795
3607	0.2654
3608	0.323
3609	0.9367
3610	0.3718
3611	1.512
3612	
3613	1.125
3614	
3615	
3616	-0.476
3617	-0.7939
3618	-0.5711
3619	0.7553
3620	0.2348
3621	0.1804
3622	0.5192
3623	0.354
3624	0.1658
3625	0.02579
3626	0.1775
3627	0.3094
3628	
3629	0.3042
3630	0.07265
3631	-0.3567
3632	-0.4865
3633	0.5918
3634	0.1989
3635	0.6781
3636	0.5687
3637	1.085
3638	0.663
3639	2.159
3640	1.278
3641	1.684
3642	0.2731
3643	1
3644	1.079
3645	-2.497
3646	-2.027
3647	
3648	-0.3331
3649	0.01867
3650	0.05444
3651	-0.1664
3652	-0.1169
3653	-0.6561
3654	
3655	0.6737
3656	
3657	-0.4352
3658	
3659	
3660	0.6074
3661	1.71
3662	
3663	-0.0233
3664	
3665	0.1102
3666	0.3353
3667	-0.01471
3668	-0.0324
3669	0.7157
3670	0.8756
3671	1.324
3672	
3673	-1.313
3674	-0.04886
3675	
3676	-0.3499
3677	-0.5462
3678	
3679	
3680	-0.3767
3681	-0.253
3682	-1.649
3683	-0.4407
3684	0.1773
3685	0.811
3686	-0.3607
3687	-0.005402
3688	0.6557
3689	0.8885
3690	
3691	-0.3554
3692	-0.3246
3693	-0.03192
3694	0.6111
3695	0.5894
3696	
3697	
3698	0.4352
3699	0.08435
3700	-0.3673
3701	0.03831
3702	0.5536
3703	0.971
3704	1.622
3705	
3706	0.5463
3707	1.268
3708	2.539
3709	-0.1341
3710	
3711	-0.3464
3712	-0.07598
3713	-0.4231
3714	0.2917
3715	0.1293
3716	-0.3285
3717	-0.7556
3718	-0.5954
3719	0.2002
3720	-0.7411
3721	-0.4933
3722	-0.5511
3723	-0.9608
3724	0.3553
3725	0.7457
3726	0.1139
3727	0.8677
3728	1.854
3729	0.877
3730	2.292
3731	0.5293
3732	0.5561
3733	0.7322
3734	0.772
3735	0.9642
3736	1.085
3737	
3738	1.228
3739	0.9366
3740	-0.134
3741	0.5549
3742	0.4533
3743	-0.5168
3744	-0.5734
3745	-0.1401
3746	
3747	0.1684
3748	
3749	1.385
3750	0.4958
3751	1.621
3752	0.05381
3753	-0.2843
3754	-1.05
3755	-0.5271
3756	
3757	
3758	
3759	
3760	
3761	
3762	-0.7027
3763	0.006348
3764	0.7369
3765	-0.33
3766	-0.7208
3767	-0.7313
3768	
3769	-1.816
3770	-2.146
3771	-2.736
3772	-2.313
3773	-2.613
3774	2.162
3775	
3776	-0.02088
3777	
3778	-0.5248
3779	-0.6094
3780	
3781	0.1994
3782	-0.7183
3783	-1.19
3784	-0.8827
3785	-0.3544
3786	-0.08668
3787	-0.2785
3788	-0.4537
3789	-0.6562
3790	-0.7168
3791	-0.3744
3792	-1.243
3793	-0.9168
3794	0.06422
3795	0.4339
3796	
3797	
3798	
3799	
3800	-0.9606
3801	-0.3808
3802	
3803	0.4103
3804	0.06364
3805	0.303
3806	0.1062
3807	-0.6318
3808	-1.176
3809	-0.05983
3810	-0.1767
3811	-0.1074
3812	
3813	-0.6699
3814	-1.2
3815	-1.574
3816	0.2126
3817	-0.3727
3818	-0.9922
3819	-0.6532
3820	0.3323
3821	0.6657
3822	0.4668
3823	-0.8041
3824	-0.6191
3825	-0.7774
3826	-0.01957
3827	0.05214
3828	-0.07628
3829	1.394
3830	0.8421
3831	
3832	-1.115
3833	-0.03957
3834	-0.5254
3835	-0.6461
3836	0.6671
3837	0.2917
3838	0.3469
3839	-0.08846
3840	-0.3195
3841	
3842	0.3476
3843	-0.2717
3844	-0.1438
3845	-0.6078
3846	
3847	0.717
3848	-0.6392
3849	
3850	0.07547
3851	
3852	
3853	
3854	
3855	
3856	0.5732
3857	0.4455
3858	
3859	0.997
3860	0.03036
3861	-0.3532
3862	-0.514
3863	1.045
3864	
3865	0.5385
3866	0.4379
3867	0.9228
3868	-0.6235
3869	-1.008
3870	0.009003
3871	2.461
3872	-0.2918
3873	
3874	
3875	-0.712
3876	0.02799
3877	-0.213
3878	0.3882
3879	
3880	
3881	
3882	-0.4649
3883	
3884	0.5568
3885	
3886	0.3042
3887	0.7173
3888	0.5179
3889	
3890	-1.754
3891	-1.031
3892	-1.853
3893	
3894	-0.578
3895	-0.1628
3896	
3897	-0.7979
3898	-0.1141
3899	
3900	
3901	
3902	-0.185
3903	-0.05615
3904	-0.1684
3905	-0.5676
3906	-0.5608
3907	-0.5272
3908	0.7646
3909	-0.3281
3910	
3911	0.8248
3912	
3913	-0.03409
3914	-0.1999
3915	0.4758
3916	1.472
3917	-0.3339
3918	0.1058
3919	2.549
3920	
3921	
3922	
3923	
3924	0.5085
3925	0.2108
3926	0.3619
3927	0.03463
3928	
3929	0.3592
3930	-0.1675
3931	0.8774
3932	0.6369
3933	0.6442
3934	0.7858
3935	0.1439
3936	
3937	0.5285
3938	1.02
3939	
3940	
3941	
3942	
3943	0.3177
3944	-0.2888
3945	
3946	
3947	0.3158
3948	0.01884
3949	0.1668
3950	-0.2706
3951	0.1806
3952	-0.5299
3953	-0.1043
3954	0.5543
3955	0.1211
3956	1.5
3957	1.781
3958	2.428
3959	2.099
3960	0.9445
3961	-0.7369
3962	-0.4749
3963	-0.1226
3964	-0.2609
3965	-0.1999
3966	1.049
3967	-0.0406
3968	
3969	
3970	
3971	
3972	0.5275
3973	0.4282
3974	0.586
3975	-0.5031
3976	
3977	
3978	
3979	
3980	1.4
3981	0.3431
3982	0.5583
3983	1.3
3984	0.9059
3985	1.494
3986	
3987	0.9584
3988	
3989	-0.2933
3990	
3991	0.805
3992	0.3246
3993	0.81
3994	1.078
3995	0.4323
3996	0.7525
3997	0.5638
3998	0.1786
3999	0.3186
4000	1.397
4001	0.5619
4002	
4003	-0.909
4004	-0.4619
4005	
4006	2.103
4007	
4008	
4009	
4010	
4011	0.02168
4012	-0.04858
4013	2.625
4014	2.13
4015	
4016	0.5741
4017	-1.42
4018	-0.1706
4019	0.7604
4020	-1.124
4021	-1.063
4022	-0.827
4023	-0.3979
4024	0.2751
4025	1.428
4026	-0.2092
4027	-0.1922
4028	-0.0249
4029	
4030	
4031	-1.333
4032	-0.9196
4033	-0.6282
4034	0.5953
4035	-0.7536
4036	0.2899
4037	1.31
4038	-0.9342
4039	-0.3947
4040	-0.6581
4041	0.5801
4042	0.4905
4043	-1.638
4044	-2.004
4045	-1.358
4046	-1.017
4047	-0.8367
4048	-0.5648
4049	-0.09426
4050	-0.3832
4051	0.5035
4052	
4053	0.7956
4054	1.166
4055	-0.6233
4056	0.259
4057	-0.6791
4058	-1.996
4059	-0.4867
4060	-0.7591
4061	-3.372
4062	-1.36
4063	-0.2503
4064	
4065	-0.3045
4066	-1.456
4067	
4068	0.2355
4069	1.122
4070	0.09831
4071	0.0003608
4072	
4073	-0.004275
4074	0.05101
4075	-0.2689
4076	-0.3059
4077	-0.6534
4078	-0.1647
4079	
4080	-0.314
4081	-0.3183
4082	-0.2854
4083	-0.6397
4084	
4085	
4086	-0.2908
4087	-1.486
4088	-0.2963
4089	
4090	-0.2181
4091	-0.2342
4092	-0.1523
4093	-0.6226
4094	-0.4249
4095	-0.3629
4096	0.6657
4097	0.1619
4098	0.03161
4099	
4100	0.03332
4101	0.1326
4102	-0.172
4103	-0.2012
4104	-0.08497
4105	0.07234
4106	-0.07652
4107	-0.2066
4108	0.05177
4109	-1.803
4110	0.3464
4111	-2.149
4112	-2.792
4113	-1.914
4114	-1.442
4115	-0.8224
4116	-0.4838
4117	0.4624
4118	0.4179
4119	-0.5786
4120	-0.2547
4121	-0.007565
4122	1.323
4123	1.115
4124	0.006104
4125	-0.2491
4126	-0.2584
4127	-0.08425
4128	-0.7292
4129	0.6015
4130	0.3097
4131	-0.1835
4132	
4133	-0.08667
4134	
4135	1.184
4136	0.5127
4137	0.04395
4138	1.208
4139	-1.067
4140	-1.018
4141	-1.178
4142	1.998
4143	2.145
4144	2.055
4145	-0.2023
4146	0.3023
4147	1.347
4148	-0.2704
4149	-0.5936
4150	-1.035
4151	-1.022
4152	-0.415
4153	0.03469
4154	0.4599
4155	-0.3342
4156	-1.86
4157	-0.8806
4158	-0.618
4159	-0.044
4160	
4161	0.3876
4162	0.2994
4163	
4164	
4165	
4166	-1.611
4167	-0.5269
4168	-0.08952
4169	-0.1018
4170	-0.6014
4171	0.06454
4172	0.2287
4173	-0.0129
4174	0.08265
4175	-0.1233
4176	-0.3724
4177	
4178	
4179	-1.182
4180	-0.1827
4181	
4182	-0.4054
4183	-0.7119
4184	-0.5811
4185	
4186	-0.3467
4187	-0.1
4188	-0.4319
4189	-0.2989
4190	0.6877
4191	-0.1937
4192	0.04188
4193	-0.03734
4194	-0.186
4195	-0.1483
4196	0.2591
4197	
4198	-0.1448
4199	-0.273
4200	1.782
4201	1.7
4202	1.196
4203	1.477
4204	-0.6175
4205	
4206	0.4697
4207	1.577
4208	0.4765
4209	
4210	-0.3646
4211	0.5204
4212	-0.1306
4213	0.515
4214	0.5664
4215	-0.3544
4216	-1.729
4217	-1.062
4218	-1.112
4219	0.8329
4220	-0.1517
4221	-0.583
4222	0.3664
4223	-0.002334
4224	-0.2926
4225	-0.3799
4226	1.928
4227	-0.3422
4228	-0.5263
4229	-0.6712
4230	-1.476
4231	0.16
4232	0.09108
4233	0.9237
4234	0.5053
4235	0.6501
4236	-0.232
4237	-0.9846
4238	-0.4714
4239	0.04143
4240	-0.1125
4241	0.9601
4242	0.1661
4243	1.306
4244	2.436
4245	3.517
4246	0.3959
4247	-0.05801
4248	-0.3205
4249	-0.672
4250	-0.149
4251	0.1044
4252	0.9458
4253	
4254	1.04
4255	0.4276
4256	-0.1836
4257	-0.8424
4258	0.8752
4259	0.4678
4260	1.146
4261	-0.3791
4262	-0.293
4263	-0.5301
4264	-0.004842
4265	-0.324
4266	-0.2115
4267	-0.6831
4268	-0.3643
4269	
4270	
4271	0.06904
4272	
4273	
4274	-1.567
4275	-0.8797
4276	-0.7267
4277	-0.5621
4278	-0.654
4279	-0.2509
4280	
4281	-0.5182
4282	-0.399
4283	-0.0234
4284	0.9183
4285	-0.8658
4286	-0.3593
4287	1.066
4288	-0.07302
4289	0.04427
4290	0.2542
4291	0.3483
4292	-1.782
4293	-1.188
4294	-0.5052
4295	-0.03384
4296	-0.7776
4297	-0.8458
4298	
4299	0.1781
4300	-0.5371
4301	-0.6287
4302	-0.3223
4303	-1
4304	
4305	-0.9615
4306	-0.6068
4307	-0.5083
4308	-1.483
4309	-1.353
4310	-1.134
4311	-0.3671
4312	0.0455
4313	-0.7626
4314	0.2966
4315	0.0539
4316	-0.2069
4317	-1.261
4318	
4319	-0.2856
4320	-0.2563
4321	-1.117
4322	0.3279
4323	-0.3985
4324	-0.1126
4325	-1.015
4326	0.06466
4327	
4328	0.2775
4329	0.2662
4330	
4331	-0.4308
4332	-0.5674
4333	-0.4906
4334	-0.7264
4335	-1.106
4336	-0.741
4337	-0.7597
4338	-0.5043
4339	-0.07221
4340	-0.06675
4341	0.1004
4342	0.6839
4343	-0.3102
4344	-0.841
4345	-0.1155
4346	0.4837
4347	-0.7593
4348	0.3986
4349	0.2921
4350	0.3825
4351	0.5976
4352	0.4211
4353	0.4728
4354	
4355	0.923
4356	0.1196
4357	-0.8439
4358	
4359	
4360	-0.2416
4361	-0.2509
4362	-0.1594
4363	-0.2892
4364	-1.304
4365	-2.977
4366	-2.143
4367	-1.434
4368	
4369	
4370	
4371	-1.858
4372	-0.6634
4373	-0.3447
4374	-0.43
4375	1.097
4376	0.4675
4377	1.162
4378	0.3938
4379	-0.1851
4380	0.02361
4381	1.424
4382	0.241
4383	0.3682
4384	1.27
4385	0.3826
4386	0.6132
4387	0.9825
4388	0.4534
4389	
4390	0.5844
4391	1.501
4392	
4393	-0.5101
4394	-0.7589
4395	-0.8983
4396	-0.08466
4397	0.5611
4398	0.964
4399	0.2134
4400	-0.8498
4401	0.3155
4402	0.3415
4403	0.1431
4404	
4405	
