2048	-0.36
2096	-0.04
2144	-0.20
2192	-0.37
2730	-0.08
1141	-0.63
1874	0.62
2490	0.38
2778	0.59
2803	-0.17
1274	0.15
2826	-0.02
1322	2.71
1370	1.67
558	0.39
2874	0.41
1418	-0.01
807	1.03
855	-0.20
606	-0.53
654	-0.36
2122	-0.15
692	-0.47
2170	-0.46
903	-0.36
442	-0.27
3018	-0.01
2240	0.01
2559	-0.68
2607	-0.31
1466	0.02
1514	0.09
1180	0.36
1276	0.19
1324	-0.07
1372	0.12
1540	0.30
1588	0.40
3066	0.39
1636	0.01
951	0.14
2851	-0.05
999	-0.16
2538	-0.24
2655	-0.53
2732	-0.42
1420	-0.46
2586	-0.54
2962	-0.49
1468	-0.59
2780	-0.46
2828	-0.42
2876	0.23
2924	0.18
2179	0.87
1672	0.43
385	0.09
433	0.00
481	0.10
529	-0.02
2972	0.20
1166	-0.20
1214	-1.17
2634	0.42
3020	0.75
1262	-0.08
2288	0.06
1954	-0.06
2002	-0.21
2050	-0.42
2098	-0.13
2146	-0.05
2194	0.05
2242	0.05
1684	0.08
1732	-0.48
3068	-0.56
1035	-0.25
1516	-0.03
1182	0.19
867	-0.05
915	-0.27
963	-0.03
1011	-0.44
1230	0.20
1059	-0.05
1107	-0.61
773	-0.08
1278	-0.29
1326	-0.02
1374	-0.35
821	0.59
1047	-0.32
2321	-0.01
2830	-0.03
2878	-0.44
1720	-0.75
2369	0.22
869	0.08
917	0.20
3010	0.02
2682	-0.48
1422	-0.06
1470	-0.32
1095	-0.57
1780	-1.41
1828	-0.04
1876	0.35
1542	0.57
2974	0.01
1590	-0.45
3022	0.29
2658	-0.17
2324	-0.59
1310	-0.99
577	0.18
2417	-0.09
2899	0.04
1358	0.05
2736	-0.01
2947	-0.23
2784	-0.14
2348	-0.54
2832	-0.45
2396	-0.24
2444	-0.37
1518	0.08
1184	0.27
1232	0.13
1280	0.41
965	-0.02
1013	0.14
1328	0.50
2492	-0.19
2227	-0.32
2218	-0.28
1768	1.03
625	0.80
2880	-0.19
1061	-0.01
1109	-2.32
1143	-0.63
809	-0.24
857	-0.60
2540	0.53
1406	-0.08
2976	-0.02
3024	-0.14
3072	0.80
2372	0.19
2266	0.70
740	-0.28
1083	0.67
3073	0.06
3121	-0.02
2290	-0.01
1956	-0.08
1932	0.06
1980	0.19
2028	0.34
2420	0.55
2076	0.71
1454	0.15
3169	-0.57
3217	-0.89
3265	-0.89
775	-0.33
823	-0.75
2312	0.01
871	-0.19
919	-0.51
1816	-0.36
1864	-0.94
2360	-0.46
1638	-0.24
3313	-0.12
1376	-0.59
3361	0.09
3409	-0.16
3075	-0.04
1424	-0.40
3123	-0.10
2124	0.20
3171	-0.15
967	0.07
1015	0.67
793	0.11
905	-0.34
2468	-0.31
2516	0.15
406	-0.10
3219	-1.01
2995	-0.02
1686	-1.02
3267	0.08
3315	-0.62
1912	-0.33
1578	-0.28
2564	0.06
3363	0.37
2612	-0.02
3411	0.33
2660	-0.11
1063	-0.02
2326	-0.41
3077	-0.62
3125	-0.30
3058	-0.20
3173	-0.06
3221	0.12
1472	0.12
1520	0.12
3269	0.24
3317	0.18
3365	0.17
3413	0.22
3079	0.16
2172	0.18
2220	0.41
2465	-0.31
3127	-0.01
1111	0.33
777	-0.04
2004	-0.49
2052	-0.02
3175	-0.20
3223	-0.38
3271	0.05
3319	-0.05
3367	0.24
3415	-0.14
702	0.00
3081	0.06
454	0.01
3129	0.13
750	-0.17
416	0.02
3177	0.33
464	0.23
2374	-0.13
825	-0.16
2422	-0.01
1502	-0.76
512	-0.38
560	-0.10
3225	-0.08
3273	0.30
2470	0.00
673	0.12
2148	0.24
608	-0.78
656	-0.30
3321	0.50
3369	0.09
550	0.14
3417	0.08
3083	-0.35
704	-0.04
3131	-0.08
3179	0.11
3227	-0.15
3275	0.15
2518	0.36
3323	-0.41
1734	0.16
3371	-0.10
598	0.30
3419	-0.23
3085	0.06
3133	0.05
646	0.00
2268	0.15
1131	0.13
3229	0.08
752	-1.12
694	0.16
3277	0.31
3325	0.18
3373	0.06
1186	0.05
742	-0.01
3421	0.34
3087	-0.14
1168	0.33
3135	-0.05
3183	0.03
1234	0.30
1282	-0.01
1330	0.18
953	0.35
3231	-0.29
408	0.12
3279	0.09
456	0.20
3327	-0.45
3375	-0.02
3423	0.18
3043	-0.21
3137	0.04
3185	0.12
1782	-0.16
3233	0.36
504	0.21
2566	0.10
2614	0.24
3329	0.15
3377	0.14
1001	0.82
2513	0.24
2662	-0.15
2328	0.07
1049	0.24
435	-0.07
1097	0.09
483	-0.03
531	-0.32
552	0.34
3425	0.18
579	-0.25
627	-0.08
2805	-0.09
723	-0.04
1216	0.09
1674	-0.22
2376	0.41
1830	0.42
797	0.74
3091	-0.13
3139	-0.11
3187	0.10
1941	0.28
3235	-0.43
873	0.13
3283	-0.02
1264	0.24
2424	0.17
1312	-0.07
3331	-0.08
2588	1.25
3379	-0.08
3427	0.14
418	-0.45
3093	0.19
2853	-0.09
3141	0.21
3189	-0.03
1378	-0.10
3237	0.07
3285	0.27
3333	-0.12
921	0.12
3381	0.13
2472	-0.33
2520	0.15
3429	-0.06
2196	-0.22
3095	-0.15
2244	-0.39
3143	0.33
2292	0.22
3191	0.05
3239	-0.38
3287	0.07
3335	-0.46
3383	-0.08
389	0.01
1989	-0.08
2037	-0.09
490	0.12
538	0.18
1145	-0.28
3431	-0.13
969	0.05
1934	0.00
1982	-0.36
3074	0.28
811	-0.84
859	-0.60
3122	-0.33
907	-0.74
3170	0.07
3218	0.63
2636	0.71
2684	0.29
2085	0.28
600	0.78
3266	0.03
2568	-0.42
2901	-0.49
2350	-1.00
2133	-0.24
3314	-1.07
3362	-0.02
3410	-0.98
3076	-0.17
1426	-0.11
1878	-0.06
1544	0.10
1592	-0.13
1640	-0.37
1688	-0.45
1474	-0.32
2949	0.15
1017	1.21
1522	0.40
2030	0.96
2078	0.56
586	1.47
1722	0.14
2126	-0.08
3124	0.33
3172	-0.04
3220	-0.12
3268	0.04
3316	-0.19
648	0.31
955	0.78
1003	-0.11
2616	0.47
2664	0.22
2408	0.08
1065	0.12
3364	-0.20
3412	-0.01
3078	0.03
3126	-0.36
3174	0.06
2174	-0.20
3222	-0.18
1188	-0.32
1113	-0.37
1236	-0.69
845	0.01
3270	0.21
1770	-0.09
466	-0.32
2561	-0.46
1818	-0.62
3318	0.16
1866	0.10
1284	2.04
2609	0.02
2398	0.79
2456	0.02
2657	-1.18
1051	0.88
1332	-0.03
2329	0.73
3366	0.28
2377	-0.41
3414	-0.48
1099	-0.20
2997	0.67
1360	0.18
1380	-0.02
3080	-0.01
841	0.88
1408	-0.03
1456	-0.01
1736	1.20
3045	0.26
2504	0.30
1147	0.59
2711	-0.14
3128	-0.09
3176	0.13
3224	-0.14
3272	-0.16
3368	-0.10
893	0.12
696	0.20
3416	-0.01
744	-0.35
2425	0.24
2473	0.28
2759	0.01
3082	0.13
1504	0.46
2521	0.07
1170	0.14
3130	0.16
3178	0.36
2807	-0.21
2569	0.40
2855	0.11
3226	0.03
2903	0.13
2617	-0.05
2323	0.09
2371	-0.02
3274	-0.06
2222	0.28
2270	0.16
3322	-0.07
3370	0.05
2446	-0.12
1428	0.01
1847	0.34
779	-0.19
1476	0.45
1524	0.20
827	0.15
514	-0.60
562	0.13
409	0.06
3418	-0.20
610	-0.86
3084	0.01
3132	0.12
3180	0.15
3228	-0.04
1936	-0.02
3276	-0.11
3324	-0.04
3372	0.08
3420	0.06
3086	-0.01
706	-1.55
3134	0.07
3182	0.39
3230	-0.24
3278	-0.58
875	-0.22
3326	0.29
754	0.25
3374	0.14
3422	-0.22
3088	-0.06
2665	-0.28
923	-0.60
971	-0.01
3136	0.30
420	0.41
468	0.32
457	-0.47
505	-0.04
1218	-0.02
3184	0.13
1266	0.19
1314	0.06
813	-0.27
1362	0.03
1190	0.29
3232	-0.01
3280	0.15
3328	1.27
516	-0.05
2494	-1.40
861	-1.80
909	-1.59
2542	-2.38
957	-0.42
1005	-0.35
1053	-1.19
1410	-1.66
1149	-1.74
2590	-2.73
2638	-2.51
2686	-2.34
2352	-1.65
3376	-0.96
3424	-1.30
2331	0.22
2379	-0.34
3090	0.01
3138	0.16
553	-0.01
1784	-0.53
1238	0.39
1286	-0.19
3186	0.26
2427	-0.36
3234	-0.06
2475	0.11
1914	-0.33
1019	0.00
3282	0.30
3330	-0.14
2951	0.09
2999	-0.09
1832	-0.10
3047	-0.30
601	0.12
649	0.53
3378	0.10
3426	0.12
2724	-0.31
3092	-0.11
3140	0.30
2690	0.33
3188	0.16
2400	-0.49
3236	0.20
2448	1.03
3284	1.10
1067	-0.24
889	-0.81
1115	-0.43
781	-0.06
3332	-0.01
3380	0.05
2496	0.13
3428	-0.30
1580	0.22
829	0.44
1984	0.06
941	1.29
3142	0.03
2738	-0.04
3190	0.08
2032	0.22
3238	0.00
2080	-0.38
815	0.06
863	0.87
911	0.02
1458	1.29
564	0.12
2786	0.71
3286	0.79
1506	1.56
3334	0.54
3382	0.29
3096	-0.26
3144	0.22
3192	-0.12
1958	-0.44
2523	0.13
2571	0.16
2619	0.28
2667	0.57
1007	0.10
2128	0.32
3240	0.09
3288	-0.04
634	0.53
1880	0.89
3336	0.41
3384	0.20
1676	0.02
485	0.15
2333	-0.05
3432	0.02
3097	0.07
1055	-0.09
2381	-0.05
682	0.19
730	0.06
1103	-0.07
1151	-0.10
794	-0.27
3145	-0.10
3193	-0.15
4819	-0.08
3241	0.16
3289	-0.13
3337	0.42
697	0.31
1724	-0.04
3385	0.47
1772	0.33
842	-0.19
3433	-0.41
2429	-0.24
2477	-0.18
533	-0.29
1820	-0.17
1172	0.11
3099	-0.30
1895	0.28
2525	0.14
1334	-0.38
1546	0.20
1594	-0.32
1642	0.08
1690	-0.02
1738	-0.05
3147	0.29
1786	0.02
1834	0.36
1882	0.05
1548	0.33
1596	-0.05
2176	0.21
1644	0.07
1692	0.65
3195	0.45
3243	-0.77
612	-0.16
660	-0.58
708	-0.62
756	-0.21
877	-0.08
3291	-0.54
2544	-0.87
890	-0.40
1220	-0.66
3339	0.22
2006	-1.36
1740	-0.47
2573	-0.58
629	-0.01
677	0.19
725	0.44
1868	-0.97
938	-0.31
3387	0.66
986	-0.31
1034	-0.38
1082	-0.44
2621	-0.73
2669	0.65
745	-0.01
1268	0.19
3101	0.18
2335	-0.92
3149	0.00
2592	-0.08
2640	-0.61
2688	-0.62
2689	-0.03
2737	-0.27
2181	0.91
989	0.00
2785	-0.22
2833	0.30
2881	0.21
2929	-0.13
2977	0.22
937	-0.03
3197	0.27
3245	0.04
2383	0.11
3293	0.06
3341	-0.32
3389	0.01
3437	0.03
1316	-0.05
925	-0.45
3103	-0.24
2229	-0.26
3151	-0.14
1916	-0.76
2834	0.23
2882	0.14
3199	-0.02
3247	-0.23
2930	-1.92
411	-1.59
3295	0.14
3343	-0.86
3391	0.00
1130	0.77
796	1.18
844	0.78
1382	-0.35
3439	0.24
973	0.54
2978	0.09
3105	-0.49
3153	-0.04
3201	0.17
3249	0.22
1364	0.41
3297	0.37
3345	-0.15
3026	-0.38
2692	0.11
2431	-0.15
3025	0.51
2691	0.57
2054	-0.87
892	-0.67
940	0.02
988	0.02
1036	-0.30
3393	-0.17
3441	0.31
3107	-0.88
459	-1.19
2740	0.84
2788	0.22
1021	0.55
2419	-0.15
3155	0.35
1412	-0.61
3203	0.27
3251	-0.04
3299	0.28
3347	-0.34
2836	-0.13
3395	-0.04
2739	0.19
3443	0.28
1430	0.65
2224	0.23
507	-0.30
1084	0.61
1132	0.18
798	-0.17
846	0.08
3109	-0.07
2884	-0.19
894	-0.08
942	0.18
990	-0.03
1038	0.81
1086	0.29
2932	1.21
3157	-0.02
1478	-0.07
2980	-0.02
1069	0.05
3028	0.16
391	1.19
1788	0.26
3205	-0.13
1117	-0.74
1134	0.46
3253	-0.10
2694	0.09
1037	0.09
1460	0.10
1526	0.46
3301	0.10
2272	0.14
1938	0.29
1986	-0.26
800	0.13
848	0.14
2467	0.66
2479	0.57
896	-0.05
1582	-0.31
2034	-0.44
1836	-0.51
1884	0.08
1550	0.24
3349	0.94
1508	0.10
1174	-0.11
555	-0.02
3397	0.11
1598	0.89
1646	0.02
439	-1.37
3445	-0.15
3111	0.54
2102	-0.14
2150	-0.28
3159	0.22
2515	0.14
2082	0.40
944	-0.53
2742	-0.45
3255	-0.01
3303	-0.11
783	0.01
3351	-0.46
3399	-0.30
3447	-0.68
2130	-0.38
3113	-0.61
1240	-0.57
2790	-0.04
3161	-1.71
3209	-1.05
2198	-0.13
831	-0.77
2178	-0.16
2787	-0.41
2226	-0.29
603	-0.25
1222	0.06
3257	0.07
3305	-0.05
3353	0.20
1538	-0.01
927	-0.14
975	-0.02
1023	-0.11
1071	-0.11
1586	-0.59
2563	-0.75
3401	-0.64
3449	-0.55
3115	-1.00
1270	-0.20
2772	-0.36
2820	-0.53
3163	-0.03
2274	0.30
2552	-0.64
2838	-0.18
2886	0.07
1119	0.01
1288	-0.20
3211	-0.12
3259	-0.43
3307	-0.29
1678	-0.31
3355	-0.26
3403	-0.02
3451	0.67
3117	1.03
3165	-0.47
3213	0.06
2527	0.21
1318	0.40
1694	0.21
1742	0.11
1790	-0.08
1838	0.07
1886	-0.13
1552	0.33
1600	0.13
1648	0.08
2575	0.28
3261	-0.03
2934	-0.03
785	0.05
3309	0.20
3357	-0.06
651	-0.25
3405	0.23
422	-0.47
2868	-0.56
1336	-1.04
3453	-0.06
3119	-0.15
1696	-0.03
1744	0.11
1792	0.08
1840	0.23
1888	0.19
1554	0.47
3167	0.45
1384	0.17
3215	0.09
2623	0.49
3263	-0.01
2246	0.47
3311	0.42
2982	0.27
3359	-0.09
3407	-0.02
2671	0.04
3455	-0.04
3030	-0.21
3098	0.18
3146	0.69
2294	-0.12
992	-0.73
3194	-0.76
1602	-0.64
3242	-1.30
2337	1.90
3338	0.46
3386	-0.09
3434	0.10
3100	-0.28
3148	-0.07
470	-0.61
3196	-0.05
3244	0.31
3292	0.01
2696	-0.09
3388	-0.09
3436	0.10
3102	0.06
833	0.12
881	-0.20
929	-0.05
977	-0.04
1025	0.18
1073	0.03
3150	0.15
3198	0.07
3246	0.06
3294	-0.07
3342	-0.48
1432	0.99
1480	0.21
3390	0.31
1040	0.71
3438	0.02
3104	0.13
1528	-0.34
3152	-0.76
3200	0.14
3248	0.22
3296	0.13
2744	-0.21
3344	1.27
2916	-0.02
2611	-0.09
3392	0.09
2835	0.58
3440	0.12
1988	0.02
3106	0.02
1194	-0.12
1242	0.08
1290	0.36
1338	0.30
1386	0.65
1434	0.97
1482	0.66
1530	0.99
1196	0.94
1244	0.94
1292	1.04
1340	0.56
1388	0.50
1436	0.13
1484	-0.04
1532	0.36
1726	-0.74
3154	-0.06
3202	-0.78
3250	0.31
3298	-0.39
2036	0.26
2600	-0.19
2648	-0.51
2314	0.17
2362	-0.04
2410	0.92
2458	0.16
2792	-0.17
2659	-0.47
1774	-0.63
3346	-0.29
1088	-0.09
1136	-2.46
3394	-0.11
3442	0.32
3108	0.53
487	-0.08
3156	-0.47
3204	-0.36
1650	-0.22
3252	0.93
3300	1.38
3348	1.17
3396	0.11
1822	-0.65
3444	0.11
3110	-0.98
3158	-0.29
2840	-0.94
699	-1.04
3206	-0.25
3254	-0.19
3302	-0.21
802	0.07
850	-0.03
898	-0.46
946	-0.37
2084	-0.61
3350	-0.29
396	-0.11
444	-0.19
2325	0.45
3398	0.09
3446	0.32
2888	0.17
3112	0.53
1698	0.71
3160	0.37
3208	-0.02
518	0.07
566	0.27
3256	0.27
3304	-0.10
3352	0.09
614	0.00
3448	0.28
3114	0.08
3162	0.13
3210	0.04
3258	0.37
3306	-0.24
3354	0.52
3402	-0.04
3450	0.08
3116	0.16
3164	0.58
662	0.46
710	0.07
2277	-0.17
3260	0.20
747	-1.08
3308	-0.79
3356	0.01
3404	0.06
3452	0.29
3118	-0.13
2936	0.30
3166	0.74
3214	0.12
3262	-0.11
3310	-0.08
3358	0.61
1198	0.02
1246	-1.10
1294	-1.26
3406	0.02
3454	0.26
3120	-0.09
2984	-0.18
3168	0.11
3216	0.54
1870	0.02
1918	0.15
1121	-0.29
994	-0.58
2506	-0.56
3264	0.35
1960	-0.13
2008	-0.20
3312	-0.60
3360	-0.54
3408	-0.58
3456	0.57
3457	0.66
3505	-0.05
1342	0.11
3032	-0.89
2698	-0.56
413	-0.21
985	-0.06
3553	1.12
2132	0.13
3601	0.17
3649	0.24
2373	0.89
3697	0.19
2931	-0.13
2979	-0.08
2180	0.16
3027	-0.04
3745	0.09
3793	-0.20
787	0.67
1042	0.05
1090	-0.08
1138	0.09
3459	-0.05
1085	-0.21
1746	0.40
1794	-0.10
804	0.00
1842	-0.18
1890	0.18
1556	0.47
1604	0.22
3507	-0.29
2421	-0.04
3555	0.12
3603	-0.42
1632	0.02
535	0.11
1680	0.19
2469	-0.12
3651	0.02
3699	-0.12
1652	-0.72
1366	0.23
852	0.60
900	0.83
948	0.21
996	0.28
1044	0.50
3747	-0.31
2554	-0.34
1092	-0.34
3795	-0.37
1140	-1.88
3461	-0.06
3509	-0.12
3557	0.31
835	-0.71
3605	-0.22
1133	0.51
3653	0.41
2056	-0.81
2104	-0.66
2152	-0.74
2200	-0.65
2248	-0.75
2296	-0.22
2794	0.12
3701	0.55
3749	0.18
3797	-0.76
2693	0.01
2842	0.08
2228	0.44
3463	0.48
1728	-0.42
1962	-0.72
1700	0.80
2741	0.40
2602	0.27
3511	0.11
3559	0.02
2517	0.04
3607	0.11
1390	0.54
461	-0.77
3655	-0.33
1776	-1.83
2890	-0.39
2650	0.56
3703	-0.26
806	-0.24
854	0.16
902	0.04
950	0.25
998	-0.03
3751	-0.06
1414	-0.23
2938	-0.39
2986	-0.05
3799	-0.29
1748	-0.11
3034	-0.43
2385	-0.13
758	0.09
424	1.13
472	0.52
520	0.20
568	0.13
616	0.37
2700	0.12
3465	0.11
1462	0.11
1510	-0.10
2748	0.25
509	0.13
2796	-0.01
3513	0.02
3561	0.12
1176	0.06
3609	0.37
492	-0.16
2844	1.91
3657	1.27
1046	-0.26
1438	0.37
2892	0.13
2940	-0.29
3705	0.04
557	0.29
1094	-0.25
3753	0.13
664	0.03
3801	-0.25
3467	0.41
540	1.51
1824	-0.35
1224	-0.10
3515	-0.09
2988	0.02
605	-0.11
3563	0.23
3611	0.89
3659	0.06
1943	-0.10
3707	-0.57
712	0.06
3755	-0.12
3803	-0.11
1872	-0.28
1920	0.49
1991	-0.09
760	-0.21
3469	0.19
426	-0.18
3517	0.05
3565	0.05
3613	-0.99
3661	1.01
3709	0.07
3757	0.05
1921	0.26
3805	0.04
474	-0.15
1142	0.50
3471	-0.14
3519	0.07
3567	0.09
3615	-0.26
799	-0.03
3663	0.06
522	0.18
3711	-0.23
570	0.19
3759	-0.10
618	-0.02
3807	-0.05
847	-0.27
883	-0.20
3036	1.38
1486	0.38
1796	0.61
3473	0.15
3521	0.09
3569	0.31
653	0.21
2702	0.12
2010	-0.09
3617	0.01
3665	0.03
3713	-0.04
3761	0.13
3809	0.21
1844	0.10
2750	-0.02
2798	0.30
2316	-0.20
3475	0.23
2364	-0.02
3523	-0.15
3571	0.08
3619	0.25
3667	0.07
3715	-0.37
3763	-0.19
666	-0.10
3811	0.17
2846	0.04
3477	0.03
2894	0.39
2412	0.08
3525	-0.07
2942	0.03
2039	0.49
3573	0.31
1892	-1.26
1558	0.15
1606	-0.05
1654	-0.44
3621	0.06
3669	-0.04
1534	0.20
701	0.71
3717	0.08
931	0.07
3765	0.35
3813	-0.09
2276	-0.18
3479	0.14
1200	0.06
1248	0.38
3527	0.06
3575	-0.45
979	-0.12
3623	-0.21
2990	-0.36
3671	-0.04
3719	-0.16
3767	-0.13
749	-0.20
1272	0.21
1320	0.05
1368	0.12
1416	0.15
3038	0.20
3815	-0.15
3458	-0.44
3506	-0.44
1296	-0.48
2704	0.34
3554	1.08
1464	-0.59
1512	-0.07
808	-0.63
2752	-0.02
3602	-0.23
3698	-0.02
3746	0.08
3794	0.02
1177	0.07
3460	0.01
3508	-0.05
2800	0.18
3556	-0.13
1702	-0.02
1750	0.08
1798	0.11
1846	-0.39
1894	0.02
3604	0.01
1027	0.00
1033	-0.02
3652	-0.08
1560	-0.53
1608	-0.09
1656	0.05
3700	-0.29
2848	0.39
2433	-0.58
1942	1.05
3748	-0.04
1344	0.93
856	0.59
904	0.10
952	0.41
1000	0.06
1225	0.19
3796	-0.09
3462	-0.18
3510	0.20
3558	0.22
2964	0.22
2481	0.27
3606	-0.23
3654	-0.08
1273	0.01
415	0.17
2896	-0.01
3702	0.15
3750	-0.02
2944	0.63
1075	-0.21
3798	0.74
3464	0.31
895	1.23
3512	0.06
1123	0.09
789	-0.32
3560	-0.04
3608	-0.04
3656	0.03
463	-0.28
1321	0.48
1369	0.26
1417	0.30
3704	-0.10
3752	-0.03
3800	0.06
3466	-0.07
3514	-0.17
583	-0.39
3562	0.11
3610	-0.64
2992	-0.14
3040	0.13
511	-0.27
3658	0.24
1392	0.33
3706	-0.22
1440	-0.32
1488	-0.12
1536	-0.16
3754	-0.04
3802	-0.11
3468	0.00
3516	0.23
3564	-0.17
1990	-0.09
2706	0.30
3612	-0.71
3660	0.11
2754	0.03
1465	0.10
3708	-0.17
3756	0.12
3804	0.02
3470	-0.01
714	0.03
3518	-0.09
3566	-0.04
3614	-0.24
3662	0.13
3710	0.24
3758	0.10
3806	0.26
3472	0.02
1537	-0.03
3012	-0.45
3520	0.04
3568	0.14
3616	0.05
1585	0.12
3664	0.19
588	0.29
3712	-0.08
3760	-0.08
3808	-0.03
3474	0.08
1633	0.63
1681	-0.95
3522	-0.07
3570	0.24
3618	-0.09
1729	0.38
3666	0.10
3714	-0.03
3762	-0.37
762	0.28
636	0.18
684	0.12
3810	0.30
3476	0.13
2529	0.11
3524	0.04
3572	0.86
3620	0.06
1800	-0.26
3668	-0.13
1513	-1.07
3716	-2.01
631	-1.11
559	0.27
3764	-0.90
3060	-2.00
3812	0.09
3478	0.22
3526	0.22
3574	0.04
2577	0.11
2625	0.04
3622	-0.44
2058	-0.13
3670	-0.17
3718	-0.10
607	-0.72
732	-0.33
1969	0.02
1848	0.66
1896	0.27
679	-0.14
3766	0.46
1081	-0.02
1048	0.08
727	0.05
655	0.50
2673	0.75
393	-0.03
1096	-0.17
441	0.21
2565	0.50
3814	0.03
3480	0.12
3528	-0.17
3576	0.08
3624	-0.02
3672	0.12
3720	0.06
3768	-0.19
3816	0.07
2087	-0.29
1144	-0.03
2789	0.31
3481	-0.29
2038	-0.01
2837	-0.22
3529	0.26
3577	0.09
3625	-0.07
3673	0.02
3721	0.14
3769	0.08
3817	0.30
1777	0.79
3483	-0.34
3531	0.00
3579	-0.19
3627	-0.03
2017	0.42
2065	-0.25
3675	0.01
3723	-0.62
1825	-0.05
3771	-0.31
2613	-0.05
703	-0.13
1179	-0.10
2508	0.97
3819	0.11
3485	0.19
3533	0.70
3581	-0.02
3629	0.16
3677	0.19
3725	0.20
3773	0.40
3821	0.94
3487	-0.04
3535	0.16
837	0.66
3583	0.79
3631	-0.61
2802	-1.18
3679	-1.30
3727	-0.89
3775	-1.01
3823	0.00
3489	0.53
3537	-0.55
3585	-0.56
3633	-0.12
3681	0.31
1227	0.06
1275	0.05
2850	-0.24
2106	-0.13
3729	0.94
2898	0.46
3777	0.27
1657	-0.10
1705	0.29
3825	0.65
3491	-0.24
2339	-0.09
2387	1.50
3539	-0.09
2154	-0.53
3587	-0.47
3635	-0.55
3683	-0.32
1129	-0.32
810	-0.35
858	-0.19
906	-0.22
2113	-0.15
2086	-0.57
2134	-0.58
2182	-0.66
2230	0.39
2278	-0.01
1944	0.27
1992	-0.11
3731	-0.05
3779	-0.11
3827	-0.28
1753	0.79
3493	0.69
3541	0.65
3589	0.03
3637	0.48
3685	0.30
1323	-0.13
3733	-0.10
3781	0.56
1873	0.65
3829	0.26
489	0.15
537	0.21
954	0.63
1002	0.02
1050	-0.04
398	0.25
2933	-0.10
3495	0.02
3543	0.39
3591	-0.02
3639	0.11
3687	-0.14
2946	0.04
3735	0.22
2202	0.33
2135	0.07
3783	-0.72
3831	-1.29
3497	0.24
3545	-0.05
3593	-0.09
3641	-0.01
1371	0.04
2435	-0.68
1801	0.12
2483	-0.02
3689	0.17
2250	-0.44
3737	-0.37
2161	-0.50
2040	0.08
3785	-0.12
2088	-0.78
2298	-0.10
3833	0.08
3499	0.09
751	-0.08
3547	0.20
585	-0.06
1849	-0.06
2994	0.29
3595	0.03
3042	-0.06
3691	0.46
1897	-0.14
3739	0.60
2708	-0.28
3787	0.51
3835	0.43
3501	0.45
3549	0.06
3597	0.28
3645	0.17
3693	-0.27
3741	0.27
3789	-0.09
3837	0.03
3503	-0.20
3551	0.16
3599	-0.85
3647	0.90
3695	-0.14
3743	-0.01
3791	-0.16
417	0.10
1964	0.06
1419	0.06
3839	0.39
2756	0.38
2209	-0.28
2556	0.30
3482	-0.03
3530	-0.11
2257	-0.12
3578	-0.14
3626	0.89
3674	0.06
2981	-0.01
3722	-0.25
2012	0.60
3770	-0.24
3818	0.01
1098	-0.08
1146	0.18
812	0.26
3484	-0.15
3532	-0.02
3580	-0.52
2726	0.24
3628	0.23
3676	0.09
3724	0.11
465	0.40
1539	-0.19
1587	0.18
2136	-0.66
3772	-0.18
3820	-0.55
3486	-0.08
3534	0.19
943	-0.47
3582	0.04
3630	0.12
3678	-0.02
3726	-0.21
1635	-0.15
3774	-0.73
1923	-0.03
3822	0.09
3488	-0.61
2184	-0.24
3536	0.05
3584	-0.07
3632	0.26
2661	0.29
2531	0.36
2579	0.49
1563	-0.62
3680	-0.69
1611	-0.38
1683	-0.91
3728	-1.65
3776	-0.78
3824	0.01
3490	-0.31
1971	-0.20
2019	-0.12
3538	0.02
2067	0.08
3586	0.00
2627	-0.08
2232	0.18
3634	-0.40
3682	-0.25
3730	0.09
3778	-0.19
3826	0.14
2675	-0.05
1659	-0.13
1731	-0.06
3492	-0.06
2280	-0.41
3540	0.37
3588	-0.06
885	-0.10
1779	0.06
1827	0.01
1875	0.05
1541	0.12
1589	0.23
1637	0.48
1685	0.26
1733	1.22
1781	1.07
1829	0.10
1877	0.71
933	-1.42
981	-0.38
428	-0.46
476	0.06
3636	0.22
1543	1.10
1591	1.19
860	0.26
3684	0.10
908	0.11
956	0.37
3732	0.05
3780	-0.15
3828	0.81
1004	0.33
3494	-0.29
1052	-0.75
3542	-0.08
2604	0.08
2183	-0.60
513	-0.15
3590	-0.22
1639	-0.33
3638	0.21
2804	0.35
1687	0.03
3734	1.14
1029	0.32
1077	0.30
1125	0.01
791	-0.14
839	0.12
633	0.83
3782	0.40
3830	0.24
3496	0.51
3544	0.63
3592	0.24
3640	0.36
3688	-0.07
3736	-0.02
3784	0.01
887	-0.13
935	-0.04
983	0.22
1031	-0.02
1735	-0.07
1783	-0.16
1831	0.11
1079	-0.20
1127	-0.45
770	0.22
818	-0.19
866	0.10
914	-0.19
962	-0.08
1010	-0.10
3832	0.45
3498	0.00
3546	0.76
3594	-0.22
3642	0.41
3690	-0.47
3738	0.06
2231	-0.03
2115	-0.19
3786	-0.10
3834	0.25
3500	-0.13
3548	-0.02
3596	0.07
3644	0.95
3692	0.33
3740	0.34
3788	0.13
2852	0.66
3836	0.77
3502	-0.13
3550	-0.12
3598	-0.75
3646	0.32
3694	-0.14
3742	0.23
1879	-0.42
2327	0.13
3790	1.90
3838	-0.31
561	-0.71
609	-0.04
3504	0.33
3029	-0.59
2695	-0.04
2743	-0.19
3552	-0.08
3600	-1.28
3648	-0.33
3696	-0.13
3744	0.29
991	-0.14
3792	0.11
3840	0.31
2163	-0.01
3841	0.11
1039	0.07
3889	-0.07
3937	0.31
1087	-0.18
3985	0.25
2774	0.39
1058	-0.20
2279	-0.70
4033	-0.13
4081	-0.26
1467	0.17
657	0.68
2900	-0.07
4129	0.28
2060	-0.23
2108	-2.00
2156	-1.21
2204	-1.34
2252	-1.05
2300	-0.97
1966	-0.62
2014	-0.99
2062	-0.77
4177	-0.23
3843	-0.20
1707	0.73
524	0.17
2948	-0.21
3891	-0.10
2996	0.30
3939	0.37
1106	-0.34
3987	0.03
2341	-0.42
2389	-0.24
2437	-0.07
2485	0.21
2533	0.49
4035	-0.01
3044	0.14
681	0.03
4083	0.03
2710	0.10
2581	0.41
2629	0.22
4131	-0.21
4179	0.03
3845	0.08
2758	-0.01
2806	-0.05
2854	-0.19
705	0.15
3893	0.06
2110	0.01
820	0.02
3941	0.09
753	0.29
868	0.06
3989	0.11
2902	-0.15
2375	0.02
2677	0.21
419	-0.03
2211	-0.25
1634	0.26
2950	-0.28
4037	0.24
4085	0.23
4133	0.13
1515	-0.19
4181	0.00
3847	0.21
1181	0.13
1922	0.26
1970	-0.68
3895	0.82
3943	0.07
572	2.76
3991	-0.03
4039	0.07
4087	0.08
4135	-0.16
729	0.16
4859	-0.09
620	-0.76
395	-0.15
443	-1.51
1100	0.42
1148	0.23
814	-0.69
491	-0.86
539	-1.83
4183	0.46
1229	0.53
3849	0.30
2998	0.05
3897	0.13
3945	0.07
3993	0.07
3046	-0.28
4041	-0.21
4089	0.11
4137	0.24
916	-0.23
4185	-0.07
1682	0.03
964	0.17
3851	0.18
2343	0.66
1945	0.04
862	0.23
910	-0.03
958	0.23
3899	-0.23
3947	0.29
3995	-0.15
4043	0.00
4091	0.02
4139	0.30
4187	-0.02
3853	0.01
3901	-0.58
3949	0.19
1277	-0.01
1325	0.35
3997	0.39
1373	0.55
587	-0.28
1755	-0.61
1012	-0.59
4045	0.16
4093	0.46
2712	0.90
1421	0.27
467	-0.44
4189	0.11
1469	0.15
2423	-0.35
1545	0.07
3855	0.13
2760	0.12
2808	0.02
1006	-0.05
1054	-0.30
1102	-0.25
635	-0.49
3903	-1.10
2791	-0.39
2391	0.16
1150	-1.42
816	0.36
515	-0.02
3951	0.13
2018	0.94
683	-0.02
1517	0.18
3999	-0.14
563	0.16
1183	-0.04
4047	-0.03
2856	0.26
731	-0.33
1803	-0.41
864	-1.11
1231	-0.22
4095	-0.43
397	-0.25
4191	-0.91
1135	-1.35
3857	-0.34
3905	-0.36
3953	0.07
912	-0.24
960	-0.23
4001	0.83
1593	-0.11
4049	0.38
2259	-0.17
1993	0.13
4145	0.16
2439	-0.34
2041	0.47
4193	0.22
668	-0.05
1851	-0.01
1899	-0.24
1565	0.08
1613	0.16
1661	0.05
1709	0.13
1757	0.11
1805	0.15
1853	0.11
1901	0.12
1567	-0.23
1615	-0.04
1663	0.00
1711	-0.57
3859	0.16
1759	-0.44
2089	0.33
3907	-0.75
1279	-1.43
1925	0.43
1973	-0.01
3955	-0.05
1060	0.16
611	-0.89
1108	-0.18
774	-0.72
659	0.19
2652	-0.07
2904	0.15
2952	0.31
3000	0.00
4051	0.06
4147	0.19
4195	-0.30
3861	0.12
3909	0.25
2021	1.50
2839	0.38
3957	-0.30
2471	0.03
2519	0.26
4005	-0.08
1641	-0.05
4053	0.09
2487	-0.41
1008	-0.13
1807	-0.03
1855	0.10
1903	0.10
4149	0.05
1327	0.08
3048	0.14
707	0.05
3863	0.14
3911	-0.37
2822	0.30
822	0.54
2713	0.56
2761	0.55
3959	0.03
4007	0.14
1375	-0.07
1689	-0.29
2887	0.05
2935	-0.02
2983	0.45
2809	-0.06
3031	-0.58
2697	-0.04
4055	0.40
4103	-0.04
2857	0.54
4199	-0.11
2069	0.52
3842	0.46
3890	0.15
3938	0.32
3986	0.09
1569	-0.29
1665	-0.09
1713	0.15
1761	-0.17
1809	0.28
1857	0.01
1905	-0.31
1571	-0.05
1619	0.08
4034	-0.46
1667	-0.25
1715	-0.72
1763	0.10
2905	-0.28
801	-0.09
716	-0.79
2953	0.68
4082	0.19
4130	0.10
1811	0.03
445	0.17
3001	0.15
755	1.21
4178	0.81
3844	0.18
2535	0.35
2745	-0.01
3049	0.17
3892	-0.14
1056	-0.35
1104	-0.59
2583	0.30
1152	0.18
1153	0.22
2793	-0.09
2567	-0.05
764	-0.08
2841	-0.12
2318	0.06
3988	0.39
2137	0.59
1737	0.35
2889	0.11
1785	0.18
2366	0.50
2715	0.24
4036	-0.07
421	-0.08
849	-0.04
870	-0.09
2158	0.28
2763	0.43
4084	0.00
918	0.06
4180	0.03
966	0.26
1730	0.19
3846	0.41
897	0.03
3894	0.27
2414	-0.06
2631	-0.18
3942	0.08
1201	-0.35
3990	-0.02
795	0.15
1471	0.30
430	-0.37
4038	-0.11
1062	0.02
4134	0.21
4182	-0.03
2811	-0.18
3848	0.09
3896	0.10
3944	0.05
3992	-0.07
4088	0.19
4184	-0.10
2206	0.10
2254	-0.09
1833	0.33
1881	0.08
2066	-0.65
2114	-0.94
3850	0.44
1185	-0.13
2859	0.35
3898	0.22
3946	0.14
3994	0.12
4090	-1.97
2679	-0.69
469	-0.25
4138	0.27
517	0.19
2345	0.46
4186	0.01
2185	0.61
3852	0.05
1249	0.04
493	0.03
3900	0.06
3996	-0.38
4044	0.05
1297	-0.30
478	0.32
4140	-0.11
4188	-0.24
2233	0.35
2393	0.56
1345	-0.08
2441	0.33
2907	0.05
565	0.23
2955	-0.05
2117	-0.21
613	-0.11
2489	0.65
2302	-0.24
1393	-0.28
1441	-0.55
1489	0.11
3003	-0.17
3854	0.19
3902	-0.55
1968	-1.13
1155	-0.81
1203	-0.67
1251	-0.09
1299	-1.54
3051	-0.61
661	0.68
2717	0.10
526	-0.12
3998	-0.01
4046	0.07
4094	-0.26
4142	0.20
1110	0.15
2937	0.47
4190	0.25
945	0.49
3856	-0.08
541	0.29
589	-0.16
574	-0.73
3904	0.26
4000	-0.10
4096	-0.28
4192	0.12
3858	0.04
3906	0.12
637	0.37
685	0.09
733	0.27
3954	0.21
4002	-0.12
4050	0.20
4098	0.36
4146	0.25
4194	0.14
2537	0.18
2585	0.56
1859	0.73
3860	-0.03
3908	0.28
2016	-0.29
1907	-0.37
1547	-0.12
3956	0.25
2064	-0.12
4004	0.32
4052	-0.36
2615	0.83
2112	-0.45
2633	-0.52
1347	-0.09
1573	-0.05
1621	0.54
2681	0.13
4148	0.10
1717	-0.28
1765	0.07
1813	0.05
1861	0.09
2281	0.11
2347	-0.24
4196	-0.12
3862	-0.11
2765	0.16
2165	0.16
1395	0.53
2663	0.73
2306	0.08
2354	0.03
2395	-0.46
2443	-0.39
3910	-0.20
3958	-0.31
776	0.30
993	0.12
2402	-0.26
2450	-1.20
2162	-1.18
4006	-0.13
2813	-0.53
2861	-0.66
4054	-0.29
1947	-0.37
4102	-0.61
824	-0.42
2909	0.35
2498	-0.34
872	0.00
4150	-0.44
2491	0.67
2870	0.20
4198	0.33
1909	0.11
1595	0.41
3864	0.96
3912	0.87
3960	1.18
2587	1.90
4008	1.84
2957	0.80
446	0.13
3005	0.03
4056	-0.14
2635	-0.18
709	-0.13
2683	-0.23
2349	0.09
2397	0.33
3053	0.33
2719	-0.15
4104	0.04
2767	0.03
1281	-0.20
4200	0.24
3865	0.18
495	-0.18
2160	0.46
1575	-0.19
2208	0.18
2445	-0.09
1041	-0.26
757	-0.03
2546	0.19
2815	-0.24
2863	-0.01
3913	0.08
3961	0.21
4009	0.09
2985	0.04
2213	-0.12
494	-0.19
2261	0.07
1443	-0.13
1995	-0.26
542	-0.25
590	-0.31
638	0.35
686	0.06
3033	-0.61
4057	-0.39
2210	-0.07
423	-0.26
4105	-1.01
1623	-0.17
1927	-0.04
4153	-0.02
1671	0.48
4201	-0.14
3867	-0.74
2510	-1.13
3915	-0.06
1491	0.04
2043	3.01
3963	0.04
2911	-0.12
4011	0.11
2258	1.33
2256	-0.18
2304	-1.53
2305	-0.17
2353	-1.32
4107	0.15
1089	-0.10
2091	0.07
2139	-0.36
3869	0.13
2187	0.19
3917	0.63
3965	0.29
4013	0.52
622	1.25
1975	0.03
920	0.14
4109	0.50
4157	0.59
4205	0.56
670	0.13
2023	-0.13
718	-0.08
3919	-0.23
4015	-0.37
1643	-0.12
4111	0.38
4159	0.21
766	0.30
4207	0.41
3873	0.24
3921	0.23
3969	0.19
4017	0.09
1691	-0.14
4065	0.20
4113	0.25
4161	0.01
4209	0.11
2071	-0.20
3875	-0.02
3923	0.14
2235	0.27
3971	0.37
4019	0.37
4067	-0.02
4115	-0.01
4163	-0.08
4211	-0.11
3925	0.03
2959	0.18
3973	0.17
4021	0.30
2541	-0.01
1205	-0.04
471	0.71
4117	1.67
4165	0.57
4213	-0.10
3007	-0.28
2119	0.23
3879	-0.08
3927	-0.04
3975	0.10
4023	-1.01
4071	-1.29
2589	-2.35
2637	-0.75
1253	-1.60
1301	-1.94
1739	-0.70
4119	-0.29
1377	0.00
4167	-0.49
4215	-0.62
432	0.52
1787	0.32
1835	-0.26
3881	0.64
2699	-0.32
3929	-0.27
3977	-0.02
734	0.40
2283	-1.05
519	0.09
2167	0.13
4025	-0.09
968	0.12
1349	-0.14
1445	0.01
543	0.00
591	-0.23
639	-0.55
567	-0.08
2721	0.17
615	-0.37
1719	-0.17
735	-0.71
1493	0.02
401	0.09
4073	0.54
1767	-0.12
1815	0.23
1863	-0.18
1911	-0.31
1577	0.23
1625	0.15
1673	0.21
1721	0.13
1769	-0.08
1817	-0.59
1865	0.24
1913	-0.12
1579	0.06
4121	-0.04
2215	-0.26
663	0.95
711	-0.15
2769	0.19
4169	0.26
2817	0.28
4217	0.12
2865	-0.24
1924	0.85
891	0.14
1949	0.11
2918	-0.27
3883	0.27
3931	0.17
3979	-0.25
4027	-0.25
2685	-1.13
2351	-1.64
2399	-2.31
1997	0.10
4075	-0.29
4123	0.26
4171	0.33
4219	0.03
3885	0.33
3933	0.36
3981	0.19
4029	-0.37
2447	-0.10
2495	-0.66
2543	-0.83
2591	-0.11
4077	0.06
4125	0.24
759	-0.20
1723	-0.06
1771	-0.11
1425	0.40
4173	0.40
4221	0.15
2913	0.10
1473	0.25
2961	0.11
3887	0.29
3935	0.00
1819	0.19
2639	0.09
3983	0.47
2966	0.20
3014	0.08
400	-0.23
2045	0.26
448	-0.56
449	0.16
497	0.10
4079	-0.39
4127	0.14
4175	-0.20
4223	-0.28
3866	-0.48
1159	-0.11
2401	0.00
1972	-0.02
593	-0.01
641	0.08
1207	0.10
689	0.16
737	0.36
403	-0.24
451	-0.48
3914	0.14
3962	0.19
2687	0.72
4010	-0.07
4058	-0.43
4106	0.19
4154	-0.10
1016	-0.59
1064	-0.26
2449	-1.12
2020	-0.37
2068	-0.34
2093	-0.75
3062	0.31
4202	0.52
2728	0.03
2776	0.42
2594	0.42
2558	-0.08
1255	0.08
2263	0.05
1521	0.39
3868	-0.02
3916	0.48
1549	0.33
2606	-0.03
499	-0.25
2497	-0.05
2545	0.03
1597	0.08
1303	-0.22
2330	-0.04
547	-0.09
2654	-1.15
1187	0.07
425	-0.02
4012	0.16
4060	-0.25
4108	0.22
4156	0.22
473	0.17
4204	0.49
3870	-0.06
521	0.14
3918	-0.01
3966	-0.10
4014	0.18
4062	-0.08
480	-0.43
528	-0.08
4110	0.36
4158	0.05
1112	-0.05
4206	-0.05
3009	0.28
3057	0.39
2723	-0.41
3872	0.17
2771	0.09
2819	-0.43
3920	0.12
2867	-0.03
2915	-0.08
3968	0.11
4016	1.62
2963	0.05
1137	0.18
4064	0.21
3011	-0.26
1235	-0.19
4112	-0.16
4160	-0.11
3059	0.17
1867	-0.10
2725	0.28
1283	0.09
2773	0.04
2141	0.26
2189	0.30
2164	-0.51
1929	0.44
1915	0.23
4208	0.18
3874	0.18
3922	0.11
2821	0.18
3970	-0.05
595	0.13
643	-0.30
2378	-0.74
2426	-0.04
2474	-0.60
4018	0.30
2747	0.44
2237	0.59
4066	-0.01
4114	-0.32
2869	-0.18
2593	-0.27
1581	0.54
4162	0.21
1977	-0.77
2320	-0.10
1331	0.09
2917	-0.14
2965	-0.24
569	0.41
803	0.31
4210	0.21
1379	0.69
1629	0.36
1677	0.06
2522	-0.59
3876	0.19
617	0.06
3013	0.08
1351	-0.10
1399	-0.09
1725	-0.08
4020	0.71
2570	0.71
2618	0.88
4068	-0.12
4116	0.41
2666	0.92
1447	-0.07
4212	0.08
2212	-0.03
3878	0.03
2795	0.13
3974	0.00
1427	0.21
4022	0.36
1475	-0.13
4070	-0.29
851	-0.13
2843	-0.33
899	-0.11
2641	-0.15
4118	0.02
4166	0.27
4214	-0.81
2025	0.03
3880	-0.04
3928	-1.17
1495	-0.27
2332	-0.34
1523	-0.36
1161	0.00
3976	-0.61
1209	0.08
4024	0.05
3061	0.16
4072	-0.35
2727	-0.08
1189	0.16
2380	0.19
2775	-0.19
739	-0.31
405	0.09
4120	0.46
576	0.16
4168	0.14
4216	0.23
3882	-0.01
3930	-0.48
1257	0.32
2428	0.07
3978	-0.09
1773	0.06
1821	0.14
1869	0.04
1917	0.27
1583	0.13
1631	0.05
1679	-0.34
2823	-0.27
4074	-0.36
2871	0.15
2919	0.40
4218	-0.42
1305	-1.33
1353	-1.17
2307	0.04
3932	-0.09
2967	0.15
3015	0.43
3980	0.61
4076	-0.06
4172	-0.57
1645	-0.07
2368	-0.08
2073	-0.26
2285	-0.40
4220	0.38
3886	0.62
3934	-0.02
3982	0.43
665	-0.16
713	0.15
2824	0.13
2121	-0.06
453	-0.17
3063	0.04
4174	0.29
1693	-0.19
4222	1.14
3888	-0.38
2729	-0.01
3936	-0.31
3984	-0.48
2891	0.03
4032	0.17
826	-0.14
624	0.00
672	0.19
874	-0.02
922	-0.03
970	0.48
947	-0.14
2825	-0.06
1951	-0.19
4176	-0.05
1999	-0.05
1741	-0.04
4224	-0.18
4225	-0.03
761	-0.86
1727	0.29
1775	-0.07
4273	-0.14
2047	-0.17
2095	0.39
2169	0.70
2260	1.83
4321	0.89
4369	-0.06
4417	0.09
1789	-0.49
2873	0.41
2143	0.07
501	-0.02
549	0.08
597	0.95
2921	0.33
4465	0.27
4513	0.17
2969	-0.30
4561	0.11
4227	0.15
4275	-0.06
4323	0.32
4371	-0.10
4419	-0.01
4467	-0.18
1237	-0.90
4515	0.18
645	-0.09
693	-0.11
1401	-0.06
741	-0.03
4563	0.39
4229	0.09
4277	0.65
4325	0.75
4373	0.80
4469	0.50
3017	0.79
1823	0.94
1871	-0.25
427	-1.17
4517	0.12
4565	0.02
4279	-0.11
475	-0.27
4327	-0.07
4375	-0.11
4423	-0.22
4471	-0.08
1919	-0.23
1449	-0.01
2355	0.25
2403	0.41
2451	-0.18
4519	0.10
4567	0.02
4233	0.16
4281	0.02
3065	0.29
4329	0.23
407	-0.25
2731	-0.20
2191	0.14
4377	-0.04
2476	-0.67
2524	0.02
2572	0.19
2620	0.00
2668	0.06
2334	-0.22
2382	-0.46
2430	-0.04
2478	-0.01
2526	-0.03
1018	0.23
1778	0.03
1066	0.13
1114	-0.36
4425	-0.11
1562	-0.66
4473	-0.09
4521	0.08
1837	-0.10
4569	-0.30
4235	0.02
4283	0.32
4331	-0.03
4379	-0.36
4427	-0.23
4475	-0.55
2239	-0.71
4523	0.14
2779	-0.09
1497	-0.98
1926	-1.03
523	-1.68
1974	-1.50
2287	-0.21
1953	-0.13
2001	-0.15
2049	-0.21
2022	-0.03
4571	-0.33
2499	0.60
2827	-0.19
1163	-0.08
2574	-0.39
2939	-0.43
1885	0.75
1551	1.06
4237	0.01
2097	0.97
2872	-0.54
4285	-0.57
2145	0.09
2193	0.49
2987	0.00
828	-0.01
4333	0.19
4381	0.82
4429	1.02
4477	0.84
4525	0.28
1285	0.74
4573	0.42
2875	1.14
4239	0.57
4287	0.45
4335	0.60
1333	0.56
496	0.22
4383	0.83
1211	0.45
4431	0.44
1259	0.11
4479	-0.42
876	0.19
4527	0.05
544	-0.04
4575	0.04
2622	-0.59
2670	-0.29
2336	0.65
1826	-0.02
4241	0.36
4289	0.42
4337	-0.01
4385	0.13
4433	0.22
2923	-0.40
2971	-0.36
924	0.11
972	-0.02
571	-0.67
1381	0.03
592	0.92
640	0.69
2241	0.03
2289	-0.18
4481	-0.97
4529	-0.08
1955	0.13
2003	-0.40
1610	0.36
2547	0.29
4577	0.54
4243	0.06
4291	-0.42
3019	-0.22
4339	-0.18
619	-0.44
4387	-1.08
4435	-0.34
4483	-0.25
1599	-0.19
4531	-0.05
1020	-0.18
1068	0.04
1116	0.43
4579	-0.37
3067	0.66
4245	0.45
2416	0.01
2464	-0.15
4293	0.28
1307	-0.55
2051	-0.31
2733	-0.84
2217	-0.16
2781	0.17
4341	-0.12
1647	-0.06
782	0.03
1695	-0.12
4389	0.10
1429	-0.26
1477	0.15
1525	0.29
1191	-0.16
2829	-0.45
4437	0.14
2595	0.07
4485	-0.89
2265	-0.97
4533	-0.61
4581	-1.00
4247	-0.10
2099	-0.08
2147	-0.26
4295	-0.44
1355	-0.14
1743	0.78
667	-0.37
4343	-0.07
2195	0.11
2070	0.13
2243	-0.41
2291	0.30
1957	-0.14
2005	-0.05
1239	0.08
2053	0.14
2101	0.26
2149	-0.14
2245	-0.13
2293	-0.06
1959	-0.11
2007	0.28
2103	0.03
2247	0.02
2295	0.55
1961	0.16
2009	0.41
2057	-0.17
2105	-0.17
2153	-0.32
2201	-0.33
2249	-0.21
1931	-0.03
4391	-0.14
4439	0.17
4487	-0.20
4535	0.10
1403	-0.06
1451	-0.16
1499	-0.09
4583	0.06
4226	-0.11
4274	-0.07
4322	0.13
1165	0.39
2297	-0.10
1213	0.08
4370	-0.64
2877	-0.26
1963	0.00
2011	0.42
2059	0.19
2107	0.52
4418	0.69
4466	0.10
4514	0.38
4562	0.00
2155	0.25
4228	0.02
1261	0.33
4276	0.61
4324	0.18
4372	0.14
4420	0.22
2384	0.02
4468	0.02
688	1.27
995	-0.22
2643	-0.22
3035	-0.06
1791	0.21
4516	0.00
2251	-0.29
1287	-0.33
1658	-0.49
1706	-0.21
1754	-0.08
2701	0.12
4564	-0.01
1335	0.13
1383	-0.20
4230	0.30
4278	-0.06
2925	0.23
715	-0.60
4326	0.17
4374	0.04
4422	-0.18
2973	-0.12
3021	0.17
4518	0.35
4566	-0.30
2299	0.27
551	0.49
1802	0.71
1979	-0.02
2432	0.12
2309	0.17
2357	-0.09
1309	0.18
4232	0.02
4280	0.18
4328	-0.03
4376	0.52
830	-0.13
4424	0.46
3069	-0.31
2735	0.28
4472	1.07
4520	0.88
1431	0.08
2480	0.34
736	0.22
402	0.22
2118	0.11
4568	-0.25
1357	-2.12
1405	-2.30
4234	0.13
4282	-0.23
2749	-0.08
4330	0.14
4378	1.07
1453	-0.05
599	0.10
647	-0.60
695	-1.73
4426	-0.05
4522	0.31
763	-0.40
1850	-0.79
1898	-0.94
1564	-0.47
4570	0.09
878	-0.08
926	0.12
974	0.25
1022	0.32
1070	0.46
2405	0.26
4236	0.16
1501	0.02
1167	-0.20
2528	0.10
2576	0.57
4284	-0.11
429	0.06
4332	-0.23
4380	0.11
4428	0.03
768	-0.28
769	-0.47
4476	0.10
2797	0.36
4524	0.10
2624	0.00
1215	-0.17
1263	-0.06
1311	0.05
1359	-0.07
1407	-0.90
1455	-0.92
1503	-0.69
1169	-0.35
1217	-0.80
4572	-0.47
1265	-0.21
2166	0.67
1839	-0.15
1887	0.57
1553	0.78
4238	0.08
4286	-0.17
477	0.57
2783	0.33
1479	-0.06
4334	0.07
4382	0.45
4430	0.87
1527	-0.29
4478	0.26
2831	-0.22
1313	-1.32
1361	-0.03
1409	0.11
1457	0.00
1505	-0.17
4526	0.11
4574	-0.34
4240	-0.12
4288	0.00
1193	-0.18
573	0.98
4336	0.13
4432	0.23
4480	0.20
4528	0.05
1171	-0.12
4576	0.04
1601	-0.04
1219	0.09
4242	0.32
1965	1.14
4290	0.42
2845	-0.41
1649	0.16
1697	0.06
1745	0.15
4338	0.28
1118	0.06
4386	0.23
1241	0.52
4434	0.22
4482	0.16
4530	0.14
4578	0.18
1793	0.20
1841	0.11
621	0.32
669	0.63
2672	0.11
1660	-0.17
743	0.23
717	0.11
765	0.14
4244	0.48
1289	0.60
4292	0.81
4340	0.49
386	-0.01
4388	-0.03
1267	-0.16
4436	-0.15
2879	-0.30
2927	-0.06
4484	-0.11
4532	-0.07
4580	-0.10
4246	0.04
2013	0.06
4294	-0.03
4342	-0.12
1337	-1.03
1315	-1.20
1363	-0.14
1411	-0.62
1459	-0.17
1507	-0.80
4390	-0.70
1889	0.09
2512	0.38
2027	-0.10
4438	0.16
2893	-0.23
784	0.01
2975	-0.29
4486	0.03
4534	0.39
1555	-1.78
4582	0.01
865	0.07
2061	0.32
2109	0.54
4248	0.07
4296	0.08
4344	-0.15
434	-0.05
482	0.18
1173	0.21
1221	0.14
1269	0.03
530	2.72
4392	0.03
578	-0.16
2453	-0.88
4440	-0.19
3023	-0.26
3071	-0.40
4488	0.10
1385	0.20
626	0.02
4536	-0.07
4584	0.12
1708	0.19
880	0.13
479	-0.02
1433	0.35
4249	0.37
674	0.16
2157	0.26
2205	0.08
2762	0.32
4297	-0.19
4345	0.11
4393	-0.05
4441	-0.15
1043	0.08
1317	-0.03
722	-0.50
388	-0.01
4537	-0.12
1365	-0.15
1756	-0.27
1804	-0.38
4585	-0.50
2501	-0.07
1852	-0.35
1413	0.18
2941	-0.20
4251	0.04
928	-0.45
4347	-0.10
2549	1.14
2338	0.95
1024	0.50
1072	0.15
1120	-0.07
786	0.55
834	0.48
882	0.24
930	0.03
978	0.29
1026	0.29
788	0.76
836	0.27
884	0.43
932	-0.16
980	0.26
2075	0.89
2253	0.47
2301	0.37
1603	-0.09
2123	0.23
2642	0.13
4443	0.39
2308	0.03
2171	0.58
1091	-0.02
2219	0.02
4491	0.01
2810	-0.22
2356	0.44
2214	0.27
450	0.12
2262	0.02
2267	-0.17
1461	-0.01
1481	-0.76
4539	-0.80
4587	0.53
1529	0.27
4253	0.16
1195	-0.28
939	-0.14
4301	-0.07
4349	-0.07
4397	-0.02
1509	-0.20
1175	-0.11
1223	-0.49
1271	-0.14
2597	-0.48
2645	-0.73
4445	0.06
1651	-0.06
575	0.07
4493	-0.27
4541	-0.22
2858	-0.11
1243	-0.03
623	0.03
1319	-0.06
1367	-0.13
1415	0.11
671	0.03
1291	0.11
1699	1.53
1747	1.21
4303	-0.43
4351	0.09
1339	0.08
719	-0.23
4399	0.07
767	-0.27
4447	-0.08
2906	-0.26
4495	0.14
4543	-0.04
1933	1.70
1981	0.78
2029	0.49
2077	0.84
1967	-0.06
2125	-0.04
4591	-0.13
1795	0.52
2311	0.07
2359	-0.03
1463	-0.01
458	-0.38
4257	-0.67
4305	0.41
1387	-1.51
2954	0.05
4353	0.20
4401	0.25
3002	-0.17
3050	0.08
4449	0.38
436	0.10
1511	-0.67
484	0.25
498	0.04
1154	-0.13
1202	0.01
1250	0.04
1298	0.14
2386	-1.48
2434	-1.76
1900	0.51
1566	0.42
1614	0.27
1662	0.24
1710	0.04
1758	0.14
1806	0.09
1854	-0.20
1902	-0.35
2173	0.78
2221	0.23
2269	0.51
2407	-0.18
2455	-0.74
4497	0.10
4545	0.12
1346	0.12
1394	-0.72
1442	-0.41
1490	0.14
1156	0.50
532	0.28
580	0.07
1435	0.17
4593	0.41
4259	-0.62
2560	-0.82
4307	0.07
2015	-0.29
2503	-0.17
2551	-1.74
2599	0.14
2647	-0.25
2313	0.49
2361	-1.04
2409	-0.15
2457	0.05
2505	-0.46
2063	-0.59
4355	-0.40
1935	-0.06
546	-0.78
1928	-0.21
2989	-0.02
1976	0.13
2024	0.22
1028	-0.54
1076	-0.50
2482	-0.51
2530	-0.89
2578	-0.43
2626	-0.39
4451	-0.33
506	-0.40
2716	-0.49
4625	0.26
4667	-0.19
1124	-0.33
790	-0.28
1483	-0.92
2674	0.03
2340	0.10
3037	-0.38
2703	0.12
2751	-0.31
2799	-0.13
594	-0.02
4499	0.13
2553	-0.18
4595	-0.33
1983	-0.09
2031	-0.75
4261	0.18
1204	-0.05
4357	0.14
4405	0.29
4453	0.42
4501	1.01
2388	0.02
2079	-0.23
4549	0.06
4597	0.14
2436	0.53
4263	0.87
4311	0.22
2601	-0.33
2649	-0.14
2812	0.41
2404	0.44
1139	-0.50
4359	0.50
4407	0.42
4455	0.07
4503	0.40
4551	0.26
4599	0.25
4265	0.22
4313	0.04
4409	-0.01
2608	0.00
2656	-0.30
2111	-0.10
2860	-0.01
1252	-0.13
4457	0.12
4505	-0.34
2847	-0.32
4601	-0.56
2159	-0.18
4267	-0.04
2908	-0.30
2127	-0.89
4315	-0.05
4363	-0.53
2895	-0.09
2315	0.12
2363	-0.25
2411	0.60
2207	0.06
4411	-0.86
4459	0.24
1531	0.02
4507	0.05
1197	0.29
1245	0.57
2956	0.34
3004	-0.38
4555	-0.08
3052	0.26
2718	-0.06
2766	-0.12
2814	-0.06
4603	0.00
4269	0.20
2862	-0.28
4317	0.29
4365	0.44
1616	-0.46
1664	-0.10
1760	-0.13
1808	-0.13
4413	0.45
1300	0.17
4461	0.30
1348	0.28
1396	-0.02
4509	0.04
628	0.10
676	0.42
724	0.29
390	0.31
438	-0.21
1444	0.09
1843	0.68
1492	-0.23
4557	-0.03
642	-0.67
602	-0.38
4605	1.62
4271	1.31
4319	-0.28
1856	0.22
1158	-0.75
2322	-0.12
1904	0.10
4367	-0.80
4463	0.10
1570	-0.26
4511	-0.64
2484	-0.01
1206	0.67
2943	0.35
2991	0.16
1891	2.13
2255	1.75
1557	-0.34
690	-0.47
2175	0.29
2303	0.34
4607	-0.24
2459	0.31
2507	-0.12
2555	-0.07
2532	-0.67
1605	0.15
4250	0.53
4298	0.21
2580	-0.17
1618	0.19
1254	0.05
4346	0.32
486	0.06
534	0.10
1666	0.21
1714	0.01
582	0.01
698	-0.43
4394	-0.75
1762	-1.12
2603	1.42
2651	0.38
2317	0.74
2365	0.87
738	0.48
2910	0.54
4442	0.03
4490	-0.15
1946	0.05
1302	0.17
886	0.09
934	-0.24
3039	-0.24
2705	-1.14
4538	-0.03
1994	0.11
1350	0.24
2072	-0.06
2042	-0.11
2090	0.23
2138	0.14
2120	0.73
2168	0.30
1653	0.12
2753	-1.25
2801	-0.74
2849	-0.98
2897	-0.42
2945	-0.94
746	-0.06
4586	-0.66
2993	0.11
4252	-0.27
4300	-0.75
2223	0.03
4348	-0.58
4396	0.27
1810	-0.12
1858	-0.24
2452	-0.15
2500	-0.23
4444	-0.04
4492	0.16
2413	-0.11
2676	-0.36
2342	-0.75
2370	-0.85
2390	-1.14
2461	-0.58
805	0.22
2234	-0.15
4540	-0.66
4588	-0.03
2509	-0.80
1906	-0.58
4254	0.13
4302	0.07
4350	0.01
4398	0.05
4446	-0.37
1398	-0.05
1446	-0.08
1494	-0.45
1160	-0.32
1208	-0.48
1256	-0.83
630	-1.07
4494	0.04
3041	0.13
2707	0.13
2466	-0.03
404	-0.11
4542	-0.03
4590	0.30
1293	-0.04
4256	-0.14
4304	0.06
4352	-0.47
4400	0.17
1572	0.25
2271	-0.37
2557	-0.43
2605	0.24
4448	-0.19
4496	0.25
4544	-0.22
1937	1.06
1985	0.20
4592	0.61
4258	0.12
452	2.12
500	0.23
4306	-0.09
4354	0.02
4402	0.28
4450	-0.15
4498	0.04
2514	0.29
1620	0.28
1668	0.16
1716	0.21
1764	0.32
1812	0.17
1860	-0.31
1908	0.07
1304	-0.06
4546	0.23
1574	-0.13
2958	0.16
3006	-0.05
1701	-0.01
4594	-0.11
1341	0.07
1389	0.07
1437	0.25
1670	0.22
678	0.08
4260	0.09
2438	-0.02
2486	0.46
2534	-0.08
2582	0.46
2630	-0.08
2678	0.29
2344	0.08
2392	0.20
2440	0.06
2488	-0.09
2536	-0.01
4308	0.07
1352	0.16
1400	0.24
1448	0.12
4356	0.89
4404	1.05
853	-0.65
4452	0.32
1496	0.53
2216	-0.06
2264	-0.18
4500	0.21
1485	0.17
412	0.70
2653	-0.10
726	-0.57
392	0.21
1162	-0.20
4548	-0.30
1718	-0.14
1210	-0.20
460	0.14
508	-0.17
4596	0.65
4262	0.40
4310	0.22
2282	0.49
1533	0.16
2319	-0.05
1258	0.42
2367	-0.09
4358	0.48
2584	0.17
1797	0.28
1306	-0.44
2632	-1.08
4406	0.36
1199	-0.19
1845	2.58
1893	2.59
4454	-0.05
4502	0.19
4550	-0.88
1948	-0.17
2920	0.01
987	0.21
1559	-0.13
1766	-0.16
1814	-0.03
1862	-0.11
1910	-1.18
4598	-0.32
1247	0.08
4264	0.02
4312	0.19
901	0.06
2562	0.36
4360	-0.39
4408	0.11
4456	1.02
4504	0.76
4552	0.15
982	0.14
2033	0.16
1996	1.04
913	0.58
2044	0.34
2092	0.46
2140	0.47
4600	0.47
2548	-0.02
4266	-0.83
4314	-0.67
4362	-0.35
4410	0.31
949	0.40
4458	0.07
4506	-0.01
4554	0.08
3054	0.34
2081	0.23
4602	0.17
4268	-0.13
4316	-0.43
556	-0.18
4364	0.01
4412	0.13
4460	0.00
1295	0.03
4556	0.00
440	0.11
4604	0.53
2188	-0.37
2129	0.09
2236	-0.37
2284	0.21
4270	-0.17
4318	0.30
4366	-0.11
1950	-0.01
1354	0.20
4414	-0.10
4462	-0.10
4510	-0.02
4558	-0.06
2596	0.18
2680	0.56
4606	0.10
4272	-0.13
4320	0.82
2720	0.30
1998	0.12
4368	-0.34
4416	-0.11
4464	-0.33
4512	-0.13
2968	0.42
3016	0.20
2346	0.27
1343	0.00
1391	-0.05
1439	0.10
1487	0.06
1535	0.85
2394	0.77
1030	-0.40
997	0.77
2046	-0.12
1576	0.36
2442	-0.17
2644	-1.57
488	0.16
1402	0.12
1607	0.01
1450	-0.03
4560	0.00
2310	0.71
2358	0.17
2406	-0.09
4608	-0.15
2610	0.09
4627	-0.11
4669	0.39
2415	0.34
4805	0.30
4821	0.33
2094	-0.55
2177	-0.06
2142	-0.04
604	-0.25
536	0.06
2768	-0.03
2816	0.06
584	0.20
2864	-0.07
961	0.15
4711	-0.13
2912	-0.10
1057	0.06
1105	-0.04
4769	-0.11
1498	-1.14
1164	-0.81
1212	-0.87
1260	-0.87
1308	-1.06
1356	-1.53
1404	-1.62
771	-0.19
632	-0.05
2960	0.04
652	0.03
700	0.10
3008	-0.29
1452	0.03
3056	0.25
1078	-0.46
1126	-0.11
792	0.41
840	-0.10
888	-0.13
936	-0.03
984	0.23
1032	0.01
1080	0.17
1500	-0.15
680	0.02
728	-0.19
394	0.18
748	-0.64
2190	0.10
2770	0.13
4813	0.19
1178	0.00
414	-0.24
4679	-0.01
4759	-0.14
1930	0.47
1978	0.24
2026	0.50
2225	0.04
2273	-0.40
2074	-0.10
1939	-0.11
1655	-0.09
1703	0.18
1226	-0.21
2818	0.04
1751	-0.36
1045	0.40
1987	0.41
2035	-0.05
1093	0.12
462	0.09
510	-0.92
2866	-0.11
2083	0.25
2238	0.52
2914	0.14
2286	-0.07
1799	0.54
1624	0.45
2454	0.78
2502	0.26
2550	0.13
2598	0.87
1952	0.07
2463	-0.80
2000	-0.81
2755	-0.49
1128	0.04
2511	-0.19
4665	0.01
2131	-0.06
548	0.21
596	0.00
819	-0.15
644	1.29
