2048	-0.54
2096	-0.13
2144	-0.38
2192	-0.02
2730	-0.14
1141	0.18
1874	0.13
2490	0.18
2778	0.42
2803	0.04
1274	0.09
2826	0.11
1322	1.18
1370	0.78
558	0.40
2874	0.77
1418	0.32
807	-0.06
855	0.00
606	0.13
654	0.17
2122	-0.72
692	-0.87
2170	-1.06
903	-0.62
442	-0.87
3018	-0.31
2240	-0.70
2559	-1.00
2607	-0.64
1466	0.00
1514	0.17
1180	0.38
1276	0.24
1324	0.09
1372	0.12
1540	0.20
1588	0.61
3066	0.60
1636	-0.50
951	0.12
2851	-0.10
999	-0.76
2538	-0.42
2655	0.16
2732	0.17
1420	0.34
2586	-0.05
2962	-1.00
1468	-0.72
2780	-0.17
2828	-0.20
2876	0.10
2924	0.32
2179	1.46
1672	1.03
385	-0.19
433	-0.11
481	-0.23
529	0.22
2972	0.05
1166	-0.16
1214	-0.07
2634	0.24
3020	-0.22
1262	0.11
2288	0.55
1954	0.46
2002	0.52
2050	0.45
2098	0.16
2146	-0.08
2194	0.52
2242	0.36
1684	0.04
1732	0.03
3068	0.60
1035	0.44
1516	0.34
1182	-0.09
867	0.31
915	0.47
963	0.36
1011	0.42
1230	0.38
1059	0.29
1107	0.21
773	-0.03
1278	0.34
1326	0.02
1374	-0.23
821	0.30
1047	-0.02
2321	0.13
2830	-0.24
2878	0.02
1720	0.00
2369	-0.57
869	-0.15
917	-0.18
3010	0.05
2682	-0.64
1422	-0.45
1470	-0.82
1095	-1.28
1780	-0.61
1828	-0.86
1876	-0.64
1542	0.16
2974	-0.35
1590	-1.88
3022	-0.04
2658	0.01
2324	-0.16
1310	-0.15
577	-0.20
2417	-0.33
2899	-0.86
1358	0.17
2736	-0.01
2947	0.03
2784	0.36
2348	-0.72
2832	-0.06
2396	-0.35
2444	-0.29
1518	0.52
1184	0.55
1232	0.02
1280	0.09
965	0.11
1013	-0.03
1328	-0.06
2492	0.50
2227	0.40
2218	0.50
1768	0.12
625	0.31
2880	0.11
1061	0.31
1109	-0.34
1143	0.07
809	-0.09
857	0.05
2540	0.25
1406	0.06
2976	0.35
3024	0.42
3072	0.51
2372	-0.33
2266	-0.23
740	-0.20
1083	0.23
3073	-0.28
3121	-0.61
2290	-0.78
1956	-0.14
1932	-0.25
1980	0.06
2028	0.22
2420	0.35
2076	0.25
1454	0.71
3169	-0.37
3217	-0.75
3265	-1.03
775	-0.96
823	-0.09
2312	-0.04
871	0.02
919	-0.05
1816	0.12
1864	-0.06
2360	-0.31
1638	-0.14
3313	-0.51
1376	-0.37
3361	-0.56
3409	0.12
3075	0.08
1424	-0.04
3123	0.04
2124	0.02
3171	-0.02
967	-0.46
1015	-0.63
793	-0.14
905	-0.51
2468	-0.50
2516	-0.36
406	-0.46
3219	-0.43
2995	-0.08
1686	0.93
3267	0.02
3315	-0.25
1912	-0.13
1578	-0.52
2564	0.11
3363	0.16
2612	-0.14
3411	-0.39
2660	-0.29
1063	-0.77
2326	-0.89
3077	-1.67
3125	0.43
3058	0.73
3173	-0.26
3221	-0.20
1472	-0.25
1520	0.01
3269	1.56
3317	0.94
3365	1.00
3413	0.96
3079	-0.16
2172	-0.52
2220	-0.92
2465	-0.24
3127	-0.06
1111	-0.90
777	-0.39
2004	-0.64
2052	-0.81
3175	0.01
3223	0.02
3271	-0.28
3319	-0.01
3367	-0.21
3415	-0.01
702	0.14
3081	-0.15
454	0.36
3129	-0.25
750	0.00
416	-0.15
3177	0.45
464	0.48
2374	-0.12
825	0.18
2422	-0.03
1502	0.09
512	0.61
560	0.52
3225	-0.29
3273	0.11
2470	-0.05
673	0.15
2148	-1.00
608	0.20
656	0.72
3321	-0.52
3369	-0.24
550	0.17
3417	0.10
3083	-0.64
704	-0.70
3131	0.36
3179	-0.11
3227	-0.13
3275	-0.18
2518	-0.15
3323	-1.25
1734	0.26
3371	-0.11
598	-0.02
3419	-0.28
3085	-0.20
3133	-0.42
646	-0.15
2268	0.08
1131	0.04
3229	-0.16
752	0.02
694	0.06
3277	-0.20
3325	0.04
3373	-0.20
1186	-0.22
742	-0.07
3421	-0.42
3087	-0.39
1168	-0.47
3135	-0.01
3183	-0.07
1234	0.05
1282	-0.47
1330	-0.53
953	-0.09
3231	-0.01
408	-0.69
3279	-0.04
456	-0.18
3327	-0.02
3375	0.20
3423	0.11
3043	-0.08
3137	-0.04
3185	-0.71
1782	0.21
3233	-0.42
504	-0.28
2566	0.01
2614	0.13
3329	-0.03
3377	-0.34
1001	-0.38
2513	-0.17
2662	0.06
2328	-0.27
1049	0.06
435	-0.07
1097	-0.14
483	-0.13
531	-0.01
552	-0.06
3425	-0.42
579	-0.12
627	0.01
2805	-0.25
723	-0.21
1216	-0.49
1674	0.16
2376	0.83
1830	0.70
797	0.19
3091	-0.11
3139	-0.06
3187	-0.32
1941	-0.09
3235	-0.01
873	-0.23
3283	0.30
1264	-0.34
2424	-0.16
1312	-0.20
3331	-0.41
2588	0.99
3379	-0.01
3427	-0.12
418	0.04
3093	-0.29
2853	-0.04
3141	0.03
3189	-1.05
1378	-0.32
3237	-0.20
3285	0.17
3333	-0.11
921	-0.04
3381	-1.34
2472	-0.53
2520	0.20
3429	0.16
2196	0.25
3095	0.04
2244	0.44
3143	0.61
2292	0.28
3191	-0.39
3239	0.15
3287	0.31
3335	-0.07
3383	-0.02
389	-0.16
1989	0.09
2037	0.40
490	0.52
538	0.40
1145	0.66
3431	0.57
969	-0.08
1934	0.54
1982	0.16
3074	-0.07
811	-0.14
859	-0.10
3122	-0.67
907	-0.16
3170	0.12
3218	0.49
2636	0.62
2684	0.55
2085	0.46
600	0.64
3266	-0.01
2568	0.15
2901	-0.80
2350	-0.57
2133	-0.39
3314	-0.01
3362	-0.23
3410	-0.53
3076	-0.15
1426	-0.01
1878	-0.16
1544	-0.26
1592	-0.20
1640	0.00
1688	0.23
1474	0.15
2949	0.52
1017	0.43
1522	0.36
2030	0.41
2078	0.18
586	0.68
1722	-0.38
2126	0.22
3124	0.07
3172	-0.11
3220	-0.08
3268	-0.02
3316	-0.02
648	-0.08
955	0.12
1003	-0.38
2616	0.06
2664	0.16
2408	-0.11
1065	0.46
3364	-0.24
3412	0.14
3078	0.10
3126	0.75
3174	0.05
2174	0.17
3222	0.26
1188	0.49
1113	-0.42
1236	0.11
845	-0.14
3270	-0.36
1770	-0.89
466	0.14
2561	0.02
1818	0.43
3318	0.05
1866	0.08
1284	1.25
2609	0.03
2398	1.00
2456	-0.10
2657	-0.53
1051	0.55
1332	-0.08
2329	-0.39
3366	0.10
2377	0.34
3414	-0.75
1099	-0.26
2997	0.60
1360	0.09
1380	-0.13
3080	0.22
841	0.23
1408	-0.21
1456	-0.10
1736	0.11
3045	-0.25
2504	-0.36
1147	0.01
2711	-0.35
3128	-0.09
3176	-0.30
3224	-0.12
3272	-0.25
3368	-0.48
893	0.01
696	-0.35
3416	0.10
744	-0.49
2425	-0.71
2473	0.26
2759	0.16
3082	0.14
1504	-0.25
2521	-0.33
1170	-0.38
3130	0.09
3178	0.15
2807	-0.29
2569	0.08
2855	0.13
3226	-0.19
2903	-0.01
2617	0.57
2323	0.97
2371	0.64
3274	0.00
2222	0.06
2270	0.26
3322	0.00
3370	0.42
2446	0.36
1428	0.21
1847	0.48
779	0.39
1476	-0.08
1524	0.18
827	-0.02
514	-0.30
562	-0.10
409	0.03
3418	-0.06
610	-0.02
3084	-0.59
3132	0.47
3180	-0.20
3228	0.11
1936	-0.29
3276	0.17
3324	0.04
3372	0.16
3420	0.07
3086	-0.07
706	0.27
3134	-0.10
3182	0.00
3230	-0.25
3278	-1.60
875	0.03
3326	0.06
754	0.06
3374	0.02
3422	-0.11
3088	-0.12
2665	-0.21
923	-1.18
971	-0.45
3136	0.11
420	0.27
468	-0.09
457	0.17
505	-0.43
1218	-0.17
3184	-0.35
1266	-0.01
1314	-0.53
813	-0.48
1362	-0.15
1190	-1.03
3232	-0.22
3280	0.39
3328	0.23
516	0.35
2494	-0.12
861	-0.51
909	-0.34
2542	-0.88
957	0.09
1005	-0.16
1053	-0.12
1410	-0.19
1149	-0.44
2590	-1.34
2638	-1.21
2686	-1.36
2352	-1.06
3376	-0.88
3424	-0.77
2331	-0.54
2379	-0.38
3090	-0.06
3138	0.16
553	0.35
1784	-0.38
1238	0.11
1286	-0.76
3186	0.64
2427	-0.09
3234	-0.37
2475	-0.06
1914	-0.31
1019	0.06
3282	-0.05
3330	-0.04
2951	-0.24
2999	0.10
1832	-0.32
3047	0.30
601	-0.16
649	0.25
3378	0.08
3426	0.75
2724	-0.22
3092	-0.42
3140	-0.29
2690	0.03
3188	-0.73
2400	-0.20
3236	0.17
2448	0.76
3284	1.25
1067	0.01
889	-0.13
1115	0.13
781	0.17
3332	0.43
3380	0.29
2496	0.47
3428	0.70
1580	0.63
829	0.20
1984	0.63
941	0.51
3142	0.11
2738	-0.17
3190	-0.16
2032	0.02
3238	-0.02
2080	-0.27
815	-0.18
863	0.23
911	-0.01
1458	0.25
564	0.57
2786	0.30
3286	0.79
1506	0.95
3334	0.42
3382	0.54
3096	-0.24
3144	0.13
3192	-0.09
1958	-0.21
2523	0.08
2571	0.82
2619	0.58
2667	1.07
1007	-0.26
2128	0.39
3240	0.06
3288	0.19
634	0.90
1880	0.92
3336	0.41
3384	0.28
1676	-0.29
485	-0.23
2333	0.02
3432	-0.15
3097	-0.03
1055	0.13
2381	0.26
682	0.26
730	0.08
1103	0.01
1151	0.01
794	-0.78
3145	0.45
3193	0.17
4819	-0.11
3241	0.26
3289	0.15
3337	0.13
697	0.13
1724	0.17
3385	0.11
1772	0.26
842	0.18
3433	0.02
2429	-0.60
2477	0.07
533	-0.06
1820	0.01
1172	-0.02
3099	0.35
1895	0.10
2525	-0.11
1334	-0.12
1546	0.17
1594	0.12
1642	0.17
1690	0.21
1738	0.33
3147	0.41
1786	0.97
1834	0.45
1882	0.26
1548	0.32
1596	-0.13
2176	-0.22
1644	0.35
1692	0.19
3195	0.25
3243	-0.57
612	0.08
660	0.16
708	0.03
756	-0.03
877	-0.55
3291	-0.60
2544	-1.08
890	-0.47
1220	-0.65
3339	0.30
2006	-1.56
1740	-1.28
2573	-0.56
629	-0.03
677	0.43
725	0.37
1868	-1.27
938	-0.14
3387	-0.01
986	-0.66
1034	-0.31
1082	-0.86
2621	-0.36
2669	-0.15
745	0.15
1268	0.05
3101	-0.06
2335	-1.74
3149	0.23
2592	0.03
2640	-1.33
2688	-0.04
2689	-0.93
2737	-1.54
2181	1.48
989	0.36
2785	-1.19
2833	-0.87
2881	-0.60
2929	-0.02
2977	-0.30
937	0.04
3197	0.08
3245	0.15
2383	0.18
3293	0.04
3341	-0.13
3389	0.00
3437	-0.01
1316	-0.38
925	-0.13
3103	0.17
2229	-0.20
3151	-0.03
1916	0.02
2834	-0.10
2882	-1.51
3199	0.08
3247	-0.01
2930	-0.40
411	-0.10
3295	0.20
3343	0.21
3391	0.40
1130	0.33
796	0.04
844	0.58
1382	0.58
3439	0.19
973	0.51
2978	-0.02
3105	-0.15
3153	0.10
3201	0.38
3249	0.85
1364	0.36
3297	0.19
3345	0.21
3026	-0.41
2692	-0.23
2431	-0.45
3025	0.06
2691	0.19
2054	-1.09
892	0.00
940	-0.12
988	-0.12
1036	-0.21
3393	0.00
3441	0.23
3107	0.31
459	0.20
2740	0.20
2788	-0.40
1021	-0.25
2419	-0.17
3155	0.33
1412	-0.29
3203	-0.21
3251	-0.04
3299	-0.09
3347	0.10
2836	0.16
3395	0.03
2739	-0.24
3443	-0.02
1430	-0.05
2224	-0.41
507	-0.22
1084	0.04
1132	0.25
798	-0.10
846	-0.06
3109	-0.29
2884	0.16
894	-1.26
942	0.72
990	-0.03
1038	1.04
1086	0.83
2932	0.60
3157	0.07
1478	-0.16
2980	-0.12
1069	-0.39
3028	-0.06
391	0.62
1788	0.14
3205	-0.01
1117	-0.31
1134	-0.01
3253	0.19
2694	0.50
1037	0.22
1460	-0.14
1526	-0.03
3301	0.38
2272	0.13
1938	0.72
1986	-0.03
800	-0.47
848	0.19
2467	0.48
2479	-0.36
896	0.52
1582	0.20
2034	-0.59
1836	-0.17
1884	0.08
1550	0.16
3349	0.85
1508	-0.14
1174	-0.20
555	0.06
3397	-0.17
1598	0.68
1646	-0.09
439	0.28
3445	0.19
3111	0.25
2102	-0.14
2150	-0.50
3159	0.46
2515	0.34
2082	0.48
944	0.31
2742	-0.08
3255	0.03
3303	-0.07
783	-0.04
3351	0.06
3399	0.09
3447	-0.26
2130	-0.09
3113	-0.91
1240	-0.77
2790	-0.18
3161	-1.19
3209	-0.85
2198	0.00
831	-0.54
2178	-0.71
2787	-0.86
2226	-0.63
603	-0.29
1222	-0.19
3257	0.14
3305	-0.27
3353	-0.06
1538	0.22
927	0.13
975	-0.18
1023	0.04
1071	0.03
1586	-0.46
2563	-0.20
3401	-0.26
3449	-0.32
3115	-0.14
1270	-0.59
2772	-0.04
2820	0.09
3163	-0.01
2274	-0.29
2552	-0.03
2838	0.53
2886	0.16
1119	0.13
1288	2.17
3211	-0.07
3259	0.15
3307	-0.08
1678	-0.29
3355	-0.24
3403	0.17
3451	0.71
3117	0.61
3165	0.10
3213	-0.13
2527	-0.09
1318	-0.53
1694	-0.19
1742	-0.03
1790	0.13
1838	0.00
1886	-0.09
1552	-0.27
1600	0.03
1648	-0.15
2575	0.30
3261	0.01
2934	0.01
785	-0.17
3309	0.14
3357	0.20
651	0.05
3405	0.02
422	0.12
2868	0.16
1336	0.08
3453	0.04
3119	0.09
1696	0.04
1744	-0.27
1792	-0.20
1840	-0.39
1888	-0.23
1554	-0.13
3167	-0.07
1384	-0.20
3215	-0.13
2623	-0.26
3263	0.33
2246	0.22
3311	0.26
2982	-0.09
3359	0.11
3407	0.07
2671	0.10
3455	0.16
3030	0.17
3098	-0.10
3146	0.32
2294	-0.04
992	-0.81
3194	-0.75
1602	-0.49
3242	0.07
2337	-0.09
3338	0.12
3386	-0.30
3434	0.11
3100	-0.18
3148	0.07
470	-0.06
3196	-0.05
3244	0.08
3292	0.03
2696	-0.38
3388	0.36
3436	0.27
3102	0.37
833	-0.09
881	-0.41
929	-0.70
977	-1.19
1025	-0.08
1073	0.09
3150	0.08
3198	-0.34
3246	0.06
3294	-0.34
3342	-0.01
1432	0.97
1480	0.43
3390	0.81
1040	1.48
3438	-0.10
3104	0.18
1528	0.39
3152	0.57
3200	-0.09
3248	0.10
3296	-0.09
2744	-0.18
3344	0.51
2916	0.73
2611	-0.06
3392	0.38
2835	0.73
3440	0.15
1988	-0.29
3106	-0.15
1194	-0.76
1242	0.52
1290	0.31
1338	0.60
1386	0.49
1434	0.27
1482	0.20
1530	0.51
1196	0.76
1244	0.68
1292	0.64
1340	0.81
1388	0.52
1436	0.68
1484	0.83
1532	0.90
1726	-1.60
3154	-0.46
3202	-0.28
3250	-0.56
3298	-0.13
2036	-0.40
2600	-0.19
2648	-0.11
2314	-0.50
2362	-0.24
2410	0.27
2458	0.56
2792	-0.22
2659	0.10
1774	0.15
3346	0.24
1088	-0.10
1136	-0.35
3394	-0.27
3442	-0.26
3108	0.16
487	-0.07
3156	-0.04
3204	-0.24
1650	-0.25
3252	0.65
3300	1.38
3348	0.52
3396	-0.31
1822	-0.40
3444	-0.31
3110	-0.14
3158	-0.20
2840	-0.41
699	-0.35
3206	-1.00
3254	0.05
3302	0.23
802	-0.18
850	0.05
898	-0.34
946	0.41
2084	-0.28
3350	0.03
396	-0.37
444	-0.68
2325	1.06
3398	0.59
3446	0.58
2888	0.35
3112	0.49
1698	-0.28
3160	0.43
3208	0.25
518	-0.17
566	0.01
3256	0.14
3304	-0.21
3352	-0.23
614	0.20
3448	0.20
3114	-0.15
3162	-0.07
3210	0.08
3258	-0.02
3306	0.11
3354	0.07
3402	0.21
3450	0.19
3116	-0.01
3164	0.14
662	0.17
710	-0.20
2277	-0.14
3260	0.21
747	-0.12
3308	0.10
3356	-0.09
3404	-0.10
3452	0.27
3118	-0.08
2936	0.29
3166	0.78
3214	0.29
3262	0.48
3310	0.08
3358	0.09
1198	-1.36
1246	-2.13
1294	-1.65
3406	0.01
3454	0.57
3120	-0.82
2984	0.09
3168	-0.41
3216	-0.08
1870	1.33
1918	1.36
1121	-0.25
994	-1.12
2506	-0.19
3264	0.57
1960	-1.00
2008	-0.79
3312	-0.33
3360	-0.33
3408	-0.85
3456	-0.08
3457	0.28
3505	0.16
1342	0.18
3032	-0.37
2698	-0.24
413	-0.53
985	-0.04
3553	1.28
2132	-0.03
3601	0.15
3649	0.26
2373	1.23
3697	0.59
2931	0.43
2979	0.30
2180	0.57
3027	0.44
3745	0.15
3793	0.14
787	0.24
1042	-0.21
1090	-0.58
1138	-0.27
3459	-0.03
1085	-4.81
1746	0.26
1794	0.17
804	0.14
1842	-0.26
1890	-0.36
1556	-0.40
1604	0.15
3507	0.02
2421	-0.20
3555	-0.46
3603	-0.15
1632	0.11
535	0.12
1680	-0.63
2469	0.18
3651	0.08
3699	0.19
1652	0.70
1366	-0.06
852	0.76
900	0.36
948	0.67
996	0.23
1044	0.44
3747	-0.45
2554	-0.55
1092	-0.17
3795	-0.53
1140	0.08
3461	-0.33
3509	0.16
3557	-0.07
835	-0.13
3605	0.60
1133	0.94
3653	0.16
2056	-0.64
2104	-0.56
2152	-0.34
2200	-0.44
2248	-0.79
2296	0.04
2794	0.20
3701	0.45
3749	-0.07
3797	-0.03
2693	-0.40
2842	-0.36
2228	0.25
3463	0.13
1728	-0.19
1962	-0.79
1700	0.42
2741	-0.41
2602	-0.10
3511	0.19
3559	-0.08
2517	-0.01
3607	0.44
1390	0.63
461	-0.27
3655	0.32
1776	-1.01
2890	-0.35
2650	0.62
3703	0.09
806	-0.04
854	0.24
902	0.05
950	0.42
998	0.47
3751	0.10
1414	-0.27
2938	-0.33
2986	-0.05
3799	0.12
1748	0.19
3034	0.15
2385	0.39
758	0.07
424	0.24
472	0.13
520	0.60
568	0.28
616	0.35
2700	-0.12
3465	-0.10
1462	-0.25
1510	-0.14
2748	-0.01
509	-0.28
2796	-0.35
3513	0.13
3561	-0.03
1176	-0.43
3609	0.11
492	-0.50
2844	0.52
3657	0.39
1046	-0.21
1438	-0.14
2892	-0.14
2940	-0.09
3705	0.01
557	-0.03
1094	-0.29
3753	0.54
664	0.84
3801	-0.21
3467	-0.04
540	0.91
1824	0.09
1224	-0.33
3515	0.04
2988	-0.07
605	-0.23
3563	0.85
3611	0.49
3659	0.04
1943	-0.24
3707	0.02
712	-0.27
3755	0.07
3803	0.06
1872	-0.21
1920	-0.08
1991	0.02
760	0.14
3469	-0.14
426	0.00
3517	0.12
3565	-0.27
3613	0.15
3661	0.38
3709	0.05
3757	-0.13
1921	0.18
3805	0.19
474	0.02
1142	0.47
3471	0.28
3519	0.05
3567	0.21
3615	0.24
799	-0.38
3663	0.17
522	0.33
3711	0.24
570	0.02
3759	-0.01
618	0.45
3807	0.41
847	-0.06
883	0.01
3036	1.11
1486	0.80
1796	0.59
3473	0.36
3521	0.17
3569	-0.26
653	-0.15
2702	-0.26
2010	-0.12
3617	0.17
3665	-0.21
3713	-0.13
3761	-0.09
3809	0.15
1844	-0.08
2750	-0.11
2798	0.02
2316	0.08
3475	0.02
2364	-0.03
3523	-0.08
3571	0.14
3619	0.20
3667	0.25
3715	-0.24
3763	-0.09
666	-0.01
3811	0.51
2846	-0.12
3477	0.07
2894	-0.01
2412	-0.19
3525	0.12
2942	-0.09
2039	0.25
3573	-1.06
1892	-2.30
1558	0.35
1606	0.66
1654	-0.82
3621	0.09
3669	-0.16
1534	0.14
701	0.27
3717	-0.35
931	-0.91
3765	0.02
3813	0.08
2276	-0.01
3479	-0.32
1200	-0.38
1248	-0.15
3527	-0.24
3575	-0.29
979	-0.16
3623	-0.02
2990	-0.03
3671	-0.11
3719	0.18
3767	0.25
749	0.03
1272	-0.33
1320	-0.21
1368	-0.24
1416	-0.26
3038	0.56
3815	0.09
3458	-1.33
3506	-0.87
1296	-1.66
2704	-0.33
3554	0.69
1464	0.20
1512	-0.52
808	0.47
2752	-0.24
3602	0.05
3698	-0.05
3746	0.22
3794	0.06
1177	-0.06
3460	-0.32
3508	-0.32
2800	-0.17
3556	-0.42
1702	0.04
1750	-0.06
1798	0.04
1846	0.02
1894	0.32
3604	-0.08
1027	0.48
1033	0.09
3652	-0.45
1560	0.02
1608	0.03
1656	-0.16
3700	-0.38
2848	0.01
2433	-0.59
1942	0.96
3748	0.53
1344	1.01
856	0.47
904	-0.31
952	0.17
1000	-0.23
1225	0.02
3796	-0.14
3462	0.70
3510	0.64
3558	-0.74
2964	0.14
2481	0.49
3606	-0.48
3654	-0.31
1273	0.00
415	-0.40
2896	-0.21
3702	0.16
3750	0.19
2944	0.39
1075	0.47
3798	0.81
3464	0.51
895	1.00
3512	0.12
1123	-0.20
789	0.19
3560	-0.23
3608	0.19
3656	-0.43
463	-0.15
1321	0.20
1369	0.11
1417	0.09
3704	-0.25
3752	-0.21
3800	-0.34
3466	0.18
3514	-0.16
583	0.11
3562	0.02
3610	-0.07
2992	-0.27
3040	-0.57
511	-0.49
3658	0.11
1392	0.01
3706	-0.13
1440	-0.05
1488	0.20
1536	0.09
3754	-0.42
3802	-0.05
3468	0.79
3516	0.31
3564	-0.19
1990	-1.19
2706	-0.89
3612	0.09
3660	0.07
2754	-0.18
1465	-0.03
3708	0.29
3756	0.36
3804	0.17
3470	-0.26
714	-0.05
3518	0.06
3566	0.03
3614	-0.08
3662	0.02
3710	-0.02
3758	0.06
3806	0.03
3472	-0.06
1537	-0.10
3012	0.19
3520	0.08
3568	-0.04
3616	-0.13
1585	0.16
3664	0.14
588	-0.08
3712	-0.12
3760	0.22
3808	0.32
3474	-0.20
1633	0.02
1681	-0.20
3522	-0.14
3570	0.05
3618	-0.16
1729	-0.01
3666	-0.04
3714	-0.18
3762	-0.55
762	-0.29
636	-0.20
684	-0.40
3810	0.05
3476	-0.20
2529	0.15
3524	0.26
3572	0.47
3620	0.05
1800	0.01
3668	-0.04
1513	0.56
3716	-0.10
631	-0.03
559	-0.19
3764	-0.19
3060	0.47
3812	0.00
3478	0.07
3526	-0.21
3574	-0.16
2577	-0.50
2625	-0.66
3622	-1.22
2058	-0.17
3670	-0.58
3718	-0.55
607	-0.18
732	-0.19
1969	0.28
1848	-0.25
1896	-0.33
679	-0.23
3766	0.66
1081	-0.28
1048	0.06
727	0.45
655	0.27
2673	-0.29
393	-0.11
1096	0.10
441	-0.27
2565	0.51
3814	-0.29
3480	-0.01
3528	0.02
3576	0.40
3624	0.22
3672	0.82
3720	0.63
3768	0.54
3816	0.35
2087	0.60
1144	-0.03
2789	-0.57
3481	-0.14
2038	-0.29
2837	-0.48
3529	0.09
3577	-1.55
3625	-0.71
3673	-0.38
3721	0.26
3769	-0.09
3817	0.27
1777	0.55
3483	-0.66
3531	-0.18
3579	-0.26
3627	-0.75
2017	0.12
2065	-0.28
3675	0.31
3723	-0.77
1825	0.03
3771	-0.43
2613	-0.52
703	-0.36
1179	-0.24
2508	0.06
3819	0.71
3485	-0.56
3533	-0.05
3581	-0.69
3629	0.06
3677	-0.24
3725	0.34
3773	0.03
3821	0.54
3487	0.41
3535	-0.20
837	-0.09
3583	0.27
3631	-0.40
2802	-1.12
3679	-1.20
3727	-0.50
3775	-1.16
3823	-0.57
3489	1.07
3537	-1.25
3585	-1.39
3633	-1.24
3681	-0.37
1227	-0.12
1275	-0.14
2850	0.19
2106	-0.64
3729	0.47
2898	0.77
3777	-0.14
1657	-0.05
1705	0.17
3825	0.11
3491	0.00
2339	-0.13
2387	0.36
3539	-1.33
2154	-0.75
3587	-0.16
3635	0.05
3683	0.12
1129	-0.28
810	-0.02
858	0.28
906	-0.07
2113	0.38
2086	0.46
2134	0.45
2182	0.23
2230	0.23
2278	0.10
1944	0.58
1992	0.49
3731	-0.04
3779	-0.11
3827	0.89
1753	0.70
3493	1.14
3541	1.08
3589	-0.58
3637	0.12
3685	0.56
1323	0.08
3733	0.46
3781	0.34
1873	1.15
3829	-0.02
489	-0.38
537	-0.19
954	0.31
1002	0.04
1050	0.17
398	0.19
2933	-0.21
3495	0.80
3543	0.02
3591	0.11
3639	-0.17
3687	-0.12
2946	-0.23
3735	-0.30
2202	-0.09
2135	0.11
3783	-0.21
3831	-0.12
3497	-0.09
3545	-0.48
3593	-0.48
3641	-0.10
1371	-0.32
2435	-0.15
1801	0.20
2483	-0.10
3689	-0.19
2250	-2.30
3737	-0.56
2161	-0.30
2040	-0.72
3785	-1.05
2088	-0.54
2298	0.13
3833	0.38
3499	0.10
751	0.48
3547	-0.09
585	-0.10
1849	-0.32
2994	0.09
3595	-0.19
3042	-0.10
3691	0.50
1897	0.63
3739	0.21
2708	-0.34
3787	-0.12
3835	0.53
3501	-0.06
3549	0.18
3597	0.30
3645	-0.04
3693	-0.02
3741	-0.06
3789	-0.60
3837	-0.08
3503	-0.54
3551	0.01
3599	-0.23
3647	1.09
3695	0.06
3743	0.02
3791	0.27
417	-0.01
1964	-0.15
1419	0.23
3839	0.03
2756	-0.07
2209	-0.13
2556	-0.08
3482	0.15
3530	0.09
2257	-0.21
3578	-1.60
3626	1.33
3674	-0.34
2981	-0.27
3722	-0.47
2012	0.46
3770	-0.09
3818	-0.50
1098	-0.71
1146	-0.04
812	0.79
3484	-0.02
3532	0.03
3580	0.03
2726	-0.98
3628	-0.63
3676	-0.08
3724	0.00
465	0.48
1539	0.29
1587	0.00
2136	-0.32
3772	-0.87
3820	-0.75
3486	-0.28
3534	0.19
943	0.53
3582	-0.17
3630	0.03
3678	0.21
3726	-0.67
1635	-1.03
3774	-1.69
1923	-0.78
3822	-0.61
3488	-0.50
2184	-0.06
3536	0.38
3584	1.00
3632	1.83
2661	0.08
2531	0.19
2579	0.18
1563	-0.55
3680	-0.13
1611	-0.06
1683	0.17
3728	0.75
3776	0.37
3824	1.31
3490	0.61
1971	0.53
2019	0.55
3538	0.32
2067	0.36
3586	0.33
2627	0.06
2232	0.41
3634	-0.09
3682	0.01
3730	0.30
3778	-0.01
3826	0.09
2675	0.03
1659	-0.19
1731	-0.24
3492	-0.34
2280	-0.05
3540	0.30
3588	0.30
885	0.41
1779	0.16
1827	0.07
1875	0.21
1541	0.09
1589	-0.03
1637	0.00
1685	0.03
1733	0.25
1781	0.28
1829	0.12
1877	0.05
933	-1.73
981	-1.46
428	0.11
476	0.48
3636	0.37
1543	1.31
1591	1.39
860	0.35
3684	0.34
908	0.27
956	0.26
3732	-0.35
3780	0.75
3828	0.31
1004	-0.34
3494	0.07
1052	0.50
3542	0.21
2604	-0.13
2183	0.28
513	-0.11
3590	-0.34
1639	-0.11
3638	-0.04
2804	-0.31
1687	0.04
3734	0.27
1029	-0.25
1077	-0.25
1125	-0.31
791	-0.28
839	-0.03
633	0.92
3782	0.21
3830	0.18
3496	0.09
3544	0.47
3592	0.04
3640	0.51
3688	-0.06
3736	0.47
3784	0.21
887	0.30
935	0.26
983	0.19
1031	0.39
1735	0.21
1783	0.35
1831	0.59
1079	-0.11
1127	0.11
770	0.06
818	0.08
866	0.03
914	0.33
962	0.19
1010	-0.03
3832	0.21
3498	0.10
3546	0.73
3594	-0.54
3642	0.05
3690	-0.32
3738	-0.07
2231	-0.03
2115	-0.29
3786	-0.21
3834	0.12
3500	-0.37
3548	0.18
3596	-0.16
3644	0.61
3692	0.73
3740	0.59
3788	-0.15
2852	0.06
3836	0.19
3502	-0.06
3550	0.01
3598	-1.63
3646	0.09
3694	0.18
3742	0.14
1879	-0.70
2327	-0.30
3790	1.71
3838	-0.29
561	-0.10
609	0.04
3504	0.23
3029	-0.83
2695	-0.37
2743	-0.63
3552	0.40
3600	-0.04
3648	-0.58
3696	-0.12
3744	-0.07
991	-0.30
3792	-0.05
3840	-0.12
2163	-0.09
3841	-0.03
1039	-0.15
3889	0.12
3937	-0.26
1087	-0.79
3985	0.07
2774	0.77
1058	-0.15
2279	-0.07
4033	-0.84
4081	-0.15
1467	-0.24
657	0.30
2900	0.06
4129	0.00
2060	-0.31
2108	-0.14
2156	-0.33
2204	-0.58
2252	-0.52
2300	-0.34
1966	-0.56
2014	-0.58
2062	-0.58
4177	0.13
3843	0.35
1707	0.36
524	0.38
2948	0.52
3891	0.69
2996	0.75
3939	0.52
1106	0.63
3987	0.68
2341	0.47
2389	0.91
2437	0.73
2485	0.57
2533	0.18
4035	0.35
3044	0.09
681	0.07
4083	0.15
2710	-0.04
2581	0.07
2629	-0.33
4131	0.10
4179	0.12
3845	0.01
2758	-0.07
2806	-0.16
2854	-0.12
705	-0.13
3893	0.28
2110	0.26
820	-0.08
3941	-0.22
753	0.02
868	-0.26
3989	0.28
2902	-0.13
2375	-0.22
2677	0.43
419	-0.36
2211	-0.07
1634	0.33
2950	0.21
4037	0.00
4085	-0.12
4133	-0.12
1515	0.07
4181	0.02
3847	-0.05
1181	-0.09
1922	-0.34
1970	-0.23
3895	0.85
3943	0.71
572	0.76
3991	0.21
4039	0.10
4087	0.22
4135	0.49
729	0.07
4859	-0.05
620	-0.32
395	-0.28
443	-0.82
1100	-0.64
1148	-0.71
814	-0.50
491	-1.07
539	-1.09
4183	0.92
1229	-0.72
3849	-0.27
2998	-0.51
3897	0.03
3945	0.07
3993	0.24
3046	0.22
4041	-0.43
4089	0.04
4137	-0.90
916	-0.16
4185	0.20
1682	0.07
964	0.00
3851	0.39
2343	0.49
1945	0.49
862	0.01
910	-0.18
958	0.20
3899	0.15
3947	0.01
3995	-0.07
4043	-0.02
4091	-0.04
4139	0.11
4187	0.50
3853	-0.47
3901	-0.33
3949	-0.13
1277	0.07
1325	-0.49
3997	0.24
1373	-0.17
587	-0.04
1755	-0.57
1012	-0.36
4045	0.16
4093	0.22
2712	0.48
1421	-0.13
467	0.05
4189	0.19
1469	-0.47
2423	0.10
1545	-0.33
3855	-0.27
2760	-0.31
2808	-0.22
1006	-0.22
1054	-0.16
1102	-0.53
635	-0.12
3903	0.07
2791	0.17
2391	0.26
1150	-0.36
816	0.89
515	-0.17
3951	0.20
2018	0.37
683	0.29
1517	0.21
3999	0.00
563	0.01
1183	-0.45
4047	-0.15
2856	-0.17
731	-0.14
1803	0.00
864	0.29
1231	0.00
4095	-0.23
397	-0.28
4191	-0.47
1135	-1.36
3857	-0.35
3905	0.34
3953	-0.13
912	-0.08
960	0.03
4001	0.10
1593	0.45
4049	0.32
2259	0.20
1993	0.17
4145	0.60
2439	0.42
2041	0.26
4193	0.29
668	0.64
1851	-0.08
1899	0.15
1565	-0.39
1613	0.20
1661	0.03
1709	-0.01
1757	-0.04
1805	0.01
1853	-0.11
1901	-0.02
1567	-0.18
1615	0.04
1663	-0.10
1711	-0.40
3859	-0.18
1759	-0.31
2089	0.19
3907	-0.73
1279	-0.03
1925	-0.21
1973	0.07
3955	0.36
1060	-0.39
611	-0.42
1108	-0.48
774	-0.44
659	-0.01
2652	0.24
2904	-0.15
2952	0.04
3000	-0.21
4051	0.28
4147	-0.20
4195	-0.30
3861	-0.11
3909	-0.12
2021	1.25
2839	0.12
3957	-0.53
2471	-0.68
2519	-0.69
4005	-0.30
1641	-0.14
4053	-0.13
2487	-0.23
1008	-0.26
1807	0.01
1855	-0.22
1903	0.09
4149	-0.11
1327	0.03
3048	-0.04
707	-0.24
3863	0.13
3911	-0.23
2822	0.12
822	0.14
2713	1.11
2761	1.01
3959	0.15
4007	0.09
1375	-0.33
1689	0.23
2887	-0.20
2935	-0.16
2983	-0.09
2809	-0.45
3031	-0.14
2697	-0.22
4055	-0.19
4103	-0.75
2857	0.41
4199	-0.06
2069	0.15
3842	0.27
3890	0.08
3938	0.13
3986	0.41
1569	-0.09
1665	0.30
1713	0.56
1761	0.08
1809	0.38
1857	0.18
1905	0.74
1571	0.47
1619	0.87
4034	0.82
1667	0.18
1715	0.51
1763	-0.15
2905	-0.03
801	-0.21
716	-0.07
2953	0.05
4082	-0.15
4130	0.24
1811	0.73
445	1.01
3001	-0.08
755	1.00
4178	0.69
3844	0.11
2535	0.25
2745	-0.36
3049	0.06
3892	-0.20
1056	0.00
1104	-0.29
2583	0.28
1152	-0.04
1153	-0.90
2793	0.07
2567	1.32
764	0.48
2841	0.36
2318	0.37
3988	0.68
2137	0.86
1737	0.89
2889	0.39
1785	0.85
2366	-0.44
2715	0.80
4036	0.10
421	0.06
849	0.08
870	0.13
2158	-0.05
2763	0.48
4084	0.27
918	0.26
4180	-0.01
966	-0.32
1730	-0.09
3846	0.12
897	-0.19
3894	0.46
2414	0.39
2631	0.25
3942	0.42
1201	0.78
3990	0.22
795	-0.04
1471	-0.09
430	-0.11
4038	0.51
1062	0.25
4134	0.08
4182	0.00
2811	0.10
3848	-0.18
3896	-0.47
3944	0.08
3992	0.03
4088	-0.03
4184	0.00
2206	0.03
2254	0.05
1833	0.17
1881	0.14
2066	-0.06
2114	0.03
3850	0.13
1185	-0.18
2859	-0.06
3898	0.02
3946	-0.04
3994	0.14
4090	0.01
2679	-0.72
469	0.26
4138	0.00
517	-0.16
2345	-0.31
4186	-0.13
2185	-0.02
3852	0.16
1249	-0.22
493	-0.36
3900	-0.08
3996	0.11
4044	0.20
1297	-0.28
478	0.50
4140	-0.24
4188	0.08
2233	0.84
2393	0.32
1345	-0.32
2441	0.02
2907	-0.11
565	-0.16
2955	0.09
2117	-0.35
613	-0.38
2489	0.27
2302	-0.30
1393	-0.22
1441	0.00
1489	0.06
3003	-0.69
3854	-0.18
3902	0.38
1968	-1.06
1155	-0.78
1203	-0.20
1251	0.08
1299	-0.11
3051	-0.09
661	-0.19
2717	-0.23
526	-0.38
3998	-0.14
4046	-0.03
4094	-0.16
4142	-0.25
1110	0.27
2937	0.11
4190	-0.23
945	0.13
3856	-0.35
541	-0.05
589	0.02
574	-0.01
3904	0.22
4000	0.22
4096	0.17
4192	-0.17
3858	-0.23
3906	-0.26
637	-0.14
685	-0.28
733	-0.17
3954	0.09
4002	-0.08
4050	-0.04
4098	-0.02
4146	0.00
4194	0.08
2537	-0.85
2585	0.69
1859	0.74
3860	0.07
3908	0.07
2016	0.11
1907	-0.11
1547	-0.01
3956	-0.09
2064	-0.34
4004	-0.22
4052	0.02
2615	-0.05
2112	-1.31
2633	-1.52
1347	-1.29
1573	-0.06
1621	0.02
2681	-0.09
4148	-0.09
1717	0.11
1765	-0.39
1813	0.05
1861	-0.29
2281	0.20
2347	-0.27
4196	-0.34
3862	-1.21
2765	-0.50
2165	0.20
1395	-0.90
2663	-0.29
2306	0.36
2354	0.68
2395	-0.14
2443	-0.25
3910	0.00
3958	-0.57
776	-0.32
993	-0.04
2402	-0.28
2450	-1.05
2162	-0.24
4006	-0.06
2813	0.01
2861	-0.83
4054	-0.46
1947	-0.52
4102	-0.52
824	-0.11
2909	0.17
2498	-0.55
872	-0.41
4150	0.13
2491	-0.07
2870	0.57
4198	0.10
1909	0.58
1595	0.22
3864	0.05
3912	-0.23
3960	-0.30
2587	0.04
4008	-0.35
2957	1.10
446	-0.02
3005	-0.40
4056	-0.38
2635	-0.38
709	-0.14
2683	-0.25
2349	-0.30
2397	-0.09
3053	-0.05
2719	-0.30
4104	-0.54
2767	-0.17
1281	-0.14
4200	0.09
3865	0.04
495	-0.16
2160	0.40
1575	-0.26
2208	0.16
2445	-0.19
1041	0.14
757	0.08
2546	0.88
2815	-0.64
2863	0.01
3913	0.07
3961	-0.49
4009	0.13
2985	-0.87
2213	0.04
494	0.44
2261	0.33
1443	-0.07
1995	-0.30
542	-0.12
590	-0.11
638	-0.33
686	-0.44
3033	-0.76
4057	-0.72
2210	0.21
423	-0.13
4105	0.04
1623	-0.23
1927	-0.87
4153	-0.39
1671	0.11
4201	0.30
3867	0.02
2510	-0.06
3915	0.86
1491	0.33
2043	0.97
3963	0.51
2911	0.42
4011	0.13
2258	-0.02
2256	0.02
2304	0.12
2305	-0.45
2353	0.59
4107	0.62
1089	0.09
2091	0.61
2139	0.66
3869	0.32
2187	0.51
3917	0.64
3965	0.33
4013	0.83
622	0.41
1975	2.08
920	0.43
4109	1.15
4157	0.30
4205	1.02
670	-0.13
2023	0.23
718	-0.06
3919	0.26
4015	0.10
1643	-0.07
4111	-0.03
4159	-0.17
766	-0.47
4207	0.14
3873	0.02
3921	0.24
3969	-0.11
4017	-0.19
1691	-0.05
4065	-0.24
4113	0.06
4161	-0.19
4209	0.19
2071	0.20
3875	-0.07
3923	0.97
2235	0.30
3971	0.15
4019	0.19
4067	0.18
4115	0.14
4163	-0.19
4211	0.01
3925	0.23
2959	-0.05
3973	-0.04
4021	-0.87
2541	-0.31
1205	0.06
471	0.22
4117	0.89
4165	0.83
4213	-0.21
3007	0.18
2119	0.33
3879	0.31
3927	-0.06
3975	-0.12
4023	-1.32
4071	-0.87
2589	-0.85
2637	-0.41
1253	-1.00
1301	-0.89
1739	-0.91
4119	0.29
1377	-0.04
4167	-1.38
4215	-0.69
432	0.14
1787	-0.11
1835	-0.16
3881	0.06
2699	-0.66
3929	-0.34
3977	0.24
734	-0.93
2283	-1.56
519	0.23
2167	1.50
4025	0.08
968	0.18
1349	-0.27
1445	-0.48
543	-0.17
591	-0.11
639	-0.11
567	-0.05
2721	-0.14
615	-0.14
1719	0.15
735	-0.31
1493	-0.25
401	-0.12
4073	0.09
1767	-0.20
1815	0.37
1863	-0.02
1911	0.04
1577	0.06
1625	0.08
1673	-0.42
1721	-0.10
1769	0.09
1817	0.03
1865	0.11
1913	0.09
1579	0.04
4121	-0.19
2215	-0.07
663	0.52
711	-0.18
2769	-0.06
4169	-0.30
2817	-0.46
4217	-0.10
2865	-0.10
1924	-0.35
891	-0.14
1949	0.00
2918	-0.07
3883	0.16
3931	0.36
3979	-0.05
4027	0.20
2685	-1.44
2351	-2.20
2399	-2.06
1997	-0.04
4075	0.09
4123	-0.04
4171	-0.43
4219	-0.23
3885	-0.04
3933	0.11
3981	-0.12
4029	0.06
2447	0.54
2495	0.68
2543	0.45
2591	0.15
4077	-0.10
4125	0.15
759	-0.12
1723	-0.08
1771	-0.04
1425	0.17
4173	-0.05
4221	0.23
2913	0.19
1473	-0.08
2961	0.06
3887	1.21
3935	0.22
1819	0.42
2639	0.71
3983	0.26
2966	0.21
3014	0.13
400	-0.52
2045	0.24
448	-0.14
449	-0.08
497	-0.35
4079	0.23
4127	0.26
4175	-0.09
4223	0.09
3866	-0.50
1159	-0.08
2401	0.21
1972	-0.24
593	0.03
641	-0.35
1207	-0.12
689	0.23
737	0.01
403	0.01
451	-0.14
3914	-0.10
3962	0.12
2687	0.71
4010	0.01
4058	-0.41
4106	0.11
4154	-0.16
1016	-0.21
1064	-0.59
2449	-1.84
2020	-0.13
2068	0.29
2093	-0.01
3062	-0.03
4202	-0.17
2728	-0.10
2776	0.04
2594	0.51
2558	0.86
1255	-0.07
2263	0.23
1521	0.02
3868	0.14
3916	0.04
1549	-0.02
2606	-0.03
499	-0.10
2497	0.03
2545	0.16
1597	-0.57
1303	-0.06
2330	-0.29
547	-0.01
2654	-0.37
1187	-0.38
425	-0.21
4012	0.09
4060	0.16
4108	0.23
4156	-0.06
473	0.30
4204	0.30
3870	-0.04
521	-0.05
3918	0.14
3966	0.02
4014	-0.05
4062	0.15
480	0.24
528	0.21
4110	0.32
4158	0.87
1112	0.36
4206	-0.08
3009	-0.16
3057	0.40
2723	-0.19
3872	0.03
2771	-0.17
2819	0.02
3920	-0.01
2867	0.03
2915	-0.18
3968	0.08
4016	1.75
2963	-0.10
1137	0.09
4064	0.09
3011	-0.06
1235	0.01
4112	-0.12
4160	-0.10
3059	-0.11
1867	0.13
2725	-0.20
1283	-0.33
2773	0.28
2141	0.58
2189	0.72
2164	-0.35
1929	-0.44
1915	0.19
4208	0.59
3874	0.16
3922	-0.99
2821	-0.42
3970	-0.31
595	-0.21
643	-0.09
2378	-1.42
2426	-1.01
2474	-0.21
4018	0.58
2747	0.09
2237	0.13
4066	0.58
4114	0.11
2869	0.71
2593	-1.78
1581	0.31
4162	-0.35
1977	-0.24
2320	-0.29
1331	-0.13
2917	-0.24
2965	0.05
569	0.01
803	-0.13
4210	-0.32
1379	0.70
1629	0.54
1677	0.44
2522	-0.09
3876	0.40
617	0.13
3013	-0.29
1351	-0.18
1399	-0.20
1725	0.44
4020	0.57
2570	0.35
2618	0.15
4068	0.34
4116	0.54
2666	0.52
1447	0.09
4212	-0.03
2212	-0.25
3878	-0.74
2795	-0.32
3974	-0.36
1427	0.40
4022	0.29
1475	-0.73
4070	0.02
851	0.02
2843	0.09
899	-0.19
2641	0.01
4118	-0.15
4166	0.01
4214	-0.26
2025	-0.31
3880	-0.03
3928	0.24
1495	0.00
2332	0.13
1523	-0.10
1161	-0.21
3976	0.01
1209	0.13
4024	0.26
3061	-0.05
4072	0.02
2727	0.11
1189	-0.11
2380	0.01
2775	-0.14
739	-0.05
405	-0.10
4120	0.20
576	0.35
4168	0.59
4216	-0.06
3882	0.04
3930	0.15
1257	0.09
2428	-0.21
3978	-0.07
1773	-0.22
1821	-0.04
1869	-0.06
1917	0.14
1583	-0.07
1631	-0.05
1679	-0.27
2823	0.02
4074	0.05
2871	0.04
2919	0.36
4218	0.05
1305	0.57
1353	0.23
2307	-0.77
3932	0.44
2967	0.21
3015	0.09
3980	0.67
4076	0.06
4172	1.00
1645	0.01
2368	0.14
2073	-0.32
2285	-0.01
4220	-0.03
3886	-0.05
3934	-0.10
3982	0.25
665	-0.33
713	0.10
2824	0.05
2121	0.20
453	-0.10
3063	0.23
4174	0.30
1693	0.34
4222	0.56
3888	-0.32
2729	-0.18
3936	0.07
3984	-0.01
2891	-0.12
4032	0.43
826	-0.17
624	-0.12
672	-0.11
874	-0.01
922	-0.07
970	0.27
947	0.01
2825	0.03
1951	-0.53
4176	0.09
1999	0.03
1741	-0.45
4224	-0.01
4225	-0.28
761	0.08
1727	0.04
1775	-0.14
4273	0.52
2047	-0.19
2095	0.88
2169	1.28
2260	1.87
4321	0.81
4369	-0.17
4417	-0.34
1789	-0.36
2873	1.22
2143	0.21
501	-0.32
549	-0.38
597	-0.11
2921	-0.18
4465	0.19
4513	-0.24
2969	-0.15
4561	0.06
4227	0.17
4275	-0.02
4323	0.36
4371	0.19
4419	-0.31
4467	-0.05
1237	-0.13
4515	-0.08
645	-0.50
693	-0.46
1401	-0.08
741	0.28
4563	0.53
4229	0.64
4277	0.58
4325	0.72
4373	0.38
4469	0.46
3017	0.61
1823	0.16
1871	0.06
427	-0.84
4517	0.01
4565	-0.01
4279	-0.06
475	0.01
4327	-0.01
4375	0.10
4423	-0.01
4471	0.25
1919	0.13
1449	-0.01
2355	0.14
2403	-0.05
2451	0.09
4519	0.16
4567	0.19
4233	0.00
4281	-0.14
3065	0.23
4329	0.10
407	-0.16
2731	-0.17
2191	0.16
4377	-0.03
2476	-1.00
2524	-0.10
2572	0.06
2620	-0.40
2668	-0.24
2334	0.05
2382	-0.03
2430	0.06
2478	0.42
2526	0.19
1018	0.21
1778	0.04
1066	0.12
1114	-0.31
4425	-1.26
1562	-1.10
4473	-0.28
4521	-0.88
1837	-0.83
4569	-0.34
4235	-0.20
4283	0.07
4331	0.05
4379	-0.18
4427	-0.26
4475	-0.59
2239	-0.09
4523	-0.12
2779	-0.27
1497	-0.25
1926	0.55
523	-0.40
1974	-1.20
2287	-0.54
1953	-0.36
2001	-0.57
2049	-0.07
2022	-0.27
4571	-0.13
2499	-0.94
2827	0.41
1163	-0.37
2574	-0.02
2939	0.29
1885	0.41
1551	0.52
4237	0.36
2097	1.03
2872	1.00
4285	0.72
2145	0.37
2193	0.35
2987	0.29
828	0.21
4333	0.49
4381	0.55
4429	0.61
4477	0.64
4525	0.47
1285	0.11
4573	0.56
2875	0.71
4239	0.98
4287	1.10
4335	0.72
1333	0.32
496	0.75
4383	0.97
1211	0.59
4431	1.39
1259	0.94
4479	-0.45
876	-0.32
4527	0.00
544	0.09
4575	0.03
2622	-0.39
2670	-0.24
2336	0.67
1826	0.82
4241	0.40
4289	0.51
4337	-0.02
4385	0.13
4433	-0.66
2923	-0.52
2971	-0.01
924	-0.33
972	-0.82
571	-0.09
1381	-0.12
592	0.28
640	0.57
2241	-0.04
2289	0.25
4481	-1.72
4529	-1.64
1955	-0.49
2003	-0.38
1610	-1.06
2547	-0.11
4577	0.38
4243	0.09
4291	0.01
3019	0.41
4339	0.11
619	-0.44
4387	-1.24
4435	-0.54
4483	-0.14
1599	-0.01
4531	-0.28
1020	0.02
1068	-0.04
1116	-0.29
4579	-1.09
3067	-0.54
4245	-0.23
2416	-0.58
2464	-0.73
4293	0.18
1307	-0.42
2051	-0.79
2733	-0.61
2217	-0.17
2781	0.13
4341	-0.02
1647	0.04
782	0.04
1695	-0.04
4389	0.17
1429	0.13
1477	-0.18
1525	-0.06
1191	-0.05
2829	-1.26
4437	-1.06
2595	-0.37
4485	-1.29
2265	-0.81
4533	-1.26
4581	-2.33
4247	-0.65
2099	-0.19
2147	-0.39
4295	-0.53
1355	-0.71
1743	0.32
667	-0.14
4343	-0.10
2195	0.22
2070	0.01
2243	0.05
2291	0.31
1957	0.03
2005	0.40
1239	-0.25
2053	0.05
2101	0.40
2149	0.10
2245	0.06
2293	0.25
1959	-0.01
2007	0.35
2103	0.68
2247	0.05
2295	0.14
1961	0.02
2009	0.13
2057	-0.06
2105	0.29
2153	0.00
2201	0.12
2249	0.24
1931	0.10
4391	0.02
4439	0.50
4487	0.05
4535	0.14
1403	0.22
1451	-0.13
1499	0.00
4583	-0.13
4226	-0.01
4274	-0.19
4322	-0.05
1165	-0.18
2297	0.25
1213	-0.24
4370	-0.23
2877	-0.13
1963	0.77
2011	0.53
2059	0.44
2107	0.77
4418	0.88
4466	0.38
4514	0.38
4562	0.31
2155	0.53
4228	0.74
1261	0.46
4276	0.32
4324	1.00
4372	1.09
4420	0.97
2384	0.64
4468	0.08
688	0.31
995	0.15
2643	-0.11
3035	0.14
1791	0.37
4516	-0.03
2251	0.24
1287	-0.29
1658	-0.09
1706	-0.16
1754	-0.72
2701	-0.51
4564	-0.05
1335	-0.30
1383	0.06
4230	-0.12
4278	-0.28
2925	-0.38
715	-0.32
4326	-0.08
4374	-0.22
4422	-0.05
2973	0.09
3021	-0.17
4518	0.02
4566	-0.16
2299	0.48
551	0.55
1802	0.34
1979	0.49
2432	0.51
2309	0.48
2357	-0.12
1309	0.10
4232	-0.20
4280	0.00
4328	-0.12
4376	0.14
830	0.11
4424	0.11
3069	0.28
2735	0.34
4472	1.31
4520	0.95
1431	0.18
2480	0.61
736	0.06
402	0.36
2118	-0.24
4568	-0.80
1357	-0.34
1405	-0.24
4234	-0.23
4282	0.03
2749	-0.54
4330	0.02
4378	0.12
1453	-0.58
599	-0.56
647	-0.22
695	-1.65
4426	-0.51
4522	-0.02
763	-0.17
1850	-0.73
1898	0.11
1564	-0.58
4570	0.37
878	0.17
926	-0.28
974	-0.30
1022	-0.45
1070	-0.54
2405	-1.08
4236	-0.02
1501	-0.18
1167	-0.27
2528	0.11
2576	0.98
4284	-0.38
429	-0.41
4332	-1.67
4380	-0.09
4428	-0.17
768	0.11
769	0.20
4476	0.56
2797	0.55
4524	0.62
2624	0.51
1215	0.15
1263	0.20
1311	0.23
1359	0.21
1407	-0.40
1455	-0.51
1503	-0.53
1169	-0.82
1217	-1.69
4572	0.05
1265	-0.94
2166	0.64
1839	0.13
1887	0.24
1553	0.55
4238	0.53
4286	0.38
477	0.39
2783	0.11
1479	0.06
4334	0.65
4382	0.71
4430	1.21
1527	0.21
4478	0.27
2831	0.25
1313	0.12
1361	-0.22
1409	0.02
1457	0.09
1505	-0.02
4526	-0.26
4574	0.24
4240	0.22
4288	-0.45
1193	-0.14
573	0.14
4336	-0.37
4432	-0.13
4480	0.00
4528	-0.07
1171	-0.56
4576	0.08
1601	-1.58
1219	0.09
4242	0.29
1965	0.53
4290	0.48
2845	0.49
1649	0.06
1697	0.07
1745	-0.21
4338	0.85
1118	-0.15
4386	0.52
1241	0.10
4434	0.52
4482	0.34
4530	0.10
4578	0.92
1793	0.23
1841	0.12
621	0.39
669	0.85
2672	0.68
1660	-0.21
743	-0.37
717	-0.30
765	-0.11
4244	0.17
1289	-0.42
4292	0.40
4340	0.05
386	-0.22
4388	-0.10
1267	-1.11
4436	-0.06
2879	-0.24
2927	-0.17
4484	-0.18
4532	-0.32
4580	-0.28
4246	-0.24
2013	-0.06
4294	-0.09
4342	-0.18
1337	0.08
1315	-0.39
1363	-0.29
1411	-0.37
1459	-0.56
1507	-1.08
4390	-0.28
1889	0.98
2512	-0.19
2027	-0.16
4438	0.04
2893	-0.42
784	-0.36
2975	0.24
4486	0.30
4534	0.58
1555	-0.28
4582	-0.08
865	-0.08
2061	0.33
2109	0.63
4248	-0.16
4296	-0.01
4344	0.19
434	-0.03
482	0.05
1173	-0.28
1221	-0.45
1269	-0.11
530	-0.23
4392	0.41
578	-0.13
2453	-0.01
4440	0.03
3023	-0.04
3071	0.15
4488	-0.13
1385	-0.13
626	-0.18
4536	0.04
4584	-0.06
1708	-0.05
880	-0.31
479	0.26
1433	-0.07
4249	-0.12
674	0.12
2157	0.11
2205	0.52
2762	0.48
4297	0.05
4345	-0.10
4393	0.19
4441	-0.06
1043	0.20
1317	-1.07
722	-0.22
388	-0.44
4537	-0.47
1365	-0.47
1756	-0.19
1804	-0.30
4585	0.17
2501	-0.46
1852	-0.17
1413	-0.22
2941	-0.17
4251	-0.26
928	-0.18
4347	0.18
2549	0.71
2338	0.89
1024	0.35
1072	0.20
1120	0.58
786	0.60
834	0.80
882	0.16
930	0.58
978	0.84
1026	0.33
788	0.80
836	-0.04
884	-0.24
932	-0.05
980	-0.15
2075	0.62
2253	0.29
2301	0.37
1603	0.19
2123	0.49
2642	0.37
4443	0.09
2308	0.01
2171	0.64
1091	-0.14
2219	0.68
4491	0.18
2810	0.18
2356	0.64
2214	0.11
450	0.66
2262	0.55
2267	0.24
1461	0.17
1481	0.47
4539	-1.07
4587	-0.41
1529	-0.04
4253	0.48
1195	-0.35
939	-0.56
4301	0.34
4349	-0.22
4397	0.07
1509	-0.14
1175	-0.28
1223	-0.44
1271	-0.79
2597	-0.95
2645	-2.44
4445	-1.04
1651	-0.23
575	-0.06
4493	-0.65
4541	-0.71
2858	-0.17
1243	-0.11
623	-0.12
1319	-0.23
1367	-0.31
1415	-0.16
671	-0.01
1291	-0.32
1699	0.78
1747	1.18
4303	-0.64
4351	0.24
1339	0.49
719	-0.67
4399	-0.07
767	-0.44
4447	-0.06
2906	0.19
4495	-0.45
4543	-0.32
1933	1.61
1981	0.73
2029	0.24
2077	0.60
1967	0.15
2125	0.36
4591	0.39
1795	0.32
2311	0.01
2359	0.14
1463	-0.17
458	0.00
4257	-0.67
4305	0.14
1387	0.24
2954	-0.14
4353	-0.11
4401	0.09
3002	0.06
3050	-0.20
4449	0.00
436	-0.14
1511	-0.28
484	-0.49
498	-0.05
1154	-1.02
1202	-0.54
1250	-0.04
1298	-0.65
2386	-0.95
2434	-1.20
1900	0.19
1566	-0.03
1614	0.39
1662	0.20
1710	0.34
1758	0.19
1806	0.25
1854	0.18
1902	0.21
2173	0.78
2221	0.84
2269	0.78
2407	0.55
2455	0.31
4497	0.81
4545	0.78
1346	0.49
1394	0.57
1442	0.28
1490	0.49
1156	0.84
532	0.33
580	-0.03
1435	0.10
4593	0.23
4259	-0.44
2560	-0.25
4307	-0.92
2015	0.09
2503	-1.13
2551	-2.61
2599	-1.65
2647	-0.67
2313	-1.11
2361	-2.58
2409	-1.54
2457	0.01
2505	-0.71
2063	0.11
4355	-0.38
1935	0.01
546	-0.29
1928	-0.55
2989	0.07
1976	0.39
2024	0.44
1028	-0.05
1076	-0.45
2482	0.03
2530	-0.29
2578	0.13
2626	-0.36
4451	0.06
506	-0.89
2716	-0.15
4625	0.35
4667	-0.14
1124	-0.29
790	-0.60
1483	-0.46
2674	0.13
2340	-0.16
3037	-0.13
2703	-0.24
2751	-0.06
2799	-0.54
594	-0.29
4499	-0.18
2553	-0.59
4595	-0.64
1983	-0.05
2031	0.60
4261	-0.11
1204	-0.61
4357	-0.15
4405	0.28
4453	0.08
4501	0.28
2388	0.09
2079	-0.20
4549	-0.43
4597	-0.02
2436	0.07
4263	0.69
4311	-0.23
2601	-0.89
2649	-1.73
2812	-1.06
2404	-0.25
1139	0.52
4359	0.36
4407	0.43
4455	0.28
4503	0.31
4551	0.33
4599	0.69
4265	0.25
4313	-0.05
4409	-0.02
2608	-0.37
2656	-0.67
2111	-0.77
2860	0.04
1252	-0.05
4457	-0.83
4505	-0.54
2847	-0.27
4601	0.04
2159	-0.22
4267	0.19
2908	-0.08
2127	-0.87
4315	-0.05
4363	-0.04
2895	-0.63
2315	0.06
2363	0.21
2411	0.33
2207	0.18
4411	-0.39
4459	-0.28
1531	0.00
4507	0.41
1197	0.02
1245	0.06
2956	0.08
3004	-0.04
4555	-0.48
3052	-0.08
2718	-0.47
2766	-0.21
2814	-0.17
4603	-0.45
4269	-0.45
2862	-0.73
4317	0.29
4365	0.05
1616	-0.54
1664	-0.51
1760	-0.06
1808	-0.20
4413	0.24
1300	-0.35
4461	-0.17
1348	-0.29
1396	-0.14
4509	-0.07
628	-0.19
676	-0.41
724	-0.07
390	-0.11
438	-0.26
1444	-0.39
1843	0.81
1492	-0.23
4557	-0.26
642	-0.50
602	-0.33
4605	0.50
4271	1.08
4319	-0.10
1856	0.04
1158	-0.45
2322	0.01
1904	0.08
4367	-0.33
4463	-1.23
1570	-0.87
4511	0.14
2484	0.03
1206	0.07
2943	0.27
2991	0.22
1891	1.74
2255	1.26
1557	0.07
690	-0.42
2175	0.48
2303	0.29
4607	0.01
2459	0.51
2507	0.03
2555	-0.11
2532	-0.23
1605	-0.46
4250	-0.25
4298	0.17
2580	0.15
1618	0.39
1254	-0.34
4346	0.14
486	-0.02
534	0.10
1666	-0.06
1714	-0.28
582	-0.26
698	0.05
4394	0.05
1762	-0.69
2603	0.74
2651	0.22
2317	0.40
2365	0.30
738	1.00
2910	0.97
4442	0.26
4490	0.59
1946	0.60
1302	0.40
886	0.12
934	0.60
3039	0.30
2705	-0.44
4538	-0.21
1994	0.77
1350	0.41
2072	0.28
2042	0.20
2090	0.41
2138	0.30
2120	1.61
2168	0.50
1653	0.03
2753	-0.44
2801	-1.09
2849	-0.84
2897	-0.85
2945	-1.11
746	-1.85
4586	-0.58
2993	-0.58
4252	-0.69
4300	-0.56
2223	-0.82
4348	-0.60
4396	-0.17
1810	-0.11
1858	-0.22
2452	0.16
2500	0.03
4444	-0.14
4492	0.10
2413	-1.24
2676	-0.72
2342	-1.27
2370	-0.10
2390	-0.61
2461	-0.47
805	-0.17
2234	0.03
4540	-1.16
4588	-0.30
2509	-1.98
1906	-1.06
4254	0.03
4302	0.10
4350	0.16
4398	-0.01
4446	-0.44
1398	-0.12
1446	-0.01
1494	-0.21
1160	-1.10
1208	-0.61
1256	-0.59
630	-0.21
4494	0.04
3041	-0.02
2707	-0.40
2466	-0.30
404	1.47
4542	1.03
4590	0.87
1293	-0.34
4256	0.06
4304	0.15
4352	-0.35
4400	0.04
1572	-1.17
2271	-0.38
2557	-0.38
2605	-0.89
4448	-0.67
4496	-0.46
4544	-0.56
1937	2.08
1985	0.32
4592	0.91
4258	0.14
452	0.37
500	-0.22
4306	0.07
4354	-0.23
4402	0.18
4450	-0.04
4498	0.03
2514	-0.42
1620	0.02
1668	-0.17
1716	0.15
1764	0.02
1812	0.15
1860	-0.07
1908	0.04
1304	-0.21
4546	0.00
1574	-0.08
2958	0.00
3006	-0.13
1701	0.08
4594	-0.01
1341	0.06
1389	-0.19
1437	0.37
1670	0.21
678	-0.19
4260	-0.27
2438	0.20
2486	0.58
2534	-0.16
2582	0.13
2630	-0.14
2678	0.06
2344	-0.10
2392	-0.33
2440	-0.54
2488	0.10
2536	0.04
4308	0.13
1352	-0.20
1400	-0.33
1448	-0.38
4356	1.42
4404	0.54
853	0.03
4452	-0.04
1496	0.29
2216	-0.19
2264	0.01
4500	-0.11
1485	-0.08
412	0.38
2653	-0.12
726	-0.06
392	-0.39
1162	-0.11
4548	-0.36
1718	0.03
1210	0.12
460	-0.12
508	0.22
4596	0.41
4262	0.09
4310	0.28
2282	0.26
1533	0.16
2319	0.12
1258	0.11
2367	-0.19
4358	0.86
2584	0.51
1797	0.73
1306	-0.49
2632	0.00
4406	0.22
1199	-0.16
1845	1.22
1893	1.37
4454	-1.55
4502	-0.56
4550	-0.05
1948	0.03
2920	0.16
987	0.25
1559	-0.19
1766	-0.14
1814	0.14
1862	-0.23
1910	0.47
4598	0.58
1247	0.24
4264	0.07
4312	0.21
901	-0.11
2562	0.64
4360	-0.09
4408	0.60
4456	1.63
4504	0.71
4552	0.23
982	0.15
2033	0.36
1996	0.46
913	0.21
2044	0.40
2092	0.75
2140	0.36
4600	0.45
2548	0.31
4266	-0.78
4314	-0.58
4362	-0.44
4410	0.30
949	0.44
4458	0.18
4506	0.10
4554	0.25
3054	0.08
2081	-0.05
4602	-0.02
4268	-0.24
4316	-0.12
556	0.06
4364	0.11
4412	0.03
4460	0.02
1295	-0.35
4556	-0.09
440	-0.22
4604	0.44
2188	0.10
2129	-0.18
2236	-0.11
2284	-0.30
4270	0.28
4318	0.15
4366	0.33
1950	-0.85
1354	0.00
4414	-0.03
4462	-0.25
4510	-0.64
4558	0.08
2596	-0.40
2680	0.06
4606	0.19
4272	-0.12
4320	-0.03
2720	0.50
1998	-0.66
4368	-0.80
4416	-0.47
4464	-0.58
4512	-0.45
2968	0.13
3016	-0.01
2346	-0.13
1343	-0.37
1391	-0.40
1439	-0.33
1487	-0.50
1535	0.04
2394	0.62
1030	0.22
997	0.46
2046	-0.24
1576	0.33
2442	-0.09
2644	-0.08
488	-0.30
1402	-0.02
1607	0.16
1450	1.14
4560	-0.78
2310	-0.62
2358	-1.17
2406	-0.36
4608	-0.01
2610	-0.10
4627	-0.56
4669	0.19
2415	-0.73
4805	0.33
4821	0.04
2094	-0.45
2177	0.53
2142	-0.64
604	0.11
536	-0.13
2768	0.06
2816	-0.31
584	-0.20
2864	0.05
961	-0.03
4711	-0.04
2912	0.01
1057	-0.42
1105	-0.12
4769	-0.06
1498	-0.02
1164	0.20
1212	-0.05
1260	0.10
1308	0.42
1356	0.13
1404	0.27
771	0.37
632	0.10
2960	-0.03
652	0.10
700	0.13
3008	-0.11
1452	-0.05
3056	0.25
1078	-0.15
1126	-0.01
792	0.34
840	-0.10
888	-0.51
936	0.06
984	-0.28
1032	0.04
1080	-0.42
1500	0.04
680	-1.11
728	-0.15
394	0.44
748	0.27
2190	-0.31
2770	-0.21
4813	-0.03
1178	-0.56
414	-0.04
4679	0.30
4759	-0.04
1930	-0.10
1978	0.62
2026	0.56
2225	-0.17
2273	-0.09
2074	-0.07
1939	-0.26
1655	-0.14
1703	-0.25
1226	0.00
2818	0.14
1751	0.13
1045	0.59
1987	0.69
2035	0.74
1093	-0.31
462	-0.16
510	0.05
2866	0.96
2083	1.09
2238	1.09
2914	0.12
2286	1.19
1799	0.72
1624	0.37
2454	0.36
2502	0.28
2550	0.65
2598	0.77
1952	0.26
2463	-0.22
2000	-0.23
2755	-0.02
1128	0.00
2511	0.39
4665	0.51
2131	0.51
548	-0.21
596	-0.42
819	0.06
644	0.72
