2048	-1.94
2096	-0.98
2144	-0.97
2192	-0.84
2730	0.09
1141	0.16
1874	0.45
2490	0.13
2778	0.15
2803	0.12
1274	0.19
2826	-0.31
1322	1.37
1370	1.13
558	0.05
2874	-0.31
1418	0.06
807	2.42
855	0.71
606	0.01
654	-0.03
2122	-0.33
692	-0.39
2170	-0.75
903	-0.28
442	-0.51
3018	-0.21
2240	-1.15
2559	-2.24
2607	-2.37
1466	-0.73
1514	0.16
1180	0.30
1276	0.43
1324	0.20
1372	0.28
1540	0.52
1588	0.23
3066	-0.12
1636	0.45
951	-0.16
2851	0.02
999	-0.17
2538	-1.26
2655	-0.13
2732	-0.06
1420	0.21
2586	-0.29
2962	-0.60
1468	-0.62
2780	0.08
2828	0.04
2876	-0.26
2924	2.00
2179	2.26
1672	2.72
385	0.15
433	0.21
481	-0.08
529	-0.08
2972	0.09
1166	0.12
1214	0.32
2634	0.53
3020	0.46
1262	0.08
2288	-0.12
1954	-0.26
2002	-0.09
2050	-0.11
2098	0.06
2146	-0.25
2194	-0.16
2242	-0.09
1684	0.07
1732	-0.35
3068	-0.22
1035	0.33
1516	0.06
1182	-0.15
867	-0.04
915	0.19
963	0.41
1011	-0.17
1230	0.06
1059	-0.55
1107	-0.25
773	-0.79
1278	-0.30
1326	-0.83
1374	-0.88
821	1.14
1047	0.33
2321	-0.08
2830	0.02
2878	-0.49
1720	-0.21
2369	-0.79
869	-0.19
917	-0.32
3010	-0.15
2682	-0.59
1422	-0.16
1470	-0.23
1095	-0.54
1780	0.14
1828	-0.52
1876	-0.60
1542	0.11
2974	-0.23
1590	-1.70
3022	0.45
2658	-0.63
2324	-0.93
1310	-1.00
577	-0.07
2417	0.32
2899	-1.07
1358	0.28
2736	0.35
2947	0.04
2784	-0.20
2348	-0.64
2832	0.43
2396	-0.13
2444	-0.09
1518	0.60
1184	0.06
1232	0.40
1280	0.31
965	0.02
1013	0.45
1328	0.43
2492	-0.18
2227	-0.31
2218	0.33
1768	0.56
625	0.49
2880	0.00
1061	0.56
1109	-1.12
1143	-0.11
809	-0.59
857	-0.47
2540	1.04
1406	-0.18
2976	0.19
3024	0.67
3072	1.42
2372	0.22
2266	-0.23
740	0.20
1083	1.19
3073	-0.31
3121	-0.37
2290	-0.65
1956	0.41
1932	1.08
1980	0.02
2028	0.21
2420	0.94
2076	0.13
1454	0.83
3169	-0.56
3217	-0.67
3265	-1.57
775	-1.45
823	-1.25
2312	-0.02
871	0.37
919	0.06
1816	0.04
1864	-0.50
2360	-0.46
1638	-0.18
3313	-0.47
1376	-0.44
3361	0.00
3409	-0.04
3075	-0.01
1424	0.07
3123	-0.02
2124	0.64
3171	0.42
967	-0.06
1015	-0.35
793	0.01
905	0.01
2468	0.40
2516	-0.24
406	-0.22
3219	-1.01
2995	-0.47
1686	-0.42
3267	-0.55
3315	-0.37
1912	-0.42
1578	-0.51
2564	0.12
3363	0.17
2612	0.05
3411	-0.75
2660	-0.17
1063	-0.32
2326	-0.54
3077	-0.65
3125	0.40
3058	0.16
3173	0.82
3221	-0.02
1472	0.24
1520	0.11
3269	3.06
3317	1.46
3365	0.08
3413	0.52
3079	0.25
2172	0.26
2220	-0.43
2465	0.06
3127	0.68
1111	-0.32
777	-0.36
2004	-1.63
2052	-0.39
3175	-0.15
3223	0.22
3271	-0.15
3319	0.10
3367	-0.03
3415	-0.09
702	0.15
3081	-0.07
454	0.10
3129	-0.26
750	-0.30
416	0.17
3177	0.42
464	-0.04
2374	-0.06
825	-0.33
2422	0.00
1502	0.26
512	0.28
560	0.35
3225	-0.46
3273	-0.03
2470	-0.07
673	0.06
2148	-1.01
608	0.22
656	0.16
3321	-0.32
3369	-0.05
550	-0.12
3417	-0.22
3083	-0.68
704	0.19
3131	0.20
3179	0.30
3227	-0.19
3275	0.00
2518	-0.24
3323	-0.81
1734	0.12
3371	-0.02
598	0.01
3419	-0.26
3085	-0.06
3133	-0.06
646	-0.11
2268	-0.02
1131	0.14
3229	-0.21
752	-0.26
694	-0.15
3277	-0.09
3325	-0.52
3373	-0.11
1186	-0.28
742	-0.06
3421	-0.34
3087	-0.19
1168	0.29
3135	0.14
3183	0.48
1234	0.14
1282	0.26
1330	0.01
953	-0.09
3231	-0.37
408	1.70
3279	-0.06
456	0.04
3327	-0.08
3375	0.00
3423	0.05
3043	0.10
3137	-0.16
3185	-0.04
1782	-0.09
3233	-0.41
504	0.05
2566	0.05
2614	-0.33
3329	-0.17
3377	0.08
1001	0.30
2513	-0.29
2662	-0.04
2328	0.67
1049	-0.27
435	0.03
1097	0.08
483	-0.14
531	-0.09
552	-0.13
3425	-0.22
579	0.05
627	0.17
2805	0.02
723	0.15
1216	-0.03
1674	-0.42
2376	0.85
1830	1.55
797	1.33
3091	0.01
3139	0.00
3187	-0.22
1941	-0.55
3235	-0.04
873	-0.13
3283	0.25
1264	0.08
2424	0.19
1312	0.18
3331	0.04
2588	1.60
3379	0.10
3427	-0.11
418	-0.27
3093	-0.07
2853	-0.09
3141	0.19
3189	-0.63
1378	-0.10
3237	-0.13
3285	-0.05
3333	0.06
921	0.24
3381	-0.35
2472	-0.22
2520	0.54
3429	0.29
2196	-0.18
3095	0.28
2244	0.34
3143	1.10
2292	0.51
3191	0.20
3239	-0.08
3287	0.37
3335	-0.28
3383	0.58
389	-0.15
1989	0.41
2037	0.74
490	0.79
538	0.43
1145	0.39
3431	0.29
969	0.17
1934	0.33
1982	0.40
3074	0.15
811	-0.47
859	-0.19
3122	-0.66
907	-0.29
3170	-0.23
3218	0.82
2636	1.03
2684	0.53
2085	0.44
600	0.47
3266	-0.22
2568	-0.35
2901	-1.67
2350	-0.80
2133	-0.84
3314	-0.77
3362	-0.82
3410	-1.01
3076	0.39
1426	-0.54
1878	-0.54
1544	-0.57
1592	-0.56
1640	-0.79
1688	-0.54
1474	0.55
2949	0.18
1017	1.11
1522	0.53
2030	0.63
2078	0.72
586	0.94
1722	-1.15
2126	0.56
3124	0.15
3172	0.12
3220	0.11
3268	0.08
3316	-0.22
648	0.97
955	0.82
1003	0.46
2616	-0.75
2664	-0.34
2408	0.66
1065	0.12
3364	-0.10
3412	0.33
3078	-0.08
3126	-0.15
3174	-0.43
2174	-0.25
3222	-0.22
1188	0.11
1113	-0.50
1236	-0.10
845	0.71
3270	0.04
1770	-0.21
466	0.06
2561	-0.24
1818	0.01
3318	-0.14
1866	0.32
1284	1.33
2609	-1.15
2398	0.55
2456	0.05
2657	-0.73
1051	1.19
1332	0.08
2329	0.13
3366	-0.06
2377	-0.39
3414	-0.59
1099	-0.26
2997	0.51
1360	0.46
1380	0.32
3080	0.69
841	0.52
1408	-0.01
1456	0.18
1736	0.55
3045	0.21
2504	0.31
1147	0.21
2711	0.50
3128	0.12
3176	0.18
3224	0.08
3272	0.48
3368	0.10
893	0.26
696	0.12
3416	-0.02
744	-0.30
2425	0.11
2473	-0.26
2759	0.16
3082	0.09
1504	0.07
2521	0.02
1170	-0.16
3130	0.09
3178	0.22
2807	-0.10
2569	-0.06
2855	0.11
3226	0.00
2903	0.11
2617	0.16
2323	1.07
2371	1.21
3274	0.12
2222	-0.11
2270	1.06
3322	0.17
3370	0.49
2446	0.62
1428	0.40
1847	0.42
779	-0.05
1476	0.04
1524	0.14
827	-0.21
514	-0.78
562	-0.25
409	-0.20
3418	0.01
610	-0.37
3084	0.30
3132	0.25
3180	0.26
3228	0.13
1936	-0.09
3276	0.25
3324	0.24
3372	-0.04
3420	0.34
3086	0.10
706	-3.02
3134	-0.30
3182	0.15
3230	-0.81
3278	-2.51
875	0.12
3326	0.11
754	-0.09
3374	0.27
3422	-0.05
3088	0.30
2665	0.11
923	-2.82
971	0.58
3136	0.32
420	0.52
468	0.30
457	-0.47
505	-0.36
1218	0.02
3184	0.35
1266	0.39
1314	-0.18
813	-0.08
1362	-0.15
1190	-0.43
3232	0.16
3280	0.74
3328	0.72
516	0.08
2494	-1.05
861	-3.21
909	-1.65
2542	-1.51
957	-0.08
1005	-0.65
1053	-0.51
1410	-0.79
1149	-0.90
2590	-2.50
2638	-2.58
2686	-2.30
2352	-1.70
3376	-1.56
3424	-0.86
2331	0.17
2379	-0.42
3090	0.26
3138	0.03
553	-0.34
1784	-0.35
1238	-0.44
1286	-0.04
3186	0.79
2427	-0.18
3234	-0.07
2475	-0.03
1914	-0.12
1019	-0.19
3282	0.06
3330	-0.05
2951	0.08
2999	-0.21
1832	0.37
3047	0.50
601	-0.09
649	0.06
3378	-0.13
3426	0.59
2724	-0.52
3092	-0.22
3140	0.01
2690	-0.20
3188	-0.57
2400	-0.23
3236	0.12
2448	0.76
3284	0.94
1067	0.18
889	-0.92
1115	-0.27
781	0.13
3332	0.63
3380	0.47
2496	0.40
3428	0.12
1580	0.17
829	0.39
1984	0.95
941	0.61
3142	0.10
2738	-0.09
3190	0.13
2032	-0.15
3238	-0.25
2080	-0.71
815	1.15
863	0.99
911	0.83
1458	1.41
564	-0.21
2786	0.09
3286	0.60
1506	0.79
3334	1.38
3382	1.10
3096	0.19
3144	0.25
3192	0.41
1958	-0.58
2523	0.51
2571	0.30
2619	0.48
2667	0.91
1007	0.35
2128	0.29
3240	0.04
3288	0.63
634	1.27
1880	1.55
3336	1.09
3384	0.74
1676	0.23
485	0.61
2333	0.28
3432	-0.10
3097	0.62
1055	0.19
2381	-0.31
682	0.29
730	0.11
1103	0.26
1151	-0.21
794	-0.17
3145	1.03
3193	-0.03
4819	0.16
3241	-0.61
3289	0.45
3337	-0.01
697	0.36
1724	0.09
3385	0.41
1772	0.31
842	-0.33
3433	-1.16
2429	-0.61
2477	-0.99
533	-0.65
1820	0.01
1172	0.06
3099	0.20
1895	-0.06
2525	-0.33
1334	-0.03
1546	-0.42
1594	-0.09
1642	-0.01
1690	0.02
1738	-0.14
3147	0.39
1786	0.25
1834	-0.01
1882	-0.08
1548	-0.10
1596	-0.24
2176	-0.05
1644	0.63
1692	0.85
3195	0.25
3243	-0.25
612	0.25
660	0.20
708	-0.31
756	-0.47
877	-1.23
3291	-1.28
2544	-1.72
890	-0.67
1220	-0.21
3339	0.78
2006	-2.39
1740	-1.67
2573	-1.32
629	-0.14
677	0.13
725	0.55
1868	-0.83
938	0.08
3387	0.48
986	-0.48
1034	-0.24
1082	-0.39
2621	-0.60
2669	-0.22
745	-0.26
1268	-0.07
3101	0.23
2335	-1.02
3149	0.10
2592	0.64
2640	-0.44
2688	-0.11
2689	-0.82
2737	-0.83
2181	2.78
989	0.05
2785	-0.72
2833	-0.19
2881	-0.30
2929	0.36
2977	-0.10
937	-0.39
3197	0.05
3245	0.29
2383	0.00
3293	0.14
3341	-0.21
3389	0.05
3437	-0.47
1316	-0.04
925	-0.12
3103	-0.14
2229	-1.07
3151	0.40
1916	0.90
2834	0.30
2882	-1.54
3199	0.30
3247	-0.22
2930	-1.52
411	-2.53
3295	-0.08
3343	-0.74
3391	0.19
1130	1.40
796	1.10
844	1.03
1382	0.10
3439	-0.30
973	0.93
2978	0.21
3105	-0.36
3153	-0.31
3201	0.31
3249	0.91
1364	0.76
3297	-0.11
3345	-0.52
3026	-0.01
2692	0.10
2431	-0.09
3025	0.89
2691	1.17
2054	-0.89
892	-0.47
940	-0.78
988	-0.25
1036	-0.27
3393	-0.05
3441	-0.32
3107	-0.10
459	0.45
2740	0.24
2788	-0.35
1021	-0.23
2419	0.20
3155	0.51
1412	-0.04
3203	-0.15
3251	0.07
3299	0.07
3347	-0.07
2836	0.78
3395	0.28
2739	0.05
3443	0.54
1430	0.49
2224	-0.01
507	0.19
1084	-0.06
1132	-0.04
798	0.41
846	-0.21
3109	0.25
2884	-0.19
894	-1.94
942	0.06
990	0.58
1038	0.36
1086	0.39
2932	0.75
3157	0.14
1478	0.02
2980	-0.39
1069	-0.31
3028	0.29
391	1.32
1788	-0.09
3205	0.04
1117	-0.74
1134	-0.19
3253	-0.01
2694	-0.27
1037	-0.24
1460	0.34
1526	0.00
3301	-0.49
2272	-0.05
1938	0.03
1986	0.17
800	0.78
848	0.99
2467	1.45
2479	-0.74
896	0.84
1582	0.49
2034	-0.98
1836	0.26
1884	0.11
1550	-0.13
3349	0.93
1508	0.05
1174	0.02
555	-0.16
3397	-0.06
1598	1.71
1646	-0.25
439	0.55
3445	0.02
3111	0.46
2102	-0.64
2150	-0.23
3159	-0.09
2515	-0.24
2082	0.06
944	-0.21
2742	0.07
3255	-0.24
3303	0.22
783	0.14
3351	-0.12
3399	-0.31
3447	-0.39
2130	-0.61
3113	-1.17
1240	-1.30
2790	-0.37
3161	-3.23
3209	-2.03
2198	-0.99
831	-3.64
2178	-0.09
2787	0.03
2226	-1.47
603	-0.10
1222	-0.15
3257	0.03
3305	0.08
3353	-0.11
1538	0.07
927	-0.07
975	0.04
1023	0.42
1071	0.42
1586	-0.20
2563	-0.78
3401	-0.82
3449	-0.98
3115	-0.54
1270	-1.20
2772	-0.33
2820	-0.38
3163	-0.28
2274	0.42
2552	-0.56
2838	0.61
2886	-0.60
1119	0.14
1288	4.33
3211	0.22
3259	0.54
3307	0.68
1678	0.10
3355	-0.29
3403	0.04
3451	0.38
3117	0.98
3165	-0.21
3213	0.18
2527	1.14
1318	0.77
1694	0.07
1742	-0.21
1790	0.14
1838	0.11
1886	-0.04
1552	0.23
1600	0.33
1648	0.17
2575	0.04
3261	0.34
2934	0.00
785	0.03
3309	0.05
3357	-0.33
651	-0.33
3405	0.64
422	0.05
2868	-0.25
1336	-0.65
3453	-0.37
3119	0.23
1696	0.14
1744	0.33
1792	0.19
1840	-0.02
1888	0.12
1554	0.29
3167	-0.49
1384	0.05
3215	-0.83
2623	0.29
3263	0.65
2246	0.59
3311	1.84
2982	0.08
3359	0.11
3407	0.20
2671	-0.11
3455	0.15
3030	-0.27
3098	-0.07
3146	0.27
2294	-0.40
992	-0.96
3194	-0.94
1602	-0.83
3242	-1.38
2337	0.66
3338	-0.04
3386	-0.03
3434	-0.04
3100	0.15
3148	0.02
470	-0.31
3196	0.13
3244	0.40
3292	0.12
2696	-0.42
3388	0.15
3436	0.16
3102	0.45
833	-0.28
881	-0.19
929	-0.24
977	-0.69
1025	-0.02
1073	-0.19
3150	0.14
3198	-0.05
3246	-0.05
3294	0.28
3342	-0.09
1432	0.73
1480	0.58
3390	0.19
1040	0.36
3438	-0.16
3104	0.43
1528	0.12
3152	-0.90
3200	-0.23
3248	-0.13
3296	0.33
2744	-0.87
3344	1.33
2916	2.15
2611	-1.38
3392	0.47
2835	0.70
3440	0.27
1988	-0.41
3106	-0.44
1194	-0.33
1242	0.31
1290	0.08
1338	-0.09
1386	0.24
1434	-0.01
1482	0.10
1530	-0.28
1196	0.22
1244	0.02
1292	0.10
1340	0.07
1388	0.28
1436	0.11
1484	0.27
1532	0.16
1726	-1.21
3154	-0.33
3202	-0.48
3250	-0.05
3298	0.11
2036	0.36
2600	0.02
2648	0.30
2314	0.07
2362	0.10
2410	0.36
2458	0.96
2792	-0.11
2659	-0.19
1774	-0.14
3346	-0.04
1088	0.12
1136	-1.12
3394	-0.54
3442	-0.24
3108	-0.14
487	-0.48
3156	-0.55
3204	-0.52
1650	-0.35
3252	0.75
3300	1.82
3348	0.86
3396	0.14
1822	-0.79
3444	-0.01
3110	-0.10
3158	-0.43
2840	-0.28
699	-0.73
3206	-0.67
3254	-0.40
3302	-0.07
802	-0.56
850	-0.44
898	-0.28
946	-0.76
2084	-0.50
3350	-0.07
396	-0.42
444	-0.17
2325	0.99
3398	0.96
3446	1.09
2888	0.90
3112	0.93
1698	0.46
3160	0.41
3208	0.14
518	0.87
566	-0.28
3256	0.14
3304	-0.07
3352	-0.19
614	0.02
3448	0.15
3114	-0.08
3162	0.36
3210	-0.24
3258	-0.10
3306	0.17
3354	-0.01
3402	-0.16
3450	0.08
3116	0.02
3164	0.15
662	0.12
710	-0.17
2277	-0.34
3260	-0.04
747	-0.72
3308	-0.61
3356	-0.23
3404	0.30
3452	0.11
3118	0.00
2936	0.07
3166	0.27
3214	0.36
3262	0.18
3310	0.42
3358	0.10
1198	-1.25
1246	-1.92
1294	-2.01
3406	-0.28
3454	0.37
3120	-0.14
2984	-0.40
3168	-0.30
3216	0.00
1870	1.30
1918	1.03
1121	-0.13
994	-0.92
2506	-0.12
3264	-0.41
1960	-0.14
2008	-0.22
3312	-0.01
3360	-0.19
3408	-0.85
3456	-0.12
3457	0.83
3505	0.44
1342	-0.21
3032	-0.41
2698	-0.62
413	-0.62
985	0.08
3553	1.36
2132	0.49
3601	0.16
3649	0.69
2373	1.82
3697	1.18
2931	0.03
2979	0.58
2180	1.12
3027	0.82
3745	0.21
3793	0.66
787	1.09
1042	-0.30
1090	-0.78
1138	-0.59
3459	0.42
1085	-0.27
1746	0.33
1794	0.04
804	0.19
1842	0.13
1890	0.02
1556	0.03
1604	0.13
3507	0.22
2421	-0.22
3555	-0.53
3603	-0.32
1632	0.28
535	0.50
1680	-0.98
2469	-0.42
3651	0.08
3699	0.17
1652	-0.17
1366	-0.03
852	1.19
900	1.75
948	1.13
996	1.23
1044	1.29
3747	-0.51
2554	-0.18
1092	-0.06
3795	-0.90
1140	-0.86
3461	-0.46
3509	0.39
3557	0.18
835	-0.18
3605	0.10
1133	0.82
3653	0.88
2056	-1.64
2104	-1.82
2152	-1.53
2200	-1.29
2248	-1.15
2296	-0.74
2794	0.53
3701	0.63
3749	0.06
3797	-0.24
2693	-0.32
2842	-0.38
2228	0.71
3463	0.58
1728	-0.92
1962	-0.67
1700	1.03
2741	0.95
2602	-0.04
3511	0.07
3559	-0.08
2517	-0.96
3607	-0.54
1390	1.47
461	-0.87
3655	-0.96
1776	-1.68
2890	-1.20
2650	1.17
3703	0.20
806	0.22
854	-0.09
902	0.04
950	0.13
998	0.46
3751	0.05
1414	0.08
2938	-0.62
2986	-0.11
3799	-0.15
1748	0.21
3034	-0.19
2385	-0.18
758	0.11
424	0.54
472	0.10
520	0.47
568	0.44
616	0.52
2700	0.03
3465	-0.23
1462	0.12
1510	-0.17
2748	0.00
509	-0.30
2796	0.04
3513	-0.03
3561	-0.14
1176	0.15
3609	-0.14
492	0.04
2844	0.64
3657	0.63
1046	-0.27
1438	-0.12
2892	-0.24
2940	-0.34
3705	-0.39
557	-0.61
1094	-0.27
3753	1.38
664	-0.38
3801	0.06
3467	0.49
540	1.16
1824	0.06
1224	0.41
3515	0.14
2988	-0.04
605	-0.81
3563	0.03
3611	0.52
3659	0.12
1943	-0.41
3707	0.13
712	0.02
3755	0.26
3803	0.41
1872	-0.61
1920	-0.01
1991	0.13
760	0.12
3469	0.10
426	-0.70
3517	0.35
3565	-0.47
3613	-0.87
3661	-0.03
3709	-0.13
3757	-0.23
1921	0.05
3805	-0.35
474	-0.43
1142	0.31
3471	0.52
3519	0.53
3567	0.85
3615	0.29
799	0.17
3663	-0.55
522	-0.15
3711	0.36
570	-0.20
3759	0.29
618	0.67
3807	0.11
847	-0.17
883	1.23
3036	1.80
1486	1.20
1796	1.26
3473	0.34
3521	0.26
3569	0.31
653	-0.92
2702	0.05
2010	-0.06
3617	0.14
3665	-0.49
3713	-0.56
3761	0.06
3809	-0.28
1844	0.30
2750	-0.17
2798	0.13
2316	-0.11
3475	0.09
2364	-0.12
3523	0.14
3571	0.52
3619	0.38
3667	-0.05
3715	-0.14
3763	0.07
666	-0.32
3811	-0.40
2846	-0.13
3477	0.33
2894	0.13
2412	0.54
3525	-0.04
2942	-0.08
2039	0.99
3573	-0.26
1892	-2.41
1558	0.41
1606	0.53
1654	-1.24
3621	-0.16
3669	0.14
1534	-0.15
701	0.01
3717	-0.39
931	-0.03
3765	0.05
3813	0.18
2276	0.13
3479	-0.04
1200	0.09
1248	-0.10
3527	-0.42
3575	-0.21
979	0.15
3623	0.48
2990	0.12
3671	0.06
3719	0.32
3767	0.47
749	-0.33
1272	-0.34
1320	0.05
1368	0.10
1416	0.40
3038	0.21
3815	-0.39
3458	-0.61
3506	-0.26
1296	-0.60
2704	0.34
3554	0.48
1464	-0.48
1512	-0.30
808	0.08
2752	0.30
3602	-0.62
3698	-0.06
3746	0.11
3794	0.13
1177	0.10
3460	-0.33
3508	-0.13
2800	0.14
3556	0.37
1702	0.00
1750	-0.25
1798	0.07
1846	0.35
1894	-0.27
3604	0.25
1027	-0.02
1033	0.07
3652	-0.06
1560	0.31
1608	0.33
1656	0.08
3700	-0.36
2848	0.58
2433	-1.21
1942	1.21
3748	0.01
1344	1.24
856	0.23
904	0.05
952	0.09
1000	-0.01
1225	-0.68
3796	-0.15
3462	-0.18
3510	-0.27
3558	-0.43
2964	0.37
2481	0.46
3606	-0.43
3654	-0.80
1273	-0.60
415	0.31
2896	0.30
3702	0.06
3750	-0.40
2944	1.13
1075	0.91
3798	0.46
3464	-0.20
895	0.77
3512	0.10
1123	-0.27
789	0.13
3560	-0.08
3608	-0.43
3656	-0.06
463	0.00
1321	-0.13
1369	0.42
1417	-0.41
3704	-0.27
3752	-0.02
3800	0.05
3466	0.06
3514	-0.09
583	0.02
3562	0.25
3610	-0.18
2992	0.22
3040	-0.09
511	-0.17
3658	-0.13
1392	0.69
3706	0.08
1440	-0.01
1488	-0.24
1536	0.22
3754	-0.45
3802	-0.06
3468	0.42
3516	-0.19
3564	-0.03
1990	-0.59
2706	-0.56
3612	-0.09
3660	0.59
2754	0.02
1465	-0.09
3708	0.20
3756	0.75
3804	0.20
3470	-0.20
714	-0.08
3518	-0.10
3566	-0.50
3614	-0.03
3662	0.09
3710	-0.04
3758	0.35
3806	0.12
3472	-0.06
1537	0.17
3012	-0.27
3520	0.35
3568	0.31
3616	0.15
1585	0.28
3664	1.00
588	1.04
3712	-0.07
3760	0.24
3808	0.33
3474	0.15
1633	0.23
1681	-0.41
3522	0.04
3570	-0.02
3618	-0.09
1729	-0.02
3666	0.01
3714	-0.16
3762	-0.30
762	-0.31
636	0.03
684	-0.35
3810	0.58
3476	-0.42
2529	-0.31
3524	0.20
3572	1.12
3620	0.38
1800	0.20
3668	0.29
1513	0.20
3716	0.20
631	-0.67
559	-0.29
3764	-0.18
3060	-0.03
3812	0.02
3478	-0.02
3526	-0.12
3574	-0.43
2577	-1.50
2625	-1.11
3622	-0.68
2058	0.09
3670	-0.14
3718	0.03
607	-0.33
732	-0.16
1969	0.16
1848	0.21
1896	-0.12
679	-0.41
3766	0.20
1081	-0.06
1048	0.14
727	-0.09
655	0.24
2673	0.55
393	0.02
1096	-0.02
441	0.19
2565	1.39
3814	0.40
3480	0.40
3528	0.32
3576	1.31
3624	0.94
3672	0.72
3720	0.71
3768	0.98
3816	0.61
2087	0.43
1144	0.39
2789	-0.33
3481	-0.32
2038	-0.20
2837	-0.62
3529	-0.41
3577	-0.71
3625	-0.71
3673	-0.26
3721	0.38
3769	0.26
3817	-0.11
1777	0.68
3483	-0.54
3531	0.07
3579	-0.11
3627	-0.28
2017	-0.05
2065	-0.52
3675	0.55
3723	-0.93
1825	0.23
3771	-0.11
2613	-0.46
703	0.34
1179	0.25
2508	0.41
3819	0.46
3485	-0.52
3533	0.08
3581	-0.64
3629	-0.34
3677	-0.18
3725	-0.47
3773	0.06
3821	-0.22
3487	-0.05
3535	-0.07
837	0.14
3583	0.93
3631	-0.93
2802	-1.90
3679	-1.67
3727	-1.22
3775	-1.50
3823	-0.69
3489	0.56
3537	-1.61
3585	-1.44
3633	-0.40
3681	0.78
1227	-0.03
1275	-0.13
2850	0.09
2106	-0.66
3729	-0.03
2898	1.07
3777	-0.35
1657	-0.21
1705	-0.19
3825	-0.19
3491	0.34
2339	-0.03
2387	1.45
3539	-0.39
2154	-1.04
3587	-0.56
3635	-0.33
3683	0.17
1129	-0.74
810	-0.44
858	-0.34
906	-0.13
2113	0.27
2086	-0.31
2134	-0.51
2182	0.26
2230	-0.02
2278	-0.22
1944	0.45
1992	0.10
3731	0.28
3779	-0.05
3827	0.07
1753	0.41
3493	0.48
3541	0.19
3589	0.13
3637	0.19
3685	0.72
1323	-0.29
3733	-0.04
3781	0.35
1873	0.83
3829	-0.12
489	0.37
537	-0.03
954	0.12
1002	0.24
1050	0.00
398	0.10
2933	-0.35
3495	1.59
3543	0.22
3591	1.14
3639	-0.01
3687	0.00
2946	0.12
3735	-0.08
2202	-0.29
2135	0.47
3783	0.06
3831	0.04
3497	0.06
3545	-0.46
3593	-0.36
3641	-0.26
1371	0.05
2435	-0.03
1801	0.02
2483	-0.05
3689	0.31
2250	-2.44
3737	-0.88
2161	-0.68
2040	-0.14
3785	-0.48
2088	-0.36
2298	-0.05
3833	-0.25
3499	0.20
751	0.49
3547	0.02
585	0.11
1849	0.10
2994	-0.19
3595	-0.16
3042	-0.25
3691	0.88
1897	0.13
3739	-0.43
2708	-0.01
3787	0.15
3835	-0.33
3501	-0.41
3549	0.28
3597	0.60
3645	-0.12
3693	0.43
3741	-0.54
3789	-0.51
3837	-0.56
3503	0.00
3551	0.29
3599	-0.71
3647	1.03
3695	-0.55
3743	0.27
3791	0.55
417	-0.75
1964	-0.49
1419	0.13
3839	0.19
2756	-0.05
2209	0.17
2556	0.36
3482	0.24
3530	0.27
2257	0.48
3578	-0.97
3626	0.79
3674	0.26
2981	-0.59
3722	-0.30
2012	0.83
3770	0.05
3818	-0.07
1098	-0.87
1146	-0.69
812	-0.31
3484	-0.12
3532	0.06
3580	-0.36
2726	-0.78
3628	-1.12
3676	0.48
3724	0.15
465	0.20
1539	0.24
1587	-0.21
2136	-0.31
3772	-0.19
3820	-1.12
3486	0.19
3534	-0.05
943	0.30
3582	-0.36
3630	-0.18
3678	-0.02
3726	-0.97
1635	-1.30
3774	-1.04
1923	-1.25
3822	-0.32
3488	-0.42
2184	-0.12
3536	0.65
3584	2.62
3632	4.02
2661	0.11
2531	0.51
2579	0.24
1563	-0.79
3680	-0.47
1611	-0.26
1683	-0.58
3728	-1.57
3776	-1.22
3824	-0.03
3490	0.00
1971	1.46
2019	1.73
3538	0.14
2067	1.55
3586	1.32
2627	1.34
2232	1.25
3634	0.19
3682	0.35
3730	0.36
3778	0.63
3826	0.88
2675	0.11
1659	-0.49
1731	-0.20
3492	0.35
2280	0.95
3540	0.36
3588	0.21
885	-0.41
1779	-0.01
1827	-0.41
1875	0.07
1541	0.14
1589	-0.25
1637	-0.19
1685	-0.13
1733	-0.17
1781	-0.23
1829	-0.19
1877	-0.31
933	-0.27
981	-0.92
428	0.39
476	0.40
3636	0.07
1543	1.28
1591	0.88
860	0.16
3684	0.08
908	0.11
956	0.02
3732	0.18
3780	0.12
3828	0.00
1004	-0.06
3494	-0.33
1052	0.12
3542	-0.14
2604	0.17
2183	0.08
513	-0.30
3590	-0.28
1639	-0.20
3638	-0.15
2804	0.01
1687	-0.90
3734	-0.24
1029	-0.21
1077	-0.45
1125	-0.15
791	0.25
839	0.06
633	0.59
3782	0.74
3830	-0.05
3496	0.20
3544	0.07
3592	-0.57
3640	0.33
3688	-0.08
3736	0.01
3784	0.31
887	0.01
935	0.13
983	-0.06
1031	0.05
1735	0.25
1783	0.09
1831	0.01
1079	-0.07
1127	-0.39
770	0.06
818	0.45
866	0.41
914	-0.17
962	0.26
1010	0.18
3832	0.10
3498	1.04
3546	0.90
3594	0.08
3642	0.19
3690	-0.09
3738	-0.08
2231	0.25
2115	0.12
3786	-0.24
3834	0.23
3500	0.04
3548	0.16
3596	-0.02
3644	0.89
3692	-0.02
3740	-0.05
3788	0.01
2852	0.57
3836	0.31
3502	-0.30
3550	-0.24
3598	-0.99
3646	-0.09
3694	-0.11
3742	-0.11
1879	-0.35
2327	-0.40
3790	1.40
3838	-0.28
561	-1.17
609	-0.74
3504	0.59
3029	-0.68
2695	-0.23
2743	0.00
3552	-0.23
3600	-0.05
3648	-0.12
3696	0.21
3744	0.32
991	0.15
3792	-0.13
3840	0.00
2163	0.13
3841	-0.12
1039	-0.10
3889	0.03
3937	-0.18
1087	-0.43
3985	0.29
2774	0.57
1058	-0.29
2279	-0.25
4033	-0.76
4081	-0.21
1467	0.90
657	-0.37
2900	-0.19
4129	0.35
2060	0.59
2108	-1.14
2156	-1.02
2204	-1.55
2252	-1.40
2300	-1.34
1966	-1.56
2014	-1.69
2062	-1.87
4177	-0.06
3843	0.00
1707	0.48
524	-0.13
2948	-0.28
3891	-0.49
2996	0.24
3939	-0.20
1106	0.72
3987	0.11
2341	0.07
2389	-0.09
2437	-0.10
2485	-0.10
2533	0.58
4035	-0.26
3044	-0.26
681	-0.46
4083	0.41
2710	-0.29
2581	-0.58
2629	-0.59
4131	-0.11
4179	0.09
3845	-1.07
2758	-0.80
2806	-0.29
2854	-0.22
705	-0.01
3893	0.09
2110	-0.04
820	-0.02
3941	-1.18
753	-0.59
868	-0.14
3989	0.41
2902	0.11
2375	0.51
2677	0.70
419	0.16
2211	-0.09
1634	1.29
2950	0.01
4037	0.16
4085	-0.19
4133	0.10
1515	0.13
4181	-0.21
3847	0.27
1181	-0.03
1922	-0.34
1970	-0.32
3895	1.05
3943	0.15
572	1.07
3991	0.28
4039	1.10
4087	0.03
4135	0.64
729	0.08
4859	0.54
620	-0.17
395	-1.81
443	-2.75
1100	-1.22
1148	-1.62
814	-2.66
491	-2.07
539	-2.31
4183	1.24
1229	-0.41
3849	-0.10
2998	-0.25
3897	0.06
3945	-0.06
3993	0.30
3046	-0.19
4041	-0.05
4089	-0.01
4137	-0.64
916	0.08
4185	0.06
1682	-0.14
964	-0.17
3851	0.51
2343	1.10
1945	0.68
862	0.37
910	0.14
958	0.17
3899	-0.12
3947	0.02
3995	-0.09
4043	0.11
4091	-0.08
4139	0.55
4187	0.87
3853	-1.32
3901	-0.82
3949	-0.57
1277	0.03
1325	-0.14
3997	0.37
1373	0.52
587	-0.11
1755	-0.15
1012	-0.25
4045	0.27
4093	-0.21
2712	0.55
1421	-0.32
467	0.02
4189	0.41
1469	0.05
2423	0.46
1545	-0.34
3855	0.12
2760	0.12
2808	-0.03
1006	-0.42
1054	-0.42
1102	-0.99
635	-0.23
3903	-0.41
2791	-1.01
2391	-0.12
1150	-2.65
816	1.26
515	1.04
3951	1.16
2018	1.61
683	1.59
1517	0.22
3999	0.11
563	-0.03
1183	0.19
4047	0.17
2856	0.25
731	0.34
1803	-0.35
864	-0.31
1231	0.07
4095	-0.46
397	-1.04
4191	-0.41
1135	-1.88
3857	-1.07
3905	0.30
3953	-0.13
912	0.17
960	-0.08
4001	0.28
1593	0.49
4049	0.86
2259	0.37
1993	0.09
4145	0.82
2439	1.07
2041	0.15
4193	0.47
668	-0.14
1851	-0.03
1899	-0.20
1565	-0.05
1613	-0.27
1661	0.25
1709	0.48
1757	0.40
1805	-0.20
1853	0.10
1901	-0.32
1567	-0.04
1615	0.01
1663	0.47
1711	0.16
3859	0.15
1759	0.07
2089	0.20
3907	-1.34
1279	-0.51
1925	0.12
1973	-0.07
3955	-0.18
1060	-0.17
611	-0.27
1108	-0.01
774	-0.82
659	-0.01
2652	-0.17
2904	0.34
2952	-0.03
3000	0.37
4051	0.11
4147	0.10
4195	-0.12
3861	0.36
3909	0.01
2021	1.85
2839	1.03
3957	0.08
2471	1.07
2519	0.51
4005	0.57
1641	0.11
4053	0.30
2487	-0.28
1008	-0.03
1807	0.13
1855	0.21
1903	0.09
4149	-0.02
1327	-0.17
3048	0.02
707	0.05
3863	-0.13
3911	-0.13
2822	0.32
822	0.46
2713	0.28
2761	-0.06
3959	0.31
4007	0.13
1375	-0.33
1689	-0.73
2887	0.14
2935	0.33
2983	0.28
2809	0.39
3031	0.48
2697	0.67
4055	0.38
4103	-0.29
2857	-0.37
4199	0.01
2069	0.61
3842	0.37
3890	0.13
3938	0.50
3986	0.03
1569	-0.31
1665	-0.07
1713	-0.03
1761	0.13
1809	-0.64
1857	0.08
1905	-0.76
1571	-0.01
1619	-0.33
4034	-0.22
1667	-0.09
1715	0.07
1763	0.72
2905	-0.64
801	-0.38
716	-0.07
2953	-0.28
4082	-0.18
4130	0.53
1811	-0.35
445	0.08
3001	-0.07
755	0.75
4178	1.31
3844	-0.30
2535	-0.11
2745	-0.56
3049	-0.67
3892	0.04
1056	-0.32
1104	-0.53
2583	-0.64
1152	-0.65
1153	-1.21
2793	0.14
2567	1.23
764	1.25
2841	0.03
2318	0.42
3988	1.18
2137	1.05
1737	1.01
2889	0.70
1785	0.69
2366	-0.82
2715	0.48
4036	0.61
421	0.18
849	0.09
870	0.21
2158	0.39
2763	0.72
4084	0.33
918	0.22
4180	0.17
966	0.24
1730	-0.19
3846	0.39
897	-0.17
3894	0.79
2414	-0.44
2631	-0.23
3942	1.13
1201	-0.29
3990	-0.35
795	0.34
1471	0.19
430	-0.35
4038	0.17
1062	0.12
4134	0.16
4182	0.08
2811	-0.01
3848	0.27
3896	-0.04
3944	0.81
3992	0.15
4088	0.08
4184	0.25
2206	-0.27
2254	-0.20
1833	0.38
1881	0.25
2066	-0.94
2114	-0.73
3850	0.20
1185	-0.06
2859	-0.05
3898	0.12
3946	-0.10
3994	0.24
4090	-0.36
2679	-0.76
469	-0.22
4138	-0.25
517	-0.15
2345	0.17
4186	-0.17
2185	-0.12
3852	-0.08
1249	0.22
493	-0.08
3900	0.31
3996	0.47
4044	0.22
1297	-0.10
478	0.05
4140	0.00
4188	0.31
2233	0.69
2393	-0.21
1345	0.15
2441	-0.44
2907	0.25
565	-0.34
2955	0.55
2117	0.72
613	-0.61
2489	0.73
2302	-0.58
1393	-0.76
1441	-1.16
1489	-0.22
3003	-0.91
3854	-0.41
3902	-0.25
1968	-1.86
1155	-1.48
1203	-0.80
1251	-0.21
1299	-0.52
3051	-0.18
661	-0.68
2717	-0.26
526	-0.23
3998	0.66
4046	-0.46
4094	0.02
4142	-0.23
1110	0.86
2937	0.41
4190	-0.14
945	-0.20
3856	0.25
541	-0.31
589	-0.65
574	-0.70
3904	-0.06
4000	0.16
4096	0.10
4192	-0.21
3858	-0.95
3906	-0.32
637	-0.19
685	-0.05
733	0.47
3954	0.17
4002	0.13
4050	0.18
4098	-0.05
4146	0.28
4194	-0.05
2537	-0.85
2585	0.34
1859	0.97
3860	0.28
3908	0.48
2016	0.52
1907	0.31
1547	0.23
3956	0.35
2064	-0.10
4004	0.12
4052	0.06
2615	0.55
2112	-0.01
2633	-0.73
1347	-0.61
1573	0.10
1621	0.27
2681	-0.04
4148	0.32
1717	0.07
1765	0.06
1813	-0.17
1861	0.15
2281	-0.16
2347	-0.02
4196	0.41
3862	-0.44
2765	-0.42
2165	0.32
1395	0.16
2663	1.12
2306	0.80
2354	0.85
2395	0.30
2443	0.18
3910	0.05
3958	-0.92
776	0.32
993	0.47
2402	-0.96
2450	-1.27
2162	-0.73
4006	-0.13
2813	-0.46
2861	-1.03
4054	-0.75
1947	-0.59
4102	-0.13
824	0.25
2909	1.01
2498	-1.06
872	0.61
4150	-0.34
2491	0.55
2870	0.23
4198	0.05
1909	0.25
1595	0.28
3864	0.67
3912	0.29
3960	0.15
2587	0.18
4008	0.13
2957	1.40
446	0.61
3005	-0.02
4056	-0.07
2635	0.10
709	-1.22
2683	-0.12
2349	-0.12
2397	-0.49
3053	-0.27
2719	-0.14
4104	-0.10
2767	0.22
1281	0.12
4200	-0.16
3865	0.42
495	-0.36
2160	0.89
1575	0.04
2208	-0.01
2445	-0.10
1041	-0.25
757	-0.24
2546	1.35
2815	0.08
2863	0.48
3913	0.11
3961	0.10
4009	0.46
2985	-0.42
2213	0.30
494	0.58
2261	0.48
1443	-0.08
1995	0.09
542	-0.52
590	-0.44
638	-1.03
686	-1.14
3033	-1.16
4057	-0.39
2210	0.21
423	-0.20
4105	-0.17
1623	-0.20
1927	-1.20
4153	-0.16
1671	0.61
4201	-0.53
3867	0.02
2510	-1.00
3915	-0.05
1491	-0.60
2043	2.43
3963	0.74
2911	0.44
4011	-0.01
2258	1.43
2256	0.06
2304	-0.82
2305	-0.49
2353	-0.46
4107	0.27
1089	-0.01
2091	0.20
2139	0.43
3869	0.53
2187	0.51
3917	0.66
3965	0.69
4013	2.92
622	0.94
1975	5.23
920	1.12
4109	-0.18
4157	0.60
4205	0.00
670	-0.63
2023	0.63
718	-0.03
3919	0.24
4015	0.29
1643	0.13
4111	0.34
4159	0.15
766	-0.13
4207	0.42
3873	0.47
3921	-0.25
3969	0.11
4017	-0.04
1691	-0.17
4065	0.72
4113	-0.22
4161	0.04
4209	-0.17
2071	0.14
3875	0.33
3923	0.10
2235	0.41
3971	0.54
4019	0.09
4067	0.00
4115	0.24
4163	0.16
4211	0.11
3925	0.23
2959	1.03
3973	0.00
4021	-1.01
2541	-0.36
1205	-0.82
471	0.12
4117	0.67
4165	1.27
4213	-0.32
3007	-0.05
2119	-0.01
3879	0.16
3927	-0.06
3975	0.39
4023	-0.19
4071	-1.19
2589	-2.10
2637	-1.76
1253	-2.80
1301	-2.10
1739	-2.47
4119	0.08
1377	-0.15
4167	-0.09
4215	-0.15
432	0.53
1787	-0.41
1835	-0.07
3881	-0.07
2699	-0.97
3929	-0.99
3977	-0.22
734	-0.35
2283	-1.71
519	2.34
2167	3.90
4025	0.43
968	0.83
1349	0.03
1445	-0.02
543	-0.12
591	0.34
639	0.20
567	0.13
2721	0.12
615	0.15
1719	0.03
735	0.01
1493	-0.34
401	0.10
4073	0.33
1767	0.46
1815	0.23
1863	0.06
1911	0.06
1577	0.45
1625	0.18
1673	0.24
1721	-0.14
1769	0.11
1817	0.09
1865	0.14
1913	-0.27
1579	0.23
4121	0.03
2215	0.14
663	0.18
711	0.18
2769	-0.20
4169	-0.10
2817	-0.06
4217	-0.30
2865	-0.23
1924	0.22
891	-0.38
1949	-0.14
2918	0.25
3883	-0.11
3931	0.33
3979	0.42
4027	-0.09
2685	-2.27
2351	-2.65
2399	-0.22
1997	-0.28
4075	0.15
4123	-0.24
4171	-0.04
4219	-0.32
3885	0.01
3933	-0.13
3981	0.23
4029	-0.16
2447	-0.83
2495	-0.99
2543	-0.71
2591	0.58
4077	0.14
4125	-0.12
759	0.03
1723	-0.38
1771	0.25
1425	-0.31
4173	0.28
4221	0.07
2913	0.56
1473	-0.16
2961	-0.24
3887	1.02
3935	0.13
1819	0.45
2639	0.56
3983	0.51
2966	0.06
3014	0.16
400	-0.43
2045	0.33
448	0.04
449	-0.07
497	-0.06
4079	-0.18
4127	0.19
4175	0.51
4223	0.55
3866	-0.50
1159	-0.05
2401	0.08
1972	0.32
593	-0.05
641	-0.12
1207	-0.03
689	0.01
737	-0.34
403	0.38
451	-0.48
3914	0.48
3962	0.11
2687	0.74
4010	0.09
4058	-0.09
4106	0.09
4154	0.51
1016	-0.63
1064	-0.57
2449	-1.95
2020	-0.55
2068	0.03
2093	-0.98
3062	-0.64
4202	-0.11
2728	0.12
2776	0.04
2594	0.78
2558	0.90
1255	0.50
2263	0.24
1521	0.57
3868	0.51
3916	0.16
1549	-0.20
2606	-0.44
499	-0.20
2497	0.11
2545	-0.14
1597	-0.29
1303	-0.04
2330	0.11
547	0.22
2654	-0.74
1187	-0.14
425	-0.26
4012	0.10
4060	0.20
4108	0.14
4156	0.38
473	-0.07
4204	0.20
3870	0.02
521	0.01
3918	0.26
3966	0.02
4014	-0.03
4062	0.17
480	0.01
528	0.01
4110	0.17
4158	0.08
1112	-0.09
4206	-0.28
3009	-0.11
3057	0.14
2723	-0.18
3872	-0.07
2771	0.03
2819	0.22
3920	-0.14
2867	-0.12
2915	0.13
3968	0.16
4016	0.44
2963	0.03
1137	-0.23
4064	0.57
3011	0.03
1235	-0.03
4112	-0.42
4160	0.10
3059	-0.13
1867	0.10
2725	0.22
1283	-0.14
2773	0.15
2141	0.65
2189	0.42
2164	-0.15
1929	-0.73
1915	0.50
4208	0.74
3874	1.00
3922	0.44
2821	-0.28
3970	-0.01
595	-0.07
643	-0.40
2378	-1.17
2426	-1.26
2474	-0.99
4018	0.33
2747	0.73
2237	0.37
4066	0.05
4114	-0.31
2869	0.03
2593	-1.73
1581	0.18
4162	0.17
1977	-0.59
2320	0.48
1331	0.37
2917	-0.18
2965	-0.28
569	-0.13
803	0.34
4210	-0.08
1379	0.60
1629	0.02
1677	-0.16
2522	-0.04
3876	0.46
617	0.50
3013	0.09
1351	0.14
1399	0.15
1725	-0.07
4020	0.89
2570	0.79
2618	1.09
4068	0.21
4116	0.88
2666	0.73
1447	0.61
4212	0.13
2212	0.29
3878	0.00
2795	-0.08
3974	-0.24
1427	0.12
4022	0.42
1475	0.37
4070	0.04
851	0.28
2843	0.21
899	-0.10
2641	0.15
4118	-0.39
4166	0.06
4214	-0.19
2025	-0.84
3880	-0.15
3928	-0.47
1495	0.17
2332	-0.14
1523	0.01
1161	-0.16
3976	-0.02
1209	-0.08
4024	0.21
3061	-0.16
4072	0.02
2727	0.30
1189	-0.17
2380	0.01
2775	0.04
739	-0.06
405	-0.27
4120	-0.32
576	-0.17
4168	0.62
4216	0.43
3882	0.22
3930	-0.18
1257	0.41
2428	0.10
3978	-0.16
1773	-0.21
1821	-0.70
1869	0.01
1917	-0.42
1583	-0.39
1631	0.21
1679	0.17
2823	-0.16
4074	0.00
2871	0.16
2919	0.90
4218	-0.36
1305	-0.54
1353	-0.57
2307	-0.69
3932	0.46
2967	0.33
3015	0.79
3980	0.71
4076	0.31
4172	0.50
1645	0.10
2368	0.54
2073	-0.15
2285	-0.53
4220	0.37
3886	0.33
3934	0.18
3982	0.87
665	-0.37
713	-0.07
2824	0.38
2121	0.43
453	0.43
3063	0.14
4174	0.06
1693	0.31
4222	0.11
3888	-0.36
2729	-0.16
3936	0.10
3984	0.19
2891	-0.60
4032	0.02
826	0.35
624	0.04
672	-0.12
874	-0.27
922	-0.07
970	0.75
947	0.04
2825	0.32
1951	-0.28
4176	-0.64
1999	0.36
1741	0.13
4224	0.44
4225	-0.27
761	-0.51
1727	0.13
1775	0.15
4273	0.05
2047	0.46
2095	0.90
2169	1.12
2260	2.62
4321	0.50
4369	-0.26
4417	-0.11
1789	-0.18
2873	0.28
2143	0.60
501	-0.12
549	-0.38
597	0.18
2921	-0.07
4465	-0.01
4513	0.15
2969	-0.26
4561	0.02
4227	0.24
4275	-0.05
4323	0.62
4371	-0.04
4419	0.08
4467	0.24
1237	-1.03
4515	0.12
645	-0.48
693	-1.04
1401	-0.37
741	0.44
4563	0.95
4229	0.69
4277	0.67
4325	1.40
4373	1.23
4469	0.20
3017	1.18
1823	0.37
1871	0.10
427	-0.88
4517	-0.26
4565	-0.69
4279	0.10
475	-0.11
4327	0.14
4375	0.24
4423	0.10
4471	0.38
1919	-0.06
1449	0.13
2355	0.29
2403	-0.02
2451	0.32
4519	0.54
4567	-0.11
4233	0.33
4281	-0.32
3065	-0.31
4329	0.11
407	0.03
2731	0.09
2191	0.28
4377	-0.08
2476	-0.41
2524	0.22
2572	0.06
2620	-0.03
2668	0.15
2334	0.13
2382	-0.08
2430	-0.10
2478	0.27
2526	0.17
1018	0.10
1778	-0.09
1066	-0.46
1114	-0.18
4425	-0.11
1562	-0.66
4473	-0.73
4521	-1.05
1837	-1.12
4569	-0.43
4235	0.08
4283	0.29
4331	-0.28
4379	0.13
4427	0.02
4475	-0.12
2239	-0.05
4523	-0.21
2779	-0.54
1497	-0.83
1926	-0.31
523	-0.43
1974	-1.31
2287	-0.46
1953	0.18
2001	-0.19
2049	-0.04
2022	0.65
4571	0.42
2499	-1.00
2827	0.06
1163	-0.46
2574	-0.84
2939	-0.17
1885	0.49
1551	0.52
4237	0.62
2097	1.47
2872	0.10
4285	0.24
2145	0.48
2193	0.07
2987	0.05
828	0.45
4333	0.41
4381	1.15
4429	1.35
4477	0.91
4525	1.09
1285	1.22
4573	0.79
2875	1.14
4239	1.20
4287	0.89
4335	0.80
1333	0.52
496	0.65
4383	0.79
1211	0.24
4431	0.34
1259	0.18
4479	-1.42
876	-0.43
4527	0.36
544	0.00
4575	-0.03
2622	-2.14
2670	-1.81
2336	0.10
1826	0.42
4241	-0.10
4289	0.29
4337	0.28
4385	-0.42
4433	-0.29
2923	0.08
2971	-0.23
924	-0.06
972	-0.42
571	-0.16
1381	-0.16
592	1.78
640	1.76
2241	0.13
2289	0.04
4481	-0.88
4529	-0.38
1955	0.32
2003	-0.01
1610	-0.30
2547	0.36
4577	0.89
4243	0.25
4291	-0.10
3019	0.20
4339	0.08
619	0.09
4387	-0.97
4435	-0.33
4483	0.08
1599	-0.08
4531	0.27
1020	0.45
1068	0.82
1116	0.94
4579	-0.03
3067	0.76
4245	0.19
2416	-0.09
2464	0.10
4293	0.31
1307	0.21
2051	0.27
2733	-0.38
2217	-0.65
2781	-0.47
4341	-0.10
1647	0.11
782	-0.08
1695	0.06
4389	0.78
1429	-0.40
1477	-0.48
1525	-0.26
1191	-0.14
2829	-1.13
4437	-0.88
2595	-0.72
4485	-1.02
2265	-0.96
4533	-1.18
4581	-1.24
4247	-0.42
2099	0.19
2147	0.36
4295	0.12
1355	-0.12
1743	0.22
667	-0.31
4343	-0.44
2195	-0.19
2070	-0.04
2243	-0.31
2291	-0.15
1957	-0.27
2005	-0.15
1239	-0.01
2053	-0.11
2101	-0.22
2149	-0.22
2245	0.20
2293	-0.17
1959	0.07
2007	0.09
2103	-0.23
2247	-0.31
2295	0.26
1961	-0.29
2009	-0.25
2057	-0.17
2105	-0.45
2153	-0.23
2201	-0.17
2249	-0.12
1931	0.60
4391	0.02
4439	0.39
4487	0.00
4535	0.03
1403	0.10
1451	0.05
1499	0.01
4583	-0.07
4226	-0.13
4274	-0.09
4322	-0.20
1165	-0.18
2297	-0.12
1213	-0.55
4370	-0.81
2877	-0.17
1963	-0.17
2011	0.04
2059	0.41
2107	0.61
4418	0.79
4466	0.41
4514	0.20
4562	0.63
2155	0.22
4228	0.34
1261	0.40
4276	0.56
4324	0.59
4372	0.59
4420	0.74
2384	0.28
4468	0.42
688	0.25
995	0.52
2643	-1.03
3035	0.30
1791	0.18
4516	0.78
2251	-0.16
1287	0.68
1658	0.24
1706	0.14
1754	0.01
2701	-0.59
4564	0.22
1335	0.08
1383	0.05
4230	0.04
4278	-0.14
2925	-0.38
715	-0.05
4326	-0.11
4374	-0.31
4422	0.12
2973	-0.09
3021	-0.29
4518	-0.07
4566	-0.51
2299	0.45
551	1.03
1802	1.03
1979	0.72
2432	0.51
2309	0.33
2357	0.61
1309	0.07
4232	0.49
4280	0.30
4328	0.19
4376	0.24
830	0.78
4424	0.35
3069	-0.04
2735	0.41
4472	0.37
4520	0.77
1431	0.32
2480	0.96
736	0.65
402	0.62
2118	-0.25
4568	-0.44
1357	-0.66
1405	-0.20
4234	-0.61
4282	-0.04
2749	-0.28
4330	0.01
4378	-0.06
1453	-0.66
599	-1.00
647	-1.31
695	-2.09
4426	-0.72
4522	-0.55
763	-0.08
1850	-0.40
1898	-0.02
1564	-0.26
4570	0.09
878	-0.22
926	-0.02
974	-0.78
1022	-0.15
1070	-0.36
2405	-0.20
4236	0.86
1501	0.20
1167	0.18
2528	0.27
2576	0.94
4284	0.12
429	-0.37
4332	-0.16
4380	0.02
4428	0.47
768	0.35
769	0.10
4476	0.30
2797	0.03
4524	0.51
2624	-0.07
1215	-0.01
1263	-0.24
1311	0.02
1359	-0.46
1407	-1.67
1455	-1.76
1503	-0.87
1169	-1.16
1217	-1.82
4572	-0.02
1265	-1.68
2166	0.54
1839	0.99
1887	1.20
1553	0.52
4238	0.31
4286	0.18
477	0.41
2783	0.36
1479	0.51
4334	0.64
4382	0.52
4430	1.57
1527	0.14
4478	0.19
2831	0.15
1313	0.10
1361	0.07
1409	-0.11
1457	-0.29
1505	0.01
4526	-0.69
4574	-0.12
4240	0.32
4288	-0.13
1193	-0.30
573	-0.26
4336	0.29
4432	0.00
4480	0.38
4528	0.76
1171	-0.11
4576	0.22
1601	-0.94
1219	0.25
4242	0.21
1965	0.38
4290	0.65
2845	1.25
1649	0.14
1697	-0.15
1745	0.11
4338	0.48
1118	0.66
4386	0.09
1241	0.19
4434	0.20
4482	0.30
4530	0.03
4578	0.47
1793	-0.05
1841	0.46
621	0.05
669	0.02
2672	0.93
1660	0.04
743	0.35
717	0.02
765	-0.15
4244	1.09
1289	0.13
4292	0.20
4340	0.38
386	-0.53
4388	0.10
1267	-1.20
4436	0.27
2879	-0.38
2927	0.06
4484	0.02
4532	0.17
4580	0.03
4246	-0.56
2013	-0.23
4294	0.08
4342	-0.22
1337	-0.51
1315	-1.44
1363	-1.28
1411	-0.55
1459	-0.64
1507	-1.87
4390	-0.40
1889	-0.05
2512	0.08
2027	-0.35
4438	-0.22
2893	-1.03
784	-0.25
2975	0.08
4486	0.44
4534	1.23
1555	-2.75
4582	-0.36
865	-0.16
2061	0.69
2109	0.37
4248	0.13
4296	0.05
4344	-0.02
434	0.12
482	0.19
1173	-0.34
1221	-0.50
1269	-0.35
530	-0.02
4392	0.60
578	-0.18
2453	-0.22
4440	0.20
3023	0.19
3071	0.04
4488	0.12
1385	-0.16
626	0.21
4536	0.33
4584	0.25
1708	0.17
880	0.10
479	-0.02
1433	-0.16
4249	0.00
674	0.11
2157	0.35
2205	0.04
2762	0.62
4297	0.42
4345	0.25
4393	0.30
4441	0.05
1043	-0.41
1317	-0.48
722	-0.67
388	0.14
4537	-0.50
1365	-0.11
1756	-0.34
1804	-0.11
4585	-0.55
2501	-0.08
1852	-0.13
1413	-0.46
2941	0.07
4251	0.24
928	-0.11
4347	0.31
2549	1.44
2338	1.91
1024	0.63
1072	0.33
1120	0.35
786	0.73
834	0.66
882	0.97
930	0.92
978	0.73
1026	0.27
788	1.30
836	0.89
884	1.11
932	0.19
980	0.34
2075	0.72
2253	0.68
2301	0.68
1603	-0.05
2123	1.15
2642	1.50
4443	0.86
2308	0.14
2171	1.46
1091	0.77
2219	3.23
4491	0.02
2810	-0.54
2356	1.24
2214	0.85
450	0.35
2262	0.28
2267	0.11
1461	-0.24
1481	0.53
4539	-0.73
4587	0.29
1529	-0.46
4253	-0.03
1195	-0.31
939	-0.87
4301	-0.17
4349	0.42
4397	-0.22
1509	-0.05
1175	-0.15
1223	-0.21
1271	-0.89
2597	-1.54
2645	-1.46
4445	-0.72
1651	0.17
575	0.02
4493	-0.49
4541	-0.40
2858	-0.13
1243	0.06
623	0.00
1319	-0.01
1367	-0.12
1415	0.00
671	0.25
1291	0.03
1699	0.35
1747	0.92
4303	-0.31
4351	0.11
1339	0.29
719	0.22
4399	-0.22
767	-0.16
4447	-0.15
2906	-0.11
4495	0.07
4543	0.09
1933	1.63
1981	1.36
2029	1.33
2077	1.46
1967	0.70
2125	1.19
4591	-0.12
1795	0.97
2311	0.27
2359	0.34
1463	-0.08
458	-0.48
4257	-0.85
4305	-0.23
1387	-0.93
2954	-0.34
4353	0.28
4401	0.06
3002	-0.06
3050	-0.64
4449	0.05
436	0.06
1511	-0.61
484	0.25
498	-0.12
1154	-0.95
1202	-0.15
1250	-0.10
1298	0.12
2386	-2.19
2434	-1.85
1900	-0.67
1566	-0.59
1614	-0.52
1662	-0.13
1710	-0.03
1758	-0.37
1806	-0.13
1854	0.19
1902	0.21
2173	1.51
2221	1.12
2269	0.62
2407	0.85
2455	0.39
4497	-0.07
4545	0.35
1346	0.63
1394	-0.23
1442	-0.24
1490	0.46
1156	0.69
532	0.34
580	0.20
1435	0.06
4593	0.36
4259	-0.72
2560	-0.63
4307	-0.75
2015	0.10
2503	-1.90
2551	-2.21
2599	-2.49
2647	-0.74
2313	-1.30
2361	-2.08
2409	-1.75
2457	-0.04
2505	-1.28
2063	0.22
4355	-0.33
1935	-0.13
546	-0.58
1928	0.34
2989	1.17
1976	0.67
2024	0.33
1028	-0.12
1076	-0.43
2482	-0.57
2530	-0.69
2578	-0.77
2626	-0.37
4451	-0.48
506	-0.60
2716	-0.38
4625	-0.28
4667	-0.22
1124	-0.30
790	-0.81
1483	-0.89
2674	-0.16
2340	0.21
3037	-0.42
2703	0.03
2751	0.12
2799	0.17
594	-0.18
4499	0.02
2553	-0.13
4595	0.06
1983	0.03
2031	1.31
4261	0.55
1204	-0.10
4357	0.45
4405	0.43
4453	0.53
4501	-0.17
2388	0.30
2079	0.27
4549	0.21
4597	0.14
2436	1.05
4263	1.17
4311	1.04
2601	0.33
2649	-1.52
2812	-0.51
2404	1.11
1139	1.07
4359	0.82
4407	0.91
4455	0.90
4503	0.50
4551	0.67
4599	0.62
4265	0.74
4313	-0.01
4409	0.09
2608	-0.28
2656	-0.40
2111	-0.03
2860	0.28
1252	0.11
4457	-0.34
4505	-0.55
2847	0.13
4601	-1.05
2159	-0.63
4267	0.32
2908	0.11
2127	-1.36
4315	0.76
4363	-1.21
2895	-0.84
2315	-0.94
2363	-0.81
2411	-0.25
2207	0.28
4411	-0.19
4459	0.84
1531	0.09
4507	0.14
1197	-0.27
1245	-0.06
2956	0.29
3004	0.18
4555	-0.12
3052	0.06
2718	0.22
2766	0.24
2814	-0.38
4603	-0.35
4269	-0.65
2862	-1.10
4317	-0.04
4365	-0.03
1616	-0.03
1664	0.00
1760	0.73
1808	0.37
4413	0.06
1300	0.28
4461	0.05
1348	0.15
1396	0.32
4509	-0.03
628	0.22
676	-0.17
724	0.27
390	-0.18
438	0.03
1444	0.06
1843	0.27
1492	0.00
4557	0.36
642	-0.77
602	-0.76
4605	0.73
4271	1.09
4319	0.04
1856	0.43
1158	-1.40
2322	-0.25
1904	-0.53
4367	-1.10
4463	-0.24
1570	-0.10
4511	-0.24
2484	0.15
1206	0.18
2943	0.71
2991	0.46
1891	1.80
2255	1.63
1557	0.20
690	-0.99
2175	0.56
2303	0.07
4607	0.24
2459	0.53
2507	0.07
2555	0.15
2532	-0.48
1605	0.31
4250	0.28
4298	-0.11
2580	0.22
1618	0.48
1254	0.28
4346	-0.30
486	0.17
534	0.13
1666	-0.02
1714	-0.01
582	-0.09
698	-0.12
4394	-0.97
1762	-1.84
2603	0.19
2651	-0.68
2317	-1.02
2365	-0.66
738	1.53
2910	0.94
4442	0.13
4490	0.00
1946	0.96
1302	0.29
886	1.26
934	-0.45
3039	-0.19
2705	-1.10
4538	0.33
1994	-0.18
1350	-0.24
2072	0.26
2042	0.08
2090	0.29
2138	-0.36
2120	0.51
2168	1.04
1653	-0.40
2753	-2.64
2801	-2.14
2849	-2.36
2897	-2.96
2945	-2.51
746	-0.90
4586	-1.21
2993	-0.38
4252	-0.23
4300	-0.29
2223	-1.43
4348	-1.10
4396	0.96
1810	0.00
1858	-0.11
2452	0.08
2500	-0.05
4444	0.42
4492	0.20
2413	-1.32
2676	-1.00
2342	-0.96
2370	0.10
2390	-0.50
2461	-1.26
805	-0.11
2234	-0.33
4540	0.04
4588	-0.09
2509	-1.56
1906	-0.55
4254	0.18
4302	-0.26
4350	-0.43
4398	-0.10
4446	-0.42
1398	0.04
1446	-0.86
1494	-0.91
1160	-2.12
1208	-1.46
1256	-2.54
630	-1.63
4494	-0.33
3041	0.07
2707	0.41
2466	0.05
404	2.93
4542	2.77
4590	1.31
1293	0.42
4256	-0.10
4304	0.23
4352	-0.46
4400	0.45
1572	-0.35
2271	-1.20
2557	-0.94
2605	-1.51
4448	-0.20
4496	-0.28
4544	0.63
1937	3.60
1985	1.37
4592	0.51
4258	0.04
452	1.12
500	0.58
4306	0.24
4354	-0.16
4402	0.35
4450	-0.23
4498	-0.49
2514	-1.07
1620	0.01
1668	0.16
1716	0.16
1764	0.23
1812	0.35
1860	0.38
1908	-0.01
1304	0.56
4546	0.35
1574	0.16
2958	-0.10
3006	0.21
1701	-0.16
4594	-0.25
1341	-0.32
1389	-0.55
1437	-0.42
1670	0.45
678	-0.21
4260	0.19
2438	0.20
2486	0.09
2534	-0.13
2582	-0.12
2630	-0.02
2678	-0.02
2344	0.18
2392	0.33
2440	0.16
2488	0.39
2536	0.13
4308	0.17
1352	0.19
1400	0.10
1448	0.33
4356	1.25
4404	1.29
853	-0.30
4452	0.12
1496	1.07
2216	0.27
2264	0.07
4500	-0.19
1485	-0.15
412	0.30
2653	-0.26
726	-0.34
392	-0.41
1162	-0.44
4548	0.19
1718	-0.10
1210	-0.05
460	0.32
508	0.12
4596	0.46
4262	0.15
4310	0.00
2282	0.30
1533	-0.46
2319	0.28
1258	0.15
2367	0.21
4358	0.40
2584	0.08
1797	-0.11
1306	-0.39
2632	0.00
4406	0.04
1199	0.25
1845	2.12
1893	2.05
4454	-0.93
4502	-0.58
4550	-0.20
1948	0.28
2920	0.47
987	0.45
1559	-0.07
1766	0.45
1814	0.18
1862	0.13
1910	0.10
4598	0.13
1247	0.15
4264	0.06
4312	0.78
901	0.51
2562	0.64
4360	0.40
4408	0.62
4456	1.54
4504	0.67
4552	0.47
982	0.47
2033	0.44
1996	0.27
913	0.03
2044	0.35
2092	0.20
2140	0.33
4600	0.40
2548	0.89
4266	-0.30
4314	-0.46
4362	-0.44
4410	0.04
949	-0.34
4458	-0.10
4506	-0.05
4554	-0.02
3054	-0.11
2081	-0.37
4602	-0.23
4268	0.09
4316	-0.20
556	0.08
4364	-0.02
4412	-0.07
4460	0.37
1295	0.15
4556	0.01
440	0.12
4604	0.34
2188	0.61
2129	-0.10
2236	0.01
2284	-0.02
4270	0.02
4318	-0.04
4366	-0.09
1950	-1.03
1354	-0.07
4414	-0.21
4462	0.15
4510	-0.26
4558	0.09
2596	-0.29
2680	0.20
4606	-0.17
4272	0.32
4320	0.67
2720	1.14
1998	0.12
4368	-0.19
4416	0.21
4464	0.04
4512	-0.26
2968	0.14
3016	0.11
2346	0.26
1343	-0.03
1391	-0.05
1439	-0.04
1487	0.05
1535	0.04
2394	0.91
1030	0.38
997	1.18
2046	0.15
1576	0.33
2442	-0.14
2644	0.47
488	0.10
1402	-0.06
1607	0.43
1450	0.94
4560	-1.55
2310	-2.01
2358	-2.37
2406	-0.52
4608	0.14
2610	-0.25
4627	-0.11
4669	-0.19
2415	-1.53
4805	-0.45
4821	-0.08
2094	-0.70
2177	-0.37
2142	-0.51
604	-0.18
536	-0.10
2768	0.14
2816	-0.01
584	0.09
2864	0.06
961	0.37
4711	-0.05
2912	0.59
1057	-0.51
1105	-0.31
4769	0.14
1498	-1.14
1164	-0.46
1212	-0.22
1260	-0.76
1308	-0.63
1356	-0.51
1404	-0.42
771	0.24
632	-0.23
2960	0.26
652	0.11
700	0.21
3008	-0.17
1452	0.22
3056	0.19
1078	-0.97
1126	-0.01
792	0.38
840	0.15
888	0.22
936	-0.04
984	0.47
1032	0.29
1080	0.34
1500	-0.23
680	-0.84
728	-0.05
394	0.76
748	-0.19
2190	-0.35
2770	0.01
4813	-0.43
1178	-0.04
414	-0.38
4679	0.09
4759	0.18
1930	-0.01
1978	0.21
2026	1.03
2225	-1.36
2273	-0.71
2074	-0.48
1939	-0.20
1655	-0.10
1703	0.22
1226	-0.08
2818	-0.08
1751	-0.76
1045	0.02
1987	0.93
2035	1.21
1093	-0.30
462	-0.03
510	-0.24
2866	0.60
2083	1.20
2238	1.13
2914	1.54
2286	0.45
1799	1.30
1624	0.34
2454	1.26
2502	1.42
2550	1.33
2598	0.80
1952	0.30
2463	-0.44
2000	-0.67
2755	-0.54
1128	0.04
2511	1.21
4665	-0.32
2131	0.23
548	-0.26
596	-0.13
819	-0.03
644	1.61
