1	-0.3086
2	0.379
3	-0.1922
4	0.9218
5	
6	-0.1812
7	0.01889
8	-1.242
9	-0.2147
10	0.08722
11	-0.2753
12	0.07721
13	-0.08684
14	3.256
15	1.623
16	0.5041
17	0.7202
18	0.009897
19	0.6901
20	0.4112
21	-0.4139
22	-0.7968
23	-0.05306
24	
25	1.249
26	0.2241
27	0.1041
28	
29	
30	-0.4624
31	-0.2801
32	-0.05088
33	-0.3766
34	-0.3015
35	-0.3877
36	-0.9927
37	0.01773
38	-0.6512
39	-0.3344
40	-0.9208
41	-0.6035
42	-0.6152
43	-0.3949
44	-0.3832
45	-0.5802
46	-0.3819
47	-0.0154
48	-0.4458
49	0.3684
50	1.174
51	1.191
52	0.7835
53	0.404
54	
55	0.04457
56	-0.207
57	-0.5665
58	-0.07504
59	
60	0.7251
61	-0.004851
62	0.00964
63	-0.2387
64	0.1149
65	-0.03336
66	-0.2589
67	-0.4528
68	-0.1092
69	-0.143
70	-0.2802
71	-2.505
72	-2.111
73	-2.669
74	-2.696
75	-0.2572
76	-0.1858
77	0.2843
78	-0.7094
79	-0.2105
80	
81	0.4953
82	0.4829
83	
84	0.5633
85	-0.01596
86	0.2659
87	
88	
89	
90	0.4585
91	0.2904
92	0.8732
93	0.6916
94	0.7068
95	0.5985
96	0.3377
97	
98	0.5064
99	-0.07149
100	
101	-0.256
102	0.418
103	-0.199
104	0.11
105	
106	-0.2272
107	
108	-0.03556
109	-0.4214
110	-0.8867
111	
112	0.005371
113	0.3439
114	1.065
115	1.544
116	0.3383
117	-0.05822
118	0.3118
119	-0.4205
120	-1.07
121	0.0806
122	-0.4652
123	
124	
125	0.07105
126	1.168
127	-0.1423
128	-0.638
129	-0.2674
130	-0.08279
131	-0.842
132	-0.0802
133	-0.0416
134	0.7465
135	-0.2692
136	-0.7691
137	-0.08561
138	-0.5043
139	
140	-0.08022
141	0.2762
142	-0.2761
143	0.7709
144	
145	-0.08738
146	0.7294
147	0.02055
148	
149	
150	0.08351
151	-0.03767
152	0.4259
153	-0.2903
154	-0.2878
155	0.2633
156	
157	0.2825
158	0.03313
159	
160	-1.192
161	-0.7576
162	-0.7876
163	
164	-0.3228
165	
166	0.1046
167	-0.1726
168	-0.3119
169	0.2648
170	-0.1269
171	0.6556
172	0.3543
173	0.0007305
174	0.2415
175	0.2481
176	0.7953
177	0.7425
178	0.5459
179	1.226
180	0.4483
181	-0.3797
182	-0.1396
183	0.3404
184	0.4283
185	-0.03328
186	1.624
187	0.8674
188	-0.28
189	0.1432
190	0.04106
191	0.5355
192	0.4432
193	-0.5157
194	0.8633
195	-0.1412
196	0.3707
197	1.016
198	2.394
199	2.812
200	0.009894
201	
202	
203	
204	
205	
206	
207	-1.024
208	-0.3773
209	0.8115
210	0.1932
211	-0.3785
212	-0.5717
213	-0.5594
214	-0.07867
215	-0.007775
216	
217	-0.83
218	0.002537
219	-0.2125
220	2.778
221	-0.4696
222	0.1566
223	0.4077
224	0.2373
225	0.05442
226	0.1861
227	0.1144
228	-0.1037
229	-0.9101
230	-0.5858
231	0.1327
232	-0.1681
233	0.0735
234	0.1227
235	0.1069
236	-0.006694
237	0.1903
238	0.05094
239	-0.4476
240	-0.8292
241	-0.06416
242	0.1154
243	-0.06838
244	
245	-0.3184
246	-0.5615
247	0.1033
248	-0.08436
249	-0.3623
250	0.2454
251	-0.3884
252	-0.3747
253	0.1026
254	-0.3376
255	-0.2342
256	-0.7615
257	-0.2648
258	0.4015
259	0.141
260	0.4483
261	0.3779
262	-0.2343
263	-0.04666
264	-0.5329
265	-0.7142
266	0.09949
267	-0.07933
268	-0.2173
269	
270	
271	
272	-0.127
273	-1.279
274	-0.4724
275	-0.9351
276	-0.21
277	-0.1343
278	-0.9162
279	-0.08313
280	-0.6498
281	-0.5508
282	0.1509
283	0.3603
284	1.552
285	1.055
286	1.079
287	0.1607
288	-0.3741
289	-0.356
290	
291	-0.5439
292	0.01174
293	-0.5026
294	-0.6091
295	0.4086
296	-0.4857
297	-0.3968
298	0.3287
299	-0.2659
300	
301	0.07619
302	
303	
304	0.9011
305	-0.3685
306	
307	-0.4204
308	-0.6707
309	0.06081
310	-0.4999
311	0.0801
312	0.5554
313	1.323
314	
315	-0.9946
316	-1.054
317	-0.6134
318	-0.4627
319	-0.6995
320	-0.4944
321	-0.04276
322	
323	-0.4593
324	
325	2.538
326	-0.03118
327	-0.6009
328	-0.4936
329	0.266
330	-0.826
331	-0.4027
332	
333	-0.2777
334	-0.1848
335	-0.04857
336	0.1236
337	0.7673
338	
339	-0.4067
340	-0.1462
341	-0.4367
342	-0.4904
343	-0.2698
344	-0.8353
345	-0.3179
346	-0.4598
347	-0.1362
348	
349	-0.8297
350	-0.006491
351	-0.7599
352	-0.6379
353	-0.7798
354	-0.2888
355	-0.8566
356	0.2368
357	0.1984
358	-0.4042
359	-0.2231
360	0.5348
361	0.09837
362	-0.6532
363	
364	-0.5846
365	-0.9373
366	-0.1653
367	-0.5817
368	-0.7765
369	-0.3765
370	0.08887
371	-1.025
372	-0.1793
373	0.2997
374	-0.309
375	
376	0.7837
377	-0.6545
378	
379	0.07209
380	-0.03939
381	0.2681
382	-1.005
383	-0.8402
384	0.3404
385	0.02469
386	0.1167
387	0.07436
388	0.1889
389	
390	0.2994
391	-1.159
392	-0.7198
393	-0.2187
394	-0.3777
395	0.4303
396	0.04394
397	0.04625
398	0.0607
399	-0.178
400	-0.2981
401	0.7645
402	0.4057
403	
404	0.4326
405	-0.123
406	-0.08308
407	-0.2921
408	0.2963
409	0.02037
410	-1.004
411	-0.7545
412	-0.0834
413	0.6206
414	0.8274
415	0.9065
416	-0.02191
417	0.05772
418	0.2385
419	1.786
420	0.1318
421	1.012
422	0.7746
423	-0.03684
424	-0.02022
425	-0.006056
426	-0.4854
427	-0.493
428	-0.6007
429	-0.121
430	-0.5697
431	1.111
432	1.643
433	-0.1555
434	-1.019
435	-0.04342
436	-0.0197
437	0.1676
438	0.5827
439	0.6598
440	-1.163
441	-0.4175
442	-0.4672
443	-0.2573
444	-0.3583
445	-0.0227
446	-0.02517
447	-0.3189
448	-0.2135
449	-0.2617
450	-0.915
451	
452	0.202
453	1.974
454	0.2981
455	
456	0.1361
457	0.3146
458	0.3958
459	-0.2408
460	-0.5113
461	-0.0802
462	
463	
464	-0.05331
465	
466	0.1194
467	0.2304
468	0.199
469	0.1808
470	0.07544
471	-0.5015
472	0.1534
473	2.263
474	1.059
475	-0.393
476	-0.5364
477	-0.4418
478	-0.05177
479	-0.4446
480	0.3629
481	0.1045
482	0.02629
483	-0.5189
484	0.4621
485	2.896
486	2.601
487	0.7785
488	0.6711
489	-0.1237
490	-0.05401
491	-0.4938
492	1.36
493	0.1052
494	-0.005607
495	-0.06992
496	-0.327
497	
498	-0.1637
499	-0.6392
500	0.132
501	-0.2944
502	-0.1374
503	0.2217
504	-0.8934
505	-0.1262
506	0.8875
507	-0.2607
508	
509	-0.6352
510	-0.1683
511	-0.9115
512	-0.2387
513	-0.5756
514	-0.1421
515	-0.5531
516	-0.3116
517	
518	-0.3386
519	-0.346
520	-0.1665
521	-0.02433
522	1.719
523	1.51
524	0.1704
525	-1.113
526	0.2604
527	-0.323
528	0.1129
529	0.9106
530	-0.08199
531	-0.0000219
532	-0.6788
533	-0.7527
534	0.4543
535	-0.4878
536	
537	-0.6315
538	0.03802
539	-0.2112
540	0.1826
541	-0.1939
542	-0.004812
543	-0.2809
544	-0.1955
545	-0.2406
546	0.3593
547	-0.433
548	-0.1218
549	-0.11
550	-0.2707
551	0.05295
552	-0.0265
553	
554	-0.2909
555	-0.4124
556	-0.2236
557	-0.3994
558	-0.6421
559	-0.1447
560	-0.2558
561	-0.2979
562	-0.4406
563	0.009127
564	-0.4837
565	-1.733
566	-0.1684
567	-0.3059
568	
569	-0.3136
570	-0.13
571	0.4391
572	-0.8606
573	-0.4405
574	-0.3013
575	-0.685
576	-0.1873
577	
578	-0.008412
579	-0.2981
580	-0.1697
581	0.8884
582	0.3384
583	0.3856
584	0.0269
585	0.3064
586	0.1002
587	-0.3965
588	-0.4344
589	-0.06768
590	0.4396
591	0.1009
592	1.074
593	0.6234
594	1.042
595	0.4687
596	0.3188
597	0.2734
598	0.144
599	0.6021
600	1.291
601	-0.2214
602	-0.2068
603	-0.4335
604	0.1019
605	-0.6933
606	0.779
607	-0.8633
608	1.148
609	-0.6324
610	-0.9398
611	-0.09833
612	-0.2726
613	-0.3585
614	-0.3422
615	-0.7872
616	-0.3566
617	-0.3281
618	-0.5622
619	0.04054
620	-0.2325
621	0.01108
622	-0.3824
623	-0.04179
624	-0.005321
625	0.06114
626	0.00625
627	0.03855
628	0.2456
629	-0.7451
630	-0.01662
631	0.8922
632	0.7982
633	0.7047
634	0.1327
635	0.2825
636	-0.1806
637	0.1288
638	0.7923
639	0.9374
640	0.269
641	0.733
642	0.6669
643	0.427
644	-0.2955
645	
646	-0.5614
647	
648	-0.205
649	-0.718
650	-0.425
651	-1.156
652	-0.2137
653	-0.07624
654	-0.2757
655	
656	0.05352
657	
658	0.6854
659	0.892
660	
661	0.2353
662	0.8486
663	-0.1779
664	
665	
666	
667	-0.07161
668	
669	0.07256
670	
671	-0.07947
672	
673	
674	-0.4082
675	-0.02428
676	0.3173
677	0.4473
678	0.8423
679	
680	-0.0976
681	-0.08948
682	0.2221
683	0.06285
684	0.1354
685	-0.6321
686	-0.6591
687	0.3894
688	1.429
689	-0.08683
690	-0.5709
691	0.3549
692	-0.4127
693	-0.255
694	0.03482
695	0.1915
696	-0.03175
697	-0.6144
698	-0.4223
699	-0.495
700	
701	-0.1732
702	-0.3245
703	0.06756
704	0.01279
705	0.2353
706	-0.1954
707	1.469
708	0.515
709	-0.2675
710	0.398
711	-0.4193
712	0.4962
713	0.1615
714	-0.1328
715	-0.3003
716	-0.1782
717	-0.142
718	0.2221
719	-0.1263
720	0.5316
721	
722	0.02188
723	-0.2565
724	-0.2906
725	-0.1802
726	-1.971
727	-1.937
728	-2.576
729	-2.653
730	-0.6508
731	-0.7427
732	
733	0.2774
734	-0.6639
735	-1.091
736	0.1382
737	-0.2544
738	0.3589
739	-0.2878
740	0.9298
741	-0.7112
742	0.7324
743	
744	
745	
746	
747	
748	
749	
750	-0.0104
751	0.09038
752	-0.3541
753	1.284
754	-0.2668
755	0.9581
756	-0.2196
757	0.4628
758	
759	
760	0.6431
761	0.0149
762	
763	2.076
764	2.08
765	1.354
766	-0.03097
767	0.7189
768	-0.5503
769	0.09682
770	
771	
772	-0.3862
773	0.8669
774	-0.9007
775	-1.119
776	-0.6881
777	-0.1207
778	-0.1892
779	0.5612
780	-0.4165
781	0.3945
782	0.6148
783	0.2936
784	0.8409
785	-0.2542
786	1.011
787	
788	0.3114
789	0.667
790	0.4736
791	0.1736
792	-0.1146
793	0.543
794	0.7923
795	0.05163
796	0.05205
797	0.5845
798	0.05291
799	-0.3175
800	
801	0.195
802	0.2267
803	0.4368
804	
805	-0.2373
806	1.451
807	0.2386
808	-0.139
809	-0.2177
810	-0.2616
811	-0.7421
812	2.525
813	0.3102
814	-0.1678
815	-0.08519
816	-0.3886
817	0.5498
818	-0.176
819	
820	0.1909
821	-0.2566
822	0.4693
823	-0.6536
824	-0.4632
825	-0.326
826	-0.08814
827	-0.05133
828	-0.09459
829	-0.2563
830	-0.6456
831	-0.7581
832	-0.9858
833	-0.07457
834	-0.469
835	-0.3115
836	1.141
837	0.7082
838	-0.3645
839	0.1918
840	-0.1198
841	0.02587
842	-0.2199
843	-0.1269
844	-0.6825
845	-0.208
846	0.04817
847	-0.5507
848	-0.7532
849	-0.2923
850	0.3236
851	-0.1493
852	0.02928
853	0.4795
854	0.7613
855	0.6786
856	-0.1727
857	0.04353
858	-0.004245
859	-0.04071
860	-1.997
861	0.0685
862	0.1935
863	
864	0.6537
865	0.8933
866	0.7862
867	-0.0342
868	0.629
869	0.7257
870	1.146
871	2.803
872	-0.4134
873	
874	0.3501
875	0.05237
876	-0.1238
877	0.2959
878	0.1223
879	-0.4992
880	-0.09862
881	0.4036
882	-0.5266
883	
884	-0.2544
885	-0.3534
886	-0.6247
887	-0.6937
888	0.1422
889	
890	-0.1062
891	-0.241
892	-0.2402
893	0.6494
894	-0.5735
895	-0.2313
896	0.1683
897	2.082
898	-0.7015
899	-0.5276
900	-0.4669
901	-0.03844
902	0.6187
903	2.173
904	0.3274
905	0.1575
906	0.3976
907	1.915
908	0.7887
909	0.454
910	1.033
911	
912	
913	
914	0.1849
915	-0.1949
916	0.09979
917	0.08098
918	0.3779
919	0.4499
920	-0.1557
921	0.05828
922	-0.2325
923	-0.1713
924	0.02296
925	0.479
926	0.6056
927	0.2124
928	-0.2397
929	-3.357
930	-0.3199
931	0.9791
932	-0.03365
933	-0.4536
934	-0.402
935	-0.2501
936	-0.02676
937	0.01441
938	
939	
940	-1.136
941	-0.5121
942	-0.4435
943	-0.3423
944	-0.267
945	0.6143
946	-0.3599
947	-0.5959
948	-0.01619
949	0.1927
950	0.3078
951	0.1718
952	0.3288
953	-0.1095
954	-0.2337
955	0.5082
956	-0.4605
957	0.2948
958	0.2966
959	
960	0.7266
961	0.3146
962	0.02921
963	-0.1538
964	-0.1691
965	1.178
966	1.108
967	1.237
968	0.1205
969	-0.07222
970	0.8184
971	
972	3.931
973	4.464
974	2.679
975	3.03
976	1.973
977	2.675
978	2.053
979	2.145
980	0.2561
981	0.08958
982	-0.3021
983	0.1763
984	0.09988
985	0.07916
986	-0.496
987	0.1338
988	-0.4872
989	-0.28
990	
991	
992	-0.8003
993	-0.247
994	-0.07757
995	-0.2581
996	-0.9192
997	-0.6245
998	0.4293
999	1.103
1000	3.09
1001	-0.0177
1002	-0.02191
1003	0.6609
1004	2.501
1005	1.586
1006	-0.1674
1007	0.1405
1008	-0.3205
1009	-0.5442
1010	-0.2983
1011	-0.76
1012	-0.657
1013	-0.3679
1014	
1015	-1.096
1016	0.2947
1017	0.5594
1018	1.392
1019	
1020	0.06974
1021	0.0372
1022	-0.1718
1023	-0.2621
1024	0.2223
1025	-0.04992
1026	-0.2383
1027	0.0845
1028	-0.2341
1029	-0.7071
1030	
1031	
1032	
1033	-0.2002
1034	-0.6703
1035	-0.8483
1036	-0.5338
1037	-0.06152
1038	0.1505
1039	0.2135
1040	-0.06268
1041	
1042	
1043	-0.005019
1044	-0.2409
1045	1.424
1046	1.21
1047	-0.2051
1048	0.3288
1049	-0.03203
1050	0.5684
1051	1.054
1052	-0.4813
1053	-0.01932
1054	-0.321
1055	0.004746
1056	-0.9665
1057	-0.04096
1058	-0.1473
1059	-0.5293
1060	-0.4918
1061	-0.1602
1062	1.578
1063	0.08917
1064	2.299
1065	-0.04351
1066	-0.9078
1067	-0.2533
1068	-0.09896
1069	-0.2259
1070	-0.3652
1071	0.2315
1072	0.3275
1073	-0.22
1074	-0.05662
1075	-0.5652
1076	-0.7666
1077	-0.4337
1078	-0.5652
1079	-0.131
1080	-0.5416
1081	-0.2809
1082	-0.8131
1083	-0.3339
1084	
1085	0.5353
1086	-0.6848
1087	0.1508
1088	0.9166
1089	-0.9714
1090	0.9571
1091	0.6043
1092	0.4522
1093	0.2724
1094	-1.207
1095	
1096	
1097	0.1946
1098	0.5086
1099	0.5033
1100	0.1197
1101	-0.8414
1102	0.4027
1103	-0.2222
1104	0.2253
1105	0.1318
1106	-0.006769
1107	0.5958
1108	0.7721
1109	-1.056
1110	-0.1796
1111	0.391
1112	0.5512
1113	-1.112
1114	1.55
1115	-0.4914
1116	0.1696
1117	0.248
1118	0.4814
1119	-0.0328
1120	-0.04677
1121	0.008105
1122	-0.5373
1123	-0.9001
1124	0.3338
1125	-0.4754
1126	0.4014
1127	-0.2219
1128	0.8291
1129	0.0308
1130	0.3717
1131	1.097
1132	1.155
1133	1.073
1134	0.2998
1135	-0.08742
1136	-1.028
1137	-0.3797
1138	
1139	-0.2586
1140	-0.6449
1141	-0.3188
1142	-0.3068
1143	-1.111
1144	0.1428
1145	-0.1466
1146	-0.0395
1147	-0.4944
1148	-0.0426
1149	-0.4981
1150	0.07012
1151	-0.2628
1152	-0.3246
1153	-0.3092
1154	0.001005
1155	-0.1334
1156	-0.2463
1157	-0.4051
1158	0.01891
1159	0.1372
1160	
1161	-0.06768
1162	0.251
1163	-0.1534
1164	-0.1232
1165	-0.3038
1166	-0.07697
1167	-0.267
1168	-0.5368
1169	-0.6007
1170	-0.6907
1171	-0.2401
1172	-0.3094
1173	0.136
1174	-0.492
1175	-0.3027
1176	0.5291
1177	0.1009
1178	-1.719
1179	
1180	-0.29
1181	-0.1993
1182	
1183	0.06104
1184	-0.09692
1185	-0.665
1186	-0.3317
1187	-0.8765
1188	-0.2592
1189	1.737
1190	1.347
1191	-0.2624
1192	-0.2883
1193	-0.02574
1194	-0.6728
1195	0.7457
1196	
1197	1.273
1198	-0.8471
1199	-1.037
1200	0.1712
1201	-0.06517
1202	0.1782
1203	-0.2122
1204	-0.2646
1205	-0.01624
1206	1.039
1207	
1208	1.032
1209	
1210	-0.09113
1211	-0.2477
1212	-0.177
1213	-0.4052
1214	0.2968
1215	-0.1446
1216	-0.8111
1217	0.3036
1218	1.028
1219	-0.2488
1220	0.1649
1221	-0.2305
1222	-0.1272
1223	-1.125
1224	0.2006
1225	-0.2791
1226	-0.5132
1227	-0.2889
1228	-0.2046
1229	0.2094
1230	
1231	
1232	-0.302
1233	-0.3899
1234	0.2263
1235	0.7131
1236	-0.03037
1237	-0.5514
1238	-0.009726
1239	-0.6552
1240	-0.6207
1241	0.9447
1242	
1243	1.03
1244	0.4531
1245	0.7914
1246	1.136
1247	1.268
1248	-0.6721
1249	-0.01647
1250	-0.07692
1251	-0.5178
1252	0.3449
1253	-0.03879
1254	0.1647
1255	0.3425
1256	-0.6219
1257	-0.2754
1258	0.1135
1259	0.5729
1260	0.2362
1261	0.3788
1262	0.228
1263	0.6561
1264	1.331
1265	0.2667
1266	0.6388
1267	1.341
1268	
1269	0.08609
1270	-0.1162
1271	0.1087
1272	-0.3989
1273	-0.5262
1274	1.011
1275	-0.5583
1276	1.979
1277	-0.279
1278	-0.1643
1279	-0.2428
1280	0.2689
1281	0.6115
1282	-0.6751
1283	1.497
1284	-0.6204
1285	-0.4963
1286	0.8888
1287	0.3169
1288	-0.07173
1289	-0.3797
1290	-0.03752
1291	0.4471
1292	-0.08942
1293	0.1597
1294	0.9387
1295	-0.1251
1296	-0.373
1297	-0.2601
1298	-0.03436
1299	-0.05353
1300	-0.4937
1301	-0.6536
1302	-0.3154
1303	-0.1582
1304	-2.407
1305	-0.5716
1306	-0.8279
1307	-0.4295
1308	-1.232
1309	-0.7516
1310	-0.5268
1311	-0.653
1312	-0.3331
1313	-0.4583
1314	0.1414
1315	-0.3168
1316	-0.5547
1317	-0.1552
1318	-0.7726
1319	-0.5971
1320	-0.725
1321	0.5429
1322	0.1271
1323	0.6404
1324	-0.1695
1325	0.4558
1326	0.3222
1327	-0.5424
1328	-0.661
1329	0.2717
1330	0.3962
1331	0.0826
1332	-0.06309
1333	0.0499
1334	-0.4508
1335	-0.01446
1336	-0.3333
1337	-0.3073
1338	-0.05696
1339	-0.3811
1340	0.371
1341	-0.4842
1342	-0.1156
1343	
1344	0.2086
1345	-0.9154
1346	0.000413
1347	0.1438
1348	-0.1632
1349	-0.3262
1350	-0.2454
1351	0.003057
1352	0.2521
1353	
1354	-0.4765
1355	0.04423
1356	-0.2633
1357	
1358	-0.5186
1359	-0.1554
1360	0.05243
1361	-0.3052
1362	-0.3516
1363	-0.07003
1364	-0.4694
1365	-0.4713
1366	-0.6396
1367	-0.4848
1368	-1.127
1369	-0.8892
1370	0.0431
1371	-0.8194
1372	-0.3335
1373	-0.5741
1374	-0.3741
1375	-0.6967
1376	0.6142
1377	-0.8026
1378	1.427
1379	0.5233
1380	1.014
1381	0.01877
1382	-0.571
1383	0.01228
1384	-0.3711
1385	-0.08875
1386	-0.2607
1387	-0.6742
1388	-0.6651
1389	-0.6185
1390	
1391	-0.1735
1392	-0.4444
1393	-0.4449
1394	
1395	
1396	-0.4229
1397	-0.3599
1398	-0.5029
1399	-0.1846
1400	-0.7429
1401	-0.8505
1402	-0.1858
1403	0.6404
1404	-0.6491
1405	-0.2344
1406	0.2507
1407	-0.3548
1408	-0.1932
1409	-0.6665
1410	-0.6198
1411	-0.4941
1412	0.1982
1413	-0.1788
1414	-0.4954
1415	-0.6069
1416	1.349
1417	2.478
1418	-0.7255
1419	-0.4671
1420	-0.2128
1421	-0.4377
1422	0.588
1423	
1424	
1425	0.09513
1426	0.04735
1427	-0.3941
1428	0.1007
1429	-0.4613
1430	-0.3495
1431	0.1304
1432	
1433	-0.2815
1434	-0.6656
1435	0.1225
1436	-0.9893
1437	-0.3587
1438	-0.08536
1439	-0.1897
1440	-0.3081
1441	-0.6765
1442	-0.8934
1443	-0.3858
1444	-0.3143
1445	-0.5131
1446	-0.5843
1447	-0.136
1448	0.1171
1449	2.165
1450	-0.03309
1451	
1452	0.3764
1453	-1.181
1454	-0.2373
1455	-0.0311
1456	-0.1969
1457	-0.2613
1458	-0.2232
1459	
1460	-0.1388
1461	0.0005422
1462	-0.2741
1463	-0.2893
1464	0.01283
1465	-0.1127
1466	0.3451
1467	0.6845
1468	1.443
1469	0.577
1470	-0.1121
1471	
1472	
1473	-0.4152
1474	0.1276
1475	0.1463
1476	0.2823
1477	-0.02727
1478	2.811
1479	0.1799
1480	0.6628
1481	
1482	1.473
1483	1.221
1484	-0.788
1485	-0.3106
1486	-0.8759
1487	-0.05903
1488	-0.05342
1489	0.2337
1490	0.7743
1491	0.2153
1492	3.802
1493	3.72
1494	
1495	-0.3134
1496	
1497	-0.5125
1498	0.1112
1499	-0.1421
1500	0.08964
1501	
1502	-0.4052
1503	-0.06923
1504	-0.2226
1505	-0.3598
1506	-0.3807
1507	-0.5124
1508	-0.1195
1509	-0.3485
1510	0.03961
1511	-0.81
1512	-0.241
1513	-0.4555
1514	-0.07511
1515	-0.4397
1516	-0.2115
1517	-0.3491
1518	0.1077
1519	-0.02106
1520	
1521	
1522	
1523	-0.3178
1524	0.1449
1525	-1.104
1526	-0.3104
1527	-0.2623
1528	0.536
1529	0.3071
1530	-0.216
1531	-0.3732
1532	-0.07782
1533	0.2438
1534	0.156
1535	-0.3118
1536	
1537	
1538	0.7974
1539	-0.153
1540	-0.2671
1541	-0.2138
1542	-0.5208
1543	
1544	-0.75
1545	-0.6721
1546	-0.6102
1547	-0.3942
1548	-0.2986
1549	-0.1668
1550	-0.357
1551	-0.06066
1552	0.0005165
1553	-0.1549
1554	-0.04518
1555	-0.1711
1556	-0.3936
1557	0.2224
1558	-0.4337
1559	-0.696
1560	-1.215
1561	-0.008291
1562	0.3266
1563	0.6297
1564	-0.1278
1565	-0.2265
1566	-0.3313
1567	-0.004103
1568	-0.3491
1569	0.227
1570	-0.9094
1571	-0.1491
1572	-0.5472
1573	-0.1213
1574	
1575	
1576	0.09484
1577	-0.1217
1578	-0.2783
1579	-0.3312
1580	-0.4819
1581	-0.8693
1582	-0.3328
1583	-0.5254
1584	-0.4895
1585	-0.3418
1586	0.819
1587	
1588	
1589	-0.4588
1590	-0.08689
1591	-0.1707
1592	-0.0689
1593	-0.3962
1594	-0.6136
1595	
1596	-1.415
1597	0.05264
1598	0.3301
1599	-0.3247
1600	-0.6367
1601	-0.4624
1602	-0.7937
1603	-0.3819
1604	0.3892
1605	-0.1008
1606	0.5159
1607	-0.4079
1608	0.1056
1609	-0.1696
1610	0.1424
1611	
1612	0.1229
1613	-0.1363
1614	1.271
1615	0.1446
1616	-0.4294
1617	-0.7212
1618	-0.2967
1619	
1620	-0.213
1621	-0.7407
1622	-0.01751
1623	-0.9608
1624	0.4426
1625	0.08137
1626	0.4775
1627	-0.03929
1628	0.1606
1629	-0.01161
1630	0.02198
1631	-0.0211
1632	-0.1643
1633	0.004491
1634	0.8525
1635	-0.1177
1636	0.03494
1637	0.3573
1638	0.5702
1639	-0.03558
1640	0.0009408
1641	0.4757
1642	0.004512
1643	0.02807
1644	-0.2661
1645	0.9925
1646	1.285
1647	1.038
1648	0.02507
1649	0.2564
1650	-0.1287
1651	-0.5953
1652	0.4112
1653	0.6038
1654	0.8636
1655	0.2606
1656	-0.8876
1657	-0.1821
1658	0.2385
1659	-0.3476
1660	
1661	2.855
1662	
1663	-0.6812
1664	0.9541
1665	
1666	
1667	-0.0002761
1668	1.268
1669	0.3083
1670	0.1654
1671	0.005629
1672	-0.0394
1673	-0.2894
1674	-0.5695
1675	-1.003
1676	1.863
1677	-1.252
1678	1.979
1679	0.1286
1680	0.7028
1681	0.5056
1682	0.7787
1683	0.8203
1684	0.9933
1685	1.682
1686	0.7706
1687	1.898
1688	0.2274
1689	0.0874
1690	-0.7265
1691	-0.3251
1692	-0.1325
1693	-0.2492
1694	0.1204
1695	-0.1402
1696	-0.3012
1697	0.2913
1698	-0.1423
1699	-0.1092
1700	-0.3037
1701	-0.4345
1702	1.413
1703	1.239
1704	0.4182
1705	-0.5847
1706	-0.5446
1707	0.01484
1708	-0.7202
1709	
1710	1.038
1711	-0.1674
1712	-0.3061
1713	0.001699
1714	-0.1851
1715	0.1859
1716	0.5632
1717	-0.2139
1718	0.4457
1719	
1720	0.3108
1721	-0.463
1722	-0.6754
1723	1.203
1724	1.501
1725	1.697
1726	0.0133
1727	-0.1347
1728	-0.02127
1729	-1.17
1730	-0.2316
1731	-0.1281
1732	3.098
1733	0.1124
1734	-0.1841
1735	0.241
1736	-0.05315
1737	-0.8963
1738	-0.4215
1739	-0.3496
1740	0.6484
1741	-0.1045
1742	0.04299
1743	-0.7764
1744	-0.05882
1745	-0.2496
1746	-0.2811
1747	-0.266
1748	0.347
1749	0.04815
1750	-0.8379
1751	-0.2607
1752	0.3273
1753	0.3668
1754	0.1526
1755	0.3028
1756	-0.1729
1757	-0.6003
1758	-0.02711
1759	-0.466
1760	-0.02537
1761	0.1292
1762	-0.597
1763	0.3474
1764	0.6834
1765	1.288
1766	0.3482
1767	1.14
1768	0.1891
1769	-0.1358
1770	
1771	-0.1178
1772	
1773	0.1846
1774	0.009447
1775	-0.1827
1776	-0.5099
1777	
1778	0.5476
1779	0.6934
1780	-0.06151
1781	0.01402
1782	-0.1874
1783	2.01
1784	1.319
1785	-0.1105
1786	0.04724
1787	-0.4979
1788	
1789	-0.4522
1790	-0.1508
1791	-0.3524
1792	-0.1429
1793	0.1894
1794	-0.2315
1795	0.7122
1796	0.1662
1797	0.1172
1798	-0.3788
1799	0.1879
1800	1.272
1801	-1.077
1802	-0.1501
1803	-0.2253
1804	0.1865
1805	-0.5421
1806	-0.2124
1807	0.2963
1808	
1809	-0.3889
1810	0.2224
1811	-0.4753
1812	0.825
1813	0.7472
1814	0.5769
1815	0.2215
1816	0.9072
1817	-0.09163
1818	-0.008042
1819	-0.4019
1820	-1.191
1821	-0.3181
1822	-0.2747
1823	0.05836
1824	-1.448
1825	-0.3842
1826	-0.2148
1827	0.4124
1828	-0.1898
1829	0.4819
1830	0.6341
1831	-0.1936
1832	1.247
1833	-0.2361
1834	1.095
1835	0.3096
1836	1.131
1837	1.097
1838	0.2554
1839	-0.2929
1840	-0.4836
1841	-0.009853
1842	-1.048
1843	-0.2092
1844	-0.3002
1845	0.3898
1846	-0.1376
1847	-0.03844
1848	-0.1504
1849	0.6389
1850	0.02473
1851	-0.1135
1852	0.5983
1853	-0.05853
1854	0.04174
1855	-0.2573
1856	-0.5539
1857	-2.327
1858	-1.591
1859	-0.4813
1860	-0.2452
1861	0.04468
1862	0.06873
1863	0.0331
1864	1.069
1865	0.5563
1866	0.8577
1867	1.24
1868	0.2714
1869	0.9154
1870	0.6192
1871	0.4361
1872	-0.6888
1873	0.1915
1874	-0.1668
1875	-0.4298
1876	0.3343
1877	-0.2241
1878	-0.1208
1879	
1880	-0.5261
1881	-0.5701
1882	-0.04147
1883	-0.05838
1884	0.1763
1885	-0.2055
1886	-0.4255
1887	
1888	-0.1086
1889	-0.05567
1890	
1891	-0.1213
1892	-0.1102
1893	-0.7019
1894	-0.6471
1895	-0.04258
1896	2.364
1897	2.481
1898	0.0192
1899	-0.16
1900	-0.9747
1901	-0.1443
1902	-1.453
1903	-1.05
1904	-0.08181
1905	-1.092
1906	-0.2309
1907	-0.9219
1908	-0.6981
1909	
1910	
1911	
1912	-0.5727
1913	-0.3646
1914	-0.817
1915	-0.02676
1916	-0.07262
1917	0.4627
1918	-0.6141
1919	0.4906
1920	-1.76
1921	0.04941
1922	
1923	-0.1494
1924	-0.2528
1925	-0.3872
1926	-0.5
1927	0.9753
1928	-0.05894
1929	-0.2926
1930	-0.08352
1931	0.3005
1932	-0.2152
1933	0.6202
1934	-0.08073
1935	0.00193
1936	-0.2707
1937	-0.3851
1938	-1.264
1939	-0.6149
1940	-0.6522
1941	-0.3414
1942	-0.5242
1943	-0.6972
1944	-0.4081
1945	-0.7597
1946	0.009052
1947	-0.07795
1948	-0.4316
1949	-0.7714
1950	-0.1642
1951	-0.2749
1952	-0.5652
1953	0.8885
1954	
1955	1.447
1956	0.1756
1957	0.5491
1958	0.3811
1959	0.2173
1960	-0.1923
1961	-0.02421
1962	0.0137
1963	0.9598
1964	-0.4515
1965	0.1068
1966	-0.5862
1967	2.276
1968	-0.6491
1969	-0.006848
1970	-0.1418
1971	0.4863
1972	0.1769
1973	-3.054
1974	-0.321
1975	
1976	-0.599
1977	
1978	
1979	-0.1422
1980	0.09718
1981	0.1075
1982	0.3049
1983	-0.5496
1984	
1985	0.9848
1986	
1987	-0.5317
1988	-0.1797
1989	
1990	0.6726
1991	-0.2602
1992	-0.1586
1993	-0.3203
1994	0.1534
1995	-0.4825
1996	0.07053
1997	0.5938
1998	0.1552
1999	-0.05939
2000	-0.3789
2001	-0.1698
2002	-0.2837
2003	
2004	-0.2005
2005	
2006	0.2044
2007	
2008	0.4803
2009	1.256
2010	
2011	-0.2964
2012	-1.244
2013	-0.3428
2014	-0.6452
2015	0.6714
2016	0.4218
2017	0.08639
2018	
2019	-2.168
2020	-1.533
2021	-1.525
2022	-1.787
2023	-1.8
2024	-0.8441
2025	-0.7065
2026	-1.431
2027	-0.1038
2028	0.1354
2029	-0.2182
2030	0.1034
2031	-0.1739
2032	-0.07238
2033	-0.5424
2034	-0.1547
2035	-0.03517
2036	
2037	0.179
2038	0.3737
2039	0.1014
2040	0.07177
2041	0.445
2042	-0.1188
2043	-0.639
2044	-0.7416
2045	
2046	-0.186
2047	-0.6465
2048	-0.494
2049	-0.9131
2050	0.2464
2051	-0.03536
2052	-0.03237
2053	
2054	-0.4715
2055	-0.1197
2056	-0.4418
2057	-0.1042
2058	-0.3282
2059	-0.4465
2060	0.05133
2061	-0.2241
2062	-0.7441
2063	0.3772
2064	-0.2335
2065	0.07125
2066	-0.2986
2067	
2068	-0.0007829
2069	-0.6798
2070	-0.4138
2071	-0.01098
2072	
2073	
2074	0.3023
2075	0.2203
2076	0.1472
2077	0.3282
2078	-0.08857
2079	0.4095
2080	1.873
2081	0.7339
2082	-0.4032
2083	0.2127
2084	0.1175
2085	
2086	0.9178
2087	0.03409
2088	0.3173
2089	-0.2629
2090	-0.3584
2091	-1.449
2092	-1.006
2093	-1.419
2094	-1.111
2095	-1.444
2096	-0.6905
2097	3.386
2098	-0.1897
2099	-0.07555
2100	-0.5007
2101	0.0977
2102	-0.07708
2103	0.1433
2104	-0.3832
2105	0.07746
2106	
2107	-0.6442
2108	
2109	-0.09543
2110	-0.1683
2111	
2112	0.643
2113	-0.2887
2114	1.141
2115	-0.3471
2116	-0.2189
2117	-0.3538
2118	-0.3815
2119	-0.7748
2120	-0.7695
2121	0.02898
2122	-0.5304
2123	-0.09004
2124	-0.007374
2125	-0.06148
2126	-0.194
2127	1.523
2128	0.6843
2129	0.494
2130	0.2395
2131	0.6669
2132	
2133	0.1225
2134	-0.3748
2135	
2136	0.3954
2137	1.058
2138	-0.7318
2139	0.01348
2140	-0.288
2141	0.1977
2142	0.2794
2143	0.1872
2144	0.1135
2145	-0.02351
2146	-0.4035
2147	-0.04379
2148	-0.4464
2149	-0.7869
2150	-0.181
2151	-0.7211
2152	0.1514
2153	0.1852
2154	0.1795
2155	-2.038
2156	-0.07085
2157	-0.4357
2158	0.1408
2159	0.2107
2160	0.07784
2161	
2162	
2163	-0.2224
2164	0.2348
2165	-0.05159
2166	-0.3537
2167	-0.3333
2168	0.01632
2169	-0.8062
2170	-0.6302
2171	-0.1791
2172	-0.1424
2173	0.06539
2174	0.05716
2175	-0.5445
2176	-0.579
2177	0.1323
2178	
2179	-0.2129
2180	0.2361
2181	0.03602
2182	
2183	
2184	0.01406
2185	0.5186
2186	0.3363
2187	0.2573
2188	0.4076
2189	
2190	-0.9821
2191	0.3643
2192	0.03359
2193	-0.2626
2194	-0.3707
2195	-0.402
2196	-0.2094
2197	0.2696
2198	0.01187
2199	0.0845
2200	-0.2497
2201	0.2841
2202	-0.03623
2203	-0.1166
2204	-0.4977
2205	-0.2765
2206	-0.1698
2207	-0.07082
2208	-0.5464
2209	-0.204
2210	0.6175
2211	-0.1934
2212	0.4444
2213	0.2008
2214	-0.3328
2215	-0.3765
2216	0.3729
2217	-0.2797
2218	-0.2939
2219	-0.5624
2220	-0.4209
2221	0.02972
2222	-0.5134
2223	-0.449
2224	-0.4959
2225	-0.05254
2226	-0.747
2227	0.0336
2228	-0.7137
2229	
2230	
2231	0.3908
2232	0.03683
2233	-0.06336
2234	-0.8178
2235	0.07297
2236	-0.09895
2237	0.2926
2238	0.2733
2239	-0.2817
2240	-1.064
2241	-0.3928
2242	-0.4469
2243	0.04874
2244	-0.01477
2245	-0.1509
2246	-0.5197
2247	0.01618
2248	-0.4172
2249	0.4365
2250	-0.3096
2251	-0.3606
2252	
2253	0.8809
2254	1.032
2255	0.9733
2256	-0.2377
2257	-0.3077
2258	0.3449
2259	-0.2272
2260	0.3809
2261	0.5084
2262	0.388
2263	0.07315
2264	1.014
2265	0.8249
2266	1.073
2267	
2268	0.07606
2269	0.161
2270	-0.865
2271	
2272	-0.08033
2273	-0.2566
2274	0.04887
2275	-0.6005
2276	-0.3772
2277	-0.3499
2278	-0.8614
2279	-0.5933
2280	-0.1803
2281	-0.2896
2282	-0.5326
2283	-0.7137
2284	-0.2522
2285	-0.2241
2286	0.3852
2287	0.2071
2288	0.4185
2289	-0.6271
2290	0.2702
2291	0.3793
2292	-0.7279
2293	0.3601
2294	0.5862
2295	0.331
2296	0.7245
2297	1.014
2298	0.1395
2299	-0.3653
2300	0.3067
2301	0.2244
2302	0.6772
2303	0.09399
2304	0.2546
2305	-0.8274
2306	-0.4643
2307	-0.5741
2308	-0.3094
2309	0.3633
2310	-0.1559
2311	-0.03943
2312	2.498
2313	1.292
2314	-0.07428
2315	0.07791
2316	0.6018
2317	
2318	
2319	
2320	0.9159
2321	0.07225
2322	
2323	0.9126
2324	-0.1772
2325	-0.2631
2326	-0.3023
2327	0.4419
2328	-0.145
2329	0.4102
2330	-0.009248
2331	-0.4905
2332	-0.1627
2333	-0.3061
2334	-0.3562
2335	-0.2931
2336	-0.3979
2337	-0.4232
2338	-0.05457
2339	
2340	0.8402
2341	-0.5982
2342	-1.304
2343	0.1582
2344	-0.1922
2345	-0.3832
2346	-0.3555
2347	1.507
2348	
2349	-0.1523
2350	0.1539
2351	0.2254
2352	-0.1254
2353	-0.2137
2354	-0.1951
2355	-0.9325
2356	-0.2139
2357	-0.2915
2358	-0.05278
2359	
2360	-0.2118
2361	-0.5509
2362	
2363	-0.1046
2364	0.1445
2365	
2366	-0.1638
2367	-0.07005
2368	-0.06653
2369	-0.1688
2370	0.559
2371	-0.1013
2372	0.1931
2373	-0.4389
2374	-0.18
2375	0.02236
2376	
2377	-0.02623
2378	-0.8452
2379	-0.6811
2380	-0.3626
2381	0.06676
2382	-0.1387
2383	
2384	-0.4497
2385	
2386	-0.3091
2387	
2388	-0.2056
2389	-0.398
2390	0.07487
2391	0.2081
2392	0.8643
2393	0.6251
2394	0.6195
2395	-0.8231
2396	
2397	
2398	
2399	-0.2944
2400	1.021
2401	
2402	
2403	
2404	
2405	-0.1349
2406	
2407	-0.2383
2408	-0.2571
2409	-0.3131
2410	-0.2951
2411	0.1306
2412	-0.2065
2413	0.09086
2414	0.1408
2415	-0.1537
2416	0.547
2417	-0.6342
2418	-0.5596
2419	0.04914
2420	-0.9077
2421	-0.7388
2422	-1.56
2423	-0.7414
2424	-0.9326
2425	-0.3282
2426	-0.3068
2427	0.1045
2428	-0.08863
2429	0.008655
2430	-0.6237
2431	
2432	-0.008176
2433	0.001856
2434	-0.002671
2435	-0.143
2436	-0.1463
2437	-0.322
2438	
2439	-0.2757
2440	0.1672
2441	-0.7838
2442	-0.1206
2443	-0.4583
2444	
2445	-0.2501
2446	
2447	-0.1447
2448	-0.01575
2449	0.002277
2450	-0.9243
2451	-0.6196
2452	0.07205
2453	
2454	
2455	
2456	-0.1118
2457	-0.1388
2458	
2459	-0.03041
2460	-0.4053
2461	
2462	-0.0957
2463	-0.1246
2464	2.373
2465	2.152
2466	0.158
2467	-0.4387
2468	-0.3424
2469	0.09914
2470	-0.3973
2471	-0.799
2472	-0.8985
2473	0.01117
2474	0.6304
2475	0.9874
2476	2.166
2477	0.1886
2478	0.3911
2479	0.355
2480	0.1038
2481	-0.1733
2482	0.2981
2483	
2484	-0.595
2485	-0.348
2486	-0.1422
2487	0.5665
2488	0.03688
2489	0.2473
2490	0.1463
2491	-0.6246
2492	
2493	-0.609
2494	0.4016
2495	-0.5779
2496	-0.07471
2497	-1.14
2498	-0.2843
2499	
2500	
2501	0.3458
2502	0.1258
2503	-0.5255
2504	-1.264
2505	-0.7758
2506	-0.02753
2507	0.5163
2508	0.5908
2509	0.2296
2510	0.1557
2511	0.3864
2512	0.0814
2513	0.6407
2514	0.1781
2515	0.3664
2516	-0.3172
2517	0.3766
2518	-0.1512
2519	-0.1489
2520	
2521	-0.3029
2522	0.2945
2523	
2524	-0.4842
2525	0.2565
2526	-0.1623
2527	0.07428
2528	0.1152
2529	-0.01023
2530	-0.09265
2531	0.4756
2532	0.6942
2533	-0.9018
2534	0.1689
2535	0.9606
2536	-0.8671
2537	0.1583
2538	0.2807
2539	0.424
2540	0.3015
2541	0.07021
2542	-0.102
2543	0.3912
2544	-0.2675
2545	0.07605
2546	0.05825
2547	
2548	-0.9006
2549	
2550	-0.6828
2551	1.452
2552	-0.5132
2553	0.01666
2554	0.5286
2555	0.5814
2556	-0.1946
2557	2.26
2558	-0.7854
2559	-0.1049
2560	0.7929
2561	0.1832
2562	-0.1139
2563	0.03114
2564	-0.4642
2565	0.8317
2566	0.6583
2567	1.091
2568	-0.0316
2569	0.06905
2570	-0.3079
2571	0.4158
2572	0.4835
2573	1.33
2574	0.001808
2575	-0.09236
2576	-0.3686
2577	-0.4062
2578	0.4417
2579	0.004671
2580	-0.4972
2581	-0.1285
2582	0.09877
2583	-0.04228
2584	0.3544
2585	0.3043
2586	0.3572
2587	1.384
2588	
2589	
2590	
2591	
2592	3.016
2593	0.09275
2594	0.4839
2595	0.3566
2596	-0.2991
2597	-2.677
2598	0.09013
2599	-0.7966
2600	0.8099
2601	0.7642
2602	0.1166
2603	
2604	
2605	-0.248
2606	-0.718
2607	0.9695
2608	1.429
2609	0.3437
2610	0.26
2611	0.1649
2612	0.3284
2613	-0.169
2614	0.3878
2615	0.1873
2616	-0.5145
2617	-0.2476
2618	0.1894
2619	0.05857
2620	-0.1431
2621	
2622	-0.7673
2623	-0.333
2624	-0.005246
2625	
2626	0.1771
2627	
2628	0.008498
2629	
2630	0.05873
2631	
2632	-0.0976
2633	-0.1842
2634	
2635	0.3214
2636	0.058
2637	0.2842
2638	0.2635
2639	-0.6484
2640	0.1161
2641	0.269
2642	0.2657
2643	0.0782
2644	0.1718
2645	-0.2559
2646	0.01898
2647	
2648	-0.1363
2649	-0.08859
2650	-0.3687
2651	0.2303
2652	
2653	
2654	0.1191
2655	0.2015
2656	0.2326
2657	-0.3781
2658	0.1612
2659	0.377
2660	0.5035
2661	0.3351
2662	0.2821
2663	0.09545
2664	1.225
2665	1.278
2666	-0.4472
2667	0.1304
2668	-0.7047
2669	
2670	0.4311
2671	0.0668
2672	0.6246
2673	-0.3331
2674	-0.2022
2675	-0.1081
2676	0.1661
2677	-0.2905
2678	-0.658
2679	-2.522
2680	0.1042
2681	0.03081
2682	
2683	0.1636
2684	-0.4837
2685	-0.5434
2686	-0.2634
2687	-0.1217
2688	0.7014
2689	0.1671
2690	-0.1875
2691	
2692	
2693	
2694	
2695	
2696	-0.6567
2697	0.923
2698	-0.5216
2699	0.5332
2700	0.8613
2701	0.3898
2702	0.03675
2703	-0.306
2704	0.1714
2705	-0.7208
2706	-0.1884
2707	-0.3109
2708	
2709	-0.461
2710	
2711	0.03608
2712	-0.2097
2713	0.9311
2714	-0.8077
2715	-0.6974
2716	0.167
2717	0.3429
2718	-0.02398
2719	1.602
2720	0.3979
2721	0.5347
2722	1.407
2723	0.3009
2724	0.8304
2725	0.5795
2726	0.8228
2727	0.6544
2728	0.171
2729	0.4548
2730	0.7264
2731	2
2732	0.06205
2733	0.07726
2734	-0.3369
2735	-0.2487
2736	0.04953
2737	
2738	0.2136
2739	-0.1313
2740	-0.5556
2741	0.9063
2742	1.263
2743	0.5983
2744	-0.1166
2745	0.01476
2746	0.1749
2747	0.2655
2748	
2749	
2750	-2.253
2751	-1.797
2752	-0.6403
2753	-0.5003
2754	-0.289
2755	-0.3306
2756	0.03658
2757	-0.1575
2758	-0.2377
2759	0.15
2760	0.03764
2761	0.001489
2762	-2.057
2763	-1.627
2764	-0.4763
2765	-0.5624
2766	
2767	-0.005583
2768	
2769	0.4348
2770	-0.6978
2771	-0.5208
2772	
2773	0.09789
2774	0.4848
2775	
2776	-0.3281
2777	-0.2248
2778	
2779	1.535
2780	0.275
2781	-0.2122
2782	-0.009463
2783	0.01228
2784	0.01676
2785	0.1969
2786	
2787	-0.006453
2788	-0.1156
2789	
2790	-0.4299
2791	
2792	0.2
2793	
2794	-0.2247
2795	0.931
2796	-0.07754
2797	-0.08292
2798	-0.9337
2799	
2800	-0.03303
2801	-0.8265
2802	
2803	
2804	
2805	-0.6785
2806	0.196
2807	0.3731
2808	0.1583
2809	0.7059
2810	-0.1899
2811	0.1663
2812	-0.2962
2813	0.2425
2814	
2815	
2816	
2817	
2818	-0.5522
2819	0.05051
2820	0.6685
2821	-0.322
2822	
2823	0.08484
2824	0.08771
2825	-0.09515
2826	-0.2297
2827	0.3412
2828	0.2697
2829	0.3557
2830	0.7336
2831	-0.03698
2832	-0.2521
2833	-0.05917
2834	-0.955
2835	-0.1344
2836	0.01135
2837	-0.6655
2838	1.103
2839	-0.1825
2840	0.006211
2841	-0.4382
2842	-0.1928
2843	-0.5221
2844	-0.7252
2845	-0.1745
2846	-0.1323
2847	0.1847
2848	-0.3399
2849	-0.03775
2850	0.05096
2851	
2852	-0.4826
2853	-0.1256
2854	-0.1929
2855	0.2718
2856	0.09638
2857	-0.1257
2858	0.2555
2859	0.01125
2860	0.07658
2861	0.8069
2862	0.1222
2863	-0.1367
2864	
2865	0.02878
2866	-0.04503
2867	0.09124
2868	0.05733
2869	-0.233
2870	-0.7897
2871	-0.2648
2872	-0.3562
2873	-0.7401
2874	-0.2491
2875	-0.4043
2876	-0.3406
2877	-0.3792
2878	-0.5778
2879	-0.5652
2880	0.7953
2881	-0.3776
2882	-0.5533
2883	-0.4336
2884	-0.3285
2885	-0.4644
2886	0.322
2887	
2888	-0.1634
2889	0.7197
2890	0.8513
2891	0.5359
2892	0.2494
2893	-0.395
2894	0.4739
2895	-0.6271
2896	-0.1087
2897	-0.1292
2898	-0.1374
2899	0.4679
2900	-0.001583
2901	
2902	-0.3871
2903	-0.5445
2904	-0.59
2905	-1.231
2906	0.6612
2907	0.1517
2908	0.07604
2909	0.7179
2910	-0.2652
2911	
2912	-1.076
2913	0.8438
2914	-0.4128
2915	-0.08298
2916	-0.3273
2917	-0.4195
2918	-0.2667
2919	0.3736
2920	-0.3099
2921	-0.3386
2922	0.4099
2923	0.2101
2924	0.5494
2925	0.54
2926	1.077
2927	-0.4759
2928	-0.07673
2929	0.394
2930	-0.1559
2931	0.1379
2932	0.1858
2933	-0.3844
2934	-0.7027
2935	0.4766
2936	0.7859
2937	0.6631
2938	0.2691
2939	-0.1658
2940	-0.1517
2941	2.888
2942	4.227
2943	0.5694
2944	-0.4103
2945	-0.1501
2946	0.6508
2947	0.3262
2948	-0.1976
2949	0.1885
2950	-0.8768
2951	1.047
2952	0.038
2953	0.3676
2954	0.221
2955	-0.4012
2956	-0.3188
2957	0.3661
2958	-0.02019
2959	-0.3279
2960	0.5663
2961	0.6611
2962	0.2553
2963	0.4161
2964	-0.7318
2965	-0.4997
2966	-0.1978
2967	
2968	-0.6358
2969	1.5
2970	-0.03969
2971	-0.07729
2972	-0.3556
2973	-0.9093
2974	
2975	
2976	0.1588
2977	0.03361
2978	-0.2658
2979	-0.9042
2980	0.3911
2981	-0.2619
2982	0.1716
2983	-0.6817
2984	-0.545
2985	-0.09037
2986	0.008791
2987	
2988	0.8583
2989	0.4841
2990	0.3807
2991	0.1996
2992	0.4619
2993	0.3384
2994	0.6619
2995	0.1742
2996	0.2258
2997	1.629
2998	1.204
2999	0.2886
3000	0.8111
3001	0.1862
3002	0.6217
3003	1.822
3004	0.4599
3005	1.091
3006	1.136
3007	0.07658
3008	1.442
3009	0.1284
3010	-0.1496
3011	0.3501
3012	2.06
3013	-0.3522
3014	-0.0355
3015	-0.2175
3016	0.8322
3017	0.1233
3018	-0.1905
3019	0.2178
3020	0.3124
3021	-0.4075
3022	-0.09189
3023	0.6495
3024	1.388
3025	-0.2077
3026	-0.1342
3027	0.1206
3028	0.4784
3029	-0.09294
3030	0.6489
3031	0.5485
3032	0.5819
3033	-0.2401
3034	0.1882
3035	0.06869
3036	0.1334
3037	0.7897
3038	0.1927
3039	-0.2764
3040	-0.6426
3041	-0.5794
3042	0.1662
3043	-0.244
3044	1.236
3045	-0.2267
3046	-0.06561
3047	-0.3072
3048	-0.6677
3049	0.2857
3050	-1.128
3051	-0.8714
3052	0.4246
3053	-0.1388
3054	0.1199
3055	-0.03057
3056	0.841
3057	-0.4995
3058	-0.2083
3059	-0.1205
3060	-0.8204
3061	-0.101
3062	-0.1526
3063	-0.4483
3064	-0.524
3065	0.1638
3066	0.9431
3067	0.6492
3068	0.7567
3069	
3070	-0.2623
3071	0.5176
3072	-0.1369
3073	2.095
3074	0.1011
3075	-0.6133
3076	
3077	
3078	0.1737
3079	-0.227
3080	
3081	-0.5956
3082	-0.1766
3083	-0.2776
3084	-0.4547
3085	-0.1524
3086	-0.453
3087	-0.2529
3088	-0.832
3089	-0.5533
3090	-0.3401
3091	-0.2965
3092	
3093	0.2729
3094	-0.09033
3095	0.2016
3096	0.4195
3097	1.217
3098	1.184
3099	1.345
3100	0.3938
3101	0.09585
3102	1.061
3103	-0.2875
3104	0.04133
3105	-0.9815
3106	-0.366
3107	-0.1475
3108	-0.2767
3109	-0.1589
3110	-0.6106
3111	-0.3901
3112	-0.02046
3113	0.1579
3114	-0.2224
3115	
3116	
3117	-0.2102
3118	
3119	-0.1413
3120	-0.2342
3121	-0.3569
3122	0.4949
3123	
3124	0.1172
3125	0.3111
3126	0.1596
3127	-0.6574
3128	-0.4956
3129	0.1576
3130	-0.2569
3131	-0.7452
3132	-0.5001
3133	-0.7732
3134	-0.7911
3135	-1.003
3136	-0.2092
3137	0.04802
3138	-0.1681
3139	
3140	0.09086
3141	-0.5363
3142	-0.2433
3143	-0.5996
3144	
3145	-0.2409
3146	-0.483
3147	0.2395
3148	0.1963
3149	0.2707
3150	0.4957
3151	-0.179
3152	-0.1004
3153	1.552
3154	0.1255
3155	-0.2953
3156	-0.1899
3157	-0.7036
3158	-0.6986
3159	-0.09732
3160	1.298
3161	0.9533
3162	0.5661
3163	1.125
3164	0.08236
3165	-1.026
3166	-0.369
3167	-0.3541
3168	0.08991
3169	0.4218
3170	0.1624
3171	
3172	-1.112
3173	-0.9041
3174	
3175	-0.8398
3176	0.004239
3177	0.225
3178	0.6826
3179	1.039
3180	0.6884
3181	-0.8901
3182	
3183	0.8592
3184	-0.03993
3185	-0.3329
3186	-0.4408
3187	0.723
3188	
3189	-0.544
3190	0.3376
3191	-0.3034
3192	-0.2039
3193	-0.02121
3194	-0.1783
3195	-0.1773
3196	-0.06308
3197	0.8521
3198	0.2277
3199	0.4711
3200	0.04407
3201	0.3371
3202	0.357
3203	0.5139
3204	0.8944
3205	0.6559
3206	0.0278
3207	1.336
3208	0.2917
3209	-0.34
3210	0.1291
3211	-0.3123
3212	0.3144
3213	-0.3302
3214	0.3137
3215	-0.1843
3216	
3217	0.1302
3218	0.07213
3219	-0.5571
3220	-0.743
3221	0.2349
3222	-0.02913
3223	-0.1274
3224	-0.4784
3225	-0.6218
3226	0.1243
3227	-0.1632
3228	-0.3997
3229	0.4541
3230	0.3002
3231	-0.1285
3232	-0.03155
3233	-0.8512
3234	0.2869
3235	0.04459
3236	-0.3515
3237	-0.4741
3238	0.5465
3239	-0.06732
3240	
3241	-0.4003
3242	-0.4113
3243	-0.2004
3244	0.04171
3245	-0.07472
3246	-0.1651
3247	0.4322
3248	0.3228
3249	0.347
3250	-0.16
3251	0.8026
3252	0.09513
3253	0.6477
3254	-0.009123
3255	1.538
3256	1.897
3257	-0.06305
3258	-0.3131
3259	-0.3818
3260	0.8715
3261	0.2042
3262	-0.49
3263	-0.08443
3264	-0.3348
3265	-0.4817
3266	-0.7471
3267	0.1473
3268	-0.4137
3269	
3270	-0.1819
3271	-0.3244
3272	
3273	
3274	
3275	
3276	
3277	
3278	
3279	-0.3797
3280	-0.03394
3281	0.1968
3282	0.3486
3283	0.26
3284	0.2203
3285	0.03742
3286	-0.2304
3287	0.4412
3288	0.4001
3289	0.8096
3290	0.6944
3291	
3292	0.3578
3293	0.4391
3294	-0.8476
3295	0.7728
3296	0.7348
3297	0.5565
3298	-0.1107
3299	-0.1668
3300	0.7289
3301	-0.02874
3302	0.03494
3303	0.004588
3304	-0.2591
3305	0.5969
3306	0.6149
3307	0.3911
3308	0.3426
3309	
3310	0.2516
3311	
3312	
3313	0.4063
3314	0.4121
3315	-0.445
3316	-0.6673
3317	0.6065
3318	0.2372
3319	0.01844
3320	0.2367
3321	0.3444
3322	0.1261
3323	-0.1653
3324	-0.5366
3325	-0.8347
3326	-0.8345
3327	-0.4903
3328	-0.3716
3329	-0.7627
3330	-0.07031
3331	
3332	-0.9146
3333	-0.6492
3334	0.1368
3335	-0.2623
3336	-0.01354
3337	-0.9135
3338	
3339	0.3877
3340	0.354
3341	0.138
3342	0.8789
3343	1.082
3344	0.288
3345	0.2452
3346	0.7675
3347	-0.4422
3348	0.2033
3349	
3350	0.1145
3351	0.1532
3352	0.2683
3353	0.3627
3354	0.4861
3355	-0.03918
3356	-0.4386
3357	-0.1443
3358	0.2918
3359	0.002214
3360	-0.2493
3361	0.6988
3362	0.2041
3363	0.1971
3364	0.5024
3365	-0.578
3366	-0.2303
3367	-0.1159
3368	-0.07823
3369	-0.02856
3370	-0.457
3371	
3372	-0.003976
3373	-0.4904
3374	0.05707
3375	0.03781
3376	-0.4691
3377	-0.7702
3378	-0.269
3379	-0.433
3380	0.03619
3381	
3382	-0.1766
3383	-0.3829
3384	-0.07829
3385	0.2559
3386	0.3153
3387	0.2314
3388	0.6676
3389	0.563
3390	0.2983
3391	0.01171
3392	-0.09211
3393	-0.6031
3394	-0.3491
3395	-0.5327
3396	0.02388
3397	-0.4547
3398	0.1789
3399	0.6979
3400	1.298
3401	1.147
3402	-0.9311
3403	-0.8959
3404	-0.273
3405	-0.3011
3406	
3407	0.1776
3408	-0.074
3409	0.5555
3410	-0.4762
3411	-0.7399
3412	0.08365
3413	-0.05302
3414	0.7252
3415	0.01098
3416	
3417	0.259
3418	-1.083
3419	-0.6206
3420	
3421	-0.2824
3422	-0.8244
3423	-0.1157
3424	0.4641
3425	-0.3759
3426	
3427	
3428	0.4683
3429	0.724
3430	0.505
3431	0.6905
3432	-0.04905
3433	-0.4643
3434	-0.2269
3435	
3436	-0.4643
3437	-1.195
3438	-0.3537
3439	-0.3222
3440	-0.3303
3441	-1.082
3442	-0.4119
3443	-0.1089
3444	-0.8124
3445	-0.6608
3446	0.1367
3447	0.8918
3448	1.187
3449	0.6379
3450	-0.698
3451	-0.7774
3452	-0.7042
3453	0.01101
3454	-0.791
3455	0.1374
3456	-0.4969
3457	-0.7971
3458	-1.265
3459	-0.4705
3460	-2.781
3461	0.5329
3462	-0.1165
3463	-0.008359
3464	0.1046
3465	-0.01605
3466	-0.3204
3467	-0.2122
3468	0.1682
3469	
3470	-0.3471
3471	-0.5367
3472	-0.09457
3473	-0.4977
3474	0.09157
3475	0.5602
3476	0.1148
3477	-0.01205
3478	-0.04903
3479	0.07063
3480	0.02819
3481	-0.54
3482	-0.2997
3483	-0.4214
3484	
3485	
3486	0.736
3487	0.3689
3488	-0.9857
3489	-0.346
3490	-0.5413
3491	3.802
3492	0.1626
3493	0.4731
3494	0.1327
3495	-0.6534
3496	-0.02165
3497	0.1431
3498	1.566
3499	-0.2166
3500	0.05208
3501	-0.3298
3502	-0.06569
3503	
3504	0.1093
3505	0.06578
3506	2.589
3507	1.772
3508	1.28
3509	4.464
3510	3.924
3511	3.832
3512	2.748
3513	2.504
3514	2.937
3515	2.341
3516	0.9638
3517	5.291
3518	0.03839
3519	1.667
3520	-0.115
3521	-0.03626
3522	0.982
3523	0.4109
3524	0.7457
3525	-0.6267
3526	0.002055
3527	0.02769
3528	-0.3625
3529	-0.1879
3530	0.0006234
3531	-0.2425
3532	-0.6062
3533	-1.001
3534	-0.6832
3535	-0.3811
3536	-0.4951
3537	-0.5404
3538	-0.9469
3539	-1.169
3540	-0.4722
3541	-0.8053
3542	-1.126
3543	-1.41
3544	-0.9603
3545	
3546	-0.6006
3547	0.03644
3548	-0.2685
3549	-0.1574
3550	-0.2005
3551	0.1196
3552	-0.6656
3553	-0.08366
3554	-0.5398
3555	0.6814
3556	-1.644
3557	
3558	-0.02387
3559	-0.1427
3560	-0.1331
3561	
3562	-0.5904
3563	
3564	-0.08227
3565	-0.2168
3566	-0.02204
3567	
3568	-0.5009
3569	-0.3901
3570	0.6911
3571	-0.6635
3572	0.3265
3573	-0.5244
3574	
3575	
3576	-0.3139
3577	-0.3641
3578	
3579	-0.1032
3580	-0.6333
3581	-0.4584
3582	-0.353
3583	-0.231
3584	-0.5347
3585	-0.178
3586	
3587	0.279
3588	
3589	0.131
3590	0.7567
3591	0.5859
3592	1.049
3593	
3594	
3595	0.1403
3596	
3597	
3598	
3599	0.1073
3600	0.5596
3601	-0.3152
3602	
3603	
3604	-0.1779
3605	-0.4761
3606	0.139
3607	1.19
3608	1.054
3609	-0.1288
3610	0.252
3611	0.792
3612	
3613	-0.01031
3614	
3615	
3616	0.2151
3617	0.4781
3618	0.3122
3619	0.637
3620	0.4931
3621	0.1346
3622	0.0241
3623	-0.2306
3624	-0.1266
3625	-0.1225
3626	
3627	-0.2179
3628	
3629	-0.1165
3630	-0.671
3631	-0.07647
3632	-0.1887
3633	-0.7798
3634	-0.7284
3635	-0.05775
3636	0.0631
3637	-0.7807
3638	-0.3663
3639	0.5248
3640	-0.06417
3641	-0.4777
3642	-0.9527
3643	-0.5028
3644	0.4704
3645	-0.5446
3646	-0.1834
3647	
3648	-0.3977
3649	-0.4752
3650	0.621
3651	0.326
3652	0.2666
3653	0.6118
3654	
3655	-0.0505
3656	
3657	-0.5097
3658	
3659	
3660	0.1142
3661	-0.9811
3662	
3663	0.00279
3664	
3665	-0.5042
3666	
3667	-0.6474
3668	-0.5488
3669	0.7622
3670	-0.1058
3671	-1.313
3672	0.2751
3673	-0.5538
3674	-0.3112
3675	
3676	0.5394
3677	-0.004829
3678	
3679	-0.379
3680	-0.4309
3681	
3682	-0.3791
3683	-0.983
3684	-0.5215
3685	-0.3132
3686	0.1384
3687	0.9235
3688	1.364
3689	0.5199
3690	
3691	-0.5805
3692	-0.7511
3693	
3694	-0.3718
3695	-0.0629
3696	
3697	
3698	-0.0891
3699	0.1751
3700	0.6618
3701	1.041
3702	0.6233
3703	0.1092
3704	0.5853
3705	
3706	0.5633
3707	0.1962
3708	-0.1192
3709	-0.5403
3710	
3711	-0.3425
3712	0.06845
3713	0.4942
3714	0.4735
3715	0.4125
3716	0.008931
3717	-0.3288
3718	-0.3106
3719	-0.0177
3720	-0.3899
3721	-0.5878
3722	-1.173
3723	-1.069
3724	-0.3649
3725	0.1742
3726	-0.3611
3727	
3728	0.1116
3729	-0.4584
3730	
3731	-0.7871
3732	-1.127
3733	-0.5189
3734	-0.3527
3735	0.03527
3736	-0.6499
3737	-0.5238
3738	0.7315
3739	1.171
3740	-0.5763
3741	0.3519
3742	0.1543
3743	-0.4367
3744	-0.4652
3745	-0.1523
3746	0.8403
3747	0.1952
3748	
3749	
3750	-0.1732
3751	1.274
3752	-0.5368
3753	-1.147
3754	-1.301
3755	-0.4383
3756	
3757	
3758	
3759	
3760	
3761	
3762	-0.647
3763	-0.5082
3764	-0.1207
3765	0.06651
3766	0.02087
3767	0.9097
3768	0.05422
3769	-0.01678
3770	-0.03388
3771	-0.6356
3772	-0.05157
3773	-0.57
3774	1.276
3775	-0.3279
3776	-0.5794
3777	
3778	-0.3351
3779	-0.08648
3780	0.02964
3781	-0.2297
3782	-0.04374
3783	1.027
3784	-0.3195
3785	-0.5634
3786	0.5849
3787	0.776
3788	0.4976
3789	-0.3718
3790	-0.01367
3791	0.1203
3792	-0.007261
3793	0.07583
3794	-0.2184
3795	
3796	
3797	
3798	
3799	
3800	-0.3376
3801	-0.7291
3802	
3803	-0.1438
3804	-0.5353
3805	0.5189
3806	0.3398
3807	0.1726
3808	-0.3767
3809	0.04469
3810	0.1134
3811	0.05997
3812	
3813	-0.3336
3814	0.2635
3815	
3816	-0.3478
3817	0.04456
3818	0.07177
3819	-0.3775
3820	0.3579
3821	-0.1101
3822	0.006909
3823	0.6089
3824	-0.1694
3825	0.7133
3826	-0.3535
3827	0.6586
3828	1.396
3829	2.436
3830	0.2939
3831	0.3001
3832	-0.6162
3833	0.2129
3834	0.3757
3835	0.0232
3836	0.3233
3837	0.08158
3838	-0.1991
3839	-0.05669
3840	0.1274
3841	
3842	-0.02487
3843	0.6979
3844	0.1255
3845	-0.601
3846	-0.8013
3847	-0.612
3848	0.1646
3849	
3850	0.127
3851	
3852	
3853	
3854	
3855	
3856	-0.4384
3857	-0.3666
3858	
3859	0.264
3860	-0.4479
3861	-0.458
3862	-0.04339
3863	-0.3385
3864	
3865	-0.1657
3866	0.06767
3867	-0.03564
3868	0.07005
3869	0.2022
3870	0.3858
3871	1.35
3872	-0.1056
3873	0.07517
3874	-0.6485
3875	-0.07712
3876	
3877	-0.4849
3878	-0.431
3879	-0.6042
3880	
3881	
3882	-0.3093
3883	
3884	-0.1565
3885	
3886	0.108
3887	1.13
3888	0.25
3889	
3890	-0.5216
3891	-0.1484
3892	-0.379
3893	
3894	0.9969
3895	-0.1754
3896	-0.05674
3897	-0.8887
3898	0.0496
3899	-1.017
3900	-1.259
3901	0.1434
3902	-0.52
3903	-0.8738
3904	-0.6963
3905	-0.1872
3906	-0.3245
3907	-0.9509
3908	-0.2822
3909	-0.3081
3910	
3911	0.6719
3912	0.3286
3913	-1.572
3914	-1.051
3915	-0.0008721
3916	-0.06328
3917	-2.415
3918	-0.215
3919	0.8345
3920	-0.2086
3921	
3922	
3923	
3924	-0.6574
3925	0.5671
3926	-0.1726
3927	-0.2865
3928	
3929	-0.5143
3930	-0.2066
3931	2.201
3932	2.711
3933	0.6642
3934	
3935	0.1602
3936	-0.1823
3937	0.8239
3938	1.245
3939	1.974
3940	1.458
3941	2.513
3942	0.5684
3943	-0.4769
3944	-0.3292
3945	-0.3269
3946	
3947	
3948	-0.4437
3949	-0.2332
3950	-0.6114
3951	-0.7631
3952	-0.4382
3953	-0.5023
3954	-0.1356
3955	0.6845
3956	0.3634
3957	0.09563
3958	-1.049
3959	-0.2423
3960	-0.8955
3961	-0.4316
3962	1.718
3963	-0.4361
3964	-0.2235
3965	0.2479
3966	-1.158
3967	0.9895
3968	
3969	
3970	
3971	
3972	-0.1104
3973	-0.7245
3974	0.1509
3975	0.1116
3976	
3977	
3978	
3979	
3980	0.3049
3981	0.1419
3982	-0.02168
3983	0.7789
3984	0.5494
3985	0.5479
3986	
3987	1.39
3988	0.5072
3989	-0.3173
3990	0.02732
3991	0.05758
3992	0.1217
3993	0.238
3994	-0.1965
3995	0.3239
3996	1.045
3997	0.2103
3998	0.1084
3999	0.2847
4000	-0.7273
4001	-0.5162
4002	
4003	-0.2773
4004	-0.1246
4005	0.2397
4006	1.752
4007	
4008	
4009	
4010	
4011	-0.3763
4012	-0.07587
4013	2.877
4014	0.7307
4015	0.6378
4016	0.7519
4017	-0.1643
4018	-0.3452
4019	-0.05975
4020	-0.09813
4021	-0.002926
4022	-0.2332
4023	-0.2853
4024	0.2257
4025	2.268
4026	-0.3839
4027	-0.3544
4028	-0.4054
4029	
4030	
4031	-0.4394
4032	
4033	-0.2359
4034	
4035	-1.267
4036	-1.84
4037	-0.9227
4038	-0.1406
4039	0.5447
4040	-0.04754
4041	0.06263
4042	-0.1027
4043	-1.176
4044	-0.8051
4045	0.1998
4046	-0.166
4047	-0.08016
4048	-0.1679
4049	-0.9081
4050	-1.199
4051	0.9936
4052	-0.0757
4053	-0.2684
4054	0.8511
4055	-0.9776
4056	1.675
4057	0.5675
4058	1.534
4059	-0.01824
4060	-0.1408
4061	0.05257
4062	-0.6934
4063	-0.5898
4064	0.2337
4065	-0.1628
4066	-0.1335
4067	-0.8494
4068	0.1263
4069	-0.9321
4070	-0.4837
4071	-0.4236
4072	-0.3618
4073	-0.4758
4074	-0.7937
4075	-0.2379
4076	-0.1493
4077	-0.4239
4078	-0.1653
4079	
4080	0.09677
4081	-0.394
4082	-0.1367
4083	0.01207
4084	
4085	
4086	-0.4024
4087	-0.3128
4088	-0.486
4089	
4090	-0.1784
4091	-0.1193
4092	0.3697
4093	0.4837
4094	-0.4308
4095	-0.7945
4096	-0.9848
4097	-0.3311
4098	-0.1665
4099	0.5022
4100	-0.006731
4101	-0.6238
4102	-0.865
4103	0.0294
4104	-0.7619
4105	-0.8267
4106	-0.5242
4107	2.281
4108	0.4664
4109	-1.693
4110	-0.2475
4111	1.024
4112	-0.1244
4113	-0.4151
4114	-0.5826
4115	0.5288
4116	-0.1823
4117	
4118	-0.8391
4119	-0.6202
4120	-0.7881
4121	-0.3713
4122	-0.5787
4123	-0.334
4124	-0.1961
4125	-0.5523
4126	0.7116
4127	0.6419
4128	0.1869
4129	2.077
4130	-0.4719
4131	-0.07192
4132	-0.1801
4133	-0.4011
4134	
4135	1.235
4136	-0.2604
4137	-0.3684
4138	-0.7273
4139	-0.5682
4140	0.8636
4141	0.2372
4142	2.246
4143	2.531
4144	-1.195
4145	-0.8369
4146	-0.2246
4147	-0.08353
4148	-0.2098
4149	0.8803
4150	-0.7861
4151	0.01422
4152	0.2602
4153	0.2362
4154	0.7783
4155	0.183
4156	-0.2248
4157	0.0000314
4158	-0.0697
4159	0.1039
4160	0.7588
4161	-0.2428
4162	-0.406
4163	
4164	
4165	
4166	0.3951
4167	1.328
4168	0.7283
4169	0.557
4170	0.5008
4171	1.237
4172	-0.2355
4173	0.6321
4174	1.19
4175	0.5362
4176	-0.1443
4177	1.132
4178	-0.01382
4179	0.1823
4180	-0.87
4181	
4182	-0.3876
4183	-0.6774
4184	0.2441
4185	-0.24
4186	-0.2832
4187	2.515
4188	0.6175
4189	0.2995
4190	-0.7173
4191	-0.4561
4192	-0.5245
4193	-0.6605
4194	-0.2613
4195	-0.02134
4196	-0.2419
4197	-0.9833
4198	
4199	0.4714
4200	0.8891
4201	0.9309
4202	0.0172
4203	0.02176
4204	-0.08073
4205	0.1119
4206	-0.5287
4207	-0.504
4208	0.3527
4209	0.3637
4210	-0.3824
4211	-0.08815
4212	-0.1682
4213	-0.1436
4214	0.1522
4215	0.1864
4216	-0.01202
4217	0.2387
4218	0.3594
4219	-0.169
4220	-0.3544
4221	-0.133
4222	-0.2868
4223	-0.1612
4224	0.01472
4225	-0.1564
4226	-0.5744
4227	-0.2729
4228	-0.4208
4229	-0.5051
4230	
4231	-0.1392
4232	1.238
4233	-0.2668
4234	0.129
4235	0.1772
4236	-0.5705
4237	0.1092
4238	-0.07832
4239	-1.061
4240	-0.7351
4241	0.07867
4242	
4243	0.4708
4244	-0.6085
4245	-0.201
4246	-0.3857
4247	1.014
4248	0.9966
4249	-0.04627
4250	-0.1233
4251	0.01277
4252	0.04859
4253	
4254	-1.095
4255	-1.105
4256	-0.2954
4257	-0.2595
4258	0.5185
4259	0.5102
4260	-0.03457
4261	0.1984
4262	0.3308
4263	0.3124
4264	-0.4629
4265	-0.7415
4266	-0.467
4267	-0.09473
4268	-1.201
4269	0.9768
4270	
4271	-0.05894
4272	0.6292
4273	
4274	-0.4141
4275	-0.932
4276	-0.1442
4277	-0.4082
4278	-0.3285
4279	-0.08837
4280	0.06361
4281	-0.1391
4282	-0.1035
4283	
4284	-0.7216
4285	0.2411
4286	-0.1237
4287	-0.1536
4288	-0.07214
4289	-0.5112
4290	-0.1385
4291	1.022
4292	1.361
4293	1.148
4294	-0.8144
4295	-0.7001
4296	-0.6457
4297	-0.05437
4298	0.02542
4299	-0.1719
4300	-0.3109
4301	-0.5694
4302	-0.1421
4303	-0.8232
4304	
4305	-0.2864
4306	-0.1698
4307	-0.432
4308	0.1274
4309	
4310	-0.1359
4311	0.04394
4312	-0.9182
4313	-0.1158
4314	0.6503
4315	-0.2358
4316	0.2205
4317	0.3351
4318	0.1527
4319	0.6658
4320	-0.1094
4321	0.06621
4322	-0.8609
4323	-0.6969
4324	-0.3321
4325	-0.4229
4326	0.03064
4327	0.2176
4328	0.2319
4329	0.5467
4330	0.566
4331	-0.1881
4332	
4333	-0.4851
4334	
4335	0.5915
4336	0.654
4337	-0.1533
4338	-0.5876
4339	
4340	-0.1161
4341	-0.1964
4342	-0.6795
4343	
4344	-0.5982
4345	-0.3714
4346	-0.2525
4347	-0.6348
4348	0.8157
4349	0.2216
4350	-0.6383
4351	-0.3746
4352	-0.6315
4353	-0.166
4354	
4355	-0.1465
4356	-0.6503
4357	-0.5681
4358	0.1485
4359	
4360	-0.1341
4361	0.2142
4362	0.407
4363	-0.05061
4364	0.2197
4365	-0.5292
4366	
4367	0.4963
4368	
4369	
4370	
4371	0.1258
4372	-0.01174
4373	0.7172
4374	0.5614
4375	0.5829
4376	1.841
4377	1.952
4378	1.108
4379	-0.03775
4380	0.06144
4381	
4382	0.5267
4383	2.351
4384	1.645
4385	-0.372
4386	-0.6572
4387	0.05652
4388	0.03911
4389	-0.06035
4390	0.1214
4391	0.06209
4392	0.3907
4393	-0.1191
4394	-0.1311
4395	-0.1004
4396	0.1642
4397	-0.04221
4398	-0.4202
4399	-0.6168
4400	-0.5608
4401	2.615
4402	2.457
4403	-0.1371
4404	
4405	
