1	0.1385
2	0.1323
3	0.01024
4	-0.05741
5	
6	0.1482
7	-0.09529
8	0.3846
9	-0.1443
10	0.02534
11	-0.142
12	-0.1019
13	-0.05608
14	0.7407
15	0.5528
16	-0.1186
17	-0.3374
18	-0.1884
19	0.3278
20	-0.1218
21	-0.06626
22	-0.5519
23	-0.2912
24	
25	-0.146
26	-0.08581
27	0.233
28	
29	
30	-0.03907
31	0.08284
32	-0.7819
33	-0.6612
34	-0.754
35	-0.3356
36	-0.6359
37	-0.1725
38	-0.1693
39	-0.1433
40	-0.489
41	-0.4273
42	-0.4135
43	-0.1833
44	-0.4865
45	-0.3663
46	-0.08047
47	-0.1064
48	-0.06968
49	0.0005021
50	-0.2972
51	-0.1058
52	-0.1587
53	0.3012
54	
55	-0.2914
56	-0.26
57	-0.3231
58	-0.1334
59	
60	-0.3355
61	0.07463
62	-0.4051
63	-0.006954
64	-0.7601
65	
66	-0.01008
67	-0.3038
68	0.2741
69	0.09206
70	0.04561
71	-0.6094
72	0.6149
73	-0.3213
74	0.1942
75	-0.3179
76	-0.154
77	
78	-0.03127
79	-0.1479
80	
81	0.3582
82	0.1005
83	
84	0.285
85	-0.05582
86	0.09009
87	
88	0.0185
89	
90	0.3946
91	0.2011
92	0.3043
93	0.3369
94	0.3349
95	0.2406
96	0.2892
97	
98	
99	0.4345
100	
101	-0.6513
102	-0.1256
103	0.07993
104	0.06614
105	
106	-0.06951
107	
108	0.08174
109	0.1878
110	0.2358
111	-0.03238
112	0.1567
113	0.1895
114	0.151
115	
116	0.2222
117	-0.4052
118	0.6741
119	0.1627
120	0.3092
121	0.8709
122	-0.02818
123	
124	
125	0.1209
126	0.1487
127	0.3789
128	-0.1693
129	0.006247
130	-0.08509
131	-0.1525
132	-0.06106
133	0.4399
134	0.1136
135	-0.4353
136	-0.4839
137	-0.3384
138	-0.5002
139	
140	-0.5901
141	-0.5952
142	0.4981
143	0.05659
144	-0.05783
145	0.4367
146	0.1414
147	-0.3697
148	
149	
150	-0.2441
151	-0.06849
152	0.09405
153	0.13
154	-0.318
155	-0.1053
156	
157	0.3187
158	0.03574
159	
160	-0.1113
161	-0.1447
162	0.2786
163	-0.07577
164	0.04415
165	-0.1654
166	0.1108
167	0.032
168	0.229
169	-0.005306
170	0.163
171	0.2674
172	0.3473
173	-0.01541
174	0.3497
175	0.04464
176	0.1331
177	0.2294
178	0.5273
179	0.3036
180	0.4602
181	0.3861
182	0.01481
183	-0.2754
184	0.167
185	-0.2354
186	-0.07616
187	-0.3054
188	-0.4062
189	-0.6803
190	0.1556
191	-0.2893
192	0.1888
193	-0.3713
194	0.2534
195	-0.3735
196	0.2015
197	0.1158
198	-0.1972
199	-0.09557
200	0.1399
201	
202	
203	
204	
205	
206	
207	0.1921
208	0.108
209	-0.3171
210	0.07284
211	0.3423
212	-0.2856
213	0.02641
214	-0.02653
215	0.3972
216	
217	-0.04352
218	-0.3227
219	-0.4594
220	0.1692
221	0.1917
222	0.2807
223	0.1569
224	0.297
225	-0.04717
226	
227	-0.5219
228	-0.6545
229	0.1687
230	-0.07474
231	0.02019
232	-0.3188
233	-0.5957
234	-0.2663
235	-0.05732
236	-0.5026
237	0.1841
238	-0.2598
239	-0.5077
240	-0.4903
241	0.06458
242	-0.1073
243	0.2586
244	
245	-0.08016
246	0.1109
247	-0.1677
248	0.2691
249	-0.05831
250	0.05176
251	-0.4432
252	0.08661
253	-0.4519
254	-0.2208
255	-0.4976
256	-0.05983
257	-0.05732
258	-0.1443
259	0.7363
260	-0.06212
261	-0.1202
262	-0.4251
263	0.01408
264	0.001942
265	-0.1604
266	-0.1715
267	-0.265
268	0.4333
269	
270	0.1052
271	
272	0.2377
273	-0.07643
274	-0.2228
275	-0.007828
276	-0.4695
277	-0.7602
278	-0.3277
279	-0.7099
280	-0.04463
281	-0.5376
282	-0.1604
283	
284	-0.1411
285	-0.1529
286	0.05988
287	-0.1636
288	0.3641
289	-0.07455
290	0.2696
291	
292	-0.6601
293	-0.6836
294	-0.4052
295	-0.6033
296	-0.2016
297	-0.3227
298	-0.5378
299	-0.1743
300	-0.2691
301	-0.1638
302	-0.2029
303	0.1533
304	-0.06023
305	0.06458
306	0.3409
307	0.281
308	-0.4514
309	-0.4873
310	-0.8838
311	-0.1664
312	-0.2015
313	-0.4878
314	
315	-0.1884
316	-0.5428
317	-0.6973
318	-0.4328
319	-0.8352
320	-0.2865
321	-0.3078
322	
323	-0.2331
324	
325	-0.4687
326	0.16
327	0.06606
328	0.02854
329	-0.0509
330	-0.2713
331	-0.6359
332	
333	-0.304
334	-0.5934
335	
336	-0.7455
337	-0.9729
338	
339	-0.7019
340	-0.2065
341	-0.6633
342	-0.1533
343	
344	0.1129
345	0.2946
346	0.8873
347	-0.3755
348	-0.08724
349	-0.2029
350	-0.06511
351	-0.2208
352	-0.02581
353	0.3105
354	0.4057
355	0.5406
356	0.6002
357	0.6743
358	0.1613
359	-0.3558
360	
361	0.4191
362	-0.1392
363	-0.2443
364	-0.5952
365	-0.1743
366	-0.1677
367	-0.05608
368	-0.1117
369	0.4644
370	-0.2271
371	-0.0006239
372	-0.3411
373	0.04166
374	-0.1628
375	
376	-0.215
377	-0.2453
378	
379	0.2753
380	0.08542
381	-0.004271
382	0.1277
383	-0.7072
384	-0.2498
385	-0.06
386	-0.125
387	-0.1098
388	0.04221
389	-0.777
390	-0.2027
391	-0.4559
392	-0.2182
393	-0.1924
394	-0.136
395	-0.3931
396	-0.1451
397	
398	0.2396
399	0.08802
400	0.2386
401	-0.1423
402	0.11
403	
404	-0.6137
405	0.532
406	-0.03954
407	0.1495
408	0.05378
409	-0.2034
410	-0.07695
411	-0.5705
412	-0.1053
413	0.1497
414	0.3031
415	-0.018
416	0.2309
417	0.08466
418	-0.004689
419	0.1943
420	0.1715
421	-0.1961
422	-0.2208
423	0.05669
424	0.01091
425	0.2428
426	-0.02644
427	0.1255
428	0.9702
429	0.7681
430	0.9012
431	1.423
432	1.602
433	-0.4664
434	0.4576
435	-0.1407
436	0.5147
437	-0.2029
438	-0.03256
439	0.03607
440	0.3229
441	
442	0.0989
443	0.07324
444	0.1337
445	-0.2531
446	0.02989
447	0.197
448	-0.3057
449	-0.02221
450	
451	
452	0.1252
453	0.5906
454	-0.1858
455	
456	0.04221
457	-0.156
458	0.5118
459	-0.1283
460	0.07401
461	-0.1656
462	
463	
464	-0.05788
465	
466	-0.06395
467	-0.2879
468	-0.01695
469	0.2755
470	0.06319
471	-0.1523
472	-0.2208
473	
474	0.482
475	0.1698
476	-0.6571
477	-0.1377
478	-0.255
479	0.04596
480	0.2059
481	-0.1129
482	-0.2058
483	-0.321
484	-0.18
485	-0.1086
486	-0.09529
487	0.06391
488	-0.03179
489	0.3095
490	0.3786
491	0.3724
492	0.2024
493	-0.4438
494	0.4092
495	-0.4356
496	-0.1289
497	
498	-0.4288
499	-0.3017
500	-0.6962
501	-0.4376
502	-0.2331
503	-0.06805
504	-0.1923
505	-0.3505
506	0.04992
507	-0.1852
508	0.07041
509	-0.4323
510	-0.08226
511	-0.2553
512	-0.1552
513	-0.1543
514	0.4919
515	0.1942
516	-0.1289
517	-0.6359
518	0.0538
519	-0.3728
520	-0.216
521	-0.6224
522	-0.1461
523	-0.4681
524	0.1011
525	-0.0104
526	0.113
527	-0.004103
528	0.06211
529	-0.003941
530	-0.3879
531	-0.37
532	-0.3397
533	-0.3486
534	-0.4135
535	-0.3464
536	
537	0.3301
538	-0.1089
539	-0.2089
540	0.02344
541	0.09211
542	-0.01823
543	-0.01742
544	-0.1072
545	-0.04328
546	0.02597
547	-0.5185
548	-0.3064
549	0.03157
550	-0.3081
551	-0.1775
552	0.8992
553	0.5993
554	-0.2932
555	-0.1034
556	0.006378
557	0.1496
558	-0.3007
559	-0.03014
560	-0.1191
561	-0.3319
562	0.1402
563	0.0988
564	-0.1594
565	0.3226
566	-0.1504
567	-0.2488
568	0.3987
569	0.06036
570	0.3108
571	0.1022
572	-0.5412
573	-0.7251
574	
575	-0.0967
576	0.1942
577	-0.05324
578	-0.185
579	-0.2573
580	-0.3114
581	-0.259
582	-1.072
583	-0.6832
584	-0.1802
585	-0.1162
586	
587	-0.5878
588	-0.3101
589	-0.2466
590	-0.2778
591	-0.7071
592	-0.2897
593	-0.2208
594	-0.1301
595	-0.209
596	-0.2262
597	-0.7493
598	-0.0988
599	-0.09323
600	-0.2208
601	-0.03862
602	-0.2488
603	-0.117
604	0.3243
605	0.6721
606	0.5883
607	0.1386
608	0.3343
609	0.3489
610	-0.1807
611	-0.2271
612	0.3027
613	-0.1465
614	-0.5185
615	-0.6936
616	-0.2029
617	-0.3535
618	-0.3139
619	-0.07026
620	-0.3244
621	-0.3363
622	-0.7307
623	0.1129
624	-0.13
625	-0.1639
626	-0.4076
627	-0.09688
628	-0.4216
629	0.002632
630	-0.3151
631	
632	0.2003
633	-0.03157
634	-0.1949
635	0.1025
636	0.07997
637	0.2161
638	0.03952
639	0.07273
640	0.06118
641	0.2069
642	0.3344
643	0.2272
644	-0.2426
645	-0.2832
646	-0.2114
647	
648	-0.05967
649	0.1104
650	0.06614
651	0.719
652	0.565
653	0.3449
654	0.1209
655	
656	0.724
657	
658	-0.2382
659	-0.1132
660	
661	0.05466
662	-0.07786
663	-0.007586
664	
665	
666	
667	-0.09363
668	
669	-0.1407
670	
671	0.04793
672	
673	
674	-0.1024
675	-0.1616
676	-0.1873
677	-0.0232
678	0.08877
679	0.07501
680	0.1049
681	-0.5075
682	-0.09529
683	0.2924
684	0.3704
685	0.2503
686	0.308
687	0.3066
688	0.2996
689	-0.2292
690	-0.6552
691	-0.0509
692	-0.2706
693	0.2679
694	0.2037
695	-0.3588
696	-0.4708
697	-0.244
698	-0.1301
699	-0.4094
700	
701	
702	-0.3541
703	0.08851
704	-0.2357
705	-0.07996
706	-0.1268
707	-0.05417
708	-0.2863
709	-0.1864
710	-0.2033
711	0.01147
712	-0.07643
713	-0.1899
714	-0.02627
715	-0.2697
716	-0.2755
717	-0.3526
718	-0.1802
719	-0.1764
720	2.134
721	
722	1.113
723	1.492
724	1.069
725	0.9123
726	1.833
727	1.299
728	1.565
729	1.125
730	-0.1098
731	-0.3771
732	
733	-0.9151
734	-1.051
735	-0.902
736	0.0679
737	-0.3436
738	-0.1951
739	0.07089
740	0.2644
741	0.3581
742	0.4678
743	
744	
745	
746	
747	
748	
749	
750	-0.207
751	0.03206
752	-0.0509
753	-0.4014
754	0.01689
755	0.6762
756	0.243
757	0.5314
758	0.6713
759	-0.01881
760	-0.7003
761	-0.09639
762	
763	0.1815
764	-0.2322
765	-0.2742
766	0.161
767	0.2269
768	0.1011
769	-0.2879
770	
771	
772	0.0837
773	-0.3981
774	-0.2606
775	-0.1852
776	-0.2158
777	-0.09043
778	-0.1825
779	0.2462
780	-0.1721
781	0.3964
782	0.07125
783	0.2506
784	0.5338
785	-0.3146
786	-0.551
787	-0.1998
788	-0.2745
789	-0.296
790	-0.5222
791	-0.2033
792	-0.2477
793	-0.07539
794	-0.1033
795	-0.07909
796	-0.2101
797	-0.3586
798	-0.5322
799	-0.06294
800	
801	-0.07501
802	-0.05452
803	0.1209
804	
805	0.1039
806	-0.3024
807	0.3363
808	0.06728
809	0.05845
810	0.05664
811	0.2723
812	0.5392
813	-0.2783
814	-0.4756
815	-0.332
816	-0.4575
817	0.2614
818	-0.2044
819	
820	0.2204
821	-0.1893
822	-0.1572
823	0.04468
824	-0.2292
825	0.02439
826	-0.1483
827	-0.09134
828	0.11
829	0.1248
830	0.2662
831	-0.05716
832	0.1989
833	-0.1136
834	-0.6071
835	-0.5646
836	-0.1583
837	-0.2312
838	-0.01965
839	0.2199
840	-0.08917
841	-0.234
842	-0.2808
843	-0.3665
844	-0.09385
845	0.09197
846	-0.07899
847	-0.1063
848	0.09549
849	0.09329
850	0.2547
851	0.1691
852	
853	0.2617
854	-0.08617
855	-0.2744
856	-0.7879
857	-0.3977
858	0.1881
859	0.2728
860	-0.2266
861	-0.3813
862	-0.6196
863	
864	0.02257
865	-0.06666
866	-0.6708
867	-0.1376
868	-0.1703
869	0.1382
870	0.1328
871	-0.1869
872	-0.3389
873	-0.445
874	-0.1695
875	-0.07259
876	-0.0977
877	0.2529
878	0.1323
879	0.298
880	0.2279
881	0.288
882	0.2888
883	
884	0.2411
885	-0.2109
886	0.03252
887	-0.02094
888	0.08953
889	
890	
891	0.02774
892	0.2499
893	0.2636
894	-0.4883
895	-0.3753
896	-0.4258
897	0.09735
898	0.005686
899	0.2613
900	-0.1321
901	0.2749
902	-0.08372
903	-0.08709
904	-0.4029
905	-0.118
906	-0.7071
907	0.02162
908	0.2335
909	-0.2373
910	0.0568
911	0.5773
912	
913	
914	-0.3135
915	0.07944
916	-0.2976
917	-0.1053
918	-0.3911
919	-0.1813
920	-0.456
921	0.1011
922	-0.04972
923	-0.1578
924	-0.09451
925	0.1386
926	-0.1585
927	-0.2805
928	0.4856
929	1.084
930	0.217
931	-0.0412
932	0.7184
933	-0.1998
934	-0.2208
935	-0.2035
936	-0.2165
937	-0.2348
938	
939	
940	0.004598
941	-0.3194
942	-0.3434
943	-0.7203
944	-0.4112
945	-0.3152
946	-0.2474
947	-0.2525
948	0.3475
949	0.04415
950	0.03997
951	-0.2361
952	-0.3714
953	0.2593
954	0.4274
955	-0.2305
956	-0.1928
957	-0.06569
958	-0.3154
959	-0.1191
960	-0.1258
961	0.09532
962	-0.04865
963	0.2593
964	0.0294
965	0.0406
966	0.07346
967	0.0922
968	0.2
969	0.003259
970	0.4309
971	
972	-0.4565
973	-0.6865
974	-0.6218
975	-0.3535
976	-0.2154
977	-0.1435
978	-0.7407
979	-0.2862
980	-0.1817
981	-0.007828
982	-0.2147
983	-0.3784
984	-0.8489
985	-0.3914
986	-0.5662
987	-0.1674
988	0.1925
989	-0.2408
990	
991	-0.1347
992	-0.2389
993	0.2054
994	-0.05586
995	-0.4171
996	-0.8583
997	
998	-0.4778
999	-0.05371
1000	-0.04892
1001	-0.07947
1002	0.2688
1003	0.1011
1004	-0.1587
1005	-0.1201
1006	-0.1323
1007	-0.1289
1008	0.0522
1009	-0.01515
1010	-0.2315
1011	-0.029
1012	0.05929
1013	0.297
1014	
1015	0.8419
1016	-0.2748
1017	-0.9174
1018	-0.133
1019	
1020	-0.1098
1021	-0.6508
1022	-0.1363
1023	-0.3544
1024	0.04546
1025	1.136
1026	0.1625
1027	-0.00729
1028	-0.2208
1029	-0.2867
1030	
1031	
1032	
1033	0.4822
1034	0.3641
1035	0.2209
1036	-0.278
1037	-0.2149
1038	-0.03907
1039	-0.3431
1040	0.874
1041	-0.2208
1042	-0.3445
1043	-0.3886
1044	0.1559
1045	-0.05216
1046	-0.0768
1047	-0.1698
1048	-0.07109
1049	-0.3223
1050	0.2278
1051	-0.2769
1052	0.1901
1053	-0.4545
1054	-0.2961
1055	-0.09974
1056	0.1791
1057	-0.3087
1058	-0.0686
1059	0.1214
1060	0.08595
1061	-0.6851
1062	-0.1939
1063	-0.4405
1064	0.3141
1065	-0.1268
1066	0.3313
1067	-0.1262
1068	0.06458
1069	0.6419
1070	0.4279
1071	0.5234
1072	0.4669
1073	0.5531
1074	0.2786
1075	0.6779
1076	0.6676
1077	-0.06138
1078	-0.3053
1079	-0.2377
1080	-0.2074
1081	-0.12
1082	-0.05402
1083	0.2728
1084	
1085	0.3659
1086	-0.2422
1087	
1088	0.01373
1089	0.2859
1090	0.2739
1091	0.2715
1092	0.1745
1093	0.2502
1094	0.1205
1095	0.307
1096	
1097	
1098	0.03535
1099	-0.6157
1100	
1101	-0.3069
1102	-0.6245
1103	0.0409
1104	0.4481
1105	-0.03225
1106	-0.3615
1107	0.1867
1108	-0.1334
1109	-1.289
1110	0.05929
1111	0.2134
1112	-0.4479
1113	0.5783
1114	-0.4844
1115	-0.2497
1116	-0.2464
1117	-0.2841
1118	-0.1948
1119	0.06935
1120	0.2495
1121	0.1297
1122	0.08035
1123	0.3743
1124	-0.3205
1125	0.03717
1126	0.4029
1127	-0.03362
1128	0.2064
1129	0.2746
1130	0.2939
1131	0.1265
1132	0.1887
1133	0.5552
1134	0.1689
1135	-0.08917
1136	0.9052
1137	-0.6359
1138	0.005686
1139	-0.1998
1140	-0.4915
1141	-0.1482
1142	-0.5564
1143	0.01439
1144	-0.2787
1145	-0.3441
1146	-0.3674
1147	-0.2282
1148	
1149	-0.1188
1150	-0.0509
1151	-0.07398
1152	0.03837
1153	-0.3728
1154	-0.04218
1155	-0.4778
1156	-0.3187
1157	-0.08837
1158	-0.4342
1159	-0.4084
1160	
1161	-0.3918
1162	-0.2009
1163	0.04864
1164	-0.2193
1165	-0.03275
1166	-0.2584
1167	-0.1358
1168	0.1094
1169	-0.004727
1170	-0.0509
1171	0.1684
1172	0.01814
1173	-0.4323
1174	0.1237
1175	0.2237
1176	0.1507
1177	-0.4135
1178	0.07041
1179	-0.4955
1180	-0.3179
1181	-0.4205
1182	
1183	-0.4002
1184	-0.06139
1185	-0.345
1186	-0.006535
1187	-0.01578
1188	-0.376
1189	1.426
1190	1.052
1191	-0.4125
1192	-0.2247
1193	0.1802
1194	0.6196
1195	-0.02471
1196	
1197	-0.124
1198	0.1297
1199	0.1235
1200	0.1692
1201	0.1772
1202	-0.2243
1203	0.2258
1204	0.2895
1205	-0.8265
1206	
1207	
1208	0.1528
1209	
1210	-0.0364
1211	-0.3406
1212	-0.05732
1213	-0.2316
1214	0.165
1215	-0.2627
1216	0.3032
1217	-0.4703
1218	-0.5046
1219	-0.02513
1220	-0.1139
1221	0.107
1222	-0.1764
1223	-0.331
1224	-0.2605
1225	-0.2378
1226	-0.2325
1227	0.1465
1228	0.4752
1229	0.8737
1230	
1231	
1232	0.3953
1233	0.1087
1234	0.1497
1235	-0.2631
1236	-0.157
1237	0.2352
1238	0.08237
1239	-0.1926
1240	-0.1879
1241	
1242	
1243	0.6238
1244	0.3411
1245	0.2357
1246	0.2258
1247	0.2316
1248	-0.4043
1249	0.01949
1250	0.1365
1251	-0.1112
1252	-0.1233
1253	0.3348
1254	0.23
1255	-0.1403
1256	-0.3558
1257	
1258	-0.5827
1259	-0.3873
1260	0.1461
1261	0.4259
1262	0.2337
1263	-0.2039
1264	-0.4565
1265	-0.2639
1266	0.1816
1267	-0.2146
1268	-0.02895
1269	0.5625
1270	-0.04882
1271	0.0553
1272	0.02031
1273	0.146
1274	0.1358
1275	0.1168
1276	0.6578
1277	0.07513
1278	-0.07026
1279	-0.232
1280	0.2465
1281	-0.1591
1282	-0.2537
1283	0.04221
1284	0.02125
1285	-0.04763
1286	
1287	0.1543
1288	0.209
1289	0.03791
1290	0.3751
1291	0.2365
1292	-0.3322
1293	
1294	0.1305
1295	0.002684
1296	0.09369
1297	0.1781
1298	0.2901
1299	0.2169
1300	-0.4342
1301	-0.2295
1302	-0.5204
1303	-0.3218
1304	0.2677
1305	0.05407
1306	-0.111
1307	0.08035
1308	0.5319
1309	0.1962
1310	-0.1535
1311	-0.5878
1312	-0.02818
1313	-0.3014
1314	-0.05769
1315	-0.2711
1316	0.1469
1317	-0.4659
1318	1.072
1319	-0.1914
1320	0.03216
1321	0.2668
1322	0.1858
1323	0.1242
1324	0.3809
1325	0.3367
1326	-0.03286
1327	0.3516
1328	0.3467
1329	0.01576
1330	-0.2224
1331	0.864
1332	0.1763
1333	-0.05391
1334	0.5348
1335	0.1677
1336	-0.6359
1337	-0.513
1338	-0.2011
1339	-0.5311
1340	0.1363
1341	-0.2319
1342	-0.1036
1343	
1344	0.08422
1345	0.04811
1346	0.04014
1347	0.02534
1348	-0.6783
1349	-0.4135
1350	-0.3755
1351	-0.4135
1352	-0.4217
1353	-0.656
1354	0.008557
1355	-0.1716
1356	0.6051
1357	0.2252
1358	-0.2416
1359	-0.2425
1360	-0.2808
1361	-0.6175
1362	-0.06921
1363	-0.2208
1364	-0.358
1365	0.05003
1366	-0.2239
1367	-0.05951
1368	-0.08566
1369	-0.03014
1370	0.6444
1371	0.6084
1372	0.1011
1373	-0.1933
1374	0.2922
1375	0.271
1376	0.113
1377	-0.2911
1378	-0.28
1379	-0.4857
1380	-0.2006
1381	-0.5125
1382	-0.165
1383	-0.4673
1384	-0.1371
1385	-0.2844
1386	0.1094
1387	-0.2425
1388	-0.1268
1389	-0.0509
1390	0.1606
1391	0.1981
1392	0.07634
1393	0.2037
1394	
1395	
1396	-0.6359
1397	0.03457
1398	0.02019
1399	0.117
1400	-0.1813
1401	-0.3355
1402	0.2114
1403	0.1767
1404	0.1601
1405	0.1067
1406	-0.07643
1407	-0.1123
1408	-0.2422
1409	-0.6359
1410	-0.09043
1411	-0.05576
1412	0.006093
1413	
1414	0.2065
1415	1.605
1416	0.6306
1417	0.04221
1418	-0.239
1419	-0.08271
1420	0.04717
1421	-0.003404
1422	1.096
1423	
1424	
1425	0.05771
1426	-0.01242
1427	-0.04112
1428	-0.2677
1429	-0.406
1430	-0.1213
1431	-0.1442
1432	
1433	-0.7177
1434	-0.08594
1435	-0.132
1436	-0.08381
1437	-0.3505
1438	0.07852
1439	-0.02088
1440	0.4503
1441	0.1859
1442	0.4429
1443	0.2209
1444	0.3973
1445	0.1846
1446	-0.1463
1447	-0.2276
1448	-0.3155
1449	-0.4603
1450	0.02902
1451	
1452	0.1792
1453	-0.2018
1454	-0.04467
1455	-0.4474
1456	-0.3051
1457	-0.04414
1458	-0.1334
1459	-0.287
1460	0.1616
1461	0.3094
1462	0.3223
1463	-0.1257
1464	-0.1008
1465	-0.1687
1466	-0.2447
1467	-0.1874
1468	-0.1795
1469	-0.13
1470	0.1873
1471	
1472	
1473	-0.545
1474	0.8854
1475	0.8198
1476	-0.1702
1477	-0.5708
1478	-0.3949
1479	
1480	0.06187
1481	-0.6459
1482	-0.08332
1483	-0.1726
1484	-0.1112
1485	-0.03772
1486	-0.02692
1487	-0.07643
1488	-0.0509
1489	
1490	-0.01137
1491	0.4033
1492	-0.4595
1493	-0.3069
1494	
1495	-0.4659
1496	-0.2208
1497	0.1049
1498	1.405
1499	0.3428
1500	-0.3821
1501	-0.8464
1502	-0.4211
1503	-0.5135
1504	-0.2301
1505	-0.3592
1506	-0.1598
1507	-0.3188
1508	-0.1968
1509	
1510	-0.281
1511	-0.03252
1512	-0.4231
1513	0.08762
1514	-0.278
1515	0.1484
1516	0.1606
1517	0.6911
1518	0.01323
1519	-0.4681
1520	
1521	-0.331
1522	
1523	-0.4721
1524	-0.07913
1525	-0.383
1526	-0.08972
1527	-0.3658
1528	-0.1423
1529	-0.1098
1530	0.05039
1531	0.001955
1532	0.0274
1533	0.02465
1534	-0.06649
1535	0.4404
1536	
1537	
1538	0.2167
1539	0.1672
1540	0.09058
1541	-0.2554
1542	0.2759
1543	-0.115
1544	0.2006
1545	-0.06616
1546	-0.1295
1547	0.5792
1548	-0.1053
1549	0.06458
1550	-0.08673
1551	-0.8653
1552	-0.4135
1553	-0.5609
1554	-0.3022
1555	-0.3977
1556	-0.2005
1557	-0.1745
1558	0.2283
1559	-0.4447
1560	-0.02175
1561	-0.1002
1562	0.3886
1563	0.335
1564	-0.2988
1565	-0.2861
1566	0.7276
1567	-0.07978
1568	0.2166
1569	-0.8423
1570	0.3108
1571	0.03952
1572	0.1657
1573	-0.1465
1574	
1575	-0.4135
1576	-0.5834
1577	-0.1821
1578	0.08713
1579	0.1526
1580	-0.4278
1581	-0.4873
1582	0.1667
1583	-0.2692
1584	
1585	-0.5557
1586	0.1286
1587	-0.387
1588	-0.1001
1589	-0.6887
1590	-0.07737
1591	-0.3957
1592	-0.3679
1593	-0.02328
1594	-0.2536
1595	
1596	0.2509
1597	0.059
1598	0.09284
1599	-0.1749
1600	0.1178
1601	0.2309
1602	0.1202
1603	0.5432
1604	0.2131
1605	-0.1764
1606	0.03124
1607	0.04357
1608	0.3911
1609	0.09206
1610	0.2
1611	
1612	1.556
1613	0.1019
1614	0.4218
1615	-0.5908
1616	-0.1693
1617	-0.2508
1618	-0.2814
1619	
1620	-0.3106
1621	-0.02459
1622	0.2241
1623	-0.1921
1624	-0.2008
1625	0.4462
1626	0.1324
1627	-0.05847
1628	0.2557
1629	0.2446
1630	0.004201
1631	0.4349
1632	-0.01002
1633	0.1331
1634	0.2672
1635	0.3284
1636	0.01307
1637	0.2353
1638	-0.06432
1639	-0.4361
1640	-0.1112
1641	-0.5456
1642	-0.01054
1643	-0.2923
1644	-0.2445
1645	-0.4034
1646	0.3155
1647	0.4885
1648	-0.04277
1649	-0.1908
1650	-0.08547
1651	0.2526
1652	0.2947
1653	-0.2688
1654	-0.08657
1655	0.2645
1656	0.05148
1657	0.08121
1658	-0.04788
1659	-0.3102
1660	-0.1007
1661	-0.6791
1662	
1663	0.149
1664	0.5029
1665	
1666	
1667	0.6407
1668	0.7036
1669	-0.02728
1670	-0.7671
1671	0.09532
1672	-0.45
1673	-0.3728
1674	-0.2875
1675	0.09112
1676	-0.279
1677	-0.2616
1678	0.1063
1679	-0.1352
1680	-0.07643
1681	0.125
1682	0.08623
1683	0.1994
1684	0.08542
1685	0.1913
1686	0.3387
1687	0.248
1688	-0.6577
1689	0.2233
1690	-0.3688
1691	-0.5698
1692	-0.2702
1693	-0.1363
1694	-0.07891
1695	-0.2671
1696	-0.08517
1697	-0.07643
1698	-0.1973
1699	-0.2096
1700	-0.1316
1701	0.4061
1702	0.2093
1703	0.2767
1704	-0.1412
1705	-0.03351
1706	-0.1643
1707	-0.118
1708	-0.0445
1709	-0.03568
1710	0.3963
1711	0.01622
1712	0.2731
1713	0.4021
1714	0.3372
1715	-0.526
1716	-0.06422
1717	-0.3546
1718	0.5006
1719	
1720	-0.01137
1721	-0.2488
1722	0.4687
1723	-0.1289
1724	0.1865
1725	-0.4188
1726	-0.5446
1727	-0.1664
1728	-0.445
1729	-0.1884
1730	-0.4687
1731	0.161
1732	0.05205
1733	-0.2517
1734	-0.1884
1735	-0.2624
1736	0.1465
1737	-0.1145
1738	0.1011
1739	-0.03402
1740	0.4925
1741	0.2247
1742	0.266
1743	0.1949
1744	0.07463
1745	0.06646
1746	0.3791
1747	0.2646
1748	0.602
1749	0.4019
1750	0.2187
1751	-0.4135
1752	-0.6545
1753	0.1297
1754	-0.08212
1755	-0.3949
1756	-0.3935
1757	0.006818
1758	-0.1267
1759	0.0495
1760	-0.01158
1761	-0.1334
1762	0.006984
1763	-0.1766
1764	0.1139
1765	0.7135
1766	-0.6689
1767	0.2927
1768	0.154
1769	-0.1368
1770	-0.2159
1771	0.1754
1772	-0.007828
1773	0.2413
1774	0.1924
1775	-0.2977
1776	-0.6579
1777	0.3484
1778	0.4927
1779	0.2277
1780	0.1253
1781	-0.3589
1782	0.5945
1783	-0.07757
1784	-0.1977
1785	-0.3087
1786	
1787	0.1889
1788	0.03733
1789	-0.178
1790	0.2386
1791	-0.02352
1792	-0.312
1793	-0.5811
1794	0.3846
1795	-0.3304
1796	-0.2649
1797	-0.4639
1798	0.04657
1799	-0.2593
1800	-0.2147
1801	-0.3728
1802	0.08121
1803	-0.0292
1804	-0.1175
1805	0.1423
1806	0.345
1807	0.2544
1808	0.3253
1809	0.6088
1810	-0.07825
1811	-0.6531
1812	-0.01676
1813	-0.5814
1814	0.1552
1815	
1816	-0.2032
1817	0.8112
1818	0.4223
1819	0.5714
1820	-0.4159
1821	-0.3783
1822	-0.2789
1823	-0.1103
1824	
1825	-0.1369
1826	0.01558
1827	0.09201
1828	0.04396
1829	0.6204
1830	0.1209
1831	-0.3829
1832	0.2107
1833	0.04904
1834	0.003042
1835	0.4305
1836	0.1314
1837	-0.3113
1838	-0.6359
1839	-0.05732
1840	-0.0313
1841	-0.08594
1842	-0.1723
1843	-0.2115
1844	0.1706
1845	
1846	0.2757
1847	-0.1786
1848	0.02084
1849	-0.4579
1850	-0.5959
1851	-0.2895
1852	0.05451
1853	0.03092
1854	0.2392
1855	0.01749
1856	0.08524
1857	-0.02471
1858	-0.1521
1859	0.1246
1860	-0.03782
1861	-0.1227
1862	0.03552
1863	0.3076
1864	0.6488
1865	0.1759
1866	0.6259
1867	0.2437
1868	0.4219
1869	0.0851
1870	-0.05366
1871	0.09112
1872	0.05064
1873	-0.08034
1874	0.1206
1875	0.3341
1876	0.3757
1877	-0.4023
1878	0.1792
1879	-0.5622
1880	0.4972
1881	-0.3231
1882	0.2668
1883	-0.4709
1884	-0.1207
1885	-0.01145
1886	0.303
1887	0.1076
1888	0.4338
1889	0.2855
1890	0.5259
1891	0.03825
1892	0.3599
1893	-0.1339
1894	0.1549
1895	-0.1082
1896	0.006818
1897	-0.3363
1898	-0.5396
1899	-0.1936
1900	0.04025
1901	-0.1749
1902	0.06458
1903	-0.3754
1904	0.05602
1905	0.658
1906	-0.4716
1907	-0.5002
1908	-0.166
1909	
1910	
1911	
1912	-0.3525
1913	-0.2611
1914	0.08163
1915	-0.3986
1916	-0.1588
1917	-0.2506
1918	-0.2905
1919	-0.1706
1920	0.4052
1921	0.4127
1922	0.7584
1923	0.5711
1924	1.016
1925	0.3074
1926	-0.1235
1927	-0.4348
1928	-0.2029
1929	-0.1116
1930	0.02956
1931	-0.254
1932	-0.5932
1933	-0.1884
1934	-0.2761
1935	0.053
1936	0.0896
1937	0.09343
1938	-0.2868
1939	-0.1128
1940	-0.2307
1941	-0.1143
1942	0.1303
1943	0.2396
1944	0.4039
1945	0.487
1946	0.1494
1947	0.03068
1948	-0.2434
1949	0.2167
1950	-0.182
1951	-0.5998
1952	-0.4839
1953	-0.01919
1954	
1955	-0.123
1956	0.2322
1957	-0.2361
1958	0.1947
1959	0.0409
1960	-0.4416
1961	-0.4818
1962	-0.0509
1963	0.1754
1964	0.1151
1965	-0.3817
1966	-0.4284
1967	0.09608
1968	-0.2294
1969	-0.2592
1970	-0.4615
1971	-0.0286
1972	-0.2111
1973	-0.1599
1974	-0.159
1975	
1976	-0.0006239
1977	
1978	
1979	0.02154
1980	-0.07556
1981	0.3009
1982	0.2214
1983	0.3985
1984	
1985	-0.2948
1986	
1987	0.2306
1988	-0.3781
1989	
1990	-0.1071
1991	-0.1848
1992	0.1036
1993	-0.005093
1994	0.9513
1995	-0.5243
1996	0.1352
1997	0.4538
1998	-0.1555
1999	-0.4275
2000	-0.5204
2001	-0.4068
2002	-0.0455
2003	
2004	-0.1082
2005	
2006	-0.05318
2007	0.09898
2008	0.2295
2009	0.06775
2010	-0.1638
2011	0.2006
2012	-0.4681
2013	-0.1723
2014	-0.2887
2015	0.09521
2016	-0.3871
2017	-0.3275
2018	
2019	0.2693
2020	0.309
2021	0.1876
2022	-0.06607
2023	0.164
2024	-0.1053
2025	0.1676
2026	-0.05309
2027	0.696
2028	0.2133
2029	
2030	0.6349
2031	0.3704
2032	0.47
2033	0.4666
2034	0.3709
2035	0.1421
2036	
2037	0.2276
2038	0.4281
2039	0.3609
2040	0.4001
2041	0.5217
2042	0.2863
2043	-0.1691
2044	-0.6777
2045	-0.1898
2046	-0.4984
2047	-0.5671
2048	0.009857
2049	0.06121
2050	-0.06074
2051	0.4369
2052	-0.1807
2053	
2054	-0.6359
2055	-0.1827
2056	-0.06139
2057	-0.0575
2058	0.2424
2059	-0.1403
2060	-0.1825
2061	-0.2935
2062	0.2745
2063	-0.1343
2064	0.01586
2065	-0.4746
2066	-0.1752
2067	
2068	-0.341
2069	-0.6359
2070	0.3409
2071	0.1677
2072	-0.285
2073	-0.7513
2074	-0.1293
2075	-0.4749
2076	-0.1244
2077	-0.3414
2078	1.022
2079	-0.2786
2080	-0.1244
2081	0.3306
2082	0.01727
2083	-0.1347
2084	-0.1535
2085	
2086	
2087	-0.2057
2088	
2089	-0.1139
2090	0.1106
2091	-0.03682
2092	0.0538
2093	0.2138
2094	-0.03402
2095	0.2444
2096	-0.1396
2097	
2098	
2099	0.1836
2100	0.1473
2101	-0.14
2102	-0.3826
2103	-0.2175
2104	-0.3813
2105	-0.1917
2106	-0.5505
2107	0.1914
2108	
2109	-0.3646
2110	-0.4294
2111	
2112	-0.2114
2113	0.1852
2114	-0.05358
2115	-0.0509
2116	1.226
2117	-0.2556
2118	-0.1743
2119	0.1562
2120	-0.009077
2121	-0.1884
2122	
2123	-0.1199
2124	0.1831
2125	-0.06723
2126	0.08276
2127	0.1715
2128	
2129	-0.3688
2130	-0.6653
2131	
2132	0.005088
2133	0.403
2134	-0.2261
2135	-0.6698
2136	-0.338
2137	-0.254
2138	-0.3287
2139	-0.005345
2140	0.005485
2141	-0.2029
2142	
2143	-0.3411
2144	-0.05631
2145	-0.2606
2146	0.6101
2147	0.6032
2148	1.532
2149	1.54
2150	1.688
2151	0.1664
2152	0.1301
2153	0.5488
2154	-0.04784
2155	-0.2245
2156	-0.3072
2157	0.09712
2158	0.0105
2159	-0.0109
2160	-0.2157
2161	-0.7266
2162	
2163	-0.4797
2164	-0.1524
2165	-0.1213
2166	-0.2854
2167	-0.1492
2168	-0.242
2169	-0.07196
2170	-0.09593
2171	0.3512
2172	0.00541
2173	
2174	-0.123
2175	0.3573
2176	-0.1168
2177	-0.1484
2178	-0.03882
2179	-0.2393
2180	0.3485
2181	0.2514
2182	-0.3029
2183	-0.359
2184	
2185	0.1774
2186	
2187	-0.4543
2188	-0.2389
2189	
2190	0.0218
2191	0.4136
2192	0.6759
2193	-0.1819
2194	-0.1608
2195	-0.2948
2196	-0.2008
2197	0.14
2198	0.3216
2199	-0.06017
2200	0.06716
2201	0.4974
2202	0.00157
2203	-0.1867
2204	-0.0286
2205	-0.06395
2206	0.1399
2207	-0.2618
2208	-0.3879
2209	0.3851
2210	1.273
2211	-0.29
2212	-0.2716
2213	0.1873
2214	
2215	0.69
2216	0.1571
2217	0.384
2218	-0.1549
2219	0.04396
2220	0.2845
2221	0.1807
2222	-0.7636
2223	-0.7734
2224	-0.3853
2225	-0.6359
2226	-0.5415
2227	-0.4106
2228	-0.1732
2229	-0.3188
2230	0.05929
2231	0.7017
2232	0.341
2233	0.1162
2234	0.2731
2235	-0.1316
2236	0.04578
2237	-0.1472
2238	0.127
2239	0.7992
2240	0.6799
2241	0.3363
2242	0.9486
2243	0.8952
2244	0.4847
2245	-0.0361
2246	0.05929
2247	-0.08247
2248	0.09735
2249	-0.1004
2250	0.1168
2251	0.3094
2252	
2253	-0.3778
2254	-0.746
2255	-0.2142
2256	-0.5356
2257	-0.4783
2258	-0.3203
2259	0.2174
2260	0.01791
2261	-0.1097
2262	0.2457
2263	-0.2786
2264	-0.03354
2265	0.9354
2266	-0.03216
2267	-0.1923
2268	-0.09789
2269	
2270	
2271	-0.1435
2272	-0.08837
2273	-0.07326
2274	0.1252
2275	0.1911
2276	0.3568
2277	0.1092
2278	0.03899
2279	0.8861
2280	0.2413
2281	0.4186
2282	0.6408
2283	0.6218
2284	0.9164
2285	1.003
2286	1.085
2287	0.8678
2288	0.6192
2289	0.3932
2290	-0.2933
2291	-0.1428
2292	
2293	-0.1326
2294	0.00911
2295	-0.133
2296	-0.1818
2297	0.1227
2298	-0.3728
2299	-0.02899
2300	0.1676
2301	-0.06432
2302	-0.1901
2303	0.3751
2304	0.1222
2305	0.3855
2306	0.1964
2307	-0.03179
2308	-0.1534
2309	0.3438
2310	0.3177
2311	-0.3594
2312	-0.2227
2313	-0.07562
2314	-0.1741
2315	-0.01254
2316	0.1961
2317	
2318	
2319	
2320	0.04695
2321	0.3671
2322	
2323	0.4106
2324	-0.2208
2325	-0.6838
2326	
2327	-0.7689
2328	-0.1455
2329	-0.2187
2330	
2331	-0.3117
2332	-0.2079
2333	-0.5266
2334	-0.2628
2335	-0.3919
2336	-0.3576
2337	-0.1929
2338	-0.04511
2339	
2340	0.09125
2341	0.7353
2342	0.6093
2343	0.01796
2344	0.2294
2345	-0.2808
2346	-0.4414
2347	-0.5103
2348	
2349	-0.02904
2350	-0.2958
2351	0.1011
2352	-0.3806
2353	-0.3277
2354	-0.4704
2355	-0.3971
2356	-0.2455
2357	-0.3277
2358	-0.1695
2359	
2360	-0.01571
2361	-0.07292
2362	
2363	0.2121
2364	-0.02513
2365	
2366	2.297
2367	0.3294
2368	1.28
2369	0.2258
2370	
2371	
2372	-0.4217
2373	-0.5861
2374	0.3487
2375	-0.5273
2376	
2377	-0.4898
2378	-0.03402
2379	
2380	-0.2765
2381	-0.213
2382	
2383	
2384	-0.08064
2385	-0.1504
2386	-0.08652
2387	0.07196
2388	0.4289
2389	-0.2348
2390	-0.6924
2391	-0.0509
2392	-0.7513
2393	-0.651
2394	-0.3587
2395	
2396	
2397	
2398	-0.07983
2399	-0.2115
2400	0.541
2401	
2402	
2403	
2404	
2405	-0.03993
2406	-0.4264
2407	-0.7572
2408	
2409	-0.5612
2410	-0.0732
2411	0.03885
2412	-0.06162
2413	-0.3029
2414	-0.08785
2415	0.1821
2416	0.2951
2417	0.02983
2418	0.01992
2419	-0.029
2420	-0.08766
2421	-0.2535
2422	-0.05732
2423	0.03222
2424	-0.1764
2425	-0.1065
2426	
2427	-0.1547
2428	0.1704
2429	0.406
2430	0.2441
2431	
2432	0.2847
2433	-0.1782
2434	-0.3535
2435	0.4951
2436	0.184
2437	-0.09026
2438	
2439	-0.3614
2440	0.2634
2441	-0.03708
2442	-0.4904
2443	-0.5442
2444	
2445	-0.2622
2446	
2447	-0.1652
2448	0.2901
2449	0.06314
2450	-0.08566
2451	-0.1015
2452	-0.3667
2453	-0.3688
2454	-0.2254
2455	
2456	-0.6055
2457	-0.3728
2458	
2459	0.1297
2460	0.146
2461	-0.3083
2462	-0.3787
2463	0.604
2464	-0.09272
2465	0.1335
2466	-0.4059
2467	0.1777
2468	-0.3345
2469	-0.6359
2470	
2471	0.5161
2472	-0.346
2473	-0.5052
2474	-0.0509
2475	0.008692
2476	-0.5596
2477	-0.1335
2478	0.001794
2479	0.07305
2480	-0.1062
2481	-0.02744
2482	-0.05788
2483	
2484	0.07874
2485	-0.2271
2486	-0.07151
2487	-0.2757
2488	0.08928
2489	0.05873
2490	-0.2778
2491	-0.6659
2492	
2493	-0.3926
2494	0.06595
2495	-0.276
2496	-0.2891
2497	-0.4471
2498	0.3229
2499	
2500	
2501	0.3869
2502	0.3641
2503	-0.132
2504	-0.04841
2505	-0.1428
2506	-0.06729
2507	-0.663
2508	-0.9544
2509	-0.0455
2510	-0.1451
2511	0.3521
2512	0.0476
2513	0.5826
2514	0.459
2515	0.1617
2516	-0.1128
2517	-0.3869
2518	0.7351
2519	0.1435
2520	
2521	-0.02343
2522	0.1998
2523	
2524	-0.285
2525	0.02191
2526	0.331
2527	0.1894
2528	0.1776
2529	0.2879
2530	0.4161
2531	0.5775
2532	-0.07083
2533	0.2893
2534	-0.2988
2535	0.1473
2536	-0.09062
2537	-0.1276
2538	0.1247
2539	-0.1687
2540	-0.01242
2541	-0.1531
2542	0.1998
2543	-0.3069
2544	0.156
2545	-0.0509
2546	-0.4581
2547	
2548	-0.1953
2549	-0.3587
2550	-0.3068
2551	0.1064
2552	0.3995
2553	-0.01013
2554	-0.08391
2555	-0.1463
2556	-0.4168
2557	0.1427
2558	-0.1504
2559	0.00157
2560	-0.2292
2561	0.03905
2562	-0.207
2563	-0.1309
2564	-0.5021
2565	-0.459
2566	-0.1019
2567	-0.06484
2568	
2569	-0.01195
2570	-0.2238
2571	-0.03674
2572	0.1154
2573	0.06713
2574	-0.0332
2575	0.2789
2576	0.5181
2577	0.4177
2578	0.0323
2579	-0.08034
2580	0.2703
2581	-0.1497
2582	-0.1341
2583	-0.2068
2584	
2585	0.4679
2586	0.1432
2587	1.213
2588	
2589	
2590	
2591	
2592	0.5283
2593	-0.2255
2594	0.05794
2595	0.4433
2596	-0.0364
2597	0.1866
2598	-0.6293
2599	0.4114
2600	-0.3493
2601	-0.2984
2602	-0.317
2603	0.1082
2604	0.07984
2605	-0.08016
2606	-0.112
2607	0.3064
2608	0.2941
2609	-0.07111
2610	0.2502
2611	0.2531
2612	-0.32
2613	0.08623
2614	0.2401
2615	0.03503
2616	0.4416
2617	-0.2484
2618	0.4163
2619	0.3269
2620	0.3026
2621	
2622	0.09893
2623	-0.2912
2624	0.2497
2625	
2626	-0.3397
2627	
2628	-0.0434
2629	
2630	
2631	
2632	-0.09981
2633	-0.1326
2634	
2635	-0.1588
2636	0.1878
2637	0.03157
2638	0.1052
2639	-0.1134
2640	-0.007828
2641	0.009857
2642	-0.3119
2643	-0.9043
2644	-0.4715
2645	-0.3529
2646	-0.262
2647	
2648	-0.1749
2649	-0.5428
2650	-0.2783
2651	-0.1911
2652	
2653	-0.1504
2654	-0.05831
2655	-0.2948
2656	-0.1091
2657	-0.3781
2658	-0.02175
2659	0.08584
2660	0.2926
2661	0.2817
2662	-0.2648
2663	-0.5793
2664	0.2234
2665	-0.2345
2666	-0.8203
2667	-0.3347
2668	-0.1683
2669	
2670	-0.3243
2671	-0.2879
2672	-0.4172
2673	-0.4563
2674	-0.3526
2675	-0.2919
2676	-0.459
2677	-0.1354
2678	0.09562
2679	-0.3649
2680	-0.07026
2681	-0.2244
2682	-0.02164
2683	0.2913
2684	0.02859
2685	0.1445
2686	-0.0509
2687	0.1563
2688	0.07707
2689	-0.0907
2690	0.465
2691	
2692	
2693	
2694	
2695	
2696	0.1519
2697	
2698	0.1973
2699	0.4611
2700	0.1023
2701	-0.4135
2702	0.1446
2703	0.5013
2704	0.0604
2705	0.1167
2706	-0.3643
2707	-0.04266
2708	
2709	0.04221
2710	
2711	-0.05586
2712	-0.1598
2713	-0.1876
2714	0.1476
2715	-0.1957
2716	0.009857
2717	-0.1977
2718	0.05344
2719	-0.2147
2720	-0.4907
2721	-0.6676
2722	-0.4791
2723	-0.5814
2724	-0.1982
2725	-0.5234
2726	-0.3349
2727	-0.1504
2728	0.03671
2729	-0.04258
2730	0.1237
2731	-0.001144
2732	-0.4625
2733	0.2399
2734	0.1178
2735	-0.04679
2736	-0.3333
2737	-0.7491
2738	-0.4253
2739	-0.5066
2740	
2741	-0.1614
2742	0.4307
2743	0.02087
2744	-0.3657
2745	-0.484
2746	-0.2225
2747	-0.1223
2748	-0.2607
2749	
2750	-0.8285
2751	-0.331
2752	-0.5401
2753	-0.148
2754	-0.2416
2755	-0.2262
2756	-0.4135
2757	0.05966
2758	-0.1723
2759	0.08035
2760	0.03764
2761	-0.2412
2762	-0.7366
2763	-0.05782
2764	-0.4094
2765	0.1804
2766	-0.0509
2767	-0.4839
2768	-0.8838
2769	-0.2778
2770	-0.09333
2771	-0.3233
2772	-0.3859
2773	-0.02818
2774	
2775	0.1526
2776	-0.09529
2777	-0.3497
2778	
2779	0.04212
2780	0.07573
2781	0.01162
2782	0.1586
2783	0.1243
2784	0.3897
2785	0.02711
2786	0.2704
2787	-0.0131
2788	0.06231
2789	
2790	0.06379
2791	
2792	0.3343
2793	0.409
2794	-0.09744
2795	0.4202
2796	0.8006
2797	0.07963
2798	-0.054
2799	-0.1244
2800	-0.113
2801	-0.522
2802	0.9559
2803	0.4343
2804	0.2606
2805	0.02586
2806	0.2104
2807	0.08891
2808	0.1715
2809	-0.1455
2810	-0.8423
2811	-0.3641
2812	-0.02911
2813	0.04457
2814	
2815	
2816	
2817	
2818	-0.2681
2819	-0.006639
2820	0.2485
2821	0.291
2822	
2823	-0.3345
2824	-0.08484
2825	-0.2544
2826	-0.5708
2827	0.0522
2828	-0.2012
2829	
2830	-0.2846
2831	-0.1846
2832	-0.1898
2833	
2834	0.3718
2835	
2836	-0.1369
2837	-0.2536
2838	0.1667
2839	0.007997
2840	0.2739
2841	-0.001509
2842	0.1782
2843	0.4404
2844	0.1182
2845	0.1061
2846	-0.07436
2847	0.1984
2848	0.2228
2849	-0.4572
2850	0.3375
2851	
2852	-0.5928
2853	-0.8888
2854	-0.4712
2855	-0.4583
2856	-0.2982
2857	-0.5328
2858	-0.1646
2859	-0.3064
2860	0.06723
2861	-0.4724
2862	-0.1437
2863	0.538
2864	
2865	0.236
2866	0.002253
2867	0.03317
2868	-0.01323
2869	0.241
2870	-0.02204
2871	-0.3072
2872	-1.069
2873	-0.3244
2874	-0.5382
2875	-0.2111
2876	-0.6908
2877	-0.2838
2878	
2879	-0.207
2880	-0.08247
2881	-0.02503
2882	-0.05907
2883	-0.04112
2884	-0.1784
2885	-0.0364
2886	-0.04394
2887	
2888	-0.5834
2889	-0.1306
2890	
2891	0.3024
2892	0.06716
2893	0.3732
2894	-0.1458
2895	-0.2519
2896	-0.1201
2897	-0.1575
2898	0.02969
2899	-0.01293
2900	-0.05316
2901	0.1667
2902	-0.05567
2903	-0.03275
2904	-0.006547
2905	-0.1082
2906	-0.1028
2907	0.0005497
2908	0.3363
2909	0.098
2910	0.0231
2911	
2912	-0.2834
2913	0.2448
2914	0.3239
2915	-0.08603
2916	0.147
2917	0.1254
2918	-0.07474
2919	-0.03275
2920	-0.1778
2921	-0.1368
2922	0.1142
2923	-0.1619
2924	-0.3997
2925	0.6083
2926	0.4999
2927	-0.2798
2928	0.1703
2929	0.2149
2930	0.3546
2931	-0.07643
2932	0.0393
2933	-0.2948
2934	-0.1776
2935	0.1692
2936	0.3966
2937	-0.0185
2938	0.1958
2939	
2940	0.2302
2941	-0.2062
2942	-0.1584
2943	-0.2208
2944	0.01525
2945	-0.1283
2946	-0.2279
2947	0.4541
2948	0.3483
2949	-0.01851
2950	-0.5612
2951	0.03285
2952	-0.1182
2953	-0.1696
2954	-0.09328
2955	
2956	-0.2052
2957	0.226
2958	0.02171
2959	-0.3094
2960	-0.07936
2961	0.2153
2962	0.0308
2963	0.3474
2964	-0.06525
2965	-0.002756
2966	-0.1784
2967	
2968	0.2851
2969	0.2561
2970	-0.1638
2971	-0.02151
2972	0.312
2973	0.09998
2974	
2975	0.09848
2976	0.4554
2977	-0.2778
2978	0.05003
2979	-0.3765
2980	0.52
2981	0.2842
2982	0.7603
2983	0.02839
2984	-0.3889
2985	-0.239
2986	-0.1277
2987	-0.06131
2988	-0.3139
2989	0.1227
2990	-0.1899
2991	-0.1504
2992	0.06957
2993	0.1648
2994	0.5266
2995	0.6613
2996	0.6375
2997	0.6086
2998	-0.06432
2999	0.03987
3000	-0.2548
3001	0.4717
3002	0.5219
3003	0.1061
3004	-0.3215
3005	0.114
3006	-0.0509
3007	-0.5356
3008	0.1776
3009	-0.1594
3010	0.1674
3011	0.1365
3012	0.1672
3013	-0.1453
3014	-0.2292
3015	
3016	0.1823
3017	-0.4336
3018	-0.1011
3019	-0.08484
3020	0.05397
3021	-0.02787
3022	-0.3509
3023	0.0238
3024	0.1036
3025	0.2627
3026	-0.01919
3027	-0.419
3028	-0.1306
3029	0.004985
3030	0.07649
3031	0.1273
3032	-0.1246
3033	0.1906
3034	0.1942
3035	0.3238
3036	
3037	1.056
3038	0.859
3039	0.3314
3040	0.1468
3041	0.162
3042	0.07463
3043	0.07551
3044	-0.3586
3045	-0.06758
3046	-0.06937
3047	-0.17
3048	-0.5407
3049	-0.2086
3050	-0.4765
3051	
3052	0.06126
3053	0.1075
3054	0.1131
3055	-0.2765
3056	0.1344
3057	0.1893
3058	-0.1596
3059	0.1156
3060	0.149
3061	0.3211
3062	0.1895
3063	0.1424
3064	-0.1793
3065	0.3241
3066	0.9284
3067	-0.1511
3068	0.09862
3069	
3070	0.1326
3071	0.3685
3072	0.3641
3073	-0.2292
3074	-0.1672
3075	-0.04268
3076	
3077	-0.02375
3078	
3079	0.6978
3080	
3081	0.2918
3082	0.2845
3083	0.5854
3084	-0.03305
3085	-0.2299
3086	0.7902
3087	-0.3806
3088	0.04584
3089	0.1049
3090	0.1074
3091	0.1304
3092	0.3347
3093	0.000818
3094	0.1577
3095	0.6773
3096	0.1183
3097	0.2865
3098	0.0313
3099	0.1476
3100	0.02771
3101	-0.1186
3102	0.4078
3103	0.2006
3104	0.06356
3105	0.2058
3106	
3107	
3108	-0.6219
3109	-0.1249
3110	-0.3014
3111	0.0292
3112	0.03457
3113	0.4593
3114	0.6978
3115	
3116	0.8254
3117	0.238
3118	
3119	-0.03127
3120	-0.2407
3121	-0.06036
3122	-0.1283
3123	
3124	0.4662
3125	0.8979
3126	0.3501
3127	0.4243
3128	0.4044
3129	0.4213
3130	-0.1728
3131	0.1386
3132	0.2373
3133	-0.359
3134	-0.1334
3135	-0.4403
3136	-0.3486
3137	-0.411
3138	-0.1884
3139	
3140	-0.2208
3141	-0.1392
3142	-0.6493
3143	0.1074
3144	
3145	-0.1111
3146	-0.0491
3147	0.3565
3148	0.2145
3149	0.1963
3150	0.1646
3151	0.1899
3152	-0.1624
3153	0.297
3154	0.2013
3155	0.2805
3156	-0.5144
3157	0.07165
3158	0.2375
3159	-0.729
3160	-0.1504
3161	0.2372
3162	0.5033
3163	-0.2459
3164	0.7836
3165	0.2999
3166	0.8325
3167	0.5799
3168	0.6452
3169	0.2883
3170	0.4649
3171	
3172	-0.0216
3173	-0.4231
3174	
3175	-0.1479
3176	0.2087
3177	0.1614
3178	0.1964
3179	0.315
3180	0.1675
3181	0.5083
3182	
3183	0.4666
3184	-0.07838
3185	0.1759
3186	0.5198
3187	0.4255
3188	
3189	0.4457
3190	-0.02977
3191	0.06742
3192	-0.006435
3193	-0.06117
3194	0.2646
3195	0.142
3196	0.1369
3197	0.5762
3198	0.02583
3199	0.4987
3200	0.1757
3201	-0.3923
3202	0.4313
3203	-0.3697
3204	0.08457
3205	-0.03606
3206	-0.05486
3207	-0.1194
3208	-0.0546
3209	-0.2959
3210	
3211	-0.2495
3212	
3213	-0.2179
3214	-0.1003
3215	-0.1384
3216	-0.2891
3217	0.2049
3218	0.7665
3219	-0.0009452
3220	0.5576
3221	1.132
3222	1.304
3223	1.43
3224	1.238
3225	1.129
3226	0.146
3227	0.1686
3228	-0.1651
3229	0.01364
3230	0.2431
3231	0.2571
3232	0.05602
3233	0.3511
3234	0.4134
3235	0.05771
3236	1.096
3237	0.3324
3238	0.01139
3239	-0.08261
3240	0.1045
3241	-0.532
3242	-0.05769
3243	-0.0509
3244	-0.1071
3245	0.1062
3246	-0.5552
3247	-0.4269
3248	-0.05859
3249	-0.2543
3250	-0.5572
3251	0.09028
3252	-0.04263
3253	-0.2696
3254	0.1715
3255	0.2236
3256	0.1397
3257	-0.2814
3258	0.05946
3259	-0.05241
3260	0.1756
3261	0.1347
3262	-0.3196
3263	-0.4594
3264	0.0522
3265	-0.1953
3266	0.2151
3267	0.0149
3268	-0.05339
3269	-0.0509
3270	-0.1625
3271	0.2727
3272	
3273	
3274	
3275	
3276	
3277	
3278	
3279	-0.2355
3280	0.02344
3281	-0.02321
3282	0.009975
3283	0.437
3284	0.47
3285	0.1096
3286	-0.2618
3287	-0.2758
3288	0.01703
3289	-0.09687
3290	0.0928
3291	
3292	0.1621
3293	0.1638
3294	0.2426
3295	0.4697
3296	0.6098
3297	0.4286
3298	0.7576
3299	0.1914
3300	0.6964
3301	0.4369
3302	0.4828
3303	0.6379
3304	0.1652
3305	0.1228
3306	0.5736
3307	-0.09642
3308	0.3356
3309	
3310	0.6418
3311	
3312	
3313	0.2929
3314	0.5478
3315	0.2863
3316	0.6598
3317	
3318	1.043
3319	0.7217
3320	0.5766
3321	0.2086
3322	-0.1726
3323	-0.5626
3324	-0.5305
3325	-0.3614
3326	-0.2092
3327	-0.3749
3328	-0.06249
3329	-0.2688
3330	-0.1833
3331	
3332	0.1315
3333	-0.231
3334	-0.1937
3335	-0.2364
3336	-0.0567
3337	-0.2977
3338	
3339	0.6386
3340	1.016
3341	0.6584
3342	
3343	-0.1221
3344	-0.02115
3345	0.1735
3346	-0.1091
3347	0.2791
3348	
3349	
3350	-0.06074
3351	0.07534
3352	0.3931
3353	0.0573
3354	-0.4844
3355	-0.2822
3356	-0.2744
3357	-0.07829
3358	-0.3012
3359	-0.4088
3360	-0.2634
3361	-0.3632
3362	-0.3356
3363	0.08842
3364	-0.4244
3365	-0.2678
3366	-0.1664
3367	0.235
3368	0.2715
3369	-0.4644
3370	-0.287
3371	0.01992
3372	-0.161
3373	-0.1027
3374	-0.1594
3375	-0.2037
3376	0.1247
3377	-0.3105
3378	-0.2169
3379	0.1168
3380	-0.08531
3381	
3382	-0.0455
3383	-0.6255
3384	0.06358
3385	0.2461
3386	0.159
3387	0.4399
3388	0.2064
3389	0.2464
3390	-0.3251
3391	-0.2244
3392	-0.7502
3393	-0.3688
3394	-0.3821
3395	-0.2772
3396	
3397	-0.3266
3398	-0.2833
3399	0.04988
3400	0.3767
3401	0.2676
3402	0.06375
3403	0.8602
3404	-0.5042
3405	0.01121
3406	
3407	-0.03838
3408	-0.03738
3409	-0.4452
3410	0.1375
3411	-0.3949
3412	0.0522
3413	0.1586
3414	0.01775
3415	0.197
3416	1.127
3417	1.17
3418	0.4012
3419	
3420	
3421	-0.3094
3422	-0.4522
3423	0.1967
3424	-0.05845
3425	-0.4149
3426	
3427	
3428	-0.273
3429	0.2404
3430	0.205
3431	0.1321
3432	0.3934
3433	0.3996
3434	-0.1719
3435	-0.2037
3436	0.09712
3437	-0.371
3438	0.227
3439	-0.2841
3440	-0.1974
3441	-0.2713
3442	0.03372
3443	0.1575
3444	-0.3033
3445	0.2029
3446	-0.09883
3447	-0.1213
3448	-0.2234
3449	0.3412
3450	0.2848
3451	-0.06395
3452	-0.1281
3453	-0.05548
3454	-0.491
3455	-0.2136
3456	-0.07514
3457	-0.1634
3458	0.005686
3459	0.1108
3460	0.2455
3461	0.29
3462	0.1782
3463	0.2487
3464	0.5957
3465	-0.1241
3466	0.3453
3467	0.252
3468	-0.4839
3469	-0.1366
3470	-0.2026
3471	0.1818
3472	0.4376
3473	
3474	-0.4408
3475	-0.4623
3476	0.3978
3477	-0.4231
3478	-0.7715
3479	0.1074
3480	-0.3595
3481	-0.2988
3482	
3483	-0.3617
3484	
3485	-0.5143
3486	0.04572
3487	-0.004297
3488	-0.07947
3489	
3490	-0.3691
3491	0.002401
3492	0.1677
3493	-0.1943
3494	0.1102
3495	0.5609
3496	-0.2938
3497	0.04157
3498	0.2307
3499	0.02927
3500	-0.1536
3501	-0.04467
3502	-0.05532
3503	-0.1083
3504	-0.09154
3505	0.04733
3506	0.05278
3507	-0.5852
3508	-0.4747
3509	0.1092
3510	0.4183
3511	0.3547
3512	-0.3586
3513	-0.5428
3514	0.08296
3515	-0.02632
3516	-0.2258
3517	0.004598
3518	-0.2865
3519	-0.5252
3520	-0.2907
3521	0.2304
3522	-0.2348
3523	0.09565
3524	0.0522
3525	0.3065
3526	0.3774
3527	-0.2015
3528	1.557
3529	-0.002642
3530	0.08516
3531	-0.456
3532	-0.8583
3533	-0.2301
3534	-0.2369
3535	0.118
3536	-0.4359
3537	0.1056
3538	-0.3162
3539	-0.473
3540	0.8933
3541	0.8092
3542	0.9136
3543	0.5996
3544	0.7174
3545	
3546	-0.02009
3547	-0.4294
3548	-0.02507
3549	0.2988
3550	-0.0231
3551	0.04678
3552	0.1135
3553	0.7409
3554	0.08457
3555	-0.07151
3556	0.05929
3557	0.1347
3558	-0.01695
3559	0.4746
3560	0.6415
3561	
3562	0.02854
3563	
3564	0.325
3565	0.3572
3566	-0.03351
3567	-0.3448
3568	0.09307
3569	0.225
3570	0.4542
3571	
3572	-0.1035
3573	-0.09224
3574	
3575	-0.5085
3576	-0.3571
3577	-0.4736
3578	
3579	-0.211
3580	0.1212
3581	-0.03058
3582	
3583	-0.1285
3584	-0.1201
3585	0.1103
3586	
3587	0.1606
3588	-0.255
3589	0.1596
3590	0.1812
3591	0.004117
3592	0.2693
3593	
3594	
3595	0.2963
3596	
3597	
3598	
3599	0.6206
3600	0.6722
3601	0.5875
3602	
3603	2.288
3604	1.987
3605	1.317
3606	0.2967
3607	0.2796
3608	0.3375
3609	0.1829
3610	0.003965
3611	0.235
3612	
3613	0.2272
3614	
3615	
3616	0.6469
3617	0.2212
3618	0.06243
3619	0.2555
3620	0.09015
3621	0.1465
3622	0.4801
3623	0.7371
3624	0.4725
3625	1.495
3626	0.7235
3627	0.08355
3628	
3629	0.6213
3630	0.5382
3631	0.4196
3632	0.4595
3633	0.3032
3634	-0.2814
3635	0.09313
3636	-0.02624
3637	-0.003591
3638	-0.001987
3639	0.7517
3640	0.1704
3641	0.4729
3642	0.3486
3643	-0.02885
3644	0.3964
3645	-0.165
3646	0.03457
3647	
3648	0.3479
3649	0.2371
3650	0.1768
3651	-0.1563
3652	0.1412
3653	0.1514
3654	
3655	0.3488
3656	
3657	-0.2464
3658	
3659	
3660	0.3302
3661	-0.07737
3662	
3663	-0.06055
3664	
3665	0.1175
3666	-0.02864
3667	0.05401
3668	-0.08396
3669	0.2798
3670	0.3514
3671	0.3811
3672	-0.3272
3673	0.1948
3674	-0.08309
3675	
3676	0.03435
3677	-0.3354
3678	
3679	
3680	-0.1384
3681	-0.2573
3682	-0.8653
3683	-0.0509
3684	0.06276
3685	0.159
3686	0.2926
3687	0.4396
3688	0.06921
3689	0.2927
3690	
3691	-0.2573
3692	-0.2652
3693	-0.2681
3694	0.225
3695	0.2623
3696	
3697	
3698	0.1374
3699	0.3117
3700	0.3519
3701	0.3159
3702	0.6069
3703	-0.1461
3704	0.3189
3705	
3706	0.2229
3707	1.075
3708	2.167
3709	0.5074
3710	
3711	-0.2022
3712	-0.06856
3713	0.04587
3714	-0.3838
3715	0.08035
3716	-0.1139
3717	0.0007041
3718	0.2285
3719	-0.009674
3720	0.1786
3721	0.208
3722	0.4392
3723	-0.7261
3724	0.1715
3725	0.3448
3726	-0.0509
3727	-0.1263
3728	0.4314
3729	0.1077
3730	0.2686
3731	-0.02334
3732	0.6432
3733	0.7129
3734	0.8925
3735	0.6785
3736	1.041
3737	0.2861
3738	0.5116
3739	-0.09567
3740	0.07331
3741	0.3489
3742	0.4458
3743	-0.2128
3744	0.306
3745	0.2184
3746	
3747	-0.1846
3748	
3749	-0.2621
3750	0.2713
3751	1.542
3752	0.8262
3753	0.3529
3754	-0.02753
3755	0.01928
3756	
3757	
3758	
3759	
3760	
3761	
3762	-0.3175
3763	0.3828
3764	0.2153
3765	-0.2102
3766	0.3183
3767	-0.09452
3768	
3769	-0.06095
3770	-0.1543
3771	-0.2056
3772	-0.1779
3773	0.03971
3774	-0.06649
3775	0.3827
3776	-0.0649
3777	
3778	0.4408
3779	0.5388
3780	
3781	0.6216
3782	0.04943
3783	0.4261
3784	0.1401
3785	0.0862
3786	0.07304
3787	0.3345
3788	0.4011
3789	0.09852
3790	0.07667
3791	-0.01424
3792	-0.3037
3793	-0.2498
3794	-0.2776
3795	-0.02324
3796	
3797	
3798	
3799	
3800	-0.02968
3801	-0.08958
3802	0.389
3803	0.5358
3804	0.4811
3805	0.3521
3806	0.4395
3807	-0.01408
3808	0.2149
3809	0.5665
3810	-0.1343
3811	0.3522
3812	
3813	0.2548
3814	0.1519
3815	-0.07599
3816	0.2033
3817	0.1577
3818	0.129
3819	0.4158
3820	0.874
3821	0.3623
3822	0.004162
3823	-0.4233
3824	0.04904
3825	0.04607
3826	0.2754
3827	-0.0509
3828	0.01981
3829	-0.1563
3830	0.1417
3831	0.0236
3832	-0.0166
3833	0.581
3834	0.1011
3835	0.5948
3836	0.575
3837	0.5176
3838	0.239
3839	-0.04645
3840	0.04796
3841	
3842	0.2469
3843	0.2828
3844	0.6826
3845	0.524
3846	
3847	0.5835
3848	0.2569
3849	
3850	0.014
3851	
3852	
3853	
3854	
3855	
3856	-0.6771
3857	0.2406
3858	
3859	0.2506
3860	-0.0106
3861	0.1011
3862	0.2438
3863	-0.2233
3864	
3865	0.1715
3866	0.1934
3867	0.5367
3868	0.06216
3869	-0.1298
3870	0.08652
3871	0.3143
3872	-0.6501
3873	0.0684
3874	-0.01613
3875	0.1469
3876	-0.1776
3877	-0.3548
3878	-0.2695
3879	-0.5731
3880	
3881	
3882	-0.1656
3883	
3884	-0.08399
3885	
3886	0.108
3887	0.3542
3888	0.191
3889	
3890	0.1886
3891	0.6561
3892	0.5365
3893	
3894	1.165
3895	0.4741
3896	-0.007828
3897	-0.1352
3898	0.2582
3899	-0.2964
3900	0.5778
3901	0.01267
3902	0.3013
3903	-0.4059
3904	-0.8285
3905	-0.0509
3906	-0.349
3907	-0.5026
3908	0.2282
3909	-0.04657
3910	
3911	0.03567
3912	0.6344
3913	0.4393
3914	0.8125
3915	-0.2107
3916	0.03715
3917	0.1401
3918	0.314
3919	0.7173
3920	-0.2349
3921	
3922	
3923	
3924	-0.02839
3925	0.9693
3926	1.678
3927	0.8899
3928	
3929	-0.4031
3930	0.1552
3931	0.7383
3932	0.436
3933	-0.103
3934	0.07412
3935	0.03918
3936	-0.01757
3937	-0.1223
3938	0.0822
3939	
3940	
3941	
3942	
3943	-0.1343
3944	0.3041
3945	
3946	
3947	-0.03682
3948	-0.02115
3949	-0.5394
3950	0.01003
3951	0.1254
3952	-0.2988
3953	-0.5132
3954	-0.01742
3955	0.5636
3956	0.2727
3957	-0.0777
3958	0.1715
3959	0.1271
3960	0.2886
3961	0.4811
3962	1.755
3963	0.2427
3964	0.302
3965	0.2032
3966	0.7679
3967	0.291
3968	
3969	
3970	
3971	
3972	0.312
3973	-0.1533
3974	-0.3028
3975	-0.1588
3976	
3977	
3978	
3979	
3980	0.168
3981	0.1491
3982	-0.02311
3983	0.449
3984	0.4182
3985	0.4801
3986	
3987	0.8341
3988	
3989	0.3511
3990	
3991	0.1858
3992	0.1684
3993	-0.08102
3994	-0.2295
3995	-0.1287
3996	0.2052
3997	-0.1364
3998	-0.3551
3999	-0.3031
4000	-0.1685
4001	-0.2629
4002	
4003	-0.1629
4004	-0.5372
4005	
4006	-0.564
4007	
4008	
4009	
4010	
4011	0.006818
4012	-0.5023
4013	-0.155
4014	0.316
4015	0.2933
4016	0.04904
4017	0.1042
4018	0.1287
4019	0.5996
4020	0.01622
4021	0.2797
4022	-0.01338
4023	-0.002492
4024	-0.2265
4025	-0.08472
4026	0.02614
4027	0.1148
4028	0.09594
4029	
4030	
4031	-0.1297
4032	0.6726
4033	0.9484
4034	1.255
4035	1.218
4036	1.18
4037	-0.1285
4038	0.1394
4039	0.4132
4040	0.08301
4041	0.3807
4042	0.1519
4043	0.3663
4044	0.09482
4045	-0.1289
4046	0.2074
4047	-0.5643
4048	-0.5793
4049	-0.2654
4050	-0.1992
4051	0.4887
4052	-0.1244
4053	-0.6871
4054	0.1567
4055	0.5608
4056	-0.2331
4057	-0.3182
4058	-0.0574
4059	0.09318
4060	0.02125
4061	-0.3608
4062	-0.4514
4063	0.061
4064	-0.08609
4065	-0.04344
4066	-0.0509
4067	
4068	0.01949
4069	0.02429
4070	-0.1241
4071	-0.1324
4072	-0.1363
4073	-0.1399
4074	-0.01026
4075	-0.09154
4076	0.1104
4077	0.2484
4078	0.4834
4079	
4080	-0.04112
4081	0.1855
4082	-0.3184
4083	-0.4806
4084	
4085	
4086	0.1665
4087	-0.03722
4088	0.2923
4089	
4090	-0.3382
4091	-0.5156
4092	-0.3762
4093	-0.3218
4094	-0.07398
4095	-0.1726
4096	-0.2768
4097	-0.1619
4098	-0.1807
4099	
4100	-0.1249
4101	-0.03014
4102	0.07686
4103	-0.09529
4104	0.6489
4105	-0.4256
4106	-0.8352
4107	-0.2685
4108	-0.1325
4109	-0.359
4110	-0.008572
4111	0.05622
4112	-0.1048
4113	0.1019
4114	-0.0216
4115	-0.3271
4116	-0.3781
4117	-0.4462
4118	-0.00055
4119	0.2652
4120	0.1821
4121	0.01147
4122	1.18
4123	1.402
4124	-0.03116
4125	0.3966
4126	0.1662
4127	0.05988
4128	0.1011
4129	0.7749
4130	-0.03412
4131	-0.1788
4132	-0.3602
4133	-0.5428
4134	
4135	-0.4195
4136	-0.03976
4137	-0.4693
4138	0.1149
4139	0.5631
4140	0.1331
4141	-0.3245
4142	0.8376
4143	0.9009
4144	0.2065
4145	-0.4482
4146	-0.1103
4147	-0.05943
4148	-0.06036
4149	0.0573
4150	0.3384
4151	0.3317
4152	0.5361
4153	0.8943
4154	0.8681
4155	0.03096
4156	-0.4076
4157	-0.1612
4158	-0.1913
4159	0.2023
4160	
4161	0.003215
4162	0.1749
4163	
4164	
4165	
4166	0.5223
4167	0.2407
4168	0.2298
4169	-0.5131
4170	-0.0509
4171	0.7164
4172	0.1909
4173	0.363
4174	0.34
4175	0.04952
4176	-0.0509
4177	
4178	
4179	0.2932
4180	0.1715
4181	
4182	-0.8285
4183	-0.3373
4184	-0.2938
4185	-0.0554
4186	-0.387
4187	-0.1089
4188	-0.0006239
4189	-0.4704
4190	-0.02288
4191	-0.07398
4192	0.03971
4193	-0.2631
4194	-0.1517
4195	0.1873
4196	0.3287
4197	0.1836
4198	0.2767
4199	0.1836
4200	0.3989
4201	0.4906
4202	0.2112
4203	0.5966
4204	0.1543
4205	
4206	0.2887
4207	0.5662
4208	0.04295
4209	
4210	-0.489
4211	-0.2338
4212	-0.008903
4213	0.2499
4214	0.143
4215	-0.4521
4216	0.4801
4217	0.009338
4218	0.4792
4219	-0.1977
4220	0.1612
4221	-0.09853
4222	0.114
4223	0.008516
4224	-0.207
4225	-0.2045
4226	0.2185
4227	0.446
4228	0.09749
4229	0.1085
4230	0.009857
4231	0.4815
4232	0.3784
4233	0.3068
4234	-0.03772
4235	-0.0836
4236	-0.08907
4237	0.1439
4238	0.5006
4239	0.7575
4240	0.4837
4241	0.4302
4242	0.8205
4243	-0.5038
4244	-1.207
4245	-1.525
4246	-0.03862
4247	-0.2142
4248	-0.2026
4249	-0.09333
4250	-0.5032
4251	-0.5717
4252	-0.3139
4253	
4254	-0.04112
4255	0.07369
4256	-0.46
4257	-0.1257
4258	0.2169
4259	0.01467
4260	0.372
4261	-0.1959
4262	-0.0299
4263	0.03815
4264	0.1318
4265	-0.06451
4266	0.2742
4267	0.1577
4268	-0.2733
4269	
4270	
4271	0.09524
4272	
4273	
4274	-0.1141
4275	-0.3911
4276	-0.8087
4277	-0.5177
4278	-0.07259
4279	0.4785
4280	
4281	-0.07713
4282	-0.233
4283	-0.02818
4284	0.0522
4285	-0.2373
4286	-0.2336
4287	-0.1191
4288	-0.1823
4289	0.1196
4290	0.9448
4291	0.1766
4292	-0.2315
4293	-0.9598
4294	-0.8683
4295	0.1782
4296	-0.09859
4297	0.1323
4298	0.3693
4299	0.3164
4300	0.08263
4301	0.06592
4302	0.01622
4303	-0.347
4304	
4305	-0.1582
4306	-0.3369
4307	-0.3299
4308	-0.729
4309	0.3882
4310	1.076
4311	1.221
4312	-0.06503
4313	-0.5055
4314	0.4102
4315	-0.1192
4316	0.3166
4317	0.1558
4318	-0.1148
4319	-0.1251
4320	-0.1497
4321	-0.07355
4322	0.8063
4323	0.8101
4324	0.3399
4325	-0.2147
4326	0.01769
4327	0.0309
4328	0.1531
4329	0.264
4330	-0.04414
4331	0.09763
4332	-0.05532
4333	-0.1285
4334	-0.8556
4335	-0.4681
4336	-0.3596
4337	-0.4045
4338	-0.5363
4339	-0.04316
4340	-0.328
4341	0.01999
4342	0.01316
4343	-0.1386
4344	-0.6038
4345	-0.6941
4346	0.2936
4347	-0.0249
4348	0.2426
4349	0.2733
4350	0.2098
4351	-0.1118
4352	-0.2899
4353	-0.1261
4354	
4355	0.2875
4356	0.009072
4357	0.247
4358	0.06913
4359	
4360	0.1086
4361	0.1105
4362	0.3398
4363	-0.2836
4364	-0.4135
4365	-0.7051
4366	-0.4991
4367	-0.1622
4368	
4369	
4370	
4371	-0.04765
4372	0.188
4373	0.05422
4374	0.004812
4375	0.4728
4376	0.7018
4377	-0.01676
4378	-0.2184
4379	-0.1751
4380	0.1451
4381	0.0292
4382	-0.5423
4383	-0.8073
4384	0.1976
4385	0.3076
4386	-0.06869
4387	0.1011
4388	-0.1597
4389	
4390	0.1011
4391	0.2872
4392	0.0684
4393	0.03345
4394	0.1184
4395	-0.215
4396	0.4125
4397	0.1898
4398	0.2857
4399	0.1684
4400	0.156
4401	0.4061
4402	0.6177
4403	-0.2152
4404	
4405	
