1	0.12	10.31	10.19
2	-0.18	8.84	9.02
3	-0.31	10.08	10.39
4	-0.85	10.83	11.69
5	-0.18	9.61	9.80
6	-0.01	8.43	8.44
7	0.77	12.74	11.97
8	0.16	9.32	9.16
9	-0.12	11.43	11.55
10	-0.16	9.27	9.43
11	0.19	8.73	8.54
12	-0.03	9.08	9.11
13	-0.48	8.93	9.41
14	-0.04	9.74	9.78
15	-0.13	10.48	10.61
16	-0.19	9.32	9.51
17	0.04	10.39	10.34
18	0.04	9.06	9.02
19	-0.15	10.37	10.52
20	0.13	9.34	9.21
21	0.15	11.48	11.32
22	0.06	10.79	10.73
23	0.05	8.84	8.79
24	0.01	9.51	9.51
25	-0.34	10.09	10.43
26	0.03	10.27	10.24
27	0.37	11.31	10.95
28	0.06	8.87	8.81
29	0.00	9.06	9.06
30	-0.15	9.91	10.07
31	-0.15	9.85	10.00
32	0.33	10.26	9.93
33	0.48	9.62	9.15
34	-0.07	9.44	9.50
35	0.25	11.63	11.38
36	0.18	10.04	9.86
37	0.23	9.54	9.30
38	-0.22	12.88	13.10
39	0.25	10.28	10.03
40	0.09	10.96	10.87
41	-0.04	10.39	10.43
42	0.18	9.22	9.04
43	0.40	11.50	11.10
44	-2.14	9.95	12.09
45	0.06	9.98	9.92
46	-0.58	8.86	9.44
47	-1.97	9.38	11.35
48	-0.36	10.51	10.86
49	0.11	9.14	9.02
50	-0.31	9.32	9.63
51	0.12	8.38	8.26
52	0.08	8.87	8.79
53	-0.30	9.30	9.61
54	-0.33	10.28	10.61
55	0.09	8.64	8.56
56	0.09	8.42	8.33
57	-0.07	8.49	8.56
58	-0.11	9.42	9.53
59	-0.15	9.40	9.55
60	0.16	9.75	9.59
61	0.02	11.63	11.61
62	0.49	12.46	11.97
63	-0.12	8.90	9.02
64	0.07	9.15	9.08
65	-0.08	9.66	9.73
66	0.37	13.21	12.84
67	-1.30	10.25	11.56
68	-0.42	9.11	9.53
69	-1.01	11.66	12.66
70	-0.30	10.22	10.52
71	-0.32	12.20	12.52
72	-0.03	9.39	9.42
73	0.19	8.94	8.75
74	-0.71	13.08	13.79
75	-0.35	10.21	10.56
76	-2.26	8.82	11.08
77	0.53	9.15	8.63
78	-0.01	8.13	8.14
79	0.12	10.39	10.27
80	-0.25	11.06	11.31
81	-0.11	10.02	10.13
82	0.05	9.65	9.60
83	-0.08	11.80	11.87
84	-0.09	9.27	9.36
85	0.40	12.31	11.91
86	0.17	11.74	11.57
87	0.02	11.02	11.00
88	-0.38	10.30	10.68
89	-0.25	12.48	12.72
90	-0.79	10.71	11.50
91	-0.08	11.91	11.99
92	0.31	9.75	9.44
93	0.49	11.29	10.80
94	-0.07	8.83	8.89
95	-0.02	9.39	9.41
96	-0.19	11.68	11.87
97	-0.25	10.19	10.44
98	-0.25	10.27	10.52
99	-0.08	11.60	11.69
100	0.06	9.58	9.52
101	0.50	11.43	10.93
102	0.09	8.99	8.90
103	-0.14	12.28	12.43
104	0.06	9.90	9.84
105	-1.07	11.19	12.26
106	0.03	9.75	9.71
107	0.04	9.33	9.28
108	0.31	12.03	11.72
109	-0.03	11.48	11.51
110	-0.10	8.67	8.77
111	1.97	11.49	9.53
112	0.00	10.10	10.10
113	-0.63	9.26	9.90
114	-0.24	9.30	9.54
115	-0.06	9.34	9.39
116	-0.13	9.19	9.32
117	-0.13	10.02	10.16
118	-0.14	10.71	10.85
119	-0.31	9.48	9.78
120	0.62	9.65	9.02
121	-0.68	9.35	10.03
122	0.00	9.39	9.39
123	-0.20	8.54	8.74
124	-0.30	9.79	10.10
125	-0.10	8.51	8.61
126	-0.41	9.48	9.89
127	-0.18	9.14	9.32
128	-0.08	9.72	9.79
129	0.05	9.03	8.98
130	0.15	9.65	9.50
131	0.13	8.83	8.70
132	0.13	9.69	9.56
133	0.31	9.42	9.11
134	0.86	9.65	8.79
135	0.21	9.54	9.32
136	-0.18	9.70	9.88
137	0.12	10.01	9.90
138	-0.43	9.80	10.24
139	-0.63	10.36	10.99
140	0.08	9.04	8.95
141	0.36	9.77	9.41
142	-0.17	9.39	9.56
143	0.28	8.88	8.60
144	0.22	10.12	9.90
145	0.01	10.92	10.91
146	-0.10	7.98	8.07
147	-0.08	10.75	10.84
148	-0.10	9.31	9.41
149	0.08	10.37	10.29
150	0.10	10.55	10.45
151	0.01	9.46	9.45
152	0.34	10.08	9.74
153	0.07	9.50	9.44
154	-0.10	9.73	9.82
155	0.04	8.56	8.52
156	-0.08	9.66	9.74
157	0.09	10.43	10.34
158	0.21	10.03	9.83
159	-0.53	9.31	9.84
160	0.02	10.67	10.65
161	0.12	9.84	9.72
162	-0.01	9.78	9.79
163	0.00	10.65	10.64
164	-0.07	10.09	10.16
165	0.16	9.96	9.80
166	-0.05	9.11	9.16
167	-0.15	9.68	9.83
168	0.11	10.71	10.60
169	0.08	9.47	9.39
170	-0.42	9.88	10.30
171	0.14	9.22	9.08
172	0.01	9.32	9.31
173	-0.40	10.78	11.18
174	-0.11	9.18	9.29
175	-0.29	9.22	9.51
176	0.17	9.47	9.30
177	0.06	8.48	8.42
178	-0.06	9.79	9.85
179	0.54	10.46	9.93
180	-0.14	9.03	9.17
181	0.02	8.79	8.76
182	-0.15	10.09	10.23
183	0.10	9.81	9.71
184	-0.03	9.46	9.49
185	0.02	10.27	10.25
186	0.09	9.43	9.34
187	0.16	9.02	8.86
188	-0.06	9.24	9.29
189	1.90	11.77	9.88
190	-0.07	9.13	9.20
191	-0.58	9.02	9.60
192	-0.12	8.73	8.84
193	-0.16	9.26	9.43
194	-0.09	8.89	8.99
195	-0.03	8.71	8.74
196	0.15	10.92	10.76
197	0.10	9.24	9.14
198	0.05	11.05	11.00
199	-0.27	10.21	10.48
200	-0.13	11.12	11.25
201	-0.05	9.66	9.71
202	-0.09	9.22	9.30
203	0.32	9.93	9.61
204	-1.73	8.67	10.40
205	-0.80	9.21	10.01
206	0.09	9.04	8.95
207	0.06	10.19	10.14
208	-0.02	9.39	9.41
209	0.21	9.80	9.59
210	0.09	9.21	9.12
211	-0.04	10.38	10.42
212	-0.20	9.59	9.79
213	-0.77	9.09	9.85
214	-0.09	8.32	8.41
215	2.01	10.88	8.88
216	-0.17	10.00	10.18
217	0.39	10.09	9.70
218	-0.14	9.46	9.60
219	0.06	8.53	8.47
220	-0.06	9.45	9.52
221	-0.62	9.04	9.65
222	-0.19	9.76	9.96
223	-0.59	10.44	11.03
224	-0.10	9.17	9.27
225	-0.12	9.75	9.87
226	0.20	9.16	8.96
227	-0.06	8.82	8.88
228	-0.14	9.86	9.99
229	-0.14	9.62	9.76
230	0.16	10.40	10.24
231	-0.72	10.05	10.77
232	-0.33	11.17	11.51
233	-0.39	8.89	9.29
234	0.13	8.52	8.39
235	-0.35	10.40	10.75
236	0.88	12.44	11.56
237	0.65	10.22	9.56
238	-0.26	10.85	11.12
239	-0.15	8.87	9.02
240	0.22	8.55	8.32
241	1.27	11.17	9.90
242	-0.05	9.80	9.85
243	0.06	8.37	8.32
244	-0.49	9.58	10.06
245	-0.05	8.77	8.81
246	-0.05	8.81	8.86
247	0.08	9.66	9.58
248	-0.07	12.78	12.85
249	-0.04	10.96	11.00
250	0.00	10.90	10.90
251	0.04	9.77	9.73
252	-0.04	9.92	9.96
253	-0.20	9.60	9.80
254	-0.05	10.97	11.02
255	0.10	9.61	9.52
256	-0.05	9.44	9.49
257	-0.22	9.60	9.82
258	0.02	10.09	10.08
259	0.01	10.25	10.23
260	0.07	10.53	10.45
261	0.21	10.28	10.07
262	0.07	10.27	10.19
263	-0.05	10.11	10.16
264	-0.07	10.50	10.57
265	0.04	10.53	10.48
266	0.01	10.42	10.41
267	-0.25	10.68	10.93
268	-0.14	10.21	10.34
269	-0.21	8.84	9.06
270	-0.31	9.16	9.47
271	0.06	8.87	8.81
272	-0.59	10.80	11.39
273	0.35	9.85	9.50
274	0.28	10.75	10.47
275	-0.31	9.30	9.61
276	-0.04	9.79	9.83
277	0.21	10.34	10.12
278	-0.14	12.53	12.67
279	-0.38	9.61	9.99
280	0.64	9.28	8.63
281	0.56	10.47	9.90
282	0.35	10.04	9.69
283	0.05	10.37	10.32
284	0.25	9.80	9.55
285	-0.56	9.45	10.01
286	-0.33	9.21	9.54
287	0.11	10.37	10.25
288	0.29	9.26	8.98
289	-1.48	8.47	9.94
290	-0.42	11.22	11.64
291	0.96	10.55	9.59
292	-0.59	9.73	10.31
293	-3.54	8.33	11.87
294	-0.17	8.95	9.12
295	-0.01	10.38	10.39
296	-0.47	10.18	10.66
297	-0.04	9.10	9.14
298	0.15	10.49	10.34
299	0.64	10.88	10.25
300	0.12	9.14	9.02
301	0.15	8.98	8.83
302	0.15	8.82	8.66
303	-0.05	8.68	8.73
304	1.19	10.67	9.48
305	0.11	10.97	10.86
306	-0.10	8.81	8.90
307	0.59	10.87	10.28
308	0.56	12.14	11.58
309	0.32	9.00	8.68
310	-0.24	10.87	11.11
311	-0.10	9.16	9.26
312	-0.09	9.66	9.75
313	0.26	12.04	11.78
314	0.26	9.30	9.05
315	-0.02	9.01	9.04
316	0.08	9.25	9.17
317	-0.03	10.36	10.39
318	0.09	10.16	10.07
319	4.76	14.32	9.56
320	0.69	9.72	9.03
321	0.04	8.57	8.53
322	-0.06	9.05	9.12
323	-1.90	9.83	11.73
324	-0.30	10.30	10.60
325	3.61	13.04	9.43
326	-0.37	9.43	9.80
327	-0.08	8.31	8.39
328	0.13	9.09	8.97
329	0.17	11.16	10.99
330	-0.21	9.53	9.74
331	2.66	11.55	8.89
332	0.09	9.36	9.27
333	0.23	8.65	8.42
334	0.21	9.67	9.46
335	-0.27	10.55	10.83
336	4.35	13.32	8.97
337	-0.25	11.05	11.31
338	0.61	11.43	10.82
339	0.42	11.61	11.19
340	-0.76	9.74	10.50
341	0.06	10.12	10.06
342	0.26	11.18	10.92
343	-0.17	9.91	10.08
344	-0.02	11.03	11.05
345	-0.15	9.65	9.79
346	-0.41	9.30	9.71
347	0.18	10.87	10.69
348	0.13	11.51	11.38
349	1.35	11.78	10.43
350	-0.09	12.55	12.64
351	-0.07	10.15	10.22
352	0.54	11.75	11.21
353	-0.20	7.47	7.67
354	0.15	12.26	12.11
355	0.00	10.48	10.49
356	-0.87	10.92	11.79
357	0.16	11.31	11.15
358	-0.01	10.63	10.64
359	-0.27	9.91	10.18
360	-0.38	10.38	10.76
361	0.08	10.92	10.84
362	0.20	9.72	9.52
363	-0.10	10.03	10.13
364	0.76	11.49	10.73
365	0.00	9.13	9.13
366	0.11	9.53	9.42
367	0.13	11.47	11.34
368	0.41	10.78	10.37
369	-0.07	10.34	10.41
370	-0.09	9.88	9.97
371	-0.05	10.78	10.83
372	-0.22	10.89	11.12
373	-0.60	10.86	11.46
374	-0.38	10.61	10.99
375	0.18	9.67	9.49
376	0.32	9.68	9.36
377	-0.14	9.07	9.20
378	0.53	12.09	11.56
379	-0.35	11.43	11.79
380	0.35	9.96	9.61
381	0.06	9.05	8.98
382	-0.08	10.05	10.13
383	0.08	10.43	10.34
384	0.08	9.73	9.66
385	-0.26	10.30	10.56
386	-0.51	8.84	9.35
387	0.43	9.74	9.30
388	0.13	10.14	10.01
389	-0.35	8.46	8.81
390	-0.69	9.89	10.58
391	-0.36	10.59	10.95
392	0.14	9.81	9.67
393	0.08	9.76	9.69
394	-0.38	10.37	10.75
395	0.36	9.94	9.58
396	0.17	10.08	9.91
397	-1.02	8.84	9.86
398	0.25	9.16	8.91
399	-0.17	8.95	9.12
400	-0.12	9.69	9.81
401	-0.17	9.06	9.22
402	-0.17	9.37	9.54
403	0.10	9.44	9.35
404	-0.96	11.50	12.47
405	-0.29	10.08	10.36
406	-0.22	8.64	8.87
407	0.32	10.31	9.99
408	-0.13	9.69	9.82
409	0.26	9.98	9.72
410	-0.23	9.86	10.09
411	0.07	10.42	10.35
412	0.13	10.15	10.03
413	-0.32	8.74	9.06
414	0.03	9.20	9.17
415	0.04	10.43	10.39
416	-0.41	9.69	10.11
417	0.16	9.91	9.75
418	-0.42	9.30	9.72
419	0.23	9.16	8.93
420	-0.24	10.21	10.46
421	0.01	10.20	10.19
422	-0.17	9.95	10.13
423	-0.28	9.95	10.23
424	0.05	10.60	10.54
425	-0.03	9.30	9.33
426	0.12	10.10	9.98
427	-0.26	9.97	10.23
428	-0.33	9.24	9.56
429	0.08	9.87	9.79
430	-0.15	9.01	9.16
431	0.14	9.40	9.26
432	0.43	9.80	9.37
433	-0.09	9.65	9.74
434	0.15	9.06	8.91
435	0.39	10.52	10.12
436	-0.23	9.48	9.71
437	-0.72	10.00	10.73
438	-0.86	10.76	11.62
439	0.04	9.03	8.99
440	-0.12	9.94	10.06
441	-0.06	9.26	9.32
442	-0.03	9.84	9.88
443	1.39	10.74	9.36
444	0.20	9.67	9.48
445	-0.06	10.19	10.25
446	-0.44	9.78	10.22
447	0.03	9.01	8.98
448	0.05	9.37	9.32
449	0.27	9.94	9.67
450	-0.02	10.08	10.09
451	0.26	9.93	9.67
452	-0.04	9.64	9.67
453	0.08	9.20	9.12
454	0.32	9.66	9.34
455	0.02	9.18	9.17
456	-0.15	9.30	9.45
457	0.27	10.10	9.83
458	-0.19	10.03	10.22
459	0.68	9.96	9.28
460	0.03	9.54	9.50
461	-0.12	9.82	9.94
462	-0.21	9.35	9.56
463	0.28	9.93	9.65
464	-0.39	9.85	10.24
465	-0.06	8.90	8.96
466	-0.11	9.38	9.49
467	0.08	8.95	8.87
468	-0.57	9.88	10.45
469	0.08	10.06	9.98
470	0.02	9.77	9.75
471	0.28	10.56	10.28
472	0.52	10.05	9.53
473	0.14	9.04	8.89
474	-0.53	9.68	10.20
475	0.09	10.02	9.93
476	0.08	8.75	8.66
477	0.13	9.59	9.46
478	0.13	10.60	10.47
479	0.17	10.85	10.68
480	-0.64	8.67	9.30
481	0.11	9.28	9.17
482	-0.69	10.16	10.85
483	-0.45	9.04	9.49
484	0.06	9.25	9.20
485	-1.51	9.27	10.78
486	0.13	9.51	9.38
487	0.03	9.26	9.23
488	0.01	8.88	8.86
489	0.05	8.85	8.79
490	-0.45	10.24	10.69
491	0.11	10.08	9.96
492	-0.15	9.72	9.87
493	0.04	10.05	10.01
494	0.10	9.65	9.55
495	-0.14	9.37	9.50
496	-1.91	8.63	10.54
497	0.09	10.10	10.01
498	0.13	9.44	9.31
499	0.71	10.40	9.69
500	0.23	9.09	8.87
501	-0.30	10.64	10.94
502	0.29	9.16	8.86
503	-0.26	9.77	10.03
504	0.37	9.38	9.01
505	-0.22	9.57	9.79
506	-0.24	9.47	9.71
507	-0.03	9.21	9.24
508	0.07	9.85	9.78
509	-0.19	10.62	10.81
510	-0.12	9.54	9.66
511	0.16	9.67	9.51
512	0.17	9.37	9.20
513	-0.08	11.73	11.81
514	0.50	10.78	10.28
515	-0.14	9.16	9.30
516	-0.05	9.15	9.20
517	0.43	10.66	10.23
518	-0.15	9.87	10.02
519	-0.07	10.08	10.15
520	0.12	8.44	8.32
521	-0.05	8.57	8.62
522	0.19	9.66	9.47
523	0.45	10.63	10.18
524	0.36	10.39	10.03
525	0.04	9.42	9.38
526	-0.06	9.27	9.32
527	0.25	9.62	9.37
528	-0.25	9.73	9.98
529	0.22	10.42	10.21
530	0.66	8.31	7.64
531	0.03	8.63	8.60
532	0.06	8.82	8.76
533	-0.13	10.06	10.19
534	-0.06	9.55	9.61
535	-0.23	9.70	9.92
536	0.03	9.24	9.21
537	0.25	10.61	10.36
538	0.09	8.83	8.75
539	0.81	11.70	10.90
540	-0.25	10.59	10.84
541	0.19	9.24	9.05
542	0.34	9.40	9.06
543	-0.06	8.82	8.88
544	0.03	9.24	9.21
545	-0.01	10.55	10.56
546	-0.24	11.59	11.83
547	-0.31	9.00	9.31
548	0.03	8.38	8.35
549	-0.15	9.11	9.26
550	0.25	9.52	9.26
551	-0.08	9.76	9.84
552	-0.08	9.49	9.57
553	-0.51	10.00	10.51
554	-0.02	9.13	9.16
555	0.03	11.21	11.18
556	0.18	11.63	11.45
557	-0.03	10.76	10.79
558	0.51	10.34	9.83
559	0.13	10.31	10.18
560	0.64	10.02	9.38
561	0.11	9.86	9.75
562	0.42	10.00	9.58
563	0.03	9.59	9.56
564	-0.24	9.74	9.98
565	0.22	9.90	9.69
566	-0.06	10.83	10.89
567	0.45	10.33	9.88
568	-0.12	9.56	9.68
569	-0.11	10.14	10.25
570	0.15	10.97	10.82
571	0.18	10.81	10.63
572	-0.06	9.55	9.61
573	0.37	11.08	10.71
574	-1.07	8.39	9.46
575	0.00	9.74	9.74
576	0.07	8.77	8.71
577	-0.17	9.51	9.68
578	0.00	8.88	8.88
579	-0.01	8.27	8.28
580	0.00	10.01	10.01
581	-0.36	11.52	11.88
582	0.05	9.70	9.65
583	-0.04	8.53	8.57
584	-0.10	9.34	9.44
585	-0.13	8.70	8.83
586	-0.62	9.85	10.47
587	-0.29	9.62	9.92
588	0.45	10.33	9.87
589	-0.31	8.55	8.86
590	-0.13	9.13	9.26
591	0.02	10.11	10.09
592	-0.05	8.36	8.41
593	0.10	9.12	9.02
594	-0.35	10.29	10.64
595	0.01	8.74	8.73
596	0.24	11.49	11.25
597	0.01	9.33	9.32
598	-0.12	8.65	8.76
599	-0.03	9.23	9.26
600	-0.04	10.91	10.95
601	0.33	12.36	12.03
602	-1.29	10.38	11.68
603	0.11	8.83	8.72
604	0.27	10.35	10.08
605	-0.14	11.09	11.23
606	-0.13	10.54	10.67
607	0.09	9.50	9.41
608	-0.09	9.70	9.79
609	-0.32	9.45	9.77
610	-0.51	11.92	12.42
611	0.28	11.33	11.05
612	-0.12	9.25	9.37
613	-0.04	8.43	8.47
614	1.70	12.38	10.68
615	-0.12	9.20	9.32
616	-0.17	10.28	10.45
617	-0.17	11.51	11.68
618	-0.01	11.49	11.50
619	-0.20	10.62	10.81
620	-0.05	9.67	9.72
621	0.07	10.71	10.65
622	-0.18	11.18	11.37
623	-0.11	11.28	11.39
624	-1.98	8.94	10.93
625	0.29	10.32	10.03
626	-0.09	9.69	9.78
627	-0.15	11.46	11.61
628	0.03	9.98	9.95
629	0.10	8.45	8.35
630	-0.48	10.23	10.71
631	-0.03	9.50	9.53
632	-0.56	11.33	11.89
633	-0.30	8.84	9.14
634	-0.25	9.87	10.12
635	-0.93	10.62	11.55
636	-0.65	9.75	10.40
637	-0.04	10.83	10.87
638	0.43	11.24	10.81
639	0.07	10.88	10.81
640	0.21	9.20	8.99
641	0.00	10.35	10.34
642	-0.31	9.17	9.49
643	-0.49	9.64	10.14
644	0.67	10.30	9.63
645	-0.10	9.15	9.25
646	0.05	11.99	11.93
647	-0.18	10.24	10.42
648	-0.42	9.07	9.49
649	-0.48	11.23	11.71
650	0.12	11.38	11.26
651	0.14	10.21	10.07
652	-0.26	9.71	9.97
653	-0.08	8.85	8.92
654	-0.45	10.01	10.46
655	-0.41	10.73	11.14
656	-0.03	11.72	11.76
657	0.23	9.61	9.38
658	1.33	10.38	9.05
659	0.56	9.22	8.66
660	0.08	8.72	8.64
661	-0.08	10.23	10.31
662	0.04	8.41	8.37
663	-0.19	9.17	9.36
664	-0.20	9.05	9.25
665	-0.01	10.00	10.00
666	-0.20	9.39	9.59
667	-0.34	8.94	9.27
668	0.18	10.00	9.83
669	0.19	8.68	8.49
670	-0.79	8.80	9.59
671	0.14	8.35	8.21
672	-0.10	7.27	7.38
673	-0.13	8.47	8.60
674	-0.02	11.11	11.13
675	-0.03	8.87	8.90
676	0.00	9.17	9.17
677	0.44	11.52	11.07
678	-0.37	10.87	11.24
679	-0.34	9.42	9.77
680	0.21	8.69	8.48
681	0.48	9.43	8.95
682	0.04	9.81	9.77
683	-0.03	8.92	8.95
684	-0.19	9.83	10.02
685	-0.07	8.86	8.93
686	-0.15	9.63	9.78
687	0.12	10.30	10.18
688	0.24	9.41	9.17
689	-0.01	8.88	8.89
690	-0.46	9.38	9.84
691	0.14	9.47	9.33
692	-0.06	8.94	9.00
693	-0.06	9.24	9.29
694	0.12	10.07	9.95
695	0.02	8.82	8.80
696	0.19	10.73	10.53
697	0.29	9.93	9.65
698	-0.15	9.41	9.55
699	-0.09	9.23	9.32
700	0.02	9.57	9.55
701	0.57	9.83	9.26
702	0.24	10.77	10.52
703	-0.22	9.05	9.27
704	-0.50	8.68	9.18
705	-0.04	9.44	9.48
706	0.14	9.01	8.87
707	-0.48	9.00	9.48
708	0.31	10.51	10.19
709	-0.05	9.16	9.21
710	0.15	8.90	8.76
711	-0.02	10.01	10.03
712	0.04	8.83	8.79
713	-0.07	9.22	9.30
714	0.05	8.92	8.87
715	-0.33	9.08	9.41
716	0.00	8.61	8.60
717	-0.21	9.46	9.67
718	-2.07	8.86	10.93
719	-0.18	9.80	9.98
720	-0.09	9.19	9.28
721	-0.14	9.57	9.70
722	-0.02	8.93	8.95
723	0.35	9.83	9.48
724	-0.31	8.90	9.22
725	-0.42	8.90	9.32
726	-0.04	8.96	9.00
727	0.11	8.54	8.43
728	-0.26	8.61	8.87
729	-0.10	8.99	9.10
730	-0.40	9.69	10.09
731	-0.19	10.86	11.05
732	-0.06	8.91	8.98
733	-0.29	9.24	9.53
734	-0.02	9.02	9.04
735	0.05	9.16	9.12
736	0.56	10.89	10.33
737	0.00	9.41	9.41
738	-0.34	9.24	9.58
739	-0.11	9.16	9.26
740	0.10	8.80	8.70
741	-0.35	8.78	9.13
742	-0.06	9.17	9.23
743	-0.39	9.04	9.43
744	0.37	8.56	8.19
745	0.03	9.51	9.49
746	-0.07	9.32	9.39
747	-0.09	9.00	9.09
748	-0.11	8.79	8.90
749	1.71	10.21	8.50
750	0.06	9.06	9.00
751	-0.30	9.52	9.82
752	0.23	9.42	9.19
753	-0.24	9.31	9.55
754	0.37	9.54	9.17
755	0.47	10.82	10.35
756	-0.17	10.11	10.28
757	-0.50	9.52	10.02
758	0.15	9.14	8.99
759	0.01	8.45	8.44
760	-0.35	8.87	9.22
761	-0.05	8.68	8.73
762	-0.13	9.28	9.40
763	-0.49	9.95	10.44
764	-0.04	9.35	9.39
765	0.36	10.24	9.88
766	0.09	9.16	9.07
767	-0.26	8.55	8.81
768	-0.02	9.42	9.44
769	-0.20	8.57	8.77
770	-0.17	10.31	10.47
771	-0.09	9.07	9.16
772	0.01	9.49	9.48
773	-0.08	11.03	11.11
774	-1.08	11.01	12.09
775	0.03	10.23	10.20
776	0.36	9.40	9.04
777	0.13	8.40	8.27
778	-0.25	11.97	12.22
779	-0.11	8.62	8.73
780	-0.13	9.28	9.41
781	-0.58	8.45	9.03
782	-0.06	10.31	10.38
783	-0.09	8.39	8.48
784	-0.04	11.85	11.89
785	-0.21	12.65	12.86
786	-0.06	10.23	10.29
787	0.04	10.11	10.08
788	0.08	10.37	10.29
789	-0.33	9.45	9.79
790	0.01	9.84	9.82
791	0.00	9.66	9.65
792	0.00	10.11	10.12
793	-0.36	10.22	10.59
794	-0.34	9.23	9.58
795	-0.20	9.46	9.66
796	0.48	10.88	10.40
797	0.25	9.76	9.51
798	0.01	9.68	9.67
799	-0.21	10.17	10.38
800	0.26	10.00	9.74
801	0.16	11.24	11.08
802	-0.26	10.91	11.17
803	-0.16	9.91	10.07
804	-0.11	9.50	9.62
805	0.12	10.20	10.08
806	0.01	9.87	9.86
807	0.16	10.01	9.86
808	-0.10	9.30	9.40
809	0.04	10.07	10.02
810	-0.48	11.41	11.89
811	0.16	8.64	8.48
812	0.10	11.12	11.02
813	0.01	10.62	10.61
814	-0.18	9.98	10.16
815	-0.46	9.45	9.91
816	0.03	10.26	10.23
817	-0.38	12.42	12.80
818	0.03	10.07	10.04
819	-0.05	10.38	10.44
820	-0.21	11.91	12.12
821	-0.12	8.75	8.87
822	-0.08	10.01	10.09
823	0.00	9.68	9.69
824	-0.10	12.73	12.83
825	-0.13	13.11	13.23
826	-0.02	9.34	9.37
827	0.06	9.83	9.76
828	-0.38	11.07	11.45
829	0.45	11.09	10.65
830	1.56	10.49	8.93
831	-0.17	10.06	10.22
832	0.77	11.42	10.65
833	-0.25	9.67	9.92
834	0.68	13.00	12.33
835	0.01	9.19	9.18
836	0.29	9.84	9.55
837	-0.31	8.86	9.17
838	-0.16	9.04	9.19
839	0.29	11.53	11.23
840	0.19	11.20	11.01
841	0.14	9.24	9.10
842	0.37	8.97	8.60
843	0.13	8.79	8.66
844	-0.09	10.35	10.45
845	0.25	10.84	10.58
846	-0.36	9.99	10.35
847	0.04	9.34	9.30
848	0.17	9.39	9.22
849	0.18	8.73	8.56
850	-0.39	8.67	9.06
851	-0.89	9.96	10.85
852	0.24	11.26	11.03
853	0.43	11.94	11.51
854	0.28	10.75	10.47
855	0.21	9.09	8.88
856	0.11	9.83	9.72
857	-0.24	10.79	11.04
858	3.30	12.34	9.04
859	0.07	9.37	9.30
860	0.08	8.47	8.39
861	-0.09	8.53	8.62
862	0.52	9.82	9.31
863	0.19	10.42	10.23
864	2.57	11.90	9.33
865	-0.38	9.83	10.20
866	0.07	10.25	10.18
867	-0.01	9.45	9.46
868	0.08	10.13	10.05
869	0.00	12.47	12.48
870	2.81	12.17	9.35
871	0.22	10.60	10.38
872	-0.15	8.67	8.81
873	-0.07	10.15	10.22
874	4.02	12.87	8.85
875	0.06	8.63	8.57
876	0.04	10.16	10.12
877	-1.41	8.39	9.80
878	0.10	9.51	9.42
879	0.13	10.19	10.06
880	0.03	9.40	9.37
881	-0.07	9.71	9.79
882	0.02	10.62	10.60
883	0.28	9.95	9.67
884	0.09	11.41	11.33
885	0.63	11.99	11.36
886	0.07	9.82	9.75
887	0.28	9.90	9.62
888	0.21	10.54	10.32
889	-0.03	9.31	9.34
890	-0.14	9.55	9.69
891	-0.05	10.13	10.18
892	-0.58	11.77	12.35
893	0.05	9.00	8.95
894	0.03	9.63	9.60
895	-0.23	9.62	9.85
896	0.03	8.69	8.66
897	-0.29	11.60	11.89
898	0.35	11.36	11.01
899	-0.28	10.38	10.66
900	1.03	11.58	10.56
901	0.33	11.03	10.70
902	-0.17	9.35	9.53
903	-0.48	11.84	12.32
904	-0.79	10.12	10.91
905	0.34	10.15	9.81
906	-0.19	9.88	10.06
907	-0.18	11.46	11.64
908	-0.44	10.41	10.86
909	-0.10	9.79	9.90
910	0.00	8.45	8.44
911	-0.23	9.15	9.38
912	-0.05	9.38	9.42
913	-0.55	10.72	11.27
914	-0.04	8.62	8.66
915	0.70	9.94	9.24
916	0.09	10.80	10.71
917	-0.17	9.66	9.82
918	-0.15	10.57	10.72
919	0.12	9.44	9.33
920	-0.33	10.42	10.74
921	0.17	10.80	10.63
922	0.30	10.28	9.97
923	-0.19	10.56	10.75
924	-0.29	10.42	10.72
925	-0.15	12.77	12.92
926	1.07	13.72	12.65
927	0.25	10.12	9.87
928	0.26	9.63	9.38
929	0.05	8.88	8.83
930	-0.04	9.13	9.17
931	-0.27	10.49	10.75
932	-1.50	8.52	10.02
933	-0.18	9.57	9.75
934	-0.15	11.42	11.57
935	-0.03	9.09	9.11
936	-0.11	9.10	9.21
937	-0.24	8.99	9.23
938	0.03	10.33	10.30
939	-0.27	9.44	9.71
940	-0.06	11.06	11.12
941	-0.01	8.49	8.49
942	-0.04	9.26	9.30
943	-0.38	9.31	9.69
944	0.02	9.62	9.60
945	-0.01	10.16	10.17
946	-0.05	9.77	9.82
947	-0.16	8.68	8.84
948	-0.24	9.65	9.89
949	-0.28	10.77	11.05
950	-0.39	9.62	10.01
951	-0.06	9.23	9.30
952	0.17	8.67	8.50
953	0.15	10.01	9.86
954	0.12	9.19	9.06
955	-0.14	9.80	9.94
956	0.00	9.26	9.26
957	0.06	10.18	10.12
958	-0.15	11.19	11.34
959	-0.03	11.54	11.57
960	0.27	8.99	8.73
961	0.95	11.43	10.48
962	0.05	11.17	11.12
963	0.18	9.25	9.08
964	0.09	9.00	8.91
965	0.06	9.04	8.99
966	-0.03	9.15	9.18
967	0.07	8.97	8.90
968	-0.04	9.58	9.62
969	0.02	10.17	10.15
970	0.05	10.20	10.14
971	-0.01	10.01	10.02
972	0.06	10.15	10.08
973	0.31	10.81	10.49
974	0.06	9.92	9.86
975	0.08	10.04	9.96
976	0.60	8.82	8.22
977	0.50	8.91	8.41
978	0.04	9.63	9.59
979	0.55	9.57	9.03
980	2.05	10.96	8.91
981	-0.21	8.96	9.17
982	-0.11	9.61	9.72
983	0.61	9.52	8.92
984	-0.12	8.67	8.79
985	-0.02	10.02	10.04
986	-0.17	13.44	13.61
987	0.18	11.08	10.90
988	-0.16	10.80	10.97
989	-0.47	9.92	10.39
990	-0.18	10.06	10.24
991	-0.05	9.53	9.58
992	-0.36	10.03	10.39
993	-0.02	10.56	10.58
994	0.26	11.18	10.92
995	-0.14	10.33	10.47
996	0.12	9.97	9.85
997	0.17	10.07	9.90
998	0.10	9.46	9.36
999	0.05	9.69	9.64
1000	-0.15	8.96	9.11
1001	0.88	10.70	9.82
1002	0.06	9.85	9.78
1003	-0.04	9.29	9.33
1004	-0.25	10.27	10.52
1005	0.26	9.94	9.68
1006	1.21	11.07	9.86
1007	-0.42	10.26	10.68
1008	0.20	8.82	8.62
1009	0.20	8.85	8.65
1010	-1.06	8.50	9.55
1011	-0.12	11.20	11.32
1012	-0.06	9.65	9.71
1013	-0.21	11.01	11.22
1014	-0.03	9.52	9.54
1015	-0.07	8.98	9.04
1016	0.20	10.05	9.84
1017	0.16	9.84	9.67
1018	0.04	9.43	9.39
1019	0.35	10.22	9.88
1020	0.12	9.51	9.39
1021	0.07	9.19	9.12
1022	0.05	9.47	9.42
1023	0.34	9.98	9.64
1024	-0.07	10.79	10.86
1025	0.04	9.25	9.21
1026	-0.21	9.40	9.62
1027	0.01	9.62	9.62
1028	-0.40	9.07	9.47
1029	-0.23	10.06	10.29
1030	0.02	9.22	9.20
1031	-0.13	10.16	10.30
1032	-0.32	10.49	10.81
1033	-0.09	8.62	8.71
1034	-0.40	9.21	9.60
1035	-0.39	9.14	9.53
1036	-0.21	9.46	9.67
1037	0.07	8.61	8.54
1038	-0.14	8.58	8.71
1039	0.12	9.27	9.15
1040	-0.16	9.61	9.77
1041	-0.10	10.25	10.36
1042	0.02	9.56	9.53
1043	-0.13	9.84	9.97
1044	0.25	9.96	9.70
1045	-0.17	9.68	9.84
1046	0.14	9.51	9.37
1047	-0.05	9.32	9.37
1048	-0.04	8.79	8.83
1049	0.15	10.09	9.94
1050	0.08	10.30	10.22
1051	-0.08	9.85	9.93
1052	-0.45	8.84	9.28
1053	-0.03	8.78	8.81
1054	0.06	8.91	8.85
1055	-0.12	9.14	9.26
1056	-0.21	9.23	9.44
1057	0.08	9.45	9.36
1058	-0.08	8.89	8.97
1059	-0.03	9.90	9.93
1060	-0.80	8.50	9.30
1061	0.37	9.99	9.63
1062	0.03	9.90	9.88
1063	-0.41	9.13	9.54
1064	-0.18	9.05	9.23
1065	0.10	9.49	9.39
1066	0.29	13.62	13.33
1067	0.07	9.65	9.57
1068	-0.59	9.59	10.17
1069	0.20	8.41	8.21
1070	-0.41	8.67	9.07
1071	-0.18	9.76	9.94
1072	0.14	9.70	9.55
1073	-0.44	10.69	11.13
1074	-0.79	9.38	10.17
1075	-0.14	8.85	8.99
1076	-0.38	10.01	10.39
1077	-0.21	9.76	9.97
1078	-0.56	10.23	10.79
1079	-0.04	9.86	9.90
1080	0.31	11.46	11.15
1081	0.19	8.56	8.38
1082	0.08	11.67	11.59
1083	3.79	12.78	8.98
1084	0.12	10.27	10.15
1085	-0.04	9.81	9.86
1086	0.13	10.08	9.95
1087	-0.25	9.98	10.23
1088	0.02	10.69	10.66
1089	0.10	10.85	10.75
1090	-0.23	9.18	9.41
1091	-0.13	8.64	8.77
1092	0.01	9.02	9.00
1093	3.67	12.66	8.99
1094	0.15	9.84	9.70
1095	-0.02	10.17	10.19
1096	0.56	11.18	10.62
1097	0.03	9.88	9.84
1098	0.08	9.09	9.01
1099	2.70	12.01	9.31
1100	0.11	8.93	8.82
1101	0.72	10.26	9.54
1102	0.54	10.50	9.96
1103	-0.35	8.88	9.23
1104	-0.09	10.33	10.43
1105	0.33	9.04	8.72
1106	-0.07	8.36	8.42
1107	0.05	10.10	10.04
1108	0.19	10.05	9.86
1109	0.05	8.98	8.93
1110	0.71	11.55	10.84
1111	0.00	9.21	9.21
1112	0.35	10.85	10.50
1113	0.07	8.21	8.14
1114	-0.19	10.38	10.57
1115	0.58	9.47	8.89
1116	0.23	9.01	8.77
1117	0.09	9.17	9.08
1118	-0.12	11.16	11.28
1119	-0.99	9.57	10.57
1120	-0.27	9.04	9.30
1121	0.13	8.75	8.62
1122	0.61	11.12	10.50
1123	0.33	9.68	9.35
1124	-0.32	8.79	9.11
1125	-0.16	8.74	8.90
1126	0.14	11.43	11.29
1127	-0.14	11.40	11.54
1128	0.10	10.54	10.45
1129	-0.02	10.72	10.73
1130	0.10	9.27	9.17
1131	-0.04	9.08	9.12
1132	-0.26	9.45	9.71
1133	2.81	11.04	8.23
1134	-0.27	12.71	12.98
1135	0.00	10.38	10.38
1136	3.34	12.12	8.77
1137	4.01	12.77	8.75
1138	-0.04	9.69	9.73
1139	-0.17	9.75	9.93
1140	-0.14	12.62	12.76
1141	0.21	10.76	10.56
1142	-0.52	10.42	10.94
1143	-0.17	11.30	11.47
1144	0.29	10.61	10.32
1145	-0.11	10.03	10.14
1146	0.20	10.74	10.54
1147	0.24	10.29	10.05
1148	0.04	9.44	9.39
1149	-0.42	9.54	9.96
1150	-0.16	10.15	10.31
1151	0.06	9.89	9.82
1152	-0.44	10.07	10.51
1153	0.16	10.53	10.37
1154	-0.34	10.89	11.24
1155	-0.44	11.54	11.97
1156	0.16	10.61	10.44
1157	-0.16	8.70	8.87
1158	-0.27	9.54	9.81
1159	-0.61	9.55	10.16
1160	-0.15	11.25	11.40
1161	0.19	11.10	10.91
1162	0.02	9.77	9.75
1163	-0.25	9.42	9.68
1164	0.15	10.37	10.22
1165	0.04	9.88	9.85
1166	0.00	9.12	9.12
1167	2.08	11.38	9.31
1168	-0.14	10.75	10.89
1169	-0.02	9.56	9.58
1170	0.29	12.49	12.21
1171	0.25	9.13	8.88
1172	-0.03	9.50	9.53
1173	-1.46	9.30	10.76
1174	-0.35	9.39	9.74
1175	-0.39	9.96	10.35
1176	-0.11	9.18	9.29
1177	0.07	9.87	9.79
1178	0.18	11.31	11.12
1179	-0.08	11.39	11.47
1180	-0.01	10.30	10.31
1181	-0.09	9.42	9.51
1182	-0.09	9.80	9.89
1183	0.21	9.59	9.38
1184	0.76	11.51	10.75
1185	1.62	11.08	9.46
1186	-0.30	9.54	9.84
1187	-0.21	9.51	9.72
1188	-0.15	10.87	11.02
1189	-0.08	10.71	10.79
1190	0.03	9.89	9.86
1191	-0.13	8.72	8.85
1192	0.48	10.77	10.29
1193	0.10	10.99	10.89
1194	0.01	11.19	11.18
1195	-0.33	9.71	10.04
1196	-0.04	8.62	8.67
1197	0.10	8.66	8.56
1198	-0.21	10.07	10.28
1199	-0.30	10.01	10.31
1200	-0.15	10.70	10.85
1201	0.38	11.30	10.92
1202	-0.06	8.85	8.92
1203	-0.12	9.45	9.58
1204	-0.42	10.58	11.00
1205	0.23	10.75	10.52
1206	0.10	9.87	9.77
1207	-0.11	9.58	9.69
1208	-0.26	8.97	9.23
1209	-0.20	10.27	10.46
1210	0.07	9.81	9.74
1211	-0.53	10.31	10.84
1212	-0.77	9.36	10.13
1213	0.15	8.80	8.66
1214	0.06	9.31	9.25
1215	0.28	9.29	9.02
1216	0.06	9.55	9.48
1217	-0.05	8.97	9.03
1218	0.10	8.91	8.80
1219	-0.22	9.78	10.00
1220	-0.09	10.45	10.54
1221	-0.28	10.11	10.39
1222	0.11	9.86	9.75
1223	0.09	8.76	8.67
1224	-0.17	9.39	9.56
1225	0.01	9.66	9.66
1226	0.33	10.76	10.43
1227	-0.15	9.41	9.56
1228	0.58	9.76	9.19
1229	0.28	9.27	8.99
1230	-0.04	8.84	8.88
1231	-0.07	9.99	10.06
1232	-0.04	9.49	9.53
1233	-0.10	9.77	9.86
1234	-0.26	10.82	11.08
1235	-1.12	9.91	11.03
1236	-0.05	9.53	9.58
1237	0.15	9.90	9.75
1238	-0.33	9.36	9.70
1239	0.20	10.72	10.53
1240	0.27	10.47	10.20
1241	-0.12	9.40	9.52
1242	0.03	9.92	9.90
1243	-0.09	9.47	9.57
1244	-0.07	9.33	9.40
1245	-0.13	9.57	9.70
1246	-0.25	9.69	9.94
1247	0.13	9.98	9.84
1248	0.21	9.86	9.65
1249	0.13	9.67	9.55
1250	0.06	10.29	10.23
1251	0.22	10.36	10.13
1252	0.07	9.79	9.73
1253	0.08	9.48	9.40
1254	-0.65	10.60	11.26
1255	-0.06	9.78	9.84
1256	-0.01	9.80	9.80
1257	0.02	9.78	9.76
1258	0.12	10.76	10.64
1259	-0.21	9.58	9.79
1260	-0.09	9.66	9.75
1261	0.06	9.37	9.30
1262	0.16	9.62	9.46
1263	0.01	8.85	8.84
1264	0.03	8.98	8.95
1265	0.04	8.79	8.75
1266	-0.06	8.89	8.95
1267	-0.07	10.23	10.31
1268	-0.19	9.16	9.35
1269	0.26	8.97	8.71
1270	-0.08	9.21	9.29
1271	-0.08	9.03	9.11
1272	0.26	9.67	9.41
1273	0.90	10.34	9.45
1274	0.05	9.47	9.42
1275	0.30	10.89	10.59
1276	0.16	9.78	9.62
1277	0.22	9.39	9.17
1278	0.19	9.71	9.52
1279	0.06	9.05	8.99
1280	0.27	10.07	9.80
1281	0.09	10.87	10.78
1282	-0.07	9.87	9.94
1283	-0.11	10.56	10.67
1284	-1.28	8.95	10.22
1285	-0.23	9.76	9.99
1286	-0.91	9.79	10.70
1287	0.65	12.23	11.58
1288	-0.03	9.47	9.50
1289	0.16	9.77	9.61
1290	0.16	9.59	9.43
1291	0.08	10.60	10.52
1292	-0.60	8.90	9.50
1293	0.08	9.80	9.72
1294	-0.14	10.63	10.77
1295	0.33	8.77	8.44
1296	0.04	10.24	10.21
1297	-0.13	9.35	9.48
1298	-0.11	9.36	9.47
1299	0.44	11.62	11.19
1300	0.06	11.09	11.03
1301	-0.04	11.00	11.04
1302	-0.22	8.90	9.12
1303	-0.49	8.81	9.31
1304	0.13	10.39	10.26
1305	0.04	9.74	9.70
1306	-0.08	10.69	10.77
1307	-0.17	10.65	10.82
1308	-0.08	9.56	9.64
1309	0.36	9.18	8.82
1310	0.17	9.31	9.13
1311	-0.25	10.26	10.51
1312	-0.37	10.67	11.04
1313	-0.16	11.26	11.42
1314	0.07	10.48	10.41
1315	-0.06	9.87	9.93
1316	-0.27	10.38	10.65
1317	-1.16	10.26	11.43
1318	-0.12	10.08	10.20
1319	0.12	10.83	10.71
1320	-0.24	9.68	9.92
1321	1.03	11.05	10.02
1322	0.21	11.12	10.91
1323	-0.07	9.87	9.94
1324	-0.04	11.68	11.72
1325	-0.58	10.03	10.61
1326	0.03	10.20	10.17
1327	-0.21	11.22	11.43
1328	-0.30	10.57	10.87
1329	-0.10	11.16	11.26
1330	-0.13	10.05	10.19
1331	-0.01	9.88	9.89
1332	-0.28	10.31	10.59
1333	-0.06	10.11	10.17
1334	0.02	10.55	10.53
1335	-0.34	8.95	9.30
1336	0.12	8.41	8.29
1337	0.06	8.53	8.47
1338	0.26	9.92	9.66
1339	-0.19	10.75	10.94
1340	0.16	8.73	8.57
1341	-0.05	9.00	9.06
1342	0.14	9.76	9.62
1343	-0.23	11.95	12.18
1344	0.02	8.61	8.59
1345	-0.05	10.14	10.19
1346	0.07	10.37	10.29
1347	-0.55	8.72	9.27
1348	-0.42	9.27	9.69
1349	-0.29	8.42	8.71
1350	0.05	10.18	10.13
1351	-0.32	8.56	8.88
1352	-0.14	8.52	8.66
1353	0.02	9.17	9.16
1354	-0.21	9.42	9.64
1355	0.23	8.60	8.38
1356	0.00	9.85	9.85
1357	0.00	8.54	8.54
1358	-0.55	10.12	10.67
1359	0.17	9.88	9.71
1360	-0.09	10.83	10.92
1361	0.16	9.40	9.25
1362	0.02	11.87	11.85
1363	-0.08	8.54	8.63
1364	-0.12	8.24	8.36
1365	-0.05	9.76	9.81
1366	-0.17	11.97	12.14
1367	-0.11	8.76	8.87
1368	-0.51	8.82	9.32
1369	0.08	9.07	8.99
1370	0.33	10.54	10.21
1371	0.31	8.81	8.49
1372	-0.12	8.57	8.69
1373	-0.27	10.02	10.30
1374	-1.17	9.29	10.46
1375	-0.72	11.00	11.72
1376	0.35	10.13	9.78
1377	0.09	9.14	9.04
1378	-0.30	9.18	9.47
1379	-0.35	8.87	9.22
1380	-0.36	8.79	9.14
1381	0.04	8.40	8.36
1382	0.52	10.23	9.71
1383	0.19	9.26	9.08
1384	0.08	10.08	10.01
1385	0.10	8.71	8.60
1386	0.01	8.27	8.26
1387	-0.08	9.64	9.71
1388	0.02	8.66	8.64
1389	-0.15	9.15	9.30
1390	-1.31	9.49	10.80
1391	-0.31	9.18	9.49
1392	0.05	8.78	8.74
1393	-0.60	9.64	10.24
1394	0.09	9.16	9.07
1395	1.30	11.24	9.94
1396	-0.03	8.67	8.71
1397	0.08	11.34	11.26
1398	0.06	9.70	9.63
1399	-0.33	9.86	10.19
1400	0.04	9.17	9.12
1401	-0.01	8.34	8.35
1402	-0.12	10.53	10.65
1403	-0.11	9.56	9.67
1404	0.25	11.00	10.76
1405	-0.32	9.50	9.81
1406	-0.11	11.61	11.72
1407	0.02	9.31	9.29
1408	0.52	11.52	11.00
1409	0.15	10.66	10.51
1410	-0.41	9.90	10.31
1411	-0.38	10.02	10.40
1412	-1.84	8.81	10.65
1413	-0.09	10.71	10.80
1414	-0.03	9.83	9.86
1415	-0.08	9.22	9.30
1416	-0.19	9.55	9.74
1417	-0.26	9.62	9.88
1418	0.61	10.71	10.11
1419	-0.54	8.81	9.35
1420	-0.25	9.04	9.29
1421	-0.11	8.99	9.10
1422	0.14	9.03	8.89
1423	0.29	11.40	11.11
1424	-0.13	9.83	9.96
1425	-0.41	10.30	10.71
1426	-0.54	12.20	12.74
1427	0.03	13.55	13.52
1428	0.15	10.53	10.38
1429	-0.61	9.37	9.98
1430	0.17	9.46	9.29
1431	0.01	10.03	10.01
1432	0.26	12.07	11.81
1433	0.04	10.62	10.57
1434	-0.07	13.06	13.13
1435	-0.04	9.62	9.65
1436	0.05	11.45	11.40
1437	-0.03	11.41	11.44
1438	-0.18	11.18	11.36
1439	-1.31	8.31	9.62
1440	-0.22	12.63	12.86
1441	-0.18	11.43	11.60
1442	0.18	11.04	10.86
1443	-0.09	10.27	10.36
1444	-0.08	8.99	9.07
1445	0.19	10.53	10.33
1446	-0.10	8.31	8.41
1447	-0.17	11.00	11.17
1448	0.30	9.08	8.78
1449	0.31	8.58	8.26
1450	-0.01	8.80	8.80
1451	-1.74	8.39	10.12
1452	-0.38	8.76	9.14
1453	0.48	10.81	10.33
1454	0.50	10.19	9.69
1455	0.10	9.12	9.02
1456	0.18	10.26	10.08
1457	0.18	10.66	10.49
1458	-0.47	10.00	10.46
1459	0.01	8.87	8.86
1460	-0.20	9.97	10.18
1461	-0.70	10.30	11.00
1462	-0.11	10.81	10.92
1463	0.13	9.45	9.32
1464	-0.15	8.81	8.96
1465	0.02	12.03	12.01
1466	-0.20	10.00	10.19
1467	0.02	8.64	8.62
1468	-1.05	8.62	9.67
1469	-0.24	10.43	10.67
1470	0.05	10.63	10.58
1471	0.52	10.25	9.73
1472	-0.02	8.84	8.85
1473	0.56	9.33	8.76
1474	0.23	10.14	9.91
1475	-1.93	9.03	10.96
1476	-0.02	8.47	8.48
1477	-0.12	9.48	9.60
1478	0.18	8.62	8.44
1479	-0.08	10.80	10.87
1480	-0.19	8.68	8.87
1481	-0.18	8.56	8.74
1482	-0.10	10.42	10.52
1483	0.07	8.71	8.65
1484	-0.52	10.33	10.84
1485	-0.14	9.65	9.79
1486	0.00	8.62	8.62
1487	-1.38	9.94	11.32
1488	-0.20	10.53	10.73
1489	-0.31	10.41	10.72
1490	-0.26	9.67	9.93
1491	-0.20	9.62	9.82
1492	0.00	10.30	10.30
1493	0.06	9.18	9.11
1494	-0.27	10.18	10.45
1495	-0.38	8.69	9.08
1496	-0.72	9.61	10.33
1497	-0.36	9.53	9.89
1498	-0.04	11.71	11.76
1499	0.16	10.10	9.93
1500	-0.09	10.00	10.08
1501	-0.24	9.78	10.02
1502	0.02	10.21	10.19
1503	-0.06	9.43	9.49
1504	0.61	9.22	8.61
1505	0.12	9.29	9.17
1506	-0.41	9.94	10.35
1507	-0.15	8.33	8.48
1508	-0.09	9.17	9.26
1509	0.07	9.45	9.38
1510	-0.19	8.91	9.10
1511	-0.16	9.61	9.76
1512	-0.05	9.21	9.26
1513	-0.59	9.14	9.73
1514	-0.09	10.18	10.27
1515	-0.02	9.69	9.70
1516	0.14	8.55	8.41
1517	0.11	10.09	9.98
1518	-0.14	10.70	10.83
1519	-0.57	9.18	9.75
1520	0.05	8.79	8.74
1521	0.34	9.06	8.72
1522	0.02	10.82	10.79
1523	0.10	9.63	9.52
1524	-0.11	8.60	8.71
1525	-0.75	9.03	9.78
1526	0.12	8.52	8.40
1527	-0.26	8.77	9.03
1528	0.01	12.21	12.20
1529	0.06	9.58	9.52
1530	-0.42	9.77	10.19
1531	0.00	9.14	9.14
1532	-0.02	9.30	9.32
1533	-0.13	10.30	10.43
1534	-0.15	10.76	10.91
1535	0.16	10.07	9.92
1536	0.14	9.79	9.64
1537	-0.36	9.49	9.84
1538	0.00	10.07	10.07
1539	0.15	10.26	10.11
1540	-0.07	9.25	9.32
1541	0.13	9.27	9.14
1542	0.17	10.24	10.07
1543	0.60	10.94	10.34
1544	0.07	9.19	9.12
1545	0.01	10.39	10.38
1546	0.39	10.50	10.12
1547	-0.14	10.01	10.16
1548	0.14	10.27	10.14
1549	0.08	8.80	8.72
1550	0.42	10.30	9.89
1551	0.14	10.67	10.54
1552	-0.29	9.39	9.68
1553	-0.23	10.96	11.19
1554	0.11	9.72	9.61
1555	-0.32	8.99	9.30
1556	0.19	9.50	9.31
1557	-0.05	9.61	9.66
1558	0.22	9.89	9.67
1559	0.17	10.25	10.08
1560	-0.91	9.09	9.99
1561	0.13	9.59	9.46
1562	0.10	9.61	9.50
1563	0.00	11.16	11.15
1564	0.19	10.91	10.73
1565	-0.28	8.95	9.23
1566	0.12	8.44	8.32
1567	0.04	8.92	8.89
1568	-0.04	8.72	8.76
1569	0.13	9.14	9.00
1570	2.22	11.31	9.09
1571	0.03	9.38	9.35
1572	0.35	8.58	8.22
1573	-0.05	8.66	8.72
1574	2.07	11.12	9.04
1575	0.33	8.88	8.55
1576	-0.11	8.85	8.97
1577	0.09	8.61	8.52
1578	0.16	10.07	9.90
1579	-0.12	9.14	9.27
1580	-0.06	9.63	9.69
1581	-0.02	10.52	10.54
1582	0.30	10.29	9.99
1583	0.02	10.18	10.16
1584	0.09	10.13	10.04
1585	0.33	11.63	11.30
1586	0.54	12.50	11.96
1587	-0.35	10.56	10.91
1588	0.23	11.08	10.85
1589	-0.30	11.34	11.64
1590	0.00	9.99	9.99
1591	-0.01	9.83	9.84
1592	-0.13	10.61	10.74
1593	0.16	9.69	9.52
1594	0.14	10.37	10.23
1595	0.08	11.36	11.28
1596	-0.21	10.56	10.76
1597	-0.11	9.79	9.90
1598	-0.15	10.25	10.40
1599	-0.17	10.10	10.27
1600	-0.05	9.93	9.98
1601	-0.07	9.48	9.56
1602	-2.05	9.54	11.59
1603	0.37	11.60	11.24
1604	-0.12	9.60	9.72
1605	0.36	9.56	9.20
1606	0.11	10.78	10.67
1607	-0.31	12.30	12.61
1608	-0.37	11.43	11.80
1609	0.27	9.66	9.39
1610	-0.23	10.13	10.37
1611	0.27	8.58	8.31
1612	-0.43	9.33	9.77
1613	0.23	9.87	9.64
1614	-0.25	9.96	10.21
1615	1.00	10.21	9.21
1616	-2.11	8.86	10.96
1617	0.02	8.67	8.65
1618	0.07	8.59	8.52
1619	0.29	9.60	9.31
1620	0.10	9.92	9.82
1621	0.03	8.49	8.46
1622	-0.02	8.99	9.00
1623	0.08	8.59	8.51
1624	0.26	10.88	10.62
1625	0.41	9.78	9.38
1626	0.69	13.56	12.87
1627	-1.55	9.57	11.12
1628	2.81	12.15	9.34
1629	-0.39	9.97	10.36
1630	0.35	9.60	9.26
1631	-0.53	12.75	13.28
1632	-0.09	8.97	9.06
1633	3.07	12.04	8.97
1634	-0.18	9.69	9.86
1635	-0.03	10.49	10.52
1636	0.02	9.32	9.29
1637	0.31	8.69	8.38
1638	3.20	11.98	8.78
1639	0.10	10.08	9.98
1640	0.23	10.47	10.25
1641	-0.13	9.90	10.04
1642	0.12	9.13	9.01
1643	3.76	12.89	9.13
1644	0.09	9.61	9.52
1645	-0.10	9.34	9.44
1646	0.19	10.94	10.75
1647	0.15	9.07	8.92
1648	-0.70	9.31	10.01
1649	0.19	8.96	8.77
1650	-0.04	8.79	8.84
1651	0.01	8.45	8.44
1652	-0.21	9.05	9.26
1653	0.19	8.69	8.49
1654	0.06	9.16	9.11
1655	0.02	8.24	8.22
1656	-0.30	9.37	9.67
1657	-0.05	8.64	8.69
1658	0.08	8.60	8.51
1659	0.36	9.20	8.83
1660	0.26	8.97	8.71
1661	0.16	8.65	8.49
1662	1.26	12.40	11.14
1663	-0.97	10.05	11.03
1664	0.09	9.55	9.46
1665	0.23	9.18	8.95
1666	0.09	11.17	11.08
1667	0.27	9.37	9.10
1668	-0.02	11.46	11.47
1669	-0.33	9.64	9.97
1670	-0.21	10.70	10.91
1671	-0.04	9.97	10.01
1672	0.18	9.05	8.88
1673	0.62	9.03	8.41
1674	0.05	9.99	9.94
1675	-0.22	7.57	7.79
1676	0.13	8.63	8.50
1677	-0.04	8.70	8.74
1678	0.00	9.02	9.02
1679	1.46	9.94	8.48
1680	2.48	11.64	9.16
1681	0.81	10.89	10.08
1682	-0.34	9.29	9.63
1683	-0.18	9.78	9.96
1684	-0.32	10.15	10.47
1685	2.70	12.18	9.48
1686	-0.09	8.68	8.77
1687	-0.09	10.08	10.17
1688	-1.07	11.27	12.34
1689	0.08	9.68	9.60
1690	-0.13	9.48	9.62
1691	0.36	10.26	9.90
1692	0.30	9.86	9.56
1693	-0.10	9.20	9.30
1694	-0.07	8.19	8.26
1695	-0.40	10.26	10.66
1696	0.08	9.67	9.59
1697	0.25	9.88	9.63
1698	0.00	10.13	10.13
1699	-0.26	9.85	10.11
1700	-0.23	9.18	9.41
1701	-0.31	10.54	10.85
1702	0.35	10.81	10.45
1703	0.03	9.03	9.00
1704	0.17	10.14	9.96
1705	-0.28	8.75	9.04
1706	-0.25	8.83	9.07
1707	-0.30	10.09	10.39
1708	-0.50	9.85	10.35
1709	-1.63	8.30	9.93
1710	0.66	10.35	9.68
1711	0.35	10.18	9.82
1712	0.26	9.23	8.97
1713	1.03	10.24	9.21
1714	-0.16	9.42	9.58
1715	0.02	9.87	9.86
1716	0.09	9.42	9.33
1717	-0.03	10.12	10.15
1718	0.28	10.19	9.91
1719	-0.27	10.80	11.07
1720	0.23	12.17	11.94
1721	0.14	10.62	10.47
1722	-0.73	9.09	9.81
1723	-0.23	9.64	9.87
1724	0.66	10.06	9.39
1725	0.40	9.82	9.42
1726	2.01	11.14	9.13
1727	-0.24	9.20	9.45
1728	-0.25	9.73	9.98
1729	-0.12	8.56	8.68
1730	0.34	10.25	9.91
1731	0.03	10.24	10.21
1732	-0.69	11.23	11.92
1733	-0.16	9.65	9.81
1734	0.11	9.32	9.22
1735	-0.25	9.55	9.81
1736	-0.24	10.27	10.51
1737	-0.10	9.40	9.50
1738	-0.13	8.55	8.69
1739	-0.61	10.19	10.80
1740	0.09	10.10	10.00
1741	0.05	10.42	10.37
1742	-0.16	9.73	9.89
1743	-0.07	9.02	9.09
1744	-0.01	8.27	8.28
1745	-0.57	9.19	9.77
1746	-0.29	9.65	9.94
1747	-1.38	9.86	11.24
1748	-0.89	9.12	10.01
1749	-0.15	8.37	8.53
1750	-0.31	9.56	9.87
1751	-0.75	9.44	10.19
1752	-0.10	9.23	9.33
1753	0.04	10.18	10.14
1754	-0.16	8.60	8.76
1755	-0.23	9.20	9.43
1756	0.15	8.91	8.76
1757	-0.54	9.63	10.16
1758	0.09	9.89	9.80
1759	-0.02	9.88	9.90
1760	-0.06	8.87	8.93
1761	-0.08	10.41	10.49
1762	-0.33	8.85	9.18
1763	-0.33	9.99	10.32
1764	0.14	8.62	8.48
1765	0.04	8.93	8.89
1766	-0.27	9.22	9.49
1767	-0.05	9.35	9.40
1768	-0.41	9.03	9.44
1769	0.07	9.52	9.45
1770	-0.14	9.39	9.53
1771	-0.05	10.11	10.16
1772	0.14	9.10	8.96
1773	-0.24	9.88	10.12
1774	-0.82	10.06	10.88
1775	0.12	8.85	8.73
1776	0.02	8.52	8.50
1777	-0.13	8.58	8.71
1778	0.26	8.90	8.63
1779	0.13	9.50	9.37
1780	-0.12	9.74	9.85
1781	0.01	9.98	9.97
1782	-0.05	10.05	10.10
1783	0.17	9.70	9.53
1784	0.81	9.04	8.23
1785	-0.41	9.74	10.15
1786	-0.15	9.35	9.50
1787	0.26	9.81	9.56
1788	-0.29	8.82	9.11
1789	0.13	9.55	9.42
1790	0.30	9.40	9.10
1791	0.01	9.58	9.56
1792	0.06	9.61	9.55
1793	0.07	9.55	9.47
1794	-0.05	10.50	10.55
1795	-0.27	9.44	9.71
1796	-0.43	10.00	10.43
1797	-0.10	9.81	9.91
1798	-0.13	10.09	10.22
1799	0.26	9.62	9.36
1800	-0.10	10.16	10.26
1801	-0.02	9.71	9.73
1802	-0.11	8.94	9.05
1803	0.10	8.58	8.48
1804	0.25	9.12	8.87
1805	0.99	10.82	9.83
1806	0.02	9.30	9.28
1807	0.22	10.04	9.82
1808	0.23	8.58	8.35
1809	-0.10	8.68	8.78
1810	-0.05	8.30	8.35
1811	-0.01	8.50	8.51
1812	0.18	10.96	10.78
1813	-0.32	10.40	10.72
1814	0.14	9.40	9.25
1815	-0.07	10.75	10.82
1816	-0.06	8.99	9.06
1817	-0.41	10.21	10.61
1818	-0.14	8.19	8.33
1819	-0.02	8.12	8.14
1820	0.08	9.55	9.47
1821	0.55	9.56	9.01
1822	0.07	8.78	8.71
1823	0.57	11.60	11.02
1824	-0.09	9.27	9.37
1825	0.25	11.21	10.95
1826	0.14	9.13	8.99
1827	0.01	9.18	9.16
1828	-0.24	9.82	10.06
1829	-0.10	11.29	11.39
1830	0.20	10.50	10.30
1831	-0.16	9.03	9.20
1832	-0.22	9.28	9.49
1833	-0.53	9.45	9.98
1834	-0.79	9.81	10.60
1835	-0.65	10.31	10.95
1836	-0.16	9.31	9.47
1837	0.28	8.60	8.32
1838	-0.21	9.90	10.11
1839	0.43	8.74	8.31
1840	0.03	11.75	11.72
1841	-0.17	9.20	9.37
1842	-0.06	9.09	9.16
1843	0.14	9.10	8.95
1844	-0.05	9.97	10.02
1845	0.01	9.46	9.45
1846	0.09	9.47	9.38
1847	0.05	9.91	9.87
1848	0.29	10.85	10.56
1849	0.05	10.97	10.92
1850	-0.31	9.69	10.00
1851	-0.03	9.58	9.62
1852	-0.20	10.04	10.24
1853	-0.25	9.77	10.02
1854	0.06	11.08	11.02
1855	0.18	11.41	11.23
1856	-0.11	8.98	9.10
1857	0.36	9.01	8.65
1858	-0.04	8.90	8.94
1859	-0.08	10.43	10.50
1860	0.30	10.74	10.44
1861	-0.21	10.39	10.60
1862	-0.01	10.57	10.58
1863	-0.20	10.27	10.47
1864	0.01	9.64	9.63
1865	-0.10	10.42	10.53
1866	-0.32	10.75	11.06
1867	-0.03	10.75	10.78
1868	-0.31	9.58	9.89
1869	-0.04	9.81	9.86
1870	-0.22	9.50	9.72
1871	-0.19	9.46	9.65
1872	-0.06	9.62	9.68
1873	-0.29	9.51	9.80
1874	-0.10	9.53	9.63
1875	-0.14	9.45	9.58
1876	0.14	9.80	9.66
1877	-0.21	10.16	10.37
1878	-0.14	9.41	9.55
1879	-0.11	9.60	9.71
1880	0.10	10.16	10.06
1881	-0.89	9.12	10.01
1882	0.08	8.84	8.76
1883	0.40	9.40	9.00
1884	-0.11	8.82	8.93
1885	0.61	9.24	8.62
1886	0.30	8.58	8.29
1887	0.12	8.20	8.08
1888	-0.05	8.21	8.26
1889	-0.03	8.42	8.45
1890	-0.32	8.71	9.03
1891	-0.37	8.35	8.72
1892	0.06	8.58	8.52
1893	-0.17	9.09	9.25
1894	-0.39	7.93	8.32
1895	-0.15	8.50	8.65
1896	0.24	10.50	10.26
1897	0.33	11.12	10.79
1898	-0.01	11.07	11.08
1899	-0.16	9.33	9.49
1900	0.07	8.18	8.11
1901	0.08	9.15	9.07
1902	-0.43	8.57	8.99
1903	-0.06	10.35	10.41
1904	0.13	9.06	8.93
1905	-0.40	10.15	10.55
1906	0.12	8.77	8.65
1907	-0.44	8.44	8.88
1908	0.33	10.25	9.92
1909	0.09	8.48	8.39
1910	-0.03	8.53	8.56
1911	0.27	8.90	8.63
1912	0.33	10.62	10.29
1913	-0.07	10.83	10.90
1914	-0.52	9.15	9.67
1915	-0.19	8.90	9.10
1916	-0.07	8.69	8.76
1917	0.50	10.62	10.12
1918	-0.12	10.26	10.37
1919	-0.44	8.60	9.04
1920	-0.23	9.01	9.24
1921	-0.30	8.02	8.32
1922	-0.15	7.99	8.13
1923	-0.17	8.29	8.45
1924	-0.19	7.99	8.18
1925	-0.01	12.37	12.38
1926	-0.12	8.47	8.59
1927	0.10	8.41	8.31
1928	0.18	8.19	8.01
1929	-0.02	8.79	8.81
1930	0.07	8.65	8.58
1931	1.42	9.37	7.95
1932	-0.05	9.60	9.65
1933	-0.10	8.16	8.26
1934	0.19	9.58	9.39
1935	-0.08	8.92	9.00
1936	-0.09	8.46	8.55
1937	0.00	9.25	9.25
1938	-0.05	9.05	9.10
1939	-0.92	8.11	9.04
1940	-0.29	8.69	8.98
1941	0.43	8.32	7.88
1942	0.17	8.76	8.59
1943	0.46	10.87	10.41
1944	-0.03	8.89	8.92
1945	0.21	11.74	11.54
1946	0.11	12.55	12.44
1947	-0.20	7.63	7.82
1948	0.03	10.63	10.60
1949	-0.21	9.10	9.31
1950	0.37	9.39	9.02
1951	-0.79	10.51	11.30
1952	-0.13	9.34	9.47
1953	-0.03	7.52	7.55
1954	0.27	9.41	9.14
1955	0.14	8.46	8.32
1956	1.24	11.12	9.88
1957	-0.14	9.48	9.61
1958	-0.84	8.64	9.48
1959	-0.01	10.26	10.27
1960	0.33	9.21	8.88
1961	0.42	11.39	10.97
1962	-0.24	9.49	9.73
1963	0.13	9.68	9.55
1964	-0.32	11.83	12.15
1965	-0.04	12.99	13.03
1966	-0.31	9.00	9.31
1967	-0.13	12.62	12.75
1968	0.67	12.06	11.39
1969	0.25	10.21	9.96
1970	0.25	11.65	11.40
1971	-0.38	11.32	11.70
1972	0.11	9.48	9.37
1973	-0.22	11.01	11.23
1974	-0.36	12.13	12.49
1975	-0.11	12.12	12.24
1976	-0.13	10.69	10.81
1977	-0.16	11.61	11.76
1978	-0.26	11.24	11.50
1979	0.04	11.70	11.66
1980	-0.55	10.53	11.08
1981	-0.15	8.86	9.01
1982	-0.01	8.58	8.59
1983	1.26	12.55	11.29
1984	-0.09	10.24	10.34
1985	-0.12	10.38	10.49
1986	0.03	8.65	8.62
1987	-0.03	9.89	9.92
1988	0.19	9.54	9.35
1989	1.36	13.12	11.76
1990	-0.24	10.60	10.83
1991	0.08	8.28	8.21
1992	0.07	10.87	10.81
1993	0.12	8.31	8.19
1994	-0.62	8.90	9.51
1995	-0.03	8.55	8.57
1996	-0.11	12.66	12.77
1997	-0.08	9.92	10.00
1998	-0.62	10.56	11.18
1999	-0.12	8.88	9.00
2000	0.08	8.69	8.60
2001	-0.16	9.44	9.60
2002	0.18	8.87	8.69
2003	0.66	10.47	9.81
2004	0.00	11.12	11.12
2005	-0.13	8.55	8.67
2006	0.06	8.20	8.13
2007	0.23	8.18	7.95
2008	-0.39	9.75	10.14
2009	0.01	8.62	8.61
2010	0.03	8.00	7.97
2011	0.18	9.15	8.98
2012	0.06	8.31	8.25
2013	-0.81	9.10	9.91
2014	0.20	10.75	10.55
2015	-0.34	8.21	8.55
2016	-0.04	9.19	9.23
2017	0.49	9.81	9.33
2018	0.01	8.47	8.46
2019	-0.25	9.05	9.30
2020	0.48	9.77	9.29
2021	-0.17	10.52	10.69
2022	-0.47	10.81	11.28
2023	0.11	8.39	8.27
2024	-0.25	10.36	10.61
2025	-0.80	9.15	9.95
2026	-0.10	9.65	9.75
2027	-0.54	9.66	10.20
2028	-0.36	8.94	9.30
2029	0.35	9.29	8.94
2030	0.01	8.65	8.64
2031	-0.25	9.20	9.45
2032	0.04	9.12	9.08
2033	0.85	11.37	10.52
2034	-0.13	8.58	8.71
2035	0.14	9.51	9.37
2036	0.14	8.76	8.62
2037	-0.24	9.94	10.17
2038	0.11	9.63	9.52
2039	0.20	9.78	9.58
2040	-0.40	9.65	10.05
2041	-0.38	10.93	11.31
2042	0.09	9.62	9.54
2043	0.03	9.79	9.76
2044	-0.03	9.72	9.76
2045	-0.25	9.66	9.91
2046	0.31	10.26	9.94
2047	-0.26	9.17	9.44
2048	-0.24	8.58	8.83
2049	-0.02	9.18	9.20
2050	0.23	10.61	10.38
2051	2.80	10.65	7.85
2052	-0.04	8.72	8.76
2053	0.08	9.51	9.43
2054	0.01	9.98	9.98
2055	-0.04	9.57	9.61
2056	-0.02	10.00	10.02
2057	0.16	8.63	8.48
2058	-0.64	9.54	10.18
2059	0.53	10.69	10.15
2060	-0.27	8.81	9.08
2061	0.05	8.85	8.80
2062	0.49	8.53	8.04
2063	-0.54	9.76	10.30
2064	-0.09	8.50	8.60
2065	-0.02	8.62	8.64
2066	0.52	11.26	10.75
2067	-0.41	8.37	8.78
2068	-0.22	8.30	8.51
2069	0.40	8.42	8.02
2070	0.41	10.12	9.71
2071	0.20	9.43	9.23
2072	0.28	9.66	9.38
2073	-0.04	8.86	8.90
2074	0.19	12.95	12.76
2075	-0.08	8.79	8.87
2076	0.25	9.55	9.29
2077	0.56	9.94	9.37
2078	-0.20	8.98	9.18
2079	-0.02	9.18	9.20
2080	0.10	8.87	8.77
2081	0.14	8.15	8.01
2082	0.30	9.80	9.50
2083	0.27	9.85	9.58
2084	-0.05	9.91	9.96
2085	-0.15	8.34	8.48
2086	-0.02	9.51	9.53
2087	-0.13	9.33	9.46
2088	0.20	10.35	10.15
2089	-0.04	8.84	8.88
2090	-0.36	11.09	11.45
2091	-0.01	8.32	8.33
2092	0.26	9.24	8.98
2093	-0.09	9.06	9.15
2094	-0.06	9.02	9.08
2095	0.26	9.77	9.50
2096	-0.59	10.48	11.06
2097	0.30	10.77	10.47
2098	0.25	10.42	10.17
2099	-0.31	11.20	11.51
2100	0.09	9.08	8.99
2101	0.24	11.28	11.04
2102	-0.24	9.39	9.63
2103	0.06	8.59	8.54
2104	-0.05	9.91	9.96
2105	0.20	8.65	8.45
2106	0.13	9.30	9.17
2107	1.46	9.95	8.49
2108	0.07	8.19	8.12
2109	0.61	9.91	9.31
2110	0.09	8.85	8.76
2111	0.07	8.05	7.99
2112	-0.07	8.08	8.15
2113	-0.83	10.17	11.00
2114	0.09	10.88	10.79
2115	-0.02	8.74	8.76
2116	-0.10	9.19	9.29
2117	-0.10	9.35	9.45
2118	0.09	9.55	9.46
2119	-0.04	9.74	9.78
2120	-0.37	11.76	12.14
2121	0.13	9.55	9.43
2122	0.07	9.50	9.43
2123	-0.24	8.85	9.09
2124	-0.79	10.20	10.99
2125	-0.42	10.99	11.40
2126	0.16	11.01	10.85
2127	-0.31	10.22	10.53
2128	-0.12	9.96	10.07
2129	0.36	10.99	10.63
2130	-0.15	9.72	9.86
2131	-0.32	10.37	10.68
2132	-0.07	10.02	10.09
2133	0.22	10.61	10.40
2134	0.01	9.57	9.56
2135	-0.12	10.23	10.36
2136	0.10	9.41	9.31
2137	0.02	10.39	10.37
2138	-0.10	9.88	9.99
2139	-0.08	8.92	9.01
2140	-0.80	9.31	10.11
2141	-0.57	9.71	10.28
2142	-0.61	9.87	10.47
2143	-0.69	9.29	9.98
2144	0.01	8.64	8.64
2145	0.06	8.59	8.52
2146	0.06	9.04	8.97
2147	-0.02	10.51	10.52
2148	-0.15	9.21	9.35
2149	0.08	8.88	8.80
2150	-1.07	8.18	9.25
2151	0.04	9.31	9.26
2152	-0.47	10.29	10.76
2153	0.37	9.98	9.61
2154	-0.12	10.61	10.73
2155	-0.05	8.79	8.84
2156	-0.19	8.73	8.92
2157	-0.02	9.61	9.63
2158	-0.14	9.24	9.38
2159	0.03	10.30	10.27
2160	0.12	11.19	11.07
2161	-0.19	9.17	9.36
2162	2.27	10.96	8.70
2163	-0.22	9.57	9.79
2164	0.00	8.43	8.43
2165	0.27	9.84	9.57
2166	0.02	9.80	9.78
2167	1.13	10.81	9.68
2168	0.20	9.74	9.55
2169	0.32	10.43	10.11
2170	0.00	10.08	10.08
2171	-0.04	9.79	9.82
2172	0.15	9.11	8.96
2173	-1.70	9.30	11.01
2174	-0.54	9.92	10.46
2175	0.07	9.85	9.77
2176	0.01	9.39	9.38
2177	0.22	9.50	9.28
2178	0.53	11.38	10.85
2179	0.06	8.57	8.50
2180	-0.15	9.91	10.06
2181	-0.15	9.46	9.61
2182	-0.89	9.53	10.42
2183	0.01	8.90	8.89
2184	-0.29	8.76	9.05
2185	-0.11	9.12	9.23
2186	-0.09	8.28	8.37
2187	0.28	9.71	9.43
2188	-0.03	8.73	8.75
2189	-0.16	8.43	8.59
2190	0.07	8.36	8.29
2191	-0.23	10.20	10.43
2192	-0.34	10.72	11.06
2193	0.02	9.62	9.61
2194	0.16	10.89	10.73
2195	0.30	9.08	8.78
2196	-0.11	10.88	10.99
2197	0.01	9.20	9.19
2198	0.11	9.75	9.64
2199	-0.24	8.45	8.69
2200	0.12	10.56	10.44
2201	0.08	10.55	10.47
2202	0.00	8.92	8.92
2203	0.15	12.70	12.55
2204	1.70	13.06	11.36
2205	0.45	9.13	8.68
2206	-0.04	9.64	9.67
2207	0.47	11.19	10.71
2208	-0.13	9.58	9.71
2209	0.19	11.27	11.08
2210	0.82	11.91	11.09
2211	-1.25	12.39	13.64
2212	-1.45	10.26	11.71
2213	-0.20	10.02	10.23
2214	-0.01	8.44	8.45
2215	-0.14	9.76	9.90
2216	0.31	8.96	8.65
2217	-0.17	10.41	10.58
2218	0.09	9.40	9.31
2219	-0.01	9.26	9.27
2220	-0.77	10.43	11.20
2221	0.92	12.53	11.61
2222	-0.02	9.35	9.37
2223	-3.50	8.55	12.04
2224	-0.27	10.17	10.44
2225	0.10	8.97	8.87
2226	-1.49	11.25	12.74
2227	0.04	8.79	8.75
2228	0.35	11.07	10.72
2229	0.23	11.68	11.45
2230	0.10	10.92	10.82
2231	-0.19	10.76	10.95
2232	-0.23	10.41	10.64
2233	-0.15	10.80	10.95
2234	-0.25	12.15	12.40
2235	-0.18	11.86	12.04
2236	0.03	11.66	11.63
2237	0.31	10.31	10.00
2238	-0.18	11.38	11.55
2239	0.06	10.79	10.74
2240	0.20	10.72	10.52
2241	-0.12	11.82	11.94
2242	-0.18	12.13	12.30
2243	0.19	11.60	11.40
2244	-0.11	11.70	11.81
2245	-0.19	11.42	11.61
2246	-0.03	10.70	10.73
2247	0.06	10.44	10.38
2248	0.20	10.35	10.15
2249	0.94	12.19	11.26
2250	0.17	11.88	11.71
2251	0.67	9.99	9.32
2252	-0.15	8.48	8.63
2253	1.02	11.28	10.26
2254	-1.07	9.93	11.00
2255	0.01	10.95	10.95
2256	0.46	10.64	10.17
2257	1.34	10.16	8.82
2258	0.04	9.09	9.05
2259	-0.19	11.05	11.25
2260	-0.56	12.38	12.94
2261	-0.20	9.78	9.98
2262	0.20	9.93	9.73
2263	0.61	9.60	8.99
2264	-0.07	9.02	9.09
2265	-0.07	9.31	9.38
2266	0.51	11.80	11.29
2267	-0.41	10.50	10.91
2268	0.25	8.80	8.54
2269	-0.42	10.66	11.08
2270	-0.02	8.46	8.48
2271	-0.10	10.70	10.79
2272	-0.42	8.96	9.38
2273	-0.13	9.82	9.95
2274	-0.76	8.98	9.74
2275	0.16	9.24	9.08
2276	-0.07	9.39	9.46
2277	-0.92	9.50	10.41
2278	-0.02	9.60	9.63
2279	0.03	9.34	9.31
2280	-0.18	8.98	9.16
2281	-0.05	10.27	10.32
2282	0.14	10.29	10.16
2283	0.10	8.28	8.18
2284	-0.22	9.36	9.58
2285	0.19	10.41	10.22
2286	0.28	9.51	9.23
2287	-0.08	8.93	9.01
2288	0.21	10.82	10.61
2289	-0.31	8.69	9.00
2290	0.04	9.92	9.88
2291	-0.21	9.88	10.10
2292	-0.17	10.09	10.26
2293	-0.15	8.85	8.99
2294	0.23	9.55	9.32
2295	0.07	10.29	10.23
2296	0.12	9.59	9.47
2297	-0.27	9.49	9.75
2298	-0.12	9.90	10.02
2299	0.47	9.88	9.41
2300	-0.07	10.11	10.18
2301	0.15	10.66	10.50
2302	0.00	9.02	9.02
2303	0.10	10.35	10.25
2304	-0.26	9.28	9.55
2305	0.14	9.74	9.60
2306	-0.02	10.24	10.26
2307	-0.10	10.55	10.65
2308	-2.13	8.18	10.31
2309	-0.26	9.76	10.03
2310	-0.39	9.72	10.12
2311	0.20	8.78	8.58
2312	0.21	8.43	8.22
2313	0.06	9.56	9.51
2314	-0.02	9.71	9.73
2315	-0.05	9.43	9.47
2316	0.31	11.15	10.84
2317	-0.13	10.24	10.37
2318	-0.28	9.24	9.52
2319	-0.03	8.68	8.71
2320	-1.13	8.60	9.73
2321	0.20	8.54	8.34
2322	0.04	9.81	9.77
2323	-0.04	10.30	10.34
2324	-0.04	9.34	9.38
2325	-0.30	8.46	8.76
2326	0.38	9.44	9.06
2327	0.50	9.78	9.28
2328	-0.25	9.14	9.39
2329	-0.23	9.69	9.92
2330	-0.29	11.51	11.81
2331	-0.16	9.11	9.27
2332	0.16	9.03	8.87
2333	-0.15	8.70	8.85
2334	0.02	10.27	10.25
2335	0.07	11.49	11.42
2336	-0.30	9.71	10.01
2337	-0.10	9.14	9.24
2338	-0.33	10.05	10.38
2339	-0.10	9.49	9.59
2340	-0.15	10.59	10.75
2341	0.42	12.37	11.94
2342	-0.25	8.81	9.06
2343	0.24	11.86	11.62
2344	-0.25	9.78	10.03
2345	-0.02	9.53	9.55
2346	-0.41	9.53	9.94
2347	-0.19	10.09	10.27
2348	0.03	9.61	9.57
2349	-0.10	10.65	10.74
2350	0.18	9.29	9.12
2351	-0.04	9.94	9.98
2352	-0.16	9.58	9.73
2353	0.08	9.57	9.49
2354	-0.10	10.26	10.36
2355	-0.12	8.41	8.53
2356	0.03	8.69	8.66
2357	-0.10	9.43	9.53
2358	-0.11	10.28	10.38
2359	0.26	9.69	9.43
2360	-0.01	9.28	9.29
2361	-0.35	9.68	10.03
2362	0.15	9.45	9.30
2363	-0.29	11.26	11.55
2364	-0.19	10.11	10.30
2365	-0.01	10.07	10.08
2366	0.10	10.01	9.91
2367	0.06	9.71	9.65
2368	-0.01	8.95	8.97
2369	-0.06	10.06	10.13
2370	0.64	9.96	9.32
2371	-0.19	9.83	10.02
2372	0.33	10.02	9.69
2373	0.58	10.17	9.59
2374	-0.20	10.80	10.99
2375	-0.40	10.95	11.35
2376	-0.56	10.80	11.36
2377	-0.11	8.99	9.10
2378	0.61	10.08	9.47
2379	0.17	10.63	10.45
2380	-0.13	10.87	11.00
2381	-0.05	9.02	9.07
2382	-0.24	9.43	9.67
2383	-0.13	10.01	10.14
2384	-0.15	10.74	10.90
2385	0.08	10.66	10.58
2386	0.13	9.79	9.66
2387	-0.20	9.21	9.40
2388	0.04	8.67	8.62
2389	-0.03	9.36	9.39
2390	0.02	9.70	9.68
2391	0.08	9.17	9.09
2392	-0.63	9.93	10.56
2393	-0.23	10.03	10.26
2394	0.02	10.21	10.19
2395	-0.17	10.36	10.53
2396	-0.12	9.51	9.63
2397	0.08	10.45	10.37
2398	-0.14	9.20	9.34
2399	-0.14	10.05	10.19
2400	-0.06	10.37	10.43
2401	-0.11	11.20	11.31
2402	0.23	10.27	10.04
2403	0.01	10.53	10.52
2404	0.00	10.74	10.74
2405	0.14	11.05	10.91
2406	0.18	11.99	11.82
2407	0.02	9.10	9.07
2408	0.07	9.68	9.60
2409	0.15	10.31	10.16
2410	-0.02	10.81	10.83
2411	-0.04	10.22	10.26
2412	-0.12	10.44	10.57
2413	0.18	8.98	8.80
2414	0.09	9.18	9.09
2415	0.12	9.78	9.66
2416	0.14	9.80	9.65
2417	0.23	9.46	9.24
2418	-0.40	9.91	10.31
2419	-0.30	8.61	8.91
2420	-0.05	9.05	9.10
2421	-0.17	8.66	8.84
2422	-0.19	11.62	11.80
2423	0.08	8.97	8.90
2424	-0.38	9.59	9.97
2425	0.11	9.90	9.79
2426	0.27	9.33	9.06
2427	-0.20	9.52	9.72
2428	0.02	8.75	8.73
2429	-0.21	10.44	10.65
2430	0.05	9.01	8.95
2431	-0.15	8.77	8.91
2432	-0.24	11.15	11.39
2433	-0.11	8.71	8.82
2434	-0.01	8.74	8.75
2435	0.18	10.56	10.38
2436	-0.05	9.33	9.38
2437	-0.17	8.88	9.05
2438	-0.57	10.92	11.50
2439	-0.10	9.63	9.73
2440	0.05	8.88	8.83
2441	0.48	11.89	11.41
2442	-0.05	8.90	8.95
2443	0.09	8.95	8.85
2444	0.00	9.95	9.95
2445	-0.23	8.34	8.57
2446	0.05	8.44	8.39
2447	0.04	8.35	8.30
2448	1.19	10.69	9.49
2449	-0.10	8.92	9.03
2450	-0.24	9.65	9.89
2451	0.07	9.95	9.88
2452	0.25	9.13	8.89
2453	1.72	11.42	9.70
2454	0.96	9.68	8.72
2455	-0.18	10.09	10.27
2456	0.36	10.08	9.71
2457	0.19	10.53	10.34
2458	-0.82	10.75	11.57
2459	1.44	12.20	10.75
2460	-0.02	8.25	8.27
2461	0.23	10.24	10.01
2462	-0.12	8.51	8.63
2463	-0.06	10.19	10.25
2464	0.29	9.06	8.77
2465	-0.02	9.98	10.00
2466	-0.17	10.17	10.34
2467	0.47	9.62	9.15
2468	-0.01	10.28	10.29
2469	2.06	11.25	9.19
2470	-0.12	11.14	11.26
2471	-0.23	9.50	9.72
2472	-0.45	10.68	11.12
2473	0.11	8.86	8.76
2474	-0.64	10.76	11.40
2475	2.75	11.90	9.15
2476	0.43	10.74	10.31
2477	0.06	9.19	9.13
2478	-0.16	8.63	8.79
2479	0.44	9.75	9.31
2480	-0.10	8.98	9.08
2481	3.60	12.81	9.20
2482	-0.12	9.79	9.91
2483	0.15	10.21	10.06
2484	0.12	11.61	11.48
2485	-0.42	9.37	9.79
2486	-0.19	9.48	9.68
2487	0.33	9.79	9.46
2488	-2.26	8.02	10.27
2489	0.40	12.01	11.61
2490	0.32	8.63	8.30
2491	0.06	10.61	10.55
2492	-0.31	9.20	9.50
2493	-0.12	8.90	9.03
2494	0.44	11.54	11.10
2495	-0.47	10.15	10.62
2496	0.25	9.28	9.03
2497	-0.25	8.77	9.02
2498	0.02	10.16	10.14
2499	0.87	12.18	11.31
2500	-0.23	8.89	9.13
2501	-0.31	9.33	9.64
2502	0.09	9.55	9.46
2503	-0.04	8.92	8.97
2504	0.27	10.29	10.02
2505	-0.05	10.63	10.68
2506	-0.10	8.48	8.58
2507	-0.41	9.14	9.55
2508	0.04	11.02	10.98
2509	0.01	9.08	9.07
2510	-0.10	11.36	11.46
2511	-0.41	10.21	10.62
2512	-0.10	8.29	8.39
2513	-0.35	9.54	9.90
2514	0.27	8.94	8.68
2515	-0.22	9.57	9.80
2516	0.02	11.14	11.12
2517	-0.07	10.08	10.15
2518	0.03	8.13	8.10
2519	0.35	9.87	9.51
2520	0.39	9.63	9.24
2521	-0.10	9.67	9.77
2522	-0.19	9.22	9.40
2523	0.27	10.44	10.17
2524	-0.06	8.79	8.85
2525	-2.50	8.31	10.81
2526	0.03	9.29	9.26
2527	0.56	9.95	9.39
2528	-0.04	9.15	9.19
2529	-0.18	8.46	8.65
2530	0.07	10.98	10.91
2531	0.22	8.99	8.78
2532	0.05	11.69	11.64
2533	0.23	10.36	10.13
2534	0.91	11.61	10.69
2535	0.01	8.46	8.46
2536	0.18	11.07	10.89
2537	0.08	8.40	8.32
2538	-0.05	9.07	9.12
2539	0.31	10.19	9.89
2540	-0.32	10.09	10.41
2541	-0.09	8.82	8.91
2542	-0.23	9.79	10.02
2543	-0.14	8.51	8.65
2544	0.16	10.06	9.90
2545	-0.60	8.59	9.18
2546	0.28	11.18	10.90
2547	-0.32	9.79	10.12
2548	-0.26	9.26	9.52
2549	-0.16	8.31	8.47
2550	0.41	9.21	8.81
2551	-1.44	8.16	9.60
2552	-0.05	8.45	8.50
2553	0.23	10.02	9.79
2554	-0.18	9.91	10.09
2555	0.22	9.34	9.12
2556	0.35	9.11	8.76
2557	0.07	9.72	9.65
2558	1.56	12.64	11.08
2559	0.12	9.26	9.14
2560	-0.42	10.32	10.73
2561	0.05	8.78	8.73
2562	-0.10	8.00	8.09
2563	0.11	8.87	8.77
2564	0.03	10.37	10.34
2565	-0.43	9.67	10.09
2566	-0.35	10.74	11.09
2567	0.01	8.10	8.09
2568	0.09	9.31	9.22
2569	-0.02	8.88	8.90
2570	0.36	9.46	9.10
2571	-0.21	8.50	8.71
2572	0.19	9.25	9.07
2573	0.21	8.99	8.78
2574	1.65	10.26	8.61
2575	0.56	10.55	9.98
2576	0.18	10.07	9.89
2577	-0.01	8.07	8.08
2578	0.00	8.29	8.29
2579	0.45	9.19	8.74
2580	0.28	11.58	11.29
2581	0.28	8.96	8.68
2582	0.21	9.07	8.85
2583	0.14	9.30	9.15
2584	-0.10	8.45	8.55
2585	-0.10	9.03	9.13
2586	-0.37	10.17	10.54
2587	0.36	10.71	10.34
2588	-0.16	8.35	8.51
2589	0.11	9.14	9.02
2590	0.08	9.75	9.67
2591	0.07	8.42	8.35
2592	0.00	8.91	8.91
2593	-0.77	8.47	9.25
2594	-0.45	8.68	9.13
2595	-0.22	8.70	8.92
2596	-0.13	10.39	10.51
2597	0.08	9.41	9.33
2598	-0.58	10.76	11.34
2599	0.14	10.22	10.08
2600	-0.22	8.87	9.09
2601	-0.48	9.35	9.83
2602	0.03	10.00	9.97
2603	0.01	8.76	8.74
2604	-0.13	8.80	8.93
2605	0.07	8.86	8.79
2606	-0.18	9.35	9.53
2607	0.00	9.10	9.10
2608	0.20	8.98	8.78
2609	0.20	10.46	10.26
2610	0.45	9.89	9.44
2611	-0.56	9.67	10.23
2612	-0.07	8.91	8.98
2613	0.08	11.68	11.60
2614	-0.43	9.89	10.32
2615	0.03	9.18	9.15
2616	-0.33	10.28	10.60
2617	-0.03	9.85	9.88
2618	0.15	8.64	8.49
2619	-0.39	9.36	9.74
2620	0.07	8.84	8.77
2621	-0.14	9.08	9.22
2622	-0.42	9.29	9.71
2623	-0.24	8.55	8.79
2624	-1.14	8.70	9.84
2625	-0.43	9.26	9.69
2626	-0.08	8.84	8.92
2627	-0.10	10.59	10.69
2628	0.02	10.07	10.05
2629	0.19	8.83	8.64
2630	0.09	9.24	9.15
2631	0.48	9.23	8.75
2632	0.09	9.34	9.25
2633	0.16	10.52	10.36
2634	0.48	10.88	10.41
2635	0.02	8.72	8.70
2636	-0.11	9.37	9.48
2637	-0.26	8.60	8.86
2638	-0.34	9.22	9.57
2639	-0.66	10.47	11.14
2640	-0.06	8.84	8.89
2641	-0.21	8.97	9.19
2642	-0.10	8.34	8.43
2643	-0.31	8.43	8.74
2644	-0.22	9.37	9.60
2645	-0.16	8.98	9.15
2646	-1.02	9.72	10.74
2647	-0.15	9.85	10.00
2648	0.65	8.79	8.14
2649	-0.22	9.89	10.11
2650	0.01	8.35	8.35
2651	0.37	8.87	8.50
2652	0.35	9.74	9.39
2653	-0.04	8.73	8.78
2654	0.20	10.36	10.16
2655	0.13	8.46	8.33
2656	-0.02	8.57	8.59
2657	-0.41	9.65	10.06
2658	0.22	9.86	9.64
2659	-0.27	8.33	8.61
2660	0.18	9.71	9.53
2661	-0.64	9.21	9.84
2662	0.51	9.59	9.08
2663	-0.20	8.43	8.62
2664	0.09	10.10	10.01
2665	-0.26	9.86	10.12
2666	0.00	7.86	7.87
2667	-0.45	9.03	9.48
2668	-0.53	8.49	9.02
2669	0.04	8.33	8.29
2670	0.30	9.70	9.40
2671	-0.28	10.29	10.57
2672	-0.15	8.93	9.08
2673	1.44	10.35	8.91
2674	-0.08	8.06	8.14
2675	-0.33	8.31	8.64
2676	-0.21	8.31	8.52
2677	0.03	10.08	10.05
2678	0.30	11.19	10.89
2679	0.07	8.73	8.66
2680	-0.15	8.90	9.05
2681	0.20	9.89	9.69
2682	0.22	8.80	8.58
2683	0.46	10.31	9.85
2684	0.08	10.87	10.79
2685	0.21	9.11	8.90
2686	0.36	8.40	8.04
2687	-1.22	9.34	10.57
2688	0.10	11.36	11.26
2689	-0.11	11.10	11.21
2690	-0.25	9.99	10.24
2691	-0.14	8.76	8.90
2692	0.06	9.75	9.68
2693	-1.65	8.47	10.13
2694	-0.40	8.64	9.04
2695	-0.16	10.69	10.85
2696	-0.65	9.92	10.56
2697	0.01	8.83	8.82
2698	0.83	10.12	9.30
2699	0.04	8.56	8.52
2700	0.08	9.16	9.09
2701	-0.15	9.97	10.11
2702	-0.07	10.15	10.23
2703	1.62	10.82	9.20
2704	0.00	9.77	9.77
2705	0.04	9.21	9.17
2706	-0.22	9.72	9.94
2707	0.10	9.74	9.65
2708	0.62	10.89	10.27
2709	0.26	9.76	9.49
2710	0.22	9.41	9.20
2711	-0.51	9.43	9.93
2712	-0.31	9.88	10.19
2713	-0.15	10.22	10.37
2714	0.29	10.57	10.27
2715	-0.02	9.45	9.47
2716	-0.10	9.05	9.15
2717	-0.21	9.17	9.38
2718	0.03	9.16	9.13
2719	-0.33	8.64	8.97
2720	0.27	12.30	12.03
2721	0.13	9.58	9.45
2722	0.22	8.98	8.76
2723	0.18	8.47	8.28
2724	0.13	9.39	9.26
2725	-0.07	9.11	9.19
2726	-0.43	11.18	11.62
2727	-1.01	10.70	11.71
2728	0.11	10.29	10.18
2729	0.27	9.05	8.77
2730	0.00	11.12	11.12
2731	0.03	9.15	9.13
2732	0.06	10.54	10.47
2733	-0.26	9.41	9.66
2734	-0.03	8.53	8.56
2735	0.08	9.74	9.66
2736	-0.44	9.24	9.68
2737	-0.28	9.55	9.83
2738	0.21	10.60	10.39
2739	0.12	9.16	9.03
2740	-0.17	9.32	9.49
2741	0.28	12.53	12.25
2742	0.65	11.83	11.19
2743	-0.35	10.67	11.03
2744	0.02	9.28	9.26
2745	0.16	10.30	10.14
2746	0.14	8.81	8.67
2747	1.09	11.43	10.34
2748	0.70	12.01	11.31
2749	-0.16	8.67	8.82
2750	0.44	12.13	11.69
2751	0.16	10.05	9.89
2752	-0.13	8.43	8.56
2753	-0.50	9.39	9.89
2754	0.85	13.03	12.18
2755	0.32	9.92	9.60
2756	-0.53	9.20	9.73
2757	-0.05	8.57	8.61
2758	-0.45	12.44	12.89
2759	0.12	11.44	11.31
2760	0.73	12.78	12.04
2761	0.32	10.61	10.29
2762	-0.18	9.62	9.80
2763	0.20	9.38	9.18
2764	-0.52	9.85	10.37
2765	-0.51	11.91	12.42
2766	0.31	10.11	9.80
2767	-0.28	10.84	11.12
2768	-0.40	9.30	9.70
2769	-0.31	10.29	10.60
2770	-0.25	9.65	9.90
2771	-0.50	10.32	10.82
2772	0.06	10.22	10.17
2773	-0.02	12.79	12.81
2774	-0.67	11.69	12.36
2775	0.89	11.23	10.35
2776	-0.39	11.05	11.44
2777	0.28	11.42	11.14
2778	-0.24	11.41	11.66
2779	0.08	11.61	11.53
2780	-2.97	9.39	12.36
2781	-0.04	9.93	9.96
2782	-0.31	9.97	10.27
2783	0.12	10.36	10.23
2784	0.18	10.59	10.41
2785	-0.28	10.74	11.02
2786	1.43	11.12	9.68
2787	0.59	10.01	9.42
2788	0.16	11.60	11.44
2789	-0.15	12.20	12.35
2790	-0.16	9.43	9.59
2791	0.36	9.00	8.64
2792	1.07	12.38	11.32
2793	-1.41	10.72	12.14
2794	-0.06	11.94	12.00
2795	-0.10	10.38	10.49
2796	0.06	9.74	9.68
2797	1.50	11.43	9.93
2798	-0.71	11.10	11.82
2799	-0.36	9.98	10.34
2800	0.11	10.68	10.58
2801	0.03	10.69	10.66
2802	0.36	8.96	8.61
2803	-0.16	9.81	9.97
2804	-0.20	11.46	11.67
2805	0.65	10.97	10.32
2806	-0.21	11.27	11.49
2807	0.07	9.46	9.39
2808	-0.10	8.47	8.56
2809	-0.39	9.46	9.85
2810	0.16	9.02	8.86
2811	-0.15	8.98	9.13
2812	0.10	8.66	8.55
2813	-0.42	9.66	10.08
2814	-0.01	11.02	11.03
2815	0.39	9.97	9.57
2816	-0.60	9.10	9.70
2817	0.30	9.04	8.73
2818	0.00	8.68	8.69
2819	-0.03	8.86	8.88
2820	0.52	8.68	8.17
2821	0.21	9.07	8.87
2822	0.54	8.89	8.35
2823	-0.05	9.07	9.12
2824	-0.29	8.52	8.81
2825	-0.18	8.62	8.80
2826	0.25	8.75	8.50
2827	0.11	9.27	9.15
2828	-0.05	8.83	8.88
2829	0.07	9.48	9.41
2830	0.02	10.26	10.24
2831	0.06	9.58	9.52
2832	0.01	8.86	8.84
2833	-0.09	10.25	10.34
2834	-0.10	10.11	10.21
2835	-0.01	9.56	9.57
2836	-0.02	9.93	9.95
2837	0.14	10.15	10.01
2838	-0.01	8.46	8.47
2839	0.03	9.55	9.52
2840	0.00	9.71	9.71
2841	-0.20	8.48	8.68
2842	0.10	10.02	9.92
2843	-0.25	11.24	11.49
2844	0.16	9.49	9.33
2845	0.30	9.29	9.00
2846	-0.04	10.76	10.79
2847	-0.62	9.36	9.98
2848	-0.38	9.83	10.20
2849	-0.04	9.97	10.00
2850	-0.02	10.14	10.17
2851	-0.09	9.35	9.44
2852	0.57	10.81	10.24
2853	0.04	9.48	9.44
2854	-0.10	8.70	8.80
2855	-0.12	9.42	9.54
2856	-0.01	9.14	9.16
2857	-0.10	9.42	9.52
2858	-0.06	9.07	9.13
2859	-0.25	9.15	9.41
2860	-0.02	9.61	9.62
2861	-0.01	9.25	9.27
2862	-0.16	8.94	9.10
2863	-0.04	11.62	11.66
2864	-0.17	8.56	8.73
2865	-0.01	8.70	8.71
2866	0.04	9.55	9.51
2867	-0.08	9.28	9.36
2868	0.48	9.09	8.61
2869	0.45	10.14	9.70
2870	-0.22	8.35	8.57
2871	0.15	9.21	9.06
2872	0.40	8.88	8.48
2873	-0.42	9.24	9.67
2874	0.11	9.97	9.86
2875	0.05	9.54	9.48
2876	-0.07	8.50	8.57
2877	0.42	9.37	8.95
2878	0.34	8.34	8.01
2879	0.65	8.57	7.91
2880	-0.27	8.21	8.48
2881	0.02	8.57	8.55
2882	0.20	8.37	8.16
2883	-0.10	8.92	9.02
2884	-0.97	9.70	10.67
2885	-0.01	10.20	10.21
2886	-0.03	10.32	10.35
2887	-0.41	10.11	10.52
2888	-0.03	9.34	9.37
2889	0.09	11.13	11.03
2890	0.16	9.56	9.39
2891	0.00	11.50	11.50
2892	-0.16	9.28	9.44
2893	0.21	9.61	9.40
2894	0.25	8.11	7.86
2895	0.13	9.12	8.99
2896	-0.21	10.06	10.26
2897	-0.02	8.38	8.40
2898	0.48	9.68	9.20
2899	0.22	9.55	9.33
2900	-0.07	9.54	9.61
2901	0.11	10.20	10.08
2902	-0.01	9.96	9.96
2903	-0.21	9.69	9.89
2904	-0.13	8.96	9.09
2905	0.03	10.55	10.52
2906	-0.19	9.60	9.80
2907	0.17	9.54	9.36
2908	0.24	9.78	9.54
2909	0.03	9.60	9.57
2910	0.22	9.63	9.41
2911	-0.07	8.91	8.98
2912	-0.23	9.68	9.91
2913	0.21	9.78	9.57
2914	0.24	9.85	9.61
2915	-0.17	9.27	9.44
2916	0.97	11.39	10.42
2917	-0.02	8.37	8.39
2918	0.49	9.03	8.54
2919	-0.25	8.64	8.89
2920	-0.17	8.84	9.01
2921	-0.51	8.88	9.39
2922	0.07	10.74	10.66
2923	-0.29	10.41	10.70
2924	0.07	10.20	10.13
2925	-0.28	8.40	8.68
2926	-0.17	9.35	9.52
2927	-0.21	10.48	10.69
2928	-0.22	9.89	10.11
2929	-0.15	11.81	11.97
2930	-0.18	9.89	10.07
2931	-1.03	9.47	10.50
2932	0.31	8.41	8.10
2933	0.05	9.95	9.90
2934	-0.34	8.26	8.60
2935	-0.04	8.65	8.68
2936	-0.54	10.33	10.87
2937	-0.45	9.26	9.71
2938	1.53	10.95	9.41
2939	0.15	9.50	9.36
2940	0.53	9.39	8.86
2941	0.55	9.39	8.84
2942	-0.10	9.44	9.55
2943	-1.30	9.17	10.47
2944	-0.05	9.45	9.50
2945	0.02	9.71	9.69
2946	-0.21	10.31	10.53
2947	-0.07	9.72	9.79
2948	0.12	10.04	9.92
2949	-0.28	8.94	9.22
2950	0.16	10.51	10.35
2951	-0.09	9.68	9.77
2952	0.17	9.84	9.67
2953	0.03	10.31	10.28
2954	-0.38	10.00	10.38
2955	-0.46	9.38	9.84
2956	-0.27	9.73	10.00
2957	0.01	12.37	12.37
2958	0.26	10.21	9.96
2959	-0.15	9.34	9.48
2960	0.01	9.85	9.84
2961	-0.02	9.99	10.00
2962	0.12	9.17	9.05
2963	0.14	8.56	8.42
2964	0.09	9.53	9.43
2965	0.39	9.53	9.14
2966	0.28	9.66	9.38
2967	-0.35	10.22	10.57
2968	-0.38	10.24	10.62
2969	-0.03	8.98	9.02
2970	0.09	7.99	7.90
2971	-0.01	8.10	8.11
2972	0.16	9.70	9.54
2973	-0.45	9.37	9.82
2974	-0.09	11.78	11.88
2975	-0.28	8.80	9.08
2976	0.06	10.10	10.04
2977	-0.49	9.75	10.24
2978	-0.05	9.99	10.04
2979	-0.17	10.15	10.32
2980	0.29	9.51	9.22
2981	-0.02	8.68	8.71
2982	0.41	9.04	8.63
2983	0.01	8.47	8.45
2984	-0.34	8.46	8.80
2985	0.02	8.22	8.20
2986	-0.22	10.33	10.56
2987	-0.06	9.40	9.46
2988	0.10	9.57	9.47
2989	-0.03	8.37	8.40
2990	-0.07	9.90	9.97
2991	-0.02	8.96	8.98
2992	0.24	10.29	10.04
2993	0.13	9.10	8.97
2994	0.02	8.83	8.81
2995	-0.04	8.21	8.25
2996	0.85	9.59	8.74
2997	0.27	10.38	10.11
2998	-0.38	10.17	10.55
2999	0.30	10.03	9.73
3000	2.00	12.49	10.49
3001	0.84	10.26	9.42
3002	0.11	8.65	8.55
3003	-0.05	8.43	8.48
3004	0.28	8.93	8.65
3005	-0.43	10.37	10.80
3006	-1.82	9.06	10.89
3007	2.57	11.09	8.51
3008	0.07	9.50	9.43
3009	0.51	8.93	8.42
3010	-0.31	11.98	12.29
3011	0.71	9.51	8.80
3012	-0.10	11.44	11.54
3013	-1.25	11.28	12.53
3014	0.07	10.97	10.91
3015	0.44	11.04	10.60
3016	0.10	9.74	9.64
3017	1.29	12.06	10.77
3018	-0.36	9.23	9.60
3019	0.27	10.65	10.38
3020	-0.22	8.92	9.14
3021	0.26	9.21	8.95
3022	-0.49	10.81	11.30
3023	2.92	13.24	10.32
3024	0.09	11.16	11.07
3025	0.02	8.56	8.54
3026	0.04	8.62	8.58
3027	-0.04	12.47	12.51
3028	-0.01	10.13	10.15
3029	4.34	13.25	8.92
3030	2.51	10.71	8.20
3031	0.31	12.51	12.20
3032	-0.01	11.72	11.74
3033	0.11	9.56	9.45
3034	0.02	9.13	9.11
3035	-0.06	9.72	9.78
3036	-0.04	11.36	11.40
3037	-0.09	10.71	10.80
3038	0.09	11.09	11.00
3039	-1.06	8.79	9.85
3040	-0.29	9.36	9.64
3041	0.16	10.83	10.67
3042	-0.30	9.21	9.51
3043	0.00	9.04	9.04
3044	1.00	11.66	10.65
3045	-0.61	10.96	11.57
3046	-1.99	10.05	12.04
3047	-0.29	9.13	9.43
3048	-0.22	8.40	8.62
3049	-0.08	13.48	13.56
3050	-0.07	9.78	9.86
3051	-0.02	8.79	8.80
3052	-0.05	10.69	10.74
3053	-0.18	8.91	9.10
3054	-0.26	9.50	9.76
3055	-0.42	11.54	11.96
3056	-0.41	11.39	11.80
3057	0.20	10.40	10.20
3058	-0.14	10.21	10.36
3059	0.03	9.59	9.56
3060	0.05	8.95	8.90
3061	-0.30	9.24	9.54
3062	-0.29	8.47	8.76
3063	0.09	10.30	10.21
3064	0.59	8.37	7.77
3065	-0.51	8.79	9.30
3066	-0.84	10.09	10.93
3067	-0.13	11.07	11.21
3068	-0.53	10.14	10.67
3069	0.61	11.24	10.63
3070	0.21	10.72	10.51
3071	-0.45	10.41	10.86
3072	1.10	12.19	11.09
3073	0.03	9.50	9.47
3074	-0.75	11.11	11.87
3075	-0.05	10.16	10.21
3076	0.15	10.55	10.40
3077	-0.65	9.38	10.03
3078	0.99	12.10	11.11
3079	0.10	9.19	9.10
3080	0.09	9.83	9.74
3081	0.04	8.44	8.40
3082	-0.15	9.47	9.62
3083	-0.03	8.19	8.22
3084	0.09	10.26	10.17
3085	-0.54	10.37	10.91
3086	-0.19	9.80	9.98
3087	-0.04	8.14	8.18
3088	-0.01	10.39	10.40
3089	-1.09	8.86	9.95
3090	-0.41	11.62	12.03
3091	-0.74	9.53	10.27
3092	-0.14	8.71	8.85
3093	-0.15	8.67	8.82
3094	-0.46	9.79	10.26
3095	-1.08	8.69	9.78
3096	-0.01	8.95	8.96
3097	0.11	9.05	8.94
3098	-0.45	9.53	9.99
3099	-0.26	9.29	9.55
3100	0.20	9.84	9.64
3101	-0.22	9.78	10.00
3102	-0.09	10.14	10.24
3103	-0.05	9.27	9.32
3104	0.00	8.21	8.21
3105	-0.26	11.38	11.64
3106	0.10	10.43	10.33
3107	0.06	8.65	8.59
3108	0.25	10.69	10.44
3109	-0.25	7.96	8.20
3110	-0.04	9.02	9.07
3111	0.14	8.58	8.44
3112	0.40	8.99	8.59
3113	0.49	8.23	7.74
3114	0.30	9.35	9.05
3115	-0.26	9.05	9.31
3116	-0.16	8.29	8.45
3117	0.06	7.49	7.42
3118	-0.88	9.15	10.03
3119	0.85	9.96	9.12
3120	-0.49	9.43	9.92
3121	0.25	9.10	8.85
3122	0.09	9.65	9.56
3123	0.19	9.03	8.85
3124	0.38	9.38	9.00
3125	0.27	9.67	9.40
3126	0.07	10.38	10.30
3127	-0.21	10.14	10.34
3128	-0.05	8.76	8.81
3129	0.39	9.69	9.30
3130	0.52	9.53	9.01
3131	-0.43	9.57	10.00
3132	0.10	9.77	9.67
3133	0.03	8.29	8.26
3134	-0.29	8.93	9.22
3135	0.37	9.79	9.43
3136	-0.25	8.69	8.93
3137	-0.23	8.22	8.45
3138	-0.06	9.84	9.90
3139	-0.28	8.70	8.98
3140	0.23	9.15	8.92
3141	-0.09	9.33	9.42
3142	-0.04	9.79	9.83
3143	-0.10	9.82	9.92
3144	0.06	9.34	9.28
3145	0.27	10.83	10.56
3146	-0.37	9.38	9.75
3147	-0.06	9.44	9.51
3148	-0.08	9.40	9.48
3149	4.51	13.36	8.85
3150	0.33	9.08	8.75
3151	0.00	8.22	8.22
3152	0.18	11.21	11.03
3153	-0.26	8.65	8.92
3154	0.08	8.85	8.77
3155	-0.25	8.52	8.77
3156	0.10	7.97	7.87
3157	-0.18	8.16	8.33
3158	-0.05	10.18	10.23
3159	-0.02	10.01	10.04
3160	-0.57	11.57	12.14
3161	0.14	8.55	8.41
3162	-0.20	9.47	9.66
3163	0.39	10.38	9.99
3164	0.14	9.75	9.62
3165	0.13	10.23	10.10
3166	0.13	10.12	9.98
3167	-0.15	9.09	9.24
3168	0.15	9.16	9.01
3169	-0.42	10.86	11.27
3170	-0.17	10.47	10.64
3171	0.08	8.47	8.38
3172	-0.02	8.32	8.35
3173	0.15	9.29	9.13
3174	0.29	11.48	11.19
3175	-0.05	9.78	9.83
3176	0.13	9.09	8.96
3177	0.05	8.72	8.68
3178	1.12	10.06	8.93
3179	0.26	9.49	9.23
3180	-0.76	9.95	10.71
3181	-0.21	8.76	8.98
3182	-0.59	10.23	10.82
3183	0.00	8.15	8.15
3184	0.10	8.93	8.83
3185	0.19	8.85	8.66
3186	-0.41	8.95	9.37
3187	0.06	8.12	8.06
3188	0.76	9.38	8.62
3189	0.18	8.37	8.19
3190	0.22	9.38	9.16
3191	-0.26	9.14	9.40
3192	-0.26	9.13	9.39
3193	0.34	9.99	9.65
3194	0.03	8.22	8.20
3195	0.09	9.68	9.59
3196	-0.49	8.90	9.39
3197	-0.08	8.82	8.90
3198	-0.11	10.18	10.29
3199	0.23	9.65	9.42
3200	-0.19	8.05	8.24
3201	-0.32	8.26	8.58
3202	-0.17	9.79	9.97
3203	0.09	9.91	9.82
3204	0.09	8.16	8.07
3205	0.18	8.46	8.28
3206	0.26	12.02	11.76
3207	0.25	8.46	8.22
3208	0.17	9.58	9.41
3209	0.03	9.65	9.62
3210	0.07	9.64	9.57
3211	0.17	9.19	9.02
3212	-0.08	9.74	9.82
3213	-0.11	10.50	10.61
3214	-0.02	9.05	9.07
3215	0.20	9.65	9.45
3216	0.21	8.85	8.64
3217	0.13	8.56	8.43
3218	-0.83	10.10	10.93
3219	0.00	8.65	8.65
3220	-0.58	9.25	9.83
3221	-0.08	8.47	8.55
3222	0.13	8.67	8.54
3223	0.10	10.02	9.93
3224	-0.35	9.41	9.75
3225	0.28	10.44	10.16
3226	0.11	8.92	8.81
3227	-0.17	11.08	11.26
3228	-0.04	8.75	8.78
3229	0.12	8.43	8.32
3230	0.11	9.24	9.13
3231	-0.57	9.36	9.92
3232	0.23	10.17	9.94
3233	-0.30	10.45	10.75
3234	0.03	8.68	8.65
3235	0.53	10.34	9.82
3236	-0.24	8.71	8.96
3237	0.07	10.05	9.99
3238	-0.18	8.72	8.89
3239	-0.01	8.39	8.41
3240	0.08	9.25	9.17
3241	-0.37	11.67	12.04
3242	-0.06	9.28	9.33
3243	2.79	11.08	8.28
3244	-0.21	10.45	10.66
3245	0.18	9.45	9.27
3246	-0.31	12.05	12.36
3247	-0.27	9.45	9.72
3248	0.93	10.57	9.65
3249	-0.10	10.08	10.18
3250	-0.42	9.46	9.89
3251	0.05	9.43	9.37
3252	0.01	9.36	9.35
3253	4.30	13.76	9.46
3254	0.49	9.96	9.47
3255	0.08	9.18	9.09
3256	0.04	9.17	9.14
3257	0.13	9.43	9.30
3258	0.06	8.99	8.93
3259	0.18	9.66	9.48
3260	-0.03	10.51	10.53
3261	0.06	9.42	9.36
3262	0.15	9.59	9.44
3263	0.31	9.48	9.17
3264	0.09	8.77	8.68
3265	0.58	10.01	9.43
3266	-0.58	10.49	11.07
3267	-1.09	9.78	10.87
3268	-3.22	8.94	12.17
3269	-0.97	8.41	9.39
3270	1.84	12.43	10.59
3271	-0.36	11.88	12.24
3272	-0.29	10.72	11.02
3273	-0.34	8.91	9.25
3274	-0.74	8.77	9.51
3275	-0.71	8.49	9.20
3276	-0.23	8.94	9.17
3277	0.01	9.85	9.84
3278	2.65	11.23	8.58
3279	-0.23	9.47	9.71
3280	0.03	9.66	9.64
3281	0.06	11.48	11.42
3282	0.33	10.57	10.24
3283	4.68	13.16	8.47
3284	0.13	10.75	10.62
3285	0.07	9.66	9.60
3286	-0.10	9.77	9.87
3287	0.05	10.68	10.63
3288	3.18	12.53	9.35
3289	-0.03	10.11	10.14
3290	0.11	9.31	9.21
3291	-0.15	12.16	12.31
3292	2.31	11.03	8.72
3293	0.13	8.27	8.15
3294	-0.20	10.15	10.35
3295	-0.07	9.08	9.16
3296	-1.10	10.47	11.56
3297	0.32	9.96	9.64
3298	0.07	9.62	9.56
3299	-0.09	10.69	10.78
3300	-0.25	12.08	12.33
3301	-0.41	10.29	10.71
3302	-0.44	9.86	10.30
3303	0.48	10.28	9.80
3304	0.12	12.36	12.25
3305	-0.09	10.19	10.28
3306	-0.15	9.91	10.06
3307	-0.09	9.75	9.84
3308	0.05	10.93	10.88
3309	-0.08	9.94	10.02
3310	-0.23	10.59	10.82
3311	0.42	11.35	10.93
3312	-0.06	12.08	12.14
3313	0.16	10.59	10.43
3314	0.11	11.09	10.98
3315	-0.04	10.01	10.06
3316	0.05	11.91	11.86
3317	-0.20	10.63	10.84
3318	-0.17	10.96	11.13
3319	-0.50	10.46	10.95
3320	-0.19	9.45	9.65
3321	0.01	11.34	11.32
3322	0.09	11.28	11.19
3323	0.00	9.29	9.28
3324	0.12	11.04	10.91
3325	0.76	12.26	11.50
3326	0.44	12.02	11.58
3327	-0.33	10.99	11.32
3328	-0.12	8.81	8.93
3329	-0.32	8.96	9.28
3330	0.04	10.69	10.65
3331	0.46	11.11	10.65
3332	-1.04	8.72	9.76
3333	0.50	10.77	10.27
3334	-2.62	8.42	11.03
3335	-0.34	8.86	9.20
3336	0.87	10.61	9.74
3337	0.48	10.94	10.46
3338	-0.02	10.14	10.17
3339	-0.16	11.11	11.27
3340	0.08	8.88	8.80
3341	-0.32	10.35	10.67
3342	0.73	12.81	12.07
3343	0.64	10.58	9.94
3344	-0.07	10.94	11.01
3345	0.18	9.72	9.54
3346	-0.06	10.86	10.93
3347	-0.19	9.64	9.83
3348	0.39	10.92	10.53
3349	-0.73	9.57	10.29
3350	-0.72	9.58	10.30
3351	0.24	9.35	9.11
3352	-0.56	8.48	9.04
3353	-0.05	9.57	9.62
3354	0.11	8.71	8.61
3355	-0.16	9.95	10.11
3356	-0.17	10.02	10.19
3357	0.06	10.18	10.12
3358	0.09	11.19	11.10
3359	0.04	10.33	10.29
3360	0.40	10.09	9.69
3361	-0.44	9.96	10.40
3362	-0.06	11.51	11.57
3363	-0.14	9.90	10.04
3364	-0.08	9.41	9.49
3365	0.18	8.99	8.81
3366	0.41	10.90	10.49
3367	-0.21	9.00	9.21
3368	-0.06	8.74	8.80
3369	-0.17	9.66	9.83
3370	1.05	11.63	10.58
3371	-0.19	9.25	9.45
3372	0.17	9.65	9.47
3373	0.11	10.57	10.46
3374	0.10	10.55	10.45
3375	0.35	10.24	9.89
3376	0.17	12.30	12.14
3377	-0.24	9.20	9.44
3378	0.23	9.53	9.30
3379	-0.03	9.55	9.58
3380	-0.24	10.20	10.44
3381	0.13	9.98	9.85
3382	-0.26	9.08	9.34
3383	-0.27	9.83	10.10
3384	0.07	8.96	8.89
3385	0.11	10.44	10.34
3386	-0.04	10.26	10.30
3387	0.17	10.11	9.93
3388	0.15	8.72	8.56
3389	-0.53	9.30	9.82
3390	0.03	9.56	9.53
3391	0.51	12.10	11.59
3392	0.33	10.58	10.24
3393	0.02	8.88	8.86
3394	-0.08	10.34	10.42
3395	0.17	9.90	9.74
3396	-0.15	9.98	10.13
3397	-0.48	9.72	10.20
3398	-0.05	10.15	10.20
3399	-0.11	8.97	9.08
3400	0.23	8.98	8.75
3401	0.04	10.45	10.42
3402	0.05	9.37	9.32
3403	0.19	9.04	8.85
3404	0.28	9.02	8.74
3405	-0.14	8.83	8.97
3406	0.16	8.97	8.81
3407	0.03	10.01	9.99
3408	0.12	9.33	9.21
3409	0.07	10.53	10.46
3410	0.20	9.55	9.36
3411	-0.13	9.99	10.11
3412	-0.13	9.25	9.38
3413	0.14	8.61	8.46
3414	-0.03	8.94	8.97
3415	-0.11	8.99	9.10
3416	0.13	8.77	8.64
3417	-0.06	10.08	10.14
3418	0.33	10.34	10.02
3419	0.29	9.84	9.55
3420	-0.85	9.34	10.19
3421	-0.15	8.57	8.72
3422	0.05	10.85	10.80
3423	0.42	10.32	9.90
3424	0.26	9.23	8.96
3425	-0.24	9.83	10.07
3426	-0.08	10.74	10.82
3427	-0.10	10.81	10.91
3428	0.16	11.14	10.98
3429	0.05	9.28	9.23
3430	-0.26	10.44	10.70
3431	-0.18	9.83	10.02
3432	-0.10	10.01	10.11
3433	0.58	9.58	9.00
3434	0.12	10.85	10.74
3435	-0.17	9.05	9.22
3436	0.00	10.13	10.13
3437	-0.06	9.04	9.10
3438	0.50	9.73	9.23
3439	-0.45	11.32	11.77
3440	1.05	11.19	10.14
3441	-0.09	10.76	10.84
3442	-0.13	10.16	10.29
3443	-0.04	10.29	10.33
3444	0.10	10.25	10.16
3445	-0.26	10.21	10.48
3446	-0.33	10.40	10.74
3447	-0.53	10.28	10.81
3448	0.00	9.78	9.78
3449	-0.25	9.06	9.31
3450	-0.32	9.57	9.89
3451	-0.83	9.00	9.83
3452	-0.17	10.35	10.52
3453	-0.44	10.50	10.94
3454	0.21	10.09	9.88
3455	-0.08	9.36	9.45
3456	-0.14	8.60	8.74
3457	-2.26	9.37	11.63
3458	-1.25	9.89	11.14
3459	-0.39	10.06	10.46
3460	0.12	8.92	8.79
3461	0.05	10.37	10.32
3462	0.10	8.86	8.76
3463	0.19	9.78	9.59
3464	-0.66	10.53	11.19
3465	-0.95	10.56	11.51
3466	-0.10	10.23	10.33
3467	-0.39	9.56	9.95
3468	-0.21	9.09	9.30
3469	-0.20	9.63	9.83
3470	-0.27	10.21	10.48
3471	-0.32	10.19	10.52
3472	-0.58	8.91	9.49
3473	0.00	10.69	10.69
3474	-0.13	10.32	10.45
3475	-0.17	10.30	10.46
3476	-0.11	11.19	11.29
3477	0.26	10.44	10.19
3478	0.10	10.21	10.11
3479	-0.12	12.96	13.08
3480	-0.01	11.43	11.45
3481	-0.10	10.15	10.25
3482	-0.09	9.83	9.92
3483	0.03	8.76	8.73
3484	-0.18	8.92	9.10
3485	-0.11	8.90	9.01
3486	0.26	9.31	9.05
3487	-0.08	8.77	8.85
3488	-0.39	9.94	10.33
3489	0.13	8.43	8.30
3490	0.07	8.07	8.01
3491	0.05	10.04	9.99
3492	0.06	9.49	9.43
3493	0.00	9.20	9.20
3494	0.08	8.30	8.22
3495	0.03	8.49	8.46
3496	0.05	8.11	8.06
3497	0.00	9.51	9.51
3498	0.05	10.07	10.02
3499	-0.21	8.88	9.09
3500	0.01	8.54	8.53
3501	2.29	11.80	9.51
3502	1.07	10.38	9.31
3503	-0.10	9.21	9.31
3504	-0.20	9.11	9.31
3505	-0.42	9.51	9.92
3506	-0.42	9.88	10.30
3507	-0.24	9.08	9.32
3508	-0.26	8.81	9.08
3509	-0.48	8.52	9.01
3510	0.32	9.34	9.02
3511	-0.18	10.04	10.22
3512	-0.32	8.74	9.06
3513	0.05	8.31	8.26
3514	-0.03	8.97	9.00
3515	-0.27	9.71	9.99
3516	-0.88	8.43	9.32
3517	0.24	9.22	8.98
3518	0.09	9.32	9.23
3519	0.24	11.86	11.62
3520	1.07	9.73	8.66
3521	-0.24	8.76	9.00
3522	0.04	8.59	8.55
3523	0.02	8.62	8.60
3524	-0.03	10.48	10.50
3525	-0.54	8.42	8.96
3526	-0.03	8.69	8.73
3527	-0.23	9.27	9.50
3528	0.12	8.16	8.04
3529	-0.06	8.12	8.18
3530	0.21	8.46	8.26
3531	0.11	8.52	8.41
3532	0.20	8.39	8.19
3533	-0.03	8.26	8.29
3534	-0.06	8.32	8.38
3535	-0.02	10.46	10.48
3536	0.04	8.67	8.63
3537	-0.31	9.35	9.65
3538	0.12	8.48	8.36
3539	-0.31	8.53	8.85
3540	0.06	8.86	8.80
3541	0.20	8.58	8.38
3542	-0.18	8.53	8.72
3543	0.09	8.75	8.65
3544	0.07	8.13	8.06
3545	-0.26	8.25	8.51
3546	0.02	8.34	8.32
3547	-0.11	8.95	9.06
3548	-0.01	8.49	8.50
3549	-0.11	9.45	9.55
3550	-0.40	9.97	10.37
3551	-0.01	9.74	9.75
3552	0.12	11.16	11.04
3553	-0.14	9.29	9.43
3554	-0.58	9.33	9.91
3555	-0.09	8.63	8.71
3556	-0.24	7.26	7.49
3557	-0.28	8.70	8.99
3558	-0.91	9.98	10.89
3559	-0.15	10.00	10.15
3560	0.02	8.87	8.85
3561	-0.07	8.89	8.96
3562	0.32	11.59	11.28
3563	-0.13	8.56	8.69
3564	0.04	9.02	8.99
3565	-0.09	11.31	11.40
3566	-0.08	10.90	10.98
3567	-0.18	11.08	11.26
3568	0.11	11.69	11.58
3569	0.15	11.52	11.38
3570	-0.49	10.04	10.53
3571	0.01	9.33	9.32
3572	0.16	10.28	10.12
3573	-0.34	12.53	12.87
3574	-0.32	12.00	12.32
3575	-0.13	12.37	12.50
3576	-0.21	11.47	11.67
3577	-0.03	12.06	12.09
3578	0.36	11.64	11.28
3579	0.05	12.11	12.06
3580	-0.02	11.48	11.50
3581	0.00	9.38	9.38
3582	0.08	11.94	11.87
3583	-0.11	10.74	10.85
3584	0.03	11.08	11.05
3585	-0.21	11.56	11.77
3586	-0.21	11.84	12.06
3587	0.02	11.01	11.00
3588	-0.26	9.97	10.24
3589	0.57	9.17	8.59
3590	0.20	11.62	11.42
3591	-0.21	9.35	9.57
3592	0.14	8.36	8.22
3593	0.02	9.76	9.74
3594	0.01	12.02	12.01
3595	0.05	12.22	12.17
3596	0.20	9.46	9.26
3597	0.00	9.14	9.13
3598	-0.05	9.06	9.11
3599	-0.21	9.13	9.35
3600	-0.01	10.09	10.10
3601	0.65	11.65	10.99
3602	0.25	11.20	10.94
3603	0.18	9.36	9.18
3604	0.09	11.10	11.01
3605	0.06	10.96	10.90
3606	0.92	9.51	8.59
3607	-0.44	10.46	10.90
3608	0.19	9.40	9.21
3609	0.34	8.80	8.46
3610	-0.15	8.71	8.86
3611	-0.08	8.21	8.29
3612	0.02	10.30	10.28
3613	0.42	10.93	10.51
3614	0.53	10.74	10.21
3615	-0.08	9.18	9.26
3616	-0.13	10.98	11.11
3617	0.02	9.22	9.20
3618	-0.51	9.34	9.85
3619	-0.13	10.11	10.24
3620	-0.19	9.37	9.56
3621	-0.01	10.16	10.17
3622	0.49	10.22	9.73
3623	-0.55	10.42	10.96
3624	0.01	8.93	8.93
3625	0.41	9.07	8.65
3626	-0.05	8.73	8.78
3627	-0.86	8.11	8.97
3628	-0.11	8.46	8.57
3629	0.18	9.03	8.84
3630	-0.03	8.96	8.99
3631	-0.44	8.83	9.27
3632	-0.17	8.57	8.74
3633	-0.33	9.12	9.45
3634	0.07	9.85	9.78
3635	0.07	9.67	9.59
3636	0.07	10.59	10.52
3637	-0.22	9.87	10.09
3638	0.05	10.47	10.42
3639	-0.07	10.22	10.29
3640	-0.01	10.09	10.10
3641	0.24	8.78	8.53
3642	-0.20	10.48	10.68
3643	0.02	9.39	9.37
3644	-0.30	9.40	9.70
3645	-0.07	9.50	9.58
3646	-0.32	9.69	10.01
3647	-0.22	9.94	10.16
3648	0.07	10.05	9.99
3649	-0.31	10.33	10.64
3650	-0.03	9.79	9.82
3651	-0.45	9.45	9.90
3652	0.52	9.19	8.66
3653	0.07	8.55	8.48
3654	-0.41	9.19	9.60
3655	-0.06	9.07	9.13
3656	1.52	10.90	9.38
3657	0.00	10.04	10.04
3658	-0.03	8.81	8.85
3659	0.14	9.37	9.23
3660	-0.15	9.96	10.11
3661	0.02	8.38	8.36
3662	-0.10	9.24	9.34
3663	-0.13	9.42	9.55
3664	0.08	10.10	10.02
3665	0.27	9.29	9.03
3666	0.03	9.12	9.09
3667	-0.01	8.57	8.58
3668	-0.20	9.73	9.92
3669	-0.26	10.26	10.52
3670	-0.10	9.13	9.23
3671	-0.13	9.49	9.62
3672	0.57	11.42	10.85
3673	0.35	9.81	9.46
3674	-0.07	10.21	10.28
3675	0.06	9.02	8.96
3676	0.04	9.84	9.80
3677	0.30	9.35	9.05
3678	0.02	10.01	9.99
3679	-0.25	9.86	10.11
3680	0.20	8.67	8.47
3681	0.23	9.62	9.39
3682	-0.04	10.00	10.03
3683	-0.20	9.18	9.38
3684	-1.10	8.62	9.72
3685	0.19	9.40	9.22
3686	-0.10	9.31	9.41
3687	0.12	9.56	9.43
3688	-0.11	9.82	9.93
3689	-0.16	8.68	8.84
3690	-0.07	8.88	8.94
3691	0.04	8.91	8.87
3692	-0.92	9.04	9.96
3693	-0.48	8.80	9.28
3694	0.04	9.54	9.51
3695	0.12	10.16	10.04
3696	-0.13	9.95	10.08
3697	-0.02	9.95	9.98
3698	0.14	9.60	9.46
3699	0.15	10.20	10.05
3700	0.07	8.62	8.55
3701	0.52	9.24	8.73
3702	-0.11	9.63	9.74
3703	-0.10	8.44	8.54
3704	-0.16	9.61	9.77
3705	-1.97	8.92	10.90
3706	0.14	9.45	9.32
3707	0.04	9.93	9.89
3708	-0.24	9.28	9.52
3709	-0.07	8.66	8.72
3710	0.27	9.80	9.52
3711	-0.37	9.26	9.63
3712	0.29	9.02	8.73
3713	0.08	9.99	9.91
3714	-0.62	8.14	8.76
3715	-0.09	9.16	9.25
3716	0.38	9.89	9.51
3717	0.02	8.95	8.93
3718	-0.56	9.38	9.95
3719	-2.25	8.11	10.36
3720	-0.15	8.71	8.86
3721	-0.04	10.50	10.54
3722	-0.33	8.96	9.29
3723	-0.12	10.87	10.99
3724	0.50	10.89	10.39
3725	0.69	10.67	9.97
3726	0.34	11.10	10.76
3727	1.99	12.56	10.57
3728	0.24	10.35	10.10
3729	0.55	10.55	10.00
3730	0.16	11.27	11.11
3731	0.13	11.11	10.98
3732	0.13	12.47	12.33
3733	0.01	10.35	10.34
3734	0.11	10.53	10.41
3735	0.14	10.89	10.76
3736	0.17	11.25	11.08
3737	-0.31	9.94	10.25
3738	0.99	10.71	9.72
3739	0.67	10.62	9.95
3740	0.52	10.55	10.03
3741	0.35	11.06	10.71
3742	-0.17	10.12	10.29
3743	0.30	9.43	9.13
3744	-0.45	11.38	11.83
3745	-0.18	8.41	8.60
3746	-0.32	9.57	9.90
3747	-0.14	8.81	8.94
3748	0.02	8.62	8.60
3749	-0.61	10.00	10.61
3750	0.30	10.41	10.11
3751	1.71	10.31	8.59
3752	0.23	9.57	9.35
3753	-0.04	8.79	8.83
3754	0.21	8.84	8.62
3755	-0.83	10.39	11.22
3756	-0.19	8.99	9.18
3757	0.15	8.42	8.27
3758	0.36	9.00	8.64
3759	-0.38	9.51	9.88
3760	-0.19	11.95	12.14
3761	0.12	10.15	10.03
3762	-0.42	8.24	8.66
3763	0.00	9.56	9.55
3764	0.38	8.75	8.37
3765	0.26	9.87	9.61
3766	0.12	11.33	11.21
3767	-0.16	8.43	8.60
3768	-0.40	10.48	10.88
3769	-0.06	9.91	9.96
3770	0.17	9.84	9.68
3771	2.14	11.07	8.93
3772	0.11	8.33	8.22
3773	-0.26	9.64	9.90
3774	-0.30	9.33	9.64
3775	0.18	9.52	9.34
3776	3.81	12.27	8.46
3777	0.14	8.79	8.65
3778	-1.98	9.41	11.39
3779	-0.39	11.02	11.41
3780	0.11	9.10	8.99
3781	0.08	9.62	9.54
3782	6.27	14.58	8.31
3783	2.15	10.21	8.06
3784	0.88	9.50	8.62
3785	0.01	8.51	8.50
3786	0.26	10.69	10.43
3787	0.26	8.87	8.61
3788	0.18	8.51	8.33
3789	0.33	9.42	9.09
3790	-0.50	9.71	10.21
3791	-0.72	9.74	10.46
3792	0.07	8.34	8.27
3793	-3.17	8.43	11.60
3794	0.01	9.52	9.50
3795	-0.38	10.84	11.23
3796	-0.11	10.69	10.80
3797	-0.08	8.26	8.34
3798	-0.11	7.84	7.95
3799	-0.39	8.39	8.79
3800	-0.07	10.70	10.77
3801	0.28	11.29	11.01
3802	-0.10	8.14	8.24
3803	0.09	9.27	9.18
3804	0.29	10.31	10.02
3805	0.26	9.94	9.68
3806	0.71	10.58	9.87
3807	2.61	11.75	9.15
3808	0.30	10.20	9.90
3809	0.19	10.26	10.07
3810	-0.99	10.88	11.87
3811	-0.72	8.58	9.30
3812	0.17	10.56	10.39
3813	4.38	12.58	8.20
3814	0.49	8.16	7.67
3815	0.20	8.39	8.20
3816	0.31	8.32	8.01
3817	0.26	9.93	9.67
3818	3.85	12.11	8.26
3819	-0.04	7.60	7.64
3820	1.16	9.60	8.43
3821	0.08	8.55	8.47
3822	-0.10	9.81	9.92
3823	-0.01	9.15	9.16
3824	1.24	11.35	10.12
3825	0.31	9.36	9.05
3826	-0.30	10.99	11.28
3827	-0.77	8.81	9.58
3828	-1.75	10.98	12.72
3829	-0.10	9.43	9.54
3830	0.08	9.09	9.01
3831	-0.32	9.59	9.91
3832	0.19	10.25	10.07
3833	0.02	10.90	10.89
3834	-0.21	9.77	9.98
3835	0.39	9.51	9.12
3836	0.33	10.38	10.04
3837	-0.29	10.16	10.45
3838	-0.09	10.56	10.65
3839	-0.40	8.92	9.33
3840	0.19	10.66	10.47
3841	-0.16	10.12	10.28
3842	-0.07	9.87	9.94
3843	0.24	10.88	10.65
3844	0.04	10.90	10.86
3845	0.09	10.22	10.13
3846	-0.44	9.76	10.21
3847	-0.16	10.97	11.13
3848	0.25	10.25	10.00
3849	0.32	10.87	10.54
3850	0.77	11.23	10.47
3851	-0.10	10.49	10.59
3852	0.26	9.69	9.43
3853	0.07	9.09	9.03
3854	0.21	10.60	10.39
3855	-0.05	8.72	8.77
3856	-0.11	7.40	7.51
3857	0.01	9.85	9.85
3858	-0.07	8.44	8.51
3859	0.05	10.57	10.53
3860	-0.29	8.83	9.12
3861	-0.13	9.39	9.53
3862	0.48	11.43	10.95
3863	0.38	10.15	9.78
3864	0.22	10.81	10.60
3865	-0.03	10.18	10.20
3866	-0.24	10.03	10.27
3867	0.58	10.65	10.07
3868	-0.34	10.09	10.43
3869	-2.97	8.48	11.44
3870	-0.84	9.39	10.23
3871	0.14	9.83	9.69
3872	0.61	9.22	8.61
3873	0.12	10.43	10.31
3874	1.38	10.58	9.20
3875	0.12	8.63	8.51
3876	-0.29	10.47	10.77
3877	0.01	10.18	10.17
3878	-0.37	8.97	9.34
3879	-0.08	8.99	9.07
3880	-0.41	10.02	10.43
3881	-0.01	9.91	9.92
3882	0.24	10.25	10.01
3883	-0.05	10.04	10.08
3884	-0.08	9.43	9.51
3885	-0.06	8.26	8.32
3886	0.07	9.08	9.00
3887	0.06	10.43	10.37
3888	0.00	9.28	9.28
3889	0.22	11.37	11.15
3890	-0.28	9.21	9.49
3891	-0.09	9.60	9.69
3892	0.17	8.80	8.63
3893	-0.14	10.44	10.59
3894	-0.01	11.04	11.06
3895	0.12	9.37	9.25
3896	0.17	10.54	10.37
3897	-0.11	8.88	8.99
3898	0.02	9.97	9.95
3899	0.30	9.66	9.36
3900	-0.08	9.26	9.34
3901	0.43	11.44	11.01
3902	-0.19	9.44	9.63
3903	0.16	9.43	9.27
3904	0.14	10.10	9.96
3905	-0.01	10.05	10.06
3906	0.38	9.60	9.22
3907	-0.08	9.26	9.34
3908	0.04	9.76	9.71
3909	0.18	8.73	8.55
3910	0.08	9.73	9.65
3911	0.04	8.52	8.48
3912	-0.27	9.17	9.44
3913	-0.40	9.85	10.26
3914	-0.07	9.80	9.87
3915	-0.11	8.59	8.70
3916	-1.57	9.07	10.64
3917	-0.10	8.31	8.41
3918	0.23	10.89	10.67
3919	-0.34	9.59	9.93
3920	0.34	8.91	8.57
3921	-0.27	9.65	9.92
3922	0.21	9.64	9.43
3923	-0.01	8.42	8.43
3924	-1.95	8.64	10.59
3925	-0.16	8.48	8.64
3926	-0.36	9.59	9.95
3927	0.03	9.88	9.85
3928	0.12	10.18	10.07
3929	-0.04	10.06	10.11
3930	0.08	8.93	8.85
3931	0.10	9.60	9.51
3932	0.12	10.05	9.93
3933	0.22	9.91	9.69
3934	-0.71	9.61	10.32
3935	-0.86	9.53	10.39
3936	-0.02	10.17	10.18
3937	0.03	9.46	9.43
3938	0.11	9.86	9.76
3939	0.04	10.26	10.22
3940	0.04	8.57	8.53
3941	-0.32	8.86	9.18
3942	-0.17	9.61	9.78
3943	0.01	10.35	10.34
3944	0.13	8.28	8.16
3945	0.24	8.71	8.47
3946	-0.06	9.13	9.19
3947	-0.37	9.75	10.12
3948	0.23	8.92	8.70
3949	0.01	9.51	9.49
3950	0.29	10.71	10.42
3951	-0.18	8.79	8.97
3952	0.03	8.92	8.89
3953	-0.03	9.41	9.43
3954	0.15	10.16	10.01
3955	-0.09	9.45	9.54
3956	-0.18	10.03	10.21
3957	0.97	9.58	8.61
3958	0.08	10.24	10.16
3959	0.15	9.82	9.68
3960	0.03	9.89	9.86
3961	-0.30	8.93	9.23
3962	-0.10	9.57	9.67
3963	-0.05	9.36	9.41
3964	0.04	10.48	10.44
3965	0.24	9.14	8.90
3966	0.05	10.16	10.11
3967	-0.11	8.80	8.91
3968	-0.24	9.22	9.46
3969	-0.01	10.12	10.12
3970	-0.33	10.53	10.86
3971	0.23	9.34	9.11
3972	0.19	11.08	10.90
3973	-0.18	9.08	9.27
3974	0.14	9.97	9.83
3975	0.00	9.35	9.35
3976	-0.20	9.32	9.52
3977	-0.41	10.40	10.82
3978	-0.85	9.78	10.63
3979	0.01	9.14	9.13
3980	-0.10	9.27	9.37
3981	-0.05	9.01	9.06
3982	-0.06	9.20	9.26
3983	-0.03	9.54	9.58
3984	0.09	10.35	10.26
3985	-0.64	9.20	9.85
3986	-0.33	9.16	9.50
3987	-0.18	9.08	9.27
3988	-0.01	8.96	8.97
3989	-0.14	10.34	10.48
3990	-0.36	9.90	10.26
3991	0.10	9.41	9.31
3992	-0.13	8.77	8.89
3993	-0.16	10.29	10.45
3994	0.54	11.20	10.66
3995	0.01	9.46	9.45
3996	-0.02	11.09	11.11
3997	0.00	10.43	10.43
3998	-0.04	10.06	10.09
3999	-0.14	8.43	8.57
4000	-0.24	9.87	10.11
4001	-0.13	9.77	9.90
4002	0.06	9.89	9.84
4003	-0.03	10.26	10.30
4004	-0.06	10.11	10.17
4005	-0.11	10.03	10.14
4006	-0.11	9.65	9.76
4007	-0.14	8.92	9.07
4008	-0.06	9.91	9.97
4009	-0.07	9.48	9.56
4010	0.01	9.63	9.62
4011	0.08	10.36	10.28
4012	0.39	8.85	8.46
4013	0.28	10.75	10.47
4014	0.12	10.83	10.71
4015	-0.24	8.71	8.95
4016	0.24	8.24	8.01
4017	-0.07	9.42	9.50
4018	0.20	8.53	8.32
4019	0.08	8.36	8.28
4020	0.03	8.38	8.34
4021	-0.28	8.57	8.84
4022	0.34	9.37	9.03
4023	0.29	9.76	9.47
4024	0.36	9.10	8.74
4025	0.19	8.38	8.20
4026	-0.13	8.26	8.39
4027	-0.23	8.93	9.16
4028	-0.39	8.75	9.14
4029	-0.36	8.95	9.31
4030	-0.11	8.00	8.10
4031	0.38	9.31	8.93
4032	0.05	9.26	9.21
4033	0.09	9.18	9.08
4034	-2.39	7.65	10.05
4035	-0.48	8.92	9.41
4036	0.29	9.28	8.99
4037	1.55	10.03	8.48
4038	-0.24	8.52	8.75
4039	-0.77	8.92	9.69
4040	-0.63	9.73	10.36
4041	-0.89	8.56	9.45
4042	-0.05	8.53	8.58
4043	0.05	8.70	8.65
4044	-0.18	9.20	9.38
4045	0.03	7.99	7.96
4046	0.43	9.08	8.65
4047	0.20	9.48	9.28
4048	0.05	9.72	9.67
4049	0.00	8.17	8.17
4050	-0.06	8.65	8.70
4051	-0.57	8.76	9.33
4052	-0.25	9.01	9.26
4053	0.06	7.91	7.84
4054	-0.51	9.06	9.57
4055	0.03	9.61	9.58
4056	-0.45	9.01	9.46
4057	-0.18	8.68	8.86
4058	0.16	8.46	8.30
4059	0.72	10.17	9.45
4060	0.26	10.44	10.18
4061	0.23	8.25	8.02
4062	-0.02	8.04	8.06
4063	-0.40	7.95	8.35
4064	-0.19	9.96	10.15
4065	-0.26	8.65	8.91
4066	-0.04	8.70	8.74
4067	0.10	8.23	8.12
4068	0.19	8.19	8.00
4069	0.03	8.75	8.73
4070	-0.02	8.52	8.55
4071	0.10	9.15	9.05
4072	-0.69	7.91	8.59
4073	0.10	9.13	9.03
4074	0.01	8.31	8.30
4075	0.09	8.24	8.16
4076	0.03	8.58	8.56
4077	0.09	8.60	8.50
4078	-0.09	10.03	10.12
4079	-0.14	7.26	7.40
4080	-0.11	9.05	9.16
4081	0.25	9.42	9.17
4082	-0.22	11.92	12.13
4083	-0.09	9.06	9.15
4084	-0.08	9.15	9.23
4085	-0.20	7.16	7.36
4086	-0.32	8.99	9.31
4087	-1.84	9.49	11.33
4088	0.07	9.91	9.84
4089	-0.89	10.95	11.85
4090	-0.45	9.39	9.84
4091	0.00	11.39	11.39
4092	-0.33	9.09	9.42
4093	-0.05	8.94	8.98
4094	-0.30	11.16	11.47
4095	0.20	9.34	9.13
4096	-0.15	11.63	11.78
4097	0.04	11.19	11.15
4098	-0.24	11.48	11.72
4099	-0.60	9.64	10.24
4100	-0.36	10.32	10.69
4101	0.11	9.57	9.46
4102	-0.01	9.82	9.83
4103	-0.21	11.34	11.55
4104	-0.25	12.21	12.46
4105	-0.35	11.84	12.20
4106	0.22	9.16	8.94
4107	-0.14	11.69	11.83
4108	0.43	12.17	11.74
4109	0.00	12.48	12.49
4110	0.02	12.92	12.90
4111	-0.43	9.35	9.78
4112	0.15	8.43	8.28
4113	0.14	8.65	8.51
4114	-0.02	11.75	11.78
4115	-0.14	12.74	12.87
4116	-0.35	9.20	9.55
4117	0.13	11.69	11.55
4118	-0.60	9.12	9.72
4119	0.17	8.21	8.04
4120	-0.13	8.47	8.60
4121	0.15	11.80	11.64
4122	-0.15	9.48	9.62
4123	-0.05	8.63	8.67
4124	0.43	9.40	8.97
4125	-0.03	9.13	9.16
4126	0.49	11.78	11.29
4127	0.34	10.42	10.09
4128	-0.07	8.99	9.06
4129	0.01	8.37	8.36
4130	0.21	9.98	9.76
4131	0.15	9.59	9.44
4132	-0.27	7.17	7.44
4133	-0.03	9.09	9.12
4134	0.30	9.53	9.22
4135	-0.10	7.49	7.60
4136	-0.13	10.70	10.82
4137	0.48	10.87	10.39
4138	0.08	8.17	8.10
4139	0.06	8.84	8.78
4140	0.07	8.46	8.39
4141	-0.19	10.30	10.49
4142	-0.02	8.70	8.72
4143	-0.12	9.15	9.27
4144	0.24	8.87	8.63
4145	0.09	8.35	8.26
4146	0.19	11.81	11.63
4147	-0.04	9.88	9.92
4148	-0.21	9.84	10.05
4149	0.27	8.11	7.84
4150	0.12	9.29	9.17
4151	-0.47	9.47	9.94
4152	0.19	10.58	10.38
4153	-0.07	8.26	8.33
4154	0.69	9.40	8.71
4155	-0.47	9.85	10.32
4156	-0.11	10.61	10.72
4157	-0.68	9.53	10.21
4158	-0.07	8.25	8.32
4159	-0.02	9.06	9.08
4160	-0.50	8.59	9.09
4161	0.25	9.99	9.74
4162	0.57	9.74	9.17
4163	-0.03	9.42	9.44
4164	-0.19	9.96	10.15
4165	0.02	10.38	10.36
4166	-0.42	9.16	9.57
4167	0.54	11.27	10.73
4168	0.15	10.74	10.59
4169	0.09	8.98	8.89
4170	-0.08	9.14	9.22
4171	-0.06	9.62	9.68
4172	-0.61	9.20	9.81
4173	-0.01	9.26	9.27
4174	0.19	10.24	10.05
4175	0.22	9.07	8.85
4176	0.09	9.20	9.11
4177	0.05	11.34	11.29
4178	0.25	10.13	9.88
4179	-0.73	9.64	10.37
4180	-0.11	9.45	9.56
4181	-0.17	9.20	9.37
4182	0.81	10.13	9.33
4183	-1.83	8.22	10.06
4184	-0.10	9.14	9.24
4185	-0.01	8.91	8.92
4186	0.00	11.64	11.64
4187	0.03	8.66	8.63
4188	-0.19	9.06	9.25
4189	0.01	10.14	10.14
4190	0.06	8.77	8.71
4191	0.07	9.80	9.74
4192	0.13	9.16	9.02
4193	-0.05	8.37	8.42
4194	0.29	8.90	8.61
4195	0.43	9.46	9.03
4196	-0.11	9.41	9.52
4197	0.07	8.92	8.85
4198	-0.15	8.12	8.27
4199	-0.01	8.60	8.61
4200	-0.19	8.49	8.68
4201	0.20	9.91	9.72
4202	0.09	9.01	8.92
4203	-0.20	9.77	9.97
4204	0.15	9.27	9.12
4205	0.02	8.89	8.87
4206	0.10	9.87	9.77
4207	0.29	10.74	10.45
4208	-0.04	8.89	8.93
4209	-0.07	9.34	9.41
4210	-0.02	10.13	10.15
4211	0.03	9.63	9.60
4212	0.18	8.83	8.65
4213	-0.30	9.50	9.80
4214	0.12	9.44	9.32
4215	0.04	9.07	9.03
4216	0.06	10.51	10.46
4217	0.34	9.93	9.59
4218	-0.32	9.69	10.00
4219	-0.12	9.63	9.75
4220	0.11	9.44	9.33
4221	-0.16	9.25	9.41
4222	-0.30	11.05	11.36
4223	0.06	9.18	9.12
4224	-0.14	9.56	9.71
4225	0.03	8.63	8.61
4226	-0.08	8.96	9.04
4227	0.01	8.75	8.74
4228	-0.37	8.86	9.22
4229	-0.26	9.44	9.70
4230	0.27	10.05	9.78
4231	0.03	9.53	9.50
4232	-0.11	10.38	10.49
4233	-0.14	9.48	9.62
4234	0.01	9.38	9.37
4235	0.12	11.10	10.98
4236	0.16	8.93	8.77
4237	-0.33	9.04	9.37
4238	0.49	9.60	9.11
4239	0.16	9.89	9.73
4240	0.06	9.71	9.65
4241	-0.09	9.13	9.22
4242	-0.15	9.19	9.34
4243	-0.75	9.37	10.12
4244	-0.06	9.15	9.21
4245	0.75	10.91	10.16
4246	0.81	10.02	9.21
4247	0.24	10.43	10.19
4248	0.06	10.52	10.47
4249	-0.26	10.61	10.87
4250	0.24	9.13	8.89
4251	-0.12	8.67	8.78
4252	-0.28	9.85	10.13
4253	-0.75	9.41	10.15
4254	0.16	9.00	8.84
4255	0.15	8.25	8.10
4256	-0.06	8.92	8.98
4257	-0.14	9.29	9.43
4258	0.13	9.20	9.07
4259	0.48	9.88	9.40
4260	-0.57	9.64	10.22
4261	-0.13	9.80	9.93
4262	-0.06	8.59	8.65
4263	-0.38	8.34	8.72
4264	0.05	8.64	8.59
4265	-0.45	10.87	11.32
4266	-0.18	9.86	10.03
4267	0.04	10.19	10.15
4268	-0.06	10.33	10.39
4269	0.03	12.39	12.36
4270	-0.53	9.11	9.65
4271	-0.19	12.18	12.37
4272	-0.16	10.43	10.59
4273	-0.01	9.44	9.44
4274	-0.02	10.69	10.71
4275	0.11	8.94	8.83
4276	-0.15	10.36	10.51
4277	-0.46	9.72	10.19
4278	-0.11	10.45	10.57
4279	-0.01	10.04	10.05
4280	0.09	11.08	10.98
4281	0.19	10.64	10.45
