1	-0.00098
2	0.05635
3	0.09706
4	0.02827
5	0.01728
6	0.02498
7	-0.01196
8	0.00552
9	0.0114
10	0.01257
11	0.00749
12	-0.01821
13	-0.03255
14	0.07982
15	0.03963
16	0.03228
17	0.04855
18	-0.01064
19	-0.02987
20	-0.03466
21	0.00144
22	0.09593
23	-0.06949
24	-0.03463
25	-0.00149
26	0.00292
27	0.04994
28	0.10634
29	-0.03317
30	0.04808
31	-0.00629
32	0.08931
33	0.27015
34	0.06464
35	0.03373
36	-0.02424
37	0.12695
38	0.06883
39	-0.01065
40	-0.00182
41	0.08245
42	-0.0446
43	0.0403
44	-0.0208
45	0.07745
46	-0.11441
47	0.04483
48	0.06328
49	0.07446
50	-0.00176
51	-0.00674
52	-0.11948
53	-0.09155
54	0.0271
55	0.007
56	-0.00549
57	-0.07411
58	0.11559
59	0.00915
60	0.02695
61	0.05574
62	0.04061
63	0.14651
64	-0.01695
65	-0.0339
66	0.21324
67	-0.01884
68	-0.01162
69	0.04518
70	-0.02412
71	0.01191
72	-0.02733
73	0.05166
74	-0.11017
75	0.00146
76	-0.08473
77	-0.00682
78	0.09379
79	0.00828
80	-0.50073
81	0.06886
82	0.01769
83	-0.18117
84	0.1385
85	0.05012
86	0.04227
87	-0.08248
88	0.04022
89	0.03609
90	0.01164
91	0.02241
92	0.06438
93	-0.00051
94	0.04247
95	-0.13438
96	0.04875
97	0.06116
98	-0.12128
99	-0.06632
100	-0.0174
101	-0.05325
102	-0.03129
103	0.04556
104	-0.00615
105	0.00564
106	0.01419
107	0.15121
108	-0.14278
109	0.05563
110	-0.14608
111	0.07458
112	0.01461
113	-0.03841
114	-0.00999
115	-0.15318
116	-0.04899
117	-0.03842
118	0.05911
119	-0.00518
120	0.08726
121	0.0455
122	-0.16438
123	0.03092
124	-0.08648
125	-0.06399
126	0.07498
127	-0.0112
128	-0.03496
129	-0.04489
130	-0.0097
131	0.00821
132	-0.03205
133	0.12252
134	0.06559
135	-0.03862
136	0.01434
137	0.16418
138	-0.19814
139	0.05098
140	0.0804
141	0.07306
142	0.0472
143	0.01474
144	-0.07752
145	-0.03293
146	0.12147
147	-0.01122
148	-0.01762
149	0.00372
150	0.04236
151	0.03135
152	-0.09888
153	0.03861
154	0.07162
155	0.03038
156	0.12703
157	-0.05027
158	-0.05491
159	0.03438
160	-0.05385
161	-0.05397
162	-0.02579
163	0.01468
164	-0.12219
165	0.0775
166	-0.04166
167	-0.01469
168	0.12062
169	0.03893
170	-0.00075
171	-0.0399
172	0.08384
173	0.16737
174	0.18372
175	-0.26809
176	-0.13477
177	0.08254
178	0.16217
179	-0.01848
180	-0.05296
181	0.02636
182	0.077
183	-0.0062
184	0.09867
185	0.07622
186	-0.27561
187	0.01594
188	0.02788
189	0.12922
190	-0.05253
191	-0.08626
192	0.06543
193	0.03544
194	0.06062
195	0.09495
196	0.14006
197	0.0817
198	0.02453
199	-0.04201
200	0.04925
201	-0.06545
202	-0.53541
203	0.1033
204	-0.04882
205	0.129
206	-0.2363
207	-0.11323
208	0.0041
209	-0.02483
210	0.05428
211	0.08671
212	0.0548
213	0.05475
214	0.11876
215	0.03552
216	-0.02034
217	0.00021
218	-0.02142
219	-0.00634
220	0.03358
221	0.03655
222	-0.03605
223	0.03395
224	0.07274
225	-0.04084
226	-0.02776
227	0.03269
228	-0.00819
229	0.03592
230	-0.13346
231	0.00968
232	0.05638
233	0.07373
234	-0.00769
235	-0.08193
236	-0.02393
237	0.12899
238	-0.06217
239	-0.03064
240	0.17595
241	0.00992
242	0.01127
243	-0.09992
244	0.04721
245	0.06354
246	0.00919
247	-0.12448
248	0.05169
249	0.0406
250	0.09087
251	0.15637
252	0.04846
253	0.03535
254	-0.02647
255	0.01079
256	-0.06922
257	0.04459
258	-0.0554
259	-0.04899
260	0.02313
261	-0.08303
262	-0.04914
263	0.0592
264	0.06444
265	0.01302
266	-0.03688
267	-0.00777
268	0.01838
269	-0.01039
270	0.05723
271	0.05574
272	0.30416
273	0.13694
274	0.03399
275	-0.0137
276	-0.05044
277	-0.03314
278	0.07172
279	0.04926
280	0.04906
281	0.16973
282	0.06478
283	0.01993
284	-0.06584
285	0.09633
286	0.00133
287	0.06405
288	0.04407
289	-0.00742
290	0.11214
291	0.07481
292	0.02861
293	-0.22427
294	0.0633
295	0.07349
296	-0.04107
297	-0.08056
298	0.10053
299	0.06864
300	0.04018
301	0.03811
302	-0.02118
303	0.03381
304	-0.64928
305	0.06794
306	0.11163
307	0.04073
308	-0.00874
309	0.04108
310	0.04696
311	0.05681
312	0.04394
313	0.06108
314	-0.05875
315	-0.03523
316	0.18555
317	-0.00193
318	0.02065
319	-0.20087
320	0.03334
321	0.00306
322	0.0784
323	-0.05144
324	0.02905
325	-0.02682
326	0.0223
327	-0.04097
328	-0.09021
329	0.0683
330	-0.04381
331	-0.04621
332	-0.00549
333	-0.00902
334	0.00053
335	0.01985
336	0.23398
337	-0.12074
338	-0.10489
339	-0.00677
340	0.02113
341	0.11355
342	0.22632
343	-0.05042
344	-0.02079
345	0.05576
346	-0.02221
347	0.07957
348	-0.10851
349	0.0541
350	0.05201
351	0.15474
352	0.10761
353	0.0496
354	0.0315
355	0.03054
356	-0.20294
357	0.03687
358	-0.01304
359	0.04845
360	0.03727
361	0.08974
362	0.01884
363	0.03262
364	0.04225
365	0.06478
366	-0.10396
367	0.03027
368	-0.0218
369	-0.08311
370	0.10591
371	-0.03454
372	-0.04039
373	-0.01283
374	0.10264
375	-0.08472
376	0.05624
377	-0.05724
378	0.02108
379	-0.39959
380	-0.06067
381	0.20178
382	0.129
383	-0.15493
384	-0.00034
385	0.18355
386	0.02395
387	-0.04048
388	0.0725
389	-0.16721
390	-0.01004
391	0.02662
392	-0.03575
393	0.13632
394	0.06025
395	0.02176
396	-0.06536
397	-0.01029
398	0.03859
399	0.14019
400	0.0117
401	-0.00508
402	-0.02825
403	-0.05759
404	0.20905
405	0.08195
406	-0.04659
407	0.01257
408	0.0819
409	0.03202
410	0.08034
411	0.02766
412	0.02247
413	-0.1471
414	0.04709
415	-0.01744
416	0.06525
417	-0.05011
418	0.05798
419	0.02926
420	0.00718
421	0.01558
422	0.05206
423	-0.13258
424	-0.02471
425	-0.06332
426	-0.0385
427	-0.06703
428	0.02006
429	0.17472
430	-0.52904
431	0.02508
432	-0.01669
433	-0.05723
434	-0.01551
435	-0.0048
436	0.013
437	-0.07264
438	0.03495
439	0.09572
440	-0.02449
441	0.07397
442	0.32237
443	0.13353
444	-0.01532
445	0.13139
446	-0.01554
447	0.06423
448	0.01311
449	-0.05653
450	-0.02754
451	0.04164
452	0.15399
453	-0.33752
454	0.03388
455	0.02257
456	-0.0092
457	0.03154
458	0.14243
459	-0.17049
460	-0.04545
461	0.0483
462	0.07111
463	0.02918
464	-0.23266
465	0.1123
466	0.05451
467	-0.11243
468	-0.01752
469	-0.04403
470	-0.13916
471	0.06213
472	0.03204
473	0.02295
474	0.05421
475	0.06015
476	-0.12587
477	0.06019
478	-0.03881
479	0.0276
480	0.00042
481	0.03271
482	-0.09471
483	-0.13267
484	-0.37423
485	0.05948
486	-0.37343
487	-0.00099
488	-0.04495
489	0.07294
490	-0.01544
491	-0.11242
492	0.02564
493	0.00538
494	-0.00498
495	-0.0351
496	-0.01596
497	0.0145
498	0.00481
499	-0.05963
500	0.0959
501	-0.04351
502	0.0295
503	0.08583
504	0.17654
505	-0.38318
506	0.19699
507	0.03126
508	-0.18043
509	-0.20391
510	-0.03279
511	0.00381
512	0.08893
513	0.10201
514	-0.14621
515	-0.01184
516	-0.19559
517	0.17886
518	0.17685
519	0.21462
520	-0.08909
521	0
522	0
523	0
524	0
525	0
526	0
527	0
528	0
529	0
530	0
531	0
532	0.02665
533	-0.01786
534	-0.01209
535	0.05888
536	0.20735
537	0.07501
538	-0.0005
539	0.03977
540	-0.04914
541	0.23211
542	0.12758
543	0.03473
544	0.06884
545	0.00198
546	0.07875
547	0
548	0
549	0
550	0
551	0
552	0
553	0
554	0
555	0
556	0
557	0
558	0
559	-0.03794
560	0.02079
561	-0.08047
562	0.06181
563	0.12251
564	0.06163
565	0.01742
566	-0.12297
567	0
568	-0.0545
569	0.13976
570	-0.04175
571	-0.05121
572	0.04047
573	0
574	0
575	0
576	0
577	0
578	0
579	0
580	0
581	0
582	0
583	0
584	0
585	0
586	-0.03026
587	0.04766
588	0
589	-0.02783
590	-0.01278
591	0.03595
592	-0.05967
593	-0.00538
594	0.0248
595	-0.0199
596	-0.01452
597	0.02998
598	-0.23481
599	0
600	0
601	0
602	0
603	0
604	0
605	0
606	0
607	0
608	0
609	0
610	0
611	0
612	-0.00584
613	-0.04132
614	0.12628
615	0.067
616	0.09786
617	0.10626
618	0.05345
619	0.0092
620	0.0851
621	0.11281
622	0.05155
623	0.03939
624	-0.27535
626	0
627	0
628	0
629	0
630	-0.15666
631	-0.23593
632	-0.63219
633	0
634	0.04219
635	0.00993
636	0
637	0
639	0
640	0
641	0
642	0
643	0
644	-0.22367
645	-0.9407
646	0.01236
647	-0.03088
648	0.04609
649	0
650	0
652	0
653	-0.19164
654	0.03731
655	0
656	0
657	-0.11403
658	-0.16153
659	0
660	0
661	0
662	0
663	0
665	0
666	-0.16373
667	0.03888
668	0
669	0
670	0.02348
671	-0.15381
672	0
673	0
674	0
675	0
676	0
677	0.23978
678	-0.02918
679	-0.3186
680	-0.01166
681	0.04255
682	0.02527
683	0.06379
684	0.27259
685	0.01936
686	-0.00881
687	0.01577
688	-0.02024
689	0
690	0.04968
691	0.07568
692	0.28369
693	0.01192
694	0.08086
695	0.13029
696	-0.00473
697	-0.13839
698	-0.18771
699	0.04754
700	-0.05888
701	0.03956
702	0.07115
703	0.09684
704	0.00664
705	-0.12717
706	-0.04016
707	0.05206
708	-0.13268
709	0.00674
710	0.00103
711	0.05727
712	0.00874
713	0.07278
714	0.00224
715	-0.09715
716	0.02299
717	-0.03143
718	-0.0007
719	-0.19663
720	-0.02593
721	0.07549
722	0.01087
723	0.00088
724	-0.05317
725	0.13467
726	-0.18835
727	0.07419
728	0
729	-0.10551
730	0.0515
731	0.20304
732	0.01089
733	0.05838
734	-0.01363
735	0.03839
736	0.06641
737	0.06296
738	0.06721
739	0.08165
740	0.02179
741	-0.05297
742	-0.06257
743	0.03794
744	0.07035
745	0.02471
746	0.07709
747	0.00309
748	0.0772
749	0.07359
750	0.06465
751	-0.00687
752	0.05361
753	0.07275
754	0.01997
755	-0.09948
756	-0.00252
757	0.12736
758	-0.00424
759	-0.02562
760	0.03515
761	-0.07001
762	-0.0186
763	-0.0902
764	0.08369
765	0.08
766	0.00803
767	0.04607
768	0.05027
769	0.07118
770	0.10053
771	0.17035
772	0.11405
773	-0.00736
774	-0.03906
775	0.15664
776	-0.06154
777	-0.0939
778	0.01106
779	0.10498
780	-0.12472
781	0.01605
782	-0.00588
783	0.01239
784	-0.05344
785	-0.19044
786	-0.0465
787	-0.1636
788	-0.07348
789	0.01241
790	0.08791
791	0.0687
792	0.01923
793	0.13663
794	-0.02431
795	-0.06739
796	-0.03424
797	-0.03232
798	0.13418
799	0.05041
800	0.21636
801	0.02014
802	-0.14285
803	0.11023
804	0.13643
805	0.05387
806	-0.11538
807	-0.01122
808	0.06785
809	0.01993
810	-0.11133
811	0.09711
812	0.09222
813	0.02769
814	-0.15818
815	-0.04487
816	0.04685
817	0.00784
818	0.0158
819	-0.05676
820	0.01862
821	0
822	0.04491
823	-0.04264
824	0.03293
825	0.04638
826	0.02256
827	0.02086
828	-0.11803
829	0.03442
830	0.06751
831	-0.00515
832	0.16548
833	-0.01355
834	-0.12152
835	0.01241
836	-0.01258
837	0.03097
838	-0.07256
839	-0.07804
840	0.06725
841	-0.01029
842	-0.03154
843	-0.05526
844	-0.21156
845	0.02401
846	0.06803
847	0.04431
848	0.04648
849	-0.0301
850	-0.01134
851	-0.13791
852	0.01166
853	0.08186
854	0.02465
855	-0.02662
856	-0.0198
857	-0.01736
858	-0.06582
859	0.08862
860	-0.12873
861	-0.3391
862	-0.03592
863	0.06251
864	0.06576
865	0.04179
866	-0.0107
867	0.01959
868	-0.02715
869	-0.10482
870	-0.00441
871	0.07879
872	0.05137
873	-0.06398
874	-0.03722
875	-0.02121
876	0.11544
877	-0.05605
878	-0.13717
879	0.03269
880	0.01977
881	-0.03345
882	0
883	-0.01397
884	-0.01355
885	-0.00333
886	-0.05116
887	0.03721
888	0.11574
889	-0.01996
890	-0.11789
891	0.05001
892	0.0048
893	-0.11295
894	0.13584
895	-0.09912
896	-0.00611
897	-0.03049
898	-0.00438
899	0.04168
900	-0.13478
901	-0.28963
902	0.05254
903	0.03416
904	-0.10407
905	-0.09566
906	0.02427
907	-0.03253
908	-0.03041
909	0.01323
910	0.01002
911	-0.0234
912	0.04005
913	0.10946
914	-0.06122
915	0.06737
916	-0.07388
917	-0.00616
918	0.00621
919	0.17039
920	-0.05307
921	-0.02138
922	0.16625
923	0.02297
924	0.00162
925	-0.06198
926	0.03059
927	-0.00039
928	0.02452
929	0.06913
930	0.08149
931	0
932	-0.20634
933	-0.03899
934	0.01288
935	0.0194
936	0.06613
937	0.07207
938	-0.07739
939	0.00021
940	0.07558
941	0.01259
942	0.04307
943	0.05625
944	-0.01377
945	0.00984
946	0.03792
947	0.02792
948	0.03097
949	-0.03918
950	-0.10426
951	-0.02744
952	0.01157
953	-0.03931
954	-0.02853
955	0.10469
956	-0.08415
957	0.02367
958	-0.01726
959	0.01088
960	0.16771
961	-0.1447
962	0.00835
963	-0.07109
964	0.0847
965	0.05495
966	-0.02402
967	-0.02129
968	-0.11097
969	0.09214
970	0.02551
971	-0.12086
972	0.00476
973	-0.01484
974	-0.21181
975	-0.08333
976	-0.22002
977	-0.06571
978	-0.02138
979	0.04772
980	0.02538
981	0.07094
982	-0.08863
983	0.04492
984	0.00375
985	-0.21195
986	-0.03133
987	0.12569
988	0.02056
989	-0.13869
990	0.02482
991	0.03699
992	0.01812
993	0.24046
994	-0.0728
995	-0.08136
996	0.00742
997	-0.00249
998	-0.0184
999	0.06051
1000	0.01888
1001	0.03743
1002	-0.08156
1003	-0.00625
1004	-0.0427
1005	-0.02916
1006	0.03292
1007	-0.16317
1008	0.14532
1009	0.02435
1010	0.02182
1011	-0.03912
1012	0.16819
1013	0.04594
1014	0.04367
1015	0.24093
1016	-0.00432
1017	-0.01833
1018	0.06516
1019	0.16796
1020	-0.2315
1021	0.00617
1022	-0.05156
1023	-0.00157
1024	0.02102
1025	0.0611
1026	0.01368
1027	0.02904
1028	0.08803
1029	0.06773
1030	-0.01336
1031	-0.04818
1032	0.01558
1033	0.03726
1034	-0.00885
1035	0
1036	-0.12813
1037	-0.09954
1038	-0.05628
1039	-0.09745
1040	0
1041	0.15796
1042	0.02083
1043	0.00159
1044	-0.26951
1045	-0.05015
1046	0.16122
1047	0.00758
1048	-0.05774
1049	0.07123
1050	-0.10918
1051	0.13371
1052	0.02914
1053	-0.04459
1054	0.04296
1055	-0.00604
1056	0.04044
1057	0.06704
1058	0.00251
1059	-0.4057
1060	-0.01621
1061	0.05575
1062	0.06068
1063	0.13955
1064	-0.01279
1065	0.00048
1066	0.03532
1067	0.14321
1068	0.03766
1069	0.12226
1070	-0.19526
1071	0.3635
1072	-0.04492
1073	-0.02348
1074	-0.02149
1075	0.0617
1076	-0.1698
1077	0.07648
1078	-0.09477
1079	0.05257
1080	0.04148
1081	-0.04622
1082	-0.0845
1083	0.0033
1084	-0.07093
1085	0.07659
1086	0.03462
1087	0.04493
1088	-0.02985
1089	-0.03127
1090	0.06411
1091	0
1092	-0.03746
1093	-0.13364
1094	0.06499
1095	0.18491
1096	-0.1222
1097	-0.27579
1098	0.04759
1099	-0.06235
1100	-0.0003
1101	-0.00602
1102	0.02494
1103	-0.04883
1104	0.01391
1105	-0.02992
1106	0.0461
1107	-0.01633
1108	0.08553
1109	0.04898
1110	0.03649
1111	0.06079
1112	-0.06908
1113	0.07197
1114	0.14204
1115	0.0515
1116	0.03998
1117	0.02698
1118	0.01064
1119	0.04897
1120	-0.15026
1121	0.06441
1122	0.03581
1123	0.02697
1124	-0.05702
1125	-0.00537
1126	-0.02041
1127	0.01582
1128	0.15304
1129	0.01789
1130	0.02729
1131	-0.10151
1132	0.26701
1133	0.02065
1134	0.05225
1135	0.05616
1136	0.0589
1137	0.01631
1138	0.01266
1139	0.02286
1140	0.05292
1141	0.05093
1142	0.02752
1143	0.04049
1144	0.0135
1145	0.00433
1146	0.00298
1147	0.03571
1148	0.10488
1149	0.02104
1150	0.11727
1151	0.06459
1152	-0.03973
1153	-0.06535
1154	0.08505
1155	0.18608
1156	-0.13806
1157	-0.02132
1158	0.00391
1159	0.10354
1160	0.05218
1161	0.02243
1162	-0.24537
1163	0.1432
1164	0.01091
1165	0.11256
1166	-0.10331
1167	-0.03257
1168	-0.0291
1169	-0.07697
1170	-0.0414
1171	-0.00461
1172	-0.01952
1173	0.11531
1174	-0.03891
1175	0.06581
1176	0.08453
1177	0.00118
1178	-0.07855
1179	0.0039
1180	0.13673
1181	0.07151
1182	0.05811
1183	-0.00589
1184	-0.03214
1185	-0.12681
1186	0.04809
1187	0.05288
1188	0.0026
1189	0.01574
1190	0.03347
1191	0
1192	0.10808
1193	0.09072
1194	0.0376
1195	0.00793
1196	0
1197	0
1198	0
1199	0
1200	0
1201	0
1202	0
1203	0
1204	0
1205	0
1206	0
1207	0
1208	-0.07128
1209	-0.04165
1210	0
1211	0
1212	0
1213	0
1214	0
1215	0
1216	0
1217	0
1218	0
1219	0
1220	0
1221	0.1154
1222	-0.01066
1223	0
1224	0
1225	0
1226	0
1227	0
1228	0
1229	0
1230	0
1231	0
1232	0
1233	0
1234	-0.008
1235	-0.01876
1236	0
1237	0
1238	0
1239	0
1240	0
1241	0
1242	0
1243	0
1244	0
1245	0
1246	0
1247	-0.00827
1248	0.04625
1249	0
1250	0
1251	0
1252	0
1253	0.35651
1254	0.40017
1255	0.45418
1256	0.38369
1257	0
1258	0
1259	-0.08298
1260	0.0174
1261	0
1262	0.00667
1263	0.06191
1264	-0.37907
1265	-0.03121
1266	0.12204
1267	0.11543
1268	0.02837
1269	-0.01622
1270	0.08101
1271	0.04608
1272	-0.01652
1273	-0.27215
1274	0
1275	0
1276	0
1277	0.11579
1278	0.03733
1279	0
1280	-0.01174
1281	-0.07748
1282	-0.07027
1283	0
1284	0
1285	0
1286	-0.05467
1287	0
1288	-0.0128
1289	-0.03463
1290	-0.08404
1291	-0.10148
1292	-0.06868
1293	-0.03478
1294	-0.03599
1295	-0.02302
1296	-0.0232
1297	-0.2757
1298	-0.07111
1299	-0.21939
1300	0
1302	0
1303	-0.02293
1304	0
1305	0
1306	-0.08393
1307	-0.24933
1308	-0.78374
1309	-0.00217
1310	0
1311	0.00524
1312	-0.03597
1313	0
1315	0
1316	-0.01716
1317	0
1318	0
1319	-0.03468
1320	-0.23213
1321	-0.97164
1322	-0.03234
1323	0.02891
1324	0.02791
1325	-0.0264
1326	0
1328	0
1329	-0.21613
1330	0.032
1331	0
1332	0
1333	-0.07258
1334	-0.17987
1335	0
1336	0
1337	0
1338	0
1339	-0.02679
1341	0
1342	0
1343	0
1344	0
1345	0
1346	0
1347	-0.1357
1348	0
1349	0
1350	0
1351	0
1352	0
1353	-0.03601
1354	0.03113
1355	0.09488
1356	0.01063
1357	-0.0008
1358	0.06651
1359	-0.0054
1360	-0.0426
1361	0.117
1362	0.01322
1363	-0.04194
1364	0.03041
1365	0
1366	0.08386
1367	-0.07073
1368	0.11446
1369	0.00879
1370	-0.01239
1371	0.14359
1372	-0.02869
1373	-0.00818
1374	0.05919
1375	0.04529
1376	-0.13945
1377	0.014
1378	0.0045
1379	0.01502
1380	0.03436
1381	0.0011
1382	0.03486
1383	-0.10876
1384	0.03112
1385	0.21872
1386	-0.20026
1387	-0.04437
1388	0.05983
1389	-0.00019
1390	0.03796
1391	0
1392	0.08455
1393	0.098
1394	-0.06197
1395	0.05669
1396	-0.08302
1397	0.02179
1398	-0.08089
1399	0.06671
1400	-0.10378
1401	-0.01063
1402	0.05595
1403	0.00489
1404	0
1405	-0.09376
1406	0.04377
1407	0.06439
1408	0.03201
1409	-0.02233
1410	0.23826
1411	-0.01133
1412	0.04935
1413	-0.1364
1414	0.09712
1415	0.13668
1416	0.02069
1417	0.05445
1418	-0.02219
1419	0.02465
1420	0.04053
1421	0.02
1422	-0.07634
1423	0.0298
1424	-0.00067
1425	0.05863
1426	-0.03183
1427	0.10227
1428	0.00601
1429	-0.06039
1430	-0.01775
1431	-0.04671
1432	0.04273
1433	0.06525
1434	0.05657
1435	-0.1976
1436	0.24958
1437	0.0298
1438	-0.00505
1439	-0.1125
1440	0.02815
1441	0.0852
1442	0.10908
1443	-0.03498
1444	0.11238
1445	-0.01217
1446	0.01184
1447	0.04029
1448	-0.09832
1449	-0.04805
1450	0.01423
1451	-0.1529
1452	0.06546
1453	0.00291
1454	0.02817
1455	-0.08961
1456	0.0793
1457	0.02773
1458	-0.08089
1459	-0.01533
1460	-0.00922
1461	0.21221
1462	-0.15627
1463	-0.11931
1464	0.00731
1465	-0.00908
1466	-0.01345
1467	0.2593
1468	0.04107
1469	-0.02073
1470	0.13294
1471	-0.03537
1472	0.05592
1473	0.00744
1474	-0.0013
1475	-0.02695
1476	0.05106
1477	0.02789
1478	0.06287
1479	-0.01975
1480	0.07584
1481	0.02475
1482	0.00058
1483	-0.51391
1484	0.01357
1485	-0.07203
1486	0.00315
1487	-0.0211
1488	0.0918
1489	0.1598
1490	0.02622
1491	-0.05812
1492	0.07738
1493	0.0842
1494	0.24708
1495	-0.08365
1496	-0.00483
1497	-0.05206
1498	0.08298
1499	-0.00288
1500	-0.01164
1501	0.05265
1502	0.0128
1503	0.03364
1504	-0.02414
1505	0.07524
1506	0.00406
1507	0.01037
1508	0.06705
1509	-0.03939
1510	-0.11496
1511	0.02631
1512	-0.02895
1513	-0.03932
1514	0.03096
1515	-0.07882
1516	-0.01976
1517	0.08486
1518	-0.01126
1519	0.02259
1520	0.02882
1521	-0.05654
1522	0.02078
1523	0.03858
1524	0.0618
1525	0.09384
1526	0.00355
1527	0.06994
1528	-0.13835
1529	-0.25728
1530	0.15896
1531	-0.04643
1532	-0.10305
1533	-0.01029
1534	0.0811
1535	-0.0148
1536	0.09163
1537	0.03892
1538	-0.08223
1539	0.02883
1540	0.00892
1541	0.05042
1542	0.02473
1543	0.08413
1544	0.01471
1545	0.0704
1546	0.01496
1547	-0.01556
1548	0.08159
1549	0.04843
1550	0.16325
1551	0.18584
1552	0.09296
1553	-0.04432
1554	-0.04683
1555	0.12594
1556	0.09183
1557	0.0259
1558	-0.36678
1559	-0.1274
1560	-0.02351
1561	-0.14416
1562	0.01331
1563	0.11911
1564	0.1227
1565	-0.10094
1566	0.03716
1567	0.00578
1568	0.07721
1569	-0.01919
1570	0.06427
1571	0.00219
1572	-0.12516
1573	0.11553
1574	-0.00066
1575	-0.04648
1576	0.04578
1577	0.03094
1578	0.03805
1579	-0.1073
1580	0.07208
1581	-0.05837
1582	0.01706
1583	-0.04887
1584	0.0002
1585	0.01111
1586	0.12615
1587	0.0457
1588	0.00109
1589	0.06293
1590	-0.04186
1591	0.02943
1592	-0.12653
1593	0.00309
1594	0.04469
1595	0.05263
1596	0.01576
1597	0.03892
1598	-0.02033
1599	-0.0024
1600	0.04836
1601	-0.05039
1602	0.02084
1603	0.04383
1604	-0.01571
1605	0.00291
1606	0.00889
1607	0.03766
1608	0.02192
1609	0.07149
1610	0.00731
1611	0.06878
1612	0.01018
1613	0.11551
1614	-0.04618
1615	-0.00346
1616	0.02426
1617	-0.0528
1618	-0.01775
1619	-0.07846
1620	0.17591
1621	-0.05589
1622	0.00948
1623	0.07233
1624	0.12798
1625	0.14509
1626	-0.11068
1627	-0.02568
1628	-0.06628
1629	-0.00383
1630	0.14194
1631	0.00645
1632	-0.03694
1633	0.06191
1634	0.06583
1635	-0.10901
1636	0.03918
1637	-0.02694
1638	-0.08089
1639	0.08798
1640	0.08006
1641	-0.24142
1642	0.07477
1643	0.11311
1644	0.05827
1645	-0.09585
1646	0.01985
1647	0.0198
1648	-0.02316
1649	0.0139
1650	0.01744
1651	0.07024
1652	0.1541
1653	0.07775
1654	0.10417
1655	0.15123
1656	-0.05365
1657	-0.03191
1658	-0.02088
1659	0.05553
1660	-0.00058
1661	0.04264
1662	-0.04085
1663	-0.0516
1664	-0.00187
1665	-0.0102
1666	-0.06608
1667	0.13333
1668	0.05282
1669	0.02713
1670	0.02967
1671	0.03406
1672	0.11517
1673	0.05772
1674	0.12572
1675	-0.04734
1676	0.05994
1677	0.0858
1678	0.02829
1679	-0.01778
1680	-0.12809
1681	0.04363
1682	-0.03469
1683	-0.04068
1684	0.01713
1685	0.01876
1686	0.12934
1687	-0.02246
1688	0.11041
1689	-0.04813
1690	0.00464
1691	-0.03687
1692	0.00078
1693	0.01314
1694	0.06891
1695	0.05791
1696	0.02051
1697	-0.07895
1698	-0.02982
1699	-0.14078
1700	-0.15461
1701	0.07916
1702	0.067
1703	0.0558
1704	0.09131
1705	0.01375
1706	-0.03966
1707	0.14179
1708	0.10548
1709	0.12206
1710	-0.03262
1711	0.05524
1712	0.0847
1713	-0.0875
1714	0.01857
1715	-0.01834
1716	0.06395
1717	0.01467
1718	-0.04551
1719	0.03753
1720	-0.0785
1721	0.05817
1722	-0.01637
1723	-0.09775
1724	0.0131
1725	0.01693
1726	0.02657
1727	-0.01103
1728	0.00909
1729	0.03328
1730	-0.00891
1731	-0.19903
1732	-0.05627
1733	-0.02269
1734	0.10528
1735	-0.31321
1736	-0.03935
1737	0.18956
1738	0.00218
1739	0.01635
1740	-0.13685
1741	-0.47182
1742	-0.05382
1743	0.057
1744	-0.07214
1745	0.14821
1746	0.10741
1747	0.03001
1748	0.01952
1749	0.04302
1750	0.0279
1751	0.01382
1752	-0.02043
1753	0.02929
1754	-0.30741
1755	0.03401
1756	0.16642
1757	0.07021
1758	0.05139
1759	0.02719
1760	0.17698
1761	0.10587
1762	-0.04514
1763	-0.04364
1764	0.04035
1765	-0.05468
1766	-0.0101
1767	-0.00332
1768	0.13969
1769	-0.20769
1770	0.03848
1771	0.08101
1772	0.02826
1773	0.0277
1774	0.01003
1775	-0.1387
1776	-0.03906
1777	-0.02204
1778	-0.08794
1779	-0.01176
1780	0.07518
1781	0.07027
1782	-0.21172
1783	0.06584
1784	0.06367
1785	-0.06803
1786	0.17779
1787	-0.03056
1788	0.08721
1789	-0.03496
1790	-0.00498
1791	0.04057
1792	-0.04574
1793	-0.05537
1794	0.35391
1795	0.10027
1796	-0.36983
1797	-0.01987
1798	0.06183
1799	0.15165
1800	-0.04696
1801	0.02491
1802	-0.04298
1803	0.00378
1804	-0.05756
1805	-0.27534
1806	0.02384
1807	0.08348
1808	0.02463
1809	0.07605
1810	0.12183
1811	-0.11305
1812	-0.12781
1813	-0.01679
1814	0.01777
1815	-0.02312
1816	-0.28556
1817	0.06234
1818	0.0524
1819	0.02464
1820	-0.0121
1821	0.11037
1822	-0.24172
1823	-1.01466
1824	0.03823
1825	-0.04318
1826	-0.09032
1827	0.06235
1828	0.1658
1829	0.07594
1830	0.03723
1831	0.06189
1832	0.02178
1833	0.05304
1834	-0.10655
1835	-0.1965
1836	-0.08391
1837	0.10069
1838	0.05851
1839	-0.03847
1840	0.12952
1841	0.03662
1842	-0.08912
1843	0.05642
1844	0.11882
1845	-0.1057
1846	0.02879
1847	-0.02719
1848	0.0502
1849	0.00218
1850	0.0176
1851	-0.07824
1852	-0.03622
1853	0.01629
1854	0.03479
1855	0.07187
1856	0.1294
1857	0.05902
1858	-0.08624
1859	-0.00808
1860	-0.24681
1861	-0.04508
1862	0.09411
1863	0.08006
1864	-0.08215
1865	-0.02385
1866	-0.12361
1867	-0.10172
1868	-0.17313
1869	0.0816
1870	0.11448
1871	0.15992
1872	0.04358
1873	0
1874	0
1875	0
1876	0
1877	0
1878	0
1879	0
1880	0
1881	0
1882	0
1883	0
1884	0.07994
1885	0.03188
1886	0.03343
1887	-0.02236
1888	0.01102
1889	-0.0393
1890	-0.01799
1891	-0.04035
1892	-0.55879
1893	0
1894	0.04052
1895	-0.01831
1896	0.01154
1897	-0.03587
1898	0.00696
1899	0
1900	0
1901	0
1902	0
1903	0
1904	0
1905	0
1906	0
1907	0
1908	0
1909	0.1398
1910	0.11793
1911	0.12298
1912	0.05048
1913	-0.02787
1914	-0.31935
1915	-0.41084
1916	0.02706
1917	0.12822
1918	-0.03761
1919	-0.17489
1920	0.00742
1921	0.04166
1922	-0.10478
1923	0.01969
1924	0.04368
1925	0
1926	0
1927	0
1928	0
1929	0
1930	0
1931	0
1932	0
1933	0
1934	0
1935	0
1936	0
1937	0
1938	0.03846
1939	0.04879
1940	-0.03899
1941	-0.16001
1942	0.06366
1943	-0.11584
1944	0.01164
1945	-0.10342
1946	0.05698
1947	0.11574
1948	0.12701
1949	-0.08065
1950	-0.27513
1951	0
1952	0
1953	0
1954	0
1955	0
1956	0
1957	0
1958	0
1959	0
1960	0
1961	0
1962	0
1963	0
1964	0.13088
1965	0.11865
1966	-0.06181
1967	0.04267
1968	-0.04044
1969	0.06692
1970	-0.01652
1971	0.12523
1972	0.09178
1973	0.17161
1974	0.09492
1975	0.03105
1976	0
1978	-0.07664
1979	0
1980	-0.16996
1981	-0.28859
1982	-0.23093
1983	-0.05941
1984	-0.19004
1985	-0.18193
1986	-0.32096
1987	-0.10094
1988	-0.5378
1989	0
1991	-0.07604
1992	0
1993	-0.21534
1994	-0.29624
1995	-0.31081
1996	-0.07366
1997	-0.2227
1998	-0.73923
1999	-0.63007
2000	-0.17566
2001	-0.81122
2002	-0.08057
2004	0
2005	0
2006	0.02709
2007	-0.87067
2008	-0.8693
2009	-0.21003
2010	-0.03356
2011	0.16066
2012	0.15056
2013	0.02871
2014	-0.05011
2015	0
2017	0
2018	0
2019	0.00839
2020	-0.96831
2021	-1.03581
2022	-0.22333
2023	-0.03913
2024	0.17637
2025	0.12803
2026	0.06077
2027	-0.05467
2028	0
2029	-0.06353
2030	-0.16004
2031	-0.09536
2032	0.03888
2033	0.0724
2034	0.02957
2035	-0.04959
2036	-0.04808
2037	0.00172
2038	0.09623
2039	0.04595
2040	0.01914
2041	-0.08404
2042	0.00158
2043	-0.11557
2044	0.23893
2045	0.03144
2046	0.14858
2047	0.14373
2048	-0.31408
2049	0.05467
2050	-0.00506
2051	0.11579
2052	0.07554
2053	0.01455
2054	0.10219
2055	0.11294
2056	0.11364
2057	0.0199
2058	0.0514
2059	-0.09666
2060	-0.07269
2061	0.00651
2062	0.10193
2063	0.10221
2064	0.04982
2065	0.01932
2066	-0.28718
2067	0.04715
2068	-0.04618
2069	-0.05302
2070	-0.01993
2071	-0.06776
2072	0.08978
2073	-0.02684
2074	0.03492
2075	-0.00747
2076	-0.42479
2077	0.21778
2078	-0.13819
2079	-0.0182
2080	0
2081	-0.15962
2082	0.1015
2083	0.03723
2084	-0.04028
2085	-0.03513
2086	-0.14394
2087	0.03722
2088	-0.00448
2089	0.00017
2090	0.01187
2091	-0.00673
2092	-0.09436
2093	-0.0127
2094	0.12162
2095	0.01731
2096	0.05438
2097	-0.00936
2098	0.02721
2099	0.01082
2100	0.12934
2101	0.05544
2102	-0.07506
2103	0.0454
2104	-0.01916
2105	0.26758
2106	0.02815
2107	0.0019
2108	-0.02927
2109	0.14283
2110	0.01458
2111	-0.0308
2112	0.06537
2113	0.06646
2114	0.04814
2115	-0.03121
2116	0.07931
2117	0.04238
2118	-0.0788
2119	-0.03609
2120	-0.06815
2121	0.0481
2122	0.1167
2123	0.14565
2124	0.00144
2125	0.02076
2126	0.08798
2127	0.01953
2128	-0.11913
2129	0.04014
2130	0.11736
2131	-0.08137
2132	0.01411
2133	-0.02953
2134	-0.1061
2135	-0.04416
2136	-0.12241
2137	-0.05218
2138	-0.01463
2139	-0.07064
2140	-0.02135
2141	0.02587
2142	-0.02402
2143	0.1057
2144	-0.07198
2145	0.03901
2146	-0.13812
2147	-0.05949
2148	-0.0669
2149	-0.02465
2150	-0.04916
2151	0.02257
2152	0.16404
2153	0.01212
2154	-0.01103
2155	-0.06265
2156	0.01581
2157	-0.1902
2158	-0.05458
2159	0.14568
2160	0.17442
2161	-0.017
2162	-0.12703
2163	0.07845
2164	0.11883
2165	-0.01772
2166	-0.15257
2167	0.06412
2168	-0.03236
2169	0.00857
2170	0.03891
2171	-0.0038
2172	0.16541
2173	-0.25932
2174	0.06226
2175	0.00733
2176	-0.06527
2177	-0.07549
2178	0.07297
2179	0.04354
2180	0.02263
2181	-0.00981
2182	0.04412
2183	0.06659
2184	0.20602
2185	-0.01565
2186	-0.07177
2187	0.00738
2188	-0.06158
2189	0.04035
2190	0.01421
2191	0.0161
2192	-0.01857
2193	-0.01744
2194	-0.06895
2195	0.02663
2196	0.01984
2197	0.02706
2198	0.04219
2199	0.13744
2200	-0.01071
2201	-0.09632
2202	-0.00197
2203	-0.00605
2204	0.12967
2205	-0.0012
2206	0.11503
2207	-0.11335
2208	-0.08165
2209	0.01154
2210	0.02965
2211	0.18605
2212	-0.05101
2213	0.00332
2214	-0.11799
2215	0.04352
2216	-0.00559
2217	0.02461
2218	-0.0454
2219	0.05768
2220	-0.16499
2221	0.00677
2222	-0.07456
2223	0.10436
2224	0.05734
2225	0.0237
2226	-0.00341
2227	0.04163
2228	0.05475
2229	-0.26083
2230	0.13526
2231	0.12224
2232	0.01412
2233	-0.05697
2234	0.08648
2235	-0.06442
2236	0.02509
2237	0.10081
2238	-0.056
2239	0.01389
2240	-0.06034
2241	0.08712
2242	-0.08015
2243	0.03357
2244	-0.07211
2245	0.01457
2246	-0.02871
2247	-0.06991
2248	-0.04826
2249	-0.05881
2250	-0.0017
2251	0.07334
2252	-0.0521
2253	0.09857
2254	0.01432
2255	0.08859
2256	0.10681
2257	-0.02691
2258	0.00242
2259	-0.22848
2260	-0.00256
2261	0.02465
2262	0.04992
2263	-0.03478
2264	0.06323
2265	-0.00362
2266	0.01455
2267	0.03602
2268	-0.33284
2269	-0.00675
2270	-0.00747
2271	0.04396
2272	0.16361
2273	0.04647
2274	0.00572
2275	0.02473
2276	-0.05224
2277	-0.02169
2278	0.03232
2279	-0.09522
2280	-0.00401
2281	0.15589
2282	0.04975
2283	0.04443
2284	-0.03491
2285	0.04899
2286	0.06884
2287	0.04976
2288	0.0325
2289	0.00981
2290	-0.03134
2291	-0.09196
2292	-0.00206
2293	-0.03413
2294	0.00675
2295	-0.03675
2296	0.07202
2297	0.05147
2298	-0.05951
2299	-0.04528
2300	-0.01322
2301	0.14693
2302	-0.06454
2303	-0.01798
2304	0.12663
2305	-0.08363
2306	-0.12479
2307	-0.06842
2308	0.18168
2309	0.04684
2310	0.09579
2311	-0.00155
2312	0.06836
2313	0.06462
2314	0.03382
2315	-0.12826
2316	-0.01726
2317	0.01841
2318	0.04572
2319	0.16813
2320	-0.10397
2321	-0.1604
2322	-0.01194
2323	-0.05828
2324	-0.0836
2325	-0.15673
2326	-0.26367
2327	-0.15907
2328	-0.1408
2329	-0.03078
2330	0.0478
2331	-0.49213
2332	0.00459
2333	0.04337
2334	0.12822
2335	0.10166
2336	-0.12601
2337	-0.05555
2338	-0.16814
2339	0.11112
2340	0.03588
2341	0.1218
2342	-0.08462
2343	-0.07738
2344	-0.00666
2345	-0.05688
2346	-0.14474
2347	-0.07253
2348	-0.1214
2349	-0.11046
2350	0.00816
2351	-0.02793
2352	-0.10508
2353	-0.04369
2354	0.01065
2355	0.02215
2356	-0.01617
2357	0.06143
2358	0.13448
2359	-0.02657
2360	0.05994
2361	0.02621
2362	-0.00879
2363	-0.00823
2364	0.03655
2365	0.12532
2366	-0.05544
2367	0.13587
2368	0.0032
2369	0.01586
2370	0.23202
2371	-0.23115
2372	0.07336
2373	-0.10722
2374	-0.07494
2375	0.05066
2376	-0.02798
2377	-0.03032
2378	0.08723
2379	-0.05542
2380	0.02088
2381	0.07248
2382	-0.03852
2383	0.13705
2384	0.0744
2385	-0.08164
2386	-0.04382
2387	-0.07994
2388	-0.03826
2389	-0.1087
2390	0.01962
2391	0.00783
2392	-0.05842
2393	0.15644
2394	0.06943
2395	0.02307
2396	-0.05405
2397	0.06198
2398	0.0646
2399	0.0289
2400	-0.02211
2401	0.06542
2402	-0.12257
2403	0.07344
2404	0.00677
2405	-0.04545
2406	0.10201
2407	0.02612
2408	0.08034
2409	0.17512
2410	-0.03576
2411	-0.16119
2412	-0.14373
2413	0.07125
2414	0.06012
2415	0.00604
2416	0.00546
2417	0.12598
2418	0.10572
2419	0.05114
2420	-0.00849
2421	0.04243
2422	-0.14579
2423	0.46349
2424	-0.01106
2425	-0.0045
2426	0.0512
2427	-0.02543
2428	-0.00568
2429	-0.00151
2430	-0.11097
2431	0.03475
2432	-0.0037
2433	0.00832
2434	0.21635
2435	0.10152
2436	-0.03988
2437	0.07114
2438	-0.04007
2439	0.0505
2440	-0.02538
2441	-0.04786
2442	-0.02546
2443	0.02535
2444	0.02282
2445	-0.05292
2446	-0.01016
2447	0.00379
2448	-0.04098
2449	-0.05448
2450	-0.07783
2451	-0.07708
2452	-0.56515
2453	-0.00498
2454	0.01232
2455	0.012
2456	-0.13848
2457	0.00782
2458	0.12737
2459	-0.11903
2460	0.01054
2461	0.09504
2462	0.03748
2463	0.01965
2464	0.03425
2465	-0.02856
2466	0.01536
2467	0.1022
2468	0.09592
2469	-0.02647
2470	0.02745
2471	0.1693
2472	-0.14212
2473	0.15157
2474	0.01576
2475	0.10678
2476	-0.07027
2477	0.03554
2478	0.04381
2479	-0.00443
2480	0.02874
2481	0.03034
2482	0.03972
2483	0.02556
2484	0.08641
2485	0.04591
2486	0.02667
2487	-0.02827
2488	0.04449
2489	0.02136
2490	0.16057
2491	-0.00119
2492	0.0032
2493	0.01796
2494	0.05487
2495	0.04964
2496	0.1115
2497	0.01205
2498	-0.10772
2499	-0.05441
2500	0.07612
2501	-0.21718
2502	-0.03168
2503	-0.03651
2504	-0.0773
2505	0.13048
2506	0.17911
2507	0.06066
2508	-0.03101
2509	-0.05162
2510	0.12073
2511	-0.03609
2512	-0.43184
2513	0.01248
2514	0.10105
2515	-0.01404
2516	0.04304
2517	-1.17142
2518	-0.00896
2519	0.04478
2520	0.0305
2521	0.00821
2522	0.00912
2523	0.10043
2524	-0.04425
2525	-0.02997
2526	-0.19031
2527	-0.0553
2528	0.04018
2529	-0.02222
2530	0.02147
2531	0.05782
2532	-0.05827
2533	0.01261
2534	0.04713
2535	-0.08784
2536	0.0803
2537	-0.01413
2538	0.05414
2539	0.07385
2540	-0.07742
2541	0
2542	0.12941
2543	0.0782
2544	0.11996
2545	-0.0539
2546	0.11792
2547	0.02532
2548	0.02588
2549	0
2550	0
2551	0
2552	0
2553	0
2554	0
2555	0
2556	0
2557	0
2558	0
2559	0.12288
2560	0.03168
2561	0.07844
2562	0
2563	0
2564	0
2565	0
2566	0
2567	0
2568	0
2569	0
2570	0
2571	0
2572	0
2573	0.01957
2574	0.04731
2575	0
2576	0
2577	0.08076
2578	0
2579	0
2580	0
2581	0
2582	0
2583	0
2584	0.12971
2585	0.0211
2586	0.05624
2587	-0.01702
2588	0
2589	0
2590	0
2591	0
2592	0
2593	0
2594	0
2595	0
2596	0
2597	0
2598	0
2599	0.00194
2600	-0.07015
2601	0
2602	0
2603	0
2604	0
2605	0
2606	0
2607	0
2608	-0.0228
2609	0
2610	0
2611	-0.02052
2612	-0.06448
2613	0
2614	0.03581
2615	-0.00385
2616	0.1301
2617	-0.07687
2618	0
2619	-0.11595
2620	0.03396
2621	0.00423
2622	0.05587
2623	0.02213
2624	-0.07962
2625	-0.00052
2626	0
2627	0
2628	0
2629	0
2630	-0.03246
2631	0
2632	0
2633	-0.00266
2634	-0.028
2635	0
2636	0
2637	0.03707
2638	0.04988
2639	0
2640	0.06819
2641	0.09998
2642	0.02873
2643	-0.04259
2644	0.08024
2645	0.02633
2646	0.0179
2647	0.01929
2648	0.10193
2649	0.10495
2650	-0.00891
2651	0.01316
2652	0
2654	-0.09177
2655	0
2656	-0.21911
2657	-0.32032
2658	-0.3212
2659	-0.0703
2660	-0.20266
2661	-0.54354
2662	-0.60385
2663	-0.1261
2664	-0.65804
2665	0
2667	-0.06373
2668	0
2669	-0.16307
2670	-0.28457
2671	-0.2388
2672	-0.06867
2673	-0.21028
2674	-0.39004
2675	-0.3113
2676	-0.12581
2677	-0.81426
2678	0
2680	0
2681	0
2682	0.00805
2683	-0.95468
2684	-0.94424
2685	-0.41411
2686	-0.04727
2687	0.15165
2688	0.15039
2689	-0.06312
2690	-0.05571
2691	0
2693	0
2694	0
2695	0.01766
2696	-0.77735
2697	-0.81844
2698	-0.07266
2699	-0.01821
2700	0
2701	0
2702	0
2703	-0.06147
2704	0
2705	-0.03545
2706	-0.08016
2707	0.03888
2708	0.03714
2709	0.04113
2710	0.09725
2711	-0.1331
2712	0.12399
2713	0.06563
2714	0.001
2715	-0.06529
2716	0.01774
2717	0.03099
2718	0.11061
2719	-0.21048
2720	0.01688
2721	0.21566
2722	0.03708
2723	0.09542
2724	0.0499
2725	0.07664
2726	0.00406
2727	0.04393
2728	-0.03735
2729	-0.11961
2730	0.05009
2731	0.02901
2732	-0.02033
2733	-0.11649
2734	0.04309
2735	0.00438
2736	-0.0557
2737	0.12303
2738	0.05746
2739	0.06557
2740	0.06061
2741	0.1826
2742	0.20467
2743	0.01548
2744	-0.05247
2745	-0.02003
2746	0.02065
2747	0.00861
2748	0.1259
2749	0.13251
2750	-0.12443
2751	-0.03053
2752	0.11795
2753	-0.06117
2754	0.0059
2755	0.01512
2756	-0.04512
2757	0.04343
2758	0.00757
2759	0.00229
2760	0.10953
2761	0.00291
2762	0.11601
2763	-0.01766
2764	0.05323
2765	-0.12451
2766	0.14007
2767	-0.15968
2768	0.02606
2769	-0.16293
2770	0.02892
2771	0.03314
2772	-0.06013
2773	-0.00683
2774	0.0254
2775	0.00589
2776	0.03608
2777	0.03101
2778	-0.02095
2779	0.02496
2780	-0.01003
2781	0.00854
2782	-0.00951
2783	-0.01975
2784	-0.07578
2785	0.06164
2786	0.03714
2787	-0.10135
2788	-0.03134
2789	0.06556
2790	0.04116
2791	-0.06669
2792	0.02188
2793	0.03817
2794	0.06787
2795	-0.01846
2796	0.16605
2797	0.01308
2798	0.26461
2799	0.053
2800	0.01923
2801	-0.00205
2802	-0.01504
2803	-0.09514
2804	0.06062
2805	0.01811
2806	0.00545
2807	0.05224
2808	0.0822
2809	0.00534
2810	-0.08354
2811	0.08208
2812	0.04785
2813	0.05175
2814	-0.1716
2815	-0.03666
2816	0.07399
2817	-0.02758
2818	0.07153
2819	-0.01262
2820	0.04118
2821	0.05971
2822	0.04375
2823	-0.04849
2824	0.2312
2825	-0.04199
2826	-0.00964
2827	0.05064
2828	0.19326
2829	-0.00399
2830	0.16173
2831	-0.05496
2832	0.02988
2833	0.0159
2834	-0.05532
2835	-0.03937
2836	0.00424
2837	-0.12001
2838	-0.00959
2839	-0.03214
2840	0.12038
2841	0.21938
2842	0.02644
2843	0.01538
2844	0.08399
2845	0.22025
2846	0.19199
2847	-0.005
2848	-0.05458
2849	-0.31392
2850	0.0689
2851	0.03535
2852	0.01212
2853	0.00451
2854	0.00604
2855	-0.0446
2856	-0.0547
2857	0.05492
2858	-0.02413
2859	0.02048
2860	0.01206
2861	-0.14962
2862	-0.10378
2863	-0.09279
2864	-0.10614
2865	-0.27612
2866	0.00827
2867	-0.10668
2868	-0.09041
2869	-0.08012
2870	-0.02726
2871	-0.14155
2872	-0.00819
2873	0.0491
2874	-0.07635
2875	0.02467
2876	0.02193
2877	0.07444
2878	-0.02122
2879	-0.01491
2880	-0.11168
2881	0.09413
2882	0.00745
2883	-0.05247
2884	-0.12647
2885	0.08581
2886	0.07994
2887	0.05076
2888	0.08317
2889	0.11085
2890	-0.03897
2891	-0.06232
2892	-0.10657
2893	-0.20587
2894	0.15512
2895	0.01358
2896	0.03857
2897	-0.16483
2898	0.17375
2899	0.10807
2900	0.1599
2901	0.02185
2902	-0.03018
2903	0.09104
2904	0.09284
2905	-0.03098
2906	-0.2271
2907	0.06342
2908	0.03495
2909	0.01274
2910	-0.24712
2911	0.04723
2912	0.08334
2913	-0.1482
2914	-0.08581
2915	0.04182
2916	0.15471
2917	0.06553
2918	-0.07624
2919	0.0497
2920	0.07972
2921	0.0086
2922	0.00735
2923	0.01114
2924	0.05823
2925	-0.10666
2926	-0.00048
2927	-0.24103
2928	0.07987
2929	-0.04434
2930	0.10917
2931	0.0418
2932	0.19048
2933	0.07487
2934	-0.05931
2935	-0.13635
2936	0.01092
2937	0.01408
2938	0.06916
2939	0.13875
2940	0.19441
2941	0.02344
2942	-0.0956
2943	0.02839
2944	-0.20811
2945	-0.0159
2946	0.08528
2947	0.0135
2948	-0.16789
2949	-0.00499
2950	-0.05772
2951	-0.06547
2952	-0.03305
2953	0.01521
2954	0.06185
2955	-0.1144
2956	-0.03536
2957	0.00488
2958	-0.02304
2959	0.05987
2960	0.02454
2961	-0.0359
2962	-0.02943
2963	0.02879
2964	-0.18766
2965	0.14564
2966	0.00484
2967	-0.01591
2968	0.01635
2969	-0.09211
2970	0.01006
2971	0.06418
2972	0.04729
2973	-0.1499
2974	-0.07094
2975	-0.04518
2976	-0.17437
2977	0.02943
2978	-0.15957
2979	0.01572
2980	-0.30664
2981	-0.0976
2982	0.12944
2983	-0.01059
2984	0.01388
2985	-0.06868
2986	0.14593
2987	-0.09233
2988	0.03453
2989	-0.0757
2990	-0.02204
2991	-0.16142
2992	0.06471
2993	0.01221
2994	0.01578
2995	0.07066
2996	-0.13203
2997	0.06895
2998	0.00295
2999	-0.14563
3000	-0.08464
3001	-0.09869
3002	0.07851
3003	0.04451
3004	0.14182
3005	0.05971
3006	-0.00497
3007	0.0436
3008	-0.40776
3009	-0.08787
3010	0.12201
3011	0.04907
3012	0.12905
3013	0.06897
3014	-0.02265
3015	-0.01532
3016	-0.02653
3017	0.04661
3018	-0.16751
3019	0.11706
3020	0.02022
3021	-0.00546
3022	-0.00115
3023	0.05806
3024	0.09319
3025	-0.02407
3026	0.00936
3027	0.04002
3028	0.04188
3029	0.0337
3030	-0.00447
3031	0.02286
3032	-0.21351
3033	-0.0009
3034	0.01612
3035	0.00847
3036	-0.16556
3037	0.01499
3038	0.02629
3039	0.17072
3040	0.06801
3041	0.07389
3042	-0.03072
3043	0.00196
3044	-0.01751
3045	-0.02183
3046	0.09979
3047	0.16797
3048	-0.03811
3049	-0.12282
3050	-0.05547
3051	-0.08655
3052	-0.07252
3053	-0.09719
3054	0.01922
3055	0.12022
3056	-0.1804
3057	-0.0044
3058	0.03424
3059	0.00532
3060	0.14482
3061	-0.08377
3062	0.02609
3063	0.18942
3064	0.02058
3065	0.04528
3066	0.00048
3067	-0.09823
3068	0.03603
3069	0.07107
3070	-0.0725
3071	0.0326
3072	0.00728
3073	-0.00218
3074	-0.10497
3075	-0.09604
3076	-0.02908
3077	0.0702
3078	0.18595
3079	-0.1071
3080	-0.03786
3081	0.01436
3082	-0.01153
3083	0.06662
3084	-0.10807
3085	0.05439
3086	0.08241
3087	-0.93797
3088	-0.02705
3089	0.29099
3090	-0.04762
3091	0.07091
3092	-0.0758
3093	-0.16959
3094	0.02135
3095	0.01256
3096	-0.02982
3097	0.21426
3098	0.1254
3099	-0.03011
3100	0.0441
3101	-0.00876
3102	0.06979
3103	0.01637
3104	0.03664
3105	0.10624
3106	-0.16951
3107	0.17287
3108	0.18026
3109	0.18239
3110	0.1297
3111	0.04205
3112	0.11227
3113	0.02024
3114	-0.03166
3115	-0.02625
3116	-0.04334
3117	-0.01644
3118	-0.12876
3119	-0.11119
3120	0.29592
3121	-0.74548
3122	-0.04298
3123	-0.09771
3124	-0.03326
3125	-0.01668
3126	0.05213
3127	-0.08604
3128	0.02102
3129	-0.0638
3130	-0.0779
3131	-0.07681
3132	-0.21261
3133	0.05773
3134	-0.1472
3135	-0.14811
3136	0.14225
3137	0.01929
3138	0.05713
3139	0.11472
3140	0.19394
3141	-0.13611
3142	0.0554
3143	0.07215
3144	0.00514
3145	-0.0263
3146	0.08298
3147	0.05104
3148	-0.07089
3149	0.05745
3150	-0.08602
3151	0.08624
3152	-0.08774
3153	-0.01142
3154	0.00918
3155	-0.0711
3156	-0.2149
3157	0.00907
3158	-0.00988
3159	0.13417
3160	0.02197
3161	0.00886
3162	0.21238
3163	-1.03674
3164	-0.08184
3165	0.04727
3166	0.14813
3167	-0.05996
3168	-0.17983
3169	0.12006
3170	0.07349
3171	0.02143
3172	0.26447
3173	0
3174	-0.29001
3175	0.01156
3176	0.03579
3177	0.06494
3178	-0.01072
3179	-0.14564
3180	-0.0197
3181	0.07234
3182	-0.05145
3183	0.04785
3184	0.02424
3185	-0.0825
3186	0.02118
3187	-0.06974
3188	-0.08677
3189	-0.0659
3190	-0.12139
3191	-0.01612
3192	-0.0222
3193	0.21155
3194	-0.05221
3195	-0.10262
3196	0.03807
3197	-0.03096
3198	-0.01939
3199	0.08648
3200	-0.02465
3201	0.03006
3202	-0.02876
3203	0.09518
3204	-0.01756
3205	0.01237
3206	-0.05119
3207	-0.00227
3208	-0.04543
3209	-0.13708
3210	-0.03651
3211	-0.01308
3212	-0.13131
3213	0.20573
3214	0.01643
3215	-0.06831
3216	-0.05202
3217	-0.06063
3218	-0.08317
3219	-0.14983
3220	-0.16743
3221	-0.01351
3222	0.01544
3223	0.06931
3224	-0.07386
3225	0
3226	0
3227	0
3228	0
3229	0
3230	0
3231	0
3232	0
3233	0
3234	0
3235	-0.00365
3236	0.0846
3237	0.00996
3238	-0.0143
3239	0.15001
3240	-0.02241
3241	-0.03766
3242	0.11027
3243	-0.20116
3244	0.07535
3245	-0.01371
3246	0.03634
3247	-0.0161
3248	-0.04039
3249	0.1182
3250	-0.08025
3251	0
3252	0
3253	0
3254	0
3255	0
3256	0
3257	0
3258	0
3259	0
3260	0
3261	0
3262	0.01396
3263	0.02313
3264	0.12817
3265	-0.0071
3266	-0.7441
3267	-0.22506
3268	0.00341
3269	0.07752
3270	-0.00066
3271	-0.48385
3272	0.0125
3273	0.07205
3274	0.05269
3275	-0.04587
3276	-0.06261
3277	0
3278	0
3279	0
3280	0
3281	0
3282	0
3283	0
3284	0
3285	0
3286	0
3287	0
3288	0
3289	0
3290	0.0489
3291	-0.00107
3292	0.00668
3293	-0.12098
3294	-0.08827
3295	0.06962
3296	-0.05233
3297	-0.09459
3298	-0.04342
3299	-0.00599
3300	0.25601
3301	-0.0499
3302	0.23486
3303	0
3304	0
3305	0
3306	0
3307	0
3308	0
3309	0
3310	0
3311	0
3312	0
3313	0
3314	0
3315	0
3316	0.04437
3317	0.08601
3318	0.0735
3319	-0.04521
3320	-0.08683
3321	-0.00099
3322	0.0337
3323	0.02647
3324	0.22451
3325	0.10775
3326	-0.02506
3327	0.10903
3328	0.0295
3330	-0.01175
3331	-0.03627
3332	0
3333	-0.28093
3334	-0.20532
3335	0.01243
3336	0
3337	0.05328
3338	0.02475
3339	-0.17197
3340	0
3341	0
3343	0.08548
3344	0
3345	0
3346	-0.2909
3347	-0.22479
3348	0.0305
3349	0
3350	0.00694
3351	-0.00008
3352	-0.13286
3353	0
3354	0
3356	0
3357	0
3358	0
3359	0
3360	0
3361	-0.06994
3362	-0.23743
3363	-0.92526
3364	-0.52511
3365	-0.05063
3366	0.00259
3367	-0.13633
3369	0
3370	0
3371	-0.01882
3372	0
3373	0
3374	-0.03702
3375	-0.24058
3376	-0.4757
3377	-0.79074
3378	0
3379	-0.01228
3380	0
3381	-0.10247
3382	-0.18767
3383	0.05657
3384	-0.05919
3385	-0.02531
3386	0.06876
3387	-0.16927
3388	0.02682
3389	0.00937
3390	0.06821
3391	-0.01871
3392	0.00749
3393	-0.07049
3394	0.02323
3395	0.10012
3396	0.02737
3397	0.09081
3398	0.17937
3399	0.24582
3400	-0.03078
3401	0.05367
3402	-0.07431
3403	0.03727
3404	0.08911
3405	0.04046
3406	0
3407	0.18593
3408	0.01515
3409	-0.03536
3410	-0.03419
3411	0.02072
3412	0.05
3413	-0.19713
3414	0.0091
3415	0.00828
3416	-0.2621
3417	0.04194
3418	0.00189
3419	0.04198
3420	-0.03631
3421	-0.06258
3422	0.03125
3423	-0.00352
3424	0.12224
3425	-0.05914
3426	0.05015
3427	-0.01375
3428	0.08897
3429	0.30908
3430	-0.08724
3431	-0.02734
3432	0
3433	0.01718
3434	0.08122
3435	-0.01656
3436	-0.03636
3437	0.05038
3438	-0.26761
3439	-0.21274
3440	0.00054
3441	0.19437
3442	0.05059
3443	-0.01958
3444	-0.09196
3445	-0.08558
3446	0.09086
3447	-0.03875
3448	-0.00694
3449	-0.01571
3450	0.11521
3451	0.01188
3452	-0.19292
3453	-0.0494
3454	0.02728
3455	0.10015
3456	0.09999
3457	0.19144
3458	-0.08147
3459	-0.08887
3460	0.00021
3461	-0.07218
3462	0.13393
3463	-0.03833
3464	0.12893
3465	-0.0048
3466	0.0121
3467	0.02246
3468	0.01133
3469	-0.39044
3470	0.00619
3471	-0.04179
3472	-0.12888
3473	-0.1263
3474	-0.13371
3475	0.05456
3476	0.00357
3477	-0.06614
3478	-0.07423
3479	0.0799
3480	-0.08037
3481	0.01753
3482	0.00155
3483	0.04511
3484	-0.04773
3485	-0.03916
3486	-0.15311
3487	-0.05297
3488	-0.13057
3489	-0.03323
3490	-0.0155
3491	-0.09309
3492	-0.05899
3493	0.00394
3494	0.02444
3495	0.07768
3496	-0.11273
3497	-0.0411
3498	-0.14462
3499	-0.05799
3500	0.03758
3501	0.03594
3502	-0.02055
3503	-0.01476
3504	0.03194
3505	0.00081
3506	0.02177
3507	-0.03651
3508	-0.03408
3509	-0.0463
3510	-0.05423
3511	0.14202
3512	-0.00298
3513	-0.02134
3514	-0.23051
3515	0.04313
3516	0.00353
3517	-0.04996
3518	0.48951
3519	-0.09125
3520	-0.10144
3521	-0.07767
3522	0.00189
3523	0.06265
3524	0.00565
3525	-0.23554
3526	0.18775
3527	-0.04646
3528	0.01948
3529	0.00682
3530	-0.01853
3531	0.01446
3532	-0.04576
3533	-0.01502
3534	-0.03186
3535	-0.01577
3536	0.00006
3537	-0.14158
3538	-0.14241
3539	0.06926
3540	-0.08337
3541	0.08746
3542	-0.06227
3543	0.09234
3544	-0.0192
3545	-0.1055
3546	-0.10189
3547	-0.04314
3548	-0.06364
3549	-0.00733
3550	0.00354
3551	-0.0149
3552	0.04085
3553	0.01194
3554	-0.04026
3555	-0.00854
3556	-0.01918
3557	0.02251
3558	-0.07601
3559	-0.0043
3560	0.00472
3561	0.05765
3562	-0.0027
3563	0.05825
3564	-0.18853
3565	0.00839
3566	-0.13043
3567	0.01382
3568	0.03818
3569	-0.03546
3570	0.10705
3571	0.01477
3572	0.02227
3573	-0.04277
3574	-0.11231
3575	-0.07893
3576	-0.0576
3577	-0.12612
3578	-0.03151
3579	0.0032
3580	0.07754
3581	-0.07487
3582	0.15367
3583	0.10823
3584	-0.12527
3585	-0.04073
3586	-0.01947
3587	-0.00619
3588	-0.03035
3589	-0.03111
3590	0.07956
3591	-0.05927
3592	-0.09011
3593	0.06209
3594	-0.04683
3595	0.07033
3596	-0.07859
3597	-0.19812
3598	-0.14048
3599	-0.06954
3600	-0.00772
3601	-0.06346
3602	0.00243
3603	-0.0361
3604	-0.02353
3605	-0.02761
3606	0.01752
3607	-0.02417
3608	-0.00155
3609	0.00213
3610	0.09991
3611	0.08195
3612	-0.06571
3613	-0.04469
3614	0.05172
3615	-0.06506
3616	0.09672
3617	-0.11073
3618	0.01884
3619	-0.07474
3620	-0.12925
3621	-0.1233
3622	0.13526
3623	0
3624	0.06525
3625	-0.03898
3626	-0.01623
3627	0.02175
3628	0.00579
3629	-0.20676
3630	0.07608
3631	0.04634
3632	0.05379
3633	0.06565
3634	-0.10782
3635	0.02414
3636	-0.17027
3637	0.06306
3638	0.02998
3639	0.00136
3640	-0.35921
3641	0.00571
3642	-0.18272
3643	-0.04098
3644	-0.04827
3645	-0.02883
3646	-0.01852
3647	-0.01898
3648	-0.03064
3649	0.04325
3650	-0.08876
3651	-0.05345
3652	-0.00716
3653	0.1085
3654	0.08039
3655	0.03233
3656	-0.04878
3657	-0.11442
3658	-0.00318
3659	0.02017
3660	0
3661	0.04768
3662	-0.01777
3663	-0.04102
3664	-0.00239
3665	0.09466
3666	0.01811
3667	-0.13232
3668	-0.03424
3669	0.01663
3670	0.0317
3671	0.12183
3672	-0.05755
3673	-0.14009
3674	0.0798
3675	0.12959
3676	-0.23545
3677	-0.05768
3678	0.07095
3679	-0.03035
3680	-0.21945
3681	0.01843
3682	-0.08364
3683	-0.06381
3684	0.10865
3685	0.09657
3686	0.0756
3687	0.0266
3688	-0.18049
3689	-0.02486
3690	-0.0475
3691	0.0355
3692	-0.00007
3693	-0.08066
3694	0.04292
3695	-0.02715
3696	-0.01487
3697	0.02812
3698	-0.09196
3699	-0.02258
3700	0.00013
3701	-0.04764
3702	0.02351
3703	-0.03425
3704	-0.07101
3705	-0.04913
3706	0.06808
3707	-0.06379
3708	0.01513
3709	0.00605
3710	-0.00895
3711	-0.06554
3712	-0.05023
3713	-0.153
3714	0.01664
3715	-0.01837
3716	0.02666
3717	0.16284
3718	0.03472
3719	-0.02401
3720	0.00507
3721	-0.0409
3722	0.08597
3723	0.10301
3724	-0.08519
3725	0.05637
3726	-0.01164
3727	0.01568
3728	0.0394
3729	-0.05308
3730	0.00983
3731	0.00946
3732	-0.08423
3733	0.13765
3734	-0.19455
3735	0.03015
3736	0.02084
3737	-0.0243
3738	-0.03624
3739	-0.05806
3740	-0.04496
3741	-0.19108
3742	-0.0803
3743	0.05994
3744	-0.01779
3745	-0.00939
3746	-0.74344
3747	0.1103
3748	-0.07977
3749	0.08446
3750	0.05478
3751	0.1373
3752	0.00485
3753	-0.01413
3754	-0.11534
3755	-0.03214
3756	-0.10938
3757	-0.00716
3758	-0.05591
3759	-0.02741
3760	-0.01684
3761	0.04408
3762	0.05304
3763	-0.03675
3764	-0.02369
3765	-0.03638
3766	0.00987
3767	-0.02351
3768	-0.0169
3769	-0.13609
3770	-0.01486
3771	-0.32085
3772	0.0046
3773	-0.0309
3774	0.03078
3775	0.08784
3776	0.03477
3777	-0.00231
3778	-0.11606
3779	0.0027
3780	0.02016
3781	-0.04075
3782	0.04198
3783	0.03822
3784	0.0446
3785	-0.00407
3786	0.00397
3787	0.0365
3788	0.02803
3789	0.08973
3790	0.01486
3791	0.30835
3792	-0.0745
3793	-0.03378
3794	-0.08462
3795	-0.09822
3796	-0.01262
3797	0.04129
3798	-0.00774
3799	0.01552
3800	-0.03304
3801	0.06253
3802	-0.06554
3803	0.02299
3804	-0.06894
3805	-0.05933
3806	0.02315
3807	0.02831
3808	-0.11024
3809	-0.00096
3810	-0.07621
3811	-0.06254
3812	-0.14146
3813	0.01143
3814	0.00911
3815	0.00768
3816	-0.04403
3817	0.03723
3818	0.03334
3819	-0.01329
3820	-0.17499
3821	-0.01271
3822	-0.03586
3823	0.19231
3824	0.13504
3825	0.12597
3826	0.03982
3827	0.14709
3828	-0.08349
3829	-0.14571
3830	-0.0857
3831	0.16461
3832	0.06149
3833	-0.0732
3834	0.01922
3835	0.01087
3836	0.01805
3837	-0.03044
3838	0.06059
3839	-0.03722
3840	0.09971
3841	-0.02985
3842	0.11006
3843	0.00346
3844	0.03131
3845	-0.09242
3846	0.0147
3847	-0.02931
3848	-0.05806
3849	-0.07383
3850	-0.19347
3851	-0.0837
3852	0.02288
3853	-0.02054
3854	0.00523
3855	0.0087
3856	0.01895
3857	-0.00071
3858	0.02807
3859	0.07057
3860	0.13835
3861	0.02423
3862	-0.10363
3863	-0.17562
3864	-0.65859
3865	0.05606
3866	0.04434
3867	0.02493
3868	-0.00112
3869	-0.00436
3870	0.07504
3871	0.02826
3872	-0.02399
3873	-0.07427
3874	0.01409
3875	-0.04564
3876	-0.10844
3877	-0.02978
3878	-0.04431
3879	0.07038
3880	-0.06607
3881	0.02825
3882	-0.07154
3883	-0.04196
3884	-0.10353
3885	0.02127
3886	0.01936
3887	-0.00089
3888	-0.11627
3889	0
3890	-0.05154
3891	0.00408
3892	0.03497
3893	-0.04006
3894	-0.00247
3895	0.03454
3896	0.08288
3897	-0.07597
3898	0.00849
3899	0.01879
3900	-0.1052
3901	0
3902	0
3903	0
3904	0
3905	0
3906	0
3907	0
3908	0
3909	0
3910	0
3911	0
3912	0.20494
3913	0.03062
3914	0
3915	0
3916	0
3917	0.0978
3918	0
3919	0
3920	0
3921	0.21558
3922	0.14892
3923	0.09865
3924	0.06167
3925	0.08351
3926	0.019
3927	0
3928	0
3929	0
3930	0
3931	0
3932	0
3933	0
3934	0
3935	0
3936	0
3937	-0.01945
3938	-0.09458
3939	0.06074
3940	0
3941	0
3942	0
3943	0
3944	0
3945	0
3946	0
3947	0
3948	0
3949	0
3950	0.0051
3951	-0.02004
3952	-0.12352
3953	0
3954	0
3955	0
3956	0
3957	0
3958	0
3959	0
3960	0
3961	0
3962	0
3963	0
3964	-0.00462
3965	0
3966	0
3967	0.0602
3968	0.10474
3969	0.03541
3970	0.02664
3971	0.04132
3972	0.04394
3973	0.03464
3974	-0.05976
3975	-0.11791
3976	0.04998
3977	0.04389
3978	0
3979	0
3980	0
3981	0.01728
3982	-0.03189
3983	0.14385
3984	0.11584
3985	0.14559
3986	0.16967
3987	0.0408
3988	0.13603
3989	0.06209
3990	0.0686
3991	0
3992	0.0624
3993	0.16068
3994	0.00906
3995	-0.07373
3996	-0.00198
3997	-0.08079
3998	-0.03638
3999	0.0694
4000	0.02733
4001	0.14469
4002	-0.00591
4003	0.02801
4004	0
4006	-0.03554
4007	-0.1829
4008	0
4009	-0.33247
4010	-0.25082
4011	0.01583
4012	0
4013	0.02464
4014	0.00524
4015	-0.19909
4016	0
4017	0
4019	-0.03956
4020	-0.10925
4021	0
4022	-0.33935
4023	-0.29959
4024	0.03055
4025	0
4026	0.04798
4027	0.06712
4028	-0.1541
4029	0
4030	0
4032	0
4033	0
4034	0
4035	0
4036	0
4037	0
4038	-0.23805
4039	-0.48876
4040	-0.95058
4041	-0.14636
4042	0.00846
4043	-0.15852
4045	0
4046	0
4047	0
4048	0
4049	0.03934
4050	0
4051	-0.23086
4052	-0.77258
4053	-0.88355
4054	-0.00813
4055	-0.02468
4056	0
4057	-0.0338
4058	0.00048
4059	0.07205
4060	0.01161
4061	0.06555
4062	0.10253
4063	0.10477
4064	0.07047
4065	0.06324
4066	-0.02296
4067	-0.02231
4068	-0.06185
4069	-0.08157
4070	0.02804
4071	0.07085
4072	-0.0363
4073	0.00991
4074	0.03419
4075	-0.02624
4076	-0.00254
4077	0.00128
4078	0.01726
4079	-0.18705
4080	-0.13429
4081	-0.00003
4082	-0.00648
4083	0.02382
4084	-0.00609
4085	-0.03963
4086	0.01656
4087	-0.10315
4088	-0.05957
4089	0.04798
4090	-0.0019
4091	0.15542
4092	-0.02564
4093	0.11168
4094	0.10838
4095	0.02045
4096	0.04759
4097	0.02087
4098	-0.03237
4099	-0.04949
4100	0.02278
4101	-0.04698
4102	-0.04882
4103	-0.08159
4104	0.01723
4105	-0.11238
4106	-0.01505
4107	-0.00278
4108	-0.05464
4109	-0.03058
4110	-0.17806
4111	-0.0177
4112	0.0071
4113	-0.0638
4114	0.03594
4115	0.00473
4116	-0.005
4117	-0.12195
4118	0.18071
4119	-0.09066
4120	0.00988
4121	-0.11616
4122	0.09551
4123	-0.09417
4124	-0.02451
4125	0.00791
4126	-0.02222
4127	0.19113
4128	-0.09543
4129	0.04774
4130	0.05839
4131	-0.02385
4132	-0.02009
4133	0.00037
4134	-0.14094
4135	-0.02142
4136	-0.1177
4137	0.04303
4138	-0.13107
4139	-0.07406
4140	-0.03335
4141	0.0518
4142	-0.03447
4143	-0.11717
4144	0.04985
4145	-0.04406
4146	-0.08478
4147	-0.08781
4148	0.05215
4149	-0.03681
4150	-0.00506
4151	0.14405
4152	-0.04874
4153	-0.06924
4154	0.00452
4155	-0.83836
4156	0.03365
4157	-0.00179
4158	-0.0633
4159	-0.00299
4160	0.02824
4161	0.08418
4162	-0.00822
4163	-0.00567
4164	0.06988
4165	0.0943
4166	0.06008
4167	-0.11714
4168	0.03358
4169	-0.00514
4170	0.04621
4171	-0.2915
4172	-0.00861
4173	0.00575
4174	0.02803
4175	-0.09287
4176	-0.02749
4177	0.05818
4178	-0.00762
4179	0.00478
4180	0.0562
4181	0.07117
4182	-0.10177
4183	-0.06161
4184	0.01457
4185	-0.05204
4186	0.03459
4187	0.07085
4188	0.00192
4189	-0.08941
4190	0.01664
4191	-0.00445
4192	0.08232
4193	0.15497
4194	-0.04665
4195	0.03666
4196	0.07379
4197	-0.05772
4198	0.00358
4199	0.27289
4200	-0.04932
4201	-0.4971
4202	0.14477
4203	-0.02401
4204	-0.02499
4205	0.05577
4206	-0.07168
4207	-0.06193
4208	-0.1768
4209	-0.00739
4210	-0.03952
4211	-0.05597
4212	-0.08786
4213	-0.03111
4214	-0.05432
4215	-0.08223
4216	0.05938
4217	0.00091
4218	0.00594
4219	-0.03879
4220	0.08693
4221	-0.02701
4222	-0.12664
4223	-0.16312
4224	-0.06425
4225	0.0481
4226	0.01379
4227	-0.04509
4228	-0.00177
4229	0.04789
4230	-0.07234
4231	0.04226
4232	-0.0827
4233	0.05141
4234	0.01548
4235	0.29994
4236	-0.23584
4237	0.1225
4238	0.1585
4239	0.06484
4240	-0.05304
4241	0.0408
4242	0.02047
4243	0.04612
4244	0.10075
4245	-0.01133
4246	-0.01556
4247	-0.00878
4248	-0.02632
4249	-0.04087
4250	0.07771
4251	0.07273
4252	0.06714
4253	0.01247
4254	0.02639
4255	0.03701
4256	0.04903
4257	-0.01159
4258	0.00935
4259	0.07729
4260	0.00115
4261	0.08508
4262	-0.6446
4263	0.01924
4264	-0.09134
4265	-0.01516
4266	0.03204
4267	0.0572
4268	0.03145
4269	-0.07579
4270	0.08183
4271	0.13169
4272	0.17084
4273	0.06096
4274	0.01363
4275	0.03609
4276	0.10187
4277	-0.05915
4278	0.08242
4279	0.01174
4280	0.1068
4281	-0.07027
4282	0.02357
4283	-0.03973
4284	0.01443
4285	0.13722
4286	-0.10329
4287	-0.02708
4288	-0.00164
4289	-0.00826
4290	0.01296
4291	0.01356
4292	0.07054
4293	0.05464
4294	0.03558
4295	-0.02853
4296	-0.20838
4297	-0.09805
4298	-0.05718
4299	0.10284
4300	0.20638
4301	-0.05442
4302	-0.07025
4303	0.01005
4304	0.06893
4305	0.05871
4306	-0.14695
4307	0.04709
4308	0.01172
4309	-0.10294
4310	-0.0103
4311	-0.07304
4312	0.003
4313	-0.02758
4314	-0.00035
4315	0.03381
4316	-0.17784
4317	0.22138
4318	0.06591
4319	0.11193
4320	0.05238
4321	0.09147
4322	0.09248
4323	0.02086
4324	-0.05918
4325	-0.0706
4326	-0.01636
4327	0.04412
4328	-0.00698
4329	-0.0235
4330	-0.04665
4331	-0.07838
4332	-0.21347
4333	-0.09118
4334	0.03592
4335	0.01462
4336	-0.0333
4337	-0.09648
4338	0.05538
4339	-0.01003
4340	-0.01192
4341	0.05752
4342	0.14561
4343	0.0407
4344	0.00976
4345	0.06774
4346	0.04706
4347	0.08199
4348	-0.04423
4349	0.01963
4350	0.05167
4351	-0.06533
4352	-0.21294
4353	-0.03072
4354	0.13138
4355	0.05436
4356	0.01943
4357	-0.02678
4358	-0.16931
4359	0.02898
4360	-0.27884
4361	0.00763
4362	0.03981
4363	0.0406
4364	-0.03465
4365	0.00906
4366	-0.02765
4367	-0.02374
4368	-0.21297
4369	0.05932
4370	-0.13684
4371	-0.04501
4372	0.00409
4373	0.05076
4374	0.00913
4375	0.00885
4376	-0.00968
4377	-0.1142
4378	0.03583
4379	0.0943
4380	-0.01608
4381	0.03654
4382	0.03249
4383	0.00884
4384	-0.12054
4385	-0.01121
4386	-0.05479
4387	0.05649
4388	-0.08012
4389	0.04025
4390	-0.541
4391	0.22544
4392	-0.03593
4393	-0.46121
4394	0.01334
4395	0.05339
4396	0.0353
4397	-0.08903
4398	-0.02932
4399	-0.01069
4400	0.00689
4401	0.02534
4402	-0.02327
4403	-0.00503
4404	-0.10452
4405	-0.0206
4406	0.09811
4407	0.14562
4408	-0.18438
4409	-0.09155
4410	-0.06877
4411	-0.04272
4412	0.05388
4413	-0.02554
4414	0.00277
4415	0.02759
4416	-0.07861
4417	0.06424
4418	0.00385
4419	0.02056
4420	0.01435
4421	-0.00406
4422	-0.06142
4423	0.12128
4424	0.0465
4425	-0.00457
4426	-0.08389
4427	-0.08666
4428	-0.16537
4429	0.0129
4430	0.08757
4431	-0.05623
4432	0.00071
4433	0.01154
4434	-0.04137
4435	-0.12604
4436	-0.03567
4437	0.10066
4438	-0.00052
4439	-0.85977
4440	-0.04079
4441	0.16502
4442	0.02818
4443	0.16937
4444	-0.15972
4445	-0.06926
4446	0.03549
4447	0.02866
4448	-0.22676
4449	-0.08384
4450	0.05958
4451	-0.0758
4452	0.12666
4453	-0.02487
4454	-0.01454
4455	0.06188
4456	-0.03316
4457	0.12137
4458	-0.13715
4459	0.00101
4460	0.06434
4461	-0.03441
4462	-0.01529
4463	-0.00852
4464	0.16869
4465	0.01329
4466	-0.01916
4467	0.01272
4468	-0.02856
4469	0.03314
4470	-0.0297
4471	-0.06901
4472	0.0283
4473	-0.01458
4474	0.01863
4475	-0.01428
4476	-0.05738
4477	-0.05162
4478	0.04091
4479	0.0166
4480	0.00476
4481	0.00201
4482	-0.21108
4483	0.06607
4484	-0.18161
4485	-0.03663
4486	-0.03609
4487	0.03575
4488	-0.3125
4489	0.09398
4490	-0.06649
4491	0.06332
4492	-0.04846
4493	-0.08255
4494	0.01366
4495	0.01205
4496	0.02374
4497	0.01224
4498	-0.0086
4499	0.05473
4500	-0.11871
4501	0.28176
4502	-0.00528
4503	0.06194
4504	0.02585
4505	-0.11781
4506	-0.04547
4507	-0.03107
4508	-0.10077
4509	-0.01831
4510	-0.07322
4511	-0.04318
4512	-0.00319
4513	0.03454
4514	0.0865
4515	-0.17283
4516	0.0126
4517	0.08927
4518	0.15574
4519	-0.19767
4520	-0.23061
4521	0.0095
4522	-0.20993
4523	0.05253
4524	0.15083
4525	-0.043
4526	0.03922
4527	0.03095
4528	0.05329
4529	-0.05743
4530	-0.39913
4531	0.04147
4532	-0.00756
4533	0.15333
4534	-0.01029
4535	-0.00116
4536	-0.11636
4537	-0.02394
4538	-0.08526
4539	-0.242
4540	-0.09255
4541	0.01784
4542	-0.14212
4543	-0.1949
4544	-0.44034
4545	0.01152
4546	-0.31107
4547	-0.05174
4548	0.22229
4549	-0.11752
4550	0.055
4551	0.01566
4552	0.00093
4553	-0.06165
4554	-0.07178
4555	-0.03656
4556	-0.09001
4557	-0.07479
4558	-0.00284
4559	-0.1052
4560	-0.0462
4561	-0.05826
4562	-0.22762
4563	-0.04653
4564	-0.03485
4565	-0.11126
4566	-0.08686
4567	0.06209
4568	-0.09641
4569	-0.08652
4570	-0.0242
4571	-0.01985
4572	-0.21505
4573	0.01946
4574	0.00207
4575	0.00083
4576	0.04566
4577	0
4578	0.10053
4579	0.1472
4580	0.07966
4581	0.11967
4582	0.09498
4583	0.0341
4584	0.0386
4585	0
4586	0.17636
4587	0.04624
4588	-0.01995
4589	-0.06175
4590	-0.17454
4591	0.03929
4592	0.00427
4593	-0.0411
4594	0.08768
4595	-0.02748
4596	0.10981
4597	-0.06684
4598	-0.02122
4599	-0.00421
4600	-0.13761
4601	0.04963
4602	-0.23815
4603	0
4604	0
4605	0
4606	-0.06515
4607	-0.01259
4608	-0.03172
4609	-0.04152
4610	-0.14874
4611	-0.09695
4612	-0.25518
4613	-0.32854
4614	-0.29478
4615	0.0202
4616	0.05538
4617	-0.01094
4618	0.00477
4619	-0.08971
4620	0.03337
4621	0.01915
4622	-0.01811
4623	-0.04826
4624	0.0441
4625	0.08855
4626	0.01014
4627	0.0006
4628	-0.0818
4629	0
4630	0
4631	0
4632	0
4633	0
4634	0
4635	0
4636	0
4637	0
4638	0
4639	0
4640	0
4641	0
4642	-0.02012
4643	0.06854
4644	0.18277
4645	0.25085
4646	-0.00907
4647	0.04111
4648	0.0023
4649	0.03074
4650	-0.0543
4651	0.04149
4652	0.03745
4653	-0.4107
4654	0
4655	0
4656	0
4657	0
4658	0
4659	0
4660	0
4661	0
4662	0
4663	0.04026
4664	0
4665	0
4666	0
4667	0
4668	-0.01173
4669	-0.20253
4670	-0.04407
4671	-0.17323
4672	-0.01383
4673	-0.07937
4674	0.2747
4675	-0.00177
4676	0.00145
4677	0.0972
4678	-0.10639
4679	-0.00421
4680	-0.0408
4682	-0.08323
4683	-0.21546
4684	-0.028
4685	0
4686	0
4687	0.00665
4688	-0.6508
4689	-0.17564
4690	-0.14848
4691	-0.05121
4692	0.12836
4693	-0.02163
4695	-0.12255
4696	-0.66662
4697	0
4698	0
4699	0
4700	0.00513
4701	-0.86034
4702	-0.19171
4703	-0.1585
4704	-0.06365
4705	0.19577
4706	-0.02294
4708	-0.04152
4709	-0.08465
4710	0
4711	-0.15539
4712	-0.12162
4713	-0.28002
4714	-0.08385
4715	-0.21432
4716	-0.2089
4717	-0.43
4718	-0.15357
4719	-0.54807
4721	-0.02899
4722	-0.07785
4723	0
4724	-0.13541
4725	-0.08332
4726	-0.24343
4727	-0.07457
4728	-0.21851
4729	-0.20927
4730	-0.44844
4731	-0.06269
4732	-0.20331
4733	0.03022
4734	-0.18708
4735	0.09223
4736	-0.05771
4737	-0.02171
4738	0.16499
4739	0.06561
4740	0.01455
4741	0.06471
4742	-0.08593
4743	-0.22099
4744	0.20606
4745	-0.03203
4746	-0.06756
4747	-0.01411
4748	0.16926
4749	0.02855
4750	-0.04217
4751	0.03637
4752	-0.01433
4753	-0.03663
4754	0.01479
4755	-0.00184
4756	0.06935
4757	-0.13507
4758	0
4759	-0.0148
4760	0.09343
4761	-0.09151
4762	0.03461
4763	0.01268
4764	0.04443
4765	-0.12703
4766	0.08061
4767	-0.01446
4768	0.1162
4769	0.00997
4770	0.18333
4771	0.18448
4772	-0.01252
4773	0.08347
4774	0.04333
4775	0.04015
4776	0.21968
4777	0.00187
4778	0.01931
4779	-0.04767
4780	0.02916
4781	-0.00265
4782	-0.0602
4783	0.11509
4784	-0.02759
4785	0.00213
4786	0.15384
4787	-0.02479
4788	0.02604
4789	0.00901
4790	0.01793
4791	-0.10576
4792	0.00805
4793	0.04711
4794	0.01979
4795	0.02819
4796	-0.07918
4797	-0.02054
4798	0.07024
4799	0.06219
4800	0.10339
4801	0.04381
4802	0.22671
4803	0.06319
4804	0.02161
4805	0.02122
4806	0.09381
4807	0.13347
4808	0.0075
4809	0.22033
4810	0.00716
4811	0.0333
4812	0.03434
4813	0.12596
4814	0.20861
4815	0.03817
4816	0.16728
4817	0.01759
4818	-0.10497
4819	-0.05799
4820	0.08236
4821	-0.24393
4822	-0.04771
4823	-0.03977
4824	-0.16991
4825	0.04629
4826	0.0121
4827	0.03971
4828	0.0119
4829	-0.01665
4830	0.00685
4831	0.12408
4832	0.07371
4833	0.04171
4834	-0.03526
4835	-0.00941
4836	-0.07556
4837	0.26941
4838	-0.17063
4839	-0.14975
4840	-0.08124
4841	-0.07636
4842	-0.00949
4843	-0.01553
4844	-0.04909
4845	0.03751
4846	0.07242
4847	-0.04502
4848	-0.03967
4849	0.07921
4850	-0.07997
4851	0.05816
4852	-0.02567
4853	0.02572
4854	-0.0109
4855	-0.03839
4856	-0.0986
4857	0.00099
4858	0.03214
4859	-0.0106
4860	-0.00906
4861	0.08362
4862	-0.21
4863	-0.01071
4864	-0.08434
4865	0.00749
4866	0.08562
4867	0.0383
4868	-0.01311
4869	0.05918
4870	0.53233
4871	0.00278
4872	0.07674
4873	0.01772
4874	0.01509
4875	0.03597
4876	-0.05247
4877	-0.08304
4878	0.1525
4879	0.02245
4880	-0.09344
4881	-0.05894
4882	-0.0023
4883	0.07052
4884	0.00587
4885	0.09905
4886	0.12981
4887	0.00796
4888	0.18779
4889	-0.03887
4890	-0.14428
4891	0.11188
4892	0.06816
4893	0.10753
4894	0.041
4895	0.14123
4896	0.06449
4897	0.02792
4898	-0.00034
4899	0.11797
4900	-0.0004
4901	-0.08369
4902	-0.03322
4903	0.0532
4904	-0.20937
4905	0.01501
4906	-0.0097
4907	0.05861
4908	0.06886
4909	0.02369
4910	0.0136
4911	-0.13554
4912	0.16868
4913	0.06226
4914	-0.02498
4915	-0.07906
4916	-0.05377
4917	0.07092
4918	-0.09516
4919	0.14747
4920	-0.0647
4921	-0.02811
4922	-0.07043
4923	-0.01418
4924	-0.04534
4925	0.04017
4926	-0.11749
4927	0.0535
4928	-0.05886
4929	-0.01231
4930	-0.02982
4931	-0.00686
4932	0.13151
4933	-0.15924
4934	0.16124
4935	0.14314
4936	0.07992
4937	-0.12301
4938	-0.02914
4939	0.125
4940	-0.03188
4941	-0.02019
4942	0.12418
4943	0.05601
4944	0.01403
4945	0.10959
4946	-0.13247
4947	0.1533
4948	0.04606
4949	-0.02193
4950	0.01893
4951	-0.0412
4952	-0.01677
4953	0.03128
4954	0.04078
4955	-0.18828
4956	-0.04771
4957	0.00243
4958	0.03923
4959	-0.11245
4960	0.08707
4961	-0.04302
4962	-0.05655
4963	-0.02003
4964	-0.01639
4965	-0.11176
4966	0.04975
4967	0.08732
4968	-0.01066
4969	-0.0836
4970	-0.0716
4971	0.05792
4972	-0.04077
4973	0.11714
4974	0.06227
4975	0.00944
4976	-0.06483
4977	-0.09967
4978	0.0803
4979	0.04276
4980	-0.05473
4981	0.01273
4982	-0.01477
4983	-0.00361
4984	-0.09035
4985	0.03432
4986	-0.04558
4987	-0.02765
4988	-0.05898
4989	0.10169
4990	0.04077
4991	-0.04407
4992	0.01304
4993	0.00527
4994	0.09283
4995	-0.07379
4996	0.07423
4997	-0.03189
4998	-0.07422
4999	0.06046
5000	0.00854
5001	0.1119
5002	-0.03836
5003	-0.19265
5004	0.04618
5005	0.04471
5006	0.09778
5007	-0.01195
5008	0.04589
5009	-0.05478
5010	0.02347
5011	-0.05997
5012	0.04
5013	-0.00106
5014	0.00705
5015	-0.19793
5016	0.00001
5017	0.01784
5018	0.02214
5019	-0.02004
5020	-0.0271
5021	0.01595
5022	0.03614
5023	0.15856
5024	0.04511
5025	0.00076
5026	-0.04867
5027	0.12327
5028	-0.0388
5029	0.04902
5030	0.1325
5031	-0.03598
5032	-0.16741
5033	-0.04724
5034	-0.00825
5035	-0.02177
5036	-0.26842
5037	0.0303
5038	0.05723
5039	-0.03852
5040	-0.2607
5041	-0.04947
5042	-0.03237
5043	0.07823
5044	-0.00938
5045	0.03579
5046	0.01689
5047	-0.04579
5048	0.04226
5049	-0.00682
5050	-0.11019
5051	0.03988
5052	0.05473
5053	-0.01592
5054	-0.0244
5055	0.04733
5056	0.00149
5057	0.07171
5058	0.02045
5059	0.01906
5060	0.00201
5061	0.05613
5062	-0.01288
5063	0.00861
5064	-0.01175
5065	-0.2004
5066	0.02
5067	0.00112
5068	0.01499
5069	0.12359
5070	0.06575
5071	0.09296
5072	0.07715
5073	-0.06132
5074	0.10071
5075	0.30326
5076	-0.02951
5077	0.10843
5078	0.05457
5079	-0.06265
5080	0.03619
5081	-0.02049
5082	-0.06702
5083	0.01778
5084	-0.18418
5085	0.10569
5086	-0.17825
5087	-0.00181
5088	-0.06413
5089	-0.02147
5090	-0.065
5091	-0.05972
5092	0.03437
5093	-0.14391
5094	-0.09042
5095	0.17662
5096	-0.02445
5097	-0.02536
5098	-0.86696
5099	0.03718
5100	-0.05565
5101	-0.05196
5102	-0.08066
5103	0.01774
5104	-0.03553
5105	0.03312
5106	-0.06893
5107	0.16391
5108	-0.13296
5109	0.02609
5110	-0.05562
5111	0.10573
5112	0.2076
5113	-0.00438
5114	0.0014
5115	-0.08703
5116	-0.00877
5117	0.19113
5118	0.02043
5119	-0.03802
5120	-0.00238
5121	-0.05892
5122	-0.02721
5123	0.05059
5124	-0.00689
5125	-0.01081
5126	-0.04645
5127	0.22226
5128	0.02462
5129	0.03618
5130	-0.10798
5131	-0.04499
5132	0.01964
5133	-0.24327
5134	0.02749
5135	0.03365
5136	0.05387
5137	-0.01899
5138	-0.08541
5139	-0.01213
5140	-0.00664
5141	0.08588
5142	-0.03539
5143	-0.02044
5144	-0.16637
5145	-0.00224
5146	0.00494
5147	0.14129
5148	0.00519
5149	0.02988
5150	0.13047
5151	0.00893
5152	-0.12569
5153	0.01044
5154	0.07741
5155	0.12434
5156	-0.00641
5157	-0.01072
5158	0.05479
5159	0.07852
5160	-0.02537
5161	0.07263
5162	-0.07054
5163	-0.00739
5164	-0.14846
5165	-0.04575
5166	0.08126
5167	0.01888
5168	-0.04512
5169	0.05328
5170	-0.00442
5171	-0.02544
5172	-0.18608
5173	0.03277
5174	0.02174
5175	0.09145
5176	0.09553
5177	0.04206
5178	-0.10173
5179	0.12327
5180	-0.02196
5181	0.03234
5182	-0.01354
5183	0.12577
5184	0.02809
5185	0.0328
5186	0.04446
5187	-0.05242
5188	0.07904
5189	0.04401
5190	0.03395
5191	-0.16145
5192	0.14437
5193	-0.03116
5194	0.19272
5195	0.03579
5196	-0.00538
5197	-0.09998
5198	-0.0239
5199	0.0063
5200	-0.02163
5201	-0.06831
5202	0.0016
5203	-0.02511
5204	-0.00959
5205	-0.01661
5206	-0.06283
5207	0.10515
5208	0.08048
5209	0.07745
5210	-0.04887
5211	0.06425
5212	-0.06991
5213	0.04334
5214	-0.06653
5215	-0.13913
5216	0.00145
5217	-0.10272
5218	-0.06489
5219	-0.43781
5220	0.06383
5221	-0.07076
5222	0.02453
5223	0.05007
5224	-0.29447
5225	-0.04813
5226	-0.01515
5227	-0.04336
5228	-0.21833
5229	-0.1222
5230	-0.0752
5231	0.10392
5232	-0.03718
5233	0.02898
5234	0.07399
5235	-0.07902
5236	0.0861
5237	-0.02089
5238	-0.044
5239	-0.12231
5240	-0.04318
5241	0.03222
5242	-0.01592
5243	0.02748
5244	-0.0424
5245	-0.31546
5246	-0.03529
5247	-0.02977
5248	-0.18101
5249	0.03222
5250	-0.02078
5251	-0.03987
5252	0.04273
5253	0
5254	0
5255	0
5256	0
5257	0
5258	0
5259	0
5260	0
5261	0
5262	0
5263	0.13429
5264	0.09453
5265	0.01107
5266	0
5267	0
5268	0
5269	0
5270	0
5271	0
5272	0
5273	0
5274	0
5275	0.11985
5276	0.10084
5277	0.09797
5278	-0.16796
5279	0
5280	0
5281	0
5282	0.07407
5283	0
5284	0.08056
5285	0
5286	0
5287	0
5288	-0.0299
5289	-0.09042
5290	-0.30304
5291	-0.05406
5292	0
5293	0
5294	0
5295	0
5296	0
5297	0
5298	0
5299	0
5300	0
5301	0
5302	0.13155
5303	0.05438
5304	-0.02629
5305	0
5306	0
5307	0
5308	0
5309	0
5310	0
5311	0
5312	0
5313	0
5314	0
5315	0
5316	0.03066
5317	0
5318	0.09367
5319	0.06831
5320	-0.0159
5321	-0.01801
5322	-0.10722
5323	0.02844
5324	-0.00355
5325	-0.04162
5326	-0.0302
5327	0.09617
5328	0.0356
5329	-0.03972
5330	0
5331	0
5332	-0.11632
5333	-0.14042
5334	-0.07139
5335	-0.21177
5336	-0.18483
5337	-0.10156
5338	0.02682
5339	-0.51629
5340	-0.51009
5341	-0.56604
5342	-0.57217
5343	0
5344	0.01374
5345	-0.01503
5346	0.03088
5347	-0.04383
5348	0.0023
5349	-0.02049
5350	-0.04045
5351	0.07153
5352	0.06507
5353	0.01673
5354	0.02714
5355	0.05453
5356	0
5358	-0.06606
5359	-0.63905
5360	0
5361	0
5362	0
5363	0.0159
5364	-0.90154
5365	-0.27735
5366	-0.14198
5367	-0.05942
5368	0.18285
5369	0
5371	-0.10782
5372	-0.50423
5373	0
5374	0
5375	0
5376	0.00546
5377	-0.89192
5378	-0.22193
5379	-0.19908
5380	-0.04376
5381	0.15332
5382	-0.00326
5384	0.00577
5385	-0.07678
5386	0
5387	-0.13108
5388	-0.18301
5389	-0.24667
5390	-0.07575
5391	-0.19245
5392	-0.19723
5393	-0.22159
5394	-0.18881
5395	-0.39221
5397	-0.0349
5398	-0.07247
5399	0
5400	-0.10393
5401	-0.043
5402	-0.21216
5403	-0.0749
5404	-0.18137
5405	-0.17923
5406	0
5407	-0.05564
5408	-0.29303
