1	-0.21056
2	-0.0219
3	-0.00248
4	-0.00186
5	0.0036
6	0.02355
7	0.11647
8	0.11437
9	0.03363
10	-0.05768
11	0.01063
12	-0.02305
13	0.00243
14	0.02611
15	-0.05055
16	0.05739
17	-0.00694
18	0.01834
19	-0.04959
20	-0.05311
21	-0.04169
22	-0.01274
23	-0.03061
24	-0.06643
25	0.01739
26	0.00343
27	-0.01296
28	-0.01854
29	-0.03822
30	-0.00699
31	-0.03566
32	-0.05769
33	0.17087
34	0.0657
35	0.09454
36	-0.00133
37	-0.02181
38	-0.04347
39	0.13885
40	-0.01605
41	0.06526
42	-0.01771
43	-0.04187
44	0.09356
45	0.00615
46	0.09361
47	-0.01756
48	-0.26861
49	-0.02108
50	0.0147
51	0.00078
52	-0.22568
53	0.0869
54	-0.0675
55	-0.01412
56	-0.07958
57	-0.03539
58	0.04076
59	-0.04842
60	0.01488
61	-0.02314
62	-0.01563
63	0.14983
64	-0.03449
65	-0.44722
66	0.02194
67	-0.04639
68	-0.03593
69	-0.02778
70	0.06315
71	-0.05941
72	-0.04654
73	-0.0693
74	-0.09168
75	-0.00863
76	0.02458
77	-0.07226
78	-0.00526
79	0.02917
80	-0.38922
81	-0.02505
82	-0.00045
83	-0.09931
84	-0.07876
85	0.02821
86	-0.08172
87	-0.01617
88	-0.10585
89	-0.00635
90	-0.16292
91	0.00509
92	0.01181
93	-0.04583
94	0.02537
95	-0.00498
96	-0.00926
97	-0.00812
98	-0.04997
99	0.07979
100	-0.05038
101	0.0142
102	-0.04536
103	-0.1082
104	-0.05472
105	0.06509
106	-0.13679
107	0.05204
108	0.07127
109	-0.0488
110	0.02587
111	0.07099
112	-0.04716
113	-0.03229
114	0.04115
115	0.00838
116	0.02047
117	0.03548
118	0.05661
119	-0.02837
120	0.01192
121	-0.11696
122	-0.07952
123	-0.03125
124	-0.0199
125	0.00683
126	0.0563
127	-0.00074
128	-0.06107
129	-0.02953
130	-0.0039
131	0.03262
132	0.01586
133	0.27983
134	-0.02865
135	0.01135
136	0.04225
137	0.15671
138	0.04725
139	0.06767
140	0.05439
141	0.00141
142	0.07303
143	0.03129
144	0.17131
145	0.12736
146	0.04517
147	0.01037
148	0.02207
149	-0.03595
150	0.00264
151	0.0085
152	-0.06553
153	0.03889
154	-0.04612
155	-0.03309
156	-0.05719
157	0.02512
158	0.06251
159	0.01357
160	0.00837
161	0.0556
162	-0.01233
163	-0.02535
164	-0.05972
165	-0.08035
166	-0.00738
167	0.0234
168	0.02964
169	-0.00605
170	-0.02623
171	0.02973
172	-0.04225
173	-0.01905
174	0.02167
175	-0.12318
176	-0.01174
177	0.05631
178	0.06523
179	0.00717
180	0.06143
181	-0.00599
182	-0.01224
183	0.02642
184	-0.04434
185	0.04631
186	-0.21124
187	0.00045
188	0.00007
189	-0.1198
190	0.04243
191	-0.01893
192	0.02107
193	0.03685
194	-0.02158
195	-0.09965
196	-0.07851
197	0.00044
198	-0.00482
199	0.12763
200	0.05872
201	-0.231
202	-0.164
203	0.02382
204	0.06583
205	-0.04317
206	-0.08219
207	0.21904
208	-0.00059
209	0.03985
210	-0.01092
211	0.0347
212	0.05762
213	0.00004
214	0.02945
215	0.1835
216	-0.04195
217	-0.04473
218	-0.03268
219	-0.01411
220	-0.01555
221	0.05908
222	-0.00027
223	0.06274
224	-0.02197
225	-0.10351
226	0.00748
227	-0.03137
228	-0.0554
229	-0.03694
230	-0.04585
231	-0.0091
232	-0.02426
233	0.01829
234	-0.03234
235	0.04079
236	-0.03374
237	0.05602
238	0.02338
239	-0.00053
240	-0.01795
241	0.0174
242	0.12314
243	0.02335
244	-0.01363
245	-0.03539
246	0.03165
247	-0.01371
248	0.00765
249	0.02284
250	-0.06195
251	-0.16455
252	0.0105
253	-0.11757
254	0.06906
255	0.07221
256	-0.03491
257	0.06159
258	0.08002
259	-0.04421
260	-0.05084
261	0.01836
262	0.02236
263	0.11948
264	-0.04132
265	0.03718
266	0.02136
267	-0.0107
268	-0.01082
269	-0.07786
270	-0.11668
271	-0.07815
272	-0.26684
273	0.0056
274	0.02405
275	-0.03242
276	-0.11435
277	0.0097
278	-0.01688
279	-0.01643
280	-0.01212
281	-0.03896
282	-0.05643
283	0.0899
284	0.02834
285	0.03084
286	-0.02419
287	0.05146
288	0.00392
289	-0.00115
290	0.03015
291	0.06986
292	-0.00167
293	-0.02153
294	-0.00651
295	-0.05801
296	0.09016
297	-0.03069
298	0.03151
299	-0.01851
300	-0.01978
301	-0.01452
302	-0.03074
303	-0.01075
304	-0.31277
305	0.01463
306	-0.05139
307	0.02932
308	-0.03194
309	-0.00086
310	0.29258
311	-0.00834
312	-0.0631
313	-0.01041
314	0.06795
315	0.0868
316	0.02988
317	-0.06384
318	0.06804
319	0.17417
320	-0.02012
321	0.00636
322	0.0659
323	0.07454
324	0.06842
325	0.01928
326	-0.04435
327	-0.01319
328	-0.00303
329	-0.01862
330	0.02612
331	-0.07203
332	-0.00752
333	0.10627
334	-0.09012
335	0.04365
336	-0.07205
337	-0.12385
338	0.02507
339	0.06008
340	0.11856
341	0.11043
342	0.15328
343	0.03518
344	-0.10201
345	0.02694
346	0.02409
347	-0.03478
348	0.022
349	-0.01475
350	0.0208
351	0.02927
352	0.03629
353	-0.02005
354	-0.03564
355	-0.08529
356	-0.01549
357	0.02703
358	-0.03001
359	-0.03126
360	0.00149
361	0.01782
362	-0.01199
363	-0.02312
364	0.0112
365	-0.00033
366	-0.0313
367	-0.07046
368	-0.0491
369	0.00815
370	0.05874
371	-0.03023
372	-0.02734
373	-0.01447
374	0.08499
375	0.01751
376	0.01984
377	-0.03465
378	-0.0077
379	-0.19476
380	0.07171
381	-0.04624
382	0.09946
383	-0.25685
384	0.03254
385	0.0089
386	0.07516
387	-0.0843
388	0.03645
389	0.03907
390	0.03577
391	0.00365
392	-0.03183
393	-0.01023
394	0.06753
395	-0.01172
396	0.00569
397	0.13609
398	0.0034
399	-0.02079
400	0.02488
401	0.04683
402	-0.01639
403	0.13327
404	0.16309
405	0.04453
406	-0.0177
407	0.0327
408	0.13066
409	-0.08058
410	-0.04954
411	0.00115
412	0.02141
413	-0.11514
414	-0.10669
415	-0.00915
416	-0.03161
417	0.05823
418	-0.01496
419	-0.0727
420	-0.13299
421	-0.02314
422	0.02735
423	-0.03899
424	-0.00039
425	-0.02456
426	-0.18808
427	-0.08727
428	0.12044
429	0.01157
430	-0.35964
431	-0.03742
432	0.03636
433	0.01196
434	-0.05213
435	-0.05148
436	0
437	0.7981
438	-0.05044
439	-0.06596
440	-0.00212
441	0.04664
442	0.12357
443	-0.01782
444	-0.00333
445	0.04809
446	0.05009
447	0.02007
448	0.00765
449	0.02366
450	-0.03952
451	-0.00894
452	-0.28108
453	-0.0964
454	-0.02311
455	0.10159
456	0.00561
457	0.00565
458	0.1991
459	-0.15763
460	-0.19077
461	0.23019
462	0.04037
463	-0.01536
464	-0.05582
465	0.13714
466	0.11412
467	-0.11048
468	-0.0179
469	-0.02946
470	0.0017
471	0.01635
472	0.00137
473	-0.01662
474	0.00689
475	0.01886
476	0.33275
477	-0.04898
478	-0.06237
479	-0.01782
480	-0.00833
481	-0.01112
482	-0.02764
483	-0.12345
484	0.03688
485	-0.00571
486	-0.08839
487	-0.03646
488	0
489	0
490	-0.01743
491	0.0712
492	0.01175
493	-0.09685
494	-0.05375
495	0.00747
496	0.03417
497	0.13739
498	-0.0148
499	-0.07593
500	-0.03894
501	-0.01266
502	-0.02441
503	-0.0525
504	0.07039
505	-0.42095
506	-0.08423
507	-0.00257
508	0.04569
509	-0.12316
510	0.06946
511	0.03681
512	-0.02342
513	-0.01883
514	0.05995
515	-0.05275
516	-0.13845
517	0.1923
518	-0.04589
519	0.05563
520	0.08866
521	0
522	0
523	0
524	0
525	0
526	0
527	0
528	0
529	0
530	0
531	0.4915
532	0.08371
533	-0.01229
534	0.0481
535	0.06801
536	-0.01756
537	0.06473
538	-0.00221
539	0.01401
540	-0.04014
541	0.1084
542	0.02067
543	0.0633
544	0.00296
545	0.06286
546	-0.0053
547	0
548	0
549	0
550	0
551	0
552	0
553	0
554	0.14303
555	0.0909
556	0
557	0.15519
558	-0.14377
559	0.04763
560	0.038
561	-0.00446
562	-0.02927
563	0.01063
564	0.02358
565	0.01135
566	-0.0401
567	0.14547
568	0.05734
569	-0.04357
570	-0.02227
571	-0.08639
572	-0.03934
573	0
574	0
575	0
576	0
577	0
578	0
579	0
580	0
581	0
582	0
583	0
584	0
585	0
586	0.01446
587	0.02514
588	0.07225
589	-0.03007
590	-0.13106
591	0.04161
592	-0.05902
593	-0.0369
594	-0.03615
595	0.04012
596	-0.05973
597	0.00295
598	0.12101
599	0
600	0
601	0
602	0
603	0
604	0
605	0
606	0
607	0
608	0
609	0
610	0.06422
611	0
612	0.03076
613	0.0911
614	-0.1226
615	-0.00428
616	0.01039
617	0.06203
618	0.10108
619	0.19219
620	0.07867
621	0.01581
622	0.02066
623	-0.00511
624	-0.15416
626	0
627	-0.16249
628	-0.09442
629	-0.23305
630	-0.10178
631	-0.09669
632	-0.8071
633	-0.05942
634	0.02625
635	0.06786
636	-0.0886
637	-0.1196
639	0
640	0
641	0
642	-0.19512
643	-0.1413
644	-0.10991
645	-0.96918
646	0.08095
647	0.06228
648	0.10297
649	-0.06292
650	-0.08482
652	-0.19246
653	0.1669
654	0.14473
655	0
656	0
657	0.00982
658	0.15379
659	-0.13582
660	-0.06363
661	0
662	-0.01057
663	-0.07239
665	0.04246
666	0.15929
667	0.01145
668	0.24807
669	0.05413
670	0.10928
671	0.15455
672	-0.12392
673	-0.15592
674	0
675	0
676	-0.13329
677	-0.23286
678	0.18546
679	-0.26705
680	-0.0342
681	-0.00923
682	0.12815
683	-0.00485
684	0.14758
685	0.01914
686	0.0267
687	-0.04007
688	-0.01285
689	0.05389
690	0.49843
691	-0.00381
692	0.19553
693	-0.05849
694	-0.02215
695	-0.21104
696	0.02143
697	-0.00118
698	-0.22926
699	-0.05001
700	-0.07347
701	0.01688
702	0.07499
703	0.04748
704	-0.00783
705	-0.16255
706	0.01355
707	0.01976
708	0.09444
709	-0.04363
710	0.00235
711	0.05816
712	0.02425
713	0.0069
714	0.01196
715	-0.06176
716	-0.0259
717	-0.04971
718	-0.04016
719	-0.0503
720	0
721	0.06401
722	-0.00636
723	0.0608
724	-0.05452
725	0.08948
726	-0.10026
727	-0.06648
728	0
729	-0.10427
730	-0.05532
731	0.0817
732	-0.15184
733	-0.06022
734	-0.15493
735	-0.0397
736	-0.47802
737	-0.02525
738	-0.04165
739	0.02799
740	0.00041
741	0.1055
742	-0.06591
743	0.05527
744	0.03567
745	-0.02984
746	0.10994
747	-0.01235
748	0.09196
749	0.02283
750	-0.0094
751	0.03571
752	0.02604
753	0.00625
754	0.02396
755	0.00088
756	-0.00758
757	0.08488
758	-0.07933
759	0.04474
760	-0.00969
761	0.05235
762	-0.02371
763	0.00385
764	0.05446
765	0.07036
766	-0.01654
767	-0.09068
768	0.09345
769	0.038
770	0.01747
771	-0.70341
772	-0.12644
773	0.02481
774	-0.04889
775	0.00339
776	0.0605
777	0.09464
778	-0.0475
779	-0.00857
780	0.00761
781	-0.01891
782	0.0124
783	-0.04407
784	-0.03198
785	-0.1539
786	0.06914
787	-0.06644
788	0.03712
789	0.04134
790	0.00332
791	0.05934
792	0.0433
793	-0.10633
794	-0.15374
795	0.01117
796	0.05084
797	0.00485
798	0.01597
799	-0.07734
800	0.1273
801	-0.09202
802	0.00369
803	-0.07465
804	-0.02884
805	-0.02805
806	0.038
807	-0.0021
808	-0.0371
809	-0.02095
810	0.03868
811	-0.02204
812	0.06477
813	0.00435
814	0.08471
815	-0.0145
816	-0.07403
817	-0.02243
818	-0.02803
819	0.04819
820	0.0137
821	0
822	0.03991
823	-0.04417
824	0.06344
825	0.01991
826	0.01763
827	-0.03169
828	-0.04232
829	-0.05693
830	0.09391
831	-0.03758
832	-0.08255
833	0.11926
834	-0.03041
835	-0.02298
836	0.00669
837	-0.10975
838	0.0928
839	0.08537
840	0.02837
841	-0.00906
842	0.03967
843	0.0201
844	0.0663
845	-0.0837
846	0.03993
847	-0.02281
848	-0.03124
849	0.01827
850	0.00785
851	-0.30755
852	-0.04515
853	-0.12269
854	-0.06326
855	-0.07022
856	0.01192
857	0.01845
858	-0.05171
859	0.06686
860	-0.06588
861	-0.19406
862	-0.02159
863	-0.02627
864	0.04079
865	-0.03268
866	-0.09072
867	-0.05655
868	-0.07598
869	0.02848
870	-0.04149
871	-0.00479
872	0.02441
873	-0.02972
874	0.00413
875	-0.1266
876	-0.05704
877	0.01517
878	-0.17807
879	0.02128
880	0.1633
881	0.06417
882	0
883	-0.00758
884	0.00845
885	0.01566
886	0.01478
887	0.03623
888	-0.02772
889	0.15676
890	0.0286
891	0.25871
892	0.02091
893	0.05516
894	0.03618
895	0.11567
896	0.1249
897	0.02105
898	0.08377
899	0.83233
900	-0.02719
901	-0.05651
902	0.02372
903	-0.05585
904	-0.23251
905	0.00859
906	0.11755
907	-0.037
908	0.04997
909	0.04189
910	0.04302
911	-0.03993
912	-0.00771
913	0.21811
914	0.04711
915	0.0499
916	-0.08085
917	-0.01609
918	-0.00344
919	0.2069
920	0.04219
921	-0.09734
922	0.01036
923	0.13487
924	0.00704
925	0.03253
926	0.07795
927	-0.09904
928	-0.02463
929	-0.14204
930	-0.09049
931	0
932	-0.04268
933	-0.01412
934	-0.0364
935	0.01639
936	0.03584
937	0.05402
938	-0.02036
939	-0.04327
940	0.0817
941	-0.00747
942	-0.04197
943	0.04969
944	0.11177
945	0.01196
946	-0.00613
947	-0.01342
948	0.00805
949	0.04438
950	0.03288
951	-0.05243
952	-0.00482
953	-0.00595
954	-0.04328
955	-0.00296
956	0.03499
957	-0.99936
958	-0.00207
959	0.05669
960	0.02004
961	-0.02295
962	0.08456
963	0.09717
964	-0.16239
965	0.03682
966	-0.03944
967	0.01298
968	-0.00772
969	0.03269
970	-0.02045
971	-0.02819
972	0.01775
973	0.04798
974	-0.07844
975	0.02047
976	0.00095
977	0.00247
978	-0.02653
979	-0.00142
980	-0.04718
981	-0.07474
982	0.04147
983	0.01255
984	0.0127
985	-0.07632
986	0.04685
987	0.12634
988	0.0111
989	0.01005
990	0.01882
991	0.00655
992	-0.01073
993	-0.15079
994	-0.03221
995	0.15567
996	0.00038
997	-0.00304
998	-0.01606
999	0.03337
1000	0.02727
1001	0.00208
1002	0.02987
1003	-0.0015
1004	0.00845
1005	0.11409
1006	0.0817
1007	-0.14567
1008	-0.00012
1009	-0.0537
1010	-0.03076
1011	0.08415
1012	-0.12946
1013	0.12783
1014	-0.17049
1015	0.06666
1016	-0.11298
1017	-0.00962
1018	-0.03938
1019	-0.06714
1020	-0.10507
1021	-0.0087
1022	0.02649
1023	0.05616
1024	0.02568
1025	0.01559
1026	-0.00778
1027	-0.00242
1028	0.05243
1029	-0.02965
1030	-0.14191
1031	-0.01488
1032	0.04689
1033	-0.04921
1034	0.0256
1035	0
1036	0.03086
1037	-0.05146
1038	-0.00298
1039	-0.07135
1040	0
1041	-0.04096
1042	-0.03727
1043	0.02926
1044	0.09711
1045	-0.05822
1046	-0.0018
1047	-0.00067
1048	0.02297
1049	-0.01913
1050	-0.10107
1051	-0.10759
1052	-0.12986
1053	0.0298
1054	-0.02075
1055	-0.03448
1056	-0.05009
1057	-0.02573
1058	0.02022
1059	0.03089
1060	0.06067
1061	-0.12446
1062	-0.00517
1063	0.0014
1064	0.11425
1065	-0.01063
1066	-0.09527
1067	0.07249
1068	-0.0111
1069	0.54996
1070	0.18068
1071	0.20956
1072	-0.03451
1073	-0.03313
1074	0.04833
1075	-0.04966
1076	0.00276
1077	-0.04121
1078	0.01218
1079	-0.05708
1080	0.10327
1081	0.0039
1082	-0.01588
1083	0.03953
1084	0.00935
1085	-0.12921
1086	-0.15361
1087	-0.00205
1088	0.0272
1089	0.10872
1090	-0.01451
1091	0
1092	0.0658
1093	-0.26068
1094	0.01899
1095	-0.25727
1096	0.01666
1097	-0.1687
1098	0.01574
1099	0.08627
1100	-0.0348
1101	0.09177
1102	-0.01108
1103	-0.08463
1104	0.05143
1105	-0.01536
1106	-0.00581
1107	-0.02743
1108	0.02146
1109	-0.02516
1110	0.006
1111	0.03809
1112	0.02294
1113	0.15351
1114	-0.00678
1115	0.03452
1116	-0.03678
1117	0.02282
1118	-0.03746
1119	0.05332
1120	0.04884
1121	-0.00167
1122	0.03287
1123	-0.05584
1124	0.09455
1125	0.06418
1126	0.08032
1127	0.28599
1128	0.12098
1129	-0.09569
1130	-0.02556
1131	0.04774
1132	-0.04782
1133	0.00422
1134	0.01305
1135	0.15841
1136	-0.00457
1137	-0.03065
1138	0.07306
1139	0.06221
1140	-0.03273
1141	0.11343
1142	-0.0132
1143	-0.0669
1144	-0.04366
1145	0.03267
1146	-0.0365
1147	0.08103
1148	0.05221
1149	-0.00992
1150	0.06386
1151	0.01376
1152	-0.00802
1153	0.11366
1154	-0.0211
1155	0.09935
1156	0.02619
1157	-0.07934
1158	0.03249
1159	0.02976
1160	-0.01068
1161	-0.03187
1162	-0.04241
1163	0.16736
1164	0.85513
1165	-1.05778
1166	-0.06308
1167	-0.00312
1168	0.08383
1169	0.02217
1170	-0.10656
1171	0.00432
1172	-0.04736
1173	0.01788
1174	-0.03742
1175	-0.01836
1176	0.02041
1177	0.03733
1178	0.09188
1179	-0.12748
1180	0.06041
1181	0.00327
1182	-0.00615
1183	0.00924
1184	0.03191
1185	-0.06937
1186	0.01049
1187	0.01856
1188	0.05349
1189	-0.01004
1190	0.18457
1191	0
1192	-0.0095
1193	0.0372
1194	0.09091
1195	0.00687
1196	0.04603
1197	0
1198	0
1199	0
1200	0
1201	0
1202	0
1203	0
1204	0
1205	0
1206	0
1207	0.15282
1208	-0.03063
1209	0.08653
1210	0
1211	0
1212	0
1213	0
1214	0
1215	0
1216	0
1217	0
1218	0
1219	0
1220	0.3144
1221	-0.05712
1222	-0.04037
1223	0
1224	0
1225	0
1226	0
1227	0
1228	0
1229	0
1230	0
1231	0
1232	0
1233	0.21044
1234	-0.01355
1235	0.03811
1236	0
1237	0
1238	0
1239	0
1240	0
1241	-0.0019
1242	0
1243	0
1244	0
1245	0
1246	0
1247	-0.03607
1248	0.00301
1249	0
1250	0
1251	0
1252	0
1253	0.3776
1254	0.31632
1255	0.31697
1256	0.19251
1257	0
1258	0.1781
1259	0.11892
1260	0.01645
1261	0
1262	0.04192
1263	-0.01113
1264	0.17016
1265	-0.00703
1266	0.15036
1267	0.05477
1268	0.04238
1269	0
1270	0.03693
1271	0.0505
1272	0.02613
1273	-0.07899
1274	0
1275	0
1276	0.20829
1277	0.24087
1278	-0.01288
1279	0.31318
1280	0.36161
1281	0.2754
1282	0.11925
1283	0
1284	0.39255
1285	0.37868
1286	0.11695
1287	0
1288	0.01251
1289	0.01661
1290	0.04744
1291	-0.07793
1292	-0.0501
1293	-0.01594
1294	-0.11486
1295	-0.02596
1296	-0.02495
1297	0.1047
1298	0.0263
1299	0.08281
1300	0
1302	-0.07143
1303	-0.37605
1304	-0.15652
1305	-0.22294
1306	-0.20366
1307	-0.11862
1308	-1.08017
1309	-0.0495
1310	-0.05496
1311	0.09228
1312	-0.25347
1313	-0.21149
1315	0
1316	-0.21305
1317	0
1318	-0.19461
1319	-0.22341
1320	-0.11419
1321	-1.0675
1322	0.00745
1323	0.06579
1324	0.12449
1325	-0.16285
1326	-0.08375
1328	-0.02937
1329	0.10312
1330	0.14906
1331	-0.1866
1332	-0.09335
1333	0.11207
1334	0.15189
1335	-0.12106
1336	-0.10412
1337	0
1338	-0.03923
1339	-0.22818
1341	0
1342	0
1343	0
1344	-0.08568
1345	-0.03647
1346	0
1347	0.14906
1348	-0.20056
1349	-0.27042
1350	-0.00787
1351	-0.13177
1352	-0.28752
1353	-0.03481
1354	-0.05181
1355	0.02834
1356	0.02152
1357	-0.01788
1358	-0.01929
1359	0.09074
1360	0.02055
1361	-0.02126
1362	-0.04254
1363	0.13747
1364	-0.06161
1365	0
1366	0.01217
1367	-0.0227
1368	0.01531
1369	0.0438
1370	-0.01893
1371	-0.01535
1372	-0.14044
1373	-0.05375
1374	-0.02392
1375	0.06003
1376	-0.03185
1377	0.03912
1378	0.10871
1379	0.0191
1380	-0.0418
1381	-0.03458
1382	0.02471
1383	0.22596
1384	-0.05096
1385	0.08303
1386	-0.14721
1387	-0.02302
1388	0.01262
1389	0.13465
1390	0.06404
1391	0
1392	0.039
1393	0.07669
1394	-0.0506
1395	-0.04328
1396	-0.04058
1397	0.02005
1398	0.12322
1399	-0.05443
1400	-0.14548
1401	0.00737
1402	-0.1762
1403	-0.02795
1404	0
1405	0.03824
1406	-0.10532
1407	-0.0226
1408	0.01802
1409	-0.09429
1410	-0.03458
1411	0.01283
1412	0.00867
1413	0.0476
1414	-0.00152
1415	0.15819
1416	-0.09057
1417	-0.36497
1418	0.03617
1419	-0.04198
1420	-0.02487
1421	-0.02299
1422	0.24409
1423	0.00592
1424	-0.06248
1425	0.05788
1426	-0.06084
1427	-0.06799
1428	0.02879
1429	0.13772
1430	0.09362
1431	0.07423
1432	-0.04969
1433	0.00886
1434	0.07544
1435	-0.23149
1436	-0.47512
1437	-0.04362
1438	-0.0444
1439	0.06693
1440	-0.03244
1441	0.03252
1442	-0.2848
1443	0.03168
1444	-0.05427
1445	-0.03014
1446	0.02718
1447	-0.0201
1448	0.01467
1449	0.15436
1450	-0.01548
1451	0.1172
1452	0.07491
1453	0.09358
1454	0.04
1455	-0.0898
1456	0.03288
1457	-0.01769
1458	-0.27822
1459	0.16803
1460	-0.01046
1461	-0.29549
1462	0.0324
1463	0.05129
1464	-0.0676
1465	-0.05542
1466	0.00014
1467	-0.19724
1468	0.18095
1469	-0.01139
1470	0.07156
1471	0.02907
1472	0.01585
1473	-0.01194
1474	-0.02934
1475	0.06524
1476	-0.02543
1477	-0.96499
1478	0
1479	0.06886
1480	-0.12449
1481	-0.00215
1482	0.03686
1483	-0.27947
1484	-0.10363
1485	0.01402
1486	0.00437
1487	0.01775
1488	0.02211
1489	0.18409
1490	0.13803
1491	0.15562
1492	-0.07459
1493	-0.02985
1494	0.3122
1495	0.02003
1496	0.05674
1497	-0.01881
1498	0.00884
1499	-0.04543
1500	0.03127
1501	-0.00128
1502	-0.0576
1503	-0.03253
1504	-0.10822
1505	-0.08716
1506	0.08226
1507	-0.04902
1508	-0.01128
1509	-0.02695
1510	-0.06534
1511	0.04682
1512	0.1257
1513	0.09414
1514	0.03928
1515	0.00283
1516	-0.05311
1517	-0.00619
1518	-0.01021
1519	-0.05298
1520	0.01782
1521	-0.00969
1522	-0.02535
1523	0.0171
1524	-0.0393
1525	-0.00528
1526	0.01786
1527	0.03013
1528	0.07959
1529	-0.33748
1530	0.98733
1531	-0.03839
1532	0.05009
1533	0.13355
1534	-0.05021
1535	0.06453
1536	-0.06258
1537	0.0568
1538	0.05533
1539	0.09397
1540	-0.00395
1541	-0.03875
1542	-0.02175
1543	0.03224
1544	-0.06713
1545	0.03018
1546	0.07641
1547	0.01512
1548	-0.04367
1549	0.00468
1550	-0.06742
1551	-0.02741
1552	-0.00223
1553	0.04865
1554	-0.00738
1555	0.0021
1556	0.07972
1557	0.05465
1558	-0.16104
1559	0.1636
1560	-0.31443
1561	0.01066
1562	-0.04299
1563	0.01168
1564	-0.03549
1565	0.22097
1566	0.00393
1567	0.05839
1568	-0.17885
1569	0.06849
1570	-0.05024
1571	-0.07004
1572	-0.06739
1573	-0.00557
1574	0.02511
1575	0.01328
1576	0.08479
1577	-0.03431
1578	-0.01013
1579	-0.08513
1580	-0.12723
1581	0.10642
1582	0.01901
1583	0.00041
1584	-0.04016
1585	0.00712
1586	-0.00902
1587	0.01972
1588	0.01366
1589	0.08314
1590	0.04162
1591	0.0368
1592	-0.03082
1593	0.10329
1594	0.07782
1595	0.02492
1596	0.03321
1597	-0.00717
1598	0.01412
1599	0.0674
1600	-0.02601
1601	0.00009
1602	0.00865
1603	-0.04837
1604	-0.04023
1605	-0.00052
1606	0.05512
1607	0.02463
1608	-0.0233
1609	0.00794
1610	0.08613
1611	0.00338
1612	-0.05261
1613	0.04467
1614	0.00578
1615	0.07561
1616	-0.05955
1617	-0.00764
1618	0.00831
1619	0.11538
1620	0.01078
1621	-0.02703
1622	0.00085
1623	-0.12199
1624	-0.01191
1625	0.00516
1626	0.1037
1627	-0.00904
1628	-0.10831
1629	-0.16974
1630	0.01993
1631	-0.0149
1632	-0.01849
1633	-0.01356
1634	-0.02169
1635	0.03639
1636	-0.04004
1637	-0.00568
1638	-0.06196
1639	0.05868
1640	0.05243
1641	0.18254
1642	0.01839
1643	0.02275
1644	0.01603
1645	0.03226
1646	0.00945
1647	0.04896
1648	0.06046
1649	-0.00699
1650	0.01698
1651	-0.0232
1652	-0.14511
1653	-0.33732
1654	0.72346
1655	0.01483
1656	-0.02578
1657	0.00351
1658	0.04037
1659	0.06935
1660	-0.0154
1661	0.0166
1662	-0.02124
1663	0.30562
1664	-0.07239
1665	-0.04518
1666	-0.30462
1667	-0.06317
1668	0.01906
1669	0.0257
1670	0.01453
1671	0.0308
1672	-0.03372
1673	0.05719
1674	0.01487
1675	0.00279
1676	-0.01013
1677	0.0467
1678	0.07769
1679	-0.03696
1680	0.0119
1681	-0.00499
1682	0.0202
1683	0.07415
1684	0.02072
1685	0.08209
1686	-0.41384
1687	0.01299
1688	0.01937
1689	-0.03466
1690	0.01006
1691	0.14559
1692	0.03739
1693	0.10907
1694	0.10529
1695	0.04043
1696	-0.04164
1697	0.07448
1698	0.00356
1699	0.08865
1700	0.19405
1701	0.03741
1702	0.0548
1703	0.00424
1704	-0.01641
1705	-0.00575
1706	-0.0697
1707	0.04912
1708	0.01358
1709	-0.08038
1710	-0.00739
1711	-0.04413
1712	0.02849
1713	-0.06311
1714	0.05427
1715	-0.0359
1716	0.00489
1717	0.01024
1718	-0.09064
1719	-0.05167
1720	-0.02339
1721	0.02706
1722	0.0594
1723	-0.02237
1724	-0.05469
1725	-0.07058
1726	0.00314
1727	0.10197
1728	-0.03357
1729	0.04981
1730	-0.01261
1731	-0.04012
1732	0.11989
1733	0.0046
1734	0.10686
1735	-0.07477
1736	0.05876
1737	0.05199
1738	0.05905
1739	-0.05486
1740	-0.02985
1741	-0.21186
1742	-0.02978
1743	0.07017
1744	0.05228
1745	0.10864
1746	0.06741
1747	0.03307
1748	0.06617
1749	-0.00141
1750	0.00899
1751	0.01495
1752	0.02701
1753	0.06791
1754	-0.08531
1755	0.00813
1756	0.04926
1757	0.04352
1758	-0.1261
1759	-0.01694
1760	0.05184
1761	-0.06193
1762	0.00431
1763	-0.00296
1764	-0.01738
1765	-0.0568
1766	-0.00951
1767	0.0333
1768	-0.05455
1769	-0.09792
1770	-0.03424
1771	-0.21181
1772	0.00918
1773	0.00976
1774	0.00635
1775	-0.00546
1776	0.09564
1777	0.03845
1778	0.01858
1779	-0.05773
1780	-0.01484
1781	0.00156
1782	-0.10504
1783	-0.00218
1784	-0.0169
1785	0.01992
1786	0.0134
1787	0.00165
1788	-0.0294
1789	-0.01402
1790	-0.04302
1791	-0.0188
1792	0.07037
1793	0.06063
1794	0.04944
1795	0.03663
1796	-0.20739
1797	-0.06728
1798	0.17665
1799	0.1195
1800	-0.0032
1801	0.01273
1802	0.03754
1803	-0.03115
1804	-0.19809
1805	-0.1536
1806	-0.015
1807	-0.04426
1808	-0.02378
1809	0.01862
1810	0.12435
1811	-0.07731
1812	-0.20391
1813	-0.01695
1814	0.06663
1815	-0.03969
1816	0.0849
1817	0.09493
1818	0.15055
1819	0.02547
1820	-0.04187
1821	0.23197
1822	-0.10492
1823	-1.06308
1824	0.00623
1825	0.01225
1826	-0.04107
1827	-0.04718
1828	0.17624
1829	0.13215
1830	0.09088
1831	0.02878
1832	0.77123
1833	0.03756
1834	0.09258
1835	-0.02877
1836	0.15264
1837	-0.09358
1838	-0.34983
1839	0.04434
1840	-0.02306
1841	-0.02679
1842	0.03252
1843	0.13233
1844	-0.03909
1845	-0.06869
1846	-0.01262
1847	0.01453
1848	-0.01444
1849	-0.0262
1850	0.03067
1851	-0.09972
1852	0.13087
1853	0.07163
1854	0.23729
1855	-0.04314
1856	0.08295
1857	-0.15218
1858	-0.01109
1859	-0.00062
1860	0.14814
1861	0.0215
1862	0.02577
1863	-0.04466
1864	-0.08256
1865	0.11363
1866	0.03952
1867	-0.01971
1868	-0.22969
1869	0.04416
1870	0.00011
1871	0.29368
1872	-0.11108
1873	0
1874	0
1875	0
1876	0
1877	0
1878	0
1879	0
1880	0
1881	0
1882	0
1883	0.08543
1884	0.01161
1885	-0.0062
1886	-0.00926
1887	0.08158
1888	-0.05448
1889	0.07777
1890	0.18439
1891	-0.02529
1892	-0.36081
1893	-0.15172
1894	-0.0742
1895	0.01607
1896	0.1085
1897	0.00399
1898	-0.02801
1899	0
1900	0
1901	0
1902	0
1903	0
1904	0
1905	0
1906	0
1907	0.04396
1908	0.2089
1909	0.15536
1910	0.01534
1911	0.16223
1912	0.03359
1913	0.00682
1914	-0.2089
1915	-0.40101
1916	0.0129
1917	0.05297
1918	0.08909
1919	-0.22151
1920	-0.03577
1921	-0.02592
1922	-0.07568
1923	0.03296
1924	0.1407
1925	0
1926	0
1927	0
1928	0
1929	0
1930	0
1931	0
1932	0
1933	0
1934	0
1935	0
1936	0
1937	0
1938	0.03087
1939	-0.06741
1940	-0.07063
1941	0.03038
1942	-0.01291
1943	0.01643
1944	0.03821
1945	-0.01799
1946	-0.02425
1947	0.02057
1948	-0.02199
1949	0.01225
1950	-0.01346
1951	0
1952	0
1953	0
1954	0
1955	0
1956	0
1957	0
1958	0
1959	0
1960	0
1961	0
1962	0
1963	0
1964	0.008
1965	-0.00087
1966	0.04971
1967	-0.01917
1968	-0.00539
1969	0.03192
1970	-0.00248
1971	0.06644
1972	0.04431
1973	0.03736
1974	-0.04902
1975	0.04005
1976	-0.03086
1978	0.13585
1979	0
1980	-0.08991
1981	0.13558
1982	0.09378
1983	-0.22835
1984	0.1134
1985	-0.28704
1986	-0.21496
1987	-0.01604
1988	-0.5169
1989	-0.11655
1991	0.16619
1992	-0.17287
1993	-0.13053
1994	0.09866
1995	0.09357
1996	-0.21113
1997	0.07629
1998	-0.60113
1999	-0.39096
2000	-0.00061
2001	-0.68498
2002	-0.01074
2004	0.00261
2005	-0.03861
2006	0.01311
2007	-0.67922
2008	-0.85109
2009	-0.17281
2010	0.05696
2011	-0.1178
2012	-0.11681
2013	0.05746
2014	0.16467
2015	0
2017	0.03293
2018	-0.16701
2019	0.03671
2020	-0.81992
2021	-1.13877
2022	-0.17198
2023	0.14174
2024	-0.03317
2025	-0.03205
2026	0.06278
2027	0.17278
2028	-0.02758
2029	0.03025
2030	0.09702
2031	-0.03812
2032	0.09657
2033	-0.04592
2034	0.11401
2035	-0.02252
2036	0.00295
2037	0.05219
2038	0.82681
2039	-0.027
2040	0.04712
2041	-0.01894
2042	0.03916
2043	-0.01672
2044	0.06208
2045	0.018
2046	0.04651
2047	-0.11125
2048	-0.06526
2049	0.03528
2050	-0.04507
2051	-0.03991
2052	0.0454
2053	-0.01057
2054	0.02581
2055	0.04436
2056	-0.00149
2057	0.05564
2058	-0.05759
2059	0.17201
2060	0.14845
2061	-0.05747
2062	-0.02358
2063	-0.0568
2064	0.00735
2065	0.09448
2066	-0.18156
2067	-0.05132
2068	-0.04684
2069	-0.00403
2070	0.0327
2071	-0.04269
2072	-0.00543
2073	0.05747
2074	0.0078
2075	-0.01732
2076	-0.36603
2077	-0.00944
2078	-0.02969
2079	-0.03427
2080	0.11191
2081	-0.04711
2082	-0.0223
2083	-0.01451
2084	-0.12766
2085	-0.0173
2086	0.01486
2087	-0.00617
2088	-0.05619
2089	-0.02453
2090	-0.03424
2091	0.00431
2092	-0.0104
2093	0.02358
2094	0.01982
2095	0.00328
2096	0.05481
2097	0.02663
2098	0.17473
2099	0.0702
2100	0.04587
2101	0.15175
2102	-0.03299
2103	0.01878
2104	-0.02486
2105	-0.05219
2106	0.05136
2107	0.03634
2108	0.01471
2109	0.04435
2110	-0.04506
2111	0.05654
2112	0.0355
2113	0.0249
2114	-0.03421
2115	-0.03996
2116	0.03124
2117	0.00412
2118	0.09896
2119	-0.0488
2120	-0.05081
2121	0.01409
2122	0.06985
2123	0.00862
2124	0.11185
2125	-0.18625
2126	0.02751
2127	0.01463
2128	0.08402
2129	0.07327
2130	0.03987
2131	-0.04494
2132	0.0045
2133	0.00616
2134	-0.02858
2135	-0.02034
2136	-0.02991
2137	-0.06391
2138	0.00898
2139	-0.10367
2140	0.05118
2141	-0.09852
2142	-0.05347
2143	0.02217
2144	-0.0259
2145	-0.14935
2146	-0.07376
2147	-0.03554
2148	0.06392
2149	0.09971
2150	0.06057
2151	-0.092
2152	0.08718
2153	0.05878
2154	0.01143
2155	-0.02269
2156	-0.00966
2157	-0.17385
2158	0.00934
2159	-0.0008
2160	0.0167
2161	0.00106
2162	0.05674
2163	-0.0055
2164	0.10458
2165	-0.00363
2166	0.00939
2167	-0.06802
2168	0.12511
2169	-0.02964
2170	0.00552
2171	0.02718
2172	-0.03484
2173	0.08718
2174	0.05092
2175	0.02402
2176	0.03227
2177	0.0525
2178	0.05849
2179	-0.04467
2180	0.0256
2181	0.00444
2182	0.18526
2183	-0.07536
2184	0.07364
2185	-0.03518
2186	0.009
2187	0.02049
2188	0.01015
2189	-0.08508
2190	0.02126
2191	0.00134
2192	-0.02441
2193	-0.0169
2194	0.10102
2195	0.2568
2196	-0.02799
2197	-0.06877
2198	-0.01488
2199	-0.06622
2200	-0.02334
2201	0.03121
2202	-0.027
2203	-0.18019
2204	-0.07761
2205	0.04232
2206	-0.11978
2207	-0.11601
2208	-0.04424
2209	-0.03276
2210	-0.1567
2211	0.02487
2212	-0.15545
2213	-0.00161
2214	-0.01279
2215	-0.01981
2216	-0.03134
2217	0.0441
2218	-0.04417
2219	0.04787
2220	0.13658
2221	-0.01703
2222	-0.04798
2223	0.24378
2224	-0.01495
2225	-0.00314
2226	-0.05194
2227	0.0487
2228	-0.09356
2229	-0.0387
2230	-0.03865
2231	-0.0131
2232	-0.03466
2233	0.03853
2234	0.01039
2235	0.58221
2236	0.06201
2237	-0.21603
2238	0.03181
2239	-0.0022
2240	0.12984
2241	0.02147
2242	0.21855
2243	-0.14237
2244	-0.04759
2245	-0.06455
2246	0.00554
2247	0.02194
2248	0.10497
2249	-0.0153
2250	0.12684
2251	-0.06746
2252	0.00101
2253	0.03558
2254	0.1099
2255	-0.02415
2256	-0.07358
2257	0.01861
2258	0.02985
2259	-0.19225
2260	0.00112
2261	0.02118
2262	0.00305
2263	0.01958
2264	0.02474
2265	0.17171
2266	-0.06021
2267	0.00545
2268	-0.05002
2269	-0.00207
2270	0.03044
2271	0.10634
2272	0.10505
2273	-0.07984
2274	-0.04354
2275	-0.00192
2276	-0.03972
2277	0.01684
2278	0.03868
2279	0.00616
2280	0.0135
2281	0.0324
2282	-0.07294
2283	-0.01142
2284	0.02597
2285	-0.01417
2286	0.03949
2287	0.01387
2288	0.03298
2289	-0.0341
2290	0.06534
2291	0.10792
2292	0.03408
2293	0.05498
2294	0.05383
2295	0.0776
2296	-0.05259
2297	0.09634
2298	0.07986
2299	-0.07637
2300	0.08074
2301	-0.07852
2302	0.02116
2303	0.00152
2304	0.04737
2305	-0.05946
2306	0.05666
2307	-0.0012
2308	0.24929
2309	-0.03489
2310	0.00807
2311	-0.03095
2312	-0.03475
2313	-0.09992
2314	-0.0181
2315	0.03341
2316	-0.00871
2317	-0.0128
2318	0.00143
2319	-0.05791
2320	-0.06003
2321	0.06212
2322	-0.01653
2323	-0.01212
2324	0.02378
2325	-0.06364
2326	-0.00069
2327	0.00582
2328	-0.12969
2329	0.00905
2330	0.05302
2331	-0.52839
2332	0.01736
2333	0.05356
2334	0.06711
2335	0.08075
2336	-0.01111
2337	0.01651
2338	0.15937
2339	0.00161
2340	0.02489
2341	-0.06385
2342	-0.03508
2343	-0.03754
2344	-0.13189
2345	-0.00299
2346	-0.10159
2347	0.15318
2348	-0.23871
2349	0.12193
2350	-0.05452
2351	-0.02818
2352	0.08589
2353	-0.03081
2354	0.03894
2355	-0.03191
2356	-0.02925
2357	0.06848
2358	0.18804
2359	-0.194
2360	-0.0346
2361	-0.00628
2362	0.06781
2363	-0.06952
2364	-0.18743
2365	-0.18782
2366	0.00484
2367	0.43185
2368	-0.00863
2369	-0.00326
2370	-0.11498
2371	-0.25145
2372	-0.01323
2373	-0.08908
2374	0.0845
2375	0.00416
2376	0.09163
2377	0.01439
2378	0.07348
2379	0.01265
2380	0.05547
2381	-0.0181
2382	-0.25088
2383	-0.15303
2384	0.06462
2385	-0.06286
2386	0.04325
2387	-0.00329
2388	0.03952
2389	-0.04085
2390	0.02164
2391	0.03747
2392	-0.04147
2393	0.03415
2394	-0.09135
2395	0.06022
2396	-0.02758
2397	-0.0265
2398	-0.02995
2399	0.01102
2400	0.021
2401	-0.02325
2402	-0.01865
2403	-0.05237
2404	0.05288
2405	0.06669
2406	0.06386
2407	0.0038
2408	-0.0467
2409	0.00478
2410	-0.03317
2411	-0.02445
2412	0.04467
2413	0.05639
2414	-0.04398
2415	0.03394
2416	0.00572
2417	-0.01784
2418	-0.04792
2419	-0.01098
2420	-0.00591
2421	0.05002
2422	0.06866
2423	0.1984
2424	-0.01932
2425	0.00188
2426	0.12152
2427	0.01153
2428	0.06087
2429	-0.05312
2430	-0.01091
2431	0.09568
2432	0.25028
2433	0.02488
2434	0.00082
2435	0.08166
2436	-0.01163
2437	-0.01066
2438	0.01932
2439	0.00666
2440	0.0497
2441	0.2674
2442	-0.08589
2443	-0.16782
2444	0.1415
2445	-0.0332
2446	-0.01606
2447	-0.0536
2448	-0.08239
2449	-0.04468
2450	0.0661
2451	-0.03849
2452	-0.15015
2453	-0.03998
2454	-0.04529
2455	-0.00156
2456	-0.02663
2457	0.03821
2458	-0.0627
2459	0.01027
2460	0.02285
2461	0.00339
2462	0.01678
2463	-0.00499
2464	0.3215
2465	0.06027
2466	-0.04365
2467	-0.00394
2468	-0.00795
2469	0.00044
2470	-0.07549
2471	0.09371
2472	0.00954
2473	0.03594
2474	0.08583
2475	0.04788
2476	0.11433
2477	-0.07793
2478	0.05505
2479	0.13818
2480	0.02451
2481	-0.02382
2482	0.00773
2483	-0.01993
2484	0.0564
2485	0.03718
2486	0.00552
2487	0.32724
2488	0.01728
2489	0.01396
2490	-0.04299
2491	0.00626
2492	0.02204
2493	0.00533
2494	0.03838
2495	-0.00197
2496	0.0017
2497	0.03701
2498	0.04375
2499	0.01933
2500	-0.0984
2501	-0.17352
2502	0.01694
2503	-0.0429
2504	0.02339
2505	0.04231
2506	0.06764
2507	0.01989
2508	-0.02578
2509	-0.0198
2510	0.01371
2511	-0.00397
2512	-0.23617
2513	0.01116
2514	-0.00753
2515	0.03633
2516	0.05533
2517	-1.11363
2518	-0.0046
2519	-0.00298
2520	0.13614
2521	0.06763
2522	0.10397
2523	0.01505
2524	-0.01153
2525	-0.01079
2526	0.06352
2527	0.03422
2528	-0.00388
2529	-0.01224
2530	0.015
2531	0.03846
2532	-0.03752
2533	0.01675
2534	0.12637
2535	-0.06663
2536	0.03625
2537	0.00218
2538	0.02226
2539	0.03016
2540	0.08368
2541	0.39135
2542	0.13158
2543	0.0107
2544	-0.00891
2545	-0.08002
2546	-0.07387
2547	-0.07819
2548	0.03803
2549	0
2550	0
2551	0
2552	0
2553	0
2554	0
2555	0
2556	0
2557	0.12519
2558	0.17509
2559	0.15182
2560	0.07478
2561	0.03326
2562	0
2563	0
2564	0
2565	0
2566	0
2567	0
2568	0
2569	-0.1017
2570	0
2571	0
2572	0.20422
2573	-0.0355
2574	-0.01739
2575	0
2576	0.14224
2577	0.11057
2578	0
2579	0
2580	0
2581	0
2582	0.08295
2583	0.08898
2584	0.13946
2585	0.0886
2586	-0.0395
2587	0.03373
2588	0
2589	0
2590	0
2591	0
2592	0
2593	0
2594	0
2595	0
2596	0
2597	0
2598	0.25988
2599	-0.03417
2600	0.04293
2601	0
2602	0
2603	0
2604	0
2605	0
2606	0.00832
2607	0.1622
2608	0.04091
2609	0.06037
2610	0.06215
2611	0.14458
2612	-0.00019
2613	0
2614	-0.03374
2615	0.00666
2616	0.02428
2617	-0.03509
2618	-0.0614
2619	-0.06573
2620	-0.00912
2621	-0.02999
2622	-0.01335
2623	0.05055
2624	0.13617
2625	-0.042
2626	0
2627	0
2628	0
2629	0.22225
2630	0.00889
2631	0.21401
2632	0.12173
2633	0.12305
2634	0.01938
2635	0
2636	0.02189
2637	0.12574
2638	0.01748
2639	0
2640	-0.02728
2641	-0.05733
2642	0.03644
2643	0.00674
2644	-0.02513
2645	0.04627
2646	0.03907
2647	0.01471
2648	0.00787
2649	0.03403
2650	0.02157
2651	0.10211
2652	0
2654	0.108
2655	-0.27458
2656	-0.19119
2657	0.04744
2658	0.06335
2659	-0.21626
2660	0.11051
2661	-0.4052
2662	-0.33323
2663	-0.08009
2664	-0.64135
2665	-0.20856
2667	0.12596
2668	-0.08976
2669	-0.23319
2670	0.07027
2671	0.04872
2672	-0.2126
2673	0.10233
2674	-0.4527
2675	-0.40357
2676	-0.04502
2677	-0.67155
2678	-0.01747
2680	-0.04948
2681	-0.24147
2682	0.028
2683	-0.94456
2684	-1.12757
2685	-0.21985
2686	0.08192
2687	-0.09588
2688	-0.08176
2689	-0.01479
2690	0.14364
2691	-0.23094
2693	0.07633
2694	-0.07823
2695	0.05614
2696	-1.08635
2697	-0.97895
2698	-0.14841
2699	0.12835
2700	-0.01767
2701	0.09935
2702	0.05463
2703	0.17488
2704	0
2705	0.04065
2706	0.10219
2707	0.03439
2708	-0.01396
2709	-0.01512
2710	-0.04486
2711	-0.01943
2712	-0.02018
2713	0.00637
2714	-0.02924
2715	0.05956
2716	-0.0426
2717	-0.04722
2718	-0.03324
2719	-0.16848
2720	-0.00369
2721	-0.11699
2722	0.00622
2723	-0.09992
2724	-0.01165
2725	0.0326
2726	0.03164
2727	-0.01315
2728	0.02124
2729	0.08216
2730	-0.02545
2731	-0.01958
2732	0.00575
2733	-0.0277
2734	-0.02543
2735	-0.01468
2736	-0.0287
2737	0.06058
2738	-0.07386
2739	0.05616
2740	-0.02839
2741	0.09641
2742	0.25943
2743	0.09042
2744	-0.07998
2745	-0.14
2746	-0.05514
2747	-0.02485
2748	-0.03609
2749	0.08531
2750	0.07213
2751	0.01346
2752	-0.00695
2753	0.0573
2754	0.00279
2755	-0.02727
2756	-0.09311
2757	-0.03431
2758	-0.03048
2759	-0.04217
2760	-0.05174
2761	-0.14862
2762	0.06016
2763	-0.05469
2764	-0.05875
2765	0.04823
2766	0.08124
2767	-0.02026
2768	-0.04653
2769	-0.03422
2770	0.00825
2771	-0.07697
2772	-0.27695
2773	0.04218
2774	0.04316
2775	-0.06604
2776	-0.14356
2777	-0.13932
2778	0.00263
2779	-0.06085
2780	-0.01028
2781	-0.02191
2782	-0.07725
2783	0.09549
2784	-0.03181
2785	-0.00073
2786	-0.03244
2787	-0.22928
2788	-0.15474
2789	-0.04303
2790	-0.01803
2791	0.04118
2792	-0.18171
2793	0.13139
2794	-0.27666
2795	-0.00551
2796	0.02893
2797	0.00469
2798	0.01209
2799	0.05301
2800	0.07797
2801	0.02436
2802	-0.3897
2803	0.02376
2804	0.00281
2805	0.02511
2806	0.03273
2807	0.02219
2808	0.03271
2809	0.01921
2810	-0.02006
2811	-0.00616
2812	-0.06258
2813	-0.08038
2814	0.05711
2815	0.02193
2816	-0.02349
2817	0.02227
2818	-0.0428
2819	-0.01588
2820	0.01811
2821	0.01199
2822	-0.05884
2823	0.03647
2824	-0.1047
2825	0.10224
2826	0.01468
2827	0.03041
2828	-0.04984
2829	0.06705
2830	-0.10351
2831	0.04115
2832	0.16556
2833	-0.02548
2834	0.09763
2835	-0.03935
2836	-0.0144
2837	0.04711
2838	-0.05811
2839	-0.01375
2840	0.05029
2841	-0.01393
2842	-0.02118
2843	0.09869
2844	0.01829
2845	-0.01772
2846	0.2274
2847	0.02023
2848	0.02845
2849	-0.1655
2850	0.10095
2851	-0.01538
2852	0.09716
2853	-0.04544
2854	-0.06242
2855	0.0064
2856	-0.00253
2857	-0.02015
2858	-0.00037
2859	-0.01537
2860	-0.0009
2861	0.07357
2862	0.04426
2863	0.16344
2864	0.05272
2865	-0.04061
2866	0.02568
2867	-0.02916
2868	-0.05137
2869	-0.01648
2870	0.00088
2871	0.04004
2872	0.01125
2873	0.02341
2874	-0.00459
2875	0.02777
2876	-0.00281
2877	-0.02611
2878	-0.02598
2879	-0.01328
2880	0.04065
2881	-0.06004
2882	0.00722
2883	-0.04313
2884	0.12646
2885	0.05406
2886	-0.0011
2887	-0.02465
2888	-0.06973
2889	0.0001
2890	-0.02156
2891	0.13026
2892	-0.01025
2893	0.12576
2894	0.08627
2895	-0.03773
2896	-0.07815
2897	-0.03478
2898	-0.10534
2899	-0.09402
2900	-0.17543
2901	-0.04803
2902	-0.03117
2903	0.04744
2904	0.00441
2905	0.05991
2906	0.19836
2907	0.03546
2908	-0.0022
2909	0.05345
2910	-0.1103
2911	0.05569
2912	0.14279
2913	0.04391
2914	0.00388
2915	-0.04729
2916	0.07197
2917	-0.10828
2918	-0.05679
2919	-0.00503
2920	-0.03764
2921	0.03058
2922	-0.12585
2923	0.0378
2924	-0.03313
2925	0.0142
2926	-0.00794
2927	0.10846
2928	0.05164
2929	-0.04706
2930	-0.01939
2931	-0.00623
2932	-0.0846
2933	-0.01265
2934	0.19054
2935	0.03379
2936	0.00315
2937	-0.01545
2938	-0.14381
2939	-0.2005
2940	0.18166
2941	0.06816
2942	-0.03484
2943	-0.00165
2944	0.01812
2945	0.11463
2946	0.00366
2947	0.05814
2948	-0.07945
2949	-0.01052
2950	0.07796
2951	0.16389
2952	0.02711
2953	-0.00144
2954	0.03071
2955	0.01697
2956	-0.01694
2957	0.02555
2958	0.04726
2959	0.01924
2960	0.0739
2961	0.04085
2962	0.03566
2963	-0.00869
2964	-0.04303
2965	0.03146
2966	0.04211
2967	0.03966
2968	0.03429
2969	-0.0325
2970	0.0367
2971	0.02545
2972	-0.0331
2973	-0.00972
2974	0.08008
2975	0.00441
2976	-0.00649
2977	0.03103
2978	0.01179
2979	0.00105
2980	-0.2449
2981	-0.07093
2982	-0.06684
2983	-0.03848
2984	-0.01307
2985	0.08658
2986	-0.02481
2987	-0.03334
2988	-0.01712
2989	0.07946
2990	0.06101
2991	-0.03366
2992	0.0045
2993	0.04658
2994	-0.0227
2995	0.05996
2996	0.05011
2997	-0.11182
2998	-0.04868
2999	0.11243
3000	0.0679
3001	-0.07722
3002	0.02775
3003	-0.10746
3004	-0.13993
3005	0.00562
3006	-0.11539
3007	-0.01259
3008	-0.11974
3009	0.00794
3010	-0.02154
3011	-0.01014
3012	-0.15457
3013	-0.01
3014	0.00753
3015	0.01125
3016	0.03277
3017	0.0647
3018	0.18791
3019	0.01639
3020	0.00319
3021	-0.03623
3022	0.0212
3023	-0.02173
3024	0.03075
3025	0.05905
3026	0.12128
3027	0.07908
3028	0.05081
3029	0.00894
3030	-0.00468
3031	-0.01814
3032	0.02916
3033	-0.03322
3034	-0.0404
3035	0.0025
3036	0.04142
3037	0.04758
3038	-0.08298
3039	0.03384
3040	0.08112
3041	-0.14629
3042	0.02514
3043	0.02569
3044	0.00723
3045	-0.01178
3046	-0.18802
3047	0.04779
3048	-0.03745
3049	0.06376
3050	0.04953
3051	0.03938
3052	0.05392
3053	0.05001
3054	0.03705
3055	-0.04199
3056	0.04039
3057	0.00198
3058	0.03276
3059	0.05576
3060	0.24341
3061	0.042
3062	0.05674
3063	-0.06986
3064	0.07467
3065	-0.03588
3066	0.04214
3067	-0.07568
3068	0.00327
3069	-0.01365
3070	-0.03912
3071	0.04711
3072	-0.00661
3073	-0.05528
3074	-0.01467
3075	-0.05847
3076	-0.02355
3077	-0.00511
3078	0.00562
3079	0.03854
3080	-0.00564
3081	-0.00912
3082	-0.05742
3083	0.07219
3084	0.04418
3085	0.04055
3086	0.02986
3087	-0.60991
3088	0.03665
3089	0.01298
3090	0.14817
3091	0.0431
3092	-0.01274
3093	0.00982
3094	-0.02572
3095	0.02968
3096	0.00359
3097	0.1688
3098	0.05407
3099	-0.00118
3100	0.03402
3101	0.03658
3102	0.03123
3103	-0.01089
3104	-0.00555
3105	0.15435
3106	0.10509
3107	0.00016
3108	0.0437
3109	0.10575
3110	-0.23411
3111	0.016
3112	0.11402
3113	-0.00451
3114	-0.00921
3115	0.15089
3116	-0.02317
3117	-0.04069
3118	-0.049
3119	-0.00602
3120	-0.30539
3121	-0.40871
3122	0.16104
3123	-0.0319
3124	-0.02357
3125	0.06856
3126	-0.02711
3127	-0.03186
3128	0.07087
3129	0.0496
3130	-0.01869
3131	-0.0813
3132	0.23722
3133	-0.05892
3134	-0.04508
3135	0.03777
3136	-0.12626
3137	-0.12624
3138	-0.0383
3139	-0.00261
3140	-0.15227
3141	-0.043
3142	-0.02283
3143	0.00915
3144	0.04897
3145	-0.0228
3146	0.02818
3147	0.11543
3148	-0.10995
3149	0.01797
3150	0.05555
3151	0.03535
3152	-0.04926
3153	-0.11525
3154	-0.00131
3155	0.11031
3156	-0.12232
3157	0.0001
3158	0.01325
3159	0.02776
3160	-0.01214
3161	-0.0033
3162	0.13525
3163	-0.63396
3164	-0.10083
3165	-0.02858
3166	0.17227
3167	-0.01202
3168	-0.10758
3169	0.16939
3170	0.28847
3171	-0.00508
3172	0.01344
3173	0
3174	-0.01927
3175	-0.0078
3176	-0.02128
3177	0.06188
3178	0.01668
3179	-0.11909
3180	-0.32801
3181	0.32258
3182	-0.0629
3183	0.02855
3184	-0.08177
3185	0.10186
3186	0.06707
3187	-0.02287
3188	0.02936
3189	-0.00375
3190	-0.08728
3191	-0.04801
3192	0.05911
3193	-0.07922
3194	-0.24986
3195	-0.0044
3196	-0.04236
3197	-0.00403
3198	0.01791
3199	0.04238
3200	0.06997
3201	-0.00589
3202	0.02407
3203	-0.02904
3204	0.12836
3205	-0.00561
3206	0.0211
3207	-0.0202
3208	0.08833
3209	-0.07637
3210	0.12197
3211	0.01217
3212	0.09534
3213	0.2308
3214	0.07603
3215	-0.02135
3216	-0.00328
3217	0.07883
3218	0.05647
3219	0.0332
3220	-0.0249
3221	0.07974
3222	-0.01527
3223	-0.01582
3224	-0.02107
3225	0
3226	0.24953
3227	-0.06742
3228	0
3229	0
3230	0
3231	0
3232	0
3233	0
3234	0
3235	0.20529
3236	0.09281
3237	-0.01186
3238	0.01372
3239	-0.02734
3240	0.07738
3241	-0.02706
3242	0.0283
3243	-0.09232
3244	0.17756
3245	0.04746
3246	0.05508
3247	0.02598
3248	-0.03646
3249	0.01996
3250	0.01208
3251	0
3252	0
3253	0
3254	0
3255	0
3256	0
3257	0
3258	0
3259	0
3260	0
3261	0.22251
3262	0.02669
3263	0.01311
3264	-0.13454
3265	0.05476
3266	-0.41143
3267	0.11719
3268	-0.00146
3269	-0.02114
3270	0.05193
3271	-0.13939
3272	0.07587
3273	0.00122
3274	0.0135
3275	0.0504
3276	0.01455
3277	0
3278	0
3279	0
3280	0
3281	0
3282	0
3283	0
3284	0
3285	0
3286	0
3287	0
3288	0
3289	0
3290	-0.02575
3291	0.00252
3292	-0.006
3293	0.01402
3294	0.0227
3295	-0.06458
3296	0.1031
3297	-0.0213
3298	0.04955
3299	-0.04519
3300	-0.24828
3301	0.05769
3302	0.02996
3303	0
3304	0
3305	0
3306	0
3307	0
3308	0
3309	0
3310	0
3311	0
3312	0
3313	0
3314	0
3315	0
3316	0.01356
3317	0.09255
3318	0.05107
3319	-0.02173
3320	0.00868
3321	0.02562
3322	0.09488
3323	0.12866
3324	-0.00971
3325	-0.0578
3326	0.01935
3327	0.01899
3328	-0.01416
3330	-0.05794
3331	-0.25564
3332	-0.15898
3333	0.12189
3334	0.14277
3335	0.1299
3336	-0.18583
3337	0.0271
3338	0.07682
3339	0.06939
3340	-0.19697
3341	-0.08054
3343	0.02584
3344	-0.13013
3345	-0.11786
3346	0.09266
3347	0.1391
3348	0.14834
3349	-0.18009
3350	0.12288
3351	0.06476
3352	0.14404
3353	-0.17336
3354	-0.1655
3356	-0.09061
3357	-0.13063
3358	-0.17996
3359	-0.12948
3360	-0.14003
3361	-0.26672
3362	-0.08282
3363	-0.86562
3364	-0.53458
3365	0.01316
3366	0.0679
3367	-0.28483
3369	0
3370	0
3371	-0.12848
3372	-0.12132
3373	-0.08509
3374	-0.19833
3375	-0.05576
3376	-0.11028
3377	-1.19492
3378	0.01942
3379	0.08518
3380	-0.26946
3381	0.00062
3382	0.18577
3383	0.08715
3384	0.02424
3385	-0.02263
3386	0.21554
3387	0.00007
3388	0.01611
3389	-0.06641
3390	0.00403
3391	-0.01212
3392	0.066
3393	-0.05847
3394	0.00131
3395	0.13014
3396	-0.04132
3397	0.02469
3398	0.02337
3399	-0.01553
3400	0.00237
3401	0.05724
3402	-0.04022
3403	-0.02069
3404	-0.0355
3405	0.03626
3406	-0.01533
3407	0.0494
3408	0.12965
3409	-0.04632
3410	0.08195
3411	0.05882
3412	0.08881
3413	-0.16597
3414	0.00087
3415	0.03181
3416	-0.2272
3417	0.05426
3418	-0.02398
3419	0.05657
3420	-0.04888
3421	-0.00393
3422	0.07842
3423	0.06027
3424	0.00572
3425	0.04668
3426	-0.02416
3427	-0.00477
3428	0.06367
3429	-0.04434
3430	-0.00735
3431	-0.04354
3432	0.14919
3433	-0.01955
3434	-0.02329
3435	0.00757
3436	-0.13305
3437	-0.09502
3438	-0.01902
3439	-0.06016
3440	-0.14304
3441	-0.01768
3442	-0.04063
3443	-0.02671
3444	-0.18541
3445	-0.03909
3446	0.07
3447	0.06255
3448	0.10282
3449	0.00626
3450	0.02467
3451	0.01983
3452	0.00252
3453	0.12463
3454	0.1125
3455	-0.02662
3456	0.03148
3457	0.0182
3458	0.02644
3459	0.00591
3460	-0.03557
3461	0.10287
3462	-0.20673
3463	-0.01532
3464	0.04628
3465	0.17224
3466	-0.01498
3467	0.00676
3468	-0.04716
3469	0.1126
3470	0.0018
3471	0.0036
3472	0.03654
3473	-0.01094
3474	0.04336
3475	0.06545
3476	0.08813
3477	0.01036
3478	0.14264
3479	0.03178
3480	0.11213
3481	0.05677
3482	0.0603
3483	0.11065
3484	0.00931
3485	-0.02643
3486	-0.08755
3487	-0.02853
3488	-0.04716
3489	-0.00425
3490	-0.05804
3491	-0.12402
3492	-0.0232
3493	-0.06987
3494	-0.03449
3495	0.05068
3496	0.01172
3497	-0.08758
3498	-0.12851
3499	0.02582
3500	-0.03561
3501	-0.01954
3502	0.08158
3503	-0.02422
3504	-0.01628
3505	0.00542
3506	-0.04837
3507	-0.09624
3508	0.05384
3509	-0.20741
3510	0.00335
3511	0.00878
3512	-0.03276
3513	-0.0157
3514	-0.02677
3515	0.00266
3516	-0.01553
3517	0.00654
3518	0.15211
3519	0.02901
3520	-0.00443
3521	0.01028
3522	0.08281
3523	0.05759
3524	0.16552
3525	0.02846
3526	0.0165
3527	0.00629
3528	0.03011
3529	0.0122
3530	0.17597
3531	-0.0236
3532	0.00091
3533	0.04229
3534	0.12922
3535	0.00792
3536	-0.0143
3537	-0.02991
3538	-0.02758
3539	0.03876
3540	0.04257
3541	-0.00817
3542	0.03128
3543	-0.16888
3544	-0.01324
3545	0.00429
3546	0.14595
3547	0.10157
3548	-0.14903
3549	-0.00641
3550	0.04801
3551	-0.03623
3552	-0.01286
3553	0.01919
3554	0.01774
3555	-0.17848
3556	-0.02095
3557	-0.03528
3558	-0.02314
3559	-0.09964
3560	0.01768
3561	0.01504
3562	-0.13133
3563	-0.06998
3564	-0.03391
3565	0.01204
3566	-0.00495
3567	-0.01348
3568	0.03611
3569	0.02717
3570	-0.05043
3571	-0.02046
3572	-0.02955
3573	0.04468
3574	-0.02568
3575	0.08359
3576	0.00153
3577	-0.0129
3578	-0.0423
3579	-0.00351
3580	-0.12119
3581	-0.02907
3582	-0.04247
3583	-0.10495
3584	0.08781
3585	0.01724
3586	0.02473
3587	-0.01253
3588	0.02436
3589	0.00429
3590	-0.03753
3591	-0.04134
3592	0.036
3593	0.0496
3594	-0.03012
3595	0.01836
3596	0.02362
3597	-0.01913
3598	-0.05663
3599	0.024
3600	0.00385
3601	-0.00621
3602	0.30289
3603	0.05016
3604	0.00148
3605	0.02924
3606	0.31463
3607	-0.0173
3608	-0.01314
3609	-0.05896
3610	0.00686
3611	-0.04253
3612	-0.12715
3613	0.0264
3614	0.01246
3615	-0.00643
3616	-0.00442
3617	-0.16638
3618	0.02326
3619	-0.03623
3620	0.00128
3621	-0.00014
3622	0.00806
3623	0.04703
3624	0.04012
3625	-0.02379
3626	0.05758
3627	0.01215
3628	-0.01354
3629	0.09561
3630	-0.01117
3631	0.10205
3632	-0.02749
3633	0.02937
3634	-0.00566
3635	0.01833
3636	0.11783
3637	0.00572
3638	-0.00513
3639	-0.01317
3640	-0.11782
3641	0.02969
3642	0.04622
3643	-0.02098
3644	0.04457
3645	0.02204
3646	0.0056
3647	0.09155
3648	-0.05343
3649	0.10617
3650	-0.01797
3651	-0.0196
3652	-0.0368
3653	-0.04369
3654	-0.08135
3655	-0.00449
3656	-0.05612
3657	0.04494
3658	0.02607
3659	-0.04232
3660	0.14035
3661	-0.00666
3662	0.04793
3663	-0.03348
3664	-0.02509
3665	-0.05803
3666	0.06618
3667	0.05895
3668	-0.04937
3669	0.14951
3670	0.03156
3671	0.05587
3672	-0.00513
3673	0.03829
3674	0.04358
3675	-0.20691
3676	-0.0291
3677	-0.0008
3678	-0.03616
3679	0.0038
3680	-0.01761
3681	0.03237
3682	-0.00234
3683	-0.06312
3684	-0.04807
3685	-0.0008
3686	0.06103
3687	0.02719
3688	0.00139
3689	0.00585
3690	0.05247
3691	0.02366
3692	0.02645
3693	-0.07096
3694	-0.04983
3695	-0.00885
3696	-0.01603
3697	0.02342
3698	-0.19399
3699	-0.01347
3700	-0.30482
3701	0.01515
3702	-0.05117
3703	0.04843
3704	0.06849
3705	0.00917
3706	-0.04739
3707	0.00243
3708	-0.01923
3709	-0.04838
3710	0.0157
3711	-0.13486
3712	-0.03588
3713	-0.02485
3714	-0.03312
3715	0.03224
3716	-0.0383
3717	0.04013
3718	-0.01553
3719	0.08983
3720	0.01965
3721	0.00447
3722	-0.04318
3723	0.06427
3724	-0.0357
3725	-0.14573
3726	-0.01395
3727	0.03356
3728	0.013
3729	0.02062
3730	-0.00928
3731	0.07825
3732	0.14293
3733	0.02492
3734	-0.08
3735	0.04723
3736	0.07569
3737	0.01773
3738	0.00051
3739	0.05948
3740	0.07165
3741	-0.04893
3742	0.05715
3743	-0.02999
3744	-0.09423
3745	-0.01827
3746	-0.36713
3747	0.03498
3748	0.06339
3749	-0.00878
3750	-0.07126
3751	-0.05924
3752	0.02259
3753	0.02952
3754	-0.05104
3755	-0.05372
3756	0.09164
3757	-0.00785
3758	-0.02581
3759	-0.00648
3760	-0.06124
3761	-0.03927
3762	-0.06343
3763	-0.01767
3764	-0.00355
3765	-0.04974
3766	-0.02174
3767	-0.03411
3768	0.07386
3769	-0.10157
3770	-0.0229
3771	-0.0928
3772	-0.01342
3773	0.05782
3774	0.07095
3775	-0.10199
3776	0.01205
3777	0.02322
3778	0.06906
3779	-0.02064
3780	0.05729
3781	-0.04517
3782	0.06291
3783	-0.10697
3784	0.04115
3785	0.02059
3786	-0.02492
3787	0.01365
3788	-0.02546
3789	-0.51693
3790	-0.00533
3791	-0.05759
3792	0.03284
3793	0.0594
3794	-0.0641
3795	0.026
3796	-0.0054
3797	-0.00422
3798	-0.03983
3799	0.00295
3800	0.16369
3801	0.17154
3802	0.04809
3803	-0.02394
3804	-0.0096
3805	-0.04266
3806	-0.03366
3807	0.03253
3808	-0.07969
3809	0.0005
3810	0.07078
3811	-0.00297
3812	0.08815
3813	0.00638
3814	-0.01926
3815	-0.03339
3816	0.15341
3817	0.07501
3818	-0.09938
3819	0.02697
3820	-0.05964
3821	-0.00221
3822	-0.06364
3823	0.07704
3824	-0.04868
3825	0.00987
3826	0.06507
3827	0.07193
3828	0.0908
3829	0.14564
3830	0.00174
3831	0.04242
3832	0.04455
3833	-0.00756
3834	0.02119
3835	0.00755
3836	0.06057
3837	-0.06172
3838	-0.03511
3839	0.25563
3840	-0.0081
3841	0.06669
3842	0.02411
3843	0.02172
3844	-0.00247
3845	0.10739
3846	0.05082
3847	0.04274
3848	-0.0101
3849	-0.04479
3850	-0.1033
3851	-0.0041
3852	-0.02821
3853	0.00242
3854	-0.00978
3855	0.00188
3856	-0.01741
3857	-0.01248
3858	-0.01005
3859	-0.10551
3860	-0.21607
3861	-0.09807
3862	-0.02534
3863	-0.01159
3864	-0.47418
3865	0.03618
3866	0.01593
3867	0.05033
3868	-0.01647
3869	0.01388
3870	-0.08105
3871	0.0127
3872	0.15569
3873	0.04128
3874	0.06239
3875	-0.00022
3876	-0.02672
3877	0.03251
3878	0.11483
3879	0.03446
3880	-0.08929
3881	0.03998
3882	-0.02741
3883	-0.19556
3884	0.00092
3885	0.01909
3886	0.03531
3887	0.05023
3888	-0.00584
3889	0.54306
3890	-0.10013
3891	0.05118
3892	0.04253
3893	0.04795
3894	-0.00129
3895	0.00187
3896	0.0599
3897	0.01116
3898	0.00716
3899	0.03018
3900	0.12319
3901	0
3902	0
3903	0
3904	0
3905	0.03105
3906	0
3907	0
3908	0
3909	0
3910	0
3911	0.13819
3912	-0.00963
3913	-0.02138
3914	-0.11732
3915	0
3916	0
3917	0.2021
3918	0.07466
3919	0
3920	0.00158
3921	0.09418
3922	-0.01965
3923	-0.03392
3924	-0.13661
3925	-0.08329
3926	0.04077
3927	0
3928	0
3929	0
3930	-0.03329
3931	0
3932	0
3933	0
3934	0
3935	0.07707
3936	0.14974
3937	0.15201
3938	0.03579
3939	0.01552
3940	0
3941	-1.21893
3942	0.16109
3943	0
3944	0
3945	0
3946	0
3947	0.1858
3948	0.17724
3949	0.13523
3950	0.09269
3951	0.04972
3952	0.02528
3953	0
3954	0
3955	0
3956	0
3957	0
3958	0
3959	0
3960	0
3961	0
3962	-0.06733
3963	0.1049
3964	-0.04672
3965	0
3966	-0.10555
3967	0.06347
3968	-0.0119
3969	0.03676
3970	-0.02219
3971	-0.06365
3972	-0.02143
3973	-0.04062
3974	0.01159
3975	0.14411
3976	0.02468
3977	0.0611
3978	0
3979	0.13126
3980	0.12711
3981	0.00232
3982	-0.05742
3983	0.12236
3984	0.19741
3985	0.14252
3986	0.13581
3987	0.09769
3988	0.14427
3989	0.12193
3990	0.05816
3991	0
3992	-0.0081
3993	0.02806
3994	0.00985
3995	-0.05578
3996	0.00523
3997	-0.02392
3998	-0.03669
3999	0.1744
4000	-0.01301
4001	0.05229
4002	0.04763
4003	0.05669
4004	0
4006	-0.06023
4007	-0.45156
4008	-0.15443
4009	0.02654
4010	0.07129
4011	0.12149
4012	-0.21528
4013	-0.04102
4014	-0.00317
4015	0.05922
4016	-0.29336
4017	-0.27302
4019	-0.02413
4020	-0.31347
4021	-0.16199
4022	0.02322
4023	0.07218
4024	0.14703
4025	-0.22253
4026	0.02195
4027	0.0292
4028	0.11494
4029	-0.1718
4030	-0.13834
4032	-0.11212
4033	-0.21733
4034	-0.22348
4035	-0.13937
4036	-0.15571
4037	-0.29629
4038	-0.08967
4039	-0.07069
4040	-1.23752
4041	0.0052
4042	0.05521
4043	-0.28997
4045	-0.04753
4046	0
4047	-0.07457
4048	0
4049	0.07819
4050	-0.07971
4051	-0.06534
4052	-1.12664
4053	-1.12219
4054	0.06264
4055	0.08776
4056	-0.0796
4057	-0.02677
4058	-0.02405
4059	0.04759
4060	0.06173
4061	0.03269
4062	0.51494
4063	-0.02523
4064	0.00258
4065	0.04374
4066	-0.04476
4067	0.12209
4068	0.00806
4069	-0.05108
4070	0.03845
4071	-0.0318
4072	0.04003
4073	-0.04674
4074	0.14652
4075	-0.05774
4076	-0.00614
4077	0.02927
4078	0.06195
4079	-0.02614
4080	-0.02
4081	0.10101
4082	0.05979
4083	0.00166
4084	-0.02255
4085	0.06466
4086	0.02569
4087	0.11658
4088	-0.02797
4089	0.02326
4090	0.01025
4091	0.11408
4092	0.038
4093	0.03049
4094	-0.0196
4095	0.153
4096	0.06338
4097	0.10285
4098	0.00489
4099	0.01691
4100	0.01394
4101	0.02392
4102	0.08278
4103	-0.00743
4104	0.01848
4105	-0.01567
4106	0.26443
4107	-0.03695
4108	-0.01932
4109	0.02517
4110	-0.06076
4111	0.02472
4112	0.02358
4113	-0.01829
4114	0.04811
4115	0.00742
4116	-0.06056
4117	0.02206
4118	0.25051
4119	0.01965
4120	-0.02875
4121	-0.073
4122	-0.00993
4123	-0.04219
4124	-0.03355
4125	-0.02571
4126	0.03381
4127	-0.30169
4128	-0.00354
4129	-0.04443
4130	0.00518
4131	-0.03958
4132	0.04278
4133	-0.06202
4134	-0.02739
4135	0.05499
4136	0.04381
4137	0.00388
4138	-0.33361
4139	-0.34084
4140	-0.30425
4141	-0.02992
4142	-0.02214
4143	0.10717
4144	-0.16948
4145	0.15907
4146	0.02776
4147	0.04634
4148	-0.03695
4149	-0.00396
4150	0.00611
4151	-0.11764
4152	0.00224
4153	-0.02969
4154	0.03871
4155	-0.26727
4156	0.00793
4157	-0.015
4158	-0.00517
4159	0.04275
4160	0.17636
4161	0.00481
4162	0.03036
4163	0.02205
4164	-0.03099
4165	0.04409
4166	-0.00215
4167	0.19033
4168	-0.04446
4169	-0.01688
4170	-0.00967
4171	-0.24325
4172	-0.00091
4173	-0.02831
4174	0.00363
4175	0.04472
4176	0.03584
4177	-0.01342
4178	-0.06123
4179	-0.01313
4180	-0.03517
4181	-0.16229
4182	-0.04696
4183	0.01223
4184	-0.0716
4185	0.01881
4186	0.11725
4187	0.09804
4188	0.10109
4189	0.01132
4190	0.05809
4191	-0.01817
4192	0.07569
4193	-0.0045
4194	0.04461
4195	0.02356
4196	-0.02863
4197	0.02221
4198	0.12627
4199	-0.00968
4200	0.04353
4201	-0.16949
4202	-0.22735
4203	-0.02432
4204	0.02872
4205	0.03169
4206	0.01665
4207	0.00926
4208	0.10892
4209	-0.00355
4210	-0.03577
4211	0.04779
4212	-0.00828
4213	-0.03085
4214	0.0148
4215	0.011
4216	-0.06218
4217	-0.02278
4218	0.02815
4219	-0.0225
4220	-0.045
4221	-0.0097
4222	0.0566
4223	0.16117
4224	0.00541
4225	-0.06525
4226	-0.00313
4227	0.01923
4228	0.10869
4229	-0.03487
4230	0.04905
4231	-0.07947
4232	0.05609
4233	0.03851
4234	0.12307
4235	-0.18221
4236	0.02881
4237	0.03303
4238	0.03716
4239	0.07566
4240	-0.02483
4241	0.12056
4242	0.0085
4243	0.0715
4244	0.00088
4245	0.05896
4246	-0.42404
4247	-0.01102
4248	-0.01784
4249	-0.00634
4250	-0.07416
4251	-0.02734
4252	-0.14431
4253	-0.04342
4254	-0.00205
4255	-0.03134
4256	0.01885
4257	-0.03679
4258	-0.02866
4259	0.01829
4260	-0.05787
4261	-0.00015
4262	-0.27569
4263	0.03402
4264	-0.0202
4265	-0.04406
4266	-0.01444
4267	-0.08685
4268	0.06259
4269	-0.01806
4270	-0.00114
4271	-0.05882
4272	-0.22359
4273	0.00698
4274	-0.03348
4275	0.01814
4276	-0.07862
4277	-0.09191
4278	-0.00966
4279	-0.00022
4280	0.00598
4281	-0.02961
4282	-0.04377
4283	0.00074
4284	-0.09372
4285	-0.10792
4286	-0.02267
4287	0.18501
4288	0.01134
4289	-0.04038
4290	-0.00701
4291	0.04391
4292	-0.12509
4293	0.55552
4294	0.07054
4295	0.03596
4296	0.01122
4297	0.08704
4298	0.1143
4299	-0.21054
4300	0.0861
4301	0.00105
4302	0.19097
4303	0.01109
4304	-0.01845
4305	0.07924
4306	0.29252
4307	-0.06678
4308	0.03518
4309	-0.0373
4310	-0.15327
4311	0.00756
4312	-0.02699
4313	0.03702
4314	0.02861
4315	0.04487
4316	-0.03228
4317	0.18282
4318	0.03207
4319	-0.02826
4320	-0.01527
4321	-0.25014
4322	0.01093
4323	-0.02173
4324	-0.01261
4325	-0.26587
4326	-0.04382
4327	-0.07487
4328	0.00554
4329	-0.08204
4330	0.02507
4331	-0.07084
4332	-0.10533
4333	-0.02716
4334	-0.12792
4335	-0.00359
4336	-0.02101
4337	0.0369
4338	-0.00092
4339	-0.06064
4340	-0.01143
4341	-0.01057
4342	0.01749
4343	-0.00215
4344	0.02811
4345	0.02486
4346	-0.05902
4347	0.05767
4348	-0.0251
4349	-0.0047
4350	0.29391
4351	0.07688
4352	0.16077
4353	0.03507
4354	0.00274
4355	0.04349
4356	-0.06098
4357	-0.04557
4358	-0.03292
4359	0.0003
4360	-0.11228
4361	-0.01919
4362	0.01932
4363	0.08564
4364	-0.01948
4365	0.07417
4366	-0.0049
4367	0.01672
4368	0.07239
4369	0.06557
4370	0.19739
4371	-0.01561
4372	0.00746
4373	-0.04492
4374	0.02673
4375	0.02442
4376	0.01124
4377	0.04459
4378	-0.01427
4379	-0.0211
4380	0.03996
4381	0.00506
4382	-0.21859
4383	0.01496
4384	-0.04227
4385	-0.03743
4386	-0.01845
4387	-0.01158
4388	-0.02204
4389	0.06554
4390	-0.27255
4391	0.01515
4392	0.00405
4393	-0.34182
4394	-0.02957
4395	0.00558
4396	0.0564
4397	-0.01183
4398	0.04231
4399	0.14761
4400	-0.00228
4401	0.1223
4402	0.07146
4403	-0.01281
4404	0.03872
4405	0.00678
4406	0.05869
4407	0.01508
4408	-0.14976
4409	-0.06317
4410	-0.02819
4411	0.06178
4412	0.05814
4413	0.06372
4414	0.0012
4415	0.00196
4416	-0.10319
4417	-0.0443
4418	-0.01693
4419	-0.05702
4420	-0.04709
4421	0.01069
4422	-0.08757
4423	-0.13383
4424	-0.03031
4425	-0.08009
4426	-0.09144
4427	-0.02151
4428	-0.01992
4429	-0.02443
4430	-0.01272
4431	0.03763
4432	-0.01961
4433	-0.00664
4434	-0.05177
4435	-0.0045
4436	0.03985
4437	0.02993
4438	-0.03526
4439	-0.58077
4440	0.07301
4441	-0.02823
4442	0.11581
4443	-0.07924
4444	0.01234
4445	-0.02845
4446	0.08095
4447	0.01944
4448	-0.06269
4449	-0.01768
4450	0.05713
4451	-0.0067
4452	-0.01245
4453	-0.01975
4454	-0.03655
4455	-0.04414
4456	-0.00151
4457	0.17782
4458	0.04242
4459	0.04276
4460	-0.05342
4461	0.07674
4462	-0.13219
4463	-0.02098
4464	0.11592
4465	0.01414
4466	-0.03158
4467	0.09936
4468	-0.02819
4469	-0.02796
4470	0.0044
4471	0.07669
4472	-0.0087
4473	-0.03578
4474	-0.00725
4475	0.00494
4476	0.04234
4477	-0.02879
4478	-0.01384
4479	-0.3596
4480	-0.05722
4481	0.05189
4482	0.03251
4483	-0.11507
4484	0.15833
4485	-0.01057
4486	-0.03267
4487	-0.03381
4488	-0.11241
4489	-0.08332
4490	-0.05707
4491	-0.03588
4492	-0.05238
4493	0.0016
4494	-0.04641
4495	-0.01098
4496	0.03624
4497	0.03088
4498	0.01762
4499	0.0089
4500	-0.06101
4501	-0.25147
4502	0.02393
4503	0.02135
4504	-0.00965
4505	-0.00419
4506	-0.02015
4507	0.00857
4508	-0.02013
4509	0.03871
4510	-0.01456
4511	0.05159
4512	-0.04679
4513	-0.00664
4514	0.03357
4515	-0.15417
4516	-0.0124
4517	-0.00386
4518	0.01847
4519	-0.11636
4520	-0.09974
4521	0.04337
4522	-0.083
4523	0.04704
4524	0.07621
4525	-0.00004
4526	-0.04375
4527	0.00805
4528	-0.01556
4529	-0.01109
4530	-0.29388
4531	0.01865
4532	-0.31614
4533	0.05641
4534	0.0491
4535	0.02007
4536	0.00202
4537	-0.01919
4538	0.03611
4539	-0.00522
4540	-0.02577
4541	0.05195
4542	-0.11845
4543	0.00207
4544	-0.1474
4545	-0.02678
4546	-0.16505
4547	0.03924
4548	-0.18894
4549	0.02955
4550	0.02649
4551	-0.00727
4552	0.01932
4553	-0.03601
4554	0.0091
4555	-0.04157
4556	0.05387
4557	-0.01495
4558	-0.051
4559	-0.01175
4560	-0.02182
4561	-0.05197
4562	-0.18287
4563	0.06279
4564	-0.03388
4565	0.08619
4566	-0.04102
4567	-0.00237
4568	-0.08785
4569	0.04433
4570	-0.01431
4571	0.02023
4572	-0.00034
4573	-0.03873
4574	-0.03526
4575	-0.00708
4576	-0.04983
4577	0.23171
4578	0.23369
4579	0.21103
4580	0.26506
4581	0.2311
4582	0.13717
4583	0.0835
4584	0.08656
4585	0.31588
4586	0.24639
4587	0.1356
4588	0.04121
4589	-0.03678
4590	-0.34682
4591	-0.23028
4592	0.06162
4593	-0.01449
4594	-0.06856
4595	-0.06767
4596	0.29429
4597	-0.01866
4598	-0.00812
4599	-0.0242
4600	0.09108
4601	0.01056
4602	-0.14322
4603	0.11081
4604	0.13917
4605	0.19353
4606	0.19428
4607	0.23196
4608	0.19834
4609	0.12275
4610	0.16319
4611	0.16964
4612	0.10798
4613	0.07281
4614	0.08137
4615	-0.03386
4616	-0.00132
4617	-0.00378
4618	-0.05656
4619	0.08841
4620	-0.01718
4621	0.03418
4622	-0.04377
4623	-0.0054
4624	0.00076
4625	0.02085
4626	-0.07402
4627	0.11898
4628	-0.00841
4629	0
4630	0.19049
4631	0.23035
4632	0.22744
4633	0.1425
4634	0.22617
4635	0.26367
4636	0.26552
4637	0.25035
4638	0.22685
4639	0.21662
4640	0.31725
4641	0.312
4642	-0.08081
4643	-0.00608
4644	-0.00111
4645	-0.09813
4646	0.09798
4647	0.04214
4648	0.01997
4649	-0.04254
4650	-0.02663
4651	0.01099
4652	-0.01686
4653	-0.09908
4654	-0.22998
4655	0.09242
4656	0.134
4657	0.22168
4658	0.18934
4659	0.1777
4660	0.22844
4661	0.14385
4662	0.20414
4663	0.10391
4664	0.12421
4665	0.17161
4666	0.18284
4667	0.21822
4668	-0.02206
4669	0.14681
4670	-0.04386
4671	0.09183
4672	-0.07246
4673	0.0609
4674	-0.28552
4675	-0.03137
4676	-0.01591
4677	0.13997
4678	-0.02703
4679	0.00949
4680	-0.25698
4682	-0.07285
4683	-0.28791
4684	0.00556
4685	-0.28502
4686	-0.28602
4687	-0.01869
4688	-0.75411
4689	0.00406
4690	-0.05237
4691	0.08771
4692	-0.08123
4693	-0.02693
4695	-0.06452
4696	-0.67828
4697	-0.02087
4698	-0.25446
4699	-0.28101
4700	0.00391
4701	-1.25482
4702	-0.05589
4703	-0.1309
4704	0.08893
4705	-0.0372
4706	-0.03011
4708	-0.01563
4709	0.10518
4710	-0.19701
4711	-0.05076
4712	-0.11224
4713	0.07994
4714	-0.20611
4715	0.10132
4716	0.10356
4717	-0.59201
4718	0.00372
4719	-0.50289
4721	-0.02059
4722	0.10909
4723	-0.09887
4724	-0.07734
4725	-0.04047
4726	0.09901
4727	-0.19681
4728	0.08883
4729	0.10591
4730	-0.64255
4731	-0.01523
4732	-0.72549
4733	-0.0532
4734	0.20997
4735	-0.01821
4736	0.06952
4737	0.00017
4738	-0.00818
4739	-0.03834
4740	0.03663
4741	-0.04498
4742	-0.12501
4743	-0.2037
4744	0.14542
4745	-0.0397
4746	-0.04051
4747	0.12327
4748	0.07513
4749	-0.06543
4750	0.04082
4751	0.00817
4752	0.0189
4753	-0.03904
4754	-0.06298
4755	-0.07233
4756	-0.01308
4757	-0.12691
4758	0
4759	0.11042
4760	0.16105
4761	-0.05423
4762	0.12205
4763	0.39924
4764	-0.02842
4765	-0.28995
4766	0.04656
4767	-0.06035
4768	0.09287
4769	0.03506
4770	0.14095
4771	-0.06456
4772	0.0134
4773	-0.20305
4774	0.06534
4775	-0.01692
4776	0.02913
4777	-0.04256
4778	-0.03853
4779	-0.06045
4780	-0.03281
4781	0.11506
4782	-0.03678
4783	0.0216
4784	-0.05074
4785	0.02008
4786	0.06885
4787	-0.0286
4788	-0.04245
4789	-0.0142
4790	-0.06874
4791	-0.07219
4792	-0.19029
4793	-0.05257
4794	-0.01447
4795	-0.0251
4796	-0.22628
4797	0.03896
4798	-0.00795
4799	0.02158
4800	-0.01901
4801	-0.01393
4802	-0.05993
4803	-0.01426
4804	0.01935
4805	-0.11685
4806	-0.01252
4807	0.03834
4808	0.06274
4809	0.038
4810	-0.01708
4811	-0.01996
4812	-0.00818
4813	-0.00912
4814	-0.20608
4815	-0.03787
4816	-0.06878
4817	0.06494
4818	0.01165
4819	0.06903
4820	0.02431
4821	0.16792
4822	-0.01988
4823	0.10667
4824	-0.02665
4825	-0.02561
4826	-0.01208
4827	0.02535
4828	0.04954
4829	-0.02161
4830	0.03805
4831	-0.00507
4832	-0.09387
4833	-0.04086
4834	-0.00705
4835	-0.15024
4836	-0.00111
4837	-0.0944
4838	-0.07728
4839	-0.06013
4840	-0.03208
4841	-0.01583
4842	-0.02653
4843	-0.02114
4844	-0.05267
4845	-0.06174
4846	0.17714
4847	0.1913
4848	0.05015
4849	-0.093
4850	-0.09064
4851	-0.06091
4852	0.05293
4853	-0.02195
4854	-0.00611
4855	-0.02377
4856	0.00542
4857	0.12506
4858	-0.04567
4859	-0.10169
4860	-0.01582
4861	-0.4257
4862	-0.03017
4863	-0.02041
4864	-0.04816
4865	-0.02636
4866	0.02779
4867	-0.04072
4868	-0.01843
4869	0.00159
4870	0.20012
4871	-0.03554
4872	0.01374
4873	-0.00057
4874	0.02825
4875	0.00812
4876	0.0312
4877	0.01982
4878	-0.06265
4879	-0.06704
4880	0.04472
4881	-0.08463
4882	0.02526
4883	-0.02331
4884	0.04612
4885	-0.03615
4886	0.09888
4887	-0.01573
4888	0.00616
4889	0.04174
4890	-0.0246
4891	0.10648
4892	-0.02817
4893	0.10721
4894	0.09981
4895	-0.13991
4896	0.09663
4897	-0.01725
4898	0.07665
4899	0.04312
4900	-0.04581
4901	0.01114
4902	-0.06193
4903	-0.08904
4904	-0.0556
4905	0.00552
4906	0.03206
4907	-0.06275
4908	0.00688
4909	0.04181
4910	-0.06834
4911	-0.311
4912	-0.13946
4913	-0.02621
4914	-0.06739
4915	0.05032
4916	0.05287
4917	-0.03967
4918	0.21255
4919	0.00709
4920	0.23326
4921	0.00617
4922	-0.03366
4923	-0.01383
4924	0.17157
4925	-0.03229
4926	-0.04238
4927	-0.09173
4928	0.01086
4929	-0.11449
4930	0.2511
4931	-0.05865
4932	-0.21852
4933	-0.07715
4934	-0.03552
4935	-0.18441
4936	-0.18259
4937	0.04074
4938	-0.14672
4939	-0.01655
4940	0.18255
4941	-0.03997
4942	-0.12712
4943	0.00558
4944	-0.00208
4945	-0.05998
4946	-0.19936
4947	0.0001
4948	-0.05301
4949	0.00679
4950	-0.00265
4951	-0.00536
4952	-0.17207
4953	0.10424
4954	0.03754
4955	-0.11148
4956	-0.03226
4957	-0.02566
4958	0.21807
4959	-0.06245
4960	0.03344
4961	-0.01583
4962	0.00621
4963	-0.037
4964	-0.08108
4965	-0.02752
4966	0.19324
4967	0.02593
4968	0.00356
4969	-0.10643
4970	-0.00175
4971	-0.06985
4972	0.0267
4973	0.87464
4974	-0.03104
4975	0.03652
4976	-0.05137
4977	0.02779
4978	0.00862
4979	0.04896
4980	0.01133
4981	-0.02167
4982	0.09196
4983	-0.04227
4984	-0.01731
4985	0.05221
4986	-0.01578
4987	0.02036
4988	0.06664
4989	-0.07014
4990	-0.02962
4991	-0.01525
4992	-0.01535
4993	0.07347
4994	0.00762
4995	0.07208
4996	0.10129
4997	0.06652
4998	0.05113
4999	0.04001
5000	0.02276
5001	0.1427
5002	0.00867
5003	0.11941
5004	0.09397
5005	-0.03169
5006	-0.204
5007	-0.02083
5008	0.02165
5009	0.01573
5010	0.20441
5011	0.06361
5012	-0.08331
5013	0.01431
5014	0.03626
5015	-0.10803
5016	-0.02127
5017	-0.02056
5018	0.01646
5019	-0.03459
5020	0.04612
5021	-0.01593
5022	0.02465
5023	0.04249
5024	-0.36249
5025	0.03331
5026	0.12154
5027	-0.10344
5028	0.03246
5029	0.05364
5030	-0.00371
5031	-0.06272
5032	-0.02659
5033	-0.01206
5034	0.02676
5035	-0.02968
5036	-0.00235
5037	-0.08386
5038	-0.00054
5039	-0.04099
5040	-0.1011
5041	-0.01277
5042	0.02479
5043	0.03898
5044	0.1084
5045	-0.13998
5046	-0.01902
5047	0.00245
5048	0.01608
5049	0.03517
5050	-0.21046
5051	0.06779
5052	-0.00401
5053	0.00717
5054	-0.00873
5055	-0.00721
5056	-0.00931
5057	-0.15465
5058	0.06719
5059	-0.00919
5060	-0.0265
5061	-0.07545
5062	-0.02056
5063	0.01967
5064	0.00667
5065	-0.05351
5066	-0.00162
5067	0.05571
5068	-0.02553
5069	-0.01929
5070	0.06604
5071	0.04877
5072	0.00351
5073	-0.07012
5074	-0.21751
5075	0.05777
5076	-0.09873
5077	-0.09948
5078	-0.04749
5079	0.16471
5080	-0.06153
5081	-0.00639
5082	0.0453
5083	0.03753
5084	0.01596
5085	-0.03796
5086	-0.01275
5087	-0.01442
5088	-0.01691
5089	0.02486
5090	-0.03838
5091	-0.08299
5092	0.01672
5093	-0.06706
5094	0.14383
5095	-0.00387
5096	-0.09656
5097	0.13254
5098	-0.60578
5099	-0.01926
5100	0.0641
5101	-0.01695
5102	0.03571
5103	0.00468
5104	-0.0267
5105	0.02861
5106	-0.03447
5107	-0.07008
5108	0.205
5109	-0.02231
5110	-0.12577
5111	-0.0314
5112	-0.27787
5113	-0.02858
5114	0.037
5115	0.00363
5116	-0.0246
5117	0.00343
5118	-0.04052
5119	-0.23165
5120	-0.02984
5121	-0.13298
5122	0.07251
5123	-0.00178
5124	-0.04346
5125	-0.02114
5126	0.08936
5127	0.01285
5128	0.00405
5129	0.12099
5130	0.05716
5131	-0.04605
5132	-0.0599
5133	0.05252
5134	-0.00629
5135	-0.05685
5136	-0.13971
5137	0.11345
5138	0.01089
5139	-0.01925
5140	0.00233
5141	-0.12839
5142	-0.00189
5143	-0.03178
5144	0.11684
5145	0.06422
5146	-0.00973
5147	-0.18402
5148	-0.01218
5149	0.06718
5150	0.0005
5151	0.10575
5152	0.05714
5153	-0.0143
5154	0.02081
5155	0.06101
5156	0.01367
5157	-0.05335
5158	-0.03028
5159	0.07386
5160	-0.05306
5161	-0.01415
5162	-0.0053
5163	0.02194
5164	0.02507
5165	-0.0538
5166	-0.00405
5167	0.02415
5168	0.00688
5169	0.10199
5170	-0.23942
5171	-0.05844
5172	-0.05224
5173	0.0062
5174	-0.03538
5175	0.00264
5176	0.01431
5177	0.05982
5178	0.02099
5179	0.10983
5180	-0.00411
5181	-0.0158
5182	0.04769
5183	0.14792
5184	-0.02559
5185	-0.0376
5186	-0.01229
5187	0.0823
5188	-0.05056
5189	-0.20824
5190	-0.02433
5191	0.19609
5192	-0.05211
5193	0.01968
5194	0.02854
5195	0.02136
5196	-0.06244
5197	0.08712
5198	-0.01861
5199	0.01936
5200	-0.02426
5201	-0.01559
5202	0.01764
5203	0.14037
5204	-0.15819
5205	0.01841
5206	-0.12678
5207	0.26791
5208	0.01521
5209	0.08013
5210	-0.02037
5211	0.02442
5212	0.02559
5213	-0.15321
5214	-0.02479
5215	-0.03266
5216	-0.005
5217	-0.01892
5218	-0.00245
5219	-0.33885
5220	-0.00016
5221	-0.0201
5222	-0.59903
5223	0.00922
5224	0.85954
5225	-0.01742
5226	0.05857
5227	0.00489
5228	-0.03032
5229	0.03135
5230	0.02997
5231	-0.00117
5232	-0.00754
5233	0.09326
5234	0.04525
5235	-0.04647
5236	0.02261
5237	-0.02066
5238	0.04545
5239	0.09442
5240	0.0021
5241	0.05041
5242	-0.09037
5243	0.00605
5244	0.04199
5245	-0.1473
5246	-0.00782
5247	-0.11916
5248	-0.08215
5249	0.01044
5250	-0.03793
5251	0.02543
5252	-0.06248
5253	0
5254	0
5255	0
5256	0
5257	0
5258	0
5259	0
5260	0
5261	0
5262	0
5263	0.21136
5264	-0.03331
5265	0.01321
5266	0
5267	0
5268	0
5269	0
5270	0
5271	0
5272	0
5273	0
5274	0.1189
5275	0.16981
5276	-0.09319
5277	-0.11902
5278	-0.1042
5279	0
5280	0.16867
5281	0.30658
5282	0.21943
5283	0.20017
5284	0.2029
5285	0.19571
5286	0.21186
5287	0.23285
5288	0.19054
5289	0.09942
5290	0.0468
5291	-0.01217
5292	0
5293	0
5294	0
5295	0
5296	0
5297	0
5298	0
5299	0
5300	0
5301	0.17294
5302	0.20346
5303	0.05267
5304	-0.02643
5305	0
5306	0
5307	0
5308	0
5309	0
5310	0
5311	0
5312	0.04357
5313	0
5314	0.29841
5315	0.35748
5316	0.07616
5317	0
5318	-0.2323
5319	-0.01658
5320	-0.0052
5321	0.01818
5322	-0.04497
5323	-0.03052
5324	0.00455
5325	-0.0624
5326	0.03952
5327	-0.02393
5328	0.02706
5329	-0.00576
5330	0
5331	0.11168
5332	0.07029
5333	0.0238
5334	-0.02731
5335	0.07468
5336	0.04005
5337	-0.02861
5338	-0.0008
5339	0.0533
5340	-0.02476
5341	-0.08905
5342	-0.11381
5343	0.29786
5344	0.00459
5345	-0.00296
5346	-0.02599
5347	-0.09406
5348	0.0598
5349	-0.02453
5350	-0.00266
5351	-0.00541
5352	0.12822
5353	-0.02003
5354	-0.00621
5355	-0.02069
5356	0
5358	-0.12083
5359	-0.7511
5360	-0.02578
5361	-0.24868
5362	-0.19149
5363	-0.01688
5364	-1.21194
5365	-0.08003
5366	-0.08158
5367	0.06108
5368	-0.05649
5369	0.03702
5371	-0.06693
5372	-0.6602
5373	-0.03679
5374	-0.19174
5375	-0.23241
5376	-0.01531
5377	-0.9723
5378	-0.11144
5379	-0.18764
5380	0.06762
5381	-0.05168
5382	-0.02816
5384	-0.02667
5385	0.09594
5386	-0.13774
5387	-0.07919
5388	-0.06997
5389	0.10359
5390	-0.21801
5391	0.06924
5392	0.07707
5393	-0.53341
5394	-0.01398
5395	-0.62939
5397	-0.01313
5398	0.10844
5399	-0.16824
5400	-0.1225
5401	-0.15233
5402	0.11392
5403	-0.21799
5404	0.06918
5405	0.06715
5406	-0.43719
5407	-0.01496
5408	-0.75661
