1	5.6E-01
2	-4.2E-01
3	-4.1E-01
4	-1.6E-01
5	4.2E-01
6	-3.4E-01
7	5.1E-01
8	9.6E-01
9	5.6E-02
10	6.9E-01
11	-5.8E-02
12	7.8E-01
13	2.9E-01
14	6.2E-01
15	-5.2E-01
16	8.9E-01
17	2.1E-01
18	-1.2E-01
19	4.9E-01
20	-7.6E-01
21	-3.2E-02
22	-3.4E-01
23	-9.7E-01
24	1.7E-01
25	1.8E-01
26	-1.6E-01
27	-2.8E-01
28	4.0E-01
29	7.4E-01
30	3.5E-01
31	2.6E-02
32	-1.8E-01
33	7.7E-01
34	3.4E-01
35	4.8E-02
36	-4.4E-01
37	5.7E-02
38	4.2E-01
39	-1.7E-01
40	-1.2E+00
41	1.8E-02
42	-1.7E-03
43	3.0E-01
44	4.0E-01
45	-2.1E-01
46	-7.1E-01
47	-9.4E-01
48	-6.4E-02
49	-7.1E-01
50	2.7E-01
51	-1.3E-01
52	5.9E-01
53	3.1E-01
54	4.4E-01
55	1.4E-01
56	-7.8E-02
57	8.6E-02
58	-1.7E-01
59	6.1E-01
60	-6.2E-01
61	-7.3E-02
62	-4.5E-01
63	2.0E-01
64	4.2E-01
65	7.3E-01
66	7.6E-01
67	-1.7E-02
68	6.1E-01
69	7.5E-01
70	-1.4E-02
71	4.4E-01
72	5.1E-01
73	1.7E-01
74	8.4E-01
75	4.4E-01
76	4.3E-01
77	-4.3E-02
78	1.1E+00
79	-7.9E-02
80	5.4E-01
81	-1.2E-01
82	-7.4E-01
83	1.0E-01
84	6.9E-01
85	3.8E-01
86	5.7E-01
87	5.6E-02
88	-1.1E-02
89	1.4E+00
90	-8.5E-02
91	7.9E-02
92	-5.9E-01
93	0.0E+00
94	-1.0E+00
95	5.4E-01
96	-7.8E-02
97	5.8E-02
98	-1.6E-01
99	3.0E-01
100	4.1E-01
101	5.0E-01
102	-4.9E-01
103	1.9E-01
104	-4.0E-01
105	-3.9E-01
106	6.5E-01
107	8.5E-01
108	-2.0E-02
109	-4.5E-02
110	1.2E-01
111	4.4E-02
112	-5.3E-01
113	5.8E-01
114	-1.1E-01
115	1.3E-02
116	-1.1E-01
117	5.6E-01
118	1.8E-02
119	-4.1E-02
120	-7.1E-03
121	4.5E-01
122	3.1E-01
123	7.0E-02
124	-3.8E-01
125	-3.4E-01
126	1.6E-01
127	-1.6E-01
128	-6.9E-01
129	-1.7E-01
130	-6.7E-01
131	-2.6E-01
132	3.2E-01
133	-9.7E-02
134	-2.5E-01
135	-1.4E-01
136	6.3E-01
137	-4.7E-01
138	1.0E-01
139	8.2E-01
140	-1.2E-01
141	-9.8E-02
142	-2.6E-02
143	2.2E-01
144	6.1E-01
145	8.1E-02
146	8.5E-01
147	9.0E-01
148	-3.9E-01
149	2.6E-01
150	-2.7E-01
151	2.7E-01
152	4.0E-01
153	9.8E-01
154	5.8E-01
155	-4.0E-01
156	-5.9E-01
157	-2.7E-01
158	7.5E-01
159	-4.0E-01
160	-1.6E-01
161	2.0E-01
162	2.1E-01
163	2.4E-01
164	-4.3E-01
165	-7.3E-01
166	2.4E-01
167	-3.4E-01
168	-4.9E-01
169	1.5E-01
170	4.0E-01
171	6.3E-02
172	1.3E-01
173	-3.0E-01
174	-4.8E-02
175	-2.5E-01
176	7.1E-01
177	8.3E-02
178	-1.5E+00
179	-8.9E-01
180	-3.3E-01
181	3.7E-01
182	8.4E-03
183	2.3E-01
184	-2.2E-01
185	-3.5E-01
186	-2.3E+00
187	-4.0E-01
188	4.2E-01
189	5.3E-01
190	-4.7E-01
191	-1.1E-01
192	-2.1E-01
193	-9.7E-02
194	-5.5E-01
195	-3.2E-02
196	-4.4E-01
197	-2.0E-01
198	-1.2E-01
199	2.0E-01
200	-6.9E-01
201	6.4E-01
202	-4.1E-01
203	-6.0E-01
204	-3.0E-01
205	1.1E-01
206	-7.5E-02
207	2.2E-01
208	1.3E-01
209	-9.2E-01
210	9.0E-01
211	5.6E-01
212	2.8E-01
213	5.5E-01
214	-8.0E-01
215	-3.4E-01
216	3.4E-01
217	3.5E-01
218	-1.9E-01
219	6.0E-01
220	2.9E-01
221	-3.0E-01
222	5.9E-01
223	0.0E+00
224	5.3E-01
225	-7.9E-02
226	-2.6E-01
227	8.7E-02
228	7.7E-01
229	3.9E-01
230	-1.1E-01
231	-3.8E-01
232	4.3E-01
233	-8.2E-01
234	7.0E-01
235	-6.9E-02
236	2.3E-01
237	5.1E-01
238	-1.5E-01
239	1.0E+00
240	3.0E-01
241	-7.0E-02
242	1.1E-01
243	3.4E-01
244	7.4E-01
245	-1.5E-01
246	3.8E-01
247	2.0E-01
248	-2.1E-01
249	-5.6E-01
250	-1.2E-01
251	-8.5E-01
252	-5.7E-01
253	5.0E-02
254	2.0E-01
255	-1.4E-01
256	-3.3E-02
257	-6.3E-01
258	8.0E-02
259	3.4E-02
260	-2.5E-02
261	-3.2E-01
262	3.2E-01
263	2.7E-01
264	-1.6E-01
265	-2.4E-01
266	-1.8E-01
267	-1.3E-01
268	-1.2E-01
269	1.7E-01
270	1.0E+00
271	-7.7E-01
272	5.0E-01
273	7.5E-01
274	-3.6E-01
275	-1.6E-01
276	-4.7E-01
277	-5.5E-02
278	2.3E-01
279	-9.5E-01
280	2.1E-01
281	2.4E-01
282	5.3E-01
283	7.2E-01
284	6.8E-01
285	-5.6E-01
286	-4.1E-01
287	-1.6E-01
288	-2.3E-01
289	5.8E-02
290	-9.1E-01
291	7.1E-02
292	8.0E-01
293	-3.6E-01
294	5.1E-01
295	-6.2E-01
296	-2.6E-01
297	1.8E-01
298	3.0E-02
299	-1.5E-01
300	-1.3E-01
301	2.4E-01
302	7.2E-01
303	-1.5E-01
304	4.2E-01
305	-2.2E-01
306	-7.0E-01
307	6.7E-01
308	-3.6E-01
309	-2.0E-01
310	7.3E-01
311	1.2E-01
312	3.1E-02
313	1.5E+00
314	-2.3E-01
315	2.7E-02
316	-3.9E-02
317	-7.9E-01
318	1.2E-01
319	-4.9E-01
320	3.0E-01
321	-3.5E-01
322	-4.7E-01
323	5.1E-01
324	5.4E-01
325	-3.5E-01
326	1.8E-02
327	9.8E-02
328	8.8E-01
329	1.7E-01
330	6.7E-01
331	3.4E-02
332	-4.2E-01
333	-6.8E-03
334	4.7E-01
335	-4.2E-01
336	-5.8E-01
337	-4.4E-01
338	8.3E-01
339	-5.0E-02
340	7.9E-01
341	-4.4E-01
342	-1.7E-01
343	5.4E-01
344	6.3E-01
345	-8.4E-01
346	2.3E-01
347	4.4E-01
348	5.4E-02
349	3.0E-01
350	6.4E-02
351	-4.6E-01
352	-2.2E-02
353	-6.4E-01
354	-3.9E-01
355	4.7E-01
356	2.7E-01
357	-1.6E-01
358	5.0E-02
359	-8.5E-01
360	7.1E-02
361	-9.8E-02
362	-9.2E-01
363	-3.9E-01
364	3.5E-01
365	-4.0E-01
366	5.9E-01
367	-7.7E-02
368	5.6E-01
369	3.6E-01
370	3.2E-01
371	4.0E-01
372	-7.9E-01
373	5.5E-01
374	-6.2E-02
375	7.5E-01
376	-2.2E-01
377	-2.4E-02
378	3.1E-01
379	1.4E-01
380	6.5E-01
381	2.8E-02
382	-6.5E-01
383	6.1E-01
384	-4.2E-01
385	9.2E-01
386	-3.4E-01
387	-1.2E-01
388	5.6E-01
389	7.4E-01
390	-7.9E-01
391	-4.6E-01
392	1.1E-01
393	-6.4E-03
394	2.5E-01
395	2.3E-01
396	3.1E-01
397	5.4E-02
398	8.0E-02
399	1.3E-01
400	-2.3E-01
401	-9.5E-02
402	-6.3E-01
403	-3.1E-01
404	-2.1E-01
405	6.7E-01
406	-4.9E-01
407	-3.7E-01
408	1.2E-01
409	-2.0E-01
410	-3.9E-01
411	-3.0E-02
412	5.5E-02
413	-1.7E-01
414	2.5E-02
415	-8.6E-02
416	-1.6E-01
417	1.9E-01
418	-5.4E-01
419	6.0E-01
420	7.1E-01
421	-3.4E-01
422	2.2E-02
423	2.1E-01
424	-3.6E-02
425	-1.6E-01
426	2.1E-01
427	3.5E-03
428	-1.6E-01
429	9.9E-01
430	-5.9E-01
431	-4.5E-01
432	1.3E+00
433	1.7E-02
434	6.1E-01
435	6.2E-01
436	-3.0E-02
437	-2.7E-01
438	-1.6E-01
439	4.2E-01
440	-5.9E-01
441	4.6E-01
442	-9.4E-02
443	4.3E-01
444	2.4E-01
445	1.9E-01
446	2.7E-01
447	7.0E-01
448	3.3E-01
449	-4.7E-01
450	7.1E-01
451	4.6E-01
452	2.6E-01
453	5.5E-01
454	-4.5E-01
455	6.8E-01
456	4.6E-01
457	7.1E-01
458	1.8E-02
459	2.1E-01
460	4.8E-01
461	-3.0E-02
462	-2.4E-01
463	5.5E-02
464	-5.9E-01
465	8.4E-02
466	-1.8E-01
467	5.6E-01
468	4.5E-01
469	1.6E-01
470	4.4E-01
471	-2.9E-01
472	9.1E-01
473	-2.1E-01
474	-1.2E-01
475	-2.5E-01
476	-9.4E-01
477	1.1E-01
478	-6.5E-01
479	1.5E-01
480	4.9E-01
481	2.6E-01
482	1.8E-01
483	-4.9E-01
484	3.0E-01
485	-3.7E-01
486	-3.0E-01
487	-1.2E-01
488	2.6E-03
489	-1.6E-01
490	-3.9E-01
491	-9.0E-01
492	4.7E-01
493	-2.0E-01
494	-2.1E-01
495	2.3E-01
496	2.8E-01
497	-6.3E-01
498	-1.0E+00
499	3.8E-02
500	-4.3E-02
501	1.1E+00
502	4.8E-01
503	5.3E-01
504	-5.0E-01
505	-1.4E-01
506	1.2E+00
507	-6.3E-01
508	-1.2E-01
509	-5.8E-01
510	2.8E-01
511	2.1E-01
512	3.6E-02
513	-1.3E-01
514	6.6E-01
515	-1.2E-01
516	-1.0E-01
517	-3.1E-01
518	2.7E-01
519	5.2E-02
520	1.4E-01
521	2.8E-01
522	6.0E-01
523	-4.4E-01
524	-8.2E-01
525	-2.0E-01
526	8.8E-01
527	7.2E-01
528	8.2E-01
529	4.3E-01
530	-2.6E-01
531	3.3E-01
532	1.2E-01
533	6.7E-01
534	-7.7E-02
535	1.6E-01
536	1.1E-01
537	3.6E-01
538	-5.0E-01
539	2.0E-01
540	-7.3E-01
541	6.6E-01
542	-2.4E-01
543	4.3E-01
544	-7.9E-02
545	-4.8E-02
546	4.5E-01
547	-4.0E-01
548	1.0E+00
549	5.7E-01
550	7.5E-02
551	-1.4E-01
552	9.9E-02
553	3.4E-01
554	7.9E-02
555	-1.7E-01
556	-4.9E-01
557	-4.9E-02
558	6.0E-01
559	5.7E-01
560	-1.4E-01
561	-5.3E-01
562	1.8E-01
563	3.4E-01
564	7.3E-01
565	7.3E-01
566	1.3E-01
567	-7.1E-01
568	-3.2E-01
569	1.5E-01
570	2.4E-01
571	4.4E-01
572	2.5E-01
573	1.4E+00
574	5.8E-01
575	5.8E-01
576	3.2E-01
577	6.7E-01
578	-1.9E-01
579	2.6E-01
580	-1.2E-01
581	-6.8E-01
582	1.8E-01
583	5.4E-01
584	-1.8E-03
585	4.2E-01
586	2.1E-01
587	1.0E-01
588	3.5E-03
589	3.9E-01
590	-1.3E-01
591	1.4E-01
592	7.0E-01
593	7.3E-01
594	7.2E-01
595	5.4E-01
596	-4.5E-01
597	2.9E-01
598	2.8E-01
599	7.2E-01
600	-2.1E-01
601	-7.9E-02
602	-4.0E-01
603	2.4E-01
604	-6.4E-01
605	3.8E-01
606	7.2E-01
607	-7.2E-01
608	2.5E-01
609	3.8E-02
610	7.5E-01
611	2.0E-01
612	3.9E-01
613	6.7E-01
614	6.7E-01
615	1.0E-01
616	7.3E-01
617	-4.7E-01
618	-2.8E-01
619	3.9E-01
620	6.7E-01
621	-3.4E-01
622	1.2E+00
623	3.3E-01
624	6.4E-02
625	4.0E-01
626	6.4E-01
627	-9.5E-01
628	-2.3E-01
629	4.0E-01
630	-2.4E-01
631	-3.1E-01
632	5.4E-01
633	-3.1E-02
634	3.6E-02
635	1.4E-01
636	-1.9E-02
637	2.4E-01
638	-7.0E-02
639	7.5E-01
640	1.5E-01
641	-4.8E-01
642	2.8E-01
643	2.0E-01
644	2.4E-01
645	5.1E-01
646	8.7E-01
647	3.0E-01
648	-3.9E-01
649	2.0E-01
650	2.6E-01
651	2.1E-01
652	-7.0E-01
653	3.6E-01
654	-2.8E-01
655	3.0E-01
656	4.7E-01
657	-1.4E-02
658	-4.5E-01
659	4.5E-01
660	-7.6E-03
661	4.3E-01
662	-2.0E-01
663	-4.7E-01
664	-3.6E-01
665	5.3E-01
666	-7.2E-02
667	-9.7E-01
668	4.8E-01
669	3.2E-02
670	4.4E-01
671	-2.5E-01
672	1.0E+00
673	-1.9E-01
674	5.3E-01
675	3.2E-01
676	-2.5E-01
677	3.3E-01
678	7.9E-01
679	-5.2E-01
680	1.3E+00
681	5.7E-02
682	5.4E-01
683	4.8E-02
684	-5.7E-01
685	8.6E-01
686	-3.0E-01
687	-8.0E-01
688	-3.7E-01
689	-1.0E-01
690	4.1E-01
691	-1.9E-01
692	9.8E-01
693	-4.2E-01
694	4.7E-01
695	-2.8E-01
696	5.4E-01
697	9.8E-02
698	6.8E-02
699	-2.1E-01
700	3.4E-01
701	-1.1E-01
702	-4.5E-03
703	1.1E+00
704	-6.9E-01
705	1.3E-01
706	5.6E-01
707	-7.7E-01
708	-5.8E-01
709	1.1E+00
710	-5.8E-01
711	-8.8E-01
712	-5.5E-02
713	-3.7E-01
714	-2.6E-01
715	8.2E-01
716	-1.8E-03
717	-8.0E-02
718	-4.0E-01
719	1.3E-01
720	6.8E-01
721	5.9E-01
722	6.2E-01
723	7.8E-02
724	3.1E-01
725	-3.9E-02
726	2.9E-01
727	1.3E-01
728	1.2E+00
729	-1.4E-01
730	4.7E-01
731	-2.2E-01
732	5.6E-01
733	-3.0E-01
734	-7.8E-02
735	8.6E-01
736	-1.6E-01
737	1.1E+00
738	-2.3E-01
739	-2.4E-03
740	2.8E-01
741	-3.5E-01
742	6.3E-01
743	5.0E-01
744	4.7E-01
745	-4.3E-01
746	-5.9E-01
747	9.5E-01
748	-1.1E-01
749	1.1E-01
750	2.6E-01
751	-1.9E-01
752	4.6E-01
753	-5.1E-02
754	-5.5E-01
755	-3.5E-01
756	4.9E-01
757	-1.7E-02
758	-4.2E-01
759	7.1E-02
760	1.7E-01
761	5.4E-01
762	9.1E-01
763	2.7E-02
764	5.3E-01
765	5.5E-01
766	-1.6E-02
767	2.1E-01
768	4.9E-01
769	1.1E-01
770	1.2E-01
771	4.0E-01
772	-2.0E-01
773	4.2E-01
774	4.4E-01
775	-1.0E-02
776	1.1E-01
777	-8.8E-01
778	-2.9E-02
779	-7.9E-01
780	3.7E-02
781	5.6E-01
782	-6.1E-02
783	-1.8E-01
784	2.6E-01
785	-4.6E-01
786	8.4E-02
787	-3.4E-01
788	-5.2E-01
789	7.9E-03
790	5.9E-01
791	-2.3E-01
792	3.9E-02
793	-1.1E-01
794	4.0E-01
795	-4.0E-01
796	6.3E-01
797	8.8E-01
798	-5.9E-02
799	-2.4E-01
800	-6.8E-01
801	3.1E-01
802	-2.2E-01
803	-3.9E-01
804	4.1E-01
805	-3.8E-01
806	9.4E-03
807	1.3E-01
808	7.2E-02
809	-2.7E-01
810	-3.1E-01
811	3.1E-01
812	-6.6E-01
813	1.4E-01
814	-2.2E-01
815	-5.3E-01
816	9.8E-01
817	7.6E-01
818	2.5E-01
819	3.8E-03
820	4.3E-01
821	-6.0E-01
822	-3.8E-01
823	2.3E-01
824	2.1E-01
825	5.9E-01
826	3.3E-01
827	2.1E-01
828	1.0E+00
829	4.4E-01
830	-2.0E-02
831	3.4E-01
832	4.3E-01
833	-1.3E-01
834	-3.9E-01
835	-2.8E-01
836	-6.1E-01
837	-3.3E-01
838	-7.5E-02
839	-2.0E-01
840	1.2E-01
841	-1.5E-01
842	-1.8E-01
843	-9.3E-01
844	3.0E-01
845	-7.7E-01
846	1.9E-01
847	-1.0E+00
848	-2.7E-02
849	-2.0E-01
850	5.8E-01
851	-2.5E-02
852	-6.2E-01
853	3.8E-01
854	-3.4E-02
855	6.3E-01
856	-1.5E-01
857	4.4E-01
858	8.7E-01
859	-5.0E-01
860	3.0E-01
861	-2.8E-01
862	9.7E-01
863	6.4E-03
864	-2.7E-01
865	-4.1E-02
866	2.9E-01
867	1.1E-01
868	5.8E-01
869	9.5E-01
870	-3.6E-01
871	3.8E-01
872	-1.3E-01
873	1.5E-01
874	4.9E-01
875	2.6E-01
876	1.3E-01
877	3.4E-01
878	-6.8E-01
879	7.9E-01
880	1.3E-01
881	-6.4E-01
882	-4.3E-02
883	-5.9E-01
884	1.9E-01
885	-2.3E-01
886	-9.9E-03
887	2.3E-01
888	1.4E-01
889	5.9E-01
890	1.7E-01
891	4.1E-01
892	4.3E-01
893	-3.8E-01
894	-2.3E-01
895	-1.7E-01
896	2.4E-01
897	-4.1E-01
898	-4.7E-03
899	-1.1E+00
900	5.1E-01
901	-9.5E-02
902	-3.9E-01
903	2.2E-01
904	6.9E-01
905	2.2E-01
906	6.5E-01
907	-9.6E-01
908	3.1E-03
909	7.5E-01
910	-8.7E-02
911	-1.9E-01
912	-9.2E-02
913	1.6E-01
914	2.7E-02
915	2.9E-01
916	1.0E+00
917	4.1E-01
918	7.9E-01
919	-5.3E-01
920	-2.6E-01
921	3.2E-01
922	-1.0E-01
923	1.3E-01
924	3.2E-01
925	3.1E-01
926	-7.4E-01
927	6.9E-01
928	-3.5E-01
929	-5.2E-01
930	8.2E-01
931	1.3E-01
932	-3.4E-01
933	1.3E+00
934	8.8E-02
935	7.5E-02
936	-7.8E-01
937	7.8E-01
938	3.1E-01
939	-3.3E-01
940	-5.8E-01
941	4.8E-01
942	9.6E-02
943	3.1E-01
944	-6.3E-01
945	1.0E+00
946	-6.2E-02
947	2.0E-01
948	-2.7E-01
949	-7.7E-01
950	-2.3E-01
951	-8.2E-02
952	1.3E-01
953	-4.0E-01
954	-4.8E-01
955	1.5E-01
956	-4.7E-01
957	-7.9E-01
958	-5.0E-01
959	-9.7E-02
960	8.6E-02
961	9.2E-03
962	4.7E-02
963	4.8E-01
964	6.2E-01
965	-2.4E-01
966	3.7E-01
967	2.4E-01
968	5.3E-01
969	1.0E+00
970	5.7E-01
971	6.8E-01
972	5.6E-01
973	-3.5E-01
974	-4.2E-01
975	5.7E-01
976	-2.1E-01
977	3.2E-01
978	1.1E-02
979	1.1E+00
980	-6.8E-02
981	4.2E-01
982	-7.7E-01
983	1.7E-01
984	-5.8E-01
985	-3.8E-01
986	-5.6E-02
987	2.4E-01
988	1.0E-01
989	-2.6E-01
990	2.3E-01
991	-4.8E-01
992	2.4E-01
993	-7.5E-01
994	-2.4E-02
995	-4.2E-01
996	9.4E-03
997	1.4E-01
998	-2.4E-02
999	-4.0E-01
1000	9.3E-01
1001	6.2E-01
1002	4.5E-01
1003	-7.8E-02
1004	4.4E-01
1005	1.9E-01
1006	6.9E-01
1007	3.9E-01
1008	-4.5E-01
1009	1.6E-01
1010	-8.8E-01
1011	-2.0E-01
1012	1.0E+00
1013	-7.5E-01
1014	-3.2E-01
1015	-7.1E-01
1016	2.0E-01
1017	-2.0E-01
1018	3.4E-01
1019	5.0E-02
1020	-8.7E-01
1021	-4.9E-01
1022	2.0E-01
1023	1.2E-01
1024	-5.9E-01
1025	5.2E-01
1026	-4.8E-01
1027	3.9E-01
1028	-7.4E-02
1029	-1.8E-01
1030	5.2E-01
1031	-1.0E-01
1032	1.1E+00
1033	-8.4E-01
1034	1.8E-02
1035	5.5E-01
1036	3.4E-02
1037	6.1E-01
1038	7.1E-01
1039	1.3E+00
1040	-3.0E-01
1041	-4.4E-03
1042	-9.6E-01
1043	4.5E-01
1044	2.2E-01
1045	5.3E-01
1046	5.1E-01
1047	1.9E-01
1048	5.0E-01
1049	-1.3E-01
1050	3.2E-01
1051	5.1E-01
1052	-2.3E-02
1053	1.6E-02
1054	-2.2E-01
1055	-7.6E-01
1056	-5.1E-01
1057	5.5E-01
1058	-7.7E-01
1059	1.6E-02
1060	2.2E-01
1061	-3.4E-02
1062	1.6E-01
1063	3.1E-01
1064	3.1E-01
1065	3.8E-01
1066	7.7E-01
1067	6.1E-02
1068	6.7E-01
1069	-3.5E-01
1070	-3.3E-01
1071	-1.3E-01
1072	-6.0E-01
1073	9.0E-01
1074	5.7E-02
1075	7.4E-01
1076	-6.5E-01
1077	3.2E-01
1078	4.2E-01
1079	-3.0E-01
1080	-5.0E-01
1081	6.1E-01
1082	5.4E-01
1083	-3.1E-01
1084	3.2E-01
1085	-7.1E-01
1086	3.0E-01
1087	9.9E-02
1088	5.0E-01
1089	7.3E-01
1090	-1.8E-01
1091	-3.3E-02
1092	1.2E+00
1093	1.2E-01
1094	5.2E-01
1095	-1.2E-01
1096	5.6E-01
1097	-1.4E-01
1098	-4.4E-01
1099	2.0E-01
1100	-1.1E-01
1101	-6.8E-01
1102	-4.4E-01
1103	3.9E-01
1104	-4.5E-01
1105	8.3E-01
1106	1.6E-01
1107	-7.8E-02
1108	8.6E-01
1109	-1.1E-01
1110	1.2E-01
1111	-3.9E-01
1112	1.6E-01
1113	6.1E-01
1114	1.5E-01
1115	-4.8E-01
1116	6.2E-02
1117	-2.1E-01
1118	-7.6E-01
1119	5.6E-01
1120	2.2E-01
1121	-1.0E-01
1122	-5.1E-01
1123	3.7E-01
1124	-5.9E-02
1125	-1.6E-01
1126	-1.9E-01
1127	4.2E-01
1128	5.3E-01
1129	-7.8E-01
1130	5.1E-01
1131	-1.2E-01
1132	9.7E-01
1133	-3.7E-01
1134	-1.9E-01
1135	-1.7E-02
1136	6.4E-01
1137	3.6E-01
1138	-2.3E-01
1139	4.3E-01
1140	2.5E-01
1141	-2.9E-01
1142	-3.8E-01
1143	-6.8E-01
1144	1.7E-01
1145	4.8E-02
1146	9.2E-02
1147	8.5E-01
1148	9.7E-02
1149	7.8E-01
1150	-4.4E-01
1151	6.5E-02
1152	8.5E-01
1153	4.3E-01
1154	-2.5E-01
1155	-1.9E-01
1156	6.6E-02
1157	-3.2E-01
1158	-6.2E-01
1159	3.1E-01
1160	-4.6E-01
1161	-2.0E-01
1162	2.3E-01
1163	7.0E-01
1164	1.6E-01
1165	-4.4E-01
1166	3.3E-01
1167	2.3E-01
1168	-5.8E-02
1169	2.9E-01
1170	-4.5E-02
1171	-3.9E-01
1172	-9.0E-02
1173	-7.5E-01
1174	2.4E-01
1175	-1.7E-02
1176	-1.1E+00
1177	2.6E-02
1178	2.4E-01
1179	-5.5E-01
1180	-8.1E-02
1181	-1.9E-01
1182	-3.3E-01
1183	5.3E-01
1184	5.1E-01
1185	-3.5E-01
1186	-6.9E-03
1187	-4.4E-01
1188	2.5E-01
1189	2.1E-01
1190	-6.3E-02
1191	-4.0E-01
1192	-5.8E-01
1193	-4.0E-03
1194	6.0E-01
1195	-1.2E+00
1196	-1.8E-01
1197	2.2E-01
1198	5.0E-01
1199	8.6E-01
1200	-4.2E-01
1201	5.3E-01
1202	-2.1E-03
1203	5.8E-02
1204	-8.8E-01
1205	-4.8E-01
1206	-5.4E-01
1207	-4.1E-01
1208	3.9E-01
1209	7.0E-02
1210	-5.9E-01
1211	-6.6E-02
1212	-3.8E-01
1213	-5.8E-02
1214	8.8E-01
1215	-1.8E-01
1216	5.3E-02
1217	4.8E-01
1218	1.3E-01
1219	-4.6E-01
1220	-4.2E-01
1221	6.2E-02
1222	6.3E-01
1223	1.1E-01
1224	-2.0E-01
1225	-5.0E-01
1226	3.4E-01
1227	2.4E-01
1228	-6.3E-01
1229	-2.8E-01
1230	3.8E-01
1231	-2.2E-01
1232	4.6E-01
1233	8.0E-01
1234	-1.0E+00
1235	3.7E-01
1236	-1.1E-02
1237	1.5E-01
1238	6.2E-01
1239	2.6E-01
1240	-2.4E-01
1241	-4.3E-01
1242	4.9E-02
1243	-3.0E-01
1244	-4.8E-01
1245	8.8E-01
1246	1.1E-01
1247	-2.4E-01
1248	-2.6E-01
1249	4.0E-01
1250	1.7E-01
1251	1.2E+00
1252	2.4E-01
1253	4.0E-01
1254	6.5E-01
1255	-1.1E-01
1256	-1.0E-01
1257	2.7E-01
1258	-3.7E-02
1259	-3.9E-01
1260	-5.6E-01
1261	4.3E-01
1262	3.9E-02
1263	8.3E-01
1264	-3.9E-01
1265	1.3E-01
1266	-2.0E-01
1267	0.0E+00
1268	8.4E-02
1269	1.0E+00
1270	3.6E-01
1271	-1.3E+00
1272	-1.0E+00
1273	3.0E-01
1274	-3.8E-01
1275	2.4E-01
1276	-2.2E-01
1277	1.2E+00
1278	2.1E-01
1279	2.7E-01
1280	7.8E-02
1281	3.2E-01
1282	-1.7E-01
1283	-1.7E-02
1284	-1.0E-01
1285	1.6E-01
1286	1.0E-01
1287	2.4E-01
1288	1.1E+00
1289	-1.7E-02
1290	1.1E-01
1291	-3.7E-01
1292	-3.9E-02
1293	4.6E-01
1294	-2.8E-01
1295	-1.1E-01
1296	2.2E-01
1297	5.7E-01
1298	-6.1E-01
1299	-4.9E-01
1300	1.1E+00
1301	-5.4E-01
1302	-4.9E-01
1303	-1.1E+00
1304	4.0E-02
1305	-4.1E-01
1306	4.4E-01
1307	2.7E-01
1308	3.3E-01
1309	-3.3E-01
1310	3.2E-01
1311	2.2E-01
1312	2.9E-01
1313	3.8E-02
1314	2.5E-01
1315	4.8E-01
1316	-4.2E-01
1317	1.1E-02
1318	9.6E-01
1319	2.7E-01
1320	2.8E-01
1321	-2.6E-01
1322	-4.1E-01
1323	6.4E-01
1324	-1.9E-01
1325	-8.0E-01
1326	4.3E-01
1327	-7.8E-01
1328	1.6E-01
1329	-2.3E-01
1330	1.4E-01
1331	1.6E-01
1332	7.4E-01
1333	1.1E-01
1334	-2.6E-01
1335	5.2E-01
1336	3.9E-01
1337	1.1E-01
1338	-5.3E-01
1339	-4.7E-01
1340	2.2E-01
1341	-2.2E-01
1342	2.4E-01
1343	1.4E-02
1344	-5.1E-01
1345	7.8E-02
1346	-1.8E-01
1347	8.1E-02
1348	1.7E-01
1349	2.8E-02
1350	3.1E-01
1351	-6.7E-02
1352	-5.6E-01
1353	-2.1E-01
1354	1.6E-01
1355	4.9E-01
1356	4.0E-01
1357	1.5E+00
1358	3.6E-01
1359	-4.1E-01
1360	6.3E-01
1361	1.1E-01
1362	-4.4E-01
1363	-2.0E-01
1364	-2.3E-01
1365	8.9E-02
1366	-6.7E-01
1367	3.9E-01
1368	-1.8E-01
1369	8.9E-01
1370	3.4E-02
1371	-6.3E-02
1372	-5.3E-01
1373	1.1E-01
1374	-9.0E-01
1375	3.9E-01
1376	-2.5E-01
1377	9.3E-02
1378	4.9E-01
1379	2.6E-01
1380	5.8E-02
1381	6.1E-01
1382	-4.7E-02
1383	1.2E-01
1384	6.9E-02
1385	-7.3E-01
1386	9.9E-01
1387	-4.5E-01
1388	-4.8E-01
1389	-5.8E-01
1390	1.8E-01
1391	2.3E-01
1392	-6.0E-01
1393	2.5E-01
1394	-1.0E+00
1395	-7.2E-01
1396	3.6E-01
1397	1.2E-03
1398	5.5E-01
1399	-4.0E-01
1400	-7.2E-01
1401	-8.0E-02
1402	5.2E-01
1403	3.1E-01
1404	-5.4E-01
1405	5.6E-01
1406	-3.0E-01
1407	4.9E-01
1408	3.8E-01
1409	1.1E-01
1410	9.9E-03
1411	-7.9E-02
1412	-5.4E-01
1413	-3.1E-01
1414	1.7E-01
1415	2.1E-01
1416	7.5E-01
1417	1.7E-01
1418	2.1E-01
1419	3.1E-01
1420	5.1E-01
1421	2.2E-01
1422	-2.1E-01
1423	7.7E-01
1424	-2.7E-01
1425	-3.3E-01
1426	4.9E-01
1427	1.1E+00
1428	-1.3E-01
1429	5.6E-01
1430	2.9E-01
1431	8.4E-01
1432	2.5E-01
1433	-5.8E-01
1434	-1.2E-01
1435	-7.9E-01
1436	-1.4E-01
1437	-1.9E-01
1438	5.0E-01
1439	3.9E-02
1440	-5.6E-01
1441	4.4E-01
1442	4.7E-01
1443	3.8E-01
1444	1.3E+00
1445	-6.3E-02
1446	1.8E-03
1447	-3.9E-01
1448	5.0E-01
1449	2.5E-01
1450	1.1E-01
1451	-5.0E-01
1452	4.6E-01
1453	6.2E-01
1454	-2.2E-01
1455	-1.5E-01
1456	0.0E+00
1457	5.0E-01
1458	1.6E-01
1459	-7.8E-01
1460	-4.4E-02
1461	-2.2E-01
1462	1.5E-01
1463	4.8E-02
1464	-2.1E-01
1465	4.9E-01
1466	-7.8E-02
1467	4.7E-01
1468	6.0E-01
1469	9.5E-01
1470	-6.7E-01
1471	-7.9E-01
1472	-5.8E-01
1473	4.5E-01
1474	-1.9E-03
1475	3.2E-01
1476	-3.2E-01
1477	-2.0E-01
1478	-2.5E-01
1479	-2.8E-01
1480	7.7E-01
1481	-4.6E-01
1482	1.0E-01
1483	3.0E-01
1484	4.9E-02
1485	2.9E-01
1486	-8.3E-01
1487	1.0E+00
1488	4.4E-01
1489	-2.1E-01
1490	1.2E+00
1491	2.6E-01
1492	-1.3E-01
1493	-4.0E-01
1494	-3.5E-01
1495	1.4E-01
1496	5.0E-01
1497	2.8E-02
1498	-3.3E-01
1499	3.4E-01
1500	7.0E-01
1501	1.3E+00
1502	-5.4E-01
1503	1.7E-01
1504	7.2E-01
1505	5.2E-02
1506	-7.7E-01
1507	-2.4E-02
1508	-9.2E-01
1509	3.5E-01
1510	1.9E-01
1511	7.0E-01
1512	4.0E-01
1513	3.4E-01
1514	9.7E-01
1515	4.2E-02
1516	8.0E-03
1517	-2.1E-01
1518	8.0E-01
1519	8.6E-01
1520	-5.9E-01
1521	-1.7E-01
1522	3.4E-01
1523	6.3E-01
1524	-4.7E-01
1525	2.9E-01
1526	-2.3E-02
1527	1.6E-01
1528	-1.8E-01
1529	-3.8E-01
1530	-4.9E-01
1531	-1.8E-01
1532	-7.8E-01
1533	-4.9E-01
1534	-4.6E-01
1535	7.9E-01
1536	-1.2E-01
1537	2.2E-01
1538	7.7E-01
1539	-1.0E-01
1540	-5.1E-01
1541	1.5E-01
1542	-5.8E-01
1543	-2.7E-01
1544	1.5E-01
1545	4.9E-01
1546	-6.3E-02
1547	-1.5E-01
1548	1.3E-01
1549	7.2E-01
1550	-1.2E+00
1551	-4.0E-01
1552	4.0E-01
1553	1.2E-01
1554	1.6E-01
1555	2.1E-01
1556	-2.5E-01
1557	6.6E-01
1558	-2.2E-01
1559	-1.5E-01
1560	9.4E-01
1561	3.5E-01
1562	2.2E-01
1563	-5.7E-01
1564	-5.4E-01
1565	-3.3E-02
1566	-2.9E-01
1567	3.3E-01
1568	-7.8E-02
1569	1.6E-01
1570	-5.4E-02
1571	1.0E-01
1572	4.0E-01
1573	7.8E-01
1574	5.1E-01
1575	3.3E-01
1576	5.1E-01
1577	2.1E-01
1578	2.2E-02
1579	-2.9E-01
1580	-4.5E-01
1581	-1.2E-01
1582	-1.0E-02
1583	-6.9E-01
1584	-4.7E-01
1585	3.1E-01
1586	7.5E-01
1587	2.7E-01
1588	-5.5E-03
1589	2.1E-01
1590	7.9E-02
1591	-2.2E-01
1592	-2.3E-01
1593	3.9E-02
1594	-8.3E-01
1595	1.5E-01
1596	-1.7E-01
1597	-2.3E-01
1598	5.6E-01
1599	4.5E-01
1600	2.1E-01
1601	-1.7E-02
1602	-2.7E-01
1603	-3.2E-02
1604	6.6E-02
1605	6.0E-01
1606	-1.3E-01
1607	-4.5E-01
1608	-1.5E-01
1609	-8.3E-01
1610	-4.9E-01
1611	5.8E-01
1612	1.8E-01
1613	1.3E-01
1614	-2.6E-01
1615	2.8E-02
1616	2.3E-02
1617	8.6E-01
1618	6.6E-01
1619	1.5E-01
1620	5.8E-01
1621	-2.3E-01
1622	7.4E-01
1623	7.4E-01
1624	7.6E-01
1625	1.1E-01
1626	7.0E-01
1627	3.6E-01
1628	4.9E-01
1629	-1.9E-01
1630	-5.8E-01
1631	-6.9E-01
1632	-1.5E-01
1633	-8.6E-01
1634	1.3E-01
1635	9.6E-01
1636	-6.7E-03
1637	7.9E-01
1638	-9.1E-01
1639	1.2E-01
1640	-7.4E-01
1641	5.2E-01
1642	4.0E-01
1643	4.8E-02
1644	-2.7E-01
1645	8.9E-01
1646	-1.7E-01
1647	3.0E-01
1648	-1.7E-01
1649	6.4E-01
1650	2.0E-01
1651	-2.3E-02
1652	2.8E-01
1653	6.4E-01
1654	4.2E-01
1655	2.9E-01
1656	-2.4E-01
1657	4.6E-02
1658	-4.2E-01
1659	-6.4E-01
1660	5.8E-01
1661	4.3E-02
1662	6.3E-01
1663	8.3E-01
1664	-1.3E-01
1665	3.4E-01
1666	1.9E-01
1667	4.8E-02
1668	2.6E-01
1669	4.6E-01
1670	3.1E-01
1671	-1.9E-01
1672	3.0E-02
1673	8.5E-03
1674	-2.2E-01
1675	4.7E-01
1676	7.7E-02
1677	-2.2E-01
1678	3.8E-01
1679	-2.2E-01
1680	-2.8E-01
1681	3.9E-01
1682	2.6E-01
1683	6.8E-01
1684	3.2E-02
1685	-8.9E-02
1686	-5.4E-02
1687	-7.2E-01
1688	3.9E-01
1689	-2.0E-02
1690	-1.3E-01
1691	-8.3E-02
1692	2.8E-01
1693	1.6E-03
1694	1.6E-02
1695	2.9E-01
1696	-3.0E-03
1697	-1.3E-01
1698	-6.7E-01
1699	-6.1E-01
1700	1.0E+00
1701	1.3E-01
1702	6.3E-02
1703	-3.6E-01
1704	6.4E-01
1705	8.3E-01
1706	2.1E-02
1707	-6.2E-02
1708	6.1E-02
1709	2.0E-01
1710	2.4E-01
1711	-4.7E-01
1712	-9.3E-02
1713	-8.1E-01
1714	-6.2E-01
1715	-3.4E-01
1716	1.2E-01
1717	-8.8E-02
1718	1.4E+00
1719	-1.5E-01
1720	-1.4E-01
1721	1.7E-01
1722	-2.6E-01
1723	8.6E-02
1724	1.0E-02
1725	7.1E-01
1726	2.9E-01
1727	1.0E+00
1728	3.0E-01
1729	-6.2E-01
1730	5.5E-01
1731	-5.6E-01
1732	4.6E-01
1733	-7.4E-01
1734	8.8E-02
1735	-5.9E-01
1736	-1.7E-01
1737	9.5E-01
1738	7.2E-04
1739	4.9E-02
1740	-6.4E-01
1741	6.8E-01
1742	3.5E-01
1743	-2.6E-01
1744	3.8E-01
1745	5.9E-01
1746	8.5E-01
1747	5.0E-02
1748	-3.6E-01
1749	7.8E-01
1750	-2.6E-01
1751	3.9E-01
1752	-4.2E-01
1753	-1.7E-01
1754	1.3E-01
1755	-1.4E-01
1756	-7.6E-01
1757	2.3E-02
1758	-3.2E-02
1759	-5.7E-01
1760	-3.8E-01
1761	8.8E-02
1762	-2.1E-01
1763	6.4E-02
1764	1.2E-01
1765	-3.4E-02
1766	3.2E-01
1767	4.8E-01
1768	7.4E-02
1769	-1.0E-01
1770	3.4E-01
1771	-9.0E-02
1772	3.3E-01
1773	5.4E-01
1774	5.3E-01
1775	8.4E-01
1776	-8.1E-02
1777	-9.5E-02
1778	6.2E-01
1779	4.0E-01
1780	1.8E-01
1781	8.5E-01
1782	-5.9E-01
1783	4.7E-02
1784	-5.9E-01
1785	4.9E-01
1786	9.4E-01
1787	8.1E-01
1788	-8.2E-02
1789	2.5E-01
1790	3.9E-01
1791	4.5E-01
1792	-1.7E-01
1793	1.1E-01
1794	-9.3E-01
1795	4.7E-01
1796	-1.2E-01
1797	-2.3E-01
1798	-3.8E-01
1799	-4.1E-01
1800	-7.5E-01
1801	-2.5E-01
1802	-1.2E-01
1803	5.1E-02
1804	-8.9E-02
1805	4.9E-01
1806	1.2E-01
1807	-9.9E-02
1808	1.3E-01
1809	5.1E-01
1810	-1.0E-02
1811	-4.4E-01
1812	-9.4E-01
1813	-1.2E+00
1814	-7.1E-01
1815	-2.8E-01
1816	-4.2E-01
1817	3.3E-01
1818	1.4E-01
1819	-9.3E-02
1820	9.3E-02
1821	-3.2E-01
1822	4.7E-01
1823	2.6E-01
1824	-4.4E-01
1825	6.6E-01
1826	7.6E-02
1827	2.2E-01
1828	6.3E-01
1829	3.0E-01
1830	-2.5E-01
1831	1.4E+00
1832	1.0E+00
1833	-2.4E-01
1834	5.5E-01
1835	-1.8E-01
1836	1.7E-01
1837	-1.2E-01
1838	-9.2E-01
1839	8.6E-01
1840	9.3E-01
1841	2.7E-02
1842	3.2E-01
1843	-4.3E-01
1844	3.9E-01
1845	7.4E-01
1846	-5.4E-01
1847	1.0E+00
1848	-4.0E-01
1849	-1.7E-01
1850	-3.7E-01
1851	3.6E-01
1852	-4.3E-01
1853	2.3E-01
1854	5.4E-02
1855	1.4E-01
1856	-1.0E+00
1857	-7.8E-02
1858	-4.5E-01
1859	2.6E-01
1860	-2.2E-01
1861	-2.7E-01
1862	9.7E-01
1863	-3.7E-01
1864	1.2E+00
1865	8.0E-01
1866	-6.5E-01
1867	6.8E-01
1868	5.9E-01
1869	3.3E-01
1870	5.2E-01
1871	1.1E+00
1872	6.4E-01
1873	3.5E-01
1874	-4.0E-01
1875	7.3E-01
1876	-4.1E-01
1877	-1.5E-01
1878	4.5E-01
1879	-3.1E-01
1880	-2.5E-01
1881	-2.8E-01
1882	3.1E-02
1883	-2.2E-01
1884	1.3E-01
1885	-6.1E-01
1886	5.8E-01
1887	6.7E-01
1888	4.1E-01
1889	2.5E-01
1890	-3.0E-01
1891	-5.4E-01
1892	-1.1E-01
1893	1.4E-01
1894	-3.4E-01
1895	3.5E-01
1896	1.6E-01
1897	-1.4E-01
1898	2.0E-01
1899	-7.2E-01
1900	-4.6E-01
1901	-4.0E-01
1902	-6.8E-02
1903	-4.8E-01
1904	1.8E-01
1905	3.2E-01
1906	4.6E-01
1907	3.6E-01
1908	3.8E-01
1909	5.1E-01
1910	3.0E-01
1911	1.3E-01
1912	1.1E-01
1913	3.0E-01
1914	5.2E-01
1915	2.3E-01
1916	-6.1E-01
1917	6.9E-01
1918	1.6E-01
1919	1.5E-01
1920	2.1E-01
1921	5.8E-01
1922	3.0E-01
1923	-6.6E-02
1924	2.7E-01
1925	-1.6E-01
1926	-1.5E-02
1927	-3.2E-01
1928	-1.2E-01
1929	4.2E-01
1930	-4.4E-01
1931	3.5E-01
1932	-1.5E-01
1933	2.5E-02
1934	8.1E-01
1935	8.3E-02
1936	5.7E-01
1937	6.8E-01
1938	-1.6E-02
1939	9.4E-02
1940	3.9E-02
1941	-2.1E-01
1942	-3.6E-01
1943	4.3E-01
1944	-8.8E-02
1945	5.3E-01
1946	8.1E-02
1947	4.5E-02
1948	-2.0E-02
1949	2.4E-02
1950	2.5E-01
1951	-2.7E-02
1952	-3.1E-02
1953	-5.2E-01
1954	-2.4E+00
1955	6.3E-01
1956	5.7E-02
1957	-3.3E-01
1958	-3.2E-01
1959	-5.3E-01
1960	-4.6E-02
1961	-1.3E-01
1962	4.1E-01
1963	9.5E-02
1964	-2.4E-01
1965	3.5E-01
1966	-6.5E-01
1967	1.2E-01
1968	-2.2E-01
1969	-4.5E-01
1970	1.3E-01
1971	3.3E-01
1972	-2.3E-01
1973	8.3E-01
1974	1.0E-02
1975	-7.0E-02
1976	5.1E-01
1977	2.2E-01
1978	-4.0E-02
1979	2.4E-01
1980	-3.1E-01
1981	5.2E-01
1982	5.3E-01
1983	2.2E-01
1984	2.2E-01
1985	9.9E-02
1986	3.6E-01
1987	-3.2E-01
1988	2.7E-01
1989	-2.0E-02
1990	-2.5E-01
1991	5.3E-01
1992	-8.3E-02
1993	-6.2E-01
1994	-1.7E-01
1995	-1.3E-01
1996	-3.4E-01
1997	4.2E-01
1998	-2.1E-02
1999	-2.0E-01
2000	-7.9E-02
2001	-5.4E-01
2002	-5.3E-02
2003	4.6E-01
2004	-6.0E-01
2005	2.5E-01
2006	-4.8E-01
2007	8.2E-02
2008	-3.7E-01
2009	-5.1E-03
2010	-4.2E-01
2011	-5.9E-01
2012	-7.1E-01
2013	6.3E-01
2014	-1.8E-01
2015	3.7E-01
2016	3.4E-01
2017	1.4E+00
2018	4.1E-01
2019	-3.4E-01
2020	4.8E-01
2021	3.0E-01
2022	4.0E-02
2023	-1.4E-01
2024	-3.6E-01
2025	-5.1E-01
2026	1.6E-01
2027	2.5E-01
2028	1.7E-01
2029	-1.5E-01
2030	6.5E-01
2031	1.7E-01
2032	6.6E-02
2033	-3.3E-01
2034	-6.1E-02
2035	6.9E-01
2036	-2.0E-01
2037	-5.3E-01
2038	4.9E-01
2039	1.5E-01
2040	-4.1E-01
2041	4.9E-01
2042	9.4E-02
2043	-3.5E-01
2044	7.5E-01
2045	5.6E-01
2046	-2.9E-01
2047	8.4E-01
2048	1.9E-01
2049	4.7E-01
2050	4.7E-01
2051	-1.6E-02
2052	5.4E-01
2053	3.6E-02
2054	1.6E-02
2055	-1.2E-01
2056	4.6E-01
2057	7.4E-01
2058	4.1E-01
2059	1.1E-01
2060	4.3E-01
2061	-6.7E-02
2062	-7.6E-01
2063	-3.8E-01
2064	-1.2E+00
2065	-1.5E-01
2066	-3.2E-01
2067	-3.5E-02
2068	1.9E-01
2069	-2.4E-01
2070	4.3E-02
2071	1.3E-01
2072	-9.4E-01
2073	3.2E-01
2074	-5.2E-01
2075	3.0E-01
2076	-1.7E+00
2077	2.6E-01
2078	-4.9E-01
2079	1.8E-01
2080	2.3E-01
2081	-6.7E-02
2082	1.5E-01
2083	-6.2E-02
2084	1.0E+00
2085	1.8E-01
2086	1.1E-01
2087	2.9E-01
2088	-1.1E+00
2089	4.1E-01
2090	1.2E+00
2091	-1.3E-01
2092	5.6E-01
2093	-4.6E-01
2094	4.3E-01
2095	-7.8E-01
2096	5.6E-01
2097	-5.8E-01
2098	-3.2E-01
2099	-6.2E-01
2100	1.1E-01
2101	7.7E-01
2102	-6.2E-01
2103	-2.0E-01
2104	-7.0E-03
2105	-3.8E-02
2106	-1.4E+00
2107	-3.2E-01
2108	-3.3E-01
2109	4.7E-02
2110	5.2E-01
2111	8.0E-01
2112	2.7E-01
2113	-5.4E-01
2114	-3.8E-01
2115	-3.7E-01
2116	-6.5E-02
2117	-3.6E-01
2118	7.5E-01
2119	6.9E-02
2120	3.8E-01
2121	-3.7E-01
2122	1.2E+00
2123	1.8E-01
2124	-3.4E-01
2125	-3.4E-01
2126	-1.5E-01
2127	-2.7E-02
2128	1.6E-01
2129	-7.6E-01
2130	-3.4E-01
2131	-4.7E-01
2132	-1.7E-02
2133	-5.2E-01
2134	7.5E-01
2135	-5.3E-01
2136	9.2E-01
2137	-5.8E-01
2138	-5.0E-01
2139	-8.5E-02
2140	-7.6E-01
2141	-2.9E-01
2142	7.0E-01
2143	5.0E-01
2144	3.2E-01
2145	-2.3E-01
2146	5.5E-01
2147	1.8E-01
2148	4.7E-01
2149	7.4E-01
2150	5.0E-01
2151	3.5E-01
2152	8.7E-02
2153	-3.2E-01
2154	-7.1E-01
2155	7.8E-01
2156	6.1E-01
2157	2.1E-01
2158	-7.0E-02
2159	1.2E-01
2160	-4.9E-01
2161	-2.3E-01
2162	-5.4E-01
2163	1.4E-01
2164	-2.9E-02
2165	-4.3E-02
2166	-1.2E-01
2167	-6.1E-01
2168	2.4E-03
2169	-2.6E-01
2170	-2.3E-01
2171	2.4E-02
2172	2.4E-01
2173	-1.5E-01
2174	1.3E-01
2175	9.3E-01
2176	1.5E-01
2177	2.7E-01
2178	-3.3E-01
2179	4.4E-01
2180	-4.3E-01
2181	3.1E-01
2182	-6.9E-01
2183	-5.8E-01
2184	-5.9E-01
2185	-2.1E-01
2186	-8.1E-01
2187	1.3E-01
2188	2.6E-01
2189	-1.0E+00
2190	-8.1E-01
2191	9.3E-01
2192	7.8E-01
2193	2.0E-01
2194	1.6E-01
2195	1.4E-01
2196	7.9E-01
2197	-3.5E-01
2198	-3.0E-01
2199	2.0E-01
2200	3.5E-01
2201	-7.1E-01
2202	-2.6E-01
2203	3.4E-01
2204	2.6E-01
2205	-4.6E-01
2206	5.0E-01
2207	-5.0E-02
2208	9.1E-01
2209	-6.7E-01
2210	-9.5E-02
2211	1.7E-01
2212	-2.5E-01
2213	4.9E-01
2214	-2.2E-01
2215	3.0E-01
2216	-6.2E-01
2217	-3.2E-01
2218	7.1E-01
2219	-2.8E-02
2220	4.1E-01
2221	-1.5E-01
2222	-2.3E-02
2223	-2.7E-03
2224	-8.0E-01
2225	-4.7E-01
2226	6.9E-01
2227	2.6E-01
2228	5.1E-01
2229	5.6E-01
2230	5.1E-01
2231	-5.9E-01
2232	-2.6E-01
2233	3.6E-01
2234	4.9E-01
2235	3.0E-01
2236	-6.7E-01
2237	-2.9E-02
2238	-9.4E-02
2239	-1.3E-01
2240	4.5E-01
2241	8.9E-02
2242	-2.6E-01
2243	3.8E-01
2244	4.6E-01
2245	1.4E-01
2246	5.4E-01
2247	-4.9E-01
2248	-7.8E-01
2249	2.6E-01
2250	4.7E-01
2251	2.8E-01
2252	-1.1E-02
2253	5.9E-01
2254	1.4E-01
2255	6.8E-01
2256	2.9E-01
2257	-1.2E-01
2258	1.9E-02
2259	-1.8E-01
2260	-1.6E-01
2261	1.4E-01
2262	7.1E-01
2263	-2.9E-01
2264	5.6E-01
2265	5.9E-01
2266	6.3E-01
2267	-1.6E-01
2268	-1.6E-01
2269	2.0E-01
2270	1.1E-02
2271	-6.9E-01
2272	-2.8E-01
2273	-4.5E-01
2274	2.5E-01
2275	1.9E-01
2276	-6.0E-01
2277	6.5E-01
2278	2.5E-01
2279	2.9E-01
2280	3.3E-01
2281	-3.7E-01
2282	6.8E-01
2283	3.6E-01
2284	2.8E-01
2285	-2.5E-02
2286	-1.9E-01
2287	5.8E-01
2288	6.3E-01
2289	-4.1E-01
2290	-2.4E-01
2291	-2.2E-01
2292	1.3E-01
2293	5.3E-01
2294	5.1E-01
2295	2.6E-01
2296	-2.4E-01
2297	-1.4E-01
2298	1.2E-01
2299	3.5E-01
2300	-7.7E-01
2301	7.4E-01
2302	1.7E-01
2303	4.3E-02
2304	5.2E-01
2305	-2.2E-01
2306	-1.1E+00
2307	-2.4E-01
2308	-3.9E-01
2309	-2.3E-01
2310	-1.6E-01
2311	7.2E-02
2312	-1.9E-01
2313	-4.3E-01
2314	-1.6E-01
2315	-6.7E-01
2316	-3.2E-01
2317	6.3E-01
2318	5.7E-01
2319	7.4E-01
2320	2.1E-01
2321	-6.0E-02
2322	-4.4E-02
2323	2.8E-01
2324	-1.3E-01
2325	2.2E-01
2326	8.3E-01
2327	-4.5E-01
2328	-1.8E-01
2329	-2.9E-01
2330	-2.8E-01
2331	-1.1E-02
2332	4.4E-01
2333	-1.2E-01
2334	-6.5E-02
2335	3.0E-02
2336	9.4E-01
2337	-1.8E-01
2338	-4.5E-01
2339	8.9E-02
2340	2.1E-01
2341	2.5E-02
2342	-1.0E-01
2343	-5.0E-01
2344	4.0E-01
2345	-7.9E-02
2346	-2.8E-01
2347	-6.4E-02
2348	-3.5E-01
2349	2.2E-01
2350	9.2E-01
2351	-7.6E-02
2352	3.8E-01
2353	2.1E-01
2354	4.8E-01
2355	5.7E-01
2356	-3.1E-01
2357	1.2E-01
2358	3.3E-01
2359	-2.8E-01
2360	3.6E-01
2361	4.9E-01
2362	-4.4E-01
2363	-4.0E-01
2364	1.8E-01
2365	-7.5E-02
2366	-1.8E-01
2367	-7.7E-01
2368	2.2E-01
2369	5.3E-01
2370	7.6E-02
2371	3.9E-01
2372	-8.1E-01
2373	-6.2E-01
2374	-3.9E-01
2375	1.4E-01
2376	-2.9E-01
2377	2.6E-01
2378	-3.7E-02
2379	1.5E-01
2380	1.8E-01
2381	-4.8E-01
2382	-3.8E-01
2383	-1.1E-01
2384	7.0E-02
2385	-3.5E-01
2386	4.3E-01
2387	3.2E-01
2388	-3.0E-02
2389	7.4E-01
2390	1.9E-02
2391	6.6E-01
2392	1.2E-01
2393	-4.3E-01
2394	-1.6E-01
2395	2.8E-01
2396	4.8E-02
2397	-6.0E-01
2398	-4.5E-01
2399	-4.6E-01
2400	-6.0E-02
2401	9.3E-01
2402	8.1E-01
2403	7.3E-02
2404	-4.8E-01
2405	-4.2E-01
2406	-1.7E-01
2407	6.1E-01
2408	5.5E-01
2409	3.2E-01
2410	-4.3E-01
2411	3.5E-01
2412	-6.9E-02
2413	-6.0E-02
2414	-2.7E-01
2415	-5.7E-01
2416	-1.5E+00
2417	-1.3E-01
2418	1.3E-01
2419	-5.0E-01
2420	-2.0E-01
2421	4.7E-01
2422	2.0E-01
2423	-3.4E-01
2424	-5.7E-01
2425	-2.9E-01
2426	4.6E-01
2427	-3.6E-01
2428	9.3E-01
2429	2.0E-01
2430	-1.1E-01
2431	-1.2E-01
2432	-1.6E-01
2433	-9.3E-01
2434	3.1E-01
2435	3.2E-01
2436	-2.1E-01
2437	-4.2E-01
2438	-6.5E-01
2439	1.7E-02
2440	-2.8E-01
2441	7.1E-02
2442	3.4E-01
2443	-7.1E-02
2444	-1.6E-01
2445	5.2E-01
2446	-1.5E-01
2447	6.1E-02
2448	1.4E+00
2449	-1.9E-02
2450	-8.2E-02
2451	5.1E-01
2452	-6.3E-01
2453	4.5E-01
2454	3.3E-02
2455	4.6E-01
2456	-4.1E-01
2457	1.9E-02
2458	-4.9E-01
2459	1.4E-01
2460	-3.0E-01
2461	2.8E-01
2462	-5.6E-01
2463	9.7E-02
2464	1.5E-01
2465	4.0E-02
2466	2.6E-01
2467	1.6E-02
2468	-4.8E-02
2469	-4.8E-01
2470	4.7E-02
2471	1.9E-01
2472	-3.2E-01
2473	1.3E-01
2474	-1.4E-01
2475	-2.9E-02
2476	-8.0E-01
2477	-8.9E-01
2478	2.0E-01
2479	-3.7E-01
2480	-3.3E-01
2481	-1.8E-01
2482	3.8E-01
2483	-4.0E-02
2484	1.0E+00
2485	1.0E+00
2486	7.9E-01
2487	-1.4E-02
2488	1.0E+00
2489	7.0E-02
2490	4.0E-01
2491	-1.0E+00
2492	3.3E-01
2493	-4.1E-01
2494	1.6E-01
2495	6.3E-02
2496	2.6E-01
2497	2.4E-01
2498	-7.6E-01
2499	2.6E-01
2500	-2.5E-01
2501	9.8E-02
2502	1.1E+00
2503	-3.2E-01
2504	1.0E+00
2505	2.0E-01
2506	-4.9E-01
2507	7.0E-01
2508	-1.1E-01
2509	3.1E-01
2510	-3.6E-01
2511	-6.9E-02
2512	6.9E-01
2513	-8.7E-01
2514	-6.8E-01
2515	-1.7E-01
2516	-1.0E-01
2517	-1.3E-01
2518	-9.2E-01
2519	3.4E-01
2520	0.0E+00
2521	-4.4E-01
2522	-3.9E-01
2523	6.8E-02
2524	5.8E-01
2525	4.5E-02
2526	6.6E-01
2527	-3.4E-01
2528	-2.2E-01
2529	-3.6E-01
2530	1.3E-01
2531	1.1E-01
2532	6.4E-01
2533	-2.3E-01
2534	-3.8E-01
2535	3.0E-02
2536	-2.8E-01
2537	-1.5E-01
2538	-7.0E-01
2539	2.1E-01
2540	3.7E-01
2541	-6.9E-03
2542	-8.0E-01
2543	-1.0E-01
2544	9.3E-01
2545	3.0E-01
2546	-2.1E-01
2547	-2.2E-01
2548	6.3E-01
2549	1.0E-01
2550	4.2E-01
2551	3.3E-01
2552	4.0E-01
2553	-4.2E-01
2554	-7.2E-02
2555	-4.4E-01
2556	-2.8E-01
2557	1.1E+00
2558	-5.3E-01
2559	1.1E-01
2560	-4.8E-01
2561	1.9E-01
2562	3.4E-01
2563	3.1E-01
2564	-4.3E-01
2565	1.0E-01
2566	7.1E-01
2567	2.8E-01
2568	-4.6E-01
2569	3.0E-01
2570	4.5E-01
2571	-2.6E-01
2572	-4.5E-01
2573	-5.9E-01
2574	-3.5E-01
2575	-5.5E-01
2576	-2.4E-01
2577	3.5E-01
2578	-1.0E+00
2579	-7.8E-01
2580	5.1E-01
2581	-3.2E-01
2582	7.1E-01
2583	-4.3E-02
2584	2.7E-01
2585	2.3E-01
2586	5.8E-01
2587	5.3E-01
2588	1.5E-01
2589	1.8E-01
2590	2.8E-01
2591	4.5E-01
2592	5.3E-01
2593	-3.9E-01
2594	-1.1E+00
2595	1.2E+00
2596	-5.4E-01
2597	-7.0E-02
2598	-7.6E-01
2599	-3.3E-01
2600	-1.1E-01
2601	2.8E-01
2602	-3.1E-01
2603	2.4E-01
2604	-7.7E-01
2605	4.0E-01
2606	-7.3E-02
2607	-9.4E-01
2608	1.6E-01
2609	-5.0E-01
2610	-1.3E-01
2611	-1.1E+00
2612	4.9E-01
2613	8.5E-01
2614	3.0E-01
2615	-2.8E-01
2616	2.4E-01
2617	8.5E-01
2618	-2.1E-01
2619	5.9E-01
2620	8.5E-01
2621	5.2E-01
2622	1.3E-01
2623	-4.2E-01
2624	5.1E-01
2625	-1.1E-01
2626	4.5E-01
2627	6.5E-01
2628	-2.4E-01
2629	8.0E-01
2630	8.2E-01
2631	-1.4E-01
2632	6.5E-01
2633	-4.2E-01
2634	-3.1E-01
2635	9.1E-01
2636	4.2E-01
2637	2.1E-01
2638	8.3E-01
2639	-6.9E-01
2640	-6.5E-01
2641	4.0E-01
2642	-2.7E-01
2643	9.9E-03
2644	1.6E-01
2645	-3.7E-01
2646	-1.4E-02
2647	2.0E-01
2648	1.9E-01
2649	-7.6E-02
2650	1.1E-01
2651	-9.6E-01
2652	3.1E-02
2653	2.0E-01
2654	4.4E-01
2655	3.8E-01
2656	3.4E-01
2657	4.1E-03
2658	9.3E-02
2659	1.7E-01
2660	2.4E-01
2661	1.4E-01
2662	3.2E-01
2663	6.7E-01
2664	-1.4E-01
2665	-3.1E-01
2666	8.7E-02
2667	-7.0E-01
2668	2.1E-01
2669	-9.2E-02
2670	3.4E-01
2671	1.3E-01
2672	3.1E-01
2673	-8.2E-02
2674	-1.4E-01
2675	-1.8E-01
2676	-8.4E-01
2677	-5.3E-01
2678	-5.8E-02
2679	5.9E-01
2680	3.7E-01
2681	-6.2E-01
2682	-2.3E-01
2683	1.5E-01
2684	-3.0E-01
2685	-8.7E-01
2686	3.2E-01
2687	7.4E-01
2688	6.2E-01
2689	2.0E-01
2690	2.0E-01
2691	-2.3E-01
2692	3.7E-01
2693	-7.2E-02
2694	-7.0E-01
2695	3.6E-01
2696	1.7E-01
2697	8.4E-03
2698	7.3E-01
2699	5.9E-01
2700	6.4E-01
2701	-9.7E-01
2702	-3.0E-01
2703	-1.3E-01
2704	-2.7E-02
2705	-2.6E-01
2706	-5.2E-01
2707	-2.8E-01
2708	-2.5E-01
2709	1.9E-01
2710	-3.5E-01
2711	2.8E-01
2712	-8.6E-01
2713	-1.5E-01
2714	-1.2E+00
2715	-8.8E-02
2716	-8.6E-01
2717	8.5E-01
2718	9.7E-01
2719	3.4E-01
2720	3.0E-01
2721	-2.4E-01
2722	5.2E-01
2723	-9.3E-01
2724	-7.2E-01
2725	-1.2E-01
2726	5.7E-01
2727	-9.2E-01
2728	4.3E-01
2729	1.4E-01
2730	1.7E-01
2731	9.0E-02
2732	4.7E-01
2733	3.4E-01
2734	3.3E-02
2735	-8.2E-01
2736	3.6E-03
2737	4.6E-03
2738	-3.0E-01
2739	1.1E-01
2740	-7.2E-01
2741	4.0E-01
2742	9.2E-01
2743	6.1E-02
2744	-5.9E-01
2745	1.5E-01
2746	-6.7E-01
2747	1.9E-01
2748	-2.3E-01
2749	-3.8E-01
2750	-1.5E-01
2751	-4.8E-02
2752	-3.2E-01
2753	-6.9E-01
2754	-5.7E-01
2755	-2.6E-01
2756	-5.2E-01
2757	2.9E-01
2758	6.7E-01
2759	8.5E-01
2760	-8.2E-01
2761	3.0E-02
2762	-1.0E-01
2763	4.9E-01
2764	5.6E-01
2765	2.1E-01
2766	-2.3E-01
2767	-1.6E-01
2768	5.3E-01
2769	-1.0E-01
2770	2.6E-01
2771	1.7E-01
2772	-9.2E-01
2773	6.6E-01
2774	-3.4E-01
2775	4.3E-02
2776	-4.4E-01
2777	2.1E-01
2778	5.0E-03
2779	-2.5E-01
2780	2.3E-01
2781	5.0E-01
2782	1.6E-01
2783	-5.1E-01
2784	-2.1E-02
2785	-1.4E-01
2786	-7.2E-01
2787	-8.1E-02
2788	-2.3E-01
2789	6.5E-01
2790	5.4E-01
2791	-3.4E-01
2792	1.2E-01
2793	-5.2E-01
2794	-2.3E-01
2795	1.1E-01
2796	2.7E-01
2797	-2.5E-01
2798	-5.8E-01
2799	-2.9E-01
2800	-4.6E-01
2801	2.1E-02
2802	6.4E-01
2803	-2.2E-01
2804	2.4E-01
2805	-7.9E-02
2806	-9.2E-01
2807	-2.3E-01
2808	-4.0E-01
2809	-4.7E-01
2810	8.6E-01
2811	-4.3E-01
2812	2.2E-01
2813	-2.4E-01
2814	2.5E-01
2815	4.4E-01
2816	7.0E-01
2817	-5.3E-01
2818	-2.3E-01
2819	-3.1E-01
2820	-6.5E-01
2821	-3.9E-01
2822	-3.3E-01
2823	-1.1E+00
2824	-9.5E-01
2825	4.5E-01
2826	-1.4E+00
2827	-5.3E-01
2828	7.0E-01
2829	-1.0E+00
2830	2.4E-01
2831	2.1E-01
2832	-3.9E-01
2833	7.5E-02
2834	3.7E-01
2835	9.0E-01
2836	-3.6E-02
2837	0.0E+00
2838	1.7E-01
2839	8.6E-01
2840	8.7E-02
2841	1.4E-01
2842	1.3E-01
2843	2.3E-01
2844	-2.1E-01
2845	-2.0E-01
2846	-7.4E-01
2847	7.9E-01
2848	1.9E-01
2849	2.4E-01
2850	3.2E-01
2851	1.6E-01
2852	-5.5E-01
2853	7.9E-01
2854	3.6E-01
2855	4.7E-01
2856	-2.6E-01
2857	-3.1E-02
2858	-5.4E-01
2859	-7.7E-01
2860	9.7E-02
2861	7.7E-01
2862	2.8E-01
2863	-3.0E-01
2864	-6.7E-01
2865	7.1E-02
2866	-1.6E-01
2867	-3.3E-01
2868	3.5E-01
2869	-1.3E-01
2870	-2.2E-02
2871	-6.2E-02
2872	5.9E-03
2873	-5.3E-01
2874	4.9E-01
2875	6.6E-01
2876	6.0E-01
2877	1.2E-01
2878	-7.0E-02
2879	3.2E-01
2880	1.2E-01
2881	-1.8E-01
2882	5.5E-01
2883	-8.9E-01
2884	-3.7E-01
2885	5.4E-01
2886	-3.7E-02
2887	-5.9E-01
2888	-3.0E-01
2889	6.0E-01
2890	6.3E-03
2891	-1.4E-01
2892	1.1E-02
2893	-7.3E-02
2894	-3.0E-02
2895	-4.8E-01
2896	2.5E-01
2897	-3.8E-01
2898	3.2E-01
2899	-3.7E-01
2900	-5.3E-01
2901	1.5E-02
2902	-4.9E-01
2903	3.0E-01
2904	4.5E-01
2905	2.3E-02
2906	-3.1E-01
2907	8.3E-01
2908	6.5E-01
2909	2.7E-01
2910	2.5E-01
2911	2.0E-02
2912	4.7E-01
2913	4.0E-01
2914	4.6E-01
2915	3.7E-01
2916	5.7E-01
2917	-9.3E-02
2918	2.3E-01
2919	3.5E-01
2920	-7.6E-01
2921	3.2E-01
2922	3.9E-01
2923	2.3E-01
2924	-1.7E-01
2925	-3.3E-01
2926	3.6E-01
2927	5.5E-01
2928	-1.1E-01
2929	-4.3E-01
2930	4.2E-01
2931	-3.4E-01
2932	2.5E-01
2933	-4.5E-01
2934	-4.3E-01
2935	1.5E-01
2936	-5.0E-01
2937	-1.4E-02
2938	4.7E-01
2939	-1.5E-01
2940	-3.7E-01
2941	1.8E-01
2942	-2.1E-01
2943	-3.6E-01
2944	9.0E-01
2945	2.2E-02
2946	-3.0E-01
2947	-2.7E-01
2948	5.8E-01
2949	-2.0E-01
2950	3.2E-01
2951	1.5E-01
2952	8.9E-01
2953	3.6E-01
2954	3.2E-01
2955	-5.2E-01
2956	-2.8E-01
2957	6.7E-01
2958	-8.8E-01
2959	-1.6E-01
2960	6.0E-01
2961	-5.0E-01
2962	7.4E-01
2963	-2.2E-01
2964	9.7E-02
2965	-4.9E-01
2966	3.0E-01
2967	-4.6E-01
2968	-7.5E-03
2969	-3.6E-01
2970	-6.2E-01
2971	-1.4E-01
2972	-6.1E-01
2973	-2.2E-01
2974	5.1E-01
2975	-6.9E-01
2976	-4.7E-01
2977	7.7E-01
2978	-4.9E-01
2979	1.8E-01
2980	-3.2E-01
2981	-1.3E+00
2982	4.8E-01
2983	-6.2E-01
2984	-3.5E-01
2985	-4.4E-01
2986	2.6E-01
2987	3.6E-01
2988	-1.9E-01
2989	4.0E-01
2990	-7.1E-01
2991	4.5E-01
2992	5.4E-01
2993	-7.9E-02
2994	5.2E-01
2995	5.8E-01
2996	-1.6E-01
2997	4.9E-01
2998	-2.3E-01
2999	-7.0E-01
3000	-1.2E+00
3001	-7.6E-01
3002	2.5E-02
3003	-4.5E-01
3004	1.5E-01
3005	-1.7E-01
3006	-6.9E-01
3007	-8.6E-02
3008	-4.3E-01
3009	-1.9E-01
3010	-4.8E-01
3011	6.2E-01
3012	-2.5E-01
3013	5.2E-01
3014	-4.5E-01
3015	-6.5E-01
3016	-2.7E-01
3017	2.9E-01
3018	4.3E-01
3019	-3.6E-01
3020	4.7E-01
3021	2.9E-02
3022	2.9E-01
3023	1.7E-01
3024	-4.0E-01
3025	-3.3E-01
3026	-1.0E-01
3027	2.8E-01
3028	-1.8E-01
3029	-5.1E-01
3030	-4.0E-01
3031	2.4E-01
3032	-4.5E-01
3033	-5.6E-01
3034	-2.2E-02
3035	5.9E-01
3036	1.6E-01
3037	-3.2E-01
3038	-7.2E-02
3039	1.1E-01
3040	2.2E-01
3041	-1.6E-01
3042	9.6E-02
3043	-5.1E-02
3044	-6.4E-02
3045	6.1E-01
3046	-7.5E-01
3047	-3.0E-03
3048	-6.2E-02
3049	-1.0E-01
3050	-2.2E-01
3051	-1.5E-02
3052	-4.5E-03
3053	1.6E-02
3054	1.4E-01
3055	6.6E-01
3056	-8.7E-01
3057	-2.8E-01
3058	3.3E-01
3059	5.1E-01
3060	1.3E-01
3061	-1.1E-01
3062	4.3E-01
3063	9.1E-02
3064	-1.9E-01
3065	-5.8E-01
3066	-1.9E-01
3067	3.8E-02
3068	-4.2E-01
3069	3.1E-01
3070	4.4E-01
3071	1.8E-01
3072	-2.5E+00
3073	-3.4E-01
3074	9.1E-02
3075	-4.1E-01
3076	-6.8E-02
3077	1.5E-01
3078	3.4E-01
3079	9.6E-01
3080	4.0E-01
3081	4.2E-01
3082	-4.2E-01
3083	-4.8E-01
3084	3.5E-01
3085	1.6E-02
3086	3.1E-01
3087	5.8E-01
3088	-7.6E-02
3089	6.2E-01
3090	5.1E-01
3091	2.2E-01
3092	-3.9E-01
3093	4.5E-01
3094	-2.9E-01
3095	-4.6E-02
3096	3.3E-01
3097	-1.2E-01
3098	4.9E-01
3099	-6.1E-01
3100	-5.7E-01
3101	5.0E-01
3102	-3.8E-01
3103	1.9E-01
3104	9.7E-02
3105	1.7E-01
3106	6.8E-02
3107	-6.6E-02
3108	-1.9E-01
3109	7.3E-01
3110	5.7E-01
3111	1.8E-01
3112	-2.6E-01
3113	-2.9E-01
3114	2.0E-01
3115	-1.2E-01
3116	-5.5E-01
3117	3.2E-01
3118	5.0E-01
3119	-1.7E-01
3120	-9.0E-02
3121	-4.8E-01
3122	-9.4E-01
3123	1.3E-02
3124	-7.4E-02
3125	-2.4E-01
3126	-4.0E-01
3127	-7.2E-02
3128	3.4E-01
3129	-9.7E-02
3130	-8.7E-01
3131	-4.4E-02
3132	6.5E-01
3133	-4.3E-01
3134	2.5E-01
3135	-6.0E-01
3136	2.0E-01
3137	-8.8E-01
3138	3.9E-01
3139	3.5E-02
3140	-3.3E-01
3141	5.2E-01
3142	-4.8E-03
3143	4.6E-01
3144	4.8E-01
3145	-3.5E-01
3146	9.7E-02
3147	3.1E-01
3148	-4.7E-01
3149	2.7E-01
3150	4.7E-01
3151	-4.1E-02
3152	2.0E-01
3153	-7.9E-01
3154	-7.5E-01
3155	9.9E-02
3156	-3.1E-01
3157	5.5E-01
3158	-6.4E-01
3159	3.8E-01
3160	6.9E-01
3161	-5.4E-01
3162	2.3E-01
3163	2.4E-01
3164	-3.9E-01
3165	-2.5E-01
3166	-1.6E-01
3167	-1.7E-01
3168	-2.6E-01
3169	-1.4E-01
3170	-1.7E-01
3171	1.1E-01
3172	-3.4E-01
3173	-3.1E-01
3174	-2.8E-01
3175	-2.7E-01
3176	-2.4E-01
3177	9.4E-01
3178	-1.7E-01
3179	4.8E-05
3180	1.4E-01
3181	4.2E-01
3182	7.3E-01
3183	-3.0E-02
3184	-6.3E-01
3185	6.7E-01
3186	3.2E-01
3187	2.5E-01
3188	1.0E+00
3189	-2.6E-02
3190	2.4E-01
3191	-5.4E-01
3192	-6.1E-01
3193	-1.9E-01
3194	-7.1E-01
3195	2.0E-01
3196	-1.3E-01
3197	-2.8E-01
3198	6.8E-01
3199	8.4E-02
3200	1.4E-01
3201	-3.5E-01
3202	-8.8E-01
3203	-3.3E-01
3204	7.9E-01
3205	-1.3E-01
3206	2.8E-01
3207	9.3E-03
3208	2.7E-01
3209	5.6E-01
3210	6.3E-02
3211	-3.8E-01
3212	-2.8E-01
3213	4.8E-01
3214	-3.9E-01
3215	-2.4E-02
3216	-1.2E+00
3217	-3.1E-01
3218	-8.6E-01
3219	-2.1E-01
3220	5.2E-01
3221	-5.5E-01
3222	-4.3E-01
3223	-9.7E-02
3224	4.9E-01
3225	7.0E-01
3226	5.6E-01
3227	1.3E-01
3228	6.1E-01
3229	-3.3E-01
3230	-1.7E-01
3231	-3.4E-01
3232	2.0E-01
3233	-3.0E-01
3234	3.5E-01
3235	7.1E-01
3236	-3.9E-02
3237	1.2E-01
3238	-2.1E-01
3239	-3.5E-02
3240	5.9E-01
3241	-6.6E-02
3242	3.8E-01
3243	-8.7E-01
3244	6.3E-01
3245	8.0E-01
3246	3.5E-01
3247	-2.1E-01
3248	5.4E-02
3249	-7.1E-01
3250	-2.0E-02
3251	-5.7E-01
3252	2.5E-01
3253	-6.9E-01
3254	-5.7E-01
3255	1.2E-01
3256	1.2E-03
3257	-4.6E-01
3258	-6.1E-01
3259	2.9E-01
3260	7.3E-01
3261	-5.2E-01
3262	1.0E+00
3263	4.5E-01
3264	3.3E-01
3265	-8.0E-01
3266	-5.3E-01
3267	1.0E+00
3268	-1.8E-01
3269	-2.3E-01
3270	5.4E-01
3271	9.5E-02
3272	-3.6E-02
3273	-8.8E-01
3274	-5.5E-01
3275	5.8E-01
3276	8.4E-03
3277	1.9E-02
3278	-1.9E-01
3279	-3.8E-01
3280	-6.0E-01
3281	5.0E-01
3282	5.9E-03
3283	-1.2E-01
3284	8.7E-01
3285	-6.0E-02
3286	-8.6E-01
3287	4.4E-01
3288	5.3E-01
3289	-3.5E-01
3290	1.4E-01
3291	2.5E-01
3292	-4.5E-01
3293	5.6E-01
3294	-7.4E-01
3295	-6.9E-01
3296	-6.5E-01
3297	2.7E-01
3298	3.8E-01
3299	-3.8E-01
3300	-4.9E-01
3301	8.2E-01
3302	9.8E-03
3303	-4.8E-01
3304	-6.1E-02
3305	8.7E-02
3306	-1.7E-01
3307	-1.4E+00
3308	-9.3E-02
3309	1.2E-01
3310	-5.9E-01
3311	-4.4E-01
3312	3.0E-01
3313	-7.7E-01
3314	6.7E-03
3315	6.8E-03
3316	5.0E-01
3317	3.9E-01
3318	2.4E-01
3319	-3.7E-01
3320	1.4E-02
3321	-1.2E-01
3322	1.7E-02
3323	7.1E-01
3324	-1.2E-01
3325	5.6E-01
3326	4.6E-01
3327	5.5E-01
3328	1.0E+00
3329	3.7E-01
3330	3.9E-01
3331	5.9E-01
3332	-7.4E-02
3333	-4.1E-01
3334	-2.8E-01
3335	-9.9E-01
3336	-1.4E-01
3337	-2.3E-01
3338	-7.9E-01
3339	-1.3E-02
3340	-9.4E-02
3341	-1.9E-01
3342	1.4E-01
3343	3.0E-01
3344	-4.1E-01
3345	-6.8E-02
3346	-5.3E-01
3347	2.8E-01
3348	3.1E-01
3349	-5.7E-01
3350	1.6E-01
3351	3.2E-01
3352	-3.1E-01
3353	-2.6E-01
3354	7.3E-01
3355	4.3E-01
3356	1.6E-01
3357	1.3E+00
3358	2.6E-01
3359	2.6E-01
3360	-3.9E-01
3361	3.7E-01
3362	-7.2E-01
3363	1.5E+00
3364	-7.1E-01
3365	8.8E-02
3366	-1.9E-02
3367	-4.5E-01
3368	-4.2E-01
3369	-5.5E-01
3370	-4.2E-01
3371	8.0E-02
3372	-3.7E-01
3373	-3.7E-01
3374	-5.2E-01
3375	1.4E-01
3376	1.4E-01
3377	6.5E-01
3378	-2.7E-01
3379	4.9E-01
3380	3.9E-02
3381	4.4E-01
3382	-3.6E-01
3383	6.8E-01
3384	8.3E-02
3385	5.1E-01
3386	1.2E-02
3387	2.5E-01
3388	5.8E-02
3389	1.9E-01
3390	5.6E-01
3391	1.5E-01
3392	0.0E+00
3393	4.8E-01
3394	-2.4E-01
3395	2.5E-02
3396	-8.1E-01
3397	-3.6E-01
3398	2.6E-01
3399	-8.2E-02
3400	-1.6E-01
3401	1.5E-01
3402	-4.9E-01
3403	1.6E-01
3404	-3.2E-01
3405	6.2E-01
3406	7.2E-01
3407	-4.8E-01
3408	8.0E-01
3409	4.4E-01
3410	4.7E-01
3411	-2.0E-01
3412	-5.8E-03
3413	-1.6E-01
3414	2.6E-01
3415	1.1E-02
3416	-2.4E-01
3417	5.6E-01
3418	-3.1E-02
3419	2.2E-01
3420	-2.8E-01
3421	1.1E-03
3422	4.2E-01
3423	-4.2E-01
3424	-2.7E-01
3425	-5.6E-01
3426	-3.0E-01
3427	-4.1E-01
3428	0.0E+00
3429	6.3E-01
3430	2.4E-01
3431	2.0E-01
3432	-6.1E-02
3433	-6.7E-01
3434	7.0E-01
3435	-6.7E-01
3436	-4.3E-01
3437	-9.7E-01
3438	-5.4E-01
3439	-3.9E-01
3440	-2.8E-01
3441	-5.2E-01
3442	3.9E-01
3443	1.2E-01
3444	-5.0E-02
3445	-7.5E-01
3446	-1.4E-01
3447	5.5E-01
3448	-7.9E-01
3449	6.5E-01
3450	-1.8E-01
3451	-1.8E-01
3452	-6.7E-01
3453	2.0E-01
3454	6.8E-01
3455	-2.1E-01
3456	-5.2E-01
3457	2.5E-01
3458	-1.2E+00
3459	7.6E-01
3460	2.7E-01
3461	6.3E-01
3462	3.0E-01
3463	-1.0E+00
3464	-8.6E-01
3465	-4.2E-01
3466	5.4E-01
3467	8.3E-01
3468	-3.4E-01
3469	9.8E-02
3470	-3.6E-01
3471	2.9E-01
3472	-4.8E-01
3473	1.8E-01
3474	-4.3E-01
3475	3.2E-01
3476	-2.8E-01
3477	-2.2E-01
3478	5.7E-01
3479	-6.2E-01
3480	-2.6E-01
3481	3.6E-01
3482	2.0E-02
3483	-2.1E-02
3484	5.2E-01
3485	-3.4E-01
3486	1.5E-01
3487	5.3E-01
3488	8.8E-01
3489	-1.6E-01
3490	-3.8E-01
3491	-3.1E-01
3492	-5.7E-01
3493	-2.3E-01
3494	-2.3E-01
3495	1.4E+00
3496	-1.6E-01
3497	-8.7E-02
3498	1.8E-01
3499	1.2E-01
3500	-4.7E-01
3501	6.2E-01
3502	-5.3E-02
3503	-3.6E-01
3504	-8.3E-01
3505	-4.7E-01
3506	7.3E-02
3507	-4.3E-01
3508	2.4E-01
3509	-6.8E-01
3510	4.5E-01
3511	-4.3E-01
3512	-6.1E-02
3513	-6.8E-01
3514	8.1E-02
3515	4.6E-01
3516	-1.1E+00
3517	-7.5E-01
3518	-4.0E-01
3519	8.4E-01
3520	-7.9E-01
3521	-7.7E-01
3522	4.1E-01
3523	-2.6E-01
3524	3.9E-01
3525	1.0E-01
3526	4.4E-01
3527	-4.9E-01
3528	3.5E-01
3529	1.6E-01
3530	-4.3E-01
3531	-7.3E-01
3532	1.8E-01
3533	6.5E-01
3534	-5.0E-01
3535	-3.7E-01
3536	3.5E-01
3537	1.8E-01
3538	-2.9E-01
3539	4.5E-01
3540	3.2E-03
3541	-9.1E-02
3542	1.5E-02
3543	3.6E-01
3544	-1.2E+00
3545	1.2E-01
3546	6.8E-01
3547	-2.7E-01
3548	7.5E-01
3549	2.2E-01
3550	6.7E-01
3551	-1.1E-02
3552	3.9E-01
3553	-6.4E-01
3554	-6.6E-01
3555	9.7E-01
3556	4.6E-01
3557	4.4E-01
3558	6.1E-02
3559	6.8E-02
3560	-6.4E-01
3561	-4.6E-01
3562	2.7E-02
3563	7.6E-01
3564	-3.5E-01
3565	3.9E-01
3566	-1.7E-01
3567	-1.2E+00
3568	3.7E-01
3569	-1.1E-01
3570	2.0E-01
3571	5.7E-01
3572	3.7E-01
3573	-2.8E-01
3574	3.9E-01
3575	-1.2E-01
3576	1.6E-01
3577	-5.3E-01
3578	-4.2E-01
3579	-6.6E-01
3580	-1.6E+00
3581	1.1E-01
3582	8.2E-03
3583	-3.3E-03
3584	3.9E-01
3585	1.7E-01
3586	-1.6E-01
3587	-1.5E-01
3588	-9.2E-01
3589	7.7E-01
3590	-1.4E-01
3591	-1.1E-01
3592	-6.8E-02
3593	2.3E-01
3594	2.7E-01
3595	4.6E-01
3596	-2.3E-01
3597	-8.1E-01
3598	-5.8E-02
3599	-1.4E-01
3600	1.0E-01
3601	1.0E+00
3602	-9.3E-02
3603	1.5E-01
3604	1.2E-01
3605	3.0E-01
3606	-3.4E-01
3607	-1.8E-01
3608	2.5E-01
3609	-3.4E-01
3610	6.2E-01
3611	3.5E-01
3612	-7.6E-01
3613	4.9E-01
3614	-7.5E-02
3615	1.3E-01
3616	-1.9E-01
3617	-3.9E-01
3618	-3.4E-01
3619	-2.3E-01
3620	-9.6E-02
3621	-3.5E-01
3622	-1.1E-01
3623	9.8E-01
3624	4.3E-02
3625	1.8E-01
3626	-2.8E-01
3627	5.6E-01
3628	7.2E-03
3629	-2.7E-01
3630	-2.2E-01
3631	-1.0E+00
3632	3.9E-01
3633	2.5E-01
3634	1.6E+00
3635	-5.5E-01
3636	-3.0E-01
3637	-5.7E-01
3638	4.9E-01
3639	3.1E-02
3640	-2.4E-01
3641	-1.1E+00
3642	-1.6E-01
3643	-2.2E-01
3644	1.7E-01
3645	-4.4E-02
3646	-7.3E-01
3647	4.1E-01
3648	1.1E-01
3649	-2.6E-01
3650	-3.6E-01
3651	-8.4E-01
3652	-1.4E-01
3653	3.8E-01
3654	2.4E-01
3655	8.5E-01
3656	6.1E-01
3657	-4.9E-02
3658	3.1E-01
3659	-4.5E-01
3660	-4.7E-01
3661	-7.2E-01
3662	6.4E-01
3663	-2.0E-01
3664	4.6E-01
3665	7.5E-01
3666	-6.7E-01
3667	-9.4E-02
3668	6.3E-01
3669	-2.3E-01
3670	-1.2E-01
3671	6.7E-01
3672	-1.1E-01
3673	-4.3E-01
3674	-4.3E-01
3675	6.3E-02
3676	1.6E-01
3677	-6.8E-01
3678	-1.2E-01
3679	-2.0E-01
3680	7.6E-01
3681	-3.6E-01
3682	-4.6E-01
3683	1.4E+00
3684	-1.5E-01
3685	-2.7E-02
3686	1.6E-03
3687	8.7E-02
3688	7.9E-01
3689	8.3E-02
3690	-3.2E-01
3691	1.8E-01
3692	2.2E-01
3693	-2.0E-01
3694	3.9E-01
3695	1.5E-02
3696	-4.7E-01
3697	9.6E-01
3698	3.1E-01
3699	4.9E-01
3700	-6.2E-01
3701	-8.2E-01
3702	-3.9E-01
3703	6.1E-01
3704	2.5E-01
3705	-4.8E-01
3706	-3.0E-01
3707	4.3E-01
3708	7.2E-01
3709	4.9E-01
3710	-7.3E-01
3711	-5.2E-01
3712	-4.4E-01
3713	-7.2E-02
3714	-6.2E-01
3715	-2.6E-03
3716	-2.9E-01
3717	-5.6E-01
3718	1.4E-01
3719	-8.9E-02
3720	-2.6E-01
3721	-6.2E-02
3722	-3.5E-01
3723	-1.0E+00
3724	6.0E-01
3725	-4.3E-01
3726	1.3E-01
3727	-3.3E-01
3728	-5.3E-01
3729	6.7E-01
3730	3.3E-01
3731	1.0E-01
3732	-4.8E-01
3733	2.8E-01
3734	-6.9E-01
3735	-5.8E-01
3736	-1.5E-01
3737	3.6E-01
3738	1.3E-01
3739	-5.8E-01
3740	-4.0E-01
3741	9.1E-01
3742	4.3E-01
3743	7.8E-01
3744	4.7E-01
3745	-2.0E-01
3746	-1.7E-01
3747	-8.4E-01
3748	-2.0E-02
3749	-4.4E-01
3750	-8.7E-01
3751	-7.3E-01
3752	-3.7E-01
3753	1.7E-01
3754	-4.3E-01
3755	3.4E-01
3756	-6.1E-01
3757	-1.1E-01
3758	-3.0E-01
3759	-6.1E-01
3760	-8.4E-01
3761	1.7E-02
3762	-5.6E-01
3763	-5.5E-02
3764	-5.0E-01
3765	4.4E-02
3766	4.7E-01
3767	-1.9E-01
3768	1.4E-01
3769	2.8E-01
3770	3.1E-01
3771	3.8E-01
3772	6.5E-01
3773	2.5E-01
3774	-1.2E-01
3775	5.0E-01
3776	2.8E-02
3777	3.8E-01
3778	9.3E-01
3779	-8.3E-01
3780	1.2E-01
3781	8.2E-01
3782	2.8E-01
3783	1.5E-01
3784	-8.6E-02
3785	5.2E-01
3786	-2.4E-01
3787	-3.8E-01
3788	-5.2E-01
3789	-9.0E-02
3790	3.9E-02
3791	-5.1E-01
3792	2.1E-01
3793	4.0E-01
3794	-1.7E-01
3795	-2.0E-01
3796	-3.9E-01
3797	6.9E-01
3798	4.0E-01
3799	-7.0E-01
3800	-8.0E-01
3801	-1.6E-02
3802	-1.5E-01
3803	-1.4E-01
3804	4.7E-01
3805	-7.5E-02
3806	4.4E-01
3807	8.2E-02
3808	-1.6E-01
3809	6.4E-01
3810	5.9E-01
3811	3.3E-02
3812	-2.9E-01
3813	7.8E-01
3814	9.8E-02
3815	-4.6E-01
3816	1.1E-01
3817	6.6E-01
3818	4.0E-01
3819	7.5E-01
3820	-7.8E-01
3821	7.3E-01
3822	3.2E-01
3823	3.4E-01
3824	-9.8E-01
3825	-1.4E-01
3826	1.9E-01
3827	1.5E-02
3828	2.6E-01
3829	-3.7E-01
3830	-4.2E-02
3831	-5.2E-01
3832	-1.7E-01
3833	-1.3E-01
3834	1.1E+00
3835	-1.3E-01
3836	-1.8E-01
3837	-5.3E-02
3838	2.6E-01
3839	-8.4E-01
3840	-5.1E-01
3841	3.4E-02
3842	1.5E-01
3843	1.5E-01
3844	-5.8E-01
3845	-3.8E-01
3846	1.1E+00
3847	-1.2E+00
3848	4.6E-01
3849	1.6E-01
3850	-2.0E-01
3851	-6.0E-01
3852	2.2E-01
3853	8.1E-02
3854	-4.2E-01
3855	-3.7E-01
3856	3.3E-02
3857	4.7E-02
3858	1.6E-01
3859	4.8E-01
3860	-7.3E-02
3861	-4.9E-01
3862	2.8E-01
3863	1.3E-01
3864	1.5E-01
3865	-2.5E-01
3866	-5.7E-02
3867	2.1E-01
3868	-7.9E-01
3869	-5.0E-02
3870	5.2E-01
3871	-2.4E-02
3872	-3.9E-01
3873	8.0E-01
3874	-9.8E-01
3875	-3.5E-01
3876	-3.3E-02
3877	3.4E-01
3878	3.1E-01
3879	-3.6E-01
3880	7.9E-02
3881	-5.6E-01
3882	-1.6E-01
3883	4.4E-01
3884	-3.9E-01
3885	5.6E-01
3886	-8.3E-01
3887	1.2E-01
3888	6.7E-02
3889	-1.0E-01
3890	2.5E-01
3891	3.4E-01
3892	-2.2E-02
3893	5.2E-02
3894	-3.6E-01
3895	2.5E-01
3896	-4.3E-01
3897	-5.4E-01
3898	1.8E-01
3899	-4.4E-01
3900	-5.1E-01
3901	-4.1E-01
3902	4.8E-01
3903	8.1E-02
3904	9.4E-02
3905	3.5E-01
3906	-7.2E-01
3907	3.0E-02
3908	-9.2E-01
3909	-2.0E-01
3910	2.1E-01
3911	3.2E-02
3912	4.3E-02
3913	-5.7E-01
3914	3.5E-01
3915	-2.0E-01
3916	1.0E-02
3917	-5.5E-02
3918	8.0E-02
3919	4.6E-01
3920	-3.0E-01
3921	1.3E+00
3922	-2.5E-01
3923	7.4E-01
3924	2.1E-01
3925	4.6E-01
3926	-9.3E-01
3927	-5.6E-01
3928	-7.4E-01
3929	1.1E-01
3930	1.3E-01
3931	-5.4E-01
3932	7.9E-01
3933	-5.7E-02
3934	-2.0E-01
3935	6.2E-01
3936	4.8E-01
3937	2.2E-01
3938	-2.4E-01
3939	-3.8E-01
3940	4.0E-01
3941	-3.2E-02
3942	-1.9E-01
3943	-3.3E-01
3944	-1.4E-01
3945	-5.8E-01
3946	5.3E-01
3947	2.0E-01
3948	4.9E-01
3949	2.1E-01
3950	-5.1E-01
3951	1.1E-01
3952	4.9E-01
3953	4.2E-01
3954	-9.1E-02
3955	1.5E-01
3956	7.2E-01
3957	-5.1E-01
3958	1.5E-01
3959	-4.5E-01
3960	1.4E-01
3961	3.5E-01
3962	-8.0E-01
3963	-6.9E-01
3964	-1.9E-01
3965	-2.7E-01
3966	-1.1E-01
3967	5.1E-01
3968	-2.4E-01
3969	2.9E-01
3970	-9.6E-01
3971	-2.8E-01
3972	-5.3E-01
3973	3.2E-01
3974	8.5E-02
3975	-4.5E-01
3976	1.9E-01
3977	8.0E-01
3978	7.1E-01
3979	3.8E-01
3980	4.2E-01
3981	4.5E-01
3982	4.0E-01
3983	-6.2E-01
3984	1.9E-01
3985	-2.4E-01
3986	5.4E-01
3987	1.1E+00
3988	-4.1E-03
3989	-1.4E-01
3990	1.5E-01
3991	-2.1E-01
3992	-1.1E+00
3993	2.8E-01
3994	-4.1E-01
3995	-6.1E-02
3996	8.1E-02
3997	-9.1E-01
3998	-1.0E+00
3999	9.8E-01
4000	-7.9E-01
4001	9.0E-02
4002	-6.1E-01
4003	9.9E-02
4004	-2.4E-01
4005	1.1E+00
4006	-5.5E-02
4007	1.6E-01
4008	-4.5E-02
4009	-2.7E-01
4010	-3.5E-01
4011	1.4E-01
4012	2.7E-01
4013	6.9E-01
4014	1.8E-01
4015	-3.0E-01
4016	1.7E-01
4017	-3.4E-01
4018	5.1E-01
4019	4.1E-01
4020	-3.6E-01
4021	9.4E-02
4022	6.9E-01
4023	3.6E-01
4024	3.0E-01
4025	-9.1E-01
4026	-9.3E-01
4027	-7.2E-01
4028	-6.9E-02
4029	7.4E-01
4030	-9.1E-01
4031	-2.7E-01
4032	-5.5E-01
4033	2.8E-01
4034	-9.5E-02
4035	-2.2E-01
4036	-6.1E-01
4037	-2.9E-01
4038	-7.8E-02
4039	2.7E-01
4040	3.3E-01
4041	-6.0E-02
4042	5.0E-01
4043	-1.4E-01
4044	9.1E-01
4045	-3.4E-01
4046	-1.6E-01
4047	-2.9E-01
4048	4.5E-01
4049	6.1E-01
4050	3.6E-01
4051	5.1E-02
4052	-1.1E-01
4053	-1.9E-01
4054	6.4E-01
4055	2.1E-01
4056	-3.0E-01
4057	-2.2E-01
4058	-1.2E-01
4059	1.6E-01
4060	1.3E-01
4061	-5.2E-01
4062	-4.4E-01
4063	-7.4E-01
4064	-2.1E-01
4065	-6.5E-01
4066	-2.6E-01
4067	1.6E-01
4068	5.5E-02
4069	5.0E-01
4070	5.0E-01
4071	-3.6E-01
4072	1.5E-01
4073	-1.9E-03
4074	9.1E-01
4075	-5.4E-01
4076	-2.6E-01
4077	1.6E-01
4078	-1.2E-02
4079	3.3E-01
4080	-8.6E-02
4081	3.9E-01
4082	-2.4E-01
4083	2.3E-01
4084	3.4E-01
4085	-5.1E-01
4086	3.7E-01
4087	5.7E-01
4088	-3.0E-01
4089	-3.5E-01
4090	1.5E-01
4091	-2.3E-02
4092	-4.6E-01
4093	-9.4E-01
4094	5.4E-01
4095	5.0E-01
4096	-2.4E-01
4097	-5.2E-01
4098	-5.2E-01
4099	-4.6E-01
4100	-4.5E-01
4101	-6.3E-01
4102	4.5E-01
4103	-1.2E-02
4104	3.3E-01
4105	5.7E-01
4106	-6.5E-01
4107	3.7E-01
4108	2.9E-01
4109	2.7E-01
4110	-5.8E-02
4111	9.7E-01
4112	-3.7E-02
4113	3.5E-01
4114	1.9E-01
4115	-3.6E-01
4116	7.1E-01
4117	-2.1E-01
4118	7.5E-02
4119	-1.6E-01
4120	7.4E-01
4121	4.8E-01
4122	9.7E-01
4123	-1.4E-01
4124	-8.0E-01
4125	4.7E-01
4126	-4.6E-01
4127	9.6E-01
4128	-2.6E-01
4129	-8.9E-02
4130	7.6E-01
4131	2.4E-01
4132	-2.2E-01
4133	-6.1E-01
4134	-1.5E-01
4135	-4.8E-01
4136	3.2E-02
4137	2.6E-01
4138	1.5E-01
4139	-5.9E-01
4140	1.1E-01
4141	5.4E-02
4142	5.1E-02
4143	-1.6E-01
4144	-3.5E-01
4145	-4.1E-01
4146	-7.4E-01
4147	-3.4E-01
4148	-2.2E-01
4149	-3.5E-01
4150	3.5E-01
4151	-8.2E-01
4152	2.8E-01
4153	1.1E-01
4154	-6.4E-01
4155	3.4E-01
4156	2.6E-01
4157	-5.4E-01
4158	-2.5E-01
4159	4.8E-01
4160	-1.3E+00
4161	-3.9E-01
4162	-1.0E+00
4163	7.1E-01
4164	-5.2E-01
4165	8.7E-01
4166	5.9E-01
4167	-4.1E-01
4168	-2.3E-01
4169	3.9E-01
4170	-2.5E-01
4171	1.5E-01
4172	3.0E-01
4173	3.6E-01
4174	-7.2E-01
4175	-6.3E-01
4176	-1.8E-01
4177	5.6E-02
4178	-3.0E-01
4179	3.6E-01
4180	-3.6E-01
4181	-1.3E-01
4182	3.6E-01
4183	3.9E-01
4184	-2.1E-01
4185	9.8E-01
4186	-3.9E-01
4187	4.7E-01
4188	8.3E-01
4189	-3.9E-01
4190	8.0E-02
4191	2.7E-01
4192	-8.0E-01
4193	2.9E-01
4194	5.4E-01
4195	2.6E-01
4196	2.8E-01
4197	-5.4E-01
4198	-7.4E-02
4199	-5.2E-01
4200	-4.9E-01
4201	-4.6E-01
4202	7.2E-01
4203	-1.1E-01
4204	5.8E-02
4205	1.3E-01
4206	-1.1E+00
4207	-2.7E-01
4208	5.9E-01
4209	2.2E-01
4210	-4.6E-01
4211	4.3E-01
4212	1.4E-02
4213	-5.9E-01
4214	1.3E-01
4215	-6.7E-02
4216	-9.4E-02
4217	2.6E-02
4218	-5.1E-01
4219	-3.0E-01
4220	9.2E-03
4221	4.1E-02
4222	-8.6E-01
4223	-5.0E-02
4224	-6.2E-01
4225	7.3E-01
4226	-4.9E-01
4227	-7.3E-01
4228	1.4E-01
4229	-8.2E-01
4230	-2.0E-01
4231	5.4E-01
4232	-6.3E-01
4233	1.3E-01
4234	4.9E-01
4235	-5.7E-01
4236	-2.3E-01
4237	1.3E-03
4238	2.4E-02
4239	-1.1E-01
4240	-2.7E-02
4241	2.8E-01
4242	1.4E-01
4243	-2.3E-01
4244	-8.5E-01
4245	6.0E-01
4246	-2.1E-01
4247	-2.8E-01
4248	-3.8E-01
4249	2.1E-01
4250	-2.3E-01
4251	-2.5E-01
4252	-3.7E-01
4253	-3.6E-01
4254	3.5E-01
4255	1.9E-02
4256	-6.5E-01
4257	2.1E-01
4258	4.5E-01
4259	3.8E-01
4260	-9.1E-01
4261	2.1E-01
4262	4.3E-01
4263	-2.3E-01
4264	-5.5E-01
4265	-2.9E-01
4266	-6.1E-01
4267	-3.0E-01
4268	-1.1E-01
4269	3.7E-01
4270	-6.5E-02
4271	2.3E-01
4272	-8.1E-02
4273	-1.4E-01
4274	-2.5E-01
4275	7.1E-01
4276	4.7E-01
4277	2.4E-02
4278	-4.2E-01
4279	-9.6E-01
4280	1.1E-02
4281	-3.4E-01
4282	-1.9E-01
4283	-8.1E-02
4284	-4.9E-01
4285	-2.9E-01
4286	9.1E-01
4287	8.4E-02
4288	-3.3E-02
4289	3.5E-01
4290	2.5E-01
4291	3.6E-01
4292	1.3E-01
4293	-2.3E-01
4294	1.7E-01
4295	7.4E-02
4296	-9.6E-02
4297	1.1E+00
4298	2.4E-01
4299	-3.9E-01
4300	8.5E-01
4301	-3.1E-01
4302	-1.7E-02
4303	-8.2E-02
4304	-3.6E-01
4305	2.1E-01
4306	3.1E-01
4307	3.5E-01
4308	-4.8E-01
4309	-1.5E-01
4310	-1.2E-01
4311	9.6E-02
4312	3.0E-01
4313	5.9E-02
4314	6.7E-02
4315	8.2E-01
4316	-9.2E-01
4317	2.7E-01
4318	-4.9E-01
4319	2.0E-01
4320	9.0E-01
4321	-6.7E-01
4322	3.3E-01
4323	1.3E-01
4324	2.3E-01
4325	-6.4E-01
4326	-7.6E-01
4327	-4.3E-01
4328	5.2E-01
4329	-7.2E-01
4330	-8.2E-01
4331	6.3E-01
4332	-7.8E-02
4333	7.6E-02
4334	1.4E-01
4335	-3.6E-02
4336	5.7E-02
4337	-5.1E-01
4338	-2.4E-01
4339	3.6E-01
4340	1.4E-01
4341	4.3E-01
4342	-2.5E-01
4343	3.6E-01
4344	5.4E-02
4345	2.2E-02
4346	9.0E-02
4347	-4.6E-01
4348	-3.2E-01
4349	2.3E-01
4350	5.2E-01
4351	6.0E-01
4352	-2.9E-01
4353	-6.8E-01
4354	1.8E-01
4355	9.1E-02
4356	7.4E-01
4357	5.3E-01
4358	-1.1E-02
4359	1.8E-01
4360	-3.1E-01
4361	2.4E-01
4362	-7.0E-01
4363	-1.8E-01
4364	-2.3E-01
4365	4.1E-01
4366	-7.2E-01
4367	3.6E-01
4368	8.7E-02
4369	1.9E-01
4370	-1.6E-01
4371	-2.0E-01
4372	-3.2E-01
4373	-3.0E-02
4374	4.0E-01
4375	-2.9E-02
4376	2.8E-01
4377	-1.2E-01
4378	6.7E-01
4379	-5.0E-01
4380	1.2E-01
4381	5.7E-01
4382	-4.3E-01
4383	6.2E-01
4384	6.1E-02
4385	3.8E-01
4386	-4.1E-01
4387	-3.1E-01
4388	7.5E-01
4389	8.6E-02
4390	4.4E-01
4391	-2.2E-01
4392	6.8E-02
4393	-4.5E-01
4394	-3.0E-01
4395	-1.5E-01
4396	-1.0E-01
4397	1.5E-01
4398	-8.1E-03
4399	2.2E-01
4400	5.1E-02
4401	-7.0E-01
4402	-6.7E-01
4403	-1.5E-01
4404	-1.9E-01
4405	2.6E-01
4406	2.2E-01
4407	0.0E+00
4408	-1.1E-01
4409	-8.3E-01
4410	-5.8E-01
4411	-3.0E-02
4412	-2.3E-01
4413	-3.9E-01
4414	6.2E-01
4415	-6.2E-01
4416	-8.2E-03
4417	-7.6E-02
4418	2.2E-01
4419	6.1E-01
4420	-7.7E-02
4421	8.8E-03
4422	-1.6E-01
4423	1.4E+00
4424	-4.2E-01
4425	1.0E-02
4426	-3.6E-02
4427	-5.0E-01
4428	3.5E-01
4429	7.2E-03
4430	-4.5E-01
4431	-3.9E-01
4432	-4.6E-02
4433	2.3E-01
4434	2.8E-01
4435	9.4E-01
4436	5.9E-01
4437	-1.4E-01
4438	7.7E-01
4439	5.3E-02
4440	-4.6E-02
4441	1.2E-01
4442	-1.9E-01
4443	1.5E-01
4444	-1.6E-01
4445	-8.7E-02
4446	-2.3E-01
4447	-6.7E-01
4448	-4.0E-01
4449	-1.4E-01
4450	1.5E-01
4451	8.1E-02
4452	1.1E-01
4453	7.0E-01
4454	4.0E-01
4455	5.9E-01
4456	2.3E-01
4457	-9.3E-02
4458	5.5E-02
4459	-4.0E-01
4460	3.1E-01
4461	-4.0E-01
4462	-2.2E-01
4463	2.3E-01
4464	-2.8E-01
4465	1.7E-01
4466	-1.4E-01
4467	-8.1E-01
4468	-2.8E-01
4469	-9.9E-01
4470	4.1E-01
4471	2.4E-02
4472	8.1E-01
4473	1.8E-01
4474	-1.7E-02
4475	-5.6E-01
4476	7.5E-01
4477	-9.3E-01
4478	4.6E-01
4479	-3.0E-02
4480	-1.1E-01
4481	1.1E-01
4482	-2.2E-01
4483	5.8E-01
4484	-2.7E-01
4485	2.3E-01
4486	1.3E-01
4487	-4.9E-01
4488	-2.5E-01
4489	-7.6E-02
4490	9.3E-01
4491	-5.9E-01
4492	2.1E-02
4493	-1.4E+00
4494	-1.6E-01
4495	2.2E-01
4496	-6.7E-02
4497	-9.1E-02
4498	5.7E-01
4499	2.7E-01
4500	-3.1E-01
4501	-4.6E-01
4502	-9.3E-02
4503	3.1E-01
4504	-6.3E-01
4505	3.5E-01
4506	8.6E-01
4507	1.5E-02
4508	-7.0E-01
4509	9.2E-01
4510	4.7E-01
4511	-6.1E-01
4512	-1.1E-01
4513	4.4E-01
4514	-2.2E-01
4515	-3.6E-01
4516	3.2E-01
4517	1.8E-01
4518	-3.3E-01
4519	-3.9E-01
4520	-6.0E-01
4521	-1.7E-01
4522	-3.8E-02
4523	5.5E-01
4524	-1.1E-01
4525	2.2E-04
4526	4.2E-02
4527	-8.0E-01
4528	-3.4E-01
4529	6.5E-01
4530	4.1E-01
4531	-7.7E-02
4532	5.7E-02
4533	5.1E-02
4534	1.1E+00
4535	3.4E-01
4536	6.5E-01
4537	1.1E+00
4538	2.8E-01
4539	5.2E-01
4540	4.5E-01
4541	-1.7E-01
4542	-7.4E-01
4543	-7.3E-02
4544	-8.3E-01
4545	3.4E-01
4546	2.0E-01
4547	-5.9E-01
4548	-2.2E-01
4549	-4.2E-01
4550	8.0E-02
4551	-2.5E-01
4552	1.5E-01
4553	3.7E-01
4554	1.9E-01
4555	-1.6E-01
4556	-4.6E-01
4557	-2.6E-01
4558	3.0E-01
4559	-2.1E-01
4560	1.0E+00
4561	4.0E-01
4562	2.9E-01
4563	5.9E-01
4564	-2.0E-01
4565	-1.1E+00
4566	-2.4E-01
4567	-1.1E-01
4568	-5.5E-02
4569	-2.2E-01
4570	-4.7E-01
4571	4.4E-02
4572	-8.7E-01
4573	-4.1E-01
4574	1.7E-01
4575	-3.8E-02
4576	3.8E-01
4577	-5.7E-01
4578	1.2E+00
4579	-1.0E+00
4580	-1.7E-01
4581	2.3E-01
4582	-8.6E-01
4583	-8.7E-01
4584	2.9E-01
4585	4.4E-02
4586	-1.3E-01
4587	2.9E-01
4588	-9.0E-02
4589	-4.7E-01
4590	3.6E-02
4591	-5.3E-01
4592	2.7E-01
4593	-1.8E-01
4594	8.0E-01
4595	3.3E-01
4596	-7.7E-01
4597	1.9E-01
4598	-2.3E-01
4599	-6.5E-01
4600	1.8E-01
4601	8.1E-02
4602	3.1E-01
4603	-4.5E-03
4604	7.9E-01
4605	6.9E-01
4606	-1.2E-01
4607	-1.9E-01
4608	-3.6E-01
4609	6.3E-01
4610	-3.1E-01
4611	2.1E-02
4612	2.0E-01
4613	-3.5E-01
4614	3.5E-01
4615	2.5E-01
4616	-1.6E-01
4617	-6.4E-01
4618	1.5E-01
4619	-1.2E-01
4620	1.5E-01
4621	-1.4E-01
4622	-1.7E+00
4623	-4.1E-01
4624	-4.6E-01
4625	1.8E-02
4626	-1.5E+00
4627	-4.3E-01
4628	3.8E-01
4629	-1.6E-01
4630	-5.4E-01
4631	-1.2E-01
4632	1.4E-01
4633	-5.6E-01
4634	-3.3E-02
4635	5.3E-01
4636	1.9E-01
4637	2.1E-01
4638	-1.2E-01
4639	-6.4E-01
4640	1.0E+00
4641	1.8E-01
4642	-3.7E-01
4643	-2.9E-01
4644	5.3E-01
4645	-6.1E-01
4646	5.2E-01
4647	2.3E-01
4648	-5.5E-01
4649	-3.5E-01
4650	1.1E-02
4651	-1.3E-01
4652	-2.7E-01
4653	-5.9E-01
4654	7.3E-01
4655	-3.9E-01
4656	-4.0E-01
4657	-1.5E-02
4658	-1.1E+00
4659	-4.9E-01
4660	-3.9E-01
4661	2.6E-02
4662	-3.5E-01
4663	-4.1E-01
4664	-4.4E-01
4665	-1.1E-01
4666	-3.9E-01
4667	-1.1E+00
4668	-5.0E-01
4669	-5.0E-02
4670	3.9E-01
4671	-1.6E-01
4672	-2.4E-01
4673	-3.8E-01
4674	1.4E-01
4675	-5.8E-01
4676	-2.6E-01
4677	-7.6E-01
4678	-3.1E-01
4679	3.1E-02
4680	1.1E-01
4681	1.9E-01
4682	3.6E-01
4683	-8.5E-02
4684	1.0E-01
4685	-2.7E-01
4686	-5.4E-01
4687	-1.3E-01
4688	2.2E-01
4689	2.5E-01
4690	-4.7E-01
4691	-6.3E-01
4692	1.1E-01
4693	6.1E-01
4694	2.0E-01
4695	4.1E-02
4696	-4.2E-01
4697	-2.5E-01
4698	-2.3E-01
4699	1.3E-01
4700	2.4E-01
4701	-5.6E-01
4702	6.1E-01
4703	-2.3E-01
4704	4.8E-01
4705	-1.1E+00
4706	-1.2E-01
4707	6.0E-01
4708	3.4E-01
4709	-1.2E-03
4710	8.8E-02
4711	7.5E-01
4712	4.0E-01
4713	5.3E-02
4714	-3.8E-01
4715	4.5E-01
4716	6.1E-01
4717	-1.3E-01
4718	-1.5E+00
4719	-2.7E-01
4720	-4.8E-01
4721	-3.4E-01
4722	3.2E-01
4723	-8.0E-01
4724	6.6E-01
4725	3.5E-01
4726	-5.7E-02
4727	-2.8E-01
4728	-9.0E-01
4729	-3.4E-01
4730	-3.8E-01
4731	-6.2E-01
4732	-1.9E-01
4733	5.6E-02
4734	-1.7E-01
4735	-5.4E-01
4736	1.6E-01
4737	1.7E-01
4738	-5.2E-01
4739	-8.2E-01
4740	-1.9E-01
4741	-6.6E-01
4742	3.4E-01
4743	2.9E-01
4744	4.4E-01
4745	-8.1E-01
4746	8.2E-02
4747	3.5E-01
4748	2.9E-01
4749	-6.5E-02
4750	3.2E-02
4751	-2.5E-01
4752	-5.4E-01
4753	-1.6E-01
4754	2.4E-02
4755	4.2E-01
4756	-1.7E-01
4757	-4.5E-01
4758	-4.4E-01
4759	2.2E-01
4760	-6.9E-01
4761	-3.8E-01
4762	-1.1E-02
4763	-3.3E-01
4764	-2.9E-01
4765	-4.8E-02
4766	7.7E-02
4767	2.0E-01
4768	-2.6E-01
4769	-3.4E-01
4770	-7.8E-02
4771	-8.0E-01
4772	-3.1E-01
4773	1.8E-01
4774	-3.0E-01
4775	-1.3E-01
4776	-3.3E-01
4777	-2.7E-01
4778	4.5E-01
4779	-3.1E-01
4780	-1.8E-01
4781	-4.4E-02
4782	2.4E-01
4783	3.2E-01
4784	-1.4E-01
4785	1.6E-01
4786	-1.1E-01
4787	-1.5E-01
4788	6.4E-01
4789	6.7E-03
4790	-1.1E-01
4791	-2.1E-01
4792	0.0E+00
4793	-6.3E-01
4794	0.0E+00
4795	5.5E-01
4796	-7.5E-01
4797	3.2E-01
4798	2.1E-01
4799	-2.2E-02
4800	-1.8E-01
4801	-3.2E-01
4802	-4.4E-01
4803	-6.4E-01
4804	-5.3E-02
4805	-9.7E-01
4806	3.3E-02
4807	-3.9E-01
4808	3.7E-03
4809	6.5E-01
4810	5.6E-01
4811	-6.8E-02
4812	1.0E+00
4813	1.4E-01
4814	2.8E-02
4815	2.3E-01
4816	-6.1E-01
4817	3.9E-01
4818	1.1E+00
4819	3.8E-02
4820	4.5E-01
4821	-2.3E-01
4822	2.8E-01
4823	4.8E-02
4824	-7.9E-01
4825	-7.0E-01
4826	4.1E-02
4827	-2.8E-01
4828	-1.3E+00
4829	-7.1E-02
4830	-2.3E-01
4831	2.8E-01
4832	4.5E-01
4833	-3.3E-02
4834	2.3E-01
4835	-8.1E-01
4836	-1.2E-01
4837	-1.5E-01
4838	6.3E-02
4839	-1.0E+00
4840	5.0E-01
4841	1.6E-01
4842	-9.2E-01
4843	8.2E-01
4844	-2.3E-01
4845	1.8E-01
4846	2.7E-01
4847	-7.7E-01
4848	-4.8E-01
4849	4.1E-01
4850	5.6E-01
4851	1.0E-01
4852	-3.3E-01
4853	7.0E-01
4854	3.6E-01
4855	-8.4E-01
4856	-2.8E+00
4857	6.1E-01
4858	-5.9E-01
4859	-6.5E-01
4860	1.5E-02
4861	-1.1E-01
4862	5.8E-01
4863	5.1E-01
4864	1.2E-01
4865	3.5E-02
4866	2.5E-01
4867	-4.5E-01
4868	-1.1E-01
4869	-8.6E-02
4870	-2.2E-01
4871	-3.5E-01
4872	-1.2E-01
4873	3.9E-01
4874	-7.4E-01
4875	-1.1E-02
4876	-2.8E-01
4877	7.2E-02
4878	3.2E-01
4879	-7.4E-01
4880	2.7E-01
4881	8.5E-01
4882	1.9E-01
4883	7.5E-01
4884	-3.3E-01
4885	-9.8E-02
4886	6.5E-02
4887	2.3E-01
4888	-4.2E-01
4889	4.2E-02
4890	1.8E-01
4891	4.6E-01
4892	0.0E+00
4893	-2.9E-01
4894	-6.7E-01
4895	-3.1E-01
4896	4.6E-01
4897	1.7E-01
4898	-2.0E-02
4899	9.0E-02
4900	-5.4E-01
4901	6.4E-01
4902	6.3E-01
4903	1.5E-01
4904	-3.2E-01
4905	-2.9E-01
4906	5.8E-01
4907	1.7E-01
4908	-3.9E-01
4909	1.6E-01
4910	-2.0E-01
4911	3.9E-01
4912	3.9E-01
4913	1.4E-01
4914	1.4E-01
4915	-2.8E-03
4916	-2.2E-01
4917	-2.8E-01
4918	-3.5E-01
4919	1.3E-01
4920	2.7E-01
4921	-8.7E-01
4922	6.6E-01
4923	-8.3E-01
4924	-9.8E-01
4925	-5.2E-01
4926	-8.2E-03
4927	-4.6E-01
4928	9.2E-01
4929	-1.3E-01
4930	1.4E-01
4931	1.1E-02
4932	6.0E-01
4933	-7.0E-02
4934	8.8E-02
4935	-4.1E-01
4936	0.0E+00
4937	4.1E-01
4938	3.2E-01
4939	-1.2E-01
4940	2.3E-01
4941	-4.0E-01
4942	5.9E-01
4943	4.7E-01
4944	4.9E-01
4945	-5.6E-01
4946	-1.5E-01
4947	-5.8E-02
4948	-2.0E-01
4949	5.6E-01
4950	2.2E-01
4951	-6.5E-03
4952	-3.2E-02
4953	4.2E-01
4954	8.7E-01
4955	-4.1E-01
4956	-4.0E-01
4957	3.6E-01
4958	2.9E-01
4959	2.6E-01
4960	4.1E-01
4961	6.0E-02
4962	-5.3E-01
4963	2.4E-01
4964	-4.3E-01
4965	9.5E-02
4966	5.7E-01
4967	3.6E-01
4968	3.8E-01
4969	6.3E-02
4970	-8.5E-02
4971	-2.1E-01
4972	-8.2E-01
4973	1.8E-01
4974	-1.1E-01
4975	-1.3E-01
4976	6.9E-01
4977	2.8E-01
4978	-1.9E-01
4979	1.0E+00
4980	-2.2E-02
4981	1.0E+00
4982	6.3E-01
4983	7.1E-01
4984	-5.1E-01
4985	-2.0E-01
4986	-3.5E-01
4987	-1.9E-01
4988	5.6E-01
4989	-1.2E-01
4990	-2.8E-01
4991	4.9E-01
4992	2.9E-01
4993	-6.2E-01
4994	-4.0E-02
4995	1.1E+00
4996	6.2E-01
4997	1.5E-01
4998	5.8E-01
4999	6.8E-01
5000	2.5E-01
5001	-6.6E-01
5002	-1.7E-01
5003	-5.0E-01
5004	-6.0E-01
5005	3.6E-01
5006	-6.4E-01
5007	-7.5E-01
5008	1.1E-01
5009	3.7E-01
5010	-7.4E-01
5011	-8.9E-01
5012	-3.2E-01
5013	-4.4E-01
5014	1.1E-01
5015	-3.8E-01
5016	-5.6E-01
5017	8.8E-02
5018	-3.4E-02
5019	1.1E+00
5020	-2.5E-01
5021	-5.0E-01
5022	-3.1E-01
5023	-4.4E-01
5024	-2.6E-01
5025	2.2E-01
5026	1.8E-01
5027	5.7E-01
5028	1.7E-01
5029	-2.7E-01
5030	7.9E-01
5031	-1.1E+00
5032	-1.5E-01
5033	1.4E-01
5034	4.3E-01
5035	-3.4E-01
5036	-3.2E-01
5037	-3.3E-01
5038	-3.7E-02
5039	-5.8E-01
5040	3.1E-01
5041	2.7E-01
5042	3.8E-01
5043	1.5E-01
5044	-3.9E-01
5045	-5.1E-01
5046	-5.3E-01
5047	-5.6E-01
5048	7.0E-01
5049	1.4E-01
5050	-2.7E-01
5051	-1.1E-01
5052	3.4E-01
5053	3.9E-01
5054	-4.1E-02
5055	9.5E-02
5056	2.9E-01
5057	3.8E-02
5058	1.1E+00
5059	2.4E-01
5060	-1.3E-01
5061	-4.4E-01
5062	-6.4E-01
5063	8.3E-01
5064	2.5E-02
5065	1.8E-01
5066	1.7E-01
5067	-5.0E-01
5068	-6.6E-02
5069	4.8E-01
5070	2.7E-01
5071	1.2E-01
5072	-3.7E-01
5073	2.3E-01
5074	8.2E-01
5075	-1.5E-01
5076	-1.2E+00
5077	-4.1E-01
5078	1.3E-02
5079	-5.4E-01
5080	5.5E-01
5081	8.7E-01
5082	1.7E-01
5083	4.8E-01
5084	3.8E-01
5085	4.2E-01
5086	2.8E-01
5087	-2.6E-01
5088	-3.4E-02
5089	-2.2E-01
5090	4.5E-02
5091	9.4E-02
5092	3.4E-01
5093	-4.9E-01
5094	1.4E-01
5095	3.4E-01
5096	8.1E-02
5097	1.0E+00
5098	3.6E-02
5099	-1.3E-01
5100	-1.5E+00
5101	1.1E-01
5102	-4.0E-02
5103	-1.5E-01
5104	5.0E-01
5105	-2.6E-01
5106	-3.3E-01
5107	-1.4E+00
5108	3.2E-01
5109	2.3E-01
5110	6.4E-01
5111	1.1E-01
5112	-2.6E-01
5113	2.3E-02
5114	5.7E-01
5115	3.9E-01
5116	-7.8E-01
5117	-6.7E-02
5118	-8.1E-01
5119	-2.1E-01
5120	-7.5E-01
5121	1.9E-01
5122	-2.1E-01
5123	8.5E-02
5124	-7.8E-01
5125	-2.1E-01
5126	-7.0E-01
5127	-5.0E-01
5128	5.6E-01
5129	7.2E-01
5130	7.4E-01
5131	-1.2E-01
5132	-2.8E-01
5133	1.6E-01
5134	-3.1E-01
5135	3.0E-01
5136	5.9E-01
5137	-3.0E-01
5138	2.7E-01
5139	-6.1E-01
5140	9.2E-02
5141	-2.3E-01
5142	-7.7E-01
5143	9.0E-01
5144	-6.7E-01
5145	-2.1E-01
5146	7.1E-02
5147	-1.9E+00
5148	-4.5E-01
5149	-5.8E-01
5150	3.6E-01
5151	-2.4E-01
5152	-2.6E-01
5153	-1.2E-02
5154	-4.7E-02
5155	-3.1E-01
5156	-9.9E-02
5157	9.8E-01
5158	1.0E-01
5159	6.9E-01
5160	-1.5E-01
5161	-3.3E-02
5162	1.3E+00
5163	-3.6E-01
5164	-2.6E-01
5165	2.7E-02
5166	1.0E+00
5167	-2.5E-01
5168	9.7E-01
5169	-2.7E-01
5170	4.4E-03
5171	9.1E-02
5172	8.7E-02
5173	3.9E-01
5174	3.8E-01
5175	1.2E-01
5176	1.6E-02
5177	-1.3E-01
5178	-2.5E-01
5179	-5.1E-01
5180	-1.4E-01
5181	-2.5E-01
5182	-1.8E+00
5183	-3.9E-01
5184	-3.7E-01
5185	-5.0E-01
5186	5.1E-01
5187	1.5E-01
5188	-2.2E-01
5189	4.2E-01
5190	2.4E-01
5191	-3.4E-01
5192	-1.8E-01
5193	-5.1E-01
5194	-5.7E-01
5195	4.5E-02
5196	-3.3E-01
5197	-9.5E-01
5198	-4.9E-02
5199	-7.2E-01
5200	-8.6E-01
5201	4.4E-01
5202	-1.8E-01
5203	-1.0E+00
5204	-3.3E-01
5205	2.8E-01
5206	4.9E-01
5207	8.8E-01
5208	1.8E-01
5209	-1.1E+00
5210	-1.2E+00
5211	2.0E-01
5212	5.9E-01
5213	7.0E-02
5214	-3.8E-01
5215	-2.3E-01
5216	4.2E-01
5217	-6.5E-01
5218	1.1E-01
5219	-1.8E-01
5220	-3.2E-01
5221	5.3E-01
5222	-1.7E-01
5223	4.8E-02
5224	5.3E-01
5225	-3.5E-01
5226	2.4E-01
5227	-3.1E-01
5228	-1.0E+00
5229	-2.6E-01
5230	-3.1E-01
5231	3.6E-01
5232	-2.3E-01
5233	-3.6E-01
5234	-1.0E+00
5235	-6.6E-01
5236	2.2E-01
5237	5.9E-01
5238	-1.2E-01
5239	3.6E-02
5240	-4.5E-01
5241	3.9E-01
5242	-6.3E-02
5243	3.9E-01
5244	4.1E-01
5245	5.4E-01
5246	1.9E-01
5247	2.0E-01
5248	5.0E-01
5249	-1.2E-01
5250	4.8E-02
5251	-5.8E-02
5252	-2.6E-02
5253	-3.6E-03
5254	-1.1E+00
5255	3.0E-01
5256	-2.1E-01
5257	1.9E-01
5258	-2.3E-01
5259	-5.9E-02
5260	8.6E-01
5261	3.4E-01
5262	-4.9E-01
5263	2.9E-01
5264	-1.5E-01
5265	-6.9E-01
5266	-7.0E-01
5267	-1.5E-01
5268	4.7E-01
5269	-1.4E-01
5270	-3.4E-01
5271	-5.4E-01
5272	-7.0E-01
5273	-4.4E-01
5274	9.7E-02
5275	-7.6E-03
5276	1.3E-01
5277	1.5E-01
5278	-3.8E-01
5279	-2.2E-01
5280	7.4E-01
5281	-4.6E-01
5282	2.8E-01
5283	-9.5E-02
5284	-6.0E-01
5285	3.1E-01
5286	-7.6E-01
5287	5.8E-01
5288	-5.1E-01
5289	1.0E+00
5290	5.4E-01
5291	-3.4E-01
5292	-1.3E-01
5293	8.3E-01
5294	1.2E-01
5295	2.9E-01
5296	2.2E-01
5297	5.4E-01
5298	-3.5E-01
5299	3.8E-01
5300	-6.3E-02
5301	-7.3E-01
5302	-6.3E-01
5303	-6.7E-01
5304	4.5E-01
5305	3.2E-01
5306	-8.2E-01
5307	3.0E-01
5308	4.5E-01
5309	7.3E-02
5310	2.4E-01
5311	-3.6E-01
5312	6.5E-01
5313	4.0E-01
5314	-6.7E-01
5315	-9.5E-02
5316	-3.0E-01
5317	1.8E-03
5318	7.5E-01
5319	7.7E-01
5320	7.6E-01
5321	7.6E-01
5322	-1.8E-01
5323	1.6E-01
5324	-1.5E-01
5325	3.8E-01
5326	-2.4E-01
5327	7.3E-02
5328	1.5E-01
5329	-6.0E-01
5330	4.9E-01
5331	3.6E-01
5332	4.2E-02
5333	-3.0E-01
5334	-2.1E-01
5335	-7.6E-01
5336	3.4E-01
5337	1.6E-01
5338	-1.3E-01
5339	6.7E-03
5340	4.0E-02
5341	-1.2E-01
5342	-9.1E-01
5343	1.9E-01
5344	-4.9E-01
5345	-9.3E-04
5346	-5.8E-01
5347	7.8E-02
5348	-5.0E-01
5349	-6.4E-01
5350	-8.3E-02
5351	-2.8E-02
5352	-2.1E-01
5353	1.9E-01
5354	2.4E-01
5355	-1.1E+00
5356	-3.2E-01
5357	-3.2E-01
5358	3.3E-01
5359	-6.2E-01
5360	-2.5E-01
5361	-1.8E-01
5362	-2.4E-01
5363	5.3E-01
5364	-9.9E-03
5365	4.1E-01
5366	-3.6E-01
5367	5.6E-01
5368	2.7E-01
5369	-1.1E-01
5370	1.0E+00
5371	8.3E-02
5372	4.2E-01
5373	-3.5E-01
5374	-2.2E-01
5375	3.5E-01
5376	-5.7E-01
5377	4.3E-02
5378	-6.0E-02
5379	-3.4E-01
5380	-3.7E-01
5381	-7.4E-01
5382	-3.1E-01
5383	1.7E-01
5384	1.9E-01
5385	4.6E-01
5386	3.7E-01
5387	8.2E-02
5388	-1.4E-01
5389	2.9E-01
5390	4.8E-01
5391	7.6E-02
5392	3.5E-01
5393	-8.6E-01
5394	-2.6E-01
5395	-4.0E-01
5396	-1.2E-01
5397	9.0E-03
5398	5.3E-01
5399	6.9E-01
5400	-2.1E-01
5401	-2.0E-01
5402	-5.8E-01
5403	-4.1E-01
5404	1.3E-01
5405	9.3E-01
5406	1.1E-01
5407	-3.8E-01
5408	-4.4E-01
5409	-7.0E-01
5410	-2.1E-01
5411	-2.7E-01
5412	-1.9E-01
5413	-1.2E-02
5414	-1.5E+00
5415	2.8E-02
5416	-6.5E-01
5417	3.2E-01
5418	1.7E-01
5419	6.8E-01
5420	-2.8E-01
5421	2.4E-01
5422	5.2E-01
5423	6.5E-02
5424	-1.2E+00
5425	9.6E-02
5426	3.2E-01
5427	-6.5E-01
5428	-5.8E-02
5429	7.2E-01
5430	-5.8E-01
5431	2.1E-01
5432	1.4E-01
5433	-6.5E-01
5434	-1.7E-01
5435	-4.7E-01
5436	-2.9E-01
5437	-3.3E-01
5438	-2.2E-02
5439	8.7E-02
5440	1.7E-01
5441	1.4E-01
5442	3.6E-01
5443	2.2E-01
5444	-6.6E-01
5445	3.0E-01
5446	4.1E-01
5447	-3.4E-01
5448	-5.9E-01
5449	-3.9E-01
5450	-3.8E-01
5451	5.7E-01
5452	-5.6E-01
5453	-4.6E-01
5454	3.1E-01
5455	-1.6E-01
5456	-4.0E-01
5457	4.5E-01
5458	1.9E-01
5459	5.9E-01
5460	-3.0E-01
5461	1.6E-01
5462	5.1E-01
5463	5.4E-01
5464	-2.0E-01
5465	-6.2E-02
5466	-4.8E-01
5467	3.2E-01
5468	-3.3E-01
5469	-9.4E-01
5470	-1.7E-01
5471	-1.0E-01
5472	7.1E-01
5473	7.3E-02
5474	-1.3E+00
5475	6.8E-02
5476	4.3E-01
5477	8.0E-02
5478	-3.7E-01
5479	1.9E-01
5480	-1.7E-01
5481	-3.0E-01
5482	-4.0E-01
5483	6.7E-01
5484	7.3E-02
5485	3.4E-02
5486	2.4E-01
5487	-4.7E-01
5488	2.2E-01
5489	-3.6E-01
5490	-8.3E-01
5491	-5.2E-01
5492	1.8E-01
5493	-1.3E-01
5494	-6.6E-01
5495	3.2E-01
5496	3.4E-01
5497	9.2E-02
5498	7.4E-02
5499	-3.4E-01
5500	6.2E-01
5501	2.9E-01
5502	1.6E-02
5503	3.4E-01
5504	-4.0E-01
5505	4.8E-01
5506	-4.3E-01
5507	-8.3E-01
5508	2.6E-01
5509	-4.8E-01
5510	1.6E-01
5511	5.7E-01
5512	-6.1E-03
5513	-1.1E+00
5514	7.8E-01
5515	-7.3E-01
5516	-4.8E-01
5517	-4.1E-01
5518	3.7E-02
5519	-2.3E-01
5520	-2.1E-01
5521	-6.0E-01
5522	-3.2E-01
5523	-1.0E+00
5524	-2.5E-01
5525	2.4E-01
5526	-8.4E-02
5527	-1.8E-01
5528	-1.3E-01
5529	-8.1E-02
5530	-4.9E-01
5531	-2.2E-01
5532	1.9E-01
5533	1.2E-01
5534	-2.7E-01
5535	-1.5E-01
5536	-1.8E-01
5537	6.5E-01
5538	-1.0E-01
5539	-3.5E-01
5540	7.2E-01
5541	-1.7E-01
5542	-4.0E-02
5543	3.2E-01
5544	2.1E-01
5545	1.3E-01
5546	4.1E-01
5547	-4.7E-01
5548	-4.9E-02
5549	4.0E-02
5550	-3.2E-01
5551	-1.3E-01
5552	-3.7E-01
5553	-8.9E-01
5554	5.0E-02
5555	8.8E-02
5556	-2.3E-02
5557	0.0E+00
5558	4.5E-01
5559	-1.4E-01
5560	-3.3E-01
5561	-2.0E-01
5562	4.0E-01
5563	6.9E-01
5564	1.8E-01
5565	1.8E-01
5566	-4.6E-01
5567	-4.0E-01
5568	5.9E-01
5569	-8.4E-02
5570	-4.7E-01
5571	3.7E-01
5572	8.2E-01
5573	-5.1E-01
5574	-7.6E-01
5575	-1.2E-02
5576	2.8E-01
5577	-2.5E-01
5578	7.9E-01
5579	1.0E-01
5580	-2.9E-01
5581	-4.0E-02
5582	2.3E-01
5583	9.5E-02
5584	5.4E-01
5585	-1.4E-01
5586	5.0E-01
5587	9.5E-02
5588	-4.4E-01
5589	-1.3E-01
5590	4.8E-01
5591	7.1E-02
5592	5.6E-01
5593	-4.4E-01
5594	-9.0E-01
5595	-1.9E-01
5596	-4.8E-01
5597	5.9E-01
5598	4.5E-01
5599	4.9E-02
5600	-3.5E-01
5601	-9.6E-01
5602	-7.9E-02
5603	-4.8E-01
5604	-2.5E-01
5605	-6.5E-01
5606	-2.4E-02
5607	6.2E-02
5608	6.6E-01
5609	-4.8E-01
5610	-5.4E-01
5611	-3.4E-01
5612	-6.4E-01
5613	-4.2E-01
5614	-7.1E-01
5615	4.2E-01
5616	4.5E-01
5617	-7.9E-02
5618	2.8E-01
5619	1.8E-01
5620	5.7E-01
5621	2.9E-01
5622	3.1E-01
5623	-4.7E-01
5624	-1.4E-01
5625	6.4E-01
5626	2.8E-01
5627	8.5E-01
5628	6.7E-02
5629	3.5E-01
5630	8.3E-01
5631	2.5E-01
5632	8.0E-02
5633	-2.3E-01
5634	-1.9E-01
5635	5.9E-01
5636	4.0E-01
5637	1.6E-02
5638	3.9E-01
5639	7.6E-01
5640	3.3E-01
5641	2.5E-01
5642	6.6E-01
5643	-2.1E-01
5644	-1.4E-01
5645	-3.5E-01
5646	1.0E-01
5647	-9.7E-02
5648	-6.7E-01
5649	-7.1E-01
5650	3.6E-01
5651	9.6E-02
5652	3.3E-02
5653	-4.9E-01
5654	-7.5E-01
5655	2.6E-01
5656	-4.1E-02
5657	-3.2E-01
5658	-4.9E-01
5659	3.9E-01
5660	3.9E-03
5661	-2.4E-01
5662	-2.3E-01
5663	-4.9E-02
5664	7.8E-01
5665	1.6E-01
5666	1.8E-01
5667	-5.0E-01
5668	-2.1E-01
5669	2.9E-01
5670	1.6E-01
5671	-7.0E-02
5672	-4.6E-01
5673	7.5E-01
5674	3.1E-01
5675	9.3E-02
5676	4.5E-01
5677	8.9E-03
5678	-3.7E-01
5679	2.6E-01
5680	-2.8E-01
5681	6.9E-01
5682	9.9E-01
5683	-4.5E-01
5684	-3.3E-02
5685	2.6E-02
5686	-3.3E-01
5687	2.3E-01
5688	-4.1E-01
5689	-8.4E-01
5690	-2.0E-01
5691	-1.6E-01
5692	-2.8E-01
5693	3.0E-01
5694	-1.3E+00
5695	1.3E-01
5696	-6.4E-01
5697	-2.1E-01
5698	-5.8E-01
5699	1.7E-01
5700	-8.0E-01
5701	9.7E-01
5702	-5.1E-01
5703	1.6E-01
5704	2.7E-01
5705	1.5E-01
5706	3.5E-01
5707	-1.1E-01
5708	-4.2E-01
5709	-7.3E-01
5710	-6.3E-01
5711	4.2E-01
5712	-1.8E-01
5713	-1.3E-01
5714	-7.7E-01
5715	9.2E-01
5716	-3.4E-01
5717	-3.5E-01
5718	-8.0E-01
5719	5.9E-01
5720	-9.2E-02
5721	3.5E-01
5722	-4.7E-01
5723	-3.0E-02
5724	2.4E-01
5725	3.2E-01
5726	-1.6E-01
5727	-2.3E-01
5728	3.5E-01
5729	-6.1E-01
5730	2.5E-01
5731	3.6E-01
5732	-3.4E-01
5733	3.7E-01
5734	8.5E-01
5735	4.4E-01
5736	1.2E-01
5737	-9.4E-02
5738	2.3E-01
5739	4.2E-01
5740	6.5E-01
5741	-3.5E-01
5742	6.1E-01
5743	-2.7E-01
5744	2.3E-02
5745	5.9E-01
5746	-8.1E-02
5747	9.1E-01
5748	8.2E-01
5749	9.7E-01
5750	-4.3E-01
5751	5.6E-03
5752	-1.3E-01
5753	-1.3E-01
5754	4.3E-01
5755	-5.6E-01
5756	9.7E-01
5757	-1.2E-01
5758	-4.2E-01
5759	-1.7E-01
5760	-7.7E-01
5761	5.9E-01
5762	5.1E-01
5763	-7.2E-01
5764	4.0E-01
5765	-4.9E-01
5766	-3.0E-01
5767	1.8E-01
5768	0.0E+00
5769	2.2E-01
5770	9.0E-02
5771	2.3E-01
5772	-2.8E-02
5773	-7.6E-02
5774	-2.7E-01
5775	-9.2E-02
5776	-3.7E-01
5777	-2.9E-01
5778	-1.1E+00
5779	-1.3E-01
5780	-2.6E-01
5781	-5.2E-01
5782	9.8E-02
5783	-3.8E-01
5784	2.8E-01
5785	-9.8E-02
5786	-5.5E-01
5787	-4.7E-02
5788	-8.3E-02
5789	-6.3E-01
5790	1.9E-02
5791	-1.6E-01
5792	-2.9E-01
5793	-2.1E-01
5794	-2.5E-01
5795	7.8E-01
5796	7.7E-01
5797	-4.1E-01
5798	-6.4E-01
5799	-4.8E-01
5800	5.0E-01
5801	8.0E-01
5802	-1.1E-01
5803	-4.4E-01
5804	5.5E-01
5805	-1.5E-01
5806	7.3E-01
5807	1.8E-01
5808	-4.7E-01
5809	-2.9E-01
5810	-5.4E-01
5811	-2.3E-01
5812	3.6E-01
5813	-5.5E-01
5814	2.2E-01
5815	3.4E-01
5816	-2.1E-01
5817	-7.1E-01
5818	1.6E-02
5819	-8.8E-02
5820	4.5E-01
5821	-6.6E-02
5822	4.7E-01
5823	-7.2E-01
5824	1.0E-01
5825	1.1E-01
5826	2.8E-01
5827	-9.2E-02
5828	-4.0E-01
5829	1.6E-01
5830	-1.5E-01
5831	3.6E-01
5832	1.0E+00
5833	2.0E-02
5834	-9.4E-02
5835	2.1E-01
5836	-5.4E-01
5837	-5.7E-01
5838	3.9E-01
5839	-7.7E-01
5840	-6.3E-01
5841	-1.2E-01
5842	4.5E-01
5843	-2.5E-02
5844	4.3E-01
5845	5.0E-01
5846	-7.1E-01
5847	8.7E-01
5848	-2.6E-01
5849	-3.3E-01
5850	-8.6E-01
5851	6.3E-01
5852	-8.5E-02
5853	-2.9E-01
5854	-6.0E-01
5855	8.4E-01
5856	6.5E-01
5857	-4.4E-01
5858	-2.3E-01
5859	-4.1E-02
5860	4.4E-01
5861	-2.9E-01
5862	-3.8E-02
5863	-2.2E-01
5864	5.2E-01
5865	-1.8E-01
5866	1.5E-01
5867	-5.6E-02
5868	2.5E-01
5869	-1.0E-01
5870	-3.5E-01
5871	3.5E-02
5872	6.5E-01
5873	-3.7E-01
5874	-8.6E-02
5875	-5.8E-01
5876	-1.8E-01
5877	-4.7E-01
5878	6.9E-01
5879	6.9E-03
5880	-3.1E-01
5881	-7.9E-01
5882	1.7E-01
5883	-2.1E-01
5884	-1.9E-01
5885	-4.5E-01
5886	-2.9E-01
5887	6.8E-02
5888	2.0E-01
5889	1.5E-02
5890	1.5E-01
5891	-1.2E-01
5892	-1.3E-01
5893	7.9E-02
5894	4.2E-01
5895	2.2E-01
5896	-4.6E-01
5897	1.3E-01
5898	-3.8E-01
5899	2.4E-03
5900	3.1E-01
5901	-4.3E-01
5902	-1.8E-01
5903	-8.8E-01
5904	-4.3E-01
5905	-1.4E-01
5906	4.7E-01
5907	-2.7E-01
5908	-6.1E-01
5909	-8.2E-01
5910	-3.4E-01
5911	-7.9E-01
5912	-1.5E-01
5913	2.3E-01
5914	-1.1E+00
5915	-3.1E-01
5916	-8.1E-02
5917	-5.5E-02
5918	-7.2E-01
5919	7.8E-01
5920	7.4E-01
5921	1.3E-01
5922	-7.7E-01
5923	8.0E-01
5924	-2.4E-03
5925	4.7E-01
5926	-7.0E-02
5927	5.3E-01
5928	6.4E-01
5929	-2.2E-01
5930	-7.1E-01
5931	4.9E-02
5932	5.0E-01
5933	1.0E-01
5934	9.4E-02
5935	-7.4E-01
5936	-4.4E-01
5937	1.0E-01
5938	-4.5E-01
5939	6.8E-01
5940	2.9E-01
5941	-1.7E-01
5942	3.0E-01
5943	1.0E+00
5944	-5.9E-01
5945	1.5E-01
5946	3.5E-01
5947	-1.4E-01
5948	-7.7E-01
5949	-1.8E-01
5950	-1.0E+00
5951	-1.9E-01
5952	5.7E-01
5953	-3.7E-01
5954	-3.0E-01
5955	-3.3E-01
5956	-2.3E-01
5957	-2.0E-01
5958	8.0E-01
5959	-1.9E-01
5960	9.8E-02
5961	-2.7E-01
5962	2.5E-01
5963	2.7E-01
5964	-5.6E-01
5965	3.0E-01
5966	4.4E-02
5967	3.7E-01
5968	-5.9E-01
5969	-3.9E-01
5970	-5.1E-01
5971	-3.5E-01
5972	9.9E-01
5973	1.7E-01
5974	-6.9E-01
5975	9.3E-01
5976	-3.0E-01
5977	-9.1E-02
5978	2.0E-01
5979	5.9E-01
5980	-2.3E-01
5981	-1.1E+00
5982	-6.7E-01
5983	4.0E-01
5984	-3.4E-01
5985	4.5E-01
5986	8.4E-01
5987	3.7E-01
5988	4.1E-01
5989	-6.5E-02
5990	8.8E-01
5991	4.6E-03
5992	9.7E-02
5993	-1.3E-01
5994	3.6E-01
5995	-2.4E-01
5996	2.2E-01
5997	4.1E-01
5998	-5.0E-01
5999	1.1E-01
6000	9.0E-01
6001	5.4E-01
6002	4.8E-02
6003	1.2E-03
6004	-1.0E-01
6005	3.3E-01
6006	4.1E-01
6007	-2.2E-01
6008	-3.9E-01
6009	2.4E-01
6010	6.0E-02
6011	7.0E-02
6012	1.2E-02
6013	1.7E-01
6014	9.4E-02
6015	-2.7E-01
6016	-1.7E-01
6017	1.6E-01
6018	5.8E-01
6019	2.5E-01
6020	-1.3E-01
6021	1.9E-01
6022	-8.3E-01
6023	-3.3E-01
6024	3.7E-01
6025	-6.1E-01
6026	-7.1E-02
6027	-8.1E-02
6028	8.3E-01
6029	-5.3E-01
6030	-5.4E-01
6031	-3.3E-01
6032	-1.1E-01
6033	2.8E-01
6034	-2.5E-02
6035	6.8E-01
6036	6.7E-01
6037	5.3E-01
6038	4.2E-01
6039	9.9E-01
6040	-3.5E-01
6041	1.1E-01
6042	-2.3E-01
6043	-5.2E-01
6044	-8.0E-03
6045	1.7E-01
6046	6.0E-01
6047	-3.4E-01
6048	-1.9E-02
6049	1.3E-02
6050	-5.6E-01
6051	4.9E-01
6052	1.3E-01
6053	-4.6E-01
6054	-9.9E-01
6055	-1.8E-01
6056	2.8E-02
6057	-6.9E-01
6058	-6.7E-01
6059	6.5E-01
6060	-1.1E-01
6061	5.3E-02
6062	-1.0E-01
6063	5.1E-01
6064	4.9E-01
6065	-2.5E-02
6066	-1.0E+00
6067	-1.4E-01
6068	-9.7E-02
6069	1.4E+00
6070	-3.3E-01
6071	-5.5E-01
6072	-3.1E-01
6073	4.9E-02
6074	3.6E-01
6075	2.3E-01
6076	-9.9E-02
6077	-5.7E-01
6078	-1.5E+00
6079	6.8E-01
6080	-1.8E+00
6081	-9.1E-01
6082	1.9E-01
6083	-3.3E-02
6084	-4.6E-01
6085	2.2E-01
6086	-3.2E-01
6087	-2.0E-01
6088	3.2E-02
6089	2.4E-01
6090	5.6E-01
6091	-2.3E-02
6092	-1.0E-01
6093	5.0E-02
6094	-5.9E-01
6095	8.1E-01
6096	-5.6E-01
6097	-2.0E-02
6098	5.6E-01
6099	5.7E-01
6100	3.7E-01
6101	-6.8E-01
6102	4.6E-01
6103	-3.2E-01
6104	-1.2E+00
6105	1.8E-02
6106	-2.7E-01
6107	2.7E-01
6108	-6.9E-01
6109	-1.7E-01
6110	3.1E-01
6111	-1.2E+00
6112	8.0E-01
6113	8.4E-01
6114	8.3E-01
6115	-1.3E-01
6116	6.8E-01
6117	2.1E-01
6118	-1.9E-01
6119	3.5E-03
6120	-2.7E-01
6121	-4.5E-01
6122	3.6E-01
6123	1.1E-01
6124	3.3E-01
6125	-4.6E-01
6126	2.9E-01
6127	-1.7E-01
6128	-5.9E-01
6129	-1.7E-01
6130	1.3E-03
6131	-7.3E-01
6132	-3.8E-01
6133	-3.6E-01
6134	1.3E-01
6135	1.4E-02
6136	3.2E-01
6137	1.7E-01
6138	-4.3E-01
6139	7.5E-01
6140	7.5E-01
6141	-1.8E-02
6142	9.6E-02
6143	-4.7E-01
6144	-3.1E-01
6145	-2.3E-01
6146	-2.9E-01
6147	1.1E+00
6148	-4.1E-01
6149	9.4E-01
6150	-3.1E-02
6151	-5.2E-01
6152	-1.8E-01
6153	-6.8E-01
6154	4.2E-01
6155	-4.4E-01
6156	2.9E-01
6157	-6.0E-01
6158	-4.2E-01
6159	2.2E-02
6160	5.0E-02
6161	-6.4E-01
6162	2.4E-01
6163	-1.3E+00
6164	-5.6E-01
6165	3.8E-01
6166	-3.6E-01
6167	9.0E-01
6168	-1.2E-02
6169	-4.8E-02
6170	-8.2E-02
6171	2.0E-01
6172	5.4E-01
6173	6.8E-01
6174	4.6E-01
6175	-6.0E-01
6176	-3.1E-01
6177	2.0E-02
6178	4.6E-01
6179	0.0E+00
6180	-2.4E-01
6181	-6.3E-01
6182	2.8E-01
6183	-7.2E-01
6184	-1.3E-01
6185	3.2E-02
6186	-3.2E-01
6187	-6.4E-01
6188	4.1E-01
6189	-1.3E-01
6190	5.4E-01
6191	9.8E-01
6192	4.8E-01
6193	1.6E-01
6194	-2.6E-01
6195	4.2E-01
6196	2.3E-01
6197	4.9E-02
6198	-3.9E-01
6199	-3.3E-01
6200	-4.7E-01
6201	-6.5E-01
6202	-4.9E-01
6203	-2.1E-01
6204	-2.1E-01
6205	2.6E-02
6206	5.7E-01
6207	3.8E-01
6208	1.7E-01
6209	-3.1E-01
6210	-5.4E-01
6211	-4.5E-01
6212	-6.2E-01
6213	1.8E-01
6214	-6.9E-02
6215	5.6E-01
6216	-2.4E-01
6217	-7.6E-01
6218	-3.1E-01
6219	-1.3E+00
6220	-7.0E-01
6221	-1.4E-01
6222	-1.7E-01
6223	-4.0E-01
6224	-4.5E-01
6225	-1.9E-01
6226	-1.8E-01
6227	7.3E-01
6228	1.9E-01
6229	-3.6E-02
6230	-2.4E-01
6231	1.9E-01
6232	-2.3E-01
6233	-7.1E-01
6234	-5.6E-01
6235	-5.9E-01
6236	-6.4E-01
6237	6.8E-01
6238	1.8E-01
6239	-3.2E-01
6240	3.5E-01
6241	-2.9E-01
6242	2.3E-01
6243	5.1E-01
6244	-3.1E-01
6245	9.4E-01
6246	-7.1E-01
6247	7.6E-01
6248	-5.0E-01
6249	2.3E-01
6250	-6.7E-01
6251	-6.3E-01
6252	-1.9E-01
6253	3.5E-01
6254	1.0E+00
6255	-8.2E-02
6256	1.5E-01
6257	3.3E-01
6258	-4.6E-01
6259	-9.9E-02
6260	-3.5E-01
6261	5.3E-01
6262	-3.6E-02
6263	-1.6E-01
6264	1.3E-01
6265	1.5E-01
6266	-1.0E-01
6267	-4.5E-01
6268	5.2E-03
6269	2.1E-02
6270	-1.4E-01
6271	8.1E-01
6272	-1.2E+00
6273	-8.5E-01
6274	4.4E-01
6275	-2.9E-01
6276	-3.8E-01
6277	1.1E-01
6278	-8.0E-02
6279	3.1E-01
6280	-4.6E-01
6281	4.1E-01
6282	5.7E-01
6283	3.4E-01
6284	-4.5E-01
6285	1.0E-01
6286	5.7E-01
6287	5.1E-02
6288	-5.5E-02
6289	-7.8E-02
6290	-3.5E-01
6291	-5.8E-02
6292	-4.3E-01
6293	4.3E-03
6294	-2.3E-01
6295	6.0E-02
6296	1.7E-01
6297	2.4E-01
6298	2.8E-01
6299	-2.5E-01
6300	-1.1E-01
6301	3.7E-01
6302	-7.3E-01
6303	4.0E-01
6304	3.9E-01
6305	2.4E-01
6306	4.0E-01
6307	7.4E-02
6308	-1.7E-01
6309	-8.0E-02
6310	-8.5E-02
6311	2.3E-01
6312	3.8E-01
6313	8.5E-03
6314	6.2E-01
6315	3.7E-01
6316	2.5E-01
6317	-3.2E-01
6318	3.4E-01
6319	6.7E-01
6320	3.5E-01
6321	-5.5E-01
6322	-6.1E-02
6323	-7.8E-02
6324	-3.9E-01
6325	-2.4E-01
6326	-2.1E-02
6327	-3.6E-01
6328	-3.0E-02
6329	-5.8E-01
6330	-1.3E-01
6331	9.1E-02
6332	-3.6E-01
6333	-5.4E-01
6334	2.1E-01
6335	-2.8E-01
6336	-2.1E-01
6337	5.7E-01
6338	6.2E-02
6339	-1.3E+00
6340	-1.7E-01
6341	-2.7E-01
6342	-8.7E-01
6343	7.6E-01
6344	-3.8E-01
6345	6.8E-01
6346	-6.5E-01
6347	-1.7E-01
6348	3.9E-01
6349	-1.3E-02
6350	1.4E+00
6351	6.6E-01
6352	9.5E-02
6353	-2.1E-02
6354	-7.4E-01
6355	9.6E-02
6356	-6.8E-01
6357	2.5E-01
6358	-5.7E-02
6359	-3.4E-01
6360	3.2E-02
6361	2.9E-01
6362	-2.1E-01
6363	-4.2E-01
6364	2.0E-01
6365	1.8E-01
6366	-1.2E-01
6367	-3.8E-01
6368	9.2E-01
6369	2.1E-02
6370	8.6E-02
6371	1.9E-01
6372	-6.3E-01
6373	-1.4E-01
6374	-5.4E-01
6375	2.1E-01
6376	-3.8E-01
6377	-2.1E-01
6378	-3.5E-01
6379	4.9E-02
6380	3.9E-01
6381	6.1E-02
6382	-3.1E-01
6383	7.1E-01
6384	9.9E-03
6385	-3.7E-01
6386	1.7E-01
6387	3.6E-01
6388	5.5E-02
6389	-3.2E-02
6390	1.2E-01
6391	-1.9E-01
6392	-2.0E-01
6393	-6.5E-01
6394	-2.7E-01
6395	-4.6E-02
6396	6.9E-01
6397	-2.3E-01
6398	7.0E-02
6399	8.0E-01
6400	7.1E-01
6401	1.3E-01
6402	-5.0E-01
6403	1.6E-02
6404	-3.4E-01
6405	-4.0E-01
6406	-2.3E-01
6407	3.0E-02
6408	5.9E-01
6409	-6.3E-01
6410	-3.0E-01
6411	-5.4E-01
6412	-4.9E-01
6413	-1.3E-01
6414	7.3E-02
6415	-4.9E-01
6416	1.8E-01
6417	-7.6E-03
6418	3.9E-01
6419	-6.8E-03
6420	-8.1E-01
6421	-7.3E-01
6422	-5.0E-01
6423	3.6E-02
6424	-7.8E-01
6425	7.1E-02
6426	-5.1E-01
6427	3.1E-01
6428	4.7E-01
6429	3.6E-01
6430	1.5E-01
6431	2.8E-01
6432	-9.3E-02
6433	9.1E-02
6434	-1.7E-01
6435	4.0E-01
6436	-3.0E-01
6437	4.8E-01
6438	8.0E-01
6439	-1.2E-01
6440	3.6E-01
6441	-6.9E-01
6442	-1.9E-01
6443	3.5E-01
6444	-2.2E-01
6445	-4.8E-01
6446	-3.4E-01
6447	1.9E-01
6448	3.3E-01
6449	3.8E-01
6450	-1.0E-01
6451	7.4E-01
6452	-5.9E-01
6453	4.2E-01
6454	-1.4E-01
6455	1.6E-01
6456	6.1E-01
6457	9.2E-01
6458	9.3E-01
6459	1.9E-01
6460	-4.7E-01
6461	5.1E-01
6462	1.6E-01
6463	9.3E-02
6464	-8.5E-02
6465	-6.6E-01
6466	-2.3E-01
6467	8.8E-02
6468	-1.7E-01
6469	7.4E-01
6470	3.8E-01
6471	1.0E+00
6472	-2.1E-01
6473	-5.8E-01
6474	8.9E-02
6475	5.9E-01
6476	5.7E-01
6477	6.1E-01
6478	-1.4E-01
6479	-1.1E-01
6480	7.9E-01
6481	1.5E-01
6482	-3.0E-01
6483	3.8E-02
6484	-7.1E-01
6485	-1.5E-01
6486	1.0E+00
6487	-4.9E-01
6488	3.0E-01
6489	4.1E-03
6490	3.4E-01
6491	-2.4E-01
6492	6.6E-01
6493	7.2E-02
6494	3.1E-01
6495	2.0E-01
6496	-5.6E-01
6497	-1.0E+00
6498	1.1E-01
6499	3.8E-01
6500	-3.7E-01
6501	-4.7E-02
6502	-2.4E-01
6503	7.8E-02
6504	-7.4E-01
6505	-6.5E-02
6506	2.2E-01
6507	-5.6E-01
6508	-4.7E-01
6509	-5.6E-01
6510	1.3E-01
6511	-9.2E-02
6512	-8.3E-01
6513	-1.8E-01
6514	-4.6E-01
6515	4.3E-02
6516	-6.1E-01
6517	-2.8E-01
6518	-3.0E-01
6519	9.7E-02
6520	-2.9E-01
6521	-5.9E-01
6522	-1.6E-01
6523	-3.7E-01
6524	-4.5E-01
6525	1.3E+00
6526	-4.4E-01
6527	-6.3E-01
6528	8.3E-01
6529	1.4E-01
6530	6.5E-01
6531	-2.1E-01
6532	-2.9E-01
6533	-3.6E-01
6534	-3.2E-01
6535	4.4E-01
6536	-3.3E-02
6537	8.3E-01
6538	-3.1E-01
6539	-7.6E-01
6540	-4.3E-01
6541	-3.4E-01
6542	4.4E-02
6543	-7.2E-01
6544	-4.6E-01
6545	-9.2E-02
6546	-1.6E-01
6547	3.4E-01
6548	-1.3E-01
6549	3.9E-01
6550	7.5E-01
6551	-1.8E-01
6552	2.7E-01
6553	1.5E-01
6554	2.0E-01
6555	8.1E-01
6556	-6.3E-01
6557	-9.5E-02
6558	-1.2E-01
6559	-1.3E-01
6560	3.2E-01
6561	-3.3E-01
6562	6.0E-01
6563	-5.5E-01
6564	4.1E-01
6565	-5.7E-01
6566	-1.2E-01
6567	-3.3E-01
6568	8.3E-01
6569	-1.7E-01
6570	2.9E-01
6571	-3.1E-02
6572	-2.2E-01
6573	6.7E-01
6574	2.1E-02
6575	2.8E-01
6576	-3.3E-01
6577	1.5E-01
6578	-4.3E-01
6579	-5.4E-01
6580	-8.2E-02
6581	3.2E-01
6582	4.8E-01
6583	4.8E-01
6584	-5.1E-02
6585	-4.0E-01
6586	3.0E-01
6587	5.3E-01
6588	0.0E+00
6589	-2.3E-01
6590	-2.5E-01
6591	7.6E-01
6592	5.5E-02
6593	1.6E-01
6594	1.0E-01
6595	5.6E-01
6596	7.9E-02
6597	-3.8E-01
6598	-4.5E-01
6599	-2.9E-01
6600	-5.5E-01
6601	-3.4E-01
6602	8.6E-01
6603	2.4E-01
6604	8.9E-01
6605	-2.9E-01
6606	-5.0E-02
6607	1.4E-01
6608	-6.4E-01
