1	-0.6559745
2	-1.409231425
3	-1.631161469
4	-0.631566538
5	-0.45224703
6	-0.099608323
7	-0.889993589
8	-0.834454437
9	-0.965038942
10	-1.04880904
11	-0.898162445
12	-0.640345716
13	-0.517254919
14	-0.461956997
15	-0.729143127
16	-0.641572196
17	-0.403214239
18	-0.665520436
19	-0.418879063
20	-0.981532498
21	-0.481710135
22	-0.662003897
23	-0.433769778
24	-0.25471799
25	-0.767919599
26	-0.622864299
27	-0.759698517
28	-0.774772056
29	-0.548642679
30	-0.180110524
31	-0.325412373
32	-0.64137834
33	-0.504115722
34	-1.14121321
35	-0.731826025
36	-1.155420817
37	-0.426709069
38	-0.736992092
39	-0.58279404
40	-0.720557297
41	-0.486980048
42	-0.520022416
43	-1.275264196
44	-0.423692771
45	-0.608736431
46	-0.820270806
47	-0.51217958
48	-0.396365974
49	-0.507171644
50	-0.733349625
51	-1.336778727
52	-0.446914993
53	-1.109896179
54	-0.582572962
55	-0.594158781
56	-0.88573965
57	-0.576379422
58	-0.668183827
59	-0.575619506
60	-0.281895396
61	-0.45487238
62	-0.51270453
63	-0.557297961
64	-0.68837283
65	-0.648099259
66	-0.32867256
67	-0.855417042
68	-0.775614351
69	-0.713670232
70	-1.176334472
71	-0.605126121
72	-0.612584861
73	-0.386097053
74	-0.93161046
75	-0.55327354
76	-0.819686006
77	-0.451533138
78	-0.473765885
79	-1.129801675
80	-0.562529037
81	-0.985952597
82	-0.470057674
83	-0.273390725
84	-0.33785649
85	-0.355732014
86	-0.439503443
87	-1.194152835
88	-0.621654705
89	-0.59944191
90	-0.696340226
91	-0.526495041
92	-0.999605583
93	-0.433658823
94	-0.487738054
95	-0.642105106
96	-0.492361749
97	-0.746821432
98	-0.478331927
99	-1.190273626
100	-0.322418763
101	-0.612518995
102	-0.723757469
103	-0.887690758
104	-0.382773184
105	-0.499264044
106	-0.757284672
107	-0.450364849
108	-0.432733618
109	-0.587568656
110	-0.538779957
111	-1.263383912
112	-0.381038611
113	-0.692408611
114	-0.903745561
115	-0.272771219
116	-0.649982778
117	-0.50439892
118	-0.685115879
119	-0.757826516
120	-1.080594126
121	-0.675476942
122	-0.578075131
123	-0.735602116
124	-0.576962175
125	-0.614822206
126	-0.431160923
127	-0.989543369
128	-0.606594817
129	-0.706252634
130	-0.736833493
131	-0.385749214
132	-0.94280808
133	-0.431412124
134	-0.463559702
135	-0.703658264
136	-0.349743236
137	-0.502202303
138	-0.623142852
139	-0.637940571
140	-0.631868152
141	-0.777154467
142	-0.60731226
143	-0.523129517
144	-0.663567907
145	-0.414761271
146	-1.056660098
147	-0.587470482
148	-0.74674274
149	-0.854308567
150	-0.388690062
151	-0.310180378
152	-0.379554715
153	-0.634164258
154	-0.475864136
155	-0.730537799
156	-0.652854476
157	-0.759933613
158	-0.589699002
159	-0.478361827
160	-0.562086202
161	-0.563217522
162	-0.334460032
163	-1.391527096
164	-0.636031321
165	-0.503912452
166	-0.304155199
167	-0.778506313
168	-0.485750827
169	-0.526782061
170	-1.233297902
171	-0.475179503
172	-0.861670358
173	-0.691433707
174	-0.075281662
175	-0.614531968
176	-1.034571044
177	-0.941540805
178	-1.371098485
179	-0.256728348
180	-0.497264487
181	-0.429344817
182	-0.297387105
183	-0.467576242
184	-0.351603246
185	-0.309416313
186	-0.849935795
187	-1.529740507
188	-0.515222893
189	-0.578005858
190	-0.419008393
191	-0.345336415
192	-1.186575875
193	-0.431862824
194	-0.468672562
195	-0.593018011
196	-0.329540753
197	-1.250435822
198	-0.554291513
199	-0.825543343
200	-1.024663813
201	-0.86875964
202	-0.830005462
203	-0.390763122
204	-0.583281827
205	-0.344038911
206	-2.305743644
207	-0.31272294
208	-0.639856038
209	-0.808259299
210	-0.597688799
211	-0.516571932
212	-0.484572099
213	-0.266542421
214	-0.845624327
215	-0.559512157
216	-0.64030597
217	-0.668536986
218	-0.530096933
219	-0.377914759
220	-0.53418492
221	-0.28004403
222	-0.398422485
223	-0.406814727
224	-0.731480038
225	-0.164839352
226	-0.359580013
227	-0.468225212
228	-0.337032252
229	-0.494046778
230	-0.959727569
231	-0.467068004
232	-1.081627624
233	-0.322025533
234	-0.969036228
235	-0.636221206
236	-0.61674659
237	-0.589746496
238	-1.243449004
239	-0.965949825
240	-1.094012705
241	-0.979138037
242	-0.50905676
243	-1.196989164
244	-0.711221772
245	-0.432461839
246	-0.862981702
247	-0.491729167
248	-0.891467175
249	-0.603114164
250	-0.351085951
251	-0.483792433
252	-0.507562537
253	-0.559055542
254	-0.688651218
255	-0.552802009
256	-0.576148334
257	0.067462996
258	-0.819966645
259	-0.707813121
260	-0.320734559
261	-0.137135414
262	-0.257194851
263	-0.601223846
264	-0.852430875
265	-0.380049775
266	-0.310640073
267	-0.337724692
268	-0.674130619
269	-0.76851538
270	-0.423492129
271	-0.661199552
272	-0.424149265
273	-0.517316376
274	-0.676153565
275	-0.797892827
276	-0.949707883
277	-0.964986521
278	-0.277400187
279	-0.68477544
280	-0.320593367
281	-1.131785254
282	-0.6157268
283	-0.46942897
284	-0.65550222
285	-1.092318668
286	-0.912959928
287	-0.316968649
288	-0.496448739
289	-0.448375517
290	-0.493077657
291	-0.42350288
292	-0.711242888
293	-0.291549663
294	-0.452813224
295	-0.601317577
296	-0.310693645
297	-0.467454559
298	-0.831172934
299	-0.151666835
300	-0.462243102
301	-0.598454646
302	-0.44143113
303	-0.453220859
304	-0.677103251
305	-0.624206534
306	-0.437310322
307	-0.496660514
308	-0.728027417
309	-0.306953894
310	-0.523331448
311	-0.659221092
312	-0.418748557
313	-0.15525329
314	-0.580891142
315	-0.598638588
316	-0.308618789
317	-0.497883258
318	-0.43727322
319	-0.128991036
320	-0.454408068
321	-0.162810222
322	-0.199944165
323	-0.114336182
324	-0.175383863
325	0.12734143
326	-0.228634357
327	-0.443152907
328	-0.30901211
329	-0.13733621
330	-0.567041426
331	-0.336763255
332	-0.876224033
333	-0.976685523
334	-0.257460468
335	-1.142323801
336	-0.481853658
337	-0.601244362
338	-0.48808387
339	-0.496454671
340	-0.2924594
341	-1.168813479
342	-0.240685789
343	-0.718850666
344	-0.843712244
345	-0.663323509
346	-0.890440228
347	-0.639245787
348	-0.517168775
349	-0.518781684
350	-0.629179185
351	-0.796537246
352	-0.489332517
353	-0.325460134
354	-0.351851994
355	-0.63204268
356	-0.533798423
357	-0.012183854
358	-0.215933957
359	-0.913293548
360	0.013061336
361	0.329725374
362	0.06512462
363	-2.138268465
364	-2.833032835
365	-4.256941576
366	-5.031963549
367	-6.397903488
368	-5.274303711
369	-4.793864148
370	-4.465504704
371	-4.20798351
372	-3.334636258
373	-0.83471989
374	-0.690726509
375	-0.796577789
376	-0.52472301
377	-1.370237008
378	-1.521225318
379	-0.75896122
380	-1.587818412
381	-1.823383587
382	-0.81576908
383	-0.048443658
384	-0.019815613
385	-0.40426878
386	-0.490937024
387	-0.451067966
388	-0.478877542
389	-0.207640835
390	-0.403759716
391	-1.029423233
392	-0.446008464
393	-0.50833481
394	-0.42911225
395	-0.326016069
396	-1.322422552
397	-0.867934793
398	-0.330267759
399	-0.628616035
400	-1.148402552
401	-0.790507193
402	-2.178658964
403	-3.325344954
404	-4.507730427
405	-4.791159936
406	-4.51306863
407	-5.042057122
408	-4.1708747
409	-5.608031008
410	-5.422909941
411	-5.194686329
412	-4.892338097
413	-5.511668397
414	-5.572703068
415	-6.365193804
416	-5.777081778
417	-5.686900286
418	-4.701229408
419	-4.701505112
420	-5.240369475
421	-4.494934972
422	-5.122899032
423	-4.243364272
424	-4.505222608
425	-4.937770678
426	-5.169969365
427	-3.972735664
428	-5.402333792
429	-0.432720759
430	-0.266639963
431	-0.35510184
432	-0.513625819
433	-0.629668221
434	-0.397738579
435	-0.51580341
436	-0.665311522
437	-1.109566703
438	-0.277983838
439	-0.522699569
440	-0.494702298
441	-0.254777527
442	-0.275753491
443	-0.309849018
444	-0.154739948
445	-0.287430616
446	-1.485835118
447	-3.566249485
448	-2.71388719
449	-0.994616689
450	-0.548728531
451	-4.562101226
452	-2.853479118
453	-1.032399212
454	-0.44840699
455	-0.848938408
456	-0.226140666
457	-0.385352637
458	-0.451197321
459	-0.542692648
460	-0.463757532
461	-0.28306004
462	-0.837683614
463	-0.44172184
464	-0.238150494
465	-0.410569171
466	-1.315281899
467	-0.596295054
468	-0.896284086
469	-0.309728818
470	-0.454363165
471	-0.872891643
472	-0.614782583
473	-0.356904693
474	-0.280902162
475	-0.315620738
476	-1.140112418
477	-0.679351698
478	-0.302350972
479	-0.498654654
480	-0.391251153
481	-0.702075082
482	-0.506110167
483	-0.623959705
484	0.175179514
485	-0.497558363
486	-0.091944562
487	-0.585634558
488	-0.182338228
489	-0.425083759
490	-0.37266544
491	-0.728535629
492	-0.477181078
493	-0.421899802
494	-0.490595734
495	-0.654206269
496	-0.162598827
497	-0.340009203
498	-0.837786352
499	-0.553408561
500	-0.379804334
501	-0.532333791
502	-3.42532681
503	-0.492326482
504	-0.669105575
505	-1.009316694
506	-1.34628863
507	-0.580633037
508	-0.466377887
509	-0.643535866
510	-0.367986866
511	-0.703591173
512	-0.159601132
513	-2.242938816
514	-0.460628298
515	-0.597147436
516	-0.451149266
517	-0.505018616
518	-0.844481111
519	-0.519783621
520	-0.391811892
521	-0.528326407
522	-0.460096762
523	0.07863373
524	-0.357089135
525	-0.34606493
526	-0.414448454
527	-0.214715025
528	-0.559817944
529	-0.356483995
530	-0.769777602
531	-0.600331899
532	-1.251835113
533	-0.548068071
534	-1.070475052
535	-0.576814575
536	-0.29889346
537	-0.368356048
538	-0.305085583
539	-0.49813082
540	-0.496103629
541	-0.506648794
542	-0.374239837
543	-0.408713321
544	-0.832146598
545	-0.739246792
546	-0.515512896
547	-0.485277098
548	-0.519154121
549	-0.103422382
550	-0.808570711
551	-0.935516983
552	-0.585839175
553	-0.170043983
554	-0.188676527
555	-0.619472787
556	-0.540496472
557	-0.638337238
558	-0.614780922
559	-1.066399619
560	-0.370401013
561	-0.330107314
562	-0.447179877
563	-0.550543456
564	-0.926897475
565	-0.744069935
566	-1.259721227
567	-0.881264027
568	-0.952749858
569	-0.279806276
570	-0.866537687
571	-0.542138451
572	-0.417546382
573	-0.501089218
574	-1.786195662
575	-0.490223642
576	-0.586831119
577	-0.417838329
578	-0.262322521
579	-0.934718126
580	-1.058550873
581	-0.887794254
582	-0.883371437
583	-0.692863286
584	-0.441725388
585	-0.169947348
586	-0.420393426
587	-0.857728928
588	-0.383007964
589	-0.22095073
590	-0.610842461
591	-0.670159204
592	-0.363875406
593	-0.239733344
594	-0.781609553
595	-0.593080776
596	-0.668205457
597	-0.623833527
598	-0.320568334
599	-3.036065035
600	-0.123629931
601	-0.275962454
602	-0.891143434
603	-0.290594189
604	-0.608518621
605	-0.286883561
606	-0.198060945
607	-0.288536052
608	-0.222543098
609	-0.45168531
610	-0.247075521
611	-0.370919808
612	-0.220687559
613	-0.943210648
614	-0.701726958
615	-0.26028026
616	-0.583123226
617	-0.361426665
618	-0.45116807
619	-0.31645031
620	-0.892202333
621	-0.179220995
622	-0.703532462
623	-0.995134596
624	-0.372962508
625	-0.233140614
626	-0.296937099
627	-0.095244745
628	-0.519389611
629	-0.318492702
630	-0.454037372
631	-0.360206616
632	-0.386712149
633	-0.180949889
634	-0.138602353
635	-0.812582711
636	-0.761550905
637	-0.336706724
638	-0.185853926
639	-0.267723888
640	-0.633863781
641	-0.338250482
642	-0.288249153
643	-0.827679698
644	-0.076313282
645	-0.5687652
646	-0.903618602
647	-3.885900667
648	-5.600527856
649	-3.659972243
650	-4.20649959
651	-4.056355797
652	-0.337401004
653	-0.284699954
654	-0.323580177
655	-0.431128754
656	-0.813709373
657	-0.439678443
658	-0.21258953
659	-0.559183768
660	-0.658591205
661	-0.291143099
662	-0.355872351
663	-0.684019368
664	-0.484991103
665	-0.312869065
666	-0.515927329
667	-0.25779334
668	-0.809368246
669	-0.289889651
670	-0.200516691
671	-0.244835278
672	-0.404735781
673	-0.496666183
674	-0.422808454
675	-0.785830737
676	-0.515508846
677	-0.523095144
678	-0.879248643
679	-0.844519716
680	0.018010742
681	-0.794472231
682	-0.417964538
683	-0.959411748
684	-0.496754874
685	-0.460787769
686	-0.661575337
687	-0.737417073
688	-0.309381322
689	-0.508761009
690	-0.553050949
691	-0.322066613
692	-0.324910771
693	-0.380140519
694	-0.973085633
695	-0.395137133
696	-0.462048787
697	-0.583020532
698	-0.346501874
699	-1.228344837
700	-0.054485654
701	-0.971477034
702	-0.806949185
703	-0.280961139
704	-0.25358679
705	-0.415179304
706	-0.473624211
707	-0.71183545
708	-0.331045074
709	-0.620560718
710	-0.565989209
711	-0.808726795
712	-0.779667393
713	-0.397174391
714	-0.455901448
715	-0.557275755
716	-0.59118696
717	-0.292308034
718	-0.410847943
719	-0.378660109
720	-0.538269986
721	-0.94932401
722	-0.711454235
723	-0.462110481
724	-0.48194001
725	-0.409792625
726	-0.35213675
727	-0.284514766
728	-0.350435465
729	-0.530768429
730	-0.398599965
731	-0.262183743
732	-0.102056731
733	-0.244655847
734	-0.477240056
735	-0.437899424
736	-0.969422568
737	-0.349571627
738	-1.164912891
739	-0.690551296
740	-0.623143046
741	-0.617385809
742	-0.588235979
743	-0.460429417
744	-0.28158171
745	-0.440847775
746	-1.143592949
747	-0.606489239
748	-0.531901565
749	-0.920200267
750	-0.190638809
751	-0.441342073
752	-0.532569318
753	-0.531155152
754	-0.504058455
755	-0.998508608
756	-0.391779859
757	-0.474424675
758	-0.239743612
759	-0.527825209
760	-0.470215458
761	-0.432195308
762	-0.565329712
763	-0.142334886
764	-0.861488166
765	-0.611461108
766	-1.160710291
767	-0.269907944
768	-0.319745666
769	-0.872904633
770	-0.442995115
771	-0.618154758
772	-0.426524316
773	-0.578974847
774	-0.516987571
775	-0.864749458
776	-0.820112022
777	-0.069364106
778	-0.518827451
779	-0.366662233
780	-0.824160345
781	-0.380563966
782	-0.406720732
783	-0.258877109
784	-0.327220714
785	-0.278853077
786	-0.179252025
787	-0.496094552
788	-0.191696004
789	-0.270126589
790	-0.422325478
791	-0.549771554
792	-0.25554035
793	-0.401689421
794	-0.600915586
795	-0.431808999
796	-0.437211824
797	-0.287014908
798	-0.107435329
799	-0.710238186
800	-0.530289693
801	-0.3006348
802	-0.321702601
803	-0.520648181
804	-0.466841591
805	-0.193844153
806	-0.626109315
807	-0.187142067
808	0.01079446
809	-1.022622259
810	-0.099004964
811	-0.536290396
812	-0.188438996
813	-0.727481465
814	-0.550265112
815	-0.091745529
816	-0.442348982
817	-0.39516584
818	-1.066670113
819	-0.316119448
820	-0.320735596
821	-0.405377051
822	-0.204992443
823	-0.606764228
824	-0.591368827
825	-0.417973922
826	-0.989357779
827	-0.548047426
828	-0.384559755
829	-0.410673439
830	-0.144615585
831	-0.289808715
832	-0.342117318
833	-0.464512822
834	-0.260114419
835	-0.212261599
836	-0.387664363
837	-1.220403144
838	-0.6242458
839	-0.473907644
840	-0.101018106
841	-0.986096786
842	-0.441662537
843	-0.168678458
844	-0.354735358
845	-0.091827786
846	-0.299739193
847	-1.144740234
848	-0.42742004
849	-0.417377788
850	-0.310414342
851	-0.83508581
852	-0.887662415
853	-0.555162876
854	-0.338585794
855	-0.397040298
856	-0.425626618
857	-0.392283787
858	-0.254800397
859	-0.334471543
860	-1.048311532
861	-0.548642838
862	-0.439671259
863	-0.45810897
864	-0.478651212
865	-0.202741239
866	-0.549074765
867	-0.293464284
868	-0.360317811
869	-0.58887032
870	-0.413657418
871	-0.390567197
872	-0.243841457
873	-0.784604627
874	-0.210295132
875	-0.433539349
876	-0.476019033
877	-0.622725949
878	-0.48165371
879	-0.30307061
880	-0.813341847
881	-0.476767909
882	-0.688595484
883	-0.195507034
884	-0.164289054
885	-0.963076662
886	-0.550384854
887	-0.395973586
888	-0.209087906
889	-0.741211723
890	-0.377198357
891	-0.484503673
892	-0.845887811
893	-0.474777442
894	-0.454096026
895	-3.088569156
896	-4.066700394
897	-3.149482784
898	-0.577621802
899	-0.439471288
900	-0.591064041
901	-1.102526665
902	-0.511145703
903	-2.236279964
904	-2.533205826
905	-0.720819198
906	-0.483182189
907	-0.11115118
908	-1.127895886
909	-1.072541251
910	-3.121247579
911	-0.513535837
912	-2.350881846
913	-2.899259975
914	-2.484785528
915	-2.398540608
916	-3.76526093
917	-3.081418793
918	-3.783067874
919	-2.460121893
920	-2.228406804
921	-0.567476254
922	-1.06848146
923	-1.119573878
924	-0.861271409
925	-0.703555908
926	-0.882469322
927	-0.307873043
928	-1.409261226
929	-1.981120274
930	-1.445177559
931	-1.456839921
932	-1.668272261
933	-1.476746692
934	-1.246164956
935	-0.299091244
936	-0.959086894
937	-0.894010536
938	-1.055724014
939	-1.045541409
940	-1.095722285
941	-0.768002783
942	-0.630476235
943	-0.922315194
944	-3.392777747
945	-3.195313915
946	-2.058794153
947	-0.991249169
948	-0.58982432
949	-1.012446457
950	-1.144996118
951	-0.432964509
952	-0.482508882
953	0.177342943
954	-1.147254952
955	-2.371687721
956	-1.433975486
957	0.825776749
958	0.329493915
959	-0.760405244
960	-1.046786428
961	-0.965201027
962	-0.29868083
963	-0.018538895
964	-0.612938803
965	-1.251272453
966	-0.28994898
967	-0.422206747
968	-0.305732409
969	-0.454158952
970	-0.093329483
971	-0.907551254
972	-0.299167588
973	-0.660037198
974	-0.569798059
975	-0.387887279
976	-1.113448654
977	-0.523158436
978	-0.538406979
979	-0.565376809
980	-0.693247444
981	-0.403581539
982	-0.679704847
983	-0.692130041
984	-0.031679575
985	-0.62840354
986	-0.545113263
987	-0.416343845
988	-0.450883353
989	-0.288466669
990	-0.505998724
991	0.021473215
992	-0.824870721
993	-0.428703312
994	-0.517986851
995	-0.539192697
996	-0.533677226
997	-1.162884449
998	-0.739267881
999	-0.493340967
1000	-0.171545008
1001	-0.73989843
1002	-0.609020763
1003	-0.41985541
1004	-0.535784772
1005	-1.10801145
1006	-0.690529387
1007	-0.289470279
1008	-0.409759884
1009	-0.095626416
1010	-0.517369033
1011	-0.191632858
1012	-0.222057106
1013	-0.965070139
1014	-0.599321019
1015	-0.387823228
1016	-0.725539388
1017	-0.315330528
1018	-0.560354263
1019	-0.549935964
1020	-0.465856561
1021	-0.736336152
1022	-0.382323859
1023	-0.3454769
1024	-0.276094841
1025	-0.602511125
1026	-0.375342913
1027	-0.237761247
1028	-0.392065558
1029	-0.427914467
1030	-0.395702225
1031	-1.062930263
1032	-0.632396688
1033	-0.382534299
1034	-0.465658195
1035	-0.328025255
1036	-0.302751518
1037	-0.720294587
1038	-0.444774835
1039	-0.593577556
1040	-0.301709834
1041	-0.547032635
1042	-0.426387668
1043	-1.044209586
1044	-0.380657732
1045	-0.145276526
1046	-0.653633141
1047	-0.538400233
1048	0.081110867
1049	-0.32082671
1050	-0.122577955
1051	-0.316400135
1052	-0.389154435
1053	-0.127811611
1054	-0.261886513
1055	-0.67737445
1056	-0.505522418
1057	-0.137152658
1058	-0.227540734
1059	-0.620015368
1060	-0.851959315
1061	-0.515403867
1062	-1.01965026
1063	-0.531215318
1064	-0.609504316
1065	-0.325389901
1066	-0.310056532
1067	-0.351445862
1068	-0.204222798
1069	-0.406203609
1070	-1.068585824
1071	-0.349456145
1072	0.063150663
1073	-0.382008766
1074	-0.700997321
1075	-0.121582788
1076	-0.353288114
1077	-0.639831742
1078	0.129995108
1079	-0.013159984
1080	-0.115722877
1081	-0.019927953
1082	-0.017692542
1083	0.208882603
1084	0.015435242
1085	0.021909046
1086	0.22181857
1087	0.05089731
1088	-0.482737184
1089	0.377748738
1090	0.817444037
1091	-0.163365161
1092	-0.14130088
1093	-1.745265225
1094	0.42534079
1095	-0.443046237
1096	0.44065412
1097	0.306049267
1098	0.62995286
1099	0.593815176
1100	0.986903552
1101	-0.185733241
1102	-0.340750588
1103	-0.354560846
1104	0.639748408
1105	0.812599137
1106	-0.517609604
1107	0.144194561
1108	0.369739457
1109	-0.62127174
1110	0.458227386
1111	0.355695761
1112	-0.37715091
1113	-0.193076515
1114	-0.234855776
1115	-0.008297574
1116	-0.581575834
1117	-0.459397985
1118	-0.662848884
1119	-0.614374064
1120	-0.549063875
1121	-0.150551425
1122	-0.627934764
1123	-0.487298539
1124	-0.740494852
1125	-0.528477941
1126	-0.388783234
1127	-0.393792624
1128	-0.628633633
1129	-0.285802959
1130	-1.043806018
1131	-0.387448457
1132	-0.980589271
1133	-0.228811413
1134	-0.519947566
1135	-0.303065319
1136	-0.261523675
1137	-0.295906811
1138	-0.211523235
1139	-0.629371054
1140	-0.958961781
1141	-0.641543252
1142	-0.450829605
1143	-0.340701762
1144	-0.400085705
1145	-0.189602799
1146	-0.504765521
1147	-0.447723986
1148	-0.325299661
1149	-0.104013261
1150	-1.010152727
1151	-0.581724462
1152	-0.571683839
1153	-0.423841407
1154	-0.397661579
1155	-0.537348378
1156	-0.482001105
1157	-0.149262755
1158	-0.616103576
1159	-0.619516791
1160	-0.08340796
1161	-0.319074597
1162	-0.438600633
1163	-0.065426697
1164	-0.696558217
1165	-0.696968916
1166	-0.634867967
1167	-0.436323554
1168	-0.254624193
1169	-0.764002391
1170	-0.445747749
1171	-0.502964891
1172	-1.038209088
1173	-0.752523665
1174	-0.473857859
1175	-0.918523624
1176	-0.280906789
1177	-0.795462886
1178	-0.422728271
1179	-0.491515136
1180	-0.578490467
1181	-0.733877895
1182	-0.459207027
1183	-0.375106011
1184	-0.345876413
1185	-0.45748083
1186	-0.233218003
1187	-0.505191024
1188	-0.408716038
1189	-1.21134153
1190	-0.446432802
1191	-0.397148728
1192	-0.333032069
1193	-0.214380691
1194	-0.323784374
1195	-0.389294435
1196	-0.636477958
1197	-0.314367995
1198	-0.413472683
1199	-0.423447871
1200	-0.561655697
1201	-0.791191145
1202	-0.406647963
1203	-0.300168323
1204	-0.441143622
1205	-0.322342489
1206	-0.323744126
1207	-0.474066714
1208	-0.114951722
1209	-0.31967406
1210	-0.424103154
1211	-0.527277081
1212	-0.678597894
1213	-0.306755479
1214	-0.503590093
1215	-0.186056698
1216	-0.776851703
1217	-0.925928633
1218	-0.304825022
1219	-0.808093523
1220	-0.392877732
1221	-0.822310328
1222	-0.5872022
1223	-0.986270054
1224	-0.348172248
1225	-0.511078002
1226	-0.382735948
1227	-0.552849433
1228	-3.805719267
1229	-3.742149402
1230	-2.814885521
1231	-2.447258933
1232	-4.664897208
1233	-5.00794488
1234	-5.237652631
1235	-4.766402043
1236	-3.434254909
1237	-4.462046828
1238	-4.610388782
1239	-3.981176507
1240	-0.688608897
1241	-0.184088306
1242	-0.236548614
1243	-0.349952239
1244	-0.237847765
1245	-0.341275723
1246	0.107205453
1247	-0.307404041
1248	-0.553185189
1249	-0.265010468
1250	-0.432818286
1251	-0.325455395
1252	-0.426118395
1253	-0.379691545
1254	-0.761966107
1255	0.133862749
1256	-1.367578812
1257	-0.519718169
1258	-1.003187231
1259	-0.335569754
1260	-0.506354274
1261	-0.644684503
1262	-0.316012658
1263	-0.336464736
1264	-0.863669455
1265	-0.720402545
1266	-0.785869876
1267	0.144508447
1268	-0.451146795
1269	-0.304126207
1270	-0.480023205
1271	-0.484058494
1272	-0.401381491
1273	-0.396898393
1274	-0.417264251
1275	-0.826507722
1276	-0.382007911
1277	-0.196463242
1278	-0.76760499
1279	-0.50723168
1280	-0.422657396
1281	-0.074139892
1282	-0.382430146
1283	-0.383466403
1284	-0.226571918
1285	-0.32321533
1286	-0.25473708
1287	-0.132533096
1288	-0.789071281
1289	-0.624289258
1290	-0.199272304
1291	-1.057447945
1292	-0.352410456
1293	-0.29250834
1294	-0.656666821
1295	-1.029148644
1296	-0.432957859
1297	-0.5853096
1298	-0.780266293
1299	-0.512248739
1300	-0.055947646
1301	-0.555771424
1302	-0.474777109
1303	-0.294352475
1304	-1.215242785
1305	-0.59006084
1306	-0.8950203
1307	-0.596451371
1308	-0.889784494
1309	-0.659465754
1310	-0.100017203
1311	-0.506294014
1312	-0.360838932
1313	-0.282127783
1314	-0.3419129
1315	-0.40828876
1316	-0.360379141
1317	-0.443300238
1318	-0.589419915
1319	-0.331588535
1320	-0.405944657
1321	-0.476636335
1322	-0.40385894
1323	-0.536499579
1324	-0.315720945
1325	-0.235320419
1326	-0.571630527
1327	-0.29829752
1328	-0.476926153
1329	-0.988679267
1330	-0.092922085
1331	-0.392764845
1332	-0.306128616
1333	-0.451014139
1334	-0.364066868
1335	-0.56247502
1336	-4.034240491
1337	-4.826078725
1338	-3.720360026
1339	-0.143077998
1340	-0.460322569
1341	-0.637047591
1342	-0.544915668
1343	-0.290553012
1344	-0.229291445
1345	-0.505401975
1346	0.031699349
1347	-0.708126746
1348	-0.199538081
1349	-0.595870686
1350	-0.303880355
1351	-0.261687921
1352	-0.325191489
1353	-0.839488125
1354	-0.524203391
1355	-0.512641135
1356	-0.254378569
1357	-0.16135251
1358	-0.098818679
1359	-0.47928427
1360	-0.685091641
1361	-0.726361081
1362	-0.446000617
1363	-0.526191563
1364	-0.659054478
1365	-0.258893295
1366	-0.587324187
1367	-0.335799757
1368	-0.44858739
1369	-0.253092376
1370	0.653946162
1371	0.916015356
1372	-0.111507286
1373	0.677770846
1374	-0.264683687
1375	-0.56307714
1376	-4.374339281
1377	-0.772803375
1378	-0.48563172
1379	-0.467092361
1380	-0.396552056
1381	-0.937553166
1382	-0.353226255
1383	-0.577990056
1384	-0.289806798
1385	-0.156709776
1386	-0.049247513
1387	-0.684242766
1388	-0.066083087
1389	-0.152339234
1390	-0.195648658
1391	-0.426462484
1392	-1.01625137
1393	-0.485409173
1394	-0.135768034
1395	-0.213237683
1396	-0.195079106
1397	-0.410765086
1398	-0.195751422
1399	0.279031977
1400	0.025732551
1401	-0.786375419
1402	-0.364802047
1403	-0.678141345
1404	-1.022346572
1405	-0.848586924
1406	-0.322862047
1407	-0.352000502
1408	-0.207847367
1409	-0.528672124
1410	-0.202461974
1411	-0.497701183
1412	-0.514945358
1413	-0.275060067
1414	-0.838090105
1415	-0.636358834
1416	-0.370884462
1417	-0.634481412
1418	-0.013326079
1419	0.110662043
1420	0.050076413
1421	-0.344889338
1422	-0.783421813
1423	-0.0022316
1424	-0.691008702
1425	-0.71673756
1426	-0.407610177
1427	-0.131275452
1428	-0.100808328
1429	-0.683525722
1430	-0.176275195
1431	-0.008326997
1432	-0.601787506
1433	-0.627558076
1434	-1.001318518
1435	-0.632210435
1436	-0.418754491
1437	-0.471033591
1438	-0.562759892
1439	-0.112566814
1440	-0.347435265
1441	-0.49569797
1442	-0.711446721
1443	-0.501725571
1444	-0.345626587
1445	-0.00438016
1446	-0.692409834
1447	-0.603207607
1448	-0.224981546
1449	-0.340342418
1450	-0.805486544
1451	-0.313753423
1452	-0.502810752
1453	-0.570372396
1454	-0.571590046
1455	-0.210504063
1456	-0.3710395
1457	-0.54770921
1458	-0.362934681
1459	-0.35477417
1460	-0.524466653
1461	-0.266881687
1462	-0.268303474
1463	-0.276896012
1464	-0.018049073
1465	-0.488204417
1466	-0.161893199
1467	-0.411471384
1468	-1.015981136
1469	-0.415847948
1470	-0.382123083
1471	-0.581021797
1472	-0.794351427
1473	-0.426096421
1474	-0.328513483
1475	-0.495966327
1476	-0.168157088
1477	-0.430708115
1478	-0.282919884
1479	-0.352824243
1480	-0.133806664
1481	-0.355386478
1482	-0.121170447
1483	-0.295294053
1484	-0.825377758
1485	-0.386990364
1486	-0.25612454
1487	-0.711764901
1488	-0.223538425
1489	-0.431739474
1490	-0.073752259
1491	-1.108012677
1492	-0.28743629
1493	-0.309679601
1494	-0.2769708
1495	-0.285735105
1496	-0.450957157
1497	-0.894880829
1498	-0.402756598
1499	-0.218046459
1500	-0.60656552
1501	-0.418847752
1502	-0.354747311
1503	0.02550444
1504	-0.420863433
1505	-0.396289021
1506	-0.244215364
1507	-0.326336313
1508	-0.28380951
1509	-0.306769717
1510	-0.270400572
1511	-0.615941217
1512	-0.604549787
1513	-0.798717288
1514	-0.55924244
1515	-0.917230388
1516	-0.270766923
1517	-0.041895012
1518	-0.540915489
1519	-0.983786237
1520	-0.313319916
1521	-0.339711774
1522	-0.239027858
1523	-0.270771283
1524	-0.382336235
1525	-0.711425908
1526	-0.785779915
1527	-0.316933257
1528	-0.300268387
1529	-0.349142622
1530	-0.727020303
1531	-0.156626776
1532	-0.516262566
1533	-0.816385972
1534	-0.493344446
1535	-0.546196177
1536	-0.161594425
1537	-0.287932312
1538	-0.536606362
1539	-0.50464251
1540	-0.667199145
1541	-0.280716974
1542	-1.17871085
1543	-0.253271895
1544	-0.428021567
1545	-0.260478774
1546	-0.417088472
1547	-0.309168898
1548	-0.286625975
1549	-0.150072042
1550	-0.140330901
1551	-0.535176886
1552	-0.135619386
1553	-0.204289547
1554	-0.263930786
1555	-0.321996586
1556	-0.822634192
1557	-0.322243011
1558	-0.612536417
1559	-0.279354148
1560	-0.4943016
1561	-0.930388968
1562	-0.210803827
1563	-0.709271582
1564	-0.714035061
1565	-0.453659463
1566	-0.73265072
1567	-0.289866926
1568	-0.101319442
1569	-0.261653573
1570	-0.565352497
1571	-1.141336701
1572	-0.447535251
1573	-0.611213014
1574	-0.43536705
1575	-0.324205009
1576	-0.99614751
1577	-0.057243063
1578	-0.709187758
1579	-0.244635881
1580	-0.218879833
1581	-0.571958554
1582	-0.403435222
1583	-0.287297631
1584	-0.517632545
1585	-0.588361987
1586	-0.360870882
1587	-0.242671601
1588	-0.24639743
1589	-0.828118532
1590	-0.245163983
1591	-0.223819733
1592	-0.374522206
1593	-0.591070723
1594	-0.478084962
1595	-0.481674497
1596	-0.281797585
1597	-0.633132145
1598	-0.442117138
1599	-0.136373153
1600	-1.094089802
1601	-0.360047746
1602	-0.746542011
1603	-0.037498877
1604	-0.34409915
1605	-0.197671937
1606	-0.64268108
1607	-0.167124059
1608	0.013051869
1609	-0.644853313
1610	-0.775863375
1611	-0.146226846
1612	-0.217220944
1613	-0.436748033
1614	-0.551641585
1615	-0.651804517
1616	-0.198953881
1617	-0.549715256
1618	-0.610443105
1619	-0.036000184
1620	-0.061844275
1621	-0.839719982
1622	-0.268755317
1623	-0.405596382
1624	0.019534189
1625	-0.762568003
1626	-0.282718189
1627	-0.332482527
1628	-0.041998941
1629	-0.532782555
1630	-0.175336324
1631	-0.815446159
1632	-0.514479018
1633	-0.09465489
1634	-0.405550408
1635	-0.277651443
1636	-0.509196359
1637	-0.327344912
1638	-1.095707841
1639	-0.282244908
1640	-0.417137812
1641	-0.342213463
1642	-1.44683093
1643	-0.521979496
1644	-0.356940916
1645	-0.31505956
1646	-0.9677403
1647	-0.43338086
1648	-0.346897226
1649	-0.763523856
1650	-0.964320214
1651	-0.527409711
1652	-0.337929399
1653	-0.418699565
1654	-0.727133397
1655	-0.206140579
1656	-0.280701116
1657	-0.60855168
1658	-0.588824107
1659	-0.351271841
1660	-0.495596316
1661	-3.23083499
1662	-0.598815375
1663	-0.433131322
1664	-0.429131826
1665	-0.394043892
1666	-0.33130003
1667	-0.474373315
1668	-0.481858966
1669	-0.363577828
1670	-0.151355684
1671	-0.123040672
1672	-0.928737863
1673	-0.389570215
1674	-0.268112654
1675	-0.551047263
1676	-0.194332114
1677	-0.525491048
1678	-1.912322828
1679	-0.365789791
1680	-0.196284407
1681	-0.615401862
1682	-0.889879112
1683	-0.128145545
1684	-1.251684271
1685	-0.335851853
1686	-1.180980274
1687	-0.289050687
1688	-0.747422482
1689	-0.241216247
1690	-0.315421269
1691	-0.809950688
1692	-0.198324962
1693	-0.964222758
1694	-0.618803673
1695	0.002517821
1696	-0.318390038
1697	-0.219672284
1698	-0.166746633
1699	-0.225531179
1700	-0.00058673
1701	-0.393566977
1702	-0.237997118
1703	-0.52353583
1704	-0.338551081
1705	-0.501250572
1706	-0.349290752
1707	-0.053217518
1708	-0.180646613
1709	-0.651508754
1710	-0.133978996
1711	-0.860996739
1712	-0.964454932
1713	-1.039962848
1714	-0.770027092
1715	-0.815659173
1716	-0.503513004
1717	-0.127000993
1718	-0.321229807
1719	-0.333501887
1720	-0.461669737
1721	-0.668513187
1722	-0.519830588
1723	-0.356814073
1724	-0.562688646
1725	-0.856254997
1726	-0.60507729
1727	-0.317312341
1728	-0.524466982
1729	-0.501600304
1730	-0.277890433
1731	-0.84020987
1732	-0.853905337
1733	-0.422018515
1734	-0.204442609
1735	-0.102108487
1736	-0.927093369
1737	-0.160091449
1738	-0.950226087
1739	-0.426109009
1740	-0.486111362
1741	0.017734897
1742	-0.652867132
1743	-0.025929576
1744	-0.273861179
1745	-0.601956363
1746	-0.116269979
1747	-0.311669105
1748	-0.169127999
1749	-0.554510787
1750	-0.610386971
1751	-0.576409968
1752	-0.420399766
1753	-0.521297563
1754	-0.329682697
1755	-0.303313365
1756	-0.369685573
1757	-0.450730329
1758	-0.929291457
1759	-0.739216381
1760	-0.334065586
1761	-0.378855238
1762	-0.664889639
1763	-0.142388904
1764	-0.551572061
1765	-0.275626746
1766	-0.377232528
1767	-0.53061082
1768	-0.414448704
1769	-0.716897386
1770	-0.217860178
1771	-0.229323362
1772	-0.329622271
1773	-0.372279167
1774	-0.73131963
1775	-0.413360576
1776	-0.282982531
1777	0.037620611
1778	-0.252756145
1779	-0.873327353
1780	-0.443410609
1781	-0.362197479
1782	-0.526894719
1783	-0.251488146
1784	-0.309189077
1785	-0.381829878
1786	-0.330411762
1787	-1.005166109
1788	-0.129900922
1789	-0.394651928
1790	-0.994443219
1791	-0.535629256
1792	-0.320339865
1793	-0.708002094
1794	-0.737810683
1795	-0.785824589
1796	-0.568537106
1797	-0.121923253
1798	-0.307005232
1799	-0.18657773
1800	-0.372732692
1801	-0.14950395
1802	-1.382180831
1803	-0.085928827
1804	-0.854108494
1805	-0.50501272
1806	-0.748302196
1807	-0.519194728
1808	-0.301155336
1809	-0.464233243
1810	0.14111516
1811	-0.284187453
1812	-0.578985098
1813	-0.333793564
1814	-0.748499568
1815	-0.332662477
1816	-0.237288413
1817	-0.233398915
1818	-0.878955655
1819	-0.543607961
1820	-0.140248497
1821	-0.117165407
1822	-0.807767834
1823	-0.249916418
1824	-0.01575566
1825	-0.050366922
1826	-0.559855976
1827	-0.536551523
1828	-0.499547127
1829	-0.203913376
1830	-0.371663103
1831	-0.253349437
1832	-1.432880097
1833	-0.017047284
1834	-0.376920394
1835	-0.134096297
1836	-0.053357709
1837	-0.295884282
1838	-0.154730103
1839	-0.351757759
1840	-0.336842344
1841	-0.187983337
1842	-0.23847364
1843	-0.14530734
1844	-0.534979853
1845	-0.479373789
1846	-0.623614343
1847	-3.22660345
1848	-3.355895822
1849	-3.837193831
1850	-3.910791885
1851	-4.654585315
1852	-4.518587217
1853	-5.50961611
1854	-4.657494459
1855	-5.477337447
1856	-3.779969897
1857	-4.050912005
1858	-4.68484371
1859	-5.085295981
1860	-5.807494214
1861	-5.607987259
1862	-3.931080002
1863	-4.467672812
1864	-5.262225253
1865	-4.172967584
1866	-5.16479839
1867	-4.601150067
1868	-4.781216407
1869	-5.301362042
1870	-4.839649301
1871	-4.845267109
1872	-4.6290407
1873	-4.527261955
1874	-3.720848514
1875	-4.912899902
1876	-3.091350414
1877	-4.628919189
1878	-0.389818489
1879	-0.444453012
1880	-0.63871073
1881	-0.880595643
1882	-0.20926131
1883	-0.449448867
1884	-0.545403319
1885	-0.367694473
1886	-0.263137212
1887	-0.918000182
1888	-0.734751197
1889	-0.983058795
1890	-0.191836841
1891	-0.558533235
1892	-0.968615533
1893	-0.522656825
1894	-1.029987464
1895	-0.146478448
1896	-0.235703626
1897	-0.277375099
1898	-0.554257652
1899	-2.794894444
1900	-0.646458883
1901	-0.565074559
1902	-0.859431137
1903	-0.656003142
1904	-0.676207578
1905	-0.529655523
1906	-0.367923047
1907	-0.66980129
1908	-0.369171748
1909	-0.032747174
1910	-0.46866984
1911	-0.34144651
1912	-0.292018039
1913	-0.126284139
1914	-0.140992075
1915	-0.894218066
1916	-0.733119426
1917	-0.378816284
1918	0.00796924
1919	-0.889488289
1920	-0.228500734
1921	-1.052347644
1922	-2.487332681
1923	-0.219500033
1924	-0.75205769
1925	-0.434307554
1926	-0.461741242
1927	-0.123117671
1928	-0.217433327
1929	-0.272592063
1930	-0.664350347
1931	-0.473099005
1932	-0.176477302
1933	-0.346288602
1934	-0.397648431
1935	-0.330248119
1936	-0.084905588
1937	0.039715327
1938	0.055848095
1939	-0.66948126
1940	-0.44626516
1941	-0.457128234
1942	-0.689769504
1943	-0.08425344
1944	-0.492041897
1945	-0.528956212
1946	-1.539323493
1947	-0.561634415
1948	-0.291689261
1949	-0.456607122
1950	-0.773000532
1951	-0.599565215
1952	-0.330423695
1953	-0.222904692
1954	-0.557409495
1955	-0.078820661
1956	-0.264537014
1957	-0.636977924
1958	-0.3546962
1959	-0.429505669
1960	-0.390568249
1961	-1.137358095
1962	-0.465025467
1963	-0.277717844
1964	-0.132665379
1965	-0.506542639
1966	0.14332931
1967	-0.55582575
1968	-0.149615888
1969	-0.255801253
1970	-0.924994201
1971	-0.326708814
1972	-0.415627931
1973	-0.323720058
1974	-0.184997227
1975	-0.030445814
1976	-0.447620909
1977	-0.14532345
1978	-0.241165298
1979	-0.081097442
1980	-0.24629822
1981	-0.332740016
1982	-0.513785632
1983	-0.613288794
1984	-0.195580085
1985	-0.57773699
1986	-0.525484822
1987	-0.878584064
1988	-0.189875599
1989	-0.509115846
1990	-0.17227048
1991	-0.4354199
1992	-0.321609125
1993	-0.319409317
1994	-0.446436413
1995	-0.549640095
1996	-0.117544872
1997	-0.276339425
1998	-0.380255236
1999	-2.925331424
2000	0.644749988
2001	-2.552333789
2002	-3.62907134
2003	-4.061819609
2004	-3.503781204
2005	-1.1537002
2006	0.513870574
2007	-0.790374274
2008	-2.353632671
2009	-0.26082292
2010	-0.65605898
2011	-0.122012825
2012	-0.574047402
2013	-0.573258633
2014	-0.675280194
2015	-0.515429852
2016	-0.795300125
2017	-0.330085268
2018	-0.370130526
2019	-0.264683594
2020	-0.38971081
2021	-0.504316233
2022	0.024808322
2023	-0.580284582
2024	-0.600233206
2025	0.039039947
2026	-0.674775079
2027	-0.780019441
2028	-0.349823771
2029	-0.416240701
2030	-0.350573107
2031	-0.525313484
2032	-0.360315575
2033	-4.111439248
2034	-5.388400176
2035	-4.492404494
2036	-4.357974363
2037	-5.334207561
2038	-4.632444585
2039	-3.104863128
2040	-0.367597745
2041	-0.22455428
2042	-0.662574521
2043	-0.546676164
2044	-0.877375159
2045	-2.524112314
2046	-0.433110403
2047	0.220915732
2048	-0.821394502
2049	-0.318987606
2050	-0.417990262
2051	-0.243802469
2052	-0.421066302
2053	-0.607826936
2054	-0.04746442
2055	-0.76745199
2056	-0.616293692
2057	-0.313781523
2058	-0.289417333
2059	0.000147748
2060	-0.510018416
2061	-0.221893803
2062	-0.470683011
2063	-0.731740017
2064	-0.800224761
2065	-1.429964552
2066	-0.893723625
2067	-0.530157203
2068	-0.974172758
2069	-0.783323167
2070	-0.627765692
2071	-0.134382115
2072	-0.771353924
2073	6.80717E-05
2074	-0.434124772
2075	-0.136886222
2076	-0.736107272
2077	-0.23994364
2078	-0.23720841
2079	-0.056215442
2080	-0.373527544
2081	-0.519460682
2082	-0.487620984
2083	-0.256592975
2084	-0.24291679
2085	-0.640573331
2086	-0.555121065
2087	-0.446356179
2088	-0.05424319
2089	-0.282738151
2090	-0.513933139
2091	-0.819022543
2092	-0.644938588
2093	-0.50226122
2094	-0.275061323
2095	-0.740202396
2096	-0.178372655
2097	-0.186438194
2098	-0.330093637
2099	-0.54123901
2100	-0.312175862
2101	-0.201512414
2102	-0.155951228
2103	-0.034956137
2104	-0.374571832
2105	-0.502994297
2106	-0.166708989
2107	0.278887482
2108	-0.448132687
2109	-0.484051969
2110	-0.615529018
2111	-0.448161942
2112	-0.608838048
2113	-0.452148854
2114	-0.171707307
2115	-0.759669192
2116	-0.486121602
2117	-0.316837683
2118	-0.454705037
2119	-0.23137033
2120	-0.423019674
2121	-0.250843118
2122	-0.119308429
2123	-1.069231334
2124	-0.23046655
2125	-0.825897037
2126	0.072920285
2127	-0.586414151
2128	-0.293320987
2129	-0.218944184
2130	-0.023868982
2131	-0.404864475
2132	-0.396409608
2133	-0.086974865
2134	-0.409913422
2135	-0.314061748
2136	-0.542124053
2137	-0.543300426
2138	-0.5506714
2139	-0.288393045
2140	-0.428876183
2141	-0.361091833
2142	-0.681409631
2143	-0.763327053
2144	-0.208819201
2145	-0.451606172
2146	-0.287150748
2147	-0.238216731
2148	-0.109253298
2149	-0.281737968
2150	-0.604313461
2151	-1.014757701
2152	-0.436216076
2153	-0.510746193
2154	-0.336589541
2155	-0.779195967
2156	-0.161746387
2157	-0.558173922
2158	-0.135694467
2159	-1.037408472
2160	-0.416035577
2161	-0.584107127
2162	-0.820904178
2163	-1.046833473
2164	-0.281031806
2165	-0.424482224
2166	-0.146492001
2167	-0.228682689
2168	-3.319395326
2169	-4.408207947
2170	-4.659841577
2171	-5.588372852
2172	-6.136340961
2173	-4.152662271
2174	-2.018910444
2175	-0.536257429
2176	-0.164942815
2177	-0.512234132
2178	-0.378245632
2179	-0.343934819
2180	-0.559856494
2181	-0.794293478
2182	-1.093370417
2183	-0.546937938
2184	-0.898977881
2185	-0.499106075
2186	-0.604093932
2187	-0.416916987
2188	-0.256795793
2189	-0.298084245
2190	-0.924177458
2191	-0.466143244
2192	-0.30598498
2193	-0.729186443
2194	-0.267491254
2195	-0.222030563
2196	-0.575902023
2197	-0.1830731
2198	-0.280481605
2199	-0.948401535
2200	-1.955231383
2201	-0.622456858
2202	-0.324639378
2203	-0.450516447
2204	-0.612228375
2205	-0.173363974
2206	-0.581391399
2207	-0.806237137
2208	-0.614454422
2209	-0.458605094
2210	-0.640468652
2211	-0.324018836
2212	-0.465305904
2213	-0.443137713
2214	-0.588423621
2215	-0.420851954
2216	-0.618889969
2217	-0.137803729
2218	-0.402527964
2219	-0.352381799
2220	-0.133364336
2221	-0.400013071
2222	-0.146177857
2223	-0.489661368
2224	-0.486708111
2225	-0.379248538
2226	-0.255723439
2227	-0.619291217
2228	-0.946970334
2229	-0.260991419
2230	-0.300277109
2231	-0.40185667
2232	-0.671085028
2233	-0.187629634
2234	-1.079483659
2235	-0.940909447
2236	-0.369725679
2237	-0.486832572
2238	-0.184859033
2239	-0.465600061
2240	-0.905311174
2241	-0.352123424
2242	0.259171263
2243	-0.106283458
2244	-1.289391816
2245	-0.464560852
2246	-0.314922851
2247	-0.196730729
2248	-0.759536926
2249	-0.069998777
2250	-0.508106412
2251	-0.326209939
2252	-0.306215292
2253	-0.021933583
2254	-1.055755753
2255	-0.219830192
2256	-0.252025762
2257	-0.781918019
2258	-0.30184496
2259	-0.414973865
2260	-0.221609231
2261	-0.216982525
2262	-0.841193067
2263	-0.428909407
2264	-0.45969327
2265	-0.305260319
2266	-0.604069017
2267	-0.436493309
2268	-0.125042931
2269	-0.552439892
2270	-0.382711266
2271	-0.442311713
2272	-0.417653261
2273	-0.711651963
2274	-0.46253084
2275	-0.22822458
2276	-0.423568912
2277	-0.297045023
2278	-0.432214513
2279	-0.472260633
2280	-0.360756691
2281	-0.711832639
2282	-0.174132328
2283	-0.304015649
2284	-0.706509298
2285	-0.894584295
2286	-0.28373828
2287	-0.317942943
2288	-0.047337122
2289	-0.006203424
2290	-0.293388255
2291	-0.34516577
2292	-0.334936119
2293	0.239398165
2294	0.168686283
2295	-0.692048479
2296	-0.366522881
2297	-0.597707352
2298	-0.316061423
2299	-0.423237984
2300	-1.158111096
2301	-0.432956234
2302	-0.669366491
2303	-0.363021326
2304	-0.643576409
2305	-0.420046523
2306	-0.513685643
2307	-0.564373241
2308	-0.081160926
2309	-0.521800509
2310	-0.480302255
2311	-0.065549148
2312	-0.210573124
2313	-0.446459049
2314	-0.328309433
2315	-0.435785237
2316	-0.342682496
2317	-0.285856552
2318	-0.455732791
2319	-0.042586082
2320	-0.160474713
2321	-0.362364307
2322	-0.292464675
2323	-0.568277946
2324	-1.13819266
2325	-0.261847482
2326	-0.425366228
2327	-0.322348658
2328	-0.43443865
2329	-0.826094547
2330	-0.229464269
2331	-0.167592938
2332	-0.356838496
2333	-0.314080152
2334	-0.397380769
2335	-0.270461541
2336	-0.744552023
2337	-0.184892714
2338	-0.285139915
2339	-0.630225194
2340	-0.7126786
2341	-0.443253669
2342	-0.088416697
2343	-1.11153448
2344	-1.017113038
2345	-0.363062459
2346	-0.626442665
2347	-0.701978261
2348	0.002121039
2349	-1.033680804
2350	-0.943180383
2351	-0.844718126
2352	-0.688003142
2353	-0.647400102
2354	-0.592986019
2355	-0.529460246
2356	-0.178138227
2357	-0.246556916
2358	-0.03890003
2359	-0.349849141
2360	-0.486974316
2361	-0.351012512
2362	-0.217463325
2363	-0.367444249
2364	0.086466756
2365	-0.436082644
2366	-1.259518539
2367	-1.173797599
2368	-0.188240416
2369	-0.419057845
2370	-0.494534649
2371	-0.577477424
2372	-0.204039903
2373	-0.03802768
2374	-0.304317758
2375	-1.198728683
2376	-0.570434007
2377	-0.399808051
2378	-0.616297086
2379	-0.358447415
2380	-0.344098895
2381	-0.355764636
2382	-0.318540046
2383	-0.530603987
2384	-0.364342247
2385	-0.525491634
2386	-0.561524453
2387	-0.365181048
2388	-0.116622964
2389	-0.332255368
2390	-0.273769642
2391	-0.168175357
2392	-0.329838214
2393	-0.322450696
2394	-0.201582821
2395	-0.330874753
2396	-0.545357919
2397	-0.236043695
2398	-0.263487649
2399	-0.491260771
2400	-0.603357046
2401	-0.366015747
2402	-0.289457705
2403	-0.496484837
2404	-0.418706952
2405	-0.328872509
2406	-0.907435363
2407	-0.466724057
2408	-0.240809846
2409	-0.06346915
2410	-0.453333328
2411	-0.326636587
2412	-0.43023121
2413	-0.102718685
2414	-0.400086729
2415	-0.308249767
2416	-0.432689696
2417	-0.217965328
2418	-0.499119489
2419	-0.309916609
2420	-0.404109492
2421	-0.104210784
2422	-0.162375035
2423	-0.781488797
2424	-0.534247517
2425	-0.55297146
2426	-0.353075982
2427	-0.443126308
2428	0.061875086
2429	-0.199416917
2430	-0.787310748
2431	-0.734943796
2432	-0.248864802
2433	-0.418741686
2434	-1.135186621
2435	-0.245563527
2436	-0.543681936
2437	-0.151176758
2438	-0.34596115
2439	-1.088298303
2440	-0.301927992
2441	-1.010270942
2442	-0.782687674
2443	-0.267913228
2444	-0.994513102
2445	-0.602540633
2446	-0.525285642
2447	-0.409055048
2448	-0.634883527
2449	-0.394071037
2450	-0.543501799
2451	-0.685839597
2452	-0.71118781
2453	-1.021281052
2454	-0.35531244
2455	-0.356322648
2456	-0.368438163
2457	-0.79446359
2458	-0.303100768
2459	-0.494005837
2460	-0.271363345
2461	-0.75156246
2462	-0.922189921
2463	-0.355877943
2464	-0.349304056
2465	-0.45511896
2466	-0.353165742
2467	-0.488187578
2468	-0.390377603
2469	-0.724679912
2470	-0.529943723
2471	-0.480580146
2472	-0.509006501
2473	-0.455722917
2474	-0.291279217
2475	-0.42996781
2476	-0.492381893
2477	-0.506929398
2478	-1.026636749
2479	-0.486377052
2480	-0.212825072
2481	-0.63608511
2482	-0.502323661
2483	-0.460289363
2484	-0.539860309
2485	-0.716346252
2486	-0.87831123
2487	-0.29328421
2488	-0.429863616
2489	-0.444229257
2490	-0.185166751
2491	-0.655159392
2492	-0.023372423
2493	-0.968511334
2494	-0.312335415
2495	-0.195241389
2496	-0.59861777
2497	-0.706670688
2498	0.233550767
2499	-0.265181261
2500	-0.174312656
2501	-0.312020362
2502	-0.49237081
2503	-0.479425549
2504	-0.62687616
2505	-0.344516241
2506	-0.651027589
2507	-0.445039707
2508	-0.560540821
2509	-0.602760552
2510	-0.401560231
2511	-0.428517376
2512	-0.92265864
2513	-0.624862516
2514	-0.439796728
2515	-0.674919356
2516	-0.501585765
2517	-0.492427265
2518	-0.303889013
2519	-0.488228495
2520	-0.278243572
2521	-0.273494515
2522	-0.625112633
2523	-0.895248696
2524	-0.372593177
2525	-0.202430513
2526	-0.649189151
2527	-0.480210472
2528	-1.134133163
2529	-0.59515013
2530	-0.612845018
2531	-0.24650777
2532	-0.237180423
2533	-0.588881643
2534	-0.952923165
2535	-0.310167509
2536	-0.26365508
2537	-0.559660844
2538	-0.203756622
2539	-0.714319243
2540	-0.226651405
2541	-0.212107453
2542	-0.220774835
2543	-0.407473313
2544	-1.194835101
2545	-0.487729513
2546	-0.231425683
2547	-0.466392174
2548	-0.647845388
2549	-0.509306127
2550	-0.677541815
2551	-0.271401041
2552	-0.39588698
2553	-0.455869521
2554	-0.685749174
2555	-0.106666479
2556	-0.673495104
2557	-0.497704274
2558	-0.21158815
2559	-0.85414811
2560	-0.378872688
2561	-0.185493021
2562	-0.38857181
2563	-0.748001399
2564	-0.469335871
2565	-0.64212322
2566	-0.607198009
2567	-0.616704253
2568	-0.349377224
2569	-0.956606484
2570	-0.209065586
2571	-0.107155768
2572	0.038024189
2573	-0.30367709
2574	-0.330036066
2575	-0.380559215
2576	-0.579800317
2577	-0.363152583
2578	-0.544149955
2579	-0.357542651
2580	-0.267282839
2581	-0.429500643
2582	-0.41794234
2583	-0.413179441
2584	-0.555068914
2585	-0.208630535
2586	-0.276598891
2587	-0.436305496
2588	-0.711433704
2589	-0.321372039
2590	-0.697401675
2591	-0.989182858
2592	-0.314480482
2593	-0.521652677
2594	-0.345249015
2595	-0.331752967
2596	-3.345302555
2597	-4.462248573
2598	-0.447318814
2599	-0.499666143
2600	-0.47869983
2601	-0.438134366
2602	-0.147909659
2603	-0.580865002
2604	-0.225582947
2605	-0.300327496
2606	-0.451916214
2607	-0.183827298
2608	-0.605508157
2609	-0.501298216
2610	-0.225494923
2611	-0.532391896
2612	-0.249250102
2613	-0.308896784
2614	-0.994727064
2615	-0.277844456
2616	-0.476883493
2617	-0.3852242
2618	-1.042596621
2619	-0.287686739
2620	-0.334727174
2621	-1.260689101
2622	-1.22270511
2623	-0.276725154
2624	-0.469463858
2625	-0.420126641
2626	-0.396728911
2627	-1.24786533
2628	-1.146964899
2629	-0.299807835
2630	-0.629971791
2631	-0.782764798
2632	-0.232332491
2633	-0.210883036
2634	-0.326646991
2635	-0.228204325
2636	-0.043825338
2637	-0.143786847
2638	-0.431289486
2639	-0.167506068
2640	-0.455559444
2641	-0.744157897
2642	-0.00580919
2643	-0.419893927
2644	-0.311881986
2645	-0.880290608
2646	-0.332749654
2647	-0.189700045
2648	-0.428351619
2649	-0.466415322
2650	-0.79697459
2651	-0.368913987
2652	-0.339746857
2653	-0.52777723
2654	-0.360629021
2655	-0.251240431
2656	-1.080752904
2657	-0.532603767
2658	-0.360109331
2659	-0.327613281
2660	-0.372394954
2661	-0.418122189
2662	-0.547553762
2663	-0.757327024
2664	-0.556965431
2665	-0.837528254
2666	-0.279005365
2667	-0.277715502
2668	-0.370494972
2669	-0.443058829
2670	-0.362552986
2671	-0.175396009
2672	-0.414314075
2673	-0.560409333
2674	-0.363098654
2675	-0.708055215
2676	-0.370174958
2677	-0.523556009
2678	-0.273493216
2679	-0.74935283
2680	-0.366889243
2681	-0.249263462
2682	-0.970499973
2683	-1.037895433
2684	-0.571974656
2685	-0.53991542
2686	-0.21703608
2687	-0.351093515
2688	-0.358209848
2689	-0.158375175
2690	0.006137132
2691	-0.800003189
2692	-0.354662177
2693	-0.531363937
2694	-0.85362261
2695	-0.486579744
2696	-0.082187509
2697	-0.684676881
2698	-0.494916079
2699	-0.860882042
2700	-0.188631875
2701	-1.296969515
2702	-0.387886416
2703	-0.317739337
2704	-0.06722917
2705	-0.367688402
2706	-0.464366038
2707	-0.086188569
2708	-0.204801406
2709	-0.294554495
2710	-0.248767681
2711	-0.45385568
2712	-0.294135202
2713	-0.282029657
2714	-0.3228376
2715	-0.296281244
2716	-0.345638303
2717	-0.551444953
2718	-0.493885294
2719	-0.403005876
2720	-0.149761417
2721	-0.627467099
2722	-0.538360532
2723	-0.420668198
2724	-0.908490946
2725	-0.689674211
2726	-0.434645477
2727	-0.196895632
2728	-0.622770876
2729	-0.918112039
2730	-0.343917627
2731	-0.269307518
2732	-0.335286346
2733	-0.259340431
2734	-0.260665519
2735	-0.445776437
2736	-0.356314547
2737	-0.356698187
2738	-0.246589573
2739	-0.125248759
2740	-0.146081676
2741	-0.79316944
2742	-0.59909362
2743	-0.468164643
2744	-0.518715069
2745	-0.47541358
2746	-0.431374288
2747	-0.465315956
2748	-0.521684447
2749	-0.348042986
2750	0.105475979
2751	-0.646909788
2752	-1.007798893
2753	-0.3722236
2754	-0.663854948
2755	-0.665222707
2756	-0.379445004
2757	-0.533369112
2758	-0.577650757
2759	-0.622025063
2760	-0.457383012
2761	-0.102857889
2762	-1.012384572
2763	-0.351548622
2764	-0.360678441
2765	-0.137348532
2766	-0.589454784
2767	-0.372547089
2768	-0.883401379
2769	-0.52528436
2770	-0.502995682
2771	-0.587624895
2772	-0.25358225
2773	-0.393233808
2774	-0.515236283
2775	-0.455739816
2776	-0.531008226
2777	-0.644954124
2778	-0.23520001
2779	-3.659633061
2780	-0.280190242
2781	-0.464305099
2782	-0.949229119
2783	-2.771361756
2784	-0.352752075
2785	-0.974328493
2786	-0.433757791
2787	-0.800259799
2788	-0.50555081
2789	-0.456703456
2790	-0.481340911
2791	-0.317734061
2792	-0.726809809
2793	-0.523424808
2794	-0.858918176
2795	-0.347431295
2796	-0.919281926
2797	-0.129138289
2798	-0.492636927
2799	-0.630192947
2800	-0.725887758
2801	-0.499468836
2802	-0.098523224
2803	-0.372736062
2804	-0.434626996
2805	-0.241709304
2806	-0.276244297
2807	-0.384905523
2808	-0.228940315
2809	-0.370980836
2810	-0.092251027
2811	-0.377737625
2812	-1.198949442
2813	-0.427321396
2814	-0.163746644
2815	-0.436039421
2816	-0.492405112
2817	-0.386357
2818	-0.0745201
2819	-0.177147073
2820	-0.514225686
2821	-0.429308526
2822	-0.295352028
2823	-0.333352041
2824	-0.296535428
2825	-0.249986871
2826	-0.2175723
2827	-0.278118142
2828	-0.761435048
2829	-0.491532191
2830	-0.372439952
2831	-0.746203606
2832	-0.429984174
2833	-0.466296544
2834	-1.408657751
2835	-0.854285265
2836	-0.714900407
2837	-0.629362605
2838	-0.494238183
2839	-0.324202599
2840	-1.060470469
2841	-0.437916159
2842	-1.157587732
2843	-1.066884062
2844	-0.675553807
2845	-0.631440251
2846	-0.43685483
2847	-0.404812649
2848	-0.241525457
2849	-0.376353642
2850	-0.275001307
2851	0.013980599
2852	-0.341285068
2853	-0.530966258
2854	-0.374457488
2855	-0.25640271
2856	-0.472400394
2857	-0.408105155
2858	-0.209250645
2859	-0.287835778
2860	-0.434047952
2861	-0.341854316
2862	-0.701147291
2863	-0.540706236
2864	-0.190592132
2865	-0.862735889
2866	-0.539652662
2867	-0.216519999
2868	-0.523656464
2869	-0.862297267
2870	-0.282119748
2871	-0.428127155
2872	-0.128942053
2873	-0.268493417
2874	-0.47392378
2875	-0.044685245
2876	-3.318493914
2877	-3.340995734
2878	-0.748771607
2879	-0.536152551
2880	0.02716605
2881	-0.457769458
2882	-0.965952346
2883	-0.823181289
2884	0.325980966
2885	0.805934591
2886	-2.734796135
2887	-1.704664783
2888	0.1588096
2889	-0.401749979
2890	-0.150783803
2891	-0.844168694
2892	-0.816155465
2893	-2.436455091
2894	-0.838601532
2895	-2.186601133
2896	-2.813335088
2897	-3.339077858
2898	-0.690901494
2899	-0.609505217
2900	-1.025425558
2901	-1.014502394
2902	-0.86490531
2903	-0.573688793
2904	-0.575057784
2905	-1.128566829
2906	-1.414709046
2907	-1.453652968
2908	-1.649105559
2909	-1.461549621
2910	-1.379069759
2911	-0.435146647
2912	-0.548454734
2913	-0.455275053
2914	-0.468636612
2915	-0.370711426
2916	-0.300507475
2917	-0.159264205
2918	-0.917364614
2919	-0.311492789
2920	-0.594159655
2921	-0.457174227
2922	-0.159610499
2923	-0.309475749
2924	-0.177324161
2925	-0.361869966
2926	-0.122420749
2927	-0.572909456
2928	-0.113954049
2929	-0.333711355
2930	-0.727211851
2931	-0.193052456
2932	-0.641096948
2933	-0.419742379
2934	-0.387267896
2935	-0.488031025
2936	-0.371007362
2937	-0.347617299
2938	-0.306382715
2939	-0.708902988
2940	-0.090255971
2941	-0.330507442
2942	-0.276245866
2943	-0.333712925
2944	-0.191395793
2945	-0.711548208
2946	-0.664429954
2947	-0.533968304
2948	-0.334623361
2949	-0.430927415
2950	-0.285200626
2951	-0.191209859
2952	-0.396583596
2953	-0.218751625
2954	-0.631335145
2955	-0.761719578
2956	-0.507101968
2957	-2.648840849
2958	-4.25747862
2959	-4.359276999
2960	-4.808540467
2961	-4.319062543
2962	-4.019148581
2963	-3.321423934
2964	-3.487938786
2965	-0.498851933
2966	-0.345882014
2967	-0.347007184
2968	-0.146618758
2969	-0.37630374
2970	-0.306389989
2971	-1.166143927
2972	-0.414622397
2973	-0.376830104
2974	-0.788004426
2975	-1.263379579
2976	-0.59044916
2977	-0.67987867
2978	-0.591180972
2979	-0.199094512
2980	-0.123636186
2981	-0.563868751
2982	-0.336560568
2983	-0.607502255
2984	-0.253660301
2985	-0.393657959
2986	-0.801882389
2987	-1.328323767
2988	-0.623483048
2989	-0.919622751
2990	-0.364699571
2991	-0.4662196
2992	-0.188269054
2993	-0.855319421
2994	-0.400571961
2995	-0.182295826
2996	-0.527112338
2997	-0.143142259
2998	-0.440430751
2999	-0.285742793
3000	-0.45436048
3001	-0.363819867
3002	-0.451447324
3003	-0.875653975
3004	-1.095386619
3005	-0.532395812
3006	-0.225085469
3007	-0.837822306
3008	-0.534109919
3009	-0.708259131
3010	-1.03248913
3011	-0.107769304
3012	-0.559418319
3013	-0.189388744
3014	-0.790710079
3015	-0.491377713
3016	-0.584813153
3017	-0.335086992
3018	-0.594527488
3019	-0.473821061
3020	-0.80817235
3021	-0.425089631
3022	-1.172094312
3023	-1.17915058
3024	-0.302652469
3025	-0.136612303
3026	-0.529707663
3027	-0.285812623
3028	-0.556430968
3029	-0.555921904
3030	-0.430637972
3031	-0.379705325
3032	-0.35556209
3033	-0.667785819
3034	-1.226529024
3035	-0.372750703
3036	-0.50916101
3037	-0.514946002
3038	-0.514155158
3039	-0.359245057
3040	-0.568641156
3041	0.111232939
3042	-0.559746122
3043	-0.639795378
3044	-0.95432254
3045	-0.223061711
3046	-0.542580259
3047	-1.17380226
3048	-0.198888322
3049	-0.471463874
3050	-0.45827633
3051	-0.355627839
3052	-0.456185411
3053	-0.664373209
3054	-0.350390905
3055	-0.654327511
3056	-0.601967795
3057	-0.288850269
3058	-1.228481598
3059	-0.525607566
3060	-0.121427863
3061	-0.626117514
3062	-0.60089451
3063	-0.545680056
3064	-0.278870589
3065	-0.760690004
3066	-1.195209677
3067	-0.30781694
3068	-0.305488916
3069	-1.145602203
3070	-0.787840802
3071	-0.331351975
3072	-0.296812356
3073	-0.268098982
3074	-0.476990138
3075	-0.657335572
3076	-1.006590865
3077	-0.268438014
3078	-0.790413825
3079	-1.302361918
3080	-0.102927032
3081	-0.012170125
3082	-0.337321241
3083	-0.446653775
3084	-0.669679689
3085	-0.613144279
3086	-0.674908453
3087	-0.716535092
3088	-0.350873505
3089	-0.431742137
3090	-0.420633988
3091	-0.834100012
3092	-0.680813596
3093	-0.329090154
3094	-0.267066656
3095	-0.475655141
3096	-0.526583918
3097	-0.978987031
3098	-0.544912661
3099	-0.377970079
3100	-0.912822994
3101	-0.174751457
3102	-0.28071438
3103	-0.42833612
3104	-0.385877155
3105	-0.486021552
3106	-0.271939088
3107	-0.624040476
3108	-0.448267546
3109	-0.712194854
3110	-0.499902454
3111	-0.453967351
3112	-0.801799454
3113	-0.604244433
3114	-0.548035697
3115	-0.349806783
3116	-0.5049535
3117	-4.120720547
3118	-4.518436051
3119	-4.241293487
3120	-0.579465904
3121	-0.312490183
3122	-1.86555543
3123	-0.462919249
3124	-0.493284984
3125	-0.395230049
3126	-0.704548184
3127	-1.046028792
3128	-5.133419483
3129	-4.679598028
3130	-5.587779743
3131	-4.059437882
3132	-0.417501146
3133	-0.671758188
3134	-1.27607777
3135	-0.6484128
3136	-0.230529412
3137	-0.705193756
3138	-0.178678823
3139	-0.217474383
3140	-0.993283336
3141	-0.243685848
3142	-0.775062654
3143	-0.418840769
3144	-0.154786023
3145	-0.458374969
3146	-0.64575864
3147	-0.41191097
3148	-0.648795344
3149	-0.356401896
3150	-0.99474212
3151	-0.359601523
3152	-0.45388345
3153	-0.137002966
3154	-0.305021109
3155	-0.446220389
3156	-0.358715091
3157	-0.350162091
3158	-1.038252224
3159	-0.913583666
3160	-0.445936195
3161	-0.889599008
3162	-0.497299434
3163	-1.324159874
3164	-0.295951811
3165	-0.829471098
3166	-0.378189028
3167	-0.427855937
3168	-0.554321061
3169	-0.414091992
3170	-0.326590728
3171	-1.214135674
3172	-0.657727282
3173	-0.185996229
3174	-0.147284571
3175	-0.29908167
3176	-0.727404774
3177	-0.459942775
3178	-0.723117931
3179	-0.428567327
3180	-0.573299472
3181	-0.720690726
3182	-0.080146904
3183	-0.02005172
3184	-0.541459055
3185	-0.096211249
3186	-0.197147864
3187	-0.626642612
3188	-0.515638209
3189	-1.231140865
3190	-1.148054937
3191	-0.172206756
3192	-0.513848681
3193	-0.335021688
3194	-0.639898051
3195	-0.787820455
3196	-0.338737281
3197	-0.311317796
3198	-0.594944581
3199	-1.04812022
3200	-0.705717782
3201	-0.395125018
3202	-0.472998863
3203	-0.323404408
3204	-0.191284302
3205	-0.261395288
3206	-0.272741372
3207	-0.704866953
3208	-0.468476459
3209	-0.519665344
3210	-0.993399597
3211	-0.333082635
3212	-0.759988758
3213	-0.126572235
3214	-0.390449973
3215	-0.474972193
3216	-0.407251494
3217	-0.179962381
3218	-0.760850038
3219	-0.502691739
3220	-0.515717697
3221	-0.274264034
3222	-0.53160482
3223	-0.659169189
3224	-0.320674315
3225	-0.514500932
3226	-0.272898449
3227	-0.374231966
3228	-0.350145887
3229	-0.67679263
3230	-0.848032757
3231	-0.637983309
3232	-0.555017464
3233	-0.467463906
3234	-0.490563795
3235	-0.741878854
3236	-0.996117881
3237	-0.298940593
3238	-0.427394187
3239	-0.295738137
3240	-0.714863382
3241	-0.424788062
3242	-0.707108529
3243	-0.875548398
3244	-0.345820904
3245	-0.539494495
3246	-0.484827917
3247	-0.995876416
3248	-0.403956436
3249	-0.329043237
3250	-0.33178404
3251	-0.625073219
3252	-0.386076355
3253	-0.448626604
3254	-0.213341197
3255	-0.417079269
3256	-0.341862179
3257	-0.323697991
3258	-0.1118761
3259	-0.443923145
3260	-0.137112877
3261	-0.754531407
3262	-0.539971164
3263	-0.297792356
3264	-0.480468172
3265	-0.651512872
3266	-0.706480361
3267	-1.255629141
3268	-0.390404182
3269	-0.363486541
3270	-0.560755146
3271	-0.368745814
3272	-0.950152962
3273	-1.008520119
3274	-0.930807152
3275	-0.436219273
3276	-0.406543324
3277	-0.598623553
3278	-0.601030259
3279	-0.624055774
3280	-0.484827263
3281	-0.35943624
3282	-0.898527286
3283	-0.48124008
3284	-0.612194565
3285	-0.533985582
3286	-0.268238407
3287	-0.200388771
3288	-0.844684678
3289	-0.530904927
3290	-0.725455124
3291	-0.433606515
3292	-0.279890753
3293	-0.307890474
3294	-0.457585283
3295	-1.420089456
3296	-0.157210965
3297	-0.332271246
3298	-0.186788598
3299	-0.433184213
3300	-0.232542772
3301	-0.324596095
3302	-0.40068866
3303	-0.339214252
3304	-0.992907978
3305	-0.758144587
3306	-1.085644966
3307	-0.140679315
3308	-0.338531293
3309	-1.527911841
3310	-3.88546891
3311	-5.187437077
3312	-4.73084758
3313	-4.238828337
3314	-4.441892942
3315	-4.574080907
3316	-4.447820926
3317	-3.247724953
3318	-3.780593771
3319	-4.023995417
3320	-3.912418751
3321	-4.5241689
3322	-3.579042954
3323	-3.321407988
3324	-3.512574417
3325	-4.707091028
3326	-4.092340573
3327	-3.818870444
3328	-3.579543404
3329	-3.316915398
3330	-4.132417235
3331	-4.596721727
3332	-3.48916857
3333	-3.451741893
3334	0.101370836
3335	-0.591673569
3336	-0.51771008
3337	-0.394260053
3338	-0.627325781
3339	-0.519043329
3340	-1.164058642
3341	-0.293207735
3342	-0.837593588
3343	-0.742327877
3344	-0.490123712
3345	-0.165160809
3346	-0.591364847
3347	-0.751963174
3348	-0.254949874
3349	-0.158700141
3350	-1.096716683
3351	-0.591900524
3352	-0.418612648
3353	-0.448247032
3354	-0.567679553
3355	-0.518686602
3356	-0.547424195
3357	-0.476663794
3358	-0.24163387
3359	-0.276585379
3360	-0.400442288
3361	-0.139761211
3362	-0.569860225
3363	-0.398304397
3364	-0.239051612
3365	-0.189206623
3366	-1.347415754
3367	0.986224685
3368	-0.184874443
3369	0.96610716
3370	-0.680411837
3371	0.155074661
3372	0.292853375
3373	-0.717206769
3374	-0.254793071
3375	-0.421037323
3376	-0.885705537
3377	-0.626977658
3378	-0.464597221
3379	-0.554137687
3380	-0.612497552
3381	-0.678990466
3382	-0.911125568
3383	-1.187570047
3384	-0.487835465
3385	-0.611109421
3386	-0.383580132
3387	-0.512663557
3388	-0.25069565
3389	-0.558933172
3390	-0.345885448
3391	-0.47234802
3392	-0.454388845
3393	-0.3381943
3394	-0.407606379
3395	-1.212601982
3396	-0.354528923
3397	-0.552636002
3398	-0.176909487
3399	-0.68976086
3400	-0.383733737
3401	-0.41913155
3402	-0.397150442
3403	-0.222584852
3404	-0.641345657
3405	-0.761057374
3406	-0.480134447
3407	-0.085393726
3408	-0.340280978
3409	-0.266051675
3410	-0.538931801
3411	-0.8391251
3412	-0.989054404
3413	-0.859803726
3414	-0.418667129
3415	-0.592946537
3416	-0.532720931
3417	-0.534733073
3418	-0.506430721
3419	-0.494019047
3420	-0.47049216
3421	-0.625668491
3422	-0.503850714
3423	-0.583487541
3424	-0.486935588
3425	-0.346304962
3426	-0.350775117
3427	-0.440720549
3428	-0.52466653
3429	-0.731346197
3430	-0.477258796
3431	-0.421401601
3432	-0.403244257
3433	-0.148176582
3434	-1.040773127
3435	-0.61448875
3436	-0.398826756
3437	-0.87086878
3438	-0.510501651
3439	-0.451476831
3440	-0.529230538
3441	-0.494759233
3442	-0.44063757
3443	-0.655173559
3444	-0.32105478
3445	-0.164360145
3446	-0.694142195
3447	-1.081424767
3448	-0.350575005
3449	-0.593589913
3450	-0.705003612
3451	-0.415022459
3452	-0.841922057
3453	-0.315869106
3454	-0.731337505
3455	-0.498596188
3456	-0.685955848
3457	-0.409827212
3458	-0.597059365
3459	-1.109898684
3460	-1.26402646
3461	-0.657696162
3462	-0.734314896
3463	-0.235001482
3464	-0.746146152
3465	-0.671007692
3466	-0.133715057
3467	-0.503269494
3468	-0.246843289
3469	-0.6946695
3470	-0.493027625
3471	-0.610002126
3472	-0.695045622
3473	-0.913362048
3474	-0.22172906
3475	-0.730474269
3476	-0.480868798
3477	-0.978108855
3478	-0.451960573
3479	-0.190071602
3480	-0.735204935
3481	-0.577312745
3482	-0.569843197
3483	-0.417908426
3484	-0.909647288
3485	-0.186861087
3486	-0.700265207
3487	-0.246498357
3488	-0.564535985
3489	-0.880911602
3490	-0.367567319
3491	-0.364984481
3492	-0.86515159
3493	-0.850663334
3494	-0.858057483
3495	-1.056505506
3496	-0.436524226
3497	-0.603702738
3498	-0.580263575
3499	-1.156433399
3500	-0.670920955
3501	-0.583236567
3502	-0.592499402
3503	-0.651557916
3504	-0.452849949
3505	-0.605865362
3506	-0.472848492
3507	-1.14761083
3508	-0.278036378
3509	-0.497785561
3510	-0.706126084
3511	-0.558727515
3512	-0.789028273
3513	-0.527754749
3514	-0.616097609
3515	-0.571588675
3516	-0.750264006
3517	-0.48287514
3518	-0.576199836
3519	-0.484604033
3520	-0.31619659
3521	-0.925428217
3522	-0.877299596
3523	-0.679792564
3524	-0.966766067
3525	-0.625884702
3526	-0.330781044
3527	-0.753695618
3528	-0.366828167
3529	-0.585082826
3530	-0.787200082
3531	-0.407738308
3532	-1.152352254
3533	-0.646991396
3534	-0.480795462
3535	-0.300957135
3536	-0.474988816
3537	-0.263691584
3538	-0.646353822
3539	-1.703179312
3540	-0.63978997
3541	-0.605312518
3542	-0.459435858
3543	-0.444793875
3544	-0.765097171
3545	-1.101546833
3546	-1.04243779
3547	-0.687420044
3548	-0.108155077
3549	-0.617212353
3550	-0.477573533
3551	-0.714437274
3552	-0.820938051
3553	-0.10707943
3554	-0.208401249
3555	-0.306571764
3556	-0.726867436
3557	-0.88054087
3558	-0.815013467
3559	-0.48955185
3560	-0.511046071
3561	-1.024145931
3562	-0.583806795
3563	-0.438594913
3564	-0.625103163
3565	-0.32498506
3566	-0.926323095
3567	-0.466903673
3568	-0.603876414
3569	-0.681368383
3570	-0.476048059
3571	-0.553340966
3572	-0.534178126
3573	-0.915558242
3574	-0.498612127
3575	-0.805754475
3576	-0.252972177
3577	-0.906528655
3578	-1.329113356
3579	-0.409652217
3580	-0.756318501
3581	-0.766391047
3582	-1.10561026
3583	-0.84507416
3584	-0.541079993
3585	-0.365007669
3586	-0.282867269
3587	-0.712699656
3588	-0.435455927
3589	-0.407379011
3590	-0.313184375
3591	-0.558851151
3592	-1.358052424
3593	-0.2719111
3594	-0.554344099
3595	-0.54012275
3596	-0.880955874
3597	-0.718098066
3598	-0.787035684
3599	-0.942013872
3600	-1.490916185
3601	-0.503412732
3602	-0.405853311
3603	-0.430592914
3604	-0.487270848
3605	-0.747966564
3606	-0.664162291
3607	-0.530769975
3608	-0.577527406
3609	-0.351254299
3610	-0.471658688
3611	-0.159638589
3612	-1.136962624
3613	-0.425369186
3614	-0.521072247
3615	-0.403291909
3616	-1.347721719
3617	-0.450774582
3618	-0.59793449
3619	-0.636773359
3620	-0.956185835
3621	-0.77317938
3622	-1.212740261
3623	-0.278421258
3624	-0.523579445
3625	-0.913029464
3626	-0.367782941
3627	-0.325384267
3628	-0.452239188
3629	-0.746871544
3630	-0.703655311
3631	-0.729640757
3632	-0.50062412
3633	-0.657620903
3634	-1.09145808
3635	-0.426694396
3636	-0.960106174
3637	-0.63522892
3638	-0.284822674
3639	-0.729894308
3640	-0.8205462
3641	-0.411037863
3642	-0.593142981
3643	-0.542486114
3644	-0.533858832
3645	-1.180742049
3646	-1.227818598
3647	-0.555235613
3648	-0.467634003
3649	-0.58834139
3650	-0.669310716
3651	-0.349469825
3652	-0.828009199
3653	-0.26191134
3654	-0.697857196
3655	-1.258585845
3656	-0.744722932
3657	-0.321603425
3658	-0.813846592
3659	-0.776400584
3660	-1.366486677
3661	-3.013199607
3662	-1.454534096
3663	-1.176606685
3664	-4.683326401
3665	-3.180166619
3666	-4.95687383
3667	-5.093873512
3668	-4.702106931
3669	-4.186719925
3670	-4.195791651
3671	-4.150612256
3672	-0.613615421
3673	-0.648068167
3674	-1.014399394
3675	-0.411158399
3676	-0.149801004
3677	0.166721087
3678	-1.118966419
3679	2.910464308
3680	-0.325696608
3681	0.135778835
3682	-0.326406482
3683	-0.060231673
3684	0.025342154
3685	0.333154401
3686	-1.587840804
3687	0.021624142
3688	-0.986537688
3689	-0.062358617
3690	0.02767272
3691	0.18937931
3692	-0.069808052
3693	-0.337867662
3694	0.031784432
3695	-0.614194734
3696	-0.528635769
3697	-0.551043991
3698	-0.712394434
3699	-0.348505956
3700	-0.309555149
3701	-0.627572051
3702	0.063972354
3703	1.544249118
3704	3.029314736
3705	-0.094009962
3706	-0.254143427
3707	0.364178283
3708	-0.4264295
3709	-0.14981406
3710	0.830659738
3711	-0.812484283
3712	-0.143197704
3713	0.101955009
3714	-0.389670252
3715	0.450599721
3716	-0.335607976
3717	-0.253265334
3718	-0.228937758
3719	-0.442397481
3720	-0.498949491
3721	-0.393958717
3722	-0.268980574
3723	2.19005819
3724	-0.450446716
3725	2.209136218
3726	-3.509015301
3727	-1.212810018
3728	3.502787534
3729	3.764939399
3730	3.161490309
3731	-0.220538693
3732	-0.313343278
3733	-0.389277241
3734	-0.581875919
3735	-1.009078426
3736	-0.632185918
3737	-0.993151148
3738	-0.397543379
3739	-0.127782285
3740	-0.683748752
3741	0.04279298
3742	0.002059485
3743	-0.279742372
3744	2.992825733
3745	NULL
3746	-0.738898771
3747	-4.058040858
3748	-0.740363396
3749	-1.005915014
3750	2.835293004
3751	-3.087427733
3752	-1.045767997
3753	-0.112438081
3754	-0.18209771
3755	-0.353351916
3756	-0.536845575
3757	-0.06584148
3758	0.723339364
3759	0.057640354
3760	2.58636535
3761	-0.634469895
3762	-0.29597825
3763	-0.445964629
3764	-0.335331382
3765	-0.893480109
3766	-0.39963087
3767	1.160096608
3768	-0.246975487
3769	-0.558036239
3770	-0.760684568
3771	2.878564673
3772	3.361096164
3773	3.959724461
3774	3.391659707
3775	-0.186396633
3776	-0.384128605
3777	-0.517380868
3778	-1.417650176
3779	2.740327413
3780	-0.529156511
3781	-0.641525757
3782	-0.320959523
3783	1.889787769
3784	3.20374714
3785	2.196018156
3786	-0.88362469
3787	-0.903689849
3788	-0.377904074
3789	-0.20006023
3790	-0.688982333
3791	-0.304350969
3792	-0.084747014
3793	3.792028943
3794	3.46849581
3795	2.598679879
3796	1.968394713
3797	2.296549998
3798	-0.227096593
3799	-0.211081285
3800	-0.541869231
3801	-0.190825102
3802	-1.403982342
3803	-0.526859065
3804	-0.421914927
3805	2.970151228
3806	-0.78570672
3807	2.751501052
3808	0.056783933
3809	-3.21277202
3810	0.13025507
3811	0.087960317
3812	0.136025554
3813	-3.186693755
3814	-0.236070361
3815	-0.633520996
3816	-0.74107638
3817	-0.266366789
3818	2.14915534
3819	-1.050490641
3820	3.257207898
3821	-1.10096345
3822	-0.845415167
3823	-0.245297263
3824	-2.685062831
3825	1.728463885
3826	-0.123738941
3827	-0.698423888
3828	0.150715856
3829	-0.917029495
3830	-0.435804243
3831	0.681719601
3832	-0.12600844
3833	-0.019395043
3834	3.110838901
3835	3.289651916
3836	3.725539959
3837	3.964306295
3838	2.761553748
3839	2.701641112
3840	-0.577987568
3841	4.408408101
3842	0.343572919
3843	-0.028352703
3844	-0.511687945
3845	-1.049251305
3846	-0.26803485
3847	-0.02450671
3848	-0.507495264
3849	-0.272436657
3850	-0.464358574
3851	-0.397581236
3852	0.067129547
3853	-0.412781588
3854	-0.586414164
3855	-0.001205807
3856	0.925200312
3857	2.526274984
3858	0.162366177
3859	-0.534671018
3860	-1.281806378
3861	-0.271212073
3862	-0.327668276
3863	-0.206562351
3864	3.273301796
3865	-0.357854162
3866	3.201825686
3867	1.691568588
3868	0.023702046
3869	-0.567605787
3870	0.001005951
3871	-0.981736978
3872	-0.551312391
3873	-0.523682491
3874	3.047438472
3875	3.751085634
3876	3.507746133
3877	2.916905802
3878	2.592027579
3879	2.651914192
3880	0.075586659
3881	3.360096419
3882	-0.295050852
3883	0.071040183
3884	-1.181184997
3885	0.240561563
3886	-0.167036005
3887	-0.026668801
3888	-0.168413252
3889	-0.463709721
3890	-0.757717211
3891	-0.026657954
3892	-0.123540634
3893	-0.193589213
3894	-0.954070854
3895	-0.533190225
3896	-0.360018344
3897	0.970137232
3898	-0.062441909
3899	0.145626562
3900	-0.642990387
3901	-1.579282153
3902	-1.068805631
3903	3.175942722
3904	0.357768386
3905	0.037705557
3906	-0.165376121
3907	-0.893911189
3908	-0.577794938
3909	1.37963649
3910	0.164167891
3911	-0.482052627
3912	-1.464015696
3913	-0.134800765
3914	-1.098108928
3915	0.444198944
3916	-0.184810635
3917	-0.033037946
3918	-0.265489743
3919	-0.223843363
3920	-0.224112803
3921	-0.203347922
3922	-1.102691246
3923	-2.022038348
3924	0.985791801
3925	0.151130085
3926	-1.358267203
3927	-0.268569127
3928	-0.541336588
3929	0.009802444
