1	-0.236847784
2	-0.327599768
3	-0.150459684
4	-0.27953732
5	-0.184580333
6	-0.055036036
7	0.054280573
8	-0.162557371
9	-0.251702093
10	-0.07696141
11	-0.35489157
12	-0.875353376
13	-2.061840267
14	-0.051064055
15	-0.310775539
16	-0.078519497
17	-0.029941858
18	-0.072677566
19	-0.406955864
20	0.01001604
21	-0.152010501
22	-0.074663082
23	0.003485187
24	-0.054776193
25	-0.070227918
26	-0.21750313
27	-0.116774577
28	-0.422785197
29	-0.304234831
30	-0.114402099
31	-0.013231062
32	-0.023734997
33	-0.078876329
34	-0.133397429
35	-0.874881728
36	-0.07572478
37	-0.151668022
38	-0.228589361
39	-0.249532944
40	-0.124611201
41	-0.109157292
42	-0.016242812
43	-0.42781476
44	-0.327119147
45	-0.444538377
46	-0.597292412
47	-0.131974153
48	0.013944437
49	-0.066505136
50	0.116372156
51	0.021744362
52	-0.110132982
53	-0.203086671
54	-0.440156212
55	0.088016177
56	-0.079272249
57	-0.084493307
58	-0.1319632
59	0.055832262
60	0.090676152
61	-0.178874908
62	-0.315426931
63	-0.131237296
64	-0.081212543
65	-0.222350788
66	0.098787138
67	-0.061595887
68	-0.445802455
69	-0.222552329
70	-0.072130916
71	0.053658428
72	0.110242764
73	0.037233469
74	-0.183430317
75	-0.102387873
76	-0.060500305
77	-0.217133185
78	-0.047819391
79	0.028726298
80	-0.133518773
81	-0.174320024
82	0.076470273
83	-0.182643168
84	-0.031890434
85	-0.313190853
86	-0.008219117
87	-0.051444963
88	-0.015433313
89	-0.163031867
90	0.044430547
91	-0.197657209
92	-0.09573265
93	-0.031531329
94	-0.046259061
95	-0.162664884
96	0.029664231
97	0.099419432
98	0.024336986
99	0.034390563
100	-0.025286412
101	-0.099824355
102	-0.259281962
103	0.009195263
104	0.114707517
105	-0.058840464
106	0.082909537
107	-0.255543973
108	0.128471724
109	0.02573896
110	0.021483633
111	-0.044263619
112	0.103907366
113	-0.030462888
114	0.101123662
115	0.151054704
116	-0.039911847
117	-0.013022384
118	-0.335705339
119	0.085032215
120	0.167405246
121	0.048105517
122	-0.030237236
123	0.183180697
124	0.043502367
125	0.062069254
126	0.034509808
127	0.072289945
128	-0.099821248
129	-0.185634629
130	0.066541752
131	-0.077035857
132	0.081954297
133	0.005356308
134	-0.141371309
135	0.096476695
136	-0.031235835
137	0.114244226
138	-0.100992048
139	0.077792726
140	-0.625126292
141	0.02968556
142	-0.637278627
143	-0.40754923
144	0.032657257
145	0.187529128
146	0.036977817
147	-0.217365672
148	-0.466834848
149	-0.60498151
150	-0.223713063
151	0.035113501
152	0.031644512
153	-0.203309698
154	-0.058352622
155	0.048636929
156	-0.072418027
157	-0.400779975
158	-0.013703724
159	-0.090068962
160	-0.800295838
161	0.0693563
162	-0.025969117
163	-0.944402544
164	-0.058179177
165	0.116174409
166	0.177268144
167	-0.148334601
168	-0.158267077
169	-0.141043408
170	0.008926102
171	-0.187994647
172	0.046966526
173	0.073826787
174	0.118880995
175	0.123720374
176	-0.020003332
177	-0.152411236
178	-0.194894837
179	0.118736569
180	-0.100953412
181	-0.005750563
182	-0.094310934
183	0.100382477
184	-0.07430142
185	0.102543116
186	-0.212583334
187	0.135438339
188	-0.564157467
189	-0.016072126
190	0.048835642
191	0.022074327
192	-0.005005561
193	-0.022150944
194	-0.100261224
195	-0.319467373
196	-0.341483994
197	-0.129169594
198	0.015900814
199	-0.095630705
200	0.019120011
201	0.045703028
202	0.200688789
203	0.10344601
204	-0.051572218
205	0.03864047
206	-2.381252713
207	-0.107437773
208	0.001729818
209	-0.550608465
210	-0.008115853
211	0.068162733
212	-0.061168895
213	0.066830357
214	-0.463947719
215	-3.883725478
216	-4.190328038
217	-0.093191601
218	-0.04146814
219	-2.785701997
220	-4.272160908
221	0.068707041
222	-0.07013172
223	-0.010084874
224	-0.038453373
225	-0.00507358
226	0.120839552
227	-0.02804278
228	-0.019623361
229	-0.046824856
230	-2.300479282
231	-0.912854573
232	-0.794904605
233	-1.195277266
234	-1.63169786
235	-0.327390432
236	-0.039596197
237	-0.588522844
238	-1.696036915
239	-0.813757779
240	-0.450339982
241	-0.809031332
242	-2.561651011
243	-0.88277096
244	-3.131559324
245	-5.226729209
246	-6.286700064
247	-5.500464058
248	-2.479360384
249	-0.06913051
250	0.116164607
251	0.182714576
252	-0.023586835
253	0.162131073
254	-0.110059232
255	-0.59440842
256	-0.191038297
257	0.211091382
258	-0.310054819
259	0.099615797
260	-0.326853731
261	-0.170513928
262	-0.139827656
263	-0.122471583
264	0.037240313
265	0.103097204
266	-0.178033609
267	-0.811983684
268	0.175179508
269	-0.450522282
270	0.184428137
271	-0.420215397
272	0.090329766
273	0.0199358
274	-0.074858769
275	-0.237604052
276	-0.124805443
277	0.080053887
278	0.088768118
279	-0.146106063
280	-0.237906162
281	-0.231760875
282	-0.107232587
283	-0.032415312
284	-0.602265555
285	-0.888359321
286	-0.631979223
287	0.111136264
288	0.087893141
289	-0.103748491
290	-0.023546571
291	-0.085863688
292	-0.023669147
293	0.13718199
294	0.223082038
295	-0.036960842
296	0.149994751
297	0.074688381
298	0.076482355
299	-0.181931895
300	-0.070204256
301	0.011328015
302	0.11837857
303	0.057482921
304	0.13877709
305	-0.087614977
306	0.193693854
307	0.071832902
308	-0.051829503
309	0.056026794
310	0.190207846
311	0.320526841
312	0.141129457
313	0.030327735
314	0.160950286
315	0.076361918
316	-0.599256255
317	-0.008185629
318	0.075006968
319	0.217797533
320	0.043586816
321	0.138429058
322	0.197822543
323	0.221329218
324	0.065156963
325	0.069448593
326	-0.039047523
327	0.234444304
328	0.279212587
329	-0.255414053
330	-0.277610076
331	-0.239427984
332	-0.121253381
333	0.227299333
334	-0.103245041
335	-0.234029218
336	0.026903624
337	-0.139575962
338	0.170699827
339	0.130065953
340	-0.126968396
341	-0.953499568
342	-3.049938673
343	-2.52412668
344	-2.263876686
345	0.124297869
346	-0.159162328
347	-0.264302631
348	0.105844173
349	-0.171424404
350	0.143302712
351	-0.089190204
352	0.028974808
353	-0.071459429
354	0.116637616
355	-0.083248464
356	0.102301326
357	0.118084031
358	-0.008654111
359	-2.31964731
360	-3.436065035
361	-3.838802197
362	-3.722792806
363	-3.64168922
364	-5.058939226
365	-5.81797686
366	-6.192831495
367	-6.563946738
368	-5.434713808
369	-5.232424702
370	-6.31539336
371	-6.286277596
372	-5.661165646
373	-1.975360747
374	-3.813874173
375	-3.776915346
376	-1.743968002
377	-1.491720857
378	-2.719137128
379	-0.997743681
380	-0.439924
381	-2.368146014
382	-2.223296524
383	0.059170226
384	0.037738665
385	-0.46982537
386	0.158690631
387	-0.016044297
388	0.13833057
389	0.217238465
390	0.157809653
391	0.093256074
392	0.233306009
393	-0.03194992
394	0.0645078
395	0.186888016
396	0.062951804
397	0.183181834
398	0.14741803
399	0.082935215
400	0.075195744
401	-0.270432078
402	-2.363117389
403	-3.593117973
404	-4.302639288
405	-3.072032802
406	-2.905394286
407	-0.558276899
408	-1.226996131
409	-0.243384862
410	-0.081909847
411	-0.177511621
412	-0.318763763
413	0.037092836
414	-0.960957004
415	0.013068344
416	-1.390352308
417	-3.116067439
418	-3.949064781
419	-5.584659415
420	-4.995616521
421	-5.534768385
422	-6.391704605
423	-5.283797539
424	-4.700393502
425	-6.303939241
426	-2.989771546
427	-4.466846027
428	-4.863686555
429	-0.070618783
430	0.335557631
431	0.062953711
432	0.184434946
433	-0.060139144
434	0.057464583
435	0.156289676
436	-0.076976656
437	0.144447454
438	-0.305627317
439	0.145151587
440	0.197631688
441	-0.012120842
442	0.040815657
443	-0.053980714
444	0.204006595
445	-0.484275687
446	-2.895247445
447	-4.113751791
448	-2.730760377
449	0.048781931
450	-0.282270524
451	-0.040185276
452	0.153978434
453	-0.197216981
454	0.20399724
455	0.17074347
456	0.25745302
457	0.111043798
458	0.281460436
459	0.018867971
460	0.174038828
461	0.300676791
462	0.071423386
463	0.157946969
464	0.112095832
465	0.117608051
466	-0.117218989
467	0.006876101
468	0.088799417
469	0.280286329
470	0.116962544
471	-0.029831603
472	-0.187702953
473	0.123635431
474	0.123863142
475	0.131733824
476	0.235998964
477	0.122682261
478	0.462675272
479	0.35254882
480	-0.067011943
481	-0.148373814
482	-0.007828317
483	0.233900688
484	0.26474783
485	0.184927469
486	0.003221475
487	0.227419435
488	0.098099679
489	-0.144759098
490	-1.0206597
491	-5.105194877
492	-4.945258564
493	-4.341211168
494	-4.839778488
495	-5.529979341
496	-5.680553717
497	-5.400704255
498	-4.825061374
499	-2.50995991
500	-2.717954897
501	-6.327379075
502	-6.680622239
503	-6.412572341
504	-6.320201734
505	-8.175505015
506	-6.39102566
507	-6.126720255
508	-5.788893536
509	-5.633449486
510	-5.149660403
511	-5.326589104
512	-2.425057301
513	-2.619424582
514	0.157446562
515	0.119081992
516	0.084844281
517	-0.080071746
518	-0.157178323
519	0.247677552
520	0.120550776
521	-0.269411848
522	0.186134378
523	0.43134977
524	0.11546338
525	0.263945685
526	0.139742963
527	0.200072321
528	-0.011249438
529	-0.231901872
530	0.340406707
531	0.122240475
532	0.115771291
533	0.15729246
534	-0.258065192
535	0.230110975
536	0.219273338
537	-0.114531781
538	-0.05874488
539	0.062398828
540	-0.01678748
541	0.210253949
542	-0.03005483
543	-0.083756408
544	0.236371706
545	-0.195853564
546	-0.043919645
547	0.006007296
548	0.178564663
549	0.06123994
550	-0.625186149
551	0.04159044
552	0.128539464
553	-0.148617794
554	-0.056292757
555	0.10568948
556	0.184639275
557	-0.08026152
558	0.016078983
559	-0.111690432
560	0.088411177
561	-1.260452931
562	0.121216224
563	0.065353205
564	0.183066968
565	-0.198627519
566	0.211000874
567	-0.101181956
568	-0.018658795
569	0.208667066
570	-0.037277382
571	0.255660349
572	0.23456378
573	0.273358808
574	0.051229459
575	-0.056726243
576	0.132147218
577	0.01538496
578	-4.512295638
579	-4.682970742
580	-6.023935595
581	-5.754956692
582	-0.106842584
583	-0.254896313
584	0.147788955
585	0.204510612
586	-0.055722836
587	0.188435537
588	0.243749854
589	0.13688681
590	-0.016045577
591	0.161114259
592	0.096802031
593	0.258392795
594	-1.703587618
595	-1.985454608
596	0.078268233
597	0.014840169
598	0.275000965
599	-2.484626071
600	0.384501509
601	-0.006674811
602	0.444735599
603	0.080634222
604	0.16235083
605	0.35272907
606	0.10932034
607	0.100921188
608	0.15874455
609	-0.155001121
610	0.305620594
611	0.167040022
612	0.135016515
613	-0.133157001
614	0.070831922
615	0.180846219
616	0.077584513
617	0.283941607
618	0.158077718
619	-1.119166647
620	0.255708027
621	0.149379358
622	0.072356906
623	0.135835052
624	0.168555146
625	0.13431763
626	0.033117851
627	0.396241746
628	-1.53312102
629	0.147371396
630	-0.688669194
631	-0.295233865
632	-0.18535937
633	0.20931067
634	0.172489489
635	0.415680039
636	0.0208581
637	0.139452245
638	0.102190505
639	-0.047598288
640	0.270899203
641	0.389529946
642	0.115442672
643	0.22296458
644	0.413330685
645	-0.004201302
646	0.134831344
647	-0.423831744
648	-1.189015153
649	0.094421046
650	0.277512819
651	0.006971004
652	0.407033283
653	0.306915032
654	0.32705469
655	0.439299574
656	0.317084669
657	0.054300088
658	0.36195418
659	0.104172819
660	-0.180861832
661	0.134324605
662	0.208097754
663	-0.015619721
664	0.152506614
665	0.231527783
666	0.156784192
667	0.342086391
668	0.250780786
669	0.254662074
670	-0.003684906
671	0.435806303
672	0.420043605
673	0.176542704
674	-0.368788758
675	-0.111981979
676	0.189864901
677	-0.302001326
678	-0.074838938
679	0.069971553
680	0.023435491
681	0.133684841
682	0.214168924
683	0.306459756
684	-0.039021543
685	0.309475191
686	0.222179432
687	0.190153832
688	0.071193402
689	0.144600848
690	-0.178830254
691	-1.255648528
692	0.107970289
693	0.304041574
694	-0.210985843
695	0.16630708
696	-0.173130186
697	-0.066896244
698	0.171776903
699	0.113963266
700	0.23568008
701	-0.187464429
702	0.04245128
703	0.14121455
704	0.103142434
705	-0.011684472
706	0.228237031
707	-0.092587779
708	0.244645185
709	0.03824626
710	-0.036404961
711	0.114323781
712	0.241244114
713	0.266557579
714	0.231800907
715	0.29116746
716	0.168441674
717	0.318512435
718	0.070297126
719	0.145169942
720	0.160551928
721	0.031567388
722	0.187444243
723	0.199908283
724	0.266233936
725	0.124156202
726	0.280477014
727	0.215987342
728	0.184480918
729	-0.207630025
730	0.125237385
731	0.239131927
732	0.43183484
733	0.023907082
734	-0.140197182
735	-0.012667517
736	0.057820557
737	0.0220369
738	-0.148234994
739	-0.007958001
740	-0.075875064
741	0.090337791
742	-0.035541494
743	0.279810516
744	0.220820123
745	0.243058746
746	0.73617441
747	0.099338249
748	0.093608413
749	0.223767624
750	0.086363507
751	0.099828327
752	0.13913641
753	-0.200350724
754	0.309234099
755	0.231703682
756	0.311011782
757	0.447688846
758	0.177936617
759	-0.185058387
760	0.288730587
761	0.000756115
762	0.024150247
763	0.394053929
764	0.274713403
765	0.314167792
766	-0.27876297
767	0.141848844
768	0.233014632
769	0.258448635
770	0.244357672
771	0.219442286
772	0.375844434
773	-0.054279613
774	0.116257196
775	-0.181850581
776	-0.138359541
777	0.571477764
778	0.60165296
779	0.256071865
780	0.319131168
781	0.299301638
782	0.29670824
783	0.1135583
784	0.174089367
785	0.2332886
786	0.192867466
787	0.025645767
788	0.142649686
789	0.15700881
790	0.207066293
791	0.162173823
792	0.181635158
793	0.052827093
794	0.141681312
795	0.253479086
796	0.280898537
797	-0.068591291
798	0.571725352
799	0.188663568
800	-0.034385969
801	0.252620691
802	0.224820573
803	0.191137556
804	-0.089906406
805	0.042887439
806	0.342809252
807	0.23089401
808	0.404721332
809	0.19651
810	0.060773378
811	0.171355596
812	0.240693871
813	0.255795751
814	-0.063358317
815	0.276703929
816	0.201782164
817	0.082513548
818	0.544114234
819	0.23999727
820	-0.243930305
821	0.24356819
822	0.356771509
823	0.234273328
824	0.215026606
825	0.279429468
826	0.103496053
827	0.152513124
828	0.321200886
829	0.230790311
830	0.304165539
831	0.206144865
832	-0.027505511
833	0.183875282
834	0.313493674
835	0.457613113
836	-0.090098729
837	0.112721242
838	0.109621947
839	0.299825145
840	0.253734179
841	0.251895479
842	0.149138787
843	0.219418766
844	0.202752724
845	0.278950002
846	0.338393882
847	-0.248709226
848	0.272048436
849	0.239244506
850	0.271700227
851	0.192246296
852	0.060620365
853	0.157310751
854	0.111028155
855	0.105008809
856	0.083064133
857	0.152281021
858	0.255365498
859	0.109239402
860	0.082004843
861	-0.020560699
862	0.274539969
863	0.232745666
864	0.295230588
865	0.085165029
866	-0.107299323
867	0.286701349
868	0.283347689
869	0.160758119
870	0.115438544
871	-0.05392727
872	0.276303371
873	0.015214964
874	0.430241139
875	-0.089404163
876	0.149643916
877	-0.413412592
878	0.18123906
879	0.107478578
880	-0.202571442
881	0.322476653
882	0.257426702
883	0.267533916
884	0.192576958
885	0.001330206
886	0.205260782
887	0.231669107
888	0.344618611
889	-0.11866414
890	0.300387102
891	0.313934757
892	-3.59617949
893	-4.183707742
894	-4.122268322
895	-5.104862872
896	-4.769544481
897	-1.314644594
898	-5.709779755
899	-5.070972017
900	-4.741527586
901	-5.211706583
902	-4.679049155
903	-4.874239132
904	-5.32839907
905	-5.15181362
906	-5.537654057
907	-4.716965007
908	-4.83303231
909	-5.368233918
910	-4.849833797
911	-4.942720569
912	-5.368429215
913	-5.786430944
914	-5.133292723
915	-4.025497404
916	-4.802532672
917	-4.528978994
918	-2.626124413
919	-4.745717167
920	-5.377519878
921	-5.38285328
922	-3.897975358
923	-5.200518225
924	-5.14792685
925	-4.730850502
926	-3.289827622
927	-0.72900877
928	-1.267558811
929	-3.119668675
930	-3.115604951
931	-0.884179086
932	-1.036646556
933	-0.819662222
934	-0.89160495
935	-0.80077989
936	-1.680913691
937	-1.602906495
938	-1.609419583
939	-0.697770311
940	-0.187806502
941	0.105713228
942	0.055388461
943	-0.016405299
944	-3.547540007
945	-3.842942409
946	-4.520519001
947	-2.103447154
948	-0.586444347
949	-2.224103109
950	-1.230694639
951	-1.970154166
952	-0.537839533
953	-3.624166689
954	-3.875543296
955	-4.108092539
956	-4.348669936
957	-3.691955513
958	-1.059793826
959	-4.230843835
960	-5.051764299
961	-5.328980987
962	-5.191426409
963	-5.89624577
964	-4.37221379
965	-2.843243905
966	-2.867759604
967	0.097401763
968	0.351918956
969	0.22941372
970	0.174223716
971	0.365050055
972	0.140383866
973	0.169639515
974	0.244668418
975	0.263252647
976	0.213524245
977	-0.210011417
978	-0.238672153
979	0.215494208
980	0.174737551
981	0.18062178
982	0.257257505
983	-0.270532688
984	0.322813779
985	0.216106978
986	0.06570946
987	0.226088731
988	0.180870209
989	0.301374508
990	0.196463209
991	0.567439899
992	-3.781184474
993	0.129988979
994	0.11773056
995	0.174967389
996	-0.092978026
997	0.043577477
998	0.315407314
999	0.278929526
1000	0.150257693
1001	-0.12850569
1002	0.071281745
1003	0.32042661
1004	0.253108947
1005	0.122196797
1006	0.226681394
1007	0.300369807
1008	0.353667457
1009	-0.065858529
1010	0.105546176
1011	0.382924571
1012	0.11316089
1013	0.164048437
1014	-0.000495692
1015	0.24588222
1016	-0.062927102
1017	0.22505726
1018	0.028804076
1019	0.118581902
1020	0.28480631
1021	0.068728039
1022	0.225234578
1023	0.136691183
1024	0.149935726
1025	0.085208773
1026	0.238087857
1027	0.327913097
1028	-0.194359246
1029	0.24507698
1030	0.275311089
1031	-0.335372896
1032	-0.190930456
1033	0.13416702
1034	0.363130746
1035	0.269465405
1036	0.128186817
1037	0.354917623
1038	0.27142254
1039	0.30194272
1040	0.21026946
1041	0.032426142
1042	0.361996155
1043	0.343568578
1044	0.188448432
1045	0.373661305
1046	-0.019126108
1047	0.231785865
1048	0.179457038
1049	0.282005385
1050	0.371682855
1051	0.190445525
1052	0.073362723
1053	0.158376653
1054	-0.064446525
1055	0.372951875
1056	0.344836217
1057	0.346730933
1058	0.368477159
1059	0.368270047
1060	0.335628803
1061	0.252120558
1062	0.213098526
1063	0.270006803
1064	0.189670527
1065	-0.014863337
1066	0.34672541
1067	0.321348481
1068	0.303865392
1069	-0.437025429
1070	-0.018913402
1071	0.004915096
1072	0.091477991
1073	0.261456692
1074	0.422331345
1075	0.404522488
1076	0.287593706
1077	0.115039448
1078	0.303761411
1079	-4.016733613
1080	-3.708652793
1081	-5.0111062
1082	-5.396559777
1083	-5.140700829
1084	-4.821495617
1085	-5.69524885
1086	-5.285659195
1087	-4.093036353
1088	-5.582084565
1089	-5.649996413
1090	-5.982866001
1091	-6.344689362
1092	-5.803041718
1093	-5.409858495
1094	-5.488161202
1095	-6.424705352
1096	-6.79433632
1097	-5.392610811
1098	-5.871744602
1099	-6.576234572
1100	-7.949647102
1101	-6.552587955
1102	-7.719161766
1103	-6.30487778
1104	-7.270501054
1105	-6.009970343
1106	-5.334613612
1107	-5.563123695
1108	-5.885058158
1109	-5.648619305
1110	-5.616931837
1111	-3.727714943
1112	-0.442887703
1113	0.334073372
1114	0.29828477
1115	-0.380315546
1116	0.231814918
1117	0.108675838
1118	0.276616336
1119	0.382223436
1120	0.218148297
1121	0.187545011
1122	0.468872816
1123	-0.186963566
1124	-0.259250887
1125	0.212564474
1126	0.16329821
1127	0.294112714
1128	0.006134423
1129	0.256902115
1130	0.223093729
1131	0.311721624
1132	0.566119805
1133	0.369577247
1134	0.177580506
1135	0.035439723
1136	0.276020712
1137	0.41253149
1138	0.334368556
1139	0.11987302
1140	-0.13004033
1141	0.109371245
1142	0.264071604
1143	0.328149606
1144	0.308312328
1145	0.334015727
1146	-0.848674301
1147	0.478757046
1148	0.358636664
1149	0.388203733
1150	0.205054081
1151	0.047492108
1152	-1.421654466
1153	0.330492829
1154	0.380150705
1155	0.241297669
1156	0.140896026
1157	0.294318965
1158	0.194022496
1159	0.34001
1160	0.38355985
1161	0.308710661
1162	0.360471574
1163	-0.419561359
1164	0.3016023
1165	-0.082350286
1166	0.038478116
1167	0.29300708
1168	0.30872852
1169	0.03041464
1170	0.064473636
1171	0.326455357
1172	0.353393662
1173	0.305328605
1174	0.095680955
1175	0.287103024
1176	0.150874251
1177	-0.071170575
1178	0.266464227
1179	0.333420348
1180	0.250463039
1181	0.126726364
1182	0.103011796
1183	0.238050934
1184	0.161060859
1185	0.328852618
1186	0.347138317
1187	0.215419706
1188	-0.006918716
1189	0.160322784
1190	0.356269319
1191	0.33553967
1192	0.384620493
1193	0.442226024
1194	0.322413779
1195	0.319682332
1196	0.079791621
1197	0.376500551
1198	0.327125604
1199	0.199064398
1200	-0.050152101
1201	0.253004405
1202	0.332573066
1203	0.237636939
1204	0.46774223
1205	0.422165094
1206	0.355657101
1207	0.272756766
1208	0.332496231
1209	0.426559204
1210	0.291559874
1211	0.157522546
1212	0.317816437
1213	0.131310016
1214	0.411682195
1215	0.462051848
1216	0.368203251
1217	0.049324318
1218	0.249722678
1219	0.394084862
1220	0.250813811
1221	0.108882093
1222	0.225256105
1223	0.004025243
1224	0.365017968
1225	0.173936236
1226	0.217151335
1227	0.561788559
1228	0.270794786
1229	-0.351937415
1230	0.189937658
1231	-0.665370841
1232	0.20737711
1233	0.259335425
1234	0.267801959
1235	0.207527982
1236	-1.983978406
1237	-0.227715039
1238	0.362512656
1239	0.243423628
1240	0.360109726
1241	0.404198178
1242	-0.059507489
1243	-0.837400585
1244	0.26802166
1245	0.340614469
1246	0.264715066
1247	0.229231895
1248	0.318690061
1249	0.077515609
1250	0.207049458
1251	0.253483185
1252	-0.053830234
1253	0.422105485
1254	0.07225799
1255	0.21929718
1256	0.194576756
1257	0.250496544
1258	0.424950806
1259	0.23681139
1260	0.172367217
1261	-0.35144611
1262	0.311849591
1263	0.155585874
1264	-0.599522461
1265	-0.483411932
1266	-1.911770054
1267	-0.24087274
1268	-2.137898075
1269	-1.962241899
1270	0.007971762
1271	-0.320456475
1272	0.105449775
1273	0.402998911
1274	-0.104978392
1275	0.249047924
1276	0.268093352
1277	0.290837637
1278	0.323945991
1279	0.106619101
1280	0.098480617
1281	0.313233467
1282	0.396333728
1283	0.429323182
1284	0.243098517
1285	0.057700875
1286	0.302292374
1287	0.469886071
1288	0.098966923
1289	0.14157547
1290	0.430418286
1291	-0.007450562
1292	0.433150727
1293	0.244001015
1294	0.229985654
1295	0.257892594
1296	0.067333041
1297	0.161318509
1298	0.188821934
1299	-0.322653062
1300	0.420321234
1301	0.243935818
1302	-0.078736809
1303	0.652505635
1304	-0.298399916
1305	0.360095111
1306	0.036158086
1307	0.22498125
1308	0.084003654
1309	0.400915408
1310	0.286572511
1311	0.316791631
1312	0.368792774
1313	0.266138262
1314	0.350326343
1315	-0.247443379
1316	0.146358734
1317	0.523179298
1318	0.143874647
1319	-0.048026465
1320	0.210199036
1321	0.273514339
1322	0.319611639
1323	0.132373837
1324	0.354431469
1325	0.185768528
1326	0.394294115
1327	0.390895562
1328	0.179116246
1329	0.317837008
1330	0.38256464
1331	0.200056021
1332	0.0979178
1333	0.342414776
1334	0.412667205
1335	0.282209297
1336	0.381322904
1337	0.320115169
1338	0.426624715
1339	0.108249053
1340	-0.007317762
1341	0.280215711
1342	-0.4867758
1343	0.277806311
1344	0.433648448
1345	0.277037572
1346	0.56804828
1347	0.431299256
1348	0.256553566
1349	-0.446032371
1350	0.177545048
1351	0.427837648
1352	0.488769815
1353	0.296944163
1354	0.02039824
1355	0.494133682
1356	0.250766055
1357	0.091235443
1358	0.408333999
1359	-0.165383285
1360	0.083014902
1361	0.087000628
1362	-0.161978263
1363	0.406397541
1364	0.347214045
1365	0.015696522
1366	-0.094031324
1367	0.392388765
1368	0.221525604
1369	0.352170828
1370	0.498873811
1371	0.330371135
1372	0.253376758
1373	0.317482432
1374	0.430532683
1375	0.360300513
1376	-0.876048828
1377	-0.036010995
1378	0.280099499
1379	0.206517078
1380	0.29267183
1381	-0.167226949
1382	0.100269658
1383	0.262234644
1384	0.287005637
1385	0.0928366
1386	0.353252213
1387	0.156603425
1388	0.120158742
1389	0.266219609
1390	0.312280378
1391	0.454172529
1392	0.198748193
1393	0.257171997
1394	0.513312417
1395	0.329983103
1396	0.265536027
1397	0.425401051
1398	0.524822924
1399	0.586894632
1400	0.443705591
1401	0.199010996
1402	0.66550174
1403	0.442852544
1404	0.314724514
1405	0.172351669
1406	0.326420393
1407	0.45875681
1408	0.187888933
1409	0.141917868
1410	0.502711127
1411	0.143398831
1412	0.028382765
1413	0.457297528
1414	0.313791141
1415	0.073456853
1416	0.482783244
1417	0.266328441
1418	0.400690707
1419	0.528439356
1420	0.580348066
1421	-0.109767416
1422	0.287139793
1423	0.33296625
1424	-0.259367031
1425	0.100643209
1426	0.435760099
1427	-0.061861898
1428	0.131566146
1429	0.410393309
1430	0.120048911
1431	0.486276778
1432	0.332435689
1433	0.028366898
1434	0.030030445
1435	0.112240266
1436	0.239924473
1437	0.461017998
1438	0.352265857
1439	0.319387454
1440	0.2307111
1441	0.237930145
1442	-0.289275435
1443	0.387143487
1444	0.070499877
1445	0.320772345
1446	0.42917722
1447	-0.128653517
1448	0.501536743
1449	0.038848194
1450	0.181781389
1451	-0.208569582
1452	-0.339089878
1453	-0.031385983
1454	-0.163203138
1455	0.219388968
1456	0.331155563
1457	0.110671794
1458	-0.208026418
1459	0.343223327
1460	0.393390867
1461	-0.117273171
1462	0.401421695
1463	0.170668835
1464	0.514195869
1465	0.374104888
1466	0.379776483
1467	0.402862077
1468	0.341533323
1469	0.427275429
1470	0.283152958
1471	0.073211664
1472	0.284175759
1473	0.151398744
1474	0.336301924
1475	0.282138669
1476	0.424848369
1477	0.139783965
1478	0.309254244
1479	-0.760416045
1480	-3.934906469
1481	-0.262427769
1482	0.333703451
1483	0.451104185
1484	0.213284685
1485	0.364475694
1486	0.49625436
1487	0.002128098
1488	0.371818064
1489	0.056614411
1490	0.279230719
1491	-0.059550217
1492	0.364810997
1493	0.438959038
1494	0.252285275
1495	0.22097114
1496	0.318828943
1497	0.080430497
1498	0.437671165
1499	0.40775898
1500	0.372751967
1501	0.297956972
1502	0.396537565
1503	0.429590267
1504	0.364484402
1505	-0.272309358
1506	0.478499551
1507	0.350206995
1508	0.127961795
1509	0.269912873
1510	0.468657468
1511	0.238303942
1512	0.163440521
1513	0.43501138
1514	0.111145509
1515	0.323107265
1516	0.200569435
1517	0.454243016
1518	-0.01415712
1519	0.207977923
1520	0.266139121
1521	-0.484047061
1522	0.305180927
1523	0.142679545
1524	0.272343977
1525	0.470291633
1526	0.147140756
1527	0.336675216
1528	0.250437812
1529	0.467127896
1530	0.345990153
1531	0.466041403
1532	0.164320917
1533	0.09794238
1534	0.244779484
1535	0.217947348
1536	0.245360914
1537	0.109293521
1538	-0.534296136
1539	0.226152551
1540	0.397645351
1541	0.4126815
1542	0.372307525
1543	0.456994524
1544	0.3487348
1545	0.300643061
1546	-0.128487424
1547	0.304477442
1548	0.190226927
1549	-1.023623973
1550	0.163814701
1551	-1.357754248
1552	-0.127870789
1553	0.086923349
1554	0.40641283
1555	0.405082872
1556	0.167212878
1557	0.468159516
1558	0.026559747
1559	0.271652112
1560	0.083889033
1561	0.320433762
1562	-0.462459123
1563	-0.431077401
1564	-0.026708908
1565	0.111563204
1566	0.127732801
1567	0.254276823
1568	0.389510897
1569	0.294650671
1570	0.164789455
1571	0.371334418
1572	0.12771667
1573	0.069464411
1574	0.348009994
1575	-0.737094711
1576	0.135464533
1577	0.518867293
1578	0.37268493
1579	0.312621032
1580	0.10614806
1581	0.242126518
1582	-0.042491157
1583	0.321515038
1584	0.33956087
1585	0.40530239
1586	0.398307867
1587	0.23115981
1588	0.337758015
1589	0.219528903
1590	0.407475399
1591	0.451558725
1592	0.380492231
1593	0.511335495
1594	-0.300256619
1595	0.242409278
1596	0.408588296
1597	-0.783815391
1598	0.340076309
1599	0.448252079
1600	-0.027236334
1601	0.541144703
1602	0.1174387
1603	0.383247614
1604	0.342127073
1605	0.329554449
1606	-0.023169918
1607	0.469181617
1608	0.269059391
1609	0.249294889
1610	0.373007554
1611	0.382966312
1612	0.413673628
1613	0.336415714
1614	0.050940423
1615	0.190630741
1616	0.389180821
1617	0.192200547
1618	-0.237875623
1619	0.539027982
1620	0.366466283
1621	0.027260874
1622	0.177957172
1623	0.523719991
1624	0.670651428
1625	-0.097342157
1626	0.59378293
1627	0.4287948
1628	0.07339468
1629	0.209095733
1630	0.491638347
1631	0.302384472
1632	0.188737666
1633	0.395934548
1634	0.512336289
1635	0.260168772
1636	0.2882723
1637	0.250015843
1638	0.27301762
1639	0.475761299
1640	0.445750731
1641	0.439782398
1642	0.184896275
1643	0.43422297
1644	0.211207567
1645	0.440267101
1646	0.027081053
1647	0.34946459
1648	0.122987024
1649	0.147605284
1650	0.119444904
1651	-0.014160966
1652	0.255651766
1653	0.497227175
1654	0.172409601
1655	0.364879246
1656	-0.42735782
1657	0.238266539
1658	0.129625448
1659	0.378232643
1660	0.807964872
1661	0.042014746
1662	0.096053502
1663	0.387513921
1664	0.139978202
1665	0.102646579
1666	0.451942363
1667	0.980409114
1668	0.202657657
1669	0.223759953
1670	0.419633657
1671	0.255585242
1672	0.32886325
1673	-1.034752894
1674	0.427735481
1675	-0.147583075
1676	0.490024118
1677	0.492937857
1678	0.409376594
1679	0.346385132
1680	0.490534266
1681	0.522287285
1682	0.485369161
1683	0.412059477
1684	-0.204052595
1685	0.310086578
1686	0.233195368
1687	0.329205502
1688	1.093918269
1689	0.21675592
1690	0.343020186
1691	0.092417883
1692	0.513943285
1693	0.342128688
1694	0.213786503
1695	0.481120469
1696	0.150096862
1697	0.387085222
1698	0.557655384
1699	0.334402979
1700	0.478284149
1701	0.451157899
1702	-0.416367667
1703	0.196520372
1704	0.147916408
1705	0.071126805
1706	0.290646708
1707	0.199679176
1708	-0.623013085
1709	-0.100351488
1710	-0.031264867
1711	0.391601634
1712	0.321265837
1713	0.447689005
1714	0.021462092
1715	-0.000976649
1716	0.1944951
1717	0.220846099
1718	0.531904777
1719	0.109751972
1720	0.190924291
1721	0.267443447
1722	0.198365136
1723	0.391813567
1724	0.092973948
1725	0.481048611
1726	-0.020159106
1727	-0.449893839
1728	0.442563811
1729	-0.664438785
1730	0.407547932
1731	0.91655183
1732	0.3772496
1733	0.214848596
1734	0.357609883
1735	0.32235345
1736	0.087521478
1737	0.473602825
1738	0.151085356
1739	0.357623556
1740	-0.349771072
1741	0.198387177
1742	-4.04400599
1743	-3.796674423
1744	-3.907047655
1745	0.161767827
1746	0.411158171
1747	0.444376026
1748	0.55021594
1749	0.354345299
1750	-0.083034745
1751	0.050814033
1752	0.387207359
1753	0.255005978
1754	0.419529882
1755	0.37236241
1756	0.191930032
1757	0.359583419
1758	0.365164279
1759	-0.568507808
1760	-0.177112972
1761	0.212730412
1762	0.25945565
1763	0.245730385
1764	0.390832603
1765	0.463679924
1766	0.572677812
1767	0.419815999
1768	0.46720367
1769	0.47588855
1770	0.303826268
1771	0.37833676
1772	0.187648103
1773	0.355100554
1774	0.150506704
1775	0.179997282
1776	-0.177099356
1777	0.468825164
1778	0.541652036
1779	0.258058727
1780	0.309596478
1781	0.397019451
1782	-0.400256892
1783	0.306846609
1784	-0.175170821
1785	0.350384306
1786	0.606267406
1787	0.276355014
1788	0.387934096
1789	0.256181952
1790	0.082566055
1791	0.269245333
1792	0.066773882
1793	-0.012121771
1794	0.42333058
1795	0.169781723
1796	0.266106907
1797	0.511411629
1798	0.466930717
1799	0.371986441
1800	0.511034896
1801	0.46485837
1802	0.20682057
1803	0.481994677
1804	0.449886228
1805	0.143732534
1806	0.351319065
1807	0.242293139
1808	0.144641407
1809	0.363733859
1810	0.432359674
1811	0.438276886
1812	0.463754703
1813	0.368609862
1814	0.185787717
1815	0.407583975
1816	0.416631681
1817	0.380376189
1818	0.202016395
1819	0.251561733
1820	0.310683214
1821	0.464500291
1822	-0.073732199
1823	0.394889366
1824	0.472486161
1825	0.482155077
1826	-0.925122441
1827	0.336946773
1828	0.264208255
1829	0.32547757
1830	0.241832768
1831	0.09001153
1832	0.24982131
1833	0.593260849
1834	0.265969705
1835	0.430552104
1836	0.262558338
1837	0.297591651
1838	0.491119495
1839	0.3997144
1840	0.072154428
1841	0.260979198
1842	0.591782072
1843	0.471531138
1844	0.51629499
1845	0.009805035
1846	0.410177322
1847	-0.337374404
1848	-1.897455718
1849	-3.432119649
1850	0.303001402
1851	-1.749046621
1852	-4.032094685
1853	-2.451162666
1854	-3.21546954
1855	-2.826836946
1856	-3.480323634
1857	-3.831538661
1858	-3.907719783
1859	-4.804960277
1860	-3.931799624
1861	-1.710726311
1862	0.205105648
1863	0.596543646
1864	0.643213503
1865	0.653706882
1866	0.702866146
1867	0.641063939
1868	0.570419005
1869	0.768494844
1870	0.79509382
1871	0.792982967
1872	0.783301323
1873	0.703725347
1874	0.553737207
1875	0.196600613
1876	0.643974897
1877	0.480267413
1878	0.32332804
1879	-4.15659803
1880	-4.677012069
1881	-5.679289991
1882	-5.798001946
1883	-5.621902047
1884	-6.017319862
1885	-5.57458377
1886	-4.860211498
1887	-4.264226264
1888	0.463324896
1889	-0.11680555
1890	0.423100022
1891	-0.238809235
1892	0.162132573
1893	0.307518902
1894	0.335188221
1895	0.441233511
1896	0.42374597
1897	0.321993596
1898	0.369995834
1899	-2.57655642
1900	-0.1938733
1901	0.20687006
1902	-0.310389329
1903	0.276245345
1904	0.294236671
1905	0.213868988
1906	0.317481157
1907	0.159307154
1908	0.211330832
1909	0.512701794
1910	-0.100743234
1911	0.401750948
1912	0.462984529
1913	0.377306446
1914	0.324656392
1915	0.436706302
1916	0.259704037
1917	0.483956268
1918	0.414864734
1919	0.057257076
1920	0.549606482
1921	0.142869465
1922	-2.321012553
1923	0.315244918
1924	0.061900597
1925	0.273723526
1926	-0.058834208
1927	0.308983743
1928	0.3821697
1929	-0.128380806
1930	-0.271856343
1931	-0.080837436
1932	0.319327206
1933	0.359124
1934	0.187917249
1935	0.32721597
1936	0.416541191
1937	0.382714459
1938	0.383870611
1939	0.289960971
1940	0.740659111
1941	0.249442983
1942	0.420305356
1943	0.310873075
1944	0.393546472
1945	0.375377006
1946	0.137337016
1947	0.471168471
1948	0.398558655
1949	0.282879546
1950	-0.170497687
1951	0.229076627
1952	0.050612833
1953	0.225177674
1954	0.321120299
1955	0.019338646
1956	0.326590721
1957	0.162255244
1958	0.689863654
1959	0.530037174
1960	0.138209469
1961	0.396631378
1962	0.178846091
1963	0.130866488
1964	0.232836529
1965	0.009920913
1966	0.522486292
1967	0.597925787
1968	0.381485174
1969	0.315115003
1970	0.144571942
1971	-0.219914673
1972	0.354370185
1973	0.274796753
1974	0.307567602
1975	0.365691587
1976	0.154637081
1977	0.156859499
1978	0.641082491
1979	0.302688346
1980	0.180297254
1981	0.201548709
1982	0.331126193
1983	-0.062084408
1984	0.369105113
1985	0.125054659
1986	-0.437382478
1987	-0.194125139
1988	0.443646682
1989	-0.030010777
1990	0.440613711
1991	0.467397027
1992	0.322091594
1993	0.201394514
1994	0.298552735
1995	-5.675124797
1996	-5.476821579
1997	0.233428122
1998	0.213805864
1999	-3.579549997
2000	-4.430083949
2001	-4.618836723
2002	-5.319302367
2003	-4.793963826
2004	-4.771974534
2005	-6.099381058
2006	-5.057188206
2007	-5.943903132
2008	-4.384987674
2009	-4.580754265
2010	-4.65490178
2011	-4.938469985
2012	0.116053022
2013	0.40893959
2014	0.281906465
2015	0.382246265
2016	0.097812411
2017	0.250716618
2018	0.250267302
2019	-0.178972204
2020	0.039930428
2021	0.216635589
2022	0.335742517
2023	0.475798777
2024	0.252165784
2025	-1.095316662
2026	0.162453512
2027	0.3224438
2028	0.060557911
2029	-0.025994311
2030	0.325918077
2031	0.431229258
2032	0.223671356
2033	-4.571490324
2034	-6.212611728
2035	-5.0103161
2036	-4.81172835
2037	-5.440260008
2038	-5.314166486
2039	-3.045381299
2040	0.222651293
2041	0.164502864
2042	0.194838789
2043	0.469383665
2044	-0.710312265
2045	-4.132766987
2046	-0.327148379
2047	0.310854992
2048	0.299539594
2049	0.317473024
2050	0.454961749
2051	0.300469464
2052	0.079774173
2053	-0.21977785
2054	-0.022275451
2055	-0.11174947
2056	0.061179613
2057	0.076837898
2058	0.328705398
2059	0.227857768
2060	0.205210548
2061	0.349868308
2062	0.216652866
2063	0.165696934
2064	0.03866184
2065	0.139776725
2066	0.065649639
2067	0.006381148
2068	-0.237503806
2069	0.010942533
2070	-0.023705318
2071	-0.1928471
2072	0.296815722
2073	0.651673529
2074	-0.57534559
2075	0.266913612
2076	0.1367476
2077	0.197837256
2078	0.206656048
2079	0.465720937
2080	0.273295776
2081	0.107414181
2082	0.245602698
2083	0.223165189
2084	-0.021412305
2085	0.416852569
2086	0.271993915
2087	0.146961639
2088	0.315577969
2089	0.278062597
2090	-0.499664519
2091	0.071022103
2092	0.253670711
2093	-0.007525742
2094	0.164608647
2095	0.245572715
2096	0.29461158
2097	0.248178789
2098	0.344392287
2099	0.324328946
2100	0.227066371
2101	0.368044679
2102	-2.230667466
2103	0.355127369
2104	0.097743581
2105	0.371511094
2106	0.128339249
2107	0.459895699
2108	0.01615265
2109	-0.172346017
2110	0.234632978
2111	-0.069073926
2112	0.221536623
2113	0.254099226
2114	0.339834679
2115	0.338938308
2116	-0.098957492
2117	0.268221898
2118	0.319499413
2119	0.110565965
2120	0.505197075
2121	0.317126271
2122	0.210804332
2123	0.196194154
2124	0.341053974
2125	0.204898379
2126	0.3209624
2127	0.19916632
2128	0.155017118
2129	0.432622862
2130	0.146152923
2131	-0.030604268
2132	0.284655152
2133	0.303848783
2134	0.347750419
2135	0.082064227
2136	0.248637701
2137	0.244743727
2138	0.318150318
2139	0.020730523
2140	0.084383895
2141	0.382227713
2142	0.25273289
2143	0.155945371
2144	-0.132193941
2145	-0.319604104
2146	0.165495369
2147	0.342842246
2148	0.14985871
2149	0.234780462
2150	0.238934018
2151	0.286099526
2152	0.287630918
2153	0.305541519
2154	0.281973983
2155	0.316799432
2156	0.402660491
2157	-0.42505715
2158	0.271273799
2159	0.071185363
2160	0.141908029
2161	0.367100141
2162	-0.332384472
2163	0.316834284
2164	-0.751710653
2165	0.467513354
2166	0.083268096
2167	0.162342598
2168	-0.290846185
2169	-0.505395198
2170	0.020402705
2171	-0.199915513
2172	0.229085968
2173	0.317027665
2174	0.078583612
2175	0.250270963
2176	0.241669856
2177	-0.171739831
2178	0.29587403
2179	-2.827599586
2180	0.220185057
2181	0.119451677
2182	-0.067073434
2183	-1.007227274
2184	0.028271684
2185	0.256988087
2186	-0.036300011
2187	-0.399654322
2188	0.376988981
2189	0.156916826
2190	0.316895059
2191	-0.064091464
2192	0.318030696
2193	0.221657763
2194	0.276837514
2195	-0.061235839
2196	0.148566506
2197	0.055199159
2198	0.109195274
2199	0.064753598
2200	-0.137024161
2201	-0.004415553
2202	-0.037278239
2203	-0.010573388
2204	0.403013197
2205	0.066361831
2206	0.341063269
2207	0.02220318
2208	0.055843766
2209	-0.247884362
2210	0.276294444
2211	0.054038304
2212	0.022556353
2213	0.275117797
2214	-0.365894305
2215	0.329419455
2216	-4.118058313
2217	-3.628017424
2218	-5.236395938
2219	-5.598534443
2220	-6.248886179
2221	-4.612899858
2222	-4.816306927
2223	-3.237597558
2224	-0.086723308
2225	0.111600494
2226	-0.033740861
2227	0.299495762
2228	0.228008029
2229	0.382766058
2230	0.278799741
2231	0.364200495
2232	0.170875573
2233	0.136307294
2234	0.141607457
2235	0.193251822
2236	0.213242282
2237	0.191012261
2238	0.294487592
2239	0.048072589
2240	0.169131143
2241	0.003581451
2242	-0.154752876
2243	0.291819183
2244	-0.047117627
2245	-0.015296603
2246	0.278495949
2247	0.322661784
2248	0.238382461
2249	-0.641062526
2250	0.000570365
2251	0.410521797
2252	0.129453005
2253	0.302293053
2254	-0.307574651
2255	0.313141888
2256	0.222836049
2257	0.170762128
2258	0.26438183
2259	0.011825019
2260	0.234262918
2261	0.110510061
2262	0.017798454
2263	-0.19357167
2264	0.162163217
2265	0.348123615
2266	0.050597181
2267	0.18059852
2268	0.29868526
2269	0.075830414
2270	-0.053464144
2271	-0.054059514
2272	0.229199122
2273	0.157908146
2274	0.400138866
2275	-0.378995786
2276	0.446029369
2277	0.201956554
2278	0.168358183
2279	0.364574829
2280	-0.198369688
2281	-0.080896637
2282	0.181062431
2283	0.273014437
2284	0.240881159
2285	-0.714386582
2286	0.252938649
2287	-3.089391096
2288	-3.824218632
2289	-3.59277832
2290	-3.793052399
2291	-3.04122472
2292	-2.546936217
2293	-2.750349966
2294	-3.130191257
2295	-2.775818366
2296	-3.805526649
2297	-3.70499161
2298	-0.368056177
2299	-0.381601734
2300	0.119699481
2301	-0.263820309
2302	-0.616246235
2303	-0.037242242
2304	0.097197751
2305	-0.088898433
2306	-0.015970583
2307	0.153247187
2308	0.113184228
2309	0.178835513
2310	0.041220752
2311	0.401447789
2312	0.057627343
2313	0.331406242
2314	0.130319784
2315	0.236176604
2316	0.180300722
2317	-0.921361052
2318	0.271943595
2319	0.23944273
2320	0.100304022
2321	0.26031995
2322	-0.041891048
2323	-0.00798426
2324	-0.317131035
2325	0.141441354
2326	0.010044125
2327	0.212712945
2328	-0.259936245
2329	0.120719352
2330	0.0046479
2331	0.377226039
2332	0.309923187
2333	0.076634957
2334	0.130008634
2335	0.524475383
2336	0.292904947
2337	0.149302938
2338	0.341192612
2339	0.190254092
2340	0.24717343
2341	0.138669504
2342	0.26865365
2343	0.269986955
2344	0.174745641
2345	0.29156659
2346	-0.251785202
2347	0.135885047
2348	0.346798708
2349	0.007654435
2350	-0.572248811
2351	0.635049281
2352	0.342047655
2353	0.276091584
2354	0.257247486
2355	-0.001360455
2356	0.260340366
2357	0.144751237
2358	0.443912787
2359	0.17257537
2360	0.192502653
2361	0.283979002
2362	0.173238155
2363	0.214321619
2364	0.014905881
2365	0.251846219
2366	-0.051709476
2367	0.112368968
2368	0.374244776
2369	0.227743067
2370	0.141194308
2371	0.049597307
2372	0.199914269
2373	0.219617976
2374	0.133721595
2375	0.048076877
2376	-0.225508231
2377	0.121695062
2378	0.457085925
2379	-3.714343135
2380	-1.609655343
2381	1.112413795
2382	0.250847269
2383	0.136543324
2384	0.158046154
2385	0.217352585
2386	0.131521808
2387	0.108559874
2388	0.251917177
2389	0.242932374
2390	0.373964985
2391	0.271712118
2392	-0.187214924
2393	0.314149813
2394	0.319360909
2395	0.108693665
2396	0.018852404
2397	0.230747367
2398	0.273837455
2399	0.321334513
2400	-0.014952056
2401	0.173766808
2402	0.197241059
2403	0.148554239
2404	0.123983105
2405	0.107064265
2406	-0.411879274
2407	0.218935042
2408	0.192097386
2409	0.291519713
2410	-0.097433151
2411	0.041574826
2412	0.292810137
2413	0.104440598
2414	0.107006642
2415	0.235905024
2416	-0.038500503
2417	0.258575636
2418	0.143341174
2419	0.129724314
2420	0.055421658
2421	0.243019075
2422	0.147078837
2423	-0.332912868
2424	-0.018364824
2425	0.059247218
2426	0.28688029
2427	0.106504695
2428	0.115084045
2429	0.266398774
2430	-0.074703996
2431	0.103930027
2432	0.26812644
2433	0.148790958
2434	0.244626145
2435	0.287155829
2436	-0.170196985
2437	0.261422752
2438	0.203813384
2439	0.165940944
2440	0.346829516
2441	0.154867104
2442	-0.006376673
2443	0.166273204
2444	-0.161649307
2445	0.163102964
2446	0.228299787
2447	0.258575755
2448	-0.086861089
2449	0.12955666
2450	-0.063011625
2451	0.139358427
2452	-0.228409702
2453	0.192818437
2454	0.349867158
2455	0.204673994
2456	0.226572998
2457	-0.175463109
2458	0.299863224
2459	-0.012415051
2460	0.194622661
2461	-0.317474296
2462	0.256275063
2463	0.173058665
2464	0.124325633
2465	0.309400157
2466	0.329153619
2467	0.004340893
2468	0.142342188
2469	0.402886699
2470	-0.184555332
2471	-0.075415221
2472	0.113837619
2473	0.052982398
2474	0.190916635
2475	0.205632843
2476	0.061274537
2477	0.169343512
2478	0.168825678
2479	-0.018868555
2480	0.16249121
2481	-0.116843885
2482	0.021393
2483	0.082562594
2484	0.136067338
2485	0.277920316
2486	0.254581665
2487	0.141836409
2488	0.172289784
2489	0.083316501
2490	0.170270045
2491	0.238069535
2492	0.30891491
2493	0.071088236
2494	0.393414575
2495	0.188598442
2496	0.167187637
2497	0.100247809
2498	0.279700595
2499	0.151134758
2500	0.240993203
2501	0.253537816
2502	0.088740405
2503	-0.144174886
2504	0.018193337
2505	0.24679538
2506	0.162880168
2507	0.023704237
2508	0.175975275
2509	-2.07461763
2510	-2.391467093
2511	-3.066369081
2512	-3.870078878
2513	0.247065155
2514	0.277812527
2515	0.209830825
2516	0.020402128
2517	0.093257055
2518	0.187458682
2519	0.048600161
2520	-3.857656905
2521	-4.097088367
2522	-0.167026724
2523	-0.387212256
2524	0.292624254
2525	-0.482215596
2526	0.024275684
2527	0.054666975
2528	0.104471633
2529	0.436747259
2530	0.286185831
2531	0.181710048
2532	0.307654679
2533	0.357124887
2534	-0.61650658
2535	0.283622418
2536	0.237775309
2537	0.058795207
2538	0.251514871
2539	-0.565170063
2540	-0.032755851
2541	0.26731408
2542	0.312226691
2543	-0.03770086
2544	-0.064575447
2545	0.21529033
2546	0.271927301
2547	0.135423599
2548	0.22604245
2549	0.205402346
2550	-0.3332037
2551	0.312898463
2552	0.091980718
2553	0.226102461
2554	-0.002265213
2555	0.138037167
2556	-0.162796324
2557	-0.06793397
2558	0.396101366
2559	0.161422137
2560	0.070623375
2561	0.288251555
2562	0.172091135
2563	0.343472213
2564	-0.102486566
2565	-0.019131649
2566	0.032988985
2567	0.004437807
2568	0.288932142
2569	-0.119547218
2570	0.168684544
2571	0.170367206
2572	0.267336356
2573	-0.022085185
2574	0.195731638
2575	0.367063174
2576	0.248955279
2577	0.030444528
2578	-0.217897618
2579	0.112920351
2580	0.226459028
2581	0.201489376
2582	0.192991149
2583	0.284891746
2584	0.220664285
2585	0.04854724
2586	0.122741201
2587	0.140173856
2588	0.024450408
2589	0.205726521
2590	0.16160986
2591	-0.072089393
2592	-0.750052321
2593	-0.12921563
2594	-0.78588062
2595	0.312508597
2596	0.282513775
2597	-2.015757343
2598	0.029873843
2599	0.260351568
2600	0.189544113
2601	0.174031348
2602	0.253654633
2603	0.280440439
2604	0.358918778
2605	0.35357271
2606	0.16316889
2607	0.116441622
2608	-0.227342061
2609	-0.040590507
2610	0.230704692
2611	0.040152985
2612	-0.282891403
2613	0.339989089
2614	0.036849609
2615	0.253514049
2616	0.068501587
2617	0.076596744
2618	0.252028522
2619	0.192366329
2620	0.262446372
2621	0.198484256
2622	0.481854107
2623	0.213903914
2624	0.305258624
2625	0.425118427
2626	0.243875499
2627	0.118197193
2628	0.141955281
2629	0.145819491
2630	0.149538332
2631	0.230938097
2632	0.086437131
2633	0.105609619
2634	0.283358697
2635	0.182530766
2636	-0.439819354
2637	-0.013261858
2638	0.079513451
2639	0.067396992
2640	0.002293563
2641	0.069105018
2642	0.34381293
2643	0.170563193
2644	0.461172888
2645	0.240006031
2646	0.230037607
2647	0.283753771
2648	0.144432385
2649	0.032660864
2650	0.272189603
2651	0.164714869
2652	0.242601303
2653	-0.491152522
2654	-0.025478464
2655	0.109219504
2656	-0.180672712
2657	-0.869395412
2658	-0.271201569
2659	-0.107450959
2660	0.167116589
2661	0.11107648
2662	0.164523918
2663	0.205552106
2664	0.173515404
2665	-0.141140014
2666	0.191342491
2667	0.23756783
2668	0.400773357
2669	0.281526407
2670	0.271552524
2671	-0.329113947
2672	0.142476423
2673	0.27259354
2674	-0.863706117
2675	-0.053244695
2676	0.247826107
2677	0.106137531
2678	0.194808385
2679	-0.088625584
2680	0.19547993
2681	0.29105273
2682	0.189862649
2683	-0.429683561
2684	-0.184353598
2685	0.098908386
2686	0.234649725
2687	0.050099953
2688	0.384719737
2689	0.096454578
2690	0.238336033
2691	0.189217527
2692	0.144459749
2693	0.008559244
2694	0.396522082
2695	0.219393882
2696	0.085834366
2697	0.224940501
2698	0.109046735
2699	0.078186007
2700	0.409418646
2701	0.217014763
2702	0.247469549
2703	0.207774239
2704	0.26729498
2705	0.372914107
2706	0.080985034
2707	0.075419131
2708	0.263538359
2709	-0.312724068
2710	0.234655044
2711	0.287857865
2712	0.416994917
2713	0.227622981
2714	0.073554003
2715	0.181209452
2716	0.264923181
2717	0.215181765
2718	-0.24011198
2719	0.034759276
2720	0.320544667
2721	0.116762341
2722	0.159631013
2723	0.386915644
2724	-0.009698696
2725	-0.070139505
2726	0.314747501
2727	-0.032967799
2728	0.480316775
2729	0.1631436
2730	-0.062725267
2731	0.08421615
2732	0.250878862
2733	0.278234443
2734	0.257279161
2735	0.200114583
2736	0.227174595
2737	0.187117473
2738	0.18610222
2739	0.107673129
2740	0.185319854
2741	0.051061803
2742	0.18969483
2743	-4.922820812
2744	-3.394932701
2745	0.121815772
2746	0.215713915
2747	0.141570869
2748	0.091003502
2749	0.204340206
2750	0.448402123
2751	0.33057365
2752	0.049523201
2753	0.376079262
2754	0.161340208
2755	-0.05364934
2756	-0.150294247
2757	0.078281682
2758	-1.244973533
2759	0.191858839
2760	0.176381491
2761	0.01650536
2762	0.207909229
2763	0.013056816
2764	0.150604246
2765	0.345400456
2766	0.226037208
2767	0.183982913
2768	-0.245141769
2769	-0.350144227
2770	-0.160356774
2771	-0.001998937
2772	0.055883695
2773	0.075537848
2774	0.025890587
2775	-0.077942988
2776	-0.054071109
2777	0.087736871
2778	0.042706193
2779	-3.891993377
2780	0.278679323
2781	-0.148373294
2782	-1.229642239
2783	-2.962033533
2784	0.034478859
2785	0.196745397
2786	0.293936831
2787	0.00589698
2788	0.049536368
2789	0.487416452
2790	0.015443478
2791	0.175034542
2792	0.130608202
2793	0.116743157
2794	-0.007642435
2795	0.109229009
2796	0.0350089
2797	0.355500166
2798	-0.125689572
2799	-0.076793865
2800	0.223830514
2801	0.333852919
2802	0.215040963
2803	0.251319987
2804	-0.192213144
2805	0.318309346
2806	0.298082115
2807	0.109621046
2808	0.255384566
2809	0.090388382
2810	0.156791268
2811	0.123754125
2812	-0.296724704
2813	-0.066343355
2814	0.152910115
2815	0.217802741
2816	0.126738975
2817	0.095316142
2818	0.189278751
2819	0.276743063
2820	0.094279371
2821	0.050656594
2822	0.076044351
2823	0.051108961
2824	0.098536278
2825	0.146161705
2826	0.149454829
2827	0.219854413
2828	-0.167712415
2829	-0.14215416
2830	0.091889851
2831	-0.055011671
2832	0.140131698
2833	0.139867959
2834	-0.271520476
2835	-0.284113997
2836	-0.045917485
2837	0.130058674
2838	-0.047902945
2839	0.062932899
2840	-0.43392456
2841	0.067103168
2842	0.246582079
2843	0.213458437
2844	0.116637057
2845	0.318650694
2846	0.065844073
2847	0.00807977
2848	0.259585071
2849	0.21414848
2850	0.181216727
2851	0.225170831
2852	0.175355112
2853	0.17345771
2854	0.171715563
2855	-0.519292605
2856	0.455950526
2857	0.107483875
2858	-0.028180756
2859	-0.090485868
2860	0.080532886
2861	0.183410724
2862	0.043718323
2863	0.058089745
2864	0.118762314
2865	0.249467567
2866	0.054001934
2867	0.244561749
2868	0.207062636
2869	0.147890462
2870	0.012287711
2871	0.206174971
2872	0.042727606
2873	0.109377775
2874	0.10226994
2875	0.322325687
2876	0.192794004
2877	-0.016650444
2878	0.151642699
2879	-4.738697295
2880	-5.747165652
2881	-5.494033329
2882	-4.577140828
2883	-3.957934122
2884	-0.987732016
2885	-3.553550817
2886	-4.349673248
2887	-4.931238364
2888	-3.905062994
2889	-0.569784351
2890	-0.861896943
2891	-1.322536246
2892	-2.438046575
2893	-4.125068507
2894	-2.121437002
2895	-4.601801825
2896	-3.654183474
2897	-3.840441326
2898	-0.059187137
2899	0.049961752
2900	-0.334588411
2901	-0.707844945
2902	-0.716845189
2903	-1.686201554
2904	-1.084130271
2905	-0.889876918
2906	-0.87137201
2907	-0.926398617
2908	-1.177112207
2909	-3.618486726
2910	-1.384692762
2911	-3.481665255
2912	-4.999072411
2913	-5.721905329
2914	-5.147057446
2915	-5.282638089
2916	-5.350553545
2917	-4.561413094
2918	-5.438747681
2919	-5.001631985
2920	-4.121218167
2921	-4.163947141
2922	-5.174063823
2923	-5.714653333
2924	-4.701108437
2925	-4.875066124
2926	-3.860708841
2927	-4.870309999
2928	-5.145906873
2929	-4.98009158
2930	-5.072497925
2931	-4.467154451
2932	-0.043047207
2933	0.092850455
2934	0.090739406
2935	-0.105405697
2936	0.224795281
2937	0.077099639
2938	0.122616734
2939	-0.073279098
2940	0.076135283
2941	0.181346269
2942	-0.022003123
2943	-0.086480021
2944	0.130432053
2945	0.239666217
2946	-0.247823403
2947	0.006335144
2948	0.020938663
2949	0.187359664
2950	0.198589918
2951	0.264077666
2952	0.10190596
2953	0.215947084
2954	-0.003183301
2955	0.250983142
2956	0.118295896
2957	-0.078100269
2958	0.220907638
2959	-0.482949188
2960	0.173962572
2961	0.1560741
2962	0.111873652
2963	-0.102494793
2964	-0.131417786
2965	0.045345776
2966	0.186928314
2967	0.129683973
2968	0.048486187
2969	0.056716923
2970	-0.123457196
2971	0.051507939
2972	-0.075006587
2973	-0.00105863
2974	0.173891185
2975	0.111801401
2976	-0.007098022
2977	0.088538313
2978	0.225125834
2979	0.398091557
2980	0.181789855
2981	0.214270969
2982	0.173263794
2983	-0.023104027
2984	0.215754954
2985	0.303444726
2986	-0.076734767
2987	0.149509343
2988	0.233556812
2989	0.190681291
2990	0.119233366
2991	0.061314258
2992	0.404010614
2993	0.028309738
2994	0.184637883
2995	0.185500335
2996	0.030505543
2997	0.227678101
2998	0.281469474
2999	0.105690992
3000	0.179044381
3001	0.203819116
3002	-0.169153595
3003	0.012148014
3004	-0.199535689
3005	-0.857489406
3006	0.132157932
3007	-0.181822161
3008	0.199991003
3009	0.12171153
3010	0.239350534
3011	0.191296807
3012	0.421494825
3013	0.051985326
3014	-0.085853028
3015	0.332239227
3016	0.194286586
3017	0.264319866
3018	0.310136959
3019	-0.001061207
3020	-0.03998882
3021	-0.122080119
3022	0.055629014
3023	-0.011045075
3024	-1.588070481
3025	0.222551168
3026	-0.048680939
3027	-0.646968391
3028	0.147806072
3029	0.072246013
3030	0.143352649
3031	0.211895433
3032	0.391121309
3033	-0.569336472
3034	0.238685845
3035	-0.390180192
3036	0.183655409
3037	-0.141541502
3038	0.239549801
3039	-0.144094457
3040	0.093238248
3041	0.156508439
3042	0.078812532
3043	0.054757426
3044	0.204732347
3045	0.216981239
3046	0.178010275
3047	0.210629762
3048	0.128925301
3049	0.043962803
3050	0.163679044
3051	0.077741564
3052	0.126901345
3053	0.311166673
3054	0.115984271
3055	0.129444023
3056	-0.127903021
3057	0.22900994
3058	0.376615339
3059	-0.816738175
3060	-1.014413759
3061	-0.20731432
3062	-0.750115164
3063	0.232521092
3064	-0.188366421
3065	0.185297423
3066	-0.124160704
3067	0.4302113
3068	0.15284127
3069	0.199249265
3070	-0.152162336
3071	0.124882019
3072	-0.008417701
3073	0.138498995
3074	0.120236334
3075	-0.300700374
3076	-4.253685102
3077	-0.265351433
3078	0.076566803
3079	0.176764338
3080	0.098869138
3081	0.181682539
3082	-0.285707513
3083	-0.042882987
3084	-0.082290629
3085	0.150819088
3086	-0.381641867
3087	-0.397974276
3088	0.161335427
3089	0.003811215
3090	0.008026981
3091	-0.081377504
3092	-0.10473045
3093	-0.045119651
3094	-0.371909618
3095	-0.085535461
3096	0.161470945
3097	0.358950906
3098	-0.052675468
3099	-0.053202844
3100	0.317585607
3101	-2.225955445
3102	0.329358992
3103	0.102367242
3104	0.212649703
3105	0.111710267
3106	0.126966692
3107	0.196749407
3108	0.107333348
3109	0.123123579
3110	0.10713855
3111	0.096352065
3112	-0.269026257
3113	-0.491644561
3114	-0.086238008
3115	0.066215624
3116	0.069744798
3117	-5.503455694
3118	-5.448089669
3119	-4.883949235
3120	0.143250275
3121	-0.260068082
3122	-2.600508173
3123	-1.415548751
3124	-3.357832436
3125	-5.842828173
3126	-6.500915387
3127	-6.027588046
3128	-6.041317605
3129	-5.100081319
3130	-5.806863515
3131	-4.741838797
3132	0.009336159
3133	-0.007579154
3134	-0.531370904
3135	-0.521836397
3136	0.080480761
3137	-0.647017236
3138	-0.188777933
3139	-1.940075859
3140	-1.585555007
3141	0.034837206
3142	0.082124044
3143	-0.026273284
3144	0.256478819
3145	-0.020576648
3146	-0.107388719
3147	-0.8597911
3148	-0.018634453
3149	-0.42942601
3150	0.299513071
3151	-0.071701784
3152	0.118161151
3153	0.083219483
3154	0.059119084
3155	-0.074080041
3156	0.157691711
3157	0.218080267
3158	0.10534896
3159	0.22081467
3160	-0.449930403
3161	0.187079094
3162	-0.043763987
3163	-0.230018594
3164	-0.024604287
3165	-0.035185691
3166	0.084147773
3167	-0.105670782
3168	-0.012782369
3169	0.097333243
3170	0.243780606
3171	-1.064303325
3172	-0.211997634
3173	0.362667278
3174	-0.009634456
3175	0.143029938
3176	-0.422169059
3177	-0.219579798
3178	0.045650286
3179	0.053626235
3180	0.206458134
3181	0.0274816
3182	0.1568565
3183	0.300279437
3184	0.175629233
3185	0.251167709
3186	0.076932419
3187	0.2597406
3188	0.188837506
3189	-0.02830075
3190	-0.026167403
3191	-0.105706543
3192	0.034405688
3193	-0.038868767
3194	-0.025958964
3195	0.437027161
3196	0.119402232
3197	0.256004256
3198	-0.196249046
3199	-0.972118156
3200	0.029224979
3201	-0.04086859
3202	-0.025995641
3203	0.018996775
3204	0.241544596
3205	0.201818678
3206	-0.054035595
3207	0.090166468
3208	0.00970779
3209	0.229090265
3210	0.137727812
3211	0.117684492
3212	-0.054363157
3213	-0.020061033
3214	-0.20549144
3215	-0.413207254
3216	-0.000825819
3217	0.304471585
3218	-0.145848981
3219	-0.489312205
3220	0.13029501
3221	0.028522913
3222	0.078089157
3223	0.189415285
3224	0.164797457
3225	-0.063135079
3226	0.176411889
3227	0.192236471
3228	0.097822172
3229	0.203296774
3230	0.125581493
3231	-5.185519671
3232	-0.115516605
3233	-0.095194116
3234	0.188312408
3235	-0.029316234
3236	0.15525031
3237	-0.196328385
3238	0.085658196
3239	0.127572777
3240	0.043146087
3241	0.103698538
3242	-0.251204394
3243	0.25040335
3244	0.069150021
3245	-0.002726141
3246	0.09875589
3247	0.09568328
3248	0.121258124
3249	-0.096062906
3250	-0.194708207
3251	-0.015317626
3252	-0.244479358
3253	0.141542916
3254	0.11018773
3255	0.038962026
3256	0.286218525
3257	-0.053067683
3258	0.015300934
3259	0.208629584
3260	0.019495035
3261	0.142506417
3262	-0.269887813
3263	0.033721542
3264	-0.059971694
3265	0.144718414
3266	-0.099583413
3267	-0.08481264
3268	0.027712211
3269	0.128223665
3270	0.060538561
3271	0.087063198
3272	0.078436796
3273	0.052441989
3274	0.069212592
3275	0.110803211
3276	0.078029527
3277	-0.257396545
3278	-0.088753429
3279	0.029960915
3280	-0.221359938
3281	-0.080027006
3282	-0.564637116
3283	-0.266382396
3284	0.020173986
3285	0.03750364
3286	0.132310558
3287	0.207056022
3288	-0.034074755
3289	0.092938882
3290	-0.022598179
3291	-0.00993268
3292	0.051091951
3293	-0.021791399
3294	-0.041842328
3295	-0.010221466
3296	0.019762173
3297	0.113732121
3298	-0.02208552
3299	0.154235457
3300	0.065276821
3301	0.077720326
3302	-0.002762945
3303	0.075195919
3304	0.273435817
3305	-0.149920725
3306	0.044835503
3307	0.148191969
3308	-1.656306493
3309	-0.378148716
3310	-4.701669835
3311	-6.505275303
3312	-5.953834898
3313	-5.23543543
3314	-5.785570544
3315	-4.687593427
3316	-6.458499432
3317	-5.308692875
3318	-5.935087073
3319	-6.193000785
3320	-5.253212744
3321	-4.936680597
3322	-4.788504597
3323	-4.259525529
3324	-5.197804719
3325	-6.527717916
3326	-5.261873661
3327	-5.449239558
3328	-5.16397825
3329	-4.233105988
3330	-4.986796506
3331	-5.533526864
3332	-4.574915686
3333	-3.482734656
3334	0.399115545
3335	0.04329958
3336	0.0858453
3337	-0.00493173
3338	0.007485305
3339	0.027808781
3340	-0.119860402
3341	0.1296293
3342	-0.217953901
3343	0.153188174
3344	-0.087484039
3345	0.029784873
3346	-0.25484671
3347	-0.039347373
3348	0.125726254
3349	0.00765137
3350	-0.048665691
3351	-0.16946341
3352	0.084576381
3353	0.096693062
3354	0.023302344
3355	-4.591157232
3356	-6.424687351
3357	-6.233818908
3358	-4.46142168
3359	-5.542087664
3360	-6.371099143
3361	-5.30333962
3362	-7.860766913
3363	-6.615889991
3364	-5.632183693
3365	-5.643544216
3366	-4.44535245
3367	-4.69544142
3368	-0.690112443
3369	-3.049850205
3370	-3.980538732
3371	-2.24032863
3372	-1.773092313
3373	0.170806122
3374	0.026852017
3375	0.001624119
3376	0.061091128
3377	0.05346373
3378	-0.0982703
3379	-0.039576689
3380	-0.201229236
3381	-0.278164902
3382	-0.035725241
3383	0.086271765
3384	-0.08932052
3385	-0.088294441
3386	0.041524908
3387	0.101721229
3388	-0.059564359
3389	0.089757518
3390	0.153966951
3391	0.10150389
3392	-0.170275178
3393	-0.051673081
3394	0.132503742
3395	0.038164401
3396	0.014872621
3397	-0.720605293
3398	0.126202101
3399	0.109783248
3400	0.147956434
3401	0.139539887
3402	0.003559167
3403	-0.010259649
3404	-0.250354997
3405	-0.308020945
3406	0.000119196
3407	-0.191817235
3408	0.064751759
3409	0.055824954
3410	0.319321761
3411	0.040933999
3412	-0.097417822
3413	0.171505606
3414	0.073870907
3415	-0.319760789
3416	-0.016448018
3417	-0.118230676
3418	0.143793611
3419	-0.112528196
3420	0.083681066
3421	-0.015672318
3422	-0.416953377
3423	0.018862029
3424	-0.036559581
3425	-0.97687431
3426	-0.06819115
3427	0.147779734
3428	0.114010529
3429	-0.37613843
3430	-0.083675136
3431	-0.138628484
3432	0.054568628
3433	0.01361179
3434	-4.353591803
3435	-0.153833608
3436	0.013083152
3437	0.054586131
3438	0.088038898
3439	0.049684738
3440	0.009081113
3441	-0.148590945
3442	-0.188356092
3443	0.044523019
3444	-0.21822053
3445	0.081360383
3446	-0.340954445
3447	-0.529688461
3448	-0.156415288
3449	-0.234332622
3450	-0.280966992
3451	0.075588786
3452	-0.026247005
3453	0.114849572
3454	0.132051614
3455	-0.235998962
3456	0.1378492
3457	0.068620701
3458	-0.131194884
3459	0.060140718
3460	0.044125836
3461	-0.15588411
3462	-0.05308572
3463	0.12158553
3464	0.122327278
3465	-0.036844578
3466	-0.290396828
3467	-0.414574402
3468	-0.109662727
3469	0.019281532
3470	-0.124534369
3471	-0.112361213
3472	-0.163206707
3473	-0.580073865
3474	-0.203914812
3475	0.145976946
3476	-0.060253398
3477	0.077640076
3478	-0.138188804
3479	0.137196151
3480	0.001310405
3481	0.090766217
3482	-0.130427001
3483	-0.012831524
3484	-0.468608618
3485	0.118537068
3486	-0.294336291
3487	-0.359720046
3488	-0.084941577
3489	-0.56542735
3490	-0.103288216
3491	-0.184492133
3492	-0.01765741
3493	-0.21303149
3494	0.068035482
3495	-0.063957514
3496	0.003370282
3497	-0.045841454
3498	-0.032899022
3499	-0.007159084
3500	-0.038171873
3501	0.090824759
3502	-0.049170246
3503	-0.291632028
3504	-0.241789883
3505	-0.509153392
3506	-0.185037125
3507	0.121764742
3508	0.013193176
3509	-0.065276394
3510	0.002157129
3511	0.101601257
3512	-0.209956924
3513	0.001125528
3514	-0.025326495
3515	0.209226175
3516	-0.039626186
3517	0.065894758
3518	-0.306567147
3519	-0.046841476
3520	-0.00954807
3521	-0.407143474
3522	-0.508592272
3523	-0.009833678
3524	-0.003152013
3525	-0.134431419
3526	-0.029160663
3527	-0.097994926
3528	-0.03410073
3529	-0.33228341
3530	-0.294307737
3531	0.044821397
3532	-0.328817434
3533	-0.001448897
3534	0.119555095
3535	-0.198096811
3536	-0.086746552
3537	-0.104421527
3538	-0.19554278
3539	-0.218949689
3540	-0.059291038
3541	-0.045241267
3542	-0.448101072
3543	-0.057694707
3544	-0.357633579
3545	-0.011287245
3546	-0.447128585
3547	-0.184892129
3548	-0.029831032
3549	-0.103628109
3550	-0.093495143
3551	-0.177531791
3552	-0.386405117
3553	-0.021890123
3554	0.086013817
3555	0.043499424
3556	-0.414552343
3557	-0.458433238
3558	-0.177623246
3559	-0.11732337
3560	-0.181746368
3561	-0.102751189
3562	-0.067093838
3563	0.086520678
3564	0.01325176
3565	-0.10222017
3566	-0.032418805
3567	-0.128148988
3568	-0.008455743
3569	-0.17086758
3570	0.042915647
3571	-0.196759895
3572	-0.22337553
3573	-0.191691641
3574	-0.377752313
3575	-0.148636058
3576	-0.041532849
3577	-0.346505855
3578	-0.19918875
3579	-0.531093223
3580	-0.334470331
3581	-0.035156352
3582	-0.125315312
3583	-0.104558946
3584	-0.048692138
3585	-0.076748347
3586	-0.004340762
3587	-0.224970706
3588	-0.097362811
3589	-0.088214451
3590	-0.046436838
3591	-0.339473194
3592	-0.368326106
3593	0.063276734
3594	-0.217607416
3595	-0.316222408
3596	-0.096085689
3597	-0.44475884
3598	-0.097423331
3599	-0.278573131
3600	-0.224561806
3601	-0.112914575
3602	-5.283822738
3603	-0.070259102
3604	-0.057530551
3605	-0.01913179
3606	-0.199717245
3607	-0.087606372
3608	0.042630096
3609	-3.758104466
3610	-5.080691499
3611	-5.207019456
3612	-0.241448081
3613	-0.174492854
3614	-0.120949479
3615	-1.120797226
3616	-0.453972754
3617	-0.09293452
3618	-0.073436118
3619	-0.265800646
3620	0.026585321
3621	-0.045068994
3622	-0.24211041
3623	-0.340208266
3624	-0.857642529
3625	-0.382569489
3626	-0.045085054
3627	-0.205327347
3628	-0.114246337
3629	-0.02436825
3630	-0.630808621
3631	-0.268766436
3632	-0.263493396
3633	-0.191418343
3634	-0.113474233
3635	-0.112107873
3636	-0.214402445
3637	-0.179512171
3638	-0.086174511
3639	-0.773164012
3640	-0.203853605
3641	-0.063865165
3642	-0.318073955
3643	0.100716482
3644	-0.362730792
3645	-0.022515428
3646	-0.156520232
3647	-0.093736827
3648	-0.152033836
3649	-0.213542989
3650	-0.419853611
3651	-0.292094003
3652	-0.215874799
3653	-0.124324784
3654	-0.130284244
3655	-0.087675778
3656	-0.350214305
3657	0.039000761
3658	0.323964484
3659	-0.246823514
3660	-0.207070613
3661	-5.27445062
3662	-5.91408328
3663	-6.208542361
3664	-6.105285713
3665	-4.072329381
3666	-5.78506195
3667	-5.546175749
3668	-4.865688323
3669	-5.320333836
3670	-5.585215415
3671	-5.390605778
3672	-0.113633722
3673	-0.228709349
3674	6.418025396
3675	5.187134676
3676	4.832202912
3677	3.113258356
3678	1.468970971
3679	4.685837534
3680	0.177478763
3681	3.451407246
3682	4.746150824
3683	5.319729666
3684	5.697929337
3685	3.417712987
3686	2.250940079
3687	5.233086587
3688	5.315909718
3689	5.09029311
3690	4.140864087
3691	2.096377979
3692	4.400396644
3693	5.25674364
3694	5.005209499
3695	-0.031056885
3696	0.456521914
3697	5.768614895
3698	4.896381324
3699	4.42987822
3700	4.73715094
3701	1.802254151
3702	0.307148245
3703	6.245627713
3704	4.987889777
3705	4.378601798
3706	3.166464878
3707	0.246874837
3708	3.716669252
3709	4.215187429
3710	1.57457436
3711	0.349956603
3712	5.05095889
3713	4.870116318
3714	3.8083206
3715	3.409894571
3716	-0.150383879
3717	0.790697969
3718	3.80995277
3719	0.325169689
3720	0.246436581
3721	1.309160482
3722	0.23523545
3723	4.096950834
3724	0.330412421
3725	2.53285518
3726	0.174287796
3727	-0.294985833
3728	5.360557705
3729	5.693217038
3730	5.431116584
3731	0.356012406
3732	0.776376181
3733	0.323956389
3734	-0.058666163
3735	0.096271269
3736	3.495175669
3737	4.458077486
3738	4.295744842
3739	4.127997976
3740	4.607813748
3741	5.029158444
3742	5.6779742
3743	4.979848165
3744	4.390098052
3745	3.330248931
3746	4.49357992
3747	0.703297741
3748	4.006125289
3749	4.990783663
3750	4.106384357
3751	1.681725353
3752	0.39657814
3753	2.362915388
3754	5.882884661
3755	4.997859031
3756	0.374668833
3757	4.799417459
3758	5.473934468
3759	0.493885378
3760	3.334203002
3761	0.341635062
3762	0.405500418
3763	2.255591364
3764	0.511953594
3765	0.309822383
3766	0.266988551
3767	4.838610951
3768	0.455518137
3769	5.876574307
3770	5.219915128
3771	3.963627243
3772	4.81947961
3773	5.491447219
3774	5.548857624
3775	3.166891827
3776	2.69866583
3777	0.310094492
3778	2.317492977
3779	4.667858501
3780	3.732994493
3781	2.610065915
3782	0.251583715
3783	4.626642481
3784	5.054332386
3785	4.95914029
3786	-0.228230966
3787	0.128574702
3788	0.113353668
3789	0.124726326
3790	0.357258856
3791	1.467223738
3792	3.223787043
3793	5.042315856
3794	4.88823914
3795	4.101474338
3796	2.959917375
3797	3.4714941
3798	5.22033732
3799	0.201526973
3800	2.342290177
3801	4.756433064
3802	-0.444068547
3803	0.121051829
3804	5.455846741
3805	4.465017076
3806	-0.080051981
3807	4.186556172
3808	4.68744104
3809	1.774804957
3810	4.300861879
3811	5.230256472
3812	4.97922511
3813	2.808566503
3814	5.615139789
3815	-0.007210506
3816	3.86402481
3817	-0.002526896
3818	3.369542006
3819	4.947640381
3820	4.599765988
3821	2.984037524
3822	-0.309309572
3823	0.342853348
3824	1.943033385
3825	3.088300563
3826	1.003692873
3827	3.998479305
3828	5.427011447
3829	5.882034841
3830	5.674445104
3831	4.219553881
3832	4.860191574
3833	1.323552016
3834	4.699306303
3835	4.660259161
3836	5.169036455
3837	5.108608461
3838	4.957374892
3839	4.158344568
3840	4.271674477
3841	5.848101314
3842	4.150433803
3843	3.115653167
3844	4.942423866
3845	5.163235983
3846	5.674765465
3847	6.037827195
3848	5.613342193
3849	4.987613639
3850	5.883217544
3851	5.153702575
3852	5.181750019
3853	5.182471311
3854	4.493553211
3855	4.86128515
3856	4.640841973
3857	3.192994899
3858	5.004081063
3859	3.6099549
3860	4.777843405
3861	3.811086912
3862	4.207588143
3863	4.973323311
3864	5.672327871
3865	3.974025375
3866	3.493181065
3867	3.290188349
3868	0.079593172
3869	-0.107153558
3870	5.61787401
3871	5.852096214
3872	5.522599873
3873	3.602986103
3874	5.250773576
3875	5.100441965
3876	4.194375937
3877	5.020975412
3878	4.026552508
3879	4.579239877
3880	2.62044654
3881	4.775999627
3882	0.191040414
3883	5.130938173
3884	5.239371404
3885	4.992653894
3886	3.759794099
3887	4.737126763
3888	4.900687434
3889	4.093145133
3890	4.668783396
3891	4.762501887
3892	4.902056021
3893	5.075093612
3894	-0.46856915
3895	3.956226189
3896	4.228863715
3897	5.714348671
3898	4.995884787
3899	5.904509466
3900	6.822116065
3901	2.542396518
3902	0.149181813
3903	3.060509688
3904	1.519708734
3905	3.164638083
3906	3.89160443
3907	3.876713111
3908	4.369958826
3909	2.97139935
3910	2.870845948
3911	3.36869781
3912	2.66988452
3913	0.626091455
3914	1.832187148
3915	3.278793682
3916	2.029117241
3917	4.565937954
3918	5.244334904
3919	5.754691682
3920	5.33774864
3921	4.245436981
3922	5.17878179
3923	6.125175722
3924	4.971571201
3925	4.1235403
3926	2.59305656
3927	2.113692124
3928	-0.256458744
3929	2.864475452
