1	-0.615377562
2	-0.277257106
3	-0.466431575
4	-0.401544098
5	-0.584542236
6	-0.273649812
7	-0.041735294
8	-0.430329965
9	-0.495822238
10	-0.386737847
11	-0.873162452
12	-1.052869978
13	-1.415055374
14	-0.618016387
15	-0.682749876
16	-0.541573766
17	-0.193526161
18	-0.457237132
19	-0.270843463
20	-0.185997983
21	-0.274321116
22	-0.470399214
23	-0.550449097
24	-0.302212298
25	-0.434536205
26	-0.54218513
27	-0.225912524
28	-0.701114953
29	-0.59512942
30	-0.414476159
31	-0.349557482
32	-0.616286017
33	-0.399511113
34	-0.318343763
35	-0.32964382
36	-0.020577858
37	-0.382369776
38	-0.469717618
39	-0.733933646
40	-0.504910194
41	-0.472197051
42	-0.552298153
43	-0.780196942
44	-0.660609399
45	-0.679117698
46	-0.23674468
47	-0.282111771
48	-0.313070634
49	-0.093815687
50	-0.371595249
51	-0.28248445
52	-0.394444439
53	-0.287352431
54	-0.333186825
55	-0.41417333
56	-0.542595249
57	-0.339442551
58	-0.276209959
59	-0.020472274
60	-0.200957215
61	-0.116128492
62	-0.421139203
63	-0.433345967
64	-0.453171229
65	-0.407658413
66	-0.302355918
67	-0.344722089
68	-0.25931434
69	-0.39118008
70	-0.128259486
71	-0.231944079
72	-0.232045855
73	-0.238538902
74	-0.559385302
75	-0.227376426
76	-0.371844045
77	-0.069517699
78	-0.369128552
79	0.035755941
80	-0.359672258
81	-0.290008818
82	-0.344288607
83	-0.399537951
84	-0.304434956
85	-0.493313621
86	-0.39762129
87	0.031678917
88	-0.328814482
89	-0.270005218
90	-0.316811063
91	-0.351075772
92	-0.166094451
93	-0.483777908
94	-0.186266752
95	-0.230239253
96	-0.471258665
97	-0.329383902
98	-0.177439667
99	-0.232470971
100	-0.227835148
101	0.162425005
102	-0.232406213
103	-0.290233437
104	-0.445899172
105	-0.325146116
106	-0.345010631
107	-0.439599209
108	-0.333426445
109	-0.351753345
110	-0.191822257
111	-0.482430112
112	-0.284628313
113	-0.480543166
114	-0.040713543
115	0.409658243
116	-0.666280526
117	-0.177442576
118	-0.540549994
119	-0.408724003
120	0.094222401
121	-0.116739496
122	-0.52681157
123	-0.292873861
124	-0.176322302
125	-0.17904625
126	-0.31375211
127	-0.201190427
128	-0.431582223
129	-0.383464238
130	-0.173796153
131	-0.282895562
132	-0.214759787
133	-0.384008904
134	-0.396147084
135	-0.265321567
136	-0.245476643
137	-0.601620223
138	-0.606608159
139	-0.552908119
140	-0.909853573
141	-0.224418549
142	-0.725817962
143	-0.5329195
144	-0.248766488
145	-0.270065183
146	-0.219187543
147	-0.344366472
148	-0.564213802
149	-0.668643723
150	-0.255287384
151	-0.279172822
152	-0.429897597
153	-0.563054984
154	-0.567278719
155	-0.162353423
156	-0.350995789
157	-0.591581453
158	-0.400550951
159	-0.299155893
160	-0.476882473
161	-0.558985458
162	-0.338481795
163	-5.063889791
164	-5.481099483
165	-2.522266099
166	-4.707379741
167	-5.027328411
168	-4.12230349
169	-3.216263879
170	-0.149176028
171	-0.351776487
172	-0.540100968
173	-0.205937611
174	0.115552624
175	-0.360273254
176	-0.239797245
177	-0.639792982
178	-0.387148856
179	-0.361144297
180	-0.330802796
181	-0.456876823
182	-0.52996513
183	-0.427750255
184	-0.041195093
185	-0.17541649
186	-0.370001631
187	-0.403823691
188	0.50209776
189	-0.268299628
190	-0.458472644
191	-0.170192795
192	-0.210564763
193	-0.309831037
194	-0.451511556
195	-0.501223465
196	-0.428637976
197	-0.022522456
198	0.008739492
199	-0.001492279
200	-0.045319095
201	-0.054671055
202	-0.256115321
203	-0.260707799
204	-0.708888237
205	-0.551844627
206	-2.05595402
207	-0.306183719
208	-0.595670387
209	-0.691801182
210	-0.374379668
211	-0.370461202
212	-0.324738437
213	0.284210927
214	-0.624369033
215	-3.650651719
216	-4.39905582
217	-0.22594637
218	-0.519834499
219	-0.333721994
220	-0.377770853
221	-0.475363721
222	-0.311893085
223	-0.239157691
224	-0.459996559
225	-0.211661364
226	-0.123017721
227	-0.238496445
228	-0.332087653
229	-0.472375724
230	-1.494032554
231	-0.854290838
232	-0.733447615
233	-1.000216638
234	-1.132575516
235	-0.857438838
236	-0.571536422
237	-0.77906774
238	-1.208900278
239	-0.511345035
240	-0.669963469
241	-0.889808585
242	-2.234038029
243	-0.779247613
244	-1.688889885
245	-4.734341214
246	-5.432078338
247	-5.228573048
248	-2.914207573
249	-0.400371469
250	0.058036236
251	-0.300397926
252	-0.390324047
253	-0.345554132
254	-0.491827368
255	-0.588528256
256	-0.523914019
257	0.0721515
258	-0.074371688
259	-0.876345182
260	-0.37639568
261	0.047855382
262	-0.389222821
263	-0.245853705
264	-1.136144704
265	-0.666676473
266	-0.638687185
267	-0.687941549
268	-0.150633478
269	-0.785906066
270	-0.165717738
271	-0.734251689
272	-0.287590495
273	-0.384065235
274	-0.290585077
275	-0.630453554
276	-0.151686431
277	-0.354267838
278	-0.036561052
279	-0.546292884
280	-0.416518115
281	-0.470682084
282	-0.452268182
283	-0.477628576
284	-0.89060783
285	-0.975241683
286	0.02925657
287	-0.70268425
288	-0.437157859
289	-0.208657206
290	-0.235666318
291	-0.561303121
292	-0.290029186
293	-0.215706022
294	-0.150422069
295	-0.286047369
296	0.051130689
297	-0.59688765
298	-0.467318384
299	-0.755752455
300	-0.491546028
301	-0.299856662
302	-0.259048782
303	-0.352725382
304	0.005467882
305	-0.428586674
306	-0.137557801
307	-0.35448714
308	0.543804653
309	-0.113705662
310	-0.247275068
311	-0.02925595
312	-0.062641696
313	0.120702508
314	-0.302282301
315	-0.3804832
316	-0.468387766
317	-0.520353486
318	-0.414933781
319	-0.339898335
320	-0.435314288
321	-0.043371476
322	-0.240683746
323	0.035901968
324	-0.42555435
325	-0.388433623
326	-0.199658592
327	-0.359810664
328	0.037678287
329	-0.286750423
330	-0.240707314
331	-0.217673511
332	-0.116601788
333	-0.108052878
334	-0.218913202
335	-0.404010903
336	-0.39126664
337	-0.462674633
338	-0.360145137
339	-0.368680875
340	-0.759701754
341	-1.493960969
342	-0.426467282
343	-0.506667611
344	-0.958449291
345	-0.313691604
346	-0.342252074
347	-0.669752244
348	-0.335693451
349	-0.046406714
350	-0.397630255
351	-0.682058302
352	-0.115118474
353	-0.212485718
354	-0.143723384
355	-0.72385082
356	-0.284576615
357	-0.375565666
358	-0.526076078
359	-2.331768775
360	-2.69522369
361	-2.574510211
362	0.144498853
363	-2.552680614
364	-4.154874264
365	-5.220175255
366	-5.603139494
367	-5.825281518
368	-5.244474735
369	-5.595145408
370	-5.612278417
371	-4.96741628
372	-5.135250404
373	-1.247616102
374	-3.819657692
375	-3.757249931
376	-1.636178433
377	-1.751302747
378	-3.15781996
379	-3.368114641
380	-1.668086736
381	-3.340632096
382	-2.856316796
383	-0.153162745
384	-0.224643401
385	-0.384151553
386	-0.378184842
387	-0.515576065
388	-0.289364356
389	-0.207620815
390	-0.213137343
391	0.096412726
392	-0.118926626
393	-0.205021511
394	-0.033527884
395	-0.257564901
396	-0.110391053
397	0.174175314
398	-0.426522723
399	-0.444376097
400	-0.139374259
401	-0.546478162
402	-2.590763549
403	-2.617390782
404	-4.737449858
405	-5.176846722
406	-5.047521917
407	-5.711467441
408	-4.830515252
409	-5.92327445
410	-6.818317515
411	-5.886049632
412	-5.408220871
413	-5.502221732
414	-5.190219159
415	-6.43560574
416	-6.676436135
417	-6.646480489
418	-5.078106567
419	-4.938803873
420	-5.171606174
421	-5.961410776
422	-6.415394211
423	-6.25772686
424	-5.105117938
425	-5.765267269
426	-5.09863983
427	-4.353709783
428	-4.58542794
429	-0.466565873
430	-0.088235159
431	-0.127263017
432	0.205036217
433	-0.74486648
434	-0.07469701
435	-0.238549753
436	-0.163808254
437	-0.165630534
438	-0.488742179
439	0.017437558
440	-0.197276664
441	-0.390516495
442	-0.227767444
443	-0.468935503
444	0.289160749
445	-0.93022983
446	-2.462554878
447	-3.727195835
448	-2.765380853
449	-0.076881282
450	-0.709979152
451	-0.483569432
452	-0.416654002
453	-0.377069983
454	-0.366946412
455	-0.466979515
456	-0.416469985
457	-0.076794003
458	-0.376231815
459	-0.408454953
460	-0.360045809
461	-0.369989437
462	-0.103495385
463	-0.298792313
464	-0.423888347
465	-0.303517339
466	-0.509007363
467	-0.66880127
468	-0.496622879
469	-0.296544896
470	-0.328451974
471	-0.523058341
472	-0.488174462
473	-0.225222672
474	-0.38009769
475	-0.062966555
476	-0.220755936
477	-0.239277054
478	-0.183984376
479	-0.545799824
480	-0.276335658
481	0.1515864
482	-0.211041052
483	-0.334384412
484	0.040097012
485	-0.01109312
486	-0.214715106
487	-0.453112994
488	-0.195405266
489	-0.752372168
490	-1.033615987
491	-4.3472097
492	-3.802973055
493	-4.262598504
494	-4.7823009
495	-4.590230646
496	-5.219364598
497	-4.509804474
498	-4.664231851
499	-2.467209506
500	-3.170831303
501	-5.535540602
502	-5.818953195
503	-6.302836
504	-6.433913169
505	-5.892658388
506	-6.518846283
507	-5.6358335
508	-5.405322343
509	-5.152144382
510	-4.5750457
511	-5.268577999
512	-0.828458194
513	-1.971992567
514	-0.298929373
515	-0.453950072
516	-0.324342084
517	-0.458525914
518	-0.670990361
519	-0.263206122
520	-0.391207488
521	-0.34627602
522	-0.296536197
523	-0.061415136
524	-0.286840743
525	-0.160125934
526	0.098242053
527	-0.181082378
528	-0.248677812
529	-0.681796218
530	-0.264181317
531	-0.195152729
532	-0.122675688
533	-0.339151124
534	-0.806442616
535	-0.171627618
536	-0.204316514
537	-0.292396311
538	-0.174503264
539	-0.374763046
540	-0.398111911
541	-0.398039679
542	-0.64412312
543	-0.259495538
544	-0.160668211
545	-0.314244298
546	-0.314374805
547	-0.375049231
548	-0.440136162
549	-0.318640161
550	-0.87340433
551	0.061984088
552	-0.245951732
553	-0.153840499
554	-0.059701128
555	-0.272871461
556	0.111688272
557	-0.283243197
558	0.107439515
559	-0.335290609
560	-0.294371837
561	-0.366425506
562	-0.272516799
563	-0.198573306
564	-0.123715206
565	-0.584365792
566	-0.190880978
567	-0.361485939
568	-0.460161642
569	-0.349133515
570	-2.761477817
571	-0.068194357
572	-0.160298923
573	-0.253225212
574	-1.886202334
575	-0.493697975
576	-0.342531986
577	-0.360115078
578	-3.922483103
579	-4.997874216
580	-5.639049896
581	-4.973161162
582	-0.609921199
583	-1.21361574
584	-0.105008098
585	-0.286047348
586	-0.365185962
587	-0.236449733
588	-0.145492147
589	-0.134891828
590	-0.570529015
591	-0.419664357
592	-0.582994381
593	-0.225012505
594	-1.90759946
595	-2.063894284
596	-0.242413216
597	-0.076968583
598	-0.076404458
599	-2.51030907
600	-0.31432951
601	-0.660859882
602	-0.126297221
603	-0.49378474
604	-0.009276566
605	-0.227027693
606	-0.257574374
607	-0.203852367
608	-0.487009244
609	-0.750169804
610	-0.333373045
611	-0.341400146
612	-0.179908753
613	-0.818545463
614	-0.483361438
615	-0.172309543
616	-0.199655657
617	-0.300639391
618	-0.467133156
619	-0.377181753
620	-0.124132531
621	-0.101000035
622	-0.284485408
623	-0.056858538
624	-0.343958969
625	-0.191311971
626	-0.165421929
627	-0.349369335
628	-1.618813032
629	-0.44898855
630	-1.133460397
631	-0.224641912
632	-0.640633486
633	-0.161471036
634	-0.154871248
635	-0.215809916
636	-0.522201996
637	-0.193649214
638	-0.507361233
639	-0.330779659
640	0.0381273
641	0.029354897
642	-0.073466098
643	-0.638330837
644	-0.151609875
645	-0.585220275
646	-0.444874413
647	-0.707393771
648	-1.283768251
649	-0.160611488
650	-0.003606753
651	-0.167343865
652	-0.291251083
653	0.039069203
654	-0.1458507
655	-0.302335491
656	-0.330913558
657	-0.00116205
658	0.177203663
659	-0.530878804
660	-0.742847257
661	-0.436056148
662	-0.542375434
663	-0.637002439
664	-0.507417651
665	-0.286122991
666	-0.176655199
667	-0.101366135
668	-0.12118068
669	-0.072929921
670	-0.184777927
671	0.135904693
672	-0.147758282
673	-0.358641659
674	-0.266221125
675	-0.220159714
676	-0.300543088
677	-0.653514151
678	-0.217134201
679	-0.179769159
680	-0.278377524
681	-0.536338807
682	-0.21479387
683	-0.12902614
684	-0.317333317
685	0.001288167
686	0.127039589
687	-0.375171582
688	-0.28619509
689	-0.326942576
690	-0.369398298
691	-0.279896462
692	-0.289510215
693	0.024398103
694	-0.942337096
695	-0.461268892
696	-0.534735827
697	-0.553786149
698	-0.300052685
699	-0.278630177
700	-0.140182571
701	-0.502780369
702	-0.622857052
703	-0.210735913
704	-0.423274805
705	-0.59846367
706	-0.0568673
707	-0.592665234
708	-0.19168557
709	-0.177710152
710	-0.216522645
711	-0.254670341
712	0.009288573
713	-0.139951264
714	0.162827897
715	0.017710135
716	-0.088994517
717	0.013836808
718	0.024043592
719	-0.024404629
720	-0.117868381
721	-0.030437862
722	-0.344490224
723	-0.350113043
724	-0.025709617
725	0.091579449
726	-0.0198357
727	-0.223932107
728	-0.35455553
729	-0.344744416
730	-0.245085217
731	-0.236976061
732	-0.153342592
733	-0.501535456
734	-0.600217485
735	-0.376882396
736	-0.616743961
737	-0.474214418
738	-0.351617914
739	-0.62526293
740	-0.670094119
741	-0.350217473
742	-0.401570671
743	-0.091314881
744	-0.244485856
745	-0.310209339
746	-0.555156551
747	-0.373142099
748	-0.269502372
749	-0.239922525
750	-0.176734172
751	-0.408703326
752	-0.008828553
753	-0.189309169
754	-0.287326241
755	0.114563611
756	0.010278957
757	-0.419024305
758	-0.234957119
759	-0.196504607
760	-0.258779173
761	0.083741008
762	-0.318920976
763	-0.107975947
764	-0.104400092
765	-0.264845286
766	-0.12899123
767	0.054543205
768	-0.308235025
769	-0.087386879
770	-0.195975166
771	-0.29045704
772	-0.210683128
773	-0.27792149
774	-0.177991943
775	-0.47077688
776	0.014914086
777	-0.157220882
778	-0.0373999
779	-0.287536284
780	0.102645467
781	-0.166601068
782	-0.204781518
783	-0.008645979
784	-0.106525035
785	-0.398084447
786	-0.690893129
787	-4.940399344
788	-4.133267649
789	-4.172718182
790	0.940260718
791	-0.243375461
792	-0.083160521
793	-0.311434632
794	-0.002732478
795	-0.309842607
796	-0.215229182
797	-0.302258412
798	-0.176298828
799	0.039788021
800	-0.182808502
801	0.070935611
802	-0.067196601
803	-0.241261083
804	-0.36950181
805	-0.253633183
806	-0.244223127
807	0.074960844
808	0.088197963
809	-0.241899326
810	-0.328745623
811	-0.581468481
812	-0.322664059
813	-0.437234905
814	-0.367121406
815	0.262507117
816	0.003562229
817	-0.109112184
818	-0.064274882
819	-0.333141739
820	-0.430791085
821	0.185597059
822	-0.234248149
823	-0.352463725
824	-0.020753983
825	0.138062982
826	-0.094489143
827	0.06228273
828	-0.188633808
829	-0.162593877
830	-0.009643077
831	-0.287229291
832	-0.312236707
833	-0.354059963
834	-0.135472408
835	-0.201364935
836	-0.095459712
837	-0.19776827
838	0.31422579
839	-0.060685025
840	-0.2997546
841	-0.116372417
842	-0.363372801
843	-0.205730556
844	-0.204205403
845	-0.094103518
846	0.555554404
847	-0.806514725
848	-0.126693088
849	-0.17047937
850	-0.1679425
851	-0.009841081
852	-0.403518931
853	0.016606156
854	-0.41871759
855	-0.229383181
856	-0.350665253
857	-0.136140534
858	-0.347037757
859	-0.18807507
860	-0.067177813
861	-0.36614565
862	-0.209042283
863	-0.433132539
864	-0.134398716
865	-0.305151265
866	-0.491651228
867	-0.18673517
868	-0.112367835
869	-0.262392774
870	-0.33173231
871	-0.274239768
872	-0.160029485
873	-0.263173633
874	-0.103586554
875	-0.571496591
876	-0.131499268
877	-0.44680488
878	-0.325777264
879	-0.124187077
880	-0.694011137
881	-0.126822319
882	-0.153845192
883	-0.067128473
884	0.040021207
885	0.455496664
886	0.11313605
887	-0.277790844
888	-0.024920469
889	-0.216289598
890	-0.194687287
891	-0.344861324
892	-2.932807615
893	-0.177507131
894	-3.083698933
895	-3.933679955
896	-3.772525085
897	-1.539238719
898	-3.880749672
899	-3.323854667
900	-3.007869432
901	-0.657083979
902	-0.299401398
903	-0.637083535
904	0.641739616
905	-0.540960705
906	-1.665045758
907	-2.916316314
908	-2.587628667
909	-1.861677441
910	-2.73891078
911	-3.95375107
912	-3.303898996
913	-3.589283364
914	-1.191041182
915	-3.195615491
916	-4.328338506
917	-3.545639885
918	-3.485857833
919	-3.092034
920	-3.059308215
921	-1.641285584
922	-1.014028464
923	-1.665158893
924	-3.311027864
925	-3.114297525
926	-3.072626419
927	-3.747244866
928	-4.266811289
929	-3.828316444
930	NULL
931	-4.043009277
932	-4.720977599
933	-4.020138589
934	-3.180167809
935	-1.181162316
936	-1.612222608
937	-1.801415039
938	-1.739239795
939	-0.919111136
940	-1.192295703
941	-3.255020576
942	-2.879962938
943	-2.543027231
944	-3.731211559
945	-3.83612028
946	-2.738337583
947	-2.571059119
948	-1.928066557
949	-2.7854043
950	-1.343490909
951	-1.70936945
952	-1.134745988
953	-2.15901811
954	0.655486478
955	-2.693733236
956	-3.492138879
957	-2.977354223
958	-1.830189578
959	-2.465919803
960	-3.844872938
961	-3.884332918
962	-4.404690016
963	-5.211245306
964	-4.045973884
965	-2.522578534
966	-2.449684003
967	-0.507093406
968	-0.462966294
969	-0.320803456
970	-0.249945283
971	-0.013281541
972	-0.08863485
973	-0.25780844
974	-0.324950003
975	-0.125206554
976	0.031091371
977	-0.174679301
978	-0.516359586
979	-0.177993806
980	-0.397301679
981	-0.224664798
982	-0.219678699
983	-0.728661215
984	-0.23865725
985	-0.039191037
986	-0.080469658
987	-0.528115283
988	0.048203967
989	0.033357796
990	-0.192287682
991	0.285406222
992	-0.096833693
993	-0.285428331
994	0.474276571
995	-0.28167692
996	-0.222175745
997	-0.028287841
998	-0.12875535
999	-0.1574321
1000	-0.237889761
1001	-0.865057881
1002	-0.322182663
1003	-0.056034301
1004	-0.143076777
1005	-0.120892439
1006	-0.162142809
1007	-0.200668723
1008	0.248186857
1009	0.075112981
1010	-0.337098867
1011	0.236112841
1012	-0.134014579
1013	-0.009880491
1014	-0.409097085
1015	-0.190544852
1016	-0.499199867
1017	-0.339059444
1018	-0.373410371
1019	0.135157983
1020	0.714132925
1021	-0.087635882
1022	-0.150067821
1023	-0.219014823
1024	-0.289165839
1025	-0.08330864
1026	-0.229704878
1027	-0.086083453
1028	-0.475212103
1029	-0.004481043
1030	-0.107514718
1031	-0.711946205
1032	-0.800084702
1033	-0.08997277
1034	-0.219409436
1035	-0.343956773
1036	-0.009011105
1037	-0.107737473
1038	-0.422605705
1039	-0.253694741
1040	-0.191234663
1041	-0.236937265
1042	-0.035969093
1043	0.071282951
1044	-0.206776916
1045	-0.097381718
1046	-0.511462201
1047	-0.116503884
1048	-0.022592167
1049	0.152591548
1050	-0.10903405
1051	-0.074841696
1052	-0.069726665
1053	-0.069228494
1054	-0.075552386
1055	0.187432791
1056	0.080485251
1057	0.102065576
1058	-0.152155548
1059	-0.204784453
1060	-0.305156939
1061	-0.293147932
1062	-0.052333535
1063	-0.265548871
1064	-0.347538426
1065	-0.37471223
1066	-0.13460965
1067	-0.196939223
1068	0.056262113
1069	-0.635368779
1070	-0.204331154
1071	-0.231044814
1072	-0.266863657
1073	-0.426318639
1074	0.049393642
1075	0.020530516
1076	-0.180214999
1077	0.546479648
1078	-0.294126669
1079	-3.858454874
1080	-3.444314402
1081	-4.729958663
1082	-3.976396489
1083	-4.886249213
1084	-4.939570656
1085	-5.342220998
1086	-4.933751997
1087	-4.437443289
1088	-5.184133393
1089	-5.843261032
1090	-6.033004195
1091	-6.662790688
1092	-4.996194698
1093	-6.232173064
1094	-5.989927178
1095	-6.445965444
1096	-5.83895648
1097	-6.072246351
1098	-5.949933324
1099	-6.337047809
1100	-5.71521152
1101	-6.273997256
1102	-5.562376249
1103	-6.507303904
1104	-5.194604522
1105	-5.173170888
1106	-5.497420374
1107	-5.555851008
1108	-5.818115948
1109	-5.291748948
1110	-4.714294789
1111	-4.018993071
1112	-0.537363748
1113	0.054263258
1114	0.181318221
1115	-0.144615296
1116	-0.323668109
1117	0.020031694
1118	-0.254909431
1119	-0.018827776
1120	-0.15917488
1121	-0.29494565
1122	-0.294200826
1123	-0.344106374
1124	-0.092370919
1125	-0.334832127
1126	-0.23241793
1127	-0.181396694
1128	-0.138827203
1129	-0.299081672
1130	-0.07717885
1131	-0.100057497
1132	-0.082885888
1133	0.053689611
1134	-0.21052183
1135	-0.363890409
1136	-0.113125562
1137	0.103386498
1138	-0.071688965
1139	-0.534575404
1140	-0.650111909
1141	-0.208600889
1142	-0.232842366
1143	-0.197385574
1144	0.066919921
1145	0.033332667
1146	0.154465058
1147	0.024413343
1148	-0.096577111
1149	-0.017549454
1150	0.067154462
1151	-0.182712786
1152	-0.711244159
1153	-0.257691203
1154	-0.08319571
1155	-0.357121412
1156	-0.206437233
1157	0.133138858
1158	-0.496864664
1159	-0.019339475
1160	0.091852098
1161	-0.04504677
1162	-0.205324389
1163	0.071009624
1164	-0.204796567
1165	0.044717355
1166	-0.332643083
1167	-0.154000388
1168	-0.035261609
1169	-0.392595747
1170	-0.368137322
1171	-0.296538408
1172	-0.026616733
1173	-0.121884166
1174	-0.201992672
1175	0.053132443
1176	-0.242172894
1177	-0.552819842
1178	-0.263441501
1179	-0.111084183
1180	-0.054400802
1181	-0.329788907
1182	-0.155651085
1183	-0.249036299
1184	-0.086413798
1185	-0.236282022
1186	0.135005686
1187	0.212236311
1188	-0.325883854
1189	-0.243262166
1190	0.147787657
1191	-0.2639501
1192	-0.122826539
1193	-0.235561136
1194	0.05000897
1195	0.025829105
1196	0.005288242
1197	-0.006148437
1198	-0.108700683
1199	-0.181931656
1200	-0.325343941
1201	0.002435142
1202	-0.150755558
1203	-0.304762909
1204	-0.358592219
1205	-0.160083043
1206	-0.050647195
1207	-0.378096584
1208	-0.120343259
1209	0.20275425
1210	0.103750688
1211	-0.278681248
1212	-0.042262115
1213	-0.540932824
1214	-0.128580322
1215	-0.182114619
1216	-0.379228746
1217	-0.435702584
1218	-0.150091899
1219	-0.006554432
1220	-0.246968496
1221	-0.170586928
1222	-0.21548787
1223	-0.531930827
1224	-0.060081367
1225	-0.166453724
1226	0.498680096
1227	-0.037069268
1228	-0.015339931
1229	-0.732845919
1230	-0.004884943
1231	-0.603092168
1232	-0.217074163
1233	-0.077022671
1234	-0.103630522
1235	0.158901116
1236	-2.257586702
1237	-1.0446343
1238	-0.123562998
1239	-0.240183209
1240	-0.249073243
1241	-0.247901104
1242	-0.4970901
1243	-0.920822099
1244	-0.145524597
1245	0.092270856
1246	-0.006329449
1247	0.05329829
1248	-0.172569359
1249	-0.054173375
1250	-0.093981938
1251	0.178487514
1252	-0.148998486
1253	-0.018391309
1254	-0.538221582
1255	0.168004684
1256	-0.147472021
1257	-0.143806181
1258	-0.026708426
1259	-0.40228518
1260	-0.324163482
1261	-0.46764242
1262	0.002632318
1263	-0.255195887
1264	-0.276906454
1265	-0.683665003
1266	-0.155561936
1267	-0.085539642
1268	-0.399185073
1269	-0.439361013
1270	-0.257154357
1271	-0.241508432
1272	-0.245737162
1273	-0.168954343
1274	-0.200788242
1275	-0.076898145
1276	-0.178598391
1277	-0.180757316
1278	0.055086974
1279	0.398440209
1280	0.169391896
1281	0.01227371
1282	-0.230576899
1283	-0.10476636
1284	0.043013063
1285	0.038792914
1286	-0.306235397
1287	-0.280688584
1288	-0.40828476
1289	-0.147565377
1290	0.013139816
1291	-0.112746982
1292	-0.066388264
1293	-0.344340463
1294	-0.122171568
1295	0.117731804
1296	-0.094526561
1297	-0.262486332
1298	-0.3192567
1299	-0.269421474
1300	-0.175409113
1301	-0.091385655
1302	-0.219979833
1303	0.159979253
1304	0.051098268
1305	-0.145474294
1306	-0.605375896
1307	-0.347394856
1308	-0.220634841
1309	0.04123793
1310	0.1183541
1311	0.04031337
1312	-0.189643291
1313	-0.051112045
1314	0.071881841
1315	-0.260155343
1316	-0.278989063
1317	0.248551699
1318	-0.273019611
1319	-0.161587518
1320	0.026505093
1321	-0.045317656
1322	-0.098670278
1323	0.108849405
1324	-0.03131312
1325	0.170371695
1326	0.097592132
1327	-0.182101067
1328	-0.056173484
1329	0.113891323
1330	0.100625626
1331	0.073451189
1332	-0.215589158
1333	0.03995031
1334	0.075309851
1335	-0.07253129
1336	-0.306317707
1337	-0.308950048
1338	0.034916019
1339	-0.103904346
1340	-0.268105578
1341	-0.279249653
1342	-0.536640457
1343	-0.11181383
1344	-0.322762865
1345	-0.181044582
1346	-0.017745121
1347	-0.225519308
1348	-0.162033948
1349	0.052978055
1350	-0.191430188
1351	-1.596571637
1352	-0.036811289
1353	-0.228958443
1354	-0.407364742
1355	-0.046990534
1356	-0.111638168
1357	-0.070151772
1358	-0.002181979
1359	-0.641760001
1360	-0.313120567
1361	-0.402625047
1362	-0.460817433
1363	-0.282864155
1364	-0.040142569
1365	-0.246076094
1366	-0.195312992
1367	0.040277394
1368	-0.116650565
1369	-0.215372959
1370	0.177750573
1371	0.051983644
1372	0.225287306
1373	0.123379667
1374	-0.073074103
1375	-0.05783617
1376	-0.78620519
1377	-0.07769508
1378	0.221864605
1379	0.724849548
1380	-0.151277854
1381	-0.737326597
1382	-0.306292131
1383	-0.226902191
1384	-0.142271987
1385	-0.111893505
1386	0.310203194
1387	0.151595978
1388	-0.112357469
1389	0.014594711
1390	-0.16961078
1391	0.253294267
1392	0.07342092
1393	-0.058937354
1394	0.002661742
1395	-0.152903154
1396	-0.216576472
1397	0.078343411
1398	-0.069124936
1399	-0.062978669
1400	-0.087738721
1401	-0.214967099
1402	-1.849017257
1403	-0.748998459
1404	0.030896387
1405	0.059585965
1406	-0.484794791
1407	-0.00105506
1408	-0.151527737
1409	-0.247657481
1410	-0.082698535
1411	-0.040596472
1412	-0.296061873
1413	-0.224650321
1414	-0.101187716
1415	-0.603441335
1416	0.55083678
1417	-0.392658591
1418	0.023103007
1419	-0.109889155
1420	-0.050138996
1421	0.11014151
1422	-0.169990792
1423	-0.062528715
1424	-0.200548102
1425	-0.442139177
1426	-0.177843129
1427	-0.196107441
1428	0.039449933
1429	-0.612301037
1430	-0.288117483
1431	0.042111776
1432	-0.291199365
1433	-0.390297921
1434	-0.330254412
1435	-0.493624428
1436	-0.051597472
1437	-0.058155689
1438	-0.259678417
1439	-0.182983838
1440	-0.05523806
1441	0.130804303
1442	-0.773593318
1443	-0.015804669
1444	-0.531110252
1445	0.061766578
1446	0.224067711
1447	-0.802866905
1448	0.145449253
1449	-0.038416767
1450	-0.112030067
1451	-0.130020929
1452	-0.635959663
1453	-0.443525244
1454	-0.650826641
1455	-0.20416156
1456	-0.082720341
1457	-0.384304285
1458	0.001424292
1459	-0.216878529
1460	-0.014872729
1461	NULL
1462	-0.230127465
1463	-0.05226678
1464	0.810788534
1465	-0.388396356
1466	-0.109834731
1467	-0.497421185
1468	0.18057091
1469	-0.07632628
1470	0.043350511
1471	-0.283559705
1472	-0.115827845
1473	-0.049303021
1474	-0.256748458
1475	-0.287508312
1476	-0.063376614
1477	-0.352934143
1478	-0.300582186
1479	-0.91120368
1480	-4.128630836
1481	-0.538031915
1482	0.04630877
1483	-0.174537469
1484	-0.005715412
1485	-0.149553585
1486	-0.015322986
1487	-0.47596003
1488	0.042925764
1489	-0.461162848
1490	0.099298822
1491	-0.21839958
1492	-0.313325726
1493	-0.093728887
1494	-0.008549195
1495	-0.129922088
1496	-0.45311041
1497	-0.324908763
1498	0.250482666
1499	-0.139655723
1500	-0.368483741
1501	0.381938137
1502	-0.050804422
1503	0.274138274
1504	-0.033286512
1505	-0.216000584
1506	0.146913572
1507	-0.395268558
1508	0.463458162
1509	-0.19518284
1510	0.108588355
1511	-0.600767581
1512	-0.361691445
1513	0.050149878
1514	0.162389034
1515	-0.025885605
1516	-0.20682461
1517	-0.304198862
1518	-0.587861184
1519	-0.093509077
1520	-0.25407043
1521	-0.715712339
1522	-0.348707129
1523	-0.432562614
1524	-0.002986619
1525	-0.013267443
1526	-0.147946628
1527	-0.178745273
1528	-0.206614583
1529	-0.087162412
1530	0.047034348
1531	0.126593907
1532	-0.422317597
1533	-0.597073205
1534	0.315602014
1535	-0.034998655
1536	-0.035490799
1537	0.09361868
1538	-0.129989744
1539	-0.256836346
1540	-0.146311505
1541	-0.092658655
1542	-0.264291883
1543	-0.130377716
1544	-0.195248851
1545	0.134148491
1546	-0.466717324
1547	-0.145433741
1548	-0.458461642
1549	-0.127049636
1550	-0.070653658
1551	0.060864788
1552	-0.309430731
1553	-0.038229304
1554	0.035733764
1555	0.036543587
1556	-0.016592474
1557	0.036163485
1558	-0.201256341
1559	0.003543336
1560	-0.232347324
1561	0.521871062
1562	-0.416476594
1563	-0.37584385
1564	-0.333146591
1565	0.171535008
1566	-0.357914574
1567	-0.26399887
1568	-0.03779899
1569	-0.17480284
1570	-0.248337328
1571	-0.126855985
1572	0.437826434
1573	-0.665368281
1574	-0.063951887
1575	0.380847056
1576	-0.353587244
1577	0.008578468
1578	-0.040124413
1579	-0.217240929
1580	NULL
1581	-0.281915789
1582	-0.045578375
1583	-0.07612176
1584	0.018249004
1585	0.121075314
1586	-0.266339237
1587	-0.163610726
1588	0.043104556
1589	-0.116743059
1590	0.048001982
1591	0.463459267
1592	-0.106751107
1593	-0.202591999
1594	-0.172503469
1595	-0.40706253
1596	-0.231693865
1597	-0.923203398
1598	-0.142800779
1599	0.124027577
1600	-0.322841485
1601	0.127318204
1602	0.077629502
1603	0.070738823
1604	-0.326215279
1605	0.145042601
1606	-0.280700103
1607	0.064316548
1608	-0.055698844
1609	0.02998828
1610	0.46178652
1611	-0.328477774
1612	-0.221008184
1613	-0.258430727
1614	-0.438891657
1615	-0.036857691
1616	-0.072044316
1617	0.006086218
1618	-0.820362881
1619	-0.108543762
1620	-5.38366E-05
1621	-0.494342924
1622	-0.356311061
1623	-0.152550121
1624	0.020469522
1625	-0.595495652
1626	-0.220368184
1627	0.070244456
1628	-0.257045438
1629	-0.498753985
1630	0.093759551
1631	0.054701867
1632	-0.089316901
1633	0.011047892
1634	-0.257701339
1635	0.337938883
1636	-0.433085324
1637	-0.362874478
1638	0.217204642
1639	0.022363334
1640	-0.089387937
1641	0.133582753
1642	-0.329404549
1643	-0.082439452
1644	-0.050083308
1645	-0.331041063
1646	-0.22427226
1647	-0.047493323
1648	-0.05023581
1649	-0.252351646
1650	-0.348935667
1651	-0.161836264
1652	0.370425757
1653	-0.194361759
1654	-0.265673558
1655	-0.174094126
1656	-0.544450333
1657	0.026081736
1658	-0.201044997
1659	-0.090355335
1660	0.166586995
1661	-3.049135646
1662	-0.530531393
1663	-0.14383183
1664	-0.054816253
1665	0.007156598
1666	0.072192986
1667	0.36312782
1668	-0.075305206
1669	-0.053682686
1670	0.062362727
1671	0.031066054
1672	-0.256544393
1673	-0.30204215
1674	-0.182801298
1675	-0.567517315
1676	-0.165310409
1677	0.040671842
1678	-0.32976413
1679	-0.283898636
1680	0.06337662
1681	-0.040063033
1682	0.170265878
1683	0.192965911
1684	-0.55843315
1685	-0.162095196
1686	0.176313213
1687	-1.179899118
1688	0.147775966
1689	-0.239593665
1690	-0.333766019
1691	-0.377925612
1692	-0.178804304
1693	0.181792659
1694	-0.392566611
1695	0.155176449
1696	0.086222429
1697	-0.106582704
1698	0.338327179
1699	-0.107510603
1700	0.018562852
1701	0.079655265
1702	-0.003634541
1703	-0.239629637
1704	-0.217586531
1705	-0.368226671
1706	-1.620666972
1707	-0.209029518
1708	-0.095369671
1709	-0.52005181
1710	-0.573690963
1711	-0.133629848
1712	0.066794528
1713	0.137722195
1714	-0.381445296
1715	-0.249878011
1716	-0.158133343
1717	-0.314785911
1718	0.028941645
1719	-0.103062858
1720	-0.159048977
1721	-0.034269054
1722	-0.642985019
1723	-0.214729684
1724	-0.67263743
1725	-0.205946178
1726	-0.489687178
1727	0.123987854
1728	-0.206047181
1729	0.190663654
1730	-0.031012279
1731	0.389461227
1732	-0.09237062
1733	-0.393624021
1734	-0.064011831
1735	-0.30146319
1736	-0.211788082
1737	-0.159613238
1738	-0.665711844
1739	-0.199792283
1740	-0.28114912
1741	-0.241377355
1742	-4.049657746
1743	-3.532048374
1744	-3.14628384
1745	-0.474430473
1746	0.28256111
1747	-0.071851654
1748	-0.055269713
1749	-0.310148775
1750	-0.237567711
1751	-0.239106247
1752	-0.137829568
1753	0.007456972
1754	-0.097567063
1755	-0.057758617
1756	-0.073265077
1757	-0.181703628
1758	-0.125422216
1759	-0.639196449
1760	-0.947053564
1761	0.054093003
1762	0.089089902
1763	-0.367383488
1764	0.027139236
1765	0.179174317
1766	0.216958187
1767	0.090786552
1768	-0.337644857
1769	0.010905157
1770	0.430013861
1771	-0.617217176
1772	-0.228847207
1773	-0.203737742
1774	-0.038953376
1775	-0.474354359
1776	0.216856685
1777	-0.0151411
1778	0.385614365
1779	-0.713370669
1780	-0.105111292
1781	0.04509922
1782	-0.050929827
1783	0.18438684
1784	0.010276844
1785	0.041184714
1786	0.563594857
1787	0.201214246
1788	-0.429096972
1789	-0.348175008
1790	-0.655979832
1791	-0.422783253
1792	-0.501578026
1793	3.558089984
1794	0.132411075
1795	-0.316874481
1796	-0.599206651
1797	0.084868599
1798	0.065336373
1799	-0.13472359
1800	0.017709219
1801	0.11597502
1802	-0.028352653
1803	0.055518161
1804	-0.382894131
1805	-0.396658401
1806	0.056968355
1807	-0.244745622
1808	-0.073453095
1809	-0.086354721
1810	-0.02044947
1811	-0.079235004
1812	-0.022419358
1813	-0.283750686
1814	-0.111021421
1815	-0.210124449
1816	0.016788193
1817	0.294879194
1818	-0.030014724
1819	-0.021489702
1820	0.012171284
1821	-0.104317189
1822	0.12603594
1823	0.170041754
1824	0.144678664
1825	-0.127231181
1826	-0.247303742
1827	-0.266566264
1828	-0.222934894
1829	0.035287973
1830	-0.182447146
1831	-0.130955568
1832	-0.277373643
1833	0.060570552
1834	-0.253981933
1835	0.058670736
1836	-0.456542199
1837	0.013433738
1838	0.017681818
1839	-0.051039129
1840	-0.121517653
1841	-0.198898818
1842	-0.085425433
1843	0.031193144
1844	-0.227157087
1845	-0.250096686
1846	-0.313560777
1847	-2.524579374
1848	-3.637878306
1849	-4.217428126
1850	-5.170679574
1851	-5.689848862
1852	-5.145103908
1853	-5.788612811
1854	-5.600402848
1855	-5.946831891
1856	-5.185986239
1857	-5.345838841
1858	-5.322636987
1859	-5.30789615
1860	-6.334576603
1861	-5.88816665
1862	-4.044624194
1863	-4.875890714
1864	-5.988356564
1865	-5.268753174
1866	-5.361493171
1867	-5.380230728
1868	-4.527380208
1869	-5.478597944
1870	-5.522791283
1871	-5.054881873
1872	-5.925383723
1873	-5.660932992
1874	-4.852013755
1875	-5.201598402
1876	-3.038455505
1877	-4.911595429
1878	-0.363636795
1879	-3.51112288
1880	-4.35320849
1881	-5.808724477
1882	-5.186623091
1883	-4.548483676
1884	-6.06267531
1885	-5.477538509
1886	-4.942286465
1887	-3.813376165
1888	-0.139393352
1889	-0.490197955
1890	-0.184896288
1891	-0.30735298
1892	0.139797152
1893	-0.020587079
1894	0.063322051
1895	0.408385214
1896	0.131338725
1897	-0.031846885
1898	-0.201886008
1899	0.251514676
1900	-0.062702574
1901	-0.214955121
1902	-0.682596029
1903	-0.517415415
1904	-0.326017798
1905	-0.051935723
1906	0.138951788
1907	-0.152347489
1908	-0.234147027
1909	-0.153353598
1910	0.268032262
1911	-0.064176707
1912	0.227220711
1913	0.062482019
1914	0.526501206
1915	0.174022874
1916	-0.283050004
1917	0.018827538
1918	0.061305948
1919	-0.141330821
1920	0.029391199
1921	0.015736925
1922	-2.694984301
1923	-0.120970778
1924	0.001180898
1925	0.092405001
1926	-0.220292749
1927	0.799237286
1928	-0.232598792
1929	-0.173688532
1930	-0.645584585
1931	-0.184319644
1932	-0.130044
1933	-0.239655857
1934	-0.206668524
1935	0.034019068
1936	-0.033301827
1937	0.304737606
1938	-0.093141533
1939	-0.239038985
1940	0.123589294
1941	-0.17840868
1942	-0.06032604
1943	-0.210200728
1944	-0.338245582
1945	-0.304683047
1946	-0.38729269
1947	-0.11600747
1948	-0.42825834
1949	0.089546329
1950	-0.523810712
1951	-0.232378533
1952	0.281206169
1953	-0.345698942
1954	-0.034180107
1955	-0.074638582
1956	-0.270604344
1957	-0.381514391
1958	0.159005045
1959	-0.032386273
1960	-0.020537656
1961	0.012464378
1962	-0.218483563
1963	-0.021726742
1964	-0.222337355
1965	-0.294398039
1966	0.001565901
1967	0.276471869
1968	-0.076033735
1969	0.083347603
1970	-0.002258493
1971	-0.223520866
1972	-0.263563543
1973	0.04505935
1974	0.03844136
1975	-0.137864755
1976	-0.135806439
1977	-0.39294512
1978	0.32853923
1979	-0.229838413
1980	-0.302599976
1981	-0.007421365
1982	0.092142526
1983	0.099970922
1984	-0.225904868
1985	-0.488029661
1986	-0.323920182
1987	-0.029266545
1988	-0.047698516
1989	-0.257940581
1990	0.127078974
1991	0.301023132
1992	-0.183779605
1993	-0.308084663
1994	-0.01333951
1995	-4.331735149
1996	-4.479149187
1997	0.046596758
1998	-0.233666575
1999	-3.489518644
2000	-3.940670254
2001	-3.662751224
2002	-4.902545879
2003	-5.475117096
2004	-4.621923539
2005	-4.956592785
2006	-4.908499495
2007	-5.430867878
2008	-3.354892567
2009	-3.640340683
2010	-0.829374626
2011	0.164323668
2012	-0.456620228
2013	0.141248237
2014	-0.361824768
2015	-0.299173182
2016	-0.406969038
2017	-0.238705577
2018	-0.062662911
2019	-0.238300271
2020	-0.313154927
2021	-0.135560376
2022	0.232888271
2023	-0.099528012
2024	-0.322786142
2025	0.017043115
2026	-0.289310769
2027	0.01629977
2028	-0.019820909
2029	-0.262218965
2030	-0.068922133
2031	-0.114145486
2032	-0.237067046
2033	-3.509464287
2034	-5.050638027
2035	-5.226502405
2036	-4.93429798
2037	-3.747891727
2038	-4.904687326
2039	-3.234184282
2040	-0.539604044
2041	-0.150885475
2042	-0.290044351
2043	0.114354123
2044	-0.272151301
2045	-2.808375872
2046	-0.774389267
2047	0.214831867
2048	0.10919861
2049	0.251015537
2050	0.239896344
2051	-0.02361603
2052	-0.074223105
2053	-0.342016971
2054	-0.3968113
2055	-0.364656247
2056	-0.38378896
2057	-0.285535009
2058	0.067188817
2059	0.009051335
2060	-0.223666541
2061	-0.068276113
2062	-0.02622045
2063	-0.13905751
2064	-0.157121195
2065	0.019592824
2066	-0.32520273
2067	-0.402263736
2068	-0.752378952
2069	-0.117130026
2070	-0.218372666
2071	0.06324057
2072	0.227164219
2073	0.184232674
2074	-0.387304495
2075	-0.018540651
2076	0.094389649
2077	-0.157062748
2078	0.037633344
2079	0.110855019
2080	-0.092366442
2081	-0.009482844
2082	-0.018508605
2083	-0.055841508
2084	-0.32261266
2085	-0.063103502
2086	-0.156551833
2087	-0.066207234
2088	-0.04171416
2089	-0.055086816
2090	-0.302107485
2091	-0.729808219
2092	-0.374603248
2093	-0.159047719
2094	-0.485470527
2095	-0.218463801
2096	-0.078726394
2097	1.126439534
2098	-0.178163151
2099	-6.75696E-05
2100	-0.0863296
2101	-0.159427738
2102	-1.714818653
2103	-0.416489649
2104	-0.247132919
2105	-0.098298043
2106	-0.398277061
2107	0.111501426
2108	-0.397401861
2109	-0.407191006
2110	-0.018772975
2111	-0.150904596
2112	0.056570468
2113	-0.20312208
2114	-0.025469415
2115	0.204153011
2116	-0.631957213
2117	-0.192915283
2118	-0.304055613
2119	-0.284281927
2120	-0.158468058
2121	0.054999443
2122	-0.241149538
2123	0.030873121
2124	-0.237865631
2125	0.470559154
2126	0.015714346
2127	0.044682361
2128	0.119398727
2129	-0.214882875
2130	0.088178458
2131	-0.312719572
2132	0.041077969
2133	-0.165130599
2134	0.016772933
2135	-0.188334954
2136	0.032851437
2137	0.121321731
2138	-0.1897227
2139	-0.271306205
2140	-0.053724216
2141	-0.311817467
2142	-0.335896132
2143	-0.401594139
2144	-0.239729791
2145	-0.386629028
2146	0.024833835
2147	-0.059556673
2148	-0.114639742
2149	0.035773704
2150	-0.275026439
2151	-0.199543174
2152	-0.407231368
2153	-0.059171564
2154	-0.094522528
2155	-0.07901705
2156	-0.180822811
2157	-0.787872147
2158	-0.33743813
2159	-0.212627007
2160	-0.067031066
2161	-0.316316962
2162	-0.623503416
2163	-0.090475358
2164	-1.050709361
2165	-0.159290387
2166	0.227020368
2167	-0.118104913
2168	-0.409574054
2169	-0.859241296
2170	-0.036958142
2171	-0.211764334
2172	0.091542488
2173	-0.01296826
2174	-0.203993381
2175	-0.121089877
2176	-0.118240372
2177	-0.42687249
2178	-0.046949203
2179	-2.379818094
2180	-0.16298437
2181	-0.066939182
2182	-0.60333637
2183	-0.462239082
2184	-0.296030552
2185	-0.125145235
2186	-0.496487084
2187	-0.681472178
2188	-0.182450259
2189	-0.517241714
2190	0.10743737
2191	-0.451868983
2192	-0.040765721
2193	-0.068816912
2194	-0.086461165
2195	-0.001343286
2196	0.141132659
2197	-0.043110806
2198	-0.34437507
2199	-0.334278089
2200	-0.569160729
2201	-0.472362301
2202	-0.550458864
2203	-0.575130051
2204	-0.337341831
2205	-0.38483881
2206	-0.181105686
2207	-0.472740069
2208	-0.28891962
2209	-0.367561434
2210	-0.686082203
2211	-0.373199618
2212	-0.24226656
2213	-0.132718664
2214	-0.543803437
2215	0.014181675
2216	-3.415603569
2217	-0.119477685
2218	-0.090443975
2219	-0.235443302
2220	-0.219907768
2221	-0.546953494
2222	-2.609120154
2223	-2.851700036
2224	-2.770829899
2225	-0.182850969
2226	-0.047495452
2227	-0.356015542
2228	0.117904932
2229	0.240986527
2230	0.241265004
2231	-0.153979206
2232	-0.143829122
2233	0.007007853
2234	0.051653321
2235	0.089579416
2236	-0.137604334
2237	-0.363623983
2238	0.02970679
2239	-0.248640553
2240	-0.14822841
2241	-0.300578876
2242	-0.077322809
2243	0.0619506
2244	-0.181772836
2245	-0.268872879
2246	-0.188593817
2247	-0.226174812
2248	-0.227642891
2249	-0.269131315
2250	-0.374129922
2251	-0.093748813
2252	-0.282226264
2253	-0.065605442
2254	-0.772806892
2255	-0.104937739
2256	-0.135021319
2257	-0.171391719
2258	-0.110701805
2259	-0.418608183
2260	0.034760347
2261	-0.054049765
2262	-0.522474693
2263	-0.268293135
2264	-0.140165679
2265	-0.448664275
2266	-0.12040533
2267	0.142236112
2268	-0.122412921
2269	0.029959514
2270	-0.480103564
2271	-0.785401808
2272	-0.025036088
2273	-0.200841913
2274	-0.071232063
2275	-0.334970179
2276	0.025259953
2277	-0.267647402
2278	-0.043212043
2279	-0.400027523
2280	-0.484231375
2281	0.043654907
2282	-0.212281076
2283	-0.364564083
2284	-0.18008964
2285	-0.965736899
2286	-0.039885843
2287	0.066955683
2288	-0.294135715
2289	-1.94940798
2290	-0.925811649
2291	-3.499600289
2292	-3.577801472
2293	-3.037942708
2294	-3.082861488
2295	-2.122738055
2296	-3.067594283
2297	-2.86240464
2298	0.036878578
2299	0.086842465
2300	-0.252186414
2301	-0.446587275
2302	-0.83047975
2303	-0.492487008
2304	-0.024794362
2305	-0.726289356
2306	-0.138696449
2307	-0.149924299
2308	-0.106127047
2309	-0.382740316
2310	-0.228499875
2311	-0.218114535
2312	-0.153586784
2313	0.058312287
2314	-0.529641192
2315	-0.106313832
2316	-0.138211412
2317	0.193014784
2318	-0.046153541
2319	-0.132975419
2320	-0.250544775
2321	-0.119473666
2322	-0.012395647
2323	-0.442248098
2324	-0.979296835
2325	-0.305702002
2326	-0.358978669
2327	-0.121160832
2328	-0.299706487
2329	-0.342105158
2330	-0.435399622
2331	-0.260903779
2332	-0.103343656
2333	-0.2773298
2334	-0.197426793
2335	-0.043743876
2336	0.138608281
2337	-0.048791277
2338	0.08299084
2339	-0.332255222
2340	-0.002120192
2341	0.0626049
2342	0.021501178
2343	0.029768685
2344	0.211528292
2345	-0.158904041
2346	-0.031102531
2347	-0.057000148
2348	0.022222056
2349	-0.172656508
2350	-0.620372674
2351	-0.32570168
2352	-0.122734711
2353	-0.071012892
2354	-0.033420237
2355	-0.177501965
2356	-0.096749778
2357	-0.034451526
2358	0.009463836
2359	-0.045707962
2360	0.009775927
2361	-0.089733026
2362	-0.232610954
2363	0.115629083
2364	-0.132447391
2365	-0.047934171
2366	-0.589676803
2367	-0.234796163
2368	0.051746729
2369	0.161245005
2370	-0.18408708
2371	-0.179689043
2372	-0.128845139
2373	-0.070440116
2374	-0.151699489
2375	-0.367511218
2376	-0.155271366
2377	-0.20795312
2378	0.062494035
2379	-0.090511135
2380	0.397751217
2381	0.149986287
2382	-0.496713348
2383	-0.197878826
2384	-0.142852661
2385	-0.006462512
2386	-0.304553378
2387	0.010794959
2388	-0.340199127
2389	-0.05401954
2390	-0.291996933
2391	-0.295025665
2392	-0.452427221
2393	-0.154237831
2394	-0.067892215
2395	-0.214451835
2396	-0.191692977
2397	-0.217890631
2398	-0.15354768
2399	-0.12838655
2400	-0.355800287
2401	-0.232343107
2402	-0.051558249
2403	-0.196186747
2404	-0.05659859
2405	-0.07065161
2406	-1.231312059
2407	-0.144039835
2408	0.051006591
2409	-0.399215787
2410	-0.409288505
2411	-0.329852773
2412	-0.114231808
2413	-0.196449399
2414	-0.209191021
2415	-0.165707162
2416	-0.438271151
2417	0.072450366
2418	-0.096735184
2419	0.019544654
2420	-0.005845236
2421	0.103429495
2422	0.032575902
2423	-0.634746431
2424	-0.183290175
2425	-0.039295739
2426	0.00893683
2427	-0.429258864
2428	-0.256470838
2429	-0.099741334
2430	-0.408471665
2431	-0.352530897
2432	-0.001870491
2433	-0.003560699
2434	-0.061904859
2435	0.387875934
2436	-0.224320588
2437	-0.244630187
2438	0.104634062
2439	-0.013865465
2440	0.18882487
2441	-0.089346017
2442	0.122385754
2443	0.003414365
2444	-0.678363134
2445	-0.113983093
2446	-0.364016463
2447	-0.157605006
2448	-0.400095985
2449	-0.029220906
2450	-0.753440208
2451	-0.171816993
2452	-0.214850333
2453	-0.008681987
2454	0.162976933
2455	-0.117736074
2456	-0.137201197
2457	-0.703566622
2458	-0.149272365
2459	-0.22632831
2460	-0.466999725
2461	-0.578497377
2462	-0.169297318
2463	-0.156785726
2464	-0.079704843
2465	-0.378916557
2466	-0.158895661
2467	-0.205136176
2468	-0.487968982
2469	-0.36155526
2470	-0.469222961
2471	-0.316049922
2472	-0.139963138
2473	-0.180866099
2474	-0.305905429
2475	-0.302930507
2476	-0.183580017
2477	-0.110898078
2478	0.093281541
2479	-0.577512756
2480	-0.212830016
2481	-0.398314123
2482	-0.473987384
2483	-0.176524138
2484	-0.377588417
2485	0.079134813
2486	-0.045655259
2487	-0.128773836
2488	-0.073375147
2489	-0.081350297
2490	-0.237018805
2491	-0.32839737
2492	0.083428014
2493	-0.379091663
2494	0.10822465
2495	-0.257807253
2496	-0.185900485
2497	-0.45450554
2498	-0.239410292
2499	0.02533752
2500	-0.081405177
2501	-0.021870683
2502	-0.386021729
2503	-0.396703327
2504	-0.231883581
2505	-0.252888189
2506	0.220205773
2507	-0.177445958
2508	-0.389628761
2509	-0.345642514
2510	-2.211668214
2511	-2.963608878
2512	-3.079650546
2513	-0.221835116
2514	-0.049076696
2515	-0.007289643
2516	-0.180313432
2517	-0.314298223
2518	-0.039007381
2519	-0.299348873
2520	-3.287554514
2521	-3.37720193
2522	-0.907994855
2523	-0.632672301
2524	-0.192065848
2525	-0.657909365
2526	-0.325486927
2527	-0.353244304
2528	-0.07862685
2529	-0.116307933
2530	0.053472976
2531	-0.081435178
2532	-0.151205534
2533	0.249060542
2534	-0.991143957
2535	-0.347318951
2536	-0.095062949
2537	-0.138501531
2538	-0.260139914
2539	-0.397942822
2540	-0.224989704
2541	-0.110227423
2542	0.010994516
2543	-0.485865544
2544	-0.547270442
2545	0.005111992
2546	0.244087166
2547	-0.260193267
2548	-0.272766198
2549	-0.009768234
2550	-0.619995239
2551	0.065139141
2552	-0.207563726
2553	-0.092041456
2554	-0.241971668
2555	0.148725482
2556	-0.266205657
2557	-0.335864808
2558	0.189858871
2559	-0.030947019
2560	-0.216373313
2561	-0.026554809
2562	-0.368696937
2563	-0.077579608
2564	-0.122475412
2565	-0.152663655
2566	-0.367223244
2567	-0.140031101
2568	-0.05200443
2569	-0.70862276
2570	-0.262904283
2571	0.127552434
2572	-0.039599084
2573	-0.144247684
2574	-0.097005751
2575	-0.085694779
2576	-0.114127905
2577	-0.079584247
2578	-0.211325663
2579	-0.296467373
2580	0.063185512
2581	0.130019191
2582	-0.089703896
2583	0.260167605
2584	-0.190978724
2585	-0.198454955
2586	-0.12374699
2587	-0.415234254
2588	-0.359873783
2589	-0.18600517
2590	-0.408574081
2591	-0.350290626
2592	-0.444201525
2593	-0.38296724
2594	-0.302602869
2595	-0.015349149
2596	-0.366603103
2597	-1.307366434
2598	-0.381090529
2599	-0.166048071
2600	-0.154893832
2601	0.093234337
2602	-0.281354939
2603	-0.201945948
2604	-0.189569828
2605	0.282719819
2606	-0.188095539
2607	-0.03987944
2608	-0.443102054
2609	-0.330192157
2610	0.00556073
2611	-0.208150827
2612	-0.066174358
2613	-0.131211119
2614	-0.0170786
2615	-0.055894444
2616	-0.320664591
2617	-0.168702874
2618	-0.334500076
2619	0.023610712
2620	0.006660487
2621	0.109030563
2622	-0.023202674
2623	-0.369504734
2624	-0.178977065
2625	-0.251800462
2626	0.12209885
2627	-0.38423032
2628	-0.259669794
2629	0.056816457
2630	-0.380129868
2631	-0.101305385
2632	-0.311890146
2633	-0.22320114
2634	0.548620361
2635	-0.29142754
2636	-0.329790839
2637	0.254048502
2638	-0.298774321
2639	-0.038143025
2640	-0.287731924
2641	-0.200012761
2642	-0.174158396
2643	-0.24380433
2644	0.336831288
2645	0.144194058
2646	-0.058175203
2647	-0.129693141
2648	-0.409716319
2649	-0.281993668
2650	-0.281263642
2651	-0.360075173
2652	-0.38763643
2653	-1.402420936
2654	-0.163548572
2655	-0.34399141
2656	-0.44831808
2657	-0.775297248
2658	-0.706669282
2659	-0.452244165
2660	-0.246559904
2661	-0.359592072
2662	-0.312304913
2663	-0.043752946
2664	-0.375443589
2665	-0.594629408
2666	-0.198215937
2667	0.004660893
2668	-0.143418308
2669	-0.206086349
2670	-0.040027497
2671	-0.591145315
2672	-0.565670099
2673	0.001875614
2674	-1.005371612
2675	-0.805983332
2676	-0.313444479
2677	-0.229761981
2678	-0.236878704
2679	-0.625390556
2680	-0.396419102
2681	-0.201398973
2682	0.028306068
2683	-0.726511917
2684	-0.177364451
2685	-0.140939061
2686	-0.104321473
2687	-0.229654484
2688	-0.117764825
2689	-0.208062455
2690	-0.189394801
2691	-0.03414768
2692	0.318804221
2693	-0.290955861
2694	-0.024232015
2695	-0.207391557
2696	0.001588346
2697	-0.163373904
2698	0.008382154
2699	-0.390338961
2700	0.703498913
2701	-0.21097974
2702	-0.149531626
2703	-0.036171403
2704	-0.171073823
2705	-0.134117791
2706	-0.18074327
2707	-0.040947393
2708	-0.153072894
2709	-0.027570526
2710	-0.24066952
2711	-0.182407158
2712	-0.268366209
2713	0.257552669
2714	-0.320896943
2715	0.034616272
2716	-0.323990808
2717	-0.190610512
2718	-0.490386284
2719	-0.132353442
2720	-0.093275004
2721	-0.335671062
2722	-0.346823115
2723	-0.21436941
2724	-0.498225775
2725	-0.225739171
2726	0.336430976
2727	-0.311455039
2728	-0.147204133
2729	-0.037699553
2730	-0.524439179
2731	-0.20120595
2732	-0.22658551
2733	-0.096498501
2734	-0.133122286
2735	-0.208414386
2736	-0.476546923
2737	0.020872623
2738	-0.436252597
2739	-0.126377169
2740	-0.175599569
2741	-0.507126821
2742	-2.347553056
2743	-4.688102923
2744	-3.640120424
2745	-0.466724072
2746	-0.134325919
2747	-0.294678703
2748	0.109947092
2749	-0.337689653
2750	-0.117399073
2751	-0.141166636
2752	-0.041674981
2753	-0.093513175
2754	-0.384574644
2755	-0.423519402
2756	-0.153437722
2757	-0.193705057
2758	-0.451533426
2759	0.067987844
2760	-0.071512982
2761	-0.156064255
2762	-0.066647948
2763	-0.17835736
2764	-0.247326204
2765	-0.003587122
2766	-0.22139382
2767	-0.418259587
2768	-0.488073474
2769	-0.359545132
2770	-0.143309969
2771	-0.396504234
2772	-0.160712248
2773	-0.141360173
2774	-0.126045018
2775	-0.493658833
2776	-0.026018187
2777	-0.163792914
2778	-0.597982016
2779	-2.901703276
2780	-0.240044662
2781	-0.292259185
2782	-0.457096832
2783	-2.694932406
2784	0.069444706
2785	-0.087523989
2786	-0.428104993
2787	-0.204826009
2788	-0.415784263
2789	0.095550723
2790	-0.264756249
2791	-0.167907942
2792	-0.248624185
2793	-0.328325568
2794	-0.392240174
2795	-0.176548573
2796	-0.328271329
2797	-0.228461508
2798	-0.344336405
2799	-0.527042127
2800	-0.039774238
2801	-0.374400913
2802	-0.456823253
2803	-0.186801566
2804	-0.130915332
2805	-0.063965424
2806	-0.029587127
2807	-0.167067444
2808	-0.109887884
2809	-0.300433309
2810	-0.203902161
2811	-0.492361849
2812	-0.197244737
2813	-0.261941351
2814	-0.284668179
2815	-0.487871365
2816	-0.391596886
2817	-0.358155481
2818	-0.530057014
2819	-0.348873892
2820	-0.126194337
2821	-0.251906669
2822	-0.349371339
2823	-0.069831615
2824	-0.114245546
2825	-0.187715644
2826	-0.04343343
2827	0.206564773
2828	0.168627928
2829	-0.367016996
2830	-0.345114582
2831	-0.396603643
2832	-0.167751793
2833	-0.029635783
2834	-0.704161755
2835	-0.683832071
2836	-0.462701734
2837	-0.110356914
2838	-0.015788909
2839	-0.179033297
2840	-1.129897569
2841	-0.186106336
2842	-0.199639414
2843	-0.128825727
2844	-0.372216526
2845	-0.255619671
2846	-0.200578204
2847	-0.301499353
2848	-0.089591232
2849	-0.096413169
2850	0.062303268
2851	-0.079538992
2852	-0.210492721
2853	-0.284144367
2854	-0.238039102
2855	-0.290424228
2856	-0.406732942
2857	-0.175004018
2858	-0.198467882
2859	0.133559398
2860	-0.147906416
2861	-0.299392362
2862	-0.438817214
2863	-0.229782661
2864	-0.183905954
2865	-0.07847489
2866	-0.465604764
2867	-0.193435091
2868	-0.221660821
2869	-0.16622492
2870	-0.136747941
2871	-0.338500528
2872	-0.481947118
2873	-0.174303122
2874	-0.125735232
2875	-0.160591063
2876	-3.089553763
2877	-3.588231293
2878	-0.073772132
2879	-3.800382407
2880	-4.532905426
2881	-4.282568732
2882	-3.337058876
2883	-2.084518575
2884	-1.273014769
2885	-2.829249226
2886	-2.672812292
2887	-3.997118812
2888	-3.296764281
2889	-0.601381393
2890	-1.398650662
2891	-1.431572814
2892	-2.895324777
2893	-3.820281566
2894	-2.4544176
2895	-3.81108671
2896	-3.852546843
2897	-3.562618498
2898	-1.976843746
2899	-3.020749708
2900	-1.971327035
2901	-1.36108992
2902	-1.576943369
2903	-1.446425515
2904	-1.226171439
2905	-3.060316966
2906	-4.051452638
2907	-5.273850508
2908	-4.414351553
2909	-4.233947833
2910	-4.665791932
2911	-3.257049706
2912	-3.280398515
2913	-4.120385591
2914	-4.576451374
2915	-3.488634691
2916	-3.090578776
2917	0.254809401
2918	-2.7858193
2919	-3.06338744
2920	-0.644225153
2921	0.345213301
2922	-0.706368139
2923	-0.455516819
2924	-2.52455489
2925	-2.755814569
2926	-2.544972992
2927	-3.449297539
2928	-3.984975805
2929	-4.130177682
2930	-4.31541008
2931	-2.394355282
2932	-0.303207967
2933	-0.46368865
2934	-0.048292942
2935	-0.567010763
2936	-0.179950651
2937	-0.244316693
2938	0.111563749
2939	-0.351729505
2940	-0.210143759
2941	-0.152677368
2942	-0.149116422
2943	-0.359510898
2944	-0.113668528
2945	-0.096164321
2946	-0.299448315
2947	-0.357514896
2948	-0.330681908
2949	-0.308425487
2950	-0.277493458
2951	-0.198269404
2952	-0.280510319
2953	-0.255041625
2954	-0.733012658
2955	-0.754348475
2956	-0.388046527
2957	-0.407383642
2958	-0.23195172
2959	-0.412499083
2960	-0.151210417
2961	-0.280723055
2962	-0.323579324
2963	-0.46503043
2964	0.137944795
2965	0.095156496
2966	-0.399408937
2967	-0.407773301
2968	0.146231546
2969	-0.359911519
2970	-0.475834798
2971	-0.211390736
2972	-0.384407447
2973	-0.499668661
2974	-0.105774741
2975	-0.288169594
2976	-0.178571364
2977	-0.366626957
2978	-0.288129542
2979	0.082734965
2980	-0.217808461
2981	-0.149309581
2982	-0.120083978
2983	-0.264430006
2984	-0.32289067
2985	-0.078587846
2986	-0.387498469
2987	-0.321800905
2988	-0.233298143
2989	-0.094768119
2990	-0.227275792
2991	-0.418348105
2992	-0.119742098
2993	-0.310926779
2994	-0.390250478
2995	-0.195289596
2996	-0.115343147
2997	-0.30916082
2998	-0.165174531
2999	-0.27549903
3000	-0.222206598
3001	-0.255353456
3002	-0.480130665
3003	-0.338266819
3004	0.123425802
3005	-0.753727403
3006	-0.315623635
3007	-0.366957145
3008	-0.980397246
3009	-0.415918122
3010	0.251776581
3011	0.466014114
3012	-0.162127645
3013	-0.240770377
3014	-0.441744866
3015	-0.20221612
3016	-0.108152537
3017	-0.209082732
3018	-0.354208884
3019	-0.191822323
3020	-0.253598228
3021	-0.224836853
3022	-0.187694407
3023	-0.172602387
3024	-1.591181026
3025	-0.037185888
3026	-0.365967102
3027	-0.170245127
3028	-0.199406575
3029	-0.305936689
3030	-0.255934927
3031	0.357509118
3032	-0.010996603
3033	-0.550197411
3034	-0.192043873
3035	-0.343535413
3036	-0.43952813
3037	-0.65906217
3038	-0.166591705
3039	-0.289752447
3040	-0.235858309
3041	-0.294592406
3042	-0.289443798
3043	-0.328844856
3044	0.081590501
3045	0.061428183
3046	-0.311934349
3047	0.007506415
3048	-0.394580781
3049	-0.269346794
3050	-0.171061724
3051	0.023280842
3052	-0.290503021
3053	-0.066513005
3054	-0.124571674
3055	0.089301282
3056	-0.338329467
3057	-0.414090364
3058	-0.202750689
3059	-0.573620326
3060	-1.131331144
3061	-0.771185502
3062	-1.40003316
3063	-0.209986089
3064	0.224160882
3065	-0.060077221
3066	-0.207430322
3067	0.127787124
3068	-0.12477447
3069	-0.248027193
3070	-0.429696495
3071	-0.512012523
3072	-0.316297449
3073	-0.142462848
3074	-0.049142752
3075	-0.877594678
3076	-3.513489106
3077	-0.40090316
3078	-0.128554509
3079	-0.173890516
3080	-0.031496154
3081	-0.244485619
3082	0.047999651
3083	-0.527616628
3084	-0.325087278
3085	-0.481620777
3086	-0.701284044
3087	-0.110031822
3088	-0.355343399
3089	-0.146128337
3090	-0.447721255
3091	-0.74371547
3092	-1.097102249
3093	-0.079179214
3094	-0.561597182
3095	-0.496931505
3096	-0.4306611
3097	-0.281521089
3098	-0.483016631
3099	-0.512694759
3100	0.151248508
3101	-1.503725459
3102	0.014661821
3103	-0.292113311
3104	-0.194154663
3105	-0.133851511
3106	-0.050464175
3107	-0.406458145
3108	-0.253538737
3109	-0.278678637
3110	-0.055564969
3111	-0.09093981
3112	-0.596618501
3113	-0.879271936
3114	-0.433894898
3115	-0.383527857
3116	-0.222600604
3117	-0.066990819
3118	-0.353189518
3119	-0.511768217
3120	-0.537064995
3121	-0.731313854
3122	-2.270219342
3123	-0.549068719
3124	0.089407244
3125	-0.634197949
3126	-0.330096381
3127	-0.71498465
3128	-5.070315507
3129	-5.657586346
3130	-6.045824905
3131	-5.570008221
3132	-4.566498107
3133	-5.035728564
3134	-2.232419427
3135	-5.602485224
3136	-5.148917382
3137	-5.20383404
3138	-4.228513236
3139	-3.502379587
3140	-3.255123654
3141	-0.285766651
3142	-0.509252872
3143	-0.00539385
3144	-0.444631853
3145	-0.62814198
3146	-0.492457858
3147	-0.37610125
3148	-0.182313257
3149	-0.556595286
3150	-0.068986746
3151	-0.327186785
3152	-0.504409819
3153	-0.176550193
3154	-0.213884305
3155	-0.263373357
3156	0.002988311
3157	-0.114863041
3158	-0.089503427
3159	-0.127905284
3160	-0.334375993
3161	-0.039569755
3162	-0.375289911
3163	-0.054559203
3164	-0.134798746
3165	0.116216272
3166	-0.098929219
3167	-0.346851306
3168	-0.255374932
3169	-0.126415344
3170	-0.320869527
3171	-0.61957433
3172	-0.551917126
3173	0.025254344
3174	-0.53189004
3175	-0.291683658
3176	-0.552641889
3177	-0.490972837
3178	-0.266211737
3179	-0.370637343
3180	-0.283231332
3181	-0.418384829
3182	-0.228772418
3183	-0.095486032
3184	-0.091307643
3185	0.900536362
3186	-0.226311447
3187	0.057358783
3188	-0.132242602
3189	-0.154249129
3190	-0.280636484
3191	-0.259119055
3192	-0.569725244
3193	-0.170950231
3194	-0.28843605
3195	-0.266061185
3196	-0.508543384
3197	-0.220416559
3198	-0.74615503
3199	-1.116700752
3200	-0.24497902
3201	-0.349329726
3202	-0.559975444
3203	-0.034643445
3204	-0.143531638
3205	-0.201939034
3206	0.034128725
3207	0.018409302
3208	-0.380680961
3209	-0.195842992
3210	-0.462132754
3211	-0.380444466
3212	-0.20802292
3213	-0.081158057
3214	-0.400024481
3215	-0.545287483
3216	-0.62410802
3217	-0.063217991
3218	-0.456544233
3219	-0.284142348
3220	-0.449262051
3221	-0.262637144
3222	-0.318120796
3223	-0.27117051
3224	0.041344623
3225	-0.251049389
3226	-0.089318312
3227	0.285884931
3228	-0.198919359
3229	-0.257973966
3230	0.34312248
3231	-4.153397084
3232	-0.319227192
3233	-0.40338707
3234	-0.18509549
3235	-0.670511171
3236	-0.200139897
3237	-0.192292103
3238	-0.111622989
3239	-0.378023368
3240	-0.090737419
3241	-0.447291028
3242	-0.382873579
3243	0.063648893
3244	-0.104376386
3245	-0.173510606
3246	0.108733453
3247	-0.218669709
3248	-0.293716462
3249	-0.165818495
3250	-0.491061596
3251	-0.313260174
3252	-0.340379108
3253	-0.49955922
3254	-0.198274345
3255	-0.011776719
3256	-0.32242126
3257	-0.533903241
3258	-0.451332458
3259	-0.273460028
3260	-0.352096428
3261	-0.214104286
3262	-0.549229749
3263	-0.09896025
3264	-0.402209741
3265	-0.248081525
3266	-0.122246016
3267	-0.1039868
3268	-0.266860065
3269	-0.321737781
3270	-0.290186429
3271	-0.198740955
3272	-0.396393305
3273	-0.198161595
3274	-0.151792514
3275	-0.099711059
3276	-0.179458616
3277	-0.382040835
3278	-0.386170335
3279	-0.297679509
3280	-0.579065455
3281	-0.190520645
3282	-0.841905111
3283	-0.483996705
3284	-0.537227899
3285	-0.25422496
3286	0.030981081
3287	0.061125546
3288	-0.597683926
3289	-0.602311201
3290	-0.327737674
3291	-0.359567136
3292	-0.2865761
3293	-0.281050574
3294	-0.364292301
3295	-0.612466308
3296	-0.350553177
3297	-0.047129532
3298	0.462029949
3299	-0.225916322
3300	-0.336488886
3301	-0.473418025
3302	-0.290553085
3303	-0.686667693
3304	-0.02730973
3305	-0.412754442
3306	-0.474554044
3307	-0.242692401
3308	-1.423206364
3309	-0.433034573
3310	-4.467476242
3311	-5.374127865
3312	-5.63573586
3313	-5.066159068
3314	-4.616288015
3315	-4.962192924
3316	-6.173090522
3317	-4.579095641
3318	-6.057818451
3319	-5.670444681
3320	-5.578526645
3321	-4.548713718
3322	-4.791456097
3323	-3.857888286
3324	-4.957830916
3325	-5.687748734
3326	-5.017468524
3327	-5.61011339
3328	-0.141582391
3329	-4.544574283
3330	-4.53460662
3331	-5.184143919
3332	-4.262947096
3333	-3.81889639
3334	0.047570201
3335	-0.242804106
3336	-0.344421676
3337	-0.459851729
3338	-0.422940576
3339	-0.238077959
3340	-0.378698519
3341	0.162708278
3342	-0.812195695
3343	-0.24450779
3344	-0.752051944
3345	-0.38437528
3346	-0.672583047
3347	-0.682861505
3348	0.270719967
3349	-0.554439205
3350	-0.50277974
3351	-0.497575092
3352	-0.571269439
3353	-0.400166054
3354	-0.62290301
3355	-4.648469141
3356	-5.473498111
3357	-5.493373559
3358	-4.249772165
3359	-5.390328379
3360	-5.185820406
3361	-5.346736582
3362	-6.781581108
3363	-5.744944467
3364	-5.88458372
3365	-5.170800412
3366	-4.411107591
3367	-3.671332587
3368	-3.703435139
3369	-3.692381297
3370	-4.221585427
3371	-3.892829226
3372	-2.059998257
3373	-0.37450495
3374	-0.374233677
3375	0.007013143
3376	-0.249931556
3377	-0.33687115
3378	-0.273999371
3379	-3.46961991
3380	-0.418279978
3381	-0.360400366
3382	-0.270817771
3383	-0.105315134
3384	-0.568526368
3385	-0.354800759
3386	-0.35163958
3387	-0.361340801
3388	-0.333247411
3389	-0.273562372
3390	-0.258124039
3391	-0.439775123
3392	0.20806289
3393	-0.669925367
3394	-0.400193391
3395	-0.221362461
3396	-0.344245034
3397	-0.538011899
3398	-0.178448503
3399	-0.225932929
3400	-0.286194835
3401	-0.280003297
3402	-0.368884671
3403	-0.424734256
3404	-0.360431793
3405	-0.384687427
3406	-0.176927905
3407	-0.16664573
3408	-0.289164768
3409	-0.407264811
3410	-0.163563515
3411	-0.364221879
3412	-0.379198633
3413	-0.109420255
3414	-0.152857534
3415	-0.43088099
3416	-0.124134444
3417	-0.533019897
3418	-0.422357689
3419	-0.190169467
3420	-0.316332888
3421	-0.468591519
3422	-0.40977583
3423	-0.440154181
3424	-0.461539595
3425	-0.520858208
3426	-0.492187107
3427	-0.369941151
3428	-0.788515379
3429	-0.757174377
3430	-0.13640512
3431	-0.38090499
3432	-0.357110149
3433	-0.01798595
3434	-3.460848754
3435	-0.320012058
3436	-0.303815295
3437	-0.23693207
3438	-0.323194751
3439	-0.169274036
3440	-0.357281778
3441	-0.600804451
3442	-0.326443551
3443	-0.042791399
3444	-0.220182299
3445	-0.171279296
3446	-0.26942529
3447	-0.902521576
3448	-0.170433991
3449	-0.236422729
3450	-0.674339387
3451	-0.303355009
3452	-0.349530802
3453	-0.405131615
3454	0.250113999
3455	-0.62873196
3456	-0.077292937
3457	-0.260703618
3458	-0.241966603
3459	-0.067941375
3460	-0.243799205
3461	-0.558251529
3462	-0.47065445
3463	-0.483897655
3464	0.325836071
3465	-0.214074183
3466	-0.282479177
3467	-0.11069357
3468	-0.335224854
3469	-0.100586901
3470	-0.534281252
3471	-0.338818897
3472	-0.336968071
3473	-0.234837407
3474	-0.285510656
3475	-0.183424467
3476	-0.073659501
3477	-0.249735047
3478	-0.499181054
3479	-0.492949802
3480	-0.376325752
3481	-0.246455822
3482	-0.592505478
3483	-0.321711895
3484	-0.833718827
3485	-0.206270313
3486	-0.315704444
3487	-0.408178973
3488	-0.742895626
3489	-0.62727784
3490	-0.298189948
3491	-0.315499757
3492	-0.431731778
3493	-0.57032666
3494	-0.264516563
3495	-0.356829571
3496	-0.509412807
3497	-0.409610179
3498	-0.235420567
3499	-0.400641325
3500	-0.424849103
3501	-0.357589171
3502	-0.428707899
3503	-0.848366525
3504	-0.252722831
3505	-0.366286404
3506	-0.381184454
3507	-0.098433142
3508	-0.474416267
3509	-0.313691503
3510	-0.471298787
3511	-0.161747164
3512	-0.640063728
3513	-0.349543754
3514	-0.249148437
3515	-0.359341926
3516	-0.182401346
3517	-0.239703103
3518	-0.559291014
3519	-0.506950369
3520	-0.451222164
3521	-0.795597854
3522	-0.56584577
3523	-0.566466568
3524	-0.331634088
3525	-0.705021229
3526	0.009667915
3527	-0.313990116
3528	-0.363685911
3529	-0.497101382
3530	-0.595786679
3531	-0.23841248
3532	-0.565036492
3533	-0.576237914
3534	-0.438173289
3535	-0.553283836
3536	-0.140186265
3537	-0.289084786
3538	-0.521586658
3539	-0.790746816
3540	-0.51119235
3541	-0.409039193
3542	-0.418125467
3543	-0.364542702
3544	-0.671258333
3545	-0.218704104
3546	-0.447541668
3547	-0.489891386
3548	-0.306487013
3549	-0.192739001
3550	-0.136258439
3551	-0.641428974
3552	-0.650361103
3553	-0.178017758
3554	-0.278817863
3555	-0.480929013
3556	-0.397413338
3557	-1.108862963
3558	-0.653538314
3559	-0.448518515
3560	-0.333900515
3561	0.066160113
3562	-0.416317244
3563	-0.370752341
3564	-0.455404196
3565	-0.470012268
3566	0.05330117
3567	-0.463489997
3568	-0.313346802
3569	-0.175385796
3570	-0.48191028
3571	-0.743388602
3572	-0.760621563
3573	-0.373166083
3574	-0.861794396
3575	-0.302220921
3576	-0.423969163
3577	-0.700944076
3578	-0.266499205
3579	-0.603930207
3580	-0.786569387
3581	-0.426523783
3582	-0.352527445
3583	-0.59682912
3584	-0.276259231
3585	-0.186102963
3586	-0.579220564
3587	-0.725485078
3588	-0.276446742
3589	-0.424297095
3590	-0.887564832
3591	-0.449961174
3592	-0.785845583
3593	-0.586135261
3594	-0.6572394
3595	-0.64428883
3596	-0.391488679
3597	-0.84238027
3598	-0.75351445
3599	-0.616395497
3600	-0.611974097
3601	-0.717120346
3602	-4.67759866
3603	-0.577032515
3604	-0.550210868
3605	-0.52592248
3606	-0.394133003
3607	-0.579903203
3608	-0.581988484
3609	-3.787227904
3610	-3.967429716
3611	-4.553747948
3612	-0.42492635
3613	-0.377015717
3614	-0.637364998
3615	-0.713180262
3616	-0.561846262
3617	-0.518950901
3618	-0.393385841
3619	-0.442977116
3620	0.133325493
3621	-0.673769299
3622	-0.05466895
3623	-0.577914016
3624	-0.472161516
3625	-0.993045317
3626	-0.398380524
3627	-0.319011603
3628	-0.430437376
3629	-0.336616897
3630	-0.76886208
3631	-0.751570994
3632	-0.563128052
3633	-0.41037263
3634	-0.621411972
3635	-0.385341301
3636	-0.101186976
3637	-0.534554315
3638	-0.46970405
3639	-0.81250838
3640	-0.845857474
3641	-0.400501991
3642	-0.668071051
3643	-0.247498563
3644	-0.407747798
3645	0.291358391
3646	-0.128320753
3647	-0.513897959
3648	-0.549909766
3649	-0.556986531
3650	-0.232580453
3651	-0.316229405
3652	-0.606371977
3653	-0.474636941
3654	-0.633168338
3655	-0.19676014
3656	-0.430433848
3657	-0.590836884
3658	-0.441824862
3659	-0.225748494
3660	-0.244596148
3661	-5.555562778
3662	-5.387531524
3663	-5.767762322
3664	-5.859678436
3665	-4.535384639
3666	-5.375852193
3667	-5.743284478
3668	-5.285776445
3669	-5.553069343
3670	-5.836388584
3671	-5.032823077
3672	-0.465702014
3673	-0.385167029
3674	5.702630932
3675	4.873089035
3676	3.748354291
3677	2.964224767
3678	0.781747036
3679	0.18792122
3680	-0.28305174
3681	2.889332741
3682	4.457128866
3683	4.673808608
3684	4.854641502
3685	3.059474182
3686	NULL
3687	4.956394665
3688	4.714543032
3689	4.340865926
3690	3.330324226
3691	1.478684867
3692	3.746242345
3693	4.758547855
3694	4.081338907
3695	-0.28486323
3696	-0.435077635
3697	1.148696094
3698	-0.117900343
3699	0.20909269
3700	0.42751473
3701	0.148669622
3702	-0.375857375
3703	0.183662136
3704	4.575653481
3705	3.735643363
3706	2.379016954
3707	-0.486889658
3708	0.144789558
3709	0.064746683
3710	0.933966131
3711	0.0809725
3712	3.628591679
3713	0.710009414
3714	2.62590144
3715	2.785307096
3716	-0.560553334
3717	0.35710206
3718	3.30563349
3719	-0.024305919
3720	0.086475053
3721	1.009615015
3722	-0.027769404
3723	2.886566097
3724	-0.363940062
3725	0.20397593
3726	-0.354402948
3727	0.540501892
3728	4.135677912
3729	4.090677218
3730	4.527021723
3731	0.166959604
3732	-0.028392269
3733	-0.217416994
3734	-0.568993256
3735	-0.1237909
3736	NULL
3737	4.2812654
3738	4.113451778
3739	0.148942775
3740	3.599909837
3741	3.913239162
3742	3.89462048
3743	4.035386424
3744	3.191549739
3745	-1.828849003
3746	NULL
3747	0.635651331
3748	2.766638849
3749	4.21950556
3750	-2.28127171
3751	0.068003809
3752	0.055290934
3753	1.340928137
3754	6.50662418
3755	4.598587702
3756	0.105989897
3757	3.324894502
3758	4.755730667
3759	0.085411599
3760	4.229272089
3761	0.029723406
3762	-0.200115546
3763	-0.032450224
3764	0.22902349
3765	-0.054035654
3766	-0.274503541
3767	2.782248334
3768	-0.22142124
3769	5.855911919
3770	4.473935058
3771	3.900771651
3772	3.892288372
3773	4.700215672
3774	4.504735652
3775	3.238365523
3776	3.681933919
3777	-0.079065788
3778	2.092317355
3779	-0.395811263
3780	2.706094714
3781	2.52133107
3782	-0.392757955
3783	3.887844689
3784	4.253984446
3785	2.726715896
3786	-0.08900151
3787	0.519567734
3788	-0.164379697
3789	-0.362433312
3790	-0.222154466
3791	0.158533498
3792	3.096216982
3793	3.796757886
3794	4.526355411
3795	3.116915103
3796	2.340581236
3797	2.409648429
3798	1.275481223
3799	-0.002734229
3800	-0.122115515
3801	2.716761395
3802	-0.984234654
3803	-0.180610429
3804	4.008876706
3805	1.111702081
3806	-0.366868034
3807	4.019072386
3808	4.306266933
3809	1.082669822
3810	3.26505276
3811	3.735533688
3812	4.631087182
3813	2.31338224
3814	4.831913749
3815	-0.382531398
3816	-0.285020958
3817	-0.432296407
3818	0.343902795
3819	0.136026855
3820	-1.558620224
3821	2.76609993
3822	-0.461956326
3823	-0.522582195
3824	2.008536466
3825	2.451521448
3826	0.260003373
3827	0.09639289
3828	0.339301406
3829	1.411014647
3830	-0.153761573
3831	0.757422149
3832	NULL
3833	0.97812851
3834	4.186888454
3835	3.944698995
3836	3.533218408
3837	4.719491355
3838	4.413986799
3839	3.592078824
3840	0.889373047
3841	5.088619668
3842	3.762972637
3843	3.491939085
3844	4.218145847
3845	4.183919643
3846	2.405626811
3847	5.203191222
3848	5.109638839
3849	4.895128069
3850	5.605957627
3851	4.260425949
3852	3.71718481
3853	0.567093251
3854	NULL
3855	0.273860174
3856	0.72991647
3857	-0.492792893
3858	0.362991171
3859	-0.288325067
3860	0.305642015
3861	-0.037580969
3862	-0.617458661
3863	0.124407001
3864	1.868482768
3865	0.225493872
3866	NULL
3867	0.431233233
3868	-4.054574927
3869	-0.294195511
3870	NULL
3871	1.03844541
3872	2.637525441
3873	-0.447614041
3874	0.205411821
3875	2.579695103
3876	-0.197235019
3877	1.427060786
3878	-0.21384553
3879	0.602666658
3880	2.36870989
3881	4.029494581
3882	-0.303215794
3883	0.42832559
3884	-0.003964392
3885	1.406541917
3886	3.013684297
3887	4.226559981
3888	4.059905748
3889	3.570073204
3890	4.780341753
3891	4.213711839
3892	3.77914911
3893	4.219085341
3894	-1.048373889
3895	0.256213389
3896	0.082850957
3897	0.885165831
3898	-0.157279986
3899	-1.302998586
3900	-1.651306441
3901	-1.670215372
3902	0.637494499
3903	2.732876751
3904	1.573128994
3905	0.571301206
3906	-0.345682669
3907	-1.110485571
3908	0.139055621
3909	-0.576692273
3910	1.933070942
3911	2.308278867
3912	NULL
3913	0.317076034
3914	1.761039662
3915	0.845265691
3916	0.895616088
3917	4.788758228
3918	5.324817488
3919	4.830065608
3920	3.80820645
3921	3.147861641
3922	4.660666786
3923	5.555607139
3924	4.278645532
3925	3.478788428
3926	1.621976844
3927	1.194057772
3928	-0.38948114
3929	NULL
