1	-0.300797968
2	-0.142742716
3	-0.209110448
4	-0.599508318
5	-0.528564598
6	-0.040498549
7	0.188087707
8	-0.709465223
9	0.026819024
10	-0.284257547
11	-0.844800969
12	-0.953847628
13	-1.100914828
14	-0.169646656
15	-0.578665808
16	-0.367294173
17	-0.469493293
18	-0.632844288
19	0.022567854
20	-0.055827215
21	-0.229121199
22	-0.57680285
23	-0.556632479
24	-0.262983427
25	-0.561429106
26	-0.386505243
27	-0.498231064
28	-0.848787504
29	-0.328329805
30	-0.080760887
31	0.261382042
32	-0.546460631
33	-0.324623427
34	-0.036407332
35	-0.020913111
36	0.0104114
37	-0.153277906
38	0.044832149
39	-0.151743279
40	-0.218147111
41	-0.902724742
42	-0.662966591
43	-0.846739078
44	-0.573943679
45	-0.210265338
46	-0.311136037
47	0.36274115
48	-0.471692683
49	-0.311054535
50	-0.131117724
51	-0.085632108
52	-0.089673773
53	0.029345533
54	-0.11840451
55	-0.20225238
56	-0.152218623
57	-0.516478132
58	-0.687316151
59	0.365381316
60	0.140032868
61	-0.361166816
62	-0.335810434
63	-0.285358128
64	-0.38045147
65	-0.813682462
66	-0.066275448
67	-0.334129236
68	-0.354295878
69	-0.495156338
70	-0.004618002
71	-0.086423251
72	0.18151074
73	-0.653457614
74	-0.569628184
75	-0.199111304
76	-0.14128073
77	-0.724356235
78	-0.42231588
79	-0.063615091
80	-0.374002275
81	-0.182491561
82	-0.648937162
83	-0.358954381
84	-0.446872561
85	-0.326216098
86	-0.443068604
87	0.077296149
88	-0.386587865
89	-0.322292543
90	-0.303681367
91	-0.51899823
92	-0.184356224
93	-0.322224066
94	-0.209228255
95	-0.320197907
96	-0.136177545
97	0.367779611
98	0.027585593
99	-0.048720547
100	-0.184906425
101	-0.471623971
102	-0.23684754
103	-0.248929519
104	-0.408961621
105	-0.197157058
106	0.044926668
107	-0.224773762
108	-0.212904929
109	-0.528567829
110	0.237371596
111	0.112227553
112	-0.213223612
113	-0.412845599
114	0.034440542
115	0.397298993
116	-0.171084906
117	-0.413932411
118	-0.288612743
119	-0.115839079
120	0.031289077
121	-0.160377316
122	-0.44729956
123	0.205399195
124	0.240749514
125	0.43980352
126	-0.552306689
127	0.246535694
128	0.096945295
129	-0.341357905
130	0.167791729
131	-0.427672575
132	0.222504768
133	-0.403615706
134	0.075797993
135	-0.014693521
136	-0.119603487
137	-0.305988328
138	-0.352589073
139	-0.042795137
140	-0.195757007
141	-0.294441395
142	-0.712474081
143	-0.928103714
144	-0.559225479
145	0.571363432
146	0.339903406
147	-0.403103906
148	-0.421590153
149	-0.574917692
150	-0.397389737
151	-0.587284934
152	-0.059645662
153	-0.227079341
154	-0.749095123
155	0.011238403
156	-0.717276036
157	-0.639280681
158	0.013191449
159	-0.105767972
160	-1.102276734
161	-0.385113281
162	-0.363806064
163	-0.551272396
164	-0.470520597
165	-0.083139521
166	0.215759371
167	-0.467754129
168	-0.416752183
169	0.214536741
170	0.041218495
171	-0.254990294
172	-0.139230335
173	-0.090921003
174	0.125733041
175	-0.003868715
176	-0.137010477
177	-0.733313627
178	-0.202165266
179	-0.394582062
180	-0.378367614
181	-0.226853991
182	-0.244462048
183	-0.605224433
184	0.328448953
185	-0.241838935
186	0.109449395
187	0.329632991
188	0.021518677
189	-0.362694402
190	-0.298288776
191	0.349460809
192	-0.166589809
193	-0.189621015
194	-0.078952442
195	0.193864786
196	-0.153886204
197	0.201151759
198	-0.042774641
199	-0.102181669
200	0.125299879
201	0.42634942
202	0.139979357
203	0.283620588
204	-0.437653086
205	-0.22327733
206	-2.04294048
207	-0.501495317
208	-0.325234435
209	-0.613214017
210	-0.250273519
211	0.12081973
212	-0.398177863
213	-0.241576556
214	-0.373138403
215	-3.106196217
216	-3.066611035
217	0.009898921
218	-0.561948568
219	-2.751968103
220	-3.601645308
221	-0.209952149
222	-0.044705598
223	-0.13104521
224	-0.117474568
225	-0.318002419
226	-0.041273169
227	0.02218884
228	-0.085870139
229	-0.278418205
230	-0.305666091
231	-0.206206327
232	-0.615848426
233	-0.734898981
234	-0.812921739
235	-0.714075634
236	-0.452257782
237	-0.833626472
238	-0.707725164
239	-0.154289416
240	-0.25674437
241	-0.852971854
242	-1.695836723
243	-0.475026513
244	-1.759301346
245	-3.361658041
246	-5.132539653
247	-4.268556461
248	-1.455589834
249	-0.577187904
250	-0.047568484
251	-0.296380585
252	-0.340260079
253	-0.370687125
254	-0.325731877
255	-0.52577575
256	-0.441329474
257	0.036367363
258	-0.611839279
259	0.152803435
260	-0.217216447
261	0.336846412
262	-0.188314042
263	0.084957385
264	0.299002074
265	-0.129900238
266	-0.294213607
267	0.064906095
268	0.195801125
269	-0.904061485
270	0.268846163
271	-0.269018558
272	-0.284504136
273	-0.207356514
274	-0.045027959
275	-0.617852598
276	0.219133841
277	-0.001580438
278	-0.126883699
279	-0.385764059
280	0.185432119
281	-0.290655136
282	-0.100381888
283	-0.058546024
284	-0.225539747
285	-0.307682684
286	-0.465420966
287	-0.18441287
288	-0.436205938
289	0.083345093
290	0.484334314
291	-0.150951398
292	0.061079407
293	-0.454920336
294	0.156949202
295	-0.640308611
296	0.62468426
297	-0.261313492
298	-0.334575571
299	-0.478691658
300	0.001597826
301	-0.010975406
302	-0.240577612
303	-0.329648207
304	0.020205456
305	-0.586274263
306	-0.24217434
307	-0.384440668
308	-0.357686784
309	-0.158977952
310	-0.07385087
311	0.040522764
312	-0.126042298
313	-0.155752379
314	-0.241443294
315	-0.597896596
316	-0.871124758
317	-0.128430721
318	-0.502616379
319	0.015674917
320	-0.302407645
321	0.005710786
322	0.006862559
323	0.745281106
324	0.066312044
325	-0.051215847
326	0.439928562
327	-0.209369114
328	-0.070085696
329	-0.678191324
330	0.128116293
331	-0.186874784
332	-0.242810196
333	-0.191766617
334	-0.214051751
335	-0.233297767
336	-0.640632304
337	-0.379590663
338	0.13407227
339	-0.443462198
340	0.031220162
341	-0.666638841
342	-1.733821938
343	-0.44615812
344	-1.623020066
345	-0.030575266
346	-0.06808975
347	-0.127023216
348	-0.367820324
349	-0.433723582
350	-0.396024329
351	-0.31093193
352	0.024926642
353	0.114379903
354	-0.088955639
355	-0.04609956
356	0.497817106
357	0.196094404
358	-0.576994704
359	-2.151889872
360	-2.745073156
361	-0.396747796
362	0.004335343
363	-1.878101647
364	-3.167103251
365	-4.051617645
366	-5.272590692
367	-4.850789823
368	-4.276073407
369	-3.645159028
370	-4.232865864
371	-4.29233307
372	-4.517133412
373	-1.121188097
374	-3.49391412
375	-1.556315562
376	-0.988378013
377	-0.654150598
378	-2.166245337
379	-0.215132013
380	-0.68926087
381	-2.089239583
382	-1.362815198
383	-0.102200437
384	0.474864305
385	0.061576371
386	-0.101682157
387	0.151617824
388	0.094264805
389	0.393749403
390	-0.42458492
391	0.032136738
392	0.004300553
393	-0.175781655
394	0.033489692
395	-0.354524853
396	0.015853612
397	0.246875778
398	-0.278600465
399	-0.14240265
400	0.40084671
401	-0.519397667
402	-2.139308318
403	-2.977148552
404	-3.411930112
405	-3.082557
406	-2.121913697
407	-0.905191649
408	-0.993066406
409	-0.426578212
410	-0.29234427
411	-0.813143265
412	-0.818109851
413	-0.140041218
414	-0.789947728
415	0.109866062
416	-1.461887147
417	-3.197799713
418	-3.171239828
419	-3.758778314
420	-3.637920546
421	-4.070897193
422	-3.651362911
423	-4.117495917
424	-3.719051623
425	-4.82672796
426	-2.621419596
427	-3.375375774
428	-3.430875539
429	-0.329863967
430	0.424691395
431	0.136520008
432	0.009711525
433	-0.278583788
434	0.21585732
435	0.107348033
436	-0.480770405
437	0.20936716
438	-0.762195593
439	-0.193699929
440	-0.084693884
441	-0.169512311
442	0.167884827
443	-0.442327885
444	-0.185557751
445	-0.651742092
446	-2.374230099
447	-4.210816831
448	-2.957150986
449	0.128407194
450	-0.405035991
451	-0.05364976
452	-0.021130918
453	0.013611606
454	-0.052086851
455	0.343867713
456	0.044595542
457	-0.004798285
458	-0.11691542
459	-0.48403157
460	-0.268548148
461	0.438805591
462	0.353856931
463	-0.319927247
464	-0.486255379
465	-0.200662313
466	-0.136121389
467	-0.227936686
468	-0.006671334
469	0.090771649
470	0.040148886
471	0.023119694
472	-0.358445146
473	0.003338835
474	-0.048894279
475	-0.239212414
476	0.171325488
477	-0.107338011
478	0.103675148
479	-0.228260009
480	-0.392079094
481	-0.206233762
482	-0.128286854
483	0.079349618
484	0.206286626
485	-0.205821879
486	0.118223854
487	-0.252409352
488	-0.065690188
489	-0.645488758
490	-0.64925571
491	-3.871432896
492	-4.192403881
493	-3.158100828
494	-4.501012584
495	-4.139788352
496	-4.496971414
497	-4.070838143
498	-3.881701102
499	-2.056292229
500	-2.436517298
501	-4.600666779
502	-5.058361929
503	-4.713935612
504	-5.834972261
505	-4.075372431
506	-4.913893461
507	-4.598896825
508	-4.445656119
509	-4.995603952
510	-4.842567177
511	-4.55981449
512	-1.070271571
513	-2.370495239
514	0.06813732
515	0.284926207
516	-0.396262573
517	-0.302296599
518	-0.436118873
519	0.007007664
520	-0.514661968
521	-0.370274204
522	-0.358922215
523	0.16738848
524	-0.186477773
525	0.752277147
526	0.266665468
527	-0.231777013
528	-0.387090934
529	-0.815068651
530	0.334371625
531	-0.501925715
532	0.08018356
533	-0.13844522
534	-0.669272965
535	-0.069753415
536	-0.209746359
537	-0.339922527
538	-0.122915025
539	-0.276788313
540	-0.393810664
541	-0.235484787
542	-0.687780712
543	0.388801062
544	0.025664758
545	-0.235634053
546	0.113922542
547	-0.073483776
548	-0.569867064
549	-0.154006516
550	-0.680763977
551	-0.291725351
552	-0.077754928
553	-0.107730553
554	-0.03249211
555	-0.046643767
556	-0.091061508
557	-0.473314817
558	-0.228552164
559	-0.718744719
560	-0.081624069
561	0.188093578
562	-0.252913724
563	-0.252962036
564	0.168077705
565	-0.158686339
566	0.369170683
567	-0.291333448
568	-0.204270472
569	-0.175198944
570	-0.332386505
571	0.136513961
572	0.768382543
573	0.183858387
574	-0.096328436
575	-0.440174384
576	0.225237179
577	-0.111160756
578	-3.307244957
579	-3.453362066
580	-4.491646415
581	-4.643523399
582	0.07883235
583	-0.601278779
584	-0.360763397
585	-0.093775952
586	-0.346232558
587	-0.280575332
588	0.649551424
589	-0.117791989
590	-0.355839804
591	0.022659145
592	-0.114331357
593	0.340537074
594	-1.481127275
595	-2.607265972
596	0.299472662
597	-0.031759146
598	-0.091588368
599	-2.164686684
600	-0.075996263
601	-0.400199153
602	0.205217059
603	-0.17400624
604	0.371431463
605	0.03951849
606	-0.142744026
607	-0.338934213
608	-0.061588785
609	-0.276516285
610	0.117974048
611	0.095474854
612	-0.064998778
613	-0.721931092
614	-0.27471212
615	-0.082324898
616	-0.106638702
617	0.119107883
618	-0.048310289
619	0.142462815
620	0.381022954
621	-0.47954502
622	-0.379895725
623	0.316734376
624	-0.28719744
625	0.397417082
626	0.006040383
627	0.364775401
628	-1.784430908
629	0.089203818
630	-0.70446516
631	0.140326738
632	-0.555354855
633	0.406399898
634	-0.048237294
635	0.455242248
636	-0.137267897
637	-0.028773567
638	-0.581000631
639	-0.092367318
640	-0.15024995
641	0.673596231
642	0.223612704
643	-0.28527128
644	0.482894616
645	-0.125536344
646	0.242390882
647	-0.207093924
648	-0.765319718
649	0.094562459
650	0.327097288
651	0.085637385
652	-0.186342213
653	0.078849976
654	0.347432262
655	0.378227515
656	0.232705451
657	-0.123406019
658	0.147149849
659	-0.235255
660	-0.524332735
661	0.173687305
662	-0.079275944
663	-0.181666201
664	0.055054329
665	0.112581835
666	-0.101771008
667	-0.1855832
668	0.184149687
669	0.308332214
670	-0.089901662
671	0.507023753
672	0.06596018
673	-0.25302471
674	-0.626499328
675	0.059176827
676	-0.203093979
677	-0.601773494
678	-0.426090451
679	-0.14099962
680	0.103990113
681	0.220142882
682	0.104932448
683	0.301896936
684	0.080339792
685	0.200175312
686	0.113760345
687	-0.113918552
688	0.034472217
689	-0.253109054
690	-0.443947518
691	0.086441079
692	-0.080109896
693	0.251591169
694	-0.764320882
695	0.047088113
696	-0.496070169
697	0.150971745
698	-0.016736354
699	-0.065016318
700	-0.023995947
701	-0.067655857
702	-0.580581291
703	-0.121527059
704	-0.219491491
705	-0.235135987
706	0.3033359
707	-0.304311918
708	0.017424373
709	-0.427582047
710	-0.570070586
711	-0.016396843
712	-0.164107611
713	-0.266963366
714	0.143484768
715	0.415636652
716	-0.1403146
717	-0.31817991
718	-0.131185983
719	-0.213293906
720	0.496041892
721	-0.098909818
722	-0.063212132
723	-0.149252077
724	0.314367856
725	-0.063279315
726	0.564646529
727	-0.352225477
728	0.142249944
729	-0.209002661
730	-0.128367321
731	-0.383128019
732	0.173955258
733	-0.344332355
734	-0.517719623
735	-0.345015478
736	-0.153701257
737	0.390119567
738	-0.147958671
739	-0.427072326
740	-0.02633898
741	-0.490410435
742	-0.476104039
743	0.119418828
744	-0.432699135
745	-0.287498885
746	0.461255251
747	-0.139826958
748	-0.127997206
749	0.547975152
750	0.211377724
751	0.050338659
752	0.221526693
753	-0.238497557
754	0.057872016
755	0.314750057
756	0.744419197
757	0.075823975
758	0.058235806
759	0.042949627
760	-0.244015908
761	-0.117764014
762	0.100120134
763	0.180311858
764	0.126993228
765	0.291278569
766	-0.000735093
767	-0.260899144
768	-0.041718699
769	0.199631556
770	0.065669997
771	0.104402228
772	0.319866006
773	-0.315736646
774	-0.101071926
775	-0.702718075
776	0.191726576
777	0.437163308
778	0.601456707
779	-0.016120581
780	-0.092843281
781	-0.161026578
782	0.245812168
783	-0.012900574
784	-0.148135532
785	-0.114558735
786	-0.021221104
787	-0.198496648
788	0.090457083
789	-0.149124754
790	0.208153144
791	0.00567791
792	0.149424258
793	0.050196128
794	0.412987886
795	-0.040682919
796	-0.150821319
797	-0.617056058
798	0.225205547
799	0.099882554
800	0.034234194
801	0.550731519
802	-0.123694002
803	-0.424636017
804	-0.094206256
805	0.139860956
806	0.222669377
807	-0.392421132
808	0.443550969
809	0.231402586
810	-0.272135617
811	-0.240125962
812	-0.103313105
813	0.061047478
814	0.095601134
815	0.545864229
816	0.273619433
817	0.029683455
818	0.802677434
819	0.185725978
820	-0.206437968
821	0.273255924
822	0.294804316
823	-0.228286359
824	0.305624295
825	0.292647149
826	-0.08786072
827	-0.009543546
828	0.108753389
829	0.046616096
830	0.615739044
831	-0.362773083
832	0.112682635
833	-0.34124729
834	0.456089268
835	0.150083747
836	-0.206468719
837	0.160890173
838	-0.303004761
839	0.034646212
840	0.198365707
841	0.590139985
842	-0.067103939
843	-0.164493722
844	-0.251584825
845	-0.013580188
846	0.384159655
847	-0.471913605
848	-0.191734039
849	-0.11799792
850	-0.002224229
851	0.363521474
852	-0.263209602
853	0.014294301
854	0.070549357
855	-0.19256123
856	0.221623544
857	0.170510867
858	0.155705259
859	0.016227774
860	0.250887324
861	-0.408449761
862	0.092108985
863	-0.036157543
864	0.530741433
865	0.53684589
866	0.172152124
867	-0.013183951
868	-0.033095394
869	0.209437398
870	-0.024123521
871	-0.318861653
872	0.019751935
873	0.01082807
874	-0.083190162
875	-0.145495702
876	0.378334411
877	-0.29986869
878	-0.028156328
879	0.086182745
880	-0.547636467
881	0.614278864
882	0.304327665
883	0.329318007
884	-0.180425781
885	-0.181187812
886	0.285438432
887	-0.258360376
888	0.178886549
889	0.512081529
890	0.73261745
891	0.192205557
892	-3.309250978
893	-4.145868864
894	-3.285891185
895	-4.166923159
896	-3.525667015
897	-1.218881752
898	-4.277741197
899	-2.469375494
900	-4.36381303
901	-4.619892502
902	-4.68314809
903	-4.39867318
904	-3.831564818
905	-2.950905044
906	-4.92567551
907	-5.046379081
908	-3.506668027
909	-4.948396707
910	-3.80917372
911	-3.938726597
912	-4.438737904
913	-4.462901585
914	-4.325342285
915	-3.614962805
916	-3.860833213
917	-4.86905354
918	-3.893605706
919	-4.510553462
920	-4.521232235
921	-3.973255091
922	-4.1844068
923	-4.953247026
924	-4.140990051
925	-3.621295002
926	-3.162857762
927	-0.807611047
928	-1.30551645
929	-2.78722687
930	-3.354737947
931	-0.854482393
932	-0.901315863
933	-0.956048061
934	-0.515514434
935	-0.79938598
936	-0.969579416
937	-0.696786181
938	-1.51953266
939	-0.670214072
940	-0.844177641
941	0.246383592
942	-0.013483046
943	-0.555104293
944	-2.995660502
945	-3.037908446
946	-3.266840667
947	-2.208887693
948	-1.072799318
949	-1.614359774
950	-1.50477864
951	-2.125551865
952	-1.030457926
953	-3.846389912
954	-3.638609225
955	-3.511545268
956	-3.724869672
957	-2.98598281
958	-0.916647427
959	-4.690647794
960	-4.177075486
961	-3.798778901
962	-4.280931197
963	-4.349960835
964	-4.230576066
965	-2.94429762
966	-2.993450421
967	-0.192132628
968	0.061552263
969	0.57081659
970	0.048250351
971	0.401121187
972	-0.419611558
973	-0.135486976
974	-0.111500304
975	0.106623387
976	0.032017636
977	-0.178770944
978	-0.316126246
979	-0.176326397
980	-0.654729822
981	0.1476909
982	0.014403535
983	-0.473128686
984	0.0900088
985	0.102106684
986	0.162785222
987	0.107792402
988	0.528455831
989	-0.030584789
990	-0.189876421
991	0.236288293
992	-3.057018722
993	-0.209510629
994	0.143506805
995	-0.077623783
996	0.09692674
997	0.22143722
998	0.368730594
999	0.124784799
1000	0.14039761
1001	-0.446379497
1002	-0.093544163
1003	-0.113296662
1004	0.246464562
1005	0.31232235
1006	-0.182905251
1007	0.050680929
1008	0.891439706
1009	-0.442698291
1010	-0.376139397
1011	0.502081956
1012	-0.008235922
1013	0.144230005
1014	0.215002918
1015	0.047905722
1016	-0.570461707
1017	-0.206192998
1018	-0.209233991
1019	0.5249598
1020	-0.159634207
1021	-0.480016387
1022	-0.116685261
1023	0.008363087
1024	-0.108787577
1025	-0.151902925
1026	-0.051598013
1027	0.251756101
1028	-0.067468139
1029	-0.066783188
1030	0.161845459
1031	-0.062471884
1032	-0.079575374
1033	0.065714726
1034	0.296365792
1035	0.093019351
1036	0.110270219
1037	0.322423583
1038	0.288777421
1039	0.787035863
1040	-0.155845505
1041	-0.061944266
1042	0.746491508
1043	0.461670553
1044	0.229503002
1045	0.325488318
1046	0.000238715
1047	0.62143903
1048	-0.099470274
1049	0.594401859
1050	0.268807978
1051	-0.264747077
1052	-0.291320474
1053	-0.088468919
1054	-0.555571649
1055	0.630807916
1056	-0.281682713
1057	0.277085715
1058	0.159020396
1059	0.336826832
1060	-0.136539699
1061	-0.197856947
1062	0.36688087
1063	-0.347129525
1064	0.043856697
1065	-0.673391203
1066	0.492519075
1067	0.237565222
1068	0.357619628
1069	-0.238195105
1070	-0.1724119
1071	-0.346213209
1072	-0.107523524
1073	0.060816329
1074	0.816210067
1075	0.525736315
1076	-0.179899405
1077	0.413253388
1078	-0.005045693
1079	-3.220669991
1080	-3.222642617
1081	-4.535026305
1082	-4.131526999
1083	-4.454385021
1084	-5.458750068
1085	-4.588953585
1086	-2.935332922
1087	-3.980667182
1088	-4.881599576
1089	-5.228484401
1090	-5.512123219
1091	-4.996004492
1092	-3.517223437
1093	-4.260586433
1094	-4.212541815
1095	-3.756844403
1096	-5.388109648
1097	-4.010365882
1098	-4.296864867
1099	-5.605839423
1100	-4.471265752
1101	-4.84463694
1102	-4.436911613
1103	-5.239914845
1104	-5.44185969
1105	-4.158944414
1106	-4.171608411
1107	-5.069323763
1108	-3.986447394
1109	-4.78968345
1110	-5.037583389
1111	-3.744470297
1112	-0.641991438
1113	0.040379583
1114	-0.089374352
1115	0.562313742
1116	-0.307040838
1117	-0.119273156
1118	-0.140578526
1119	0.690055315
1120	0.030908221
1121	-0.095684888
1122	0.158777237
1123	-0.098147695
1124	0.095375461
1125	-0.131930639
1126	-0.262308196
1127	-0.070158663
1128	-0.005114244
1129	-0.216335661
1130	0.321122382
1131	-0.19403928
1132	0.595783831
1133	0.129638214
1134	0.031246693
1135	-0.146861058
1136	0.09643757
1137	0.275665234
1138	0.334897756
1139	-0.308918588
1140	-0.679035615
1141	-0.303047356
1142	0.483350204
1143	0.163582491
1144	0.028598128
1145	0.083925298
1146	0.244108505
1147	0.427323466
1148	0.346839324
1149	0.284506695
1150	0.032224947
1151	-0.420236673
1152	-1.238862541
1153	0.83868771
1154	-0.008732499
1155	-0.02258659
1156	0.170767409
1157	0.197038582
1158	-0.292048894
1159	-0.058540834
1160	0.737949659
1161	0.259697835
1162	-0.050423659
1163	-0.316940377
1164	0.342845151
1165	-0.125351945
1166	-0.075885905
1167	-0.214997294
1168	-0.225158381
1169	-0.244334554
1170	-0.140775994
1171	-0.191451722
1172	0.746878988
1173	0.093586951
1174	-0.235855375
1175	0.163252543
1176	-0.140574803
1177	-0.657469413
1178	0.631865115
1179	0.057293794
1180	0.003062312
1181	0.119053647
1182	-0.265933681
1183	-0.03442489
1184	-0.024853283
1185	0.343940786
1186	0.820957121
1187	0.400251485
1188	0.114655773
1189	0.190585041
1190	0.619445013
1191	-0.122203918
1192	-0.072443102
1193	0.668319829
1194	0.394451243
1195	-0.309633344
1196	-0.37712166
1197	0.089968662
1198	0.220771517
1199	-0.045049279
1200	-0.252068647
1201	0.325297127
1202	-0.17002742
1203	0.101969901
1204	0.378332488
1205	0.306492342
1206	0.388544608
1207	0.426020746
1208	0.287081757
1209	0.697198196
1210	0.562877283
1211	0.16250753
1212	0.578354493
1213	-0.240430561
1214	-0.061514638
1215	0.65932294
1216	-0.05581982
1217	-0.091858193
1218	0.195065526
1219	0.756300526
1220	-0.028973277
1221	-0.037820785
1222	-0.258639912
1223	-0.325045709
1224	0.098804172
1225	-0.292729066
1226	-0.171166358
1227	0.314270946
1228	0.498435186
1229	0.123849797
1230	0.051973679
1231	0.05766647
1232	0.187334712
1233	0.006297369
1234	0.3204015
1235	-0.202333578
1236	-2.070993765
1237	-0.476902871
1238	0.587633943
1239	-0.160865331
1240	0.384300182
1241	0.249434128
1242	0.363907911
1243	-0.699334997
1244	0.171144317
1245	0.179124214
1246	0.071105155
1247	-0.143534726
1248	-0.000302821
1249	-0.498882828
1250	-0.149777211
1251	-0.097809826
1252	0.311973143
1253	-0.221013145
1254	-0.038747625
1255	0.158435995
1256	0.514214148
1257	-0.276590672
1258	0.377851795
1259	-0.108627056
1260	0.257684072
1261	-0.170163089
1262	0.281303353
1263	-0.202502036
1264	-0.780844396
1265	-1.085866982
1266	-0.424793091
1267	0.327355228
1268	-1.933193447
1269	-0.400486372
1270	-0.305042964
1271	-0.173150128
1272	0.203798199
1273	0.058713605
1274	-0.057794885
1275	0.152151053
1276	-0.062399702
1277	-0.166892193
1278	0.22054131
1279	-0.019225404
1280	0.26594366
1281	0.308188711
1282	0.314197188
1283	0.286411242
1284	-0.281595317
1285	0.06127594
1286	0.525758399
1287	0.443993209
1288	-0.478621913
1289	0.097944556
1290	-0.033828015
1291	0.194431657
1292	0.357367327
1293	-0.228780138
1294	0.340591214
1295	0.274460203
1296	0.064167073
1297	-0.091441512
1298	-0.059437402
1299	-0.111049425
1300	0.586357357
1301	-0.269311972
1302	0.000479939
1303	1.161861325
1304	-0.271951617
1305	0.500798257
1306	0.156140596
1307	-0.143650878
1308	-0.455273692
1309	0.17352849
1310	-0.042141042
1311	0.402891512
1312	0.38156471
1313	0.145596639
1314	0.343437506
1315	0.164006472
1316	0.309220766
1317	0.753655543
1318	-0.232365588
1319	-0.075455368
1320	0.511089453
1321	-0.009485305
1322	-0.182548735
1323	0.114723165
1324	0.115763878
1325	0.552396215
1326	0.258675532
1327	-0.117216835
1328	-0.15372789
1329	0.496307832
1330	0.762490877
1331	0.542699501
1332	-0.550579797
1333	0.060836598
1334	0.394013422
1335	0.348537781
1336	0.038698831
1337	0.311253936
1338	0.719353097
1339	-0.106500066
1340	0.307158737
1341	0.241528154
1342	-0.724160584
1343	0.271164641
1344	-0.095938997
1345	-0.09294029
1346	0.247902702
1347	0.423716082
1348	-0.1222697
1349	0.612759477
1350	0.453614412
1351	0.334652957
1352	0.588655505
1353	0.227153097
1354	-0.597220883
1355	0.313732592
1356	0.152717479
1357	0.128503708
1358	0.574089186
1359	-0.172820487
1360	-0.268504724
1361	-0.149964097
1362	-0.189366022
1363	0.005462698
1364	0.318688673
1365	-0.538558227
1366	0.042914008
1367	0.276099238
1368	0.046117495
1369	-0.207703545
1370	0.562201636
1371	0.273959351
1372	0.758555518
1373	0.106553708
1374	0.039668639
1375	-0.023737839
1376	-0.478223904
1377	0.002503757
1378	0.268461296
1379	0.488936563
1380	0.416501675
1381	-0.525611346
1382	-0.316237463
1383	0.623009718
1384	0.150928607
1385	-0.405752317
1386	0.07218581
1387	0.178287539
1388	-0.205306057
1389	0.361723046
1390	-0.26262873
1391	0.769548789
1392	-0.020610355
1393	-0.078823416
1394	0.139541274
1395	-0.321198005
1396	-0.018207506
1397	0.50999069
1398	0.220003395
1399	0.658011883
1400	0.272959345
1401	-0.101345238
1402	0.184142893
1403	0.447530614
1404	0.179181256
1405	0.562284031
1406	0.281553092
1407	0.153664954
1408	-0.125714473
1409	-0.173654092
1410	0.160743999
1411	0.324651566
1412	0.222535604
1413	0.158971074
1414	0.269732821
1415	-0.241018222
1416	0.253494954
1417	-0.250283832
1418	0.033366619
1419	0.471790267
1420	0.680607937
1421	-0.134290897
1422	0.179498617
1423	0.313021674
1424	-0.42761386
1425	-0.353497898
1426	0.372847634
1427	0.554322687
1428	0.549140357
1429	-0.484463624
1430	-0.192789725
1431	0.260608473
1432	0.32155152
1433	-0.289720162
1434	0.058874908
1435	-0.141260317
1436	0.158651644
1437	0.498958427
1438	0.109431823
1439	0.019915256
1440	0.625257922
1441	0.721838257
1442	-0.638291947
1443	0.571539048
1444	0.044261297
1445	0.10017772
1446	0.429313351
1447	-0.706835512
1448	0.786939516
1449	-0.090507715
1450	0.132913536
1451	0.107492288
1452	-0.638761417
1453	-0.194108207
1454	-0.338302541
1455	0.224754232
1456	0.096303387
1457	-0.141230797
1458	-0.181285408
1459	0.251910026
1460	0.086307154
1461	-0.642942314
1462	0.093777598
1463	0.259999838
1464	0.423701038
1465	0.294306001
1466	0.329206902
1467	0.252478683
1468	0.342952641
1469	0.145120993
1470	0.469170645
1471	0.205973554
1472	0.352692545
1473	-0.042632848
1474	0.119912446
1475	0.212227706
1476	0.102297839
1477	-0.149661655
1478	0.087697745
1479	-0.452372826
1480	-3.335720628
1481	-0.26147178
1482	-0.094736673
1483	0.190388784
1484	0.048883853
1485	0.079485519
1486	0.362870701
1487	-0.077799501
1488	0.412309504
1489	0.086746702
1490	-0.022674494
1491	0.090217015
1492	0.349985071
1493	-0.006889497
1494	0.342659617
1495	0.17197848
1496	0.032485774
1497	0.079151718
1498	0.313596128
1499	-0.039169454
1500	0.303490161
1501	0.02286234
1502	0.051735017
1503	0.508746086
1504	0.044206208
1505	0.364871523
1506	0.80920136
1507	-0.149872111
1508	0.000203146
1509	-0.136577761
1510	0.465053026
1511	0.04007497
1512	0.142896281
1513	0.603727857
1514	0.018419323
1515	0.415823757
1516	-0.24758441
1517	0.369743804
1518	-0.152891573
1519	0.504027775
1520	0.47396794
1521	-0.593551806
1522	0.548658429
1523	-0.172682573
1524	0.247426785
1525	0.396446641
1526	0.255701605
1527	-0.076348039
1528	-0.153930163
1529	-0.072061789
1530	0.547980996
1531	0.560511458
1532	0.466356429
1533	0.092364938
1534	0.4638659
1535	0.256544164
1536	-0.191429683
1537	-0.289933117
1538	0.305961262
1539	-0.264787297
1540	0.251723615
1541	-0.38891298
1542	0.428777284
1543	0.37391726
1544	-0.174067256
1545	0.126046017
1546	-0.25684249
1547	0.596059489
1548	0.193169303
1549	0.421208921
1550	-0.25050719
1551	0.033211863
1552	0.322244834
1553	0.043398614
1554	0.003774882
1555	0.122574502
1556	0.138363546
1557	0.096973739
1558	0.516556293
1559	-0.153172944
1560	-0.264256256
1561	0.287752367
1562	0.198885846
1563	-0.163749644
1564	0.545689041
1565	0.04153069
1566	-0.413432145
1567	0.190748965
1568	0.10615211
1569	0.136538854
1570	-0.297324003
1571	0.20868577
1572	0.794670949
1573	-0.117034965
1574	0.103896435
1575	0.200532556
1576	-0.138967225
1577	0.409902141
1578	0.531299382
1579	0.054324559
1580	-0.348448621
1581	-0.225895267
1582	0.128946234
1583	0.183763403
1584	0.583252119
1585	0.512589273
1586	0.057272744
1587	0.487144324
1588	0.392062767
1589	0.049834459
1590	0.333038014
1591	0.266254616
1592	0.200306616
1593	0.64940714
1594	0.193379576
1595	0.618992153
1596	-0.003326459
1597	-0.232661877
1598	0.265098956
1599	0.289821479
1600	0.155820541
1601	0.552221467
1602	0.237644273
1603	0.628091881
1604	0.262027795
1605	0.524767317
1606	-0.221476154
1607	0.227142847
1608	0.653370255
1609	0.2569654
1610	0.384969808
1611	0.28304211
1612	0.223880049
1613	0.257674529
1614	-0.393197035
1615	0.236001717
1616	0.387089609
1617	0.331454918
1618	-0.547670676
1619	0.636541261
1620	0.597561833
1621	0.14194615
1622	0.49767039
1623	0.327980079
1624	0.372227405
1625	0.141926533
1626	0.114567997
1627	1.013292942
1628	-0.048857434
1629	0.005919625
1630	0.361218809
1631	0.084064222
1632	0.295276696
1633	0.387954246
1634	0.338067605
1635	0.450229907
1636	-0.345401144
1637	0.03945663
1638	0.437087608
1639	0.348651796
1640	0.137681928
1641	0.948809231
1642	0.235187895
1643	0.712252513
1644	0.175284442
1645	0.346431222
1646	0.562923689
1647	0.298029766
1648	0.798280344
1649	0.156719049
1650	-0.347975735
1651	0.065151139
1652	0.304144001
1653	0.217730222
1654	0.050205562
1655	0.287518868
1656	-0.040024659
1657	0.305606486
1658	-0.254050579
1659	0.133216161
1660	0.901528116
1661	0.130244166
1662	-0.373084122
1663	0.579896295
1664	0.285585519
1665	0.284471807
1666	0.410070692
1667	0.468532533
1668	0.259951916
1669	0.41781215
1670	0.352642912
1671	0.557185305
1672	0.389089727
1673	0.38705924
1674	0.080164987
1675	0.099186929
1676	0.250508073
1677	0.984799253
1678	0.743528363
1679	0.40669207
1680	0.996079185
1681	0.56139857
1682	0.693093393
1683	0.615523241
1684	0.503081842
1685	0.220978914
1686	0.355635163
1687	-0.114526672
1688	1.142181414
1689	0.126797891
1690	-0.056146385
1691	-0.422562173
1692	0.253095228
1693	0.623456246
1694	-0.016439026
1695	0.925327348
1696	0.250982038
1697	0.377983848
1698	0.998775194
1699	-0.060692032
1700	0.223586937
1701	0.504285454
1702	0.279190701
1703	-0.12179905
1704	0.125392143
1705	-0.328571197
1706	0.18523283
1707	0.020981843
1708	0.209292436
1709	-0.114672775
1710	-0.471772563
1711	0.122439591
1712	0.187842725
1713	0.396346443
1714	-0.003806646
1715	-0.531762583
1716	-0.151685652
1717	0.080784764
1718	0.773133541
1719	0.202166528
1720	0.061066396
1721	0.544874124
1722	-0.013232991
1723	0.011593403
1724	0.049145376
1725	0.207873469
1726	-0.465726591
1727	-0.101731417
1728	0.39182046
1729	0.051170168
1730	0.233965606
1731	0.884260657
1732	0.329424742
1733	-0.012634303
1734	-0.104932899
1735	0.100140079
1736	0.508834675
1737	-0.047889207
1738	0.060495015
1739	-0.16451209
1740	0.085383263
1741	-0.435427323
1742	-3.13018108
1743	-2.89552942
1744	-3.230373964
1745	-0.297696316
1746	0.068191599
1747	0.357873519
1748	1.203365329
1749	0.547067767
1750	0.141305334
1751	-0.134772819
1752	0.205144284
1753	0.679335132
1754	0.218359205
1755	0.438848132
1756	0.268873101
1757	0.037499747
1758	0.298275312
1759	-0.414166646
1760	-0.525289692
1761	0.924120811
1762	-0.013655559
1763	-0.285787824
1764	0.015037257
1765	0.556100965
1766	0.835729234
1767	0.88892731
1768	0.216360901
1769	0.177633155
1770	0.096105004
1771	0.300970242
1772	0.171583893
1773	0.011874967
1774	-0.084215186
1775	0.011153348
1776	-0.3433113
1777	0.389014052
1778	0.517200121
1779	0.140125725
1780	0.312289076
1781	0.273945717
1782	0.393688046
1783	0.314975738
1784	0.336482999
1785	0.638240821
1786	0.563148086
1787	0.521469721
1788	0.36746386
1789	0.529936635
1790	-0.112243585
1791	0.106018106
1792	0.048703314
1793	-0.15870183
1794	0.407038052
1795	-0.023921432
1796	0.058949346
1797	0.771919556
1798	0.188435559
1799	0.148539556
1800	0.56554331
1801	0.031067151
1802	0.473785562
1803	0.9087317
1804	0.396221764
1805	0.012233299
1806	0.268950061
1807	0.222674515
1808	0.25124449
1809	0.262782183
1810	0.325626034
1811	0.390043839
1812	0.497402012
1813	-0.1385998
1814	0.033243149
1815	0.136974945
1816	0.037749726
1817	0.11758668
1818	0.249038412
1819	0.565790387
1820	0.368458493
1821	1.023044044
1822	0.089412156
1823	0.566816362
1824	0.234000775
1825	0.222939624
1826	0.293101077
1827	-0.025776056
1828	0.375247997
1829	0.406697703
1830	0.024371308
1831	0.255390962
1832	0.52635022
1833	0.351527128
1834	-0.18535768
1835	-0.03081682
1836	0.291593834
1837	0.411731931
1838	0.478421956
1839	0.325412576
1840	0.277027784
1841	0.196378849
1842	0.372963926
1843	0.552834758
1844	0.053236226
1845	0.123049846
1846	0.17350027
1847	-0.588155104
1848	-2.325428632
1849	-2.64452692
1850	-0.25055639
1851	-2.20556209
1852	-2.853695457
1853	-2.516947742
1854	-2.715829892
1855	-2.65997212
1856	-3.150757358
1857	-2.488132365
1858	-3.906284745
1859	-3.966796968
1860	-2.896396949
1861	-1.945799
1862	0.163068459
1863	0.266926229
1864	0.537825807
1865	0.166985606
1866	0.276243848
1867	0.836813854
1868	0.44292161
1869	0.483788561
1870	0.685702974
1871	0.251909674
1872	0.098884549
1873	0.090794713
1874	0.472350155
1875	0.093983356
1876	0.283885528
1877	0.329619784
1878	0.38752466
1879	-3.025100332
1880	-4.203058298
1881	-4.638943407
1882	-3.67939042
1883	-3.252595069
1884	-5.479373406
1885	-4.310131906
1886	-3.85518262
1887	-2.95698353
1888	0.471909247
1889	-0.305579136
1890	0.081457904
1891	-0.443639721
1892	-0.008555795
1893	-0.028674062
1894	0.316388606
1895	0.106816965
1896	0.246928795
1897	0.209152625
1898	0.166699433
1899	-2.278500697
1900	-0.122410692
1901	-0.005762032
1902	-0.546612892
1903	0.008293868
1904	0.527283812
1905	-0.049617666
1906	-0.116600361
1907	-0.008961038
1908	-0.095247554
1909	0.105726094
1910	0.510243942
1911	0.018781324
1912	-0.004670113
1913	0.754155781
1914	-0.318193665
1915	0.48468602
1916	0.140195646
1917	0.29701371
1918	0.408095044
1919	0.160069972
1920	0.08370313
1921	0.320529555
1922	-2.156200186
1923	-0.01470129
1924	0.577335011
1925	0.549066846
1926	-0.068070611
1927	0.03407871
1928	0.070950026
1929	0.17833691
1930	-0.056002943
1931	0.072930692
1932	0.185210472
1933	0.291507686
1934	0.117150727
1935	0.216259237
1936	0.285449553
1937	0.427642642
1938	0.140032859
1939	-0.00878887
1940	0.677277806
1941	0.400987282
1942	0.158502603
1943	0.122102246
1944	0.240903522
1945	-0.206743906
1946	0.385585168
1947	0.072551683
1948	0.244062811
1949	0.056202275
1950	-0.374643591
1951	-0.308221
1952	0.13779134
1953	-0.288790997
1954	0.297923137
1955	0.444742702
1956	0.258302116
1957	0.245149843
1958	0.490908105
1959	0.566138068
1960	0.773795033
1961	0.563046142
1962	0.746305085
1963	0.415664175
1964	0.444502422
1965	0.084818777
1966	1.05908849
1967	0.048558757
1968	0.01147843
1969	0.128008209
1970	0.180087024
1971	0.561781342
1972	0.0761367
1973	0.088390758
1974	0.14764352
1975	0.30527583
1976	-0.005056069
1977	-0.367965037
1978	0.792942069
1979	-0.007963006
1980	0.414031565
1981	0.575308776
1982	0.296091862
1983	-0.022009879
1984	0.244234039
1985	-0.236064047
1986	-0.438674793
1987	-0.307867587
1988	0.674508853
1989	-0.066015923
1990	0.150196091
1991	0.593643053
1992	0.547366082
1993	0.194459492
1994	0.42546992
1995	-4.365800806
1996	-4.430935791
1997	0.056766934
1998	-0.279443171
1999	-2.851059973
2000	0.672674525
2001	-2.174638238
2002	-4.174204618
2003	-3.491629921
2004	-3.154319695
2005	-0.635688017
2006	0.623173702
2007	0.318630029
2008	-1.410426047
2009	0.069401975
2010	-3.883000611
2011	-3.146436082
2012	0.026776327
2013	0.025514905
2014	-0.071589098
2015	0.083035871
2016	0.2562655
2017	0.196023086
2018	0.503888368
2019	0.438687357
2020	-0.252340337
2021	0.373451834
2022	0.038794836
2023	0.73925633
2024	0.204267517
2025	0.685283621
2026	0.044576962
2027	0.06761136
2028	-0.08743048
2029	0.081098591
2030	-0.101762771
2031	-0.112754446
2032	0.015148921
2033	-4.516376951
2034	-4.757383682
2035	-4.22859575
2036	-3.80118415
2037	-3.558670646
2038	-5.031587837
2039	-2.669673721
2040	-0.173336398
2041	-0.374342986
2042	0.333614168
2043	0.336140249
2044	-0.53313929
2045	-2.330588508
2046	-0.320321516
2047	0.322415556
2048	0.024637744
2049	0.362256886
2050	0.05399759
2051	-0.066546726
2052	0.091144126
2053	-0.20406402
2054	-0.362411018
2055	0.518310366
2056	0.23725314
2057	0.241287033
2058	0.306052032
2059	0.655829597
2060	-0.157007848
2061	0.160206149
2062	-0.040167512
2063	0.3546752
2064	-0.063764372
2065	0.105770079
2066	0.073430668
2067	-0.424948661
2068	-0.291711265
2069	-0.201342414
2070	0.204320278
2071	0.392347439
2072	0.349686486
2073	1.058113942
2074	-0.692306769
2075	-0.104020202
2076	0.406283016
2077	0.239683787
2078	-0.175711037
2079	0.125179179
2080	-0.166634052
2081	0.236071116
2082	-0.321979699
2083	0.108822984
2084	-0.307297189
2085	0.442166238
2086	0.149657264
2087	-0.104936485
2088	0.114981062
2089	-0.00095223
2090	0.168384942
2091	-0.611926402
2092	0.11333907
2093	-0.028649854
2094	-0.266505478
2095	0.287599265
2096	-0.058872411
2097	0.114592939
2098	0.037316952
2099	0.753787715
2100	0.539007592
2101	0.286251103
2102	-0.583247637
2103	0.338565199
2104	0.135299079
2105	0.158800472
2106	-0.320243638
2107	0.305711957
2108	-0.313858193
2109	-0.16138253
2110	0.601593799
2111	0.214221719
2112	0.108942869
2113	-0.062974737
2114	0.065350312
2115	0.101276816
2116	-0.56031669
2117	-0.018092629
2118	0.354070356
2119	-0.014057721
2120	0.430000575
2121	0.266126317
2122	-0.127858509
2123	0.38107892
2124	0.480572997
2125	0.156636971
2126	0.069397974
2127	0.153255339
2128	-0.009212451
2129	-0.15450651
2130	0.23317997
2131	-0.099693846
2132	-0.130894975
2133	0.317484414
2134	0.84960634
2135	0.231677988
2136	-0.019565908
2137	0.586646714
2138	-0.075449299
2139	0.1479611
2140	0.575291393
2141	0.213989504
2142	0.020007161
2143	-0.332864962
2144	0.101941246
2145	-0.250997902
2146	0.15814126
2147	-0.02025322
2148	0.240312735
2149	0.356688028
2150	-0.24693164
2151	0.198919537
2152	-0.064137728
2153	0.121887553
2154	0.499301823
2155	0.220734737
2156	0.138493805
2157	-0.262840646
2158	0.426989587
2159	-0.042230858
2160	-0.180969947
2161	0.007303838
2162	-0.52819758
2163	0.123039614
2164	-0.842776198
2165	-0.024525604
2166	0.427364222
2167	0.223770691
2168	-0.038028143
2169	-0.720285006
2170	-0.078951877
2171	0.016195388
2172	0.399623622
2173	0.474762465
2174	-0.361392944
2175	-0.118959112
2176	0.355989912
2177	-0.141486327
2178	0.15376839
2179	-1.891903495
2180	-0.37769951
2181	0.122506816
2182	-0.304023958
2183	-0.635809605
2184	0.334443446
2185	0.019665658
2186	0.56933747
2187	0.131661245
2188	0.210137207
2189	0.055577952
2190	0.278326015
2191	0.008279467
2192	0.14865439
2193	-0.083110336
2194	-0.437032901
2195	-0.034406582
2196	0.223134474
2197	-0.146356346
2198	-0.053904918
2199	0.111363299
2200	-0.117903091
2201	-0.072195805
2202	-0.11944183
2203	0.017748657
2204	0.106909016
2205	-0.222733874
2206	0.246779567
2207	-0.380783996
2208	0.055196425
2209	0.196178256
2210	-0.188667319
2211	0.469838967
2212	0.031375983
2213	0.252706835
2214	-0.317766509
2215	0.134206468
2216	-3.256460246
2217	-3.534937043
2218	-3.804721212
2219	-4.705557454
2220	-4.434486788
2221	-3.126236152
2222	-3.247978502
2223	-2.744706488
2224	-0.065366406
2225	0.010863032
2226	0.05821835
2227	-0.025102653
2228	0.330208583
2229	0.267499577
2230	0.726095515
2231	-0.407734794
2232	-0.100085572
2233	0.992044362
2234	0.38867937
2235	0.235336034
2236	0.265606323
2237	-0.121358382
2238	0.134917063
2239	-0.027630876
2240	0.282214859
2241	0.002135241
2242	-0.31140303
2243	0.127226072
2244	-0.023172497
2245	-0.188374851
2246	0.129305111
2247	0.746353155
2248	0.091335365
2249	0.230070718
2250	0.258749931
2251	0.092285136
2252	-0.035017423
2253	0.19116199
2254	-0.376537247
2255	0.018315512
2256	-0.095823356
2257	0.02351933
2258	0.132890934
2259	-0.036538693
2260	0.239296922
2261	0.107984898
2262	-0.347336551
2263	-0.153954268
2264	0.134467477
2265	0.17432794
2266	-0.475266521
2267	-0.095469831
2268	-0.072022343
2269	0.099396326
2270	0.006779096
2271	-0.441322232
2272	0.342583117
2273	-0.099910631
2274	0.050365515
2275	-0.718095177
2276	-0.197930761
2277	0.160528969
2278	-0.15856006
2279	-0.134189474
2280	-0.990865792
2281	-0.492950723
2282	0.086554827
2283	0.217467302
2284	0.705200256
2285	-0.940331746
2286	0.583875044
2287	-2.634102063
2288	-3.118380336
2289	-3.281457341
2290	-2.838696133
2291	-2.982285877
2292	-2.183438561
2293	-2.206955317
2294	-3.037223309
2295	-2.245780534
2296	-2.694199775
2297	-2.696756459
2298	-0.791832581
2299	-0.498001725
2300	-0.580092563
2301	-0.347930468
2302	-0.462852477
2303	-0.094751972
2304	0.512176316
2305	-0.256660602
2306	-0.629259191
2307	-0.204123313
2308	0.201793852
2309	0.001249482
2310	0.556418587
2311	0.368637506
2312	-0.316974851
2313	0.258546629
2314	0.039421393
2315	-0.169299761
2316	-0.337354153
2317	0.092623479
2318	-0.077531839
2319	-0.014488524
2320	0.092230252
2321	-0.077820971
2322	-0.132651724
2323	-0.460337474
2324	-0.844510471
2325	0.025683219
2326	-0.247788688
2327	0.641942547
2328	0.144792538
2329	-0.049740101
2330	0.088034069
2331	0.099897506
2332	-0.049921228
2333	-0.57743047
2334	0.236212529
2335	0.204918251
2336	0.11958697
2337	-0.20328792
2338	0.317146404
2339	-0.11358665
2340	-0.004093556
2341	-0.040572633
2342	-0.289226265
2343	0.372824139
2344	0.06227739
2345	-0.014977405
2346	-0.371994002
2347	0.024381393
2348	0.117558326
2349	0.051458781
2350	-0.275254171
2351	0.578938276
2352	0.417530457
2353	0.10314994
2354	0.110042901
2355	0.161824211
2356	-0.105752049
2357	0.379651997
2358	0.504009028
2359	0.044977977
2360	-0.01917927
2361	-0.075711191
2362	-0.242736925
2363	0.038460604
2364	-0.244099913
2365	0.869069686
2366	-0.023896776
2367	-0.093646894
2368	0.066873464
2369	0.003205952
2370	-0.34578647
2371	-0.465328062
2372	-0.00062743
2373	0.303479901
2374	0.055687602
2375	-0.319153298
2376	0.141079193
2377	0.144680095
2378	0.27964707
2379	-3.13828034
2380	0.789766939
2381	0.709376732
2382	0.323393482
2383	0.039427407
2384	0.155047097
2385	0.078932349
2386	0.654007301
2387	0.023237909
2388	0.379947479
2389	0.024746338
2390	0.472187383
2391	-0.074642342
2392	-0.401032541
2393	-0.153048055
2394	0.643422631
2395	0.010007711
2396	0.747583869
2397	-0.18314754
2398	0.311867561
2399	0.383027862
2400	-0.0046994
2401	-0.249321759
2402	-0.337514844
2403	-0.235242284
2404	0.273871353
2405	-0.077379228
2406	-1.033638729
2407	-0.030424114
2408	-0.088631969
2409	0.261644338
2410	0.021209517
2411	-0.097562334
2412	-0.085254023
2413	-0.163343029
2414	0.50026732
2415	-0.399529329
2416	-0.309007257
2417	-0.238268241
2418	0.468612262
2419	-0.338373445
2420	0.054233659
2421	0.173441484
2422	0.27054237
2423	-0.284801159
2424	-0.321106872
2425	0.151036586
2426	0.066838123
2427	-0.15371646
2428	-0.142712978
2429	0.104946387
2430	-0.445898785
2431	-0.012599709
2432	-0.072973013
2433	0.062555903
2434	0.172584667
2435	0.328152891
2436	-0.238186906
2437	-0.070623728
2438	0.085547577
2439	0.192968163
2440	0.802239396
2441	0.122133649
2442	0.26300337
2443	0.279873642
2444	-0.591856061
2445	-0.058209722
2446	-0.232157358
2447	0.140420787
2448	-0.396241691
2449	0.676336685
2450	0.045052043
2451	0.077745262
2452	-0.466106196
2453	0.36645153
2454	0.650448107
2455	-0.167327901
2456	0.537076591
2457	-0.675602756
2458	-0.164997269
2459	-0.062390476
2460	0.10956481
2461	-0.265712506
2462	0.236875914
2463	-0.150691689
2464	0.219654706
2465	-0.248697337
2466	-0.095652915
2467	0.106065695
2468	-0.135532859
2469	0.157063302
2470	-0.067930007
2471	0.122606013
2472	0.083298904
2473	-0.057504127
2474	-0.033716599
2475	-0.427716819
2476	0.391670724
2477	0.047239509
2478	0.311242349
2479	-0.40725183
2480	-0.4570663
2481	-0.556361361
2482	0.080884962
2483	0.394631923
2484	0.066351053
2485	0.300682467
2486	0.088558938
2487	0.009258086
2488	-0.071354503
2489	0.092943401
2490	-0.000628563
2491	-0.066016618
2492	-0.208474945
2493	-0.178624486
2494	0.989892397
2495	-0.1408661
2496	-0.341531527
2497	0.209855244
2498	0.188976077
2499	0.545267989
2500	-0.283421382
2501	0.361053345
2502	-0.386729941
2503	0.165915992
2504	-0.283245736
2505	-0.092824922
2506	0.019757592
2507	-0.060421766
2508	-0.365363223
2509	-1.464415347
2510	-2.191719695
2511	-2.675868619
2512	-2.981564409
2513	0.291918543
2514	-0.192563655
2515	0.440347631
2516	-0.279020707
2517	-0.091460836
2518	0.273571764
2519	-0.442046064
2520	-3.316320749
2521	-3.372876071
2522	-0.514124251
2523	-0.130911018
2524	-0.202431644
2525	-0.442675023
2526	-0.188304741
2527	-0.328286175
2528	-0.092858879
2529	-0.106313959
2530	0.474481134
2531	-0.265018971
2532	0.181387992
2533	0.103197038
2534	-0.106833179
2535	0.242313315
2536	-0.314040083
2537	-0.05216825
2538	0.287241989
2539	-0.25291251
2540	-0.129612347
2541	0.152601489
2542	0.362394863
2543	-0.287442812
2544	-0.190439637
2545	-0.295059854
2546	0.945794069
2547	-0.417025983
2548	-0.163715525
2549	0.338482303
2550	-0.600095348
2551	0.171051839
2552	-0.112889086
2553	-0.214904244
2554	-0.066936467
2555	0.13739845
2556	-0.068288167
2557	0.043033366
2558	0.81127262
2559	0.435175334
2560	-0.276097598
2561	0.16047764
2562	0.074749687
2563	0.054136305
2564	-0.003009374
2565	-0.171037439
2566	-0.347495324
2567	0.162351863
2568	0.268058805
2569	-0.588435031
2570	-0.176009061
2571	0.06686395
2572	-0.12059046
2573	-0.040023868
2574	0.330663131
2575	0.091111884
2576	-0.116595241
2577	-0.192315284
2578	-0.148620977
2579	-0.049679406
2580	0.404946903
2581	0.032592666
2582	0.303628596
2583	0.604922298
2584	-0.373233931
2585	-0.43036045
2586	0.062452208
2587	-0.130046672
2588	-0.049031939
2589	-0.373955587
2590	0.018040805
2591	-0.366852849
2592	0.005593648
2593	0.131182136
2594	0.060703841
2595	-0.080563204
2596	0.014876532
2597	-0.774920015
2598	-0.229613162
2599	-0.337607546
2600	-0.280644516
2601	-0.079091245
2602	0.307390761
2603	0.005365148
2604	0.858839458
2605	0.716032601
2606	0.205560566
2607	0.153516961
2608	-0.124162029
2609	-0.097432367
2610	0.185716285
2611	-0.16018692
2612	-0.126940365
2613	0.393709623
2614	0.28808314
2615	-0.184777005
2616	-0.3616735
2617	-0.103786598
2618	0.051887002
2619	-0.304120917
2620	-0.177050755
2621	0.26366471
2622	0.114754972
2623	-0.129422808
2624	0.405429019
2625	0.174358313
2626	0.206609743
2627	0.042679315
2628	0.078105113
2629	-0.302295407
2630	-0.128736456
2631	-0.221241367
2632	-0.41098509
2633	-0.246412129
2634	0.202623982
2635	0.205218657
2636	-0.212763238
2637	0.141373405
2638	-0.325004592
2639	0.066231427
2640	-0.141332496
2641	0.035509068
2642	0.050905512
2643	-0.016592427
2644	0.62069809
2645	0.196770468
2646	-0.005726905
2647	-0.278486093
2648	0.102210763
2649	-0.456937808
2650	0.117953357
2651	-0.149339253
2652	0.044105847
2653	-0.653335621
2654	-0.156267576
2655	-0.486984325
2656	-0.201811907
2657	-0.984214872
2658	-0.244742398
2659	-0.533767909
2660	-0.082341941
2661	0.051118209
2662	0.074133969
2663	0.114800572
2664	0.102607304
2665	-0.646030541
2666	0.22874549
2667	0.242745276
2668	0.125876334
2669	-0.065084631
2670	0.0067572
2671	-0.277803494
2672	-0.07187025
2673	-0.175946937
2674	-0.455451167
2675	-0.436223587
2676	-0.025539865
2677	-0.10623981
2678	0.008283847
2679	-0.0267299
2680	0.077116086
2681	-0.2525309
2682	0.277333051
2683	-0.799159365
2684	-0.006688261
2685	-0.448408842
2686	0.192153108
2687	-0.129868956
2688	0.089878971
2689	0.473765762
2690	0.058456609
2691	0.17603923
2692	-0.167004186
2693	0.393961114
2694	-0.126517353
2695	0.076933252
2696	-0.031403034
2697	0.023826662
2698	0.146087681
2699	0.258770409
2700	0.914727472
2701	0.08995612
2702	-0.142231692
2703	0.560433007
2704	-0.060627433
2705	-0.185007163
2706	-0.242842692
2707	0.255543798
2708	-0.095641667
2709	-0.187604252
2710	-0.160311209
2711	-0.150223676
2712	0.114680028
2713	0.304456478
2714	0.029776416
2715	0.32851307
2716	0.221519174
2717	0.801911063
2718	-0.060885238
2719	0.000555159
2720	0.642155671
2721	-0.018579896
2722	-0.248885778
2723	0.328967819
2724	-0.413289086
2725	-0.256059924
2726	-0.239802321
2727	0.156370874
2728	0.110838054
2729	0.450755978
2730	-0.186079895
2731	-0.458140994
2732	-0.042647052
2733	0.17752917
2734	-0.41175362
2735	-0.104208947
2736	-0.10377035
2737	-0.152178671
2738	0.016261411
2739	-0.050477928
2740	0.188907002
2741	-0.219875487
2742	-0.231057291
2743	-3.639144282
2744	-3.629435596
2745	-0.460721477
2746	0.341722931
2747	-0.145801889
2748	0.313406879
2749	-0.24354858
2750	0.221306028
2751	0.15680934
2752	0.157328276
2753	0.57647675
2754	0.136098135
2755	-0.342624924
2756	0.492503615
2757	-0.293219578
2758	0.002190447
2759	0.173361709
2760	-0.215212321
2761	-0.505062043
2762	-0.015546871
2763	0.044505121
2764	-0.370793876
2765	1.004257187
2766	-0.374121486
2767	-0.222854695
2768	-0.883822563
2769	-0.354423317
2770	0.179670411
2771	-0.2607549
2772	0.005474369
2773	0.096131907
2774	-0.085895455
2775	-0.452157438
2776	0.015354239
2777	0.210434005
2778	-0.217997157
2779	-3.061524713
2780	-0.215627658
2781	-0.488030186
2782	-1.093535449
2783	-2.519540905
2784	0.269279267
2785	0.418264394
2786	0.122114064
2787	-0.180902331
2788	-0.433881385
2789	-0.254238948
2790	-0.193506067
2791	-0.194514103
2792	-0.068448515
2793	-0.041227933
2794	-0.276250788
2795	-0.235620539
2796	-0.136805316
2797	0.069741889
2798	-0.338537559
2799	-0.326226427
2800	0.515243317
2801	-0.00489433
2802	-0.001303366
2803	-0.125046282
2804	-0.409313502
2805	-0.153169563
2806	0.174492567
2807	0.386437345
2808	0.305889439
2809	-0.086077598
2810	-0.260879942
2811	-0.045854964
2812	-0.283018094
2813	0.072225973
2814	0.315481887
2815	-0.447815033
2816	0.024823185
2817	-0.228392163
2818	0.354002418
2819	0.017685317
2820	-0.050560804
2821	-0.263637615
2822	0.042556317
2823	-0.294589066
2824	0.030615387
2825	0.090450899
2826	-0.225911771
2827	-0.310244934
2828	-0.683550008
2829	-0.558828279
2830	-0.229531266
2831	-0.276082244
2832	-0.155086302
2833	-0.489087515
2834	-0.275989847
2835	-0.237830977
2836	-0.073408128
2837	-0.251706131
2838	-0.346073
2839	-0.314934558
2840	-0.630011055
2841	0.149830918
2842	0.220538536
2843	0.247106704
2844	-0.184243457
2845	0.20729261
2846	0.427199172
2847	0.083572949
2848	0.865646186
2849	-0.096415543
2850	0.32212839
2851	-0.034278811
2852	-0.466318405
2853	-0.116051411
2854	-0.256150961
2855	-0.324534981
2856	0.253779236
2857	-0.388781831
2858	-0.297260426
2859	-0.165322944
2860	-0.147903454
2861	-0.137726124
2862	-0.245376563
2863	-0.108228221
2864	-0.281552314
2865	0.202788892
2866	-0.315065262
2867	-0.400087716
2868	-0.030204043
2869	-0.093206702
2870	0.22534253
2871	-0.363581667
2872	-0.043331094
2873	-0.579353975
2874	-0.191373078
2875	0.304124743
2876	-0.092425633
2877	-0.49954979
2878	-0.104503768
2879	-3.966165832
2880	-4.139154262
2881	-4.442042148
2882	-4.586924452
2883	-3.819833819
2884	-1.06231528
2885	-2.841590191
2886	-3.438176312
2887	-4.252838279
2888	-3.167243415
2889	-1.180524432
2890	-0.963640176
2891	-1.822735751
2892	-1.587878076
2893	-2.408050459
2894	-1.927914382
2895	-3.265064664
2896	-3.847216669
2897	-3.057923822
2898	-0.142702741
2899	-0.336706492
2900	-0.935836009
2901	-0.949204773
2902	-0.729416907
2903	-0.344717524
2904	-1.104492449
2905	-1.267626897
2906	-0.574667465
2907	-1.025590562
2908	-1.170800233
2909	-3.326548379
2910	-1.150495777
2911	-2.910621082
2912	-3.363373276
2913	-3.626404512
2914	-4.11607038
2915	-4.335870401
2916	-4.682166461
2917	-3.527829525
2918	-4.448976871
2919	-3.847369379
2920	-2.921839777
2921	-3.137358969
2922	-4.776942968
2923	-5.07858238
2924	-4.061624809
2925	-4.469413775
2926	-2.066441373
2927	-4.191425716
2928	-4.810729148
2929	-4.533003942
2930	-4.102851028
2931	-4.658102351
2932	-0.171855227
2933	-0.249649744
2934	0.36174607
2935	-0.405069934
2936	0.04028994
2937	-0.527306639
2938	0.823178252
2939	-0.546557363
2940	-0.057949761
2941	-0.076763627
2942	-0.420488523
2943	-0.294747288
2944	0.155550687
2945	0.11369462
2946	-0.409370198
2947	-0.297070481
2948	0.010719762
2949	0.132052024
2950	0.316050953
2951	0.009014932
2952	0.344280321
2953	0.132734314
2954	-0.2870297
2955	-0.225714321
2956	-0.012588518
2957	0.034719352
2958	-0.074885138
2959	-0.173800917
2960	0.178862616
2961	-0.046267991
2962	0.394892607
2963	-0.191441917
2964	0.136112227
2965	0.104174919
2966	0.030971987
2967	-0.375016231
2968	0.170363455
2969	0.170631763
2970	-0.239286608
2971	0.310850887
2972	0.48397416
2973	-0.211784461
2974	-0.158019379
2975	0.230445164
2976	-0.174975767
2977	0.10393514
2978	-0.018173656
2979	0.672288463
2980	0.191764667
2981	0.109279856
2982	-0.282410529
2983	-0.273156256
2984	-0.313051973
2985	0.394672617
2986	-0.242457689
2987	0.126273198
2988	-0.001277588
2989	-0.006764735
2990	-0.021927469
2991	-0.316344283
2992	0.241342738
2993	0.030782292
2994	0.017863965
2995	-0.291852635
2996	-0.108472723
2997	-0.09752208
2998	0.630649854
2999	-0.384346248
3000	-0.284909635
3001	0.113398081
3002	-0.325667139
3003	-0.239653188
3004	-0.078664073
3005	-0.408029192
3006	0.001684909
3007	-0.313039407
3008	0.449972326
3009	0.261894713
3010	0.192784459
3011	0.161915262
3012	-0.247456425
3013	-0.018129352
3014	-0.601821612
3015	0.455581155
3016	0.606692387
3017	0.084217951
3018	0.004071437
3019	-0.271583964
3020	-0.214717429
3021	-0.735870784
3022	0.138748105
3023	0.017514206
3024	-1.583107151
3025	-0.148236242
3026	-0.031926432
3027	0.059914152
3028	-0.039359122
3029	-0.34279435
3030	-0.499378512
3031	0.172068593
3032	0.754499422
3033	-0.436555413
3034	0.031200478
3035	-0.302432583
3036	-0.158918972
3037	-0.192002091
3038	0.433092622
3039	-0.276623232
3040	0.150306683
3041	-0.408021797
3042	-0.22938437
3043	-0.280349789
3044	0.116239994
3045	0.37373506
3046	-0.176670757
3047	0.099176435
3048	-0.105404798
3049	0.307402062
3050	-0.23430444
3051	-0.256667662
3052	-0.438276586
3053	-0.050492338
3054	-0.408961987
3055	-0.038500057
3056	-0.312810562
3057	0.017568376
3058	0.412118317
3059	-0.254808702
3060	-1.237608608
3061	-0.846279295
3062	-0.855639323
3063	-0.210226237
3064	0.206248204
3065	0.072931972
3066	-0.01197156
3067	0.598060462
3068	-0.238058067
3069	0.348846493
3070	-0.674802496
3071	0.033162467
3072	-0.234595972
3073	0.265453621
3074	0.029420713
3075	-0.519956128
3076	-3.359918662
3077	-0.554693013
3078	0.023863818
3079	0.143991296
3080	0.064925381
3081	-0.125218255
3082	-0.212613027
3083	-0.568634617
3084	-0.352507011
3085	-0.022263904
3086	-0.227887005
3087	-0.661834487
3088	-0.511354112
3089	-0.478998666
3090	-0.255065204
3091	0.100386498
3092	-0.543452704
3093	-0.151055942
3094	-0.726441833
3095	-0.136236704
3096	0.07605889
3097	-0.079112402
3098	-0.098363876
3099	-0.273000135
3100	0.364098997
3101	-1.655733067
3102	0.31959385
3103	-0.492249941
3104	-0.248297023
3105	-0.429657303
3106	-0.437364045
3107	-0.371674659
3108	0.050015949
3109	-0.012506931
3110	0.019467084
3111	-0.286978808
3112	-0.609542671
3113	-0.402489743
3114	0.056289389
3115	-0.086741386
3116	-0.150982108
3117	-4.602154254
3118	-4.197678147
3119	-4.398256614
3120	0.258156435
3121	0.082715635
3122	-2.324238346
3123	-1.090343596
3124	-2.641274904
3125	-4.710432099
3126	-4.691967595
3127	-4.429410354
3128	-5.126844585
3129	-4.53827965
3130	-4.929008719
3131	-3.880805913
3132	0.113347336
3133	0.182324868
3134	-1.139661857
3135	-0.854254617
3136	-0.588224437
3137	-0.848095143
3138	0.597117798
3139	-1.592388768
3140	-0.215702678
3141	-0.284795824
3142	-0.102434751
3143	0.199069263
3144	0.159023656
3145	-0.475441945
3146	-0.114016991
3147	0.115377111
3148	-0.405774909
3149	-0.577891756
3150	0.445154111
3151	0.005816597
3152	-0.222905873
3153	-0.058835236
3154	-0.111340808
3155	0.001699584
3156	-0.387076829
3157	-0.190736204
3158	-0.054740737
3159	0.509329144
3160	-0.018165945
3161	0.205142718
3162	-0.407761589
3163	-0.568232799
3164	-0.407023087
3165	-0.116537273
3166	-0.224539917
3167	-0.404429421
3168	-0.373351315
3169	-0.167908349
3170	0.061162616
3171	-1.367765071
3172	-0.624509106
3173	-0.108892153
3174	-0.740336589
3175	-0.145502509
3176	-0.131322928
3177	-0.147686825
3178	-0.273551324
3179	-0.238547918
3180	0.078003442
3181	0.043021047
3182	0.458897668
3183	0.608891587
3184	-0.363444735
3185	0.599840383
3186	-0.128937315
3187	0.118545949
3188	0.120651
3189	0.012083619
3190	-0.036416817
3191	0.004158931
3192	-0.44615243
3193	-0.249075601
3194	-0.300050567
3195	0.162879256
3196	-0.056182448
3197	0.130782279
3198	-0.604595432
3199	-0.647731593
3200	0.463718148
3201	-0.063586117
3202	-0.303652821
3203	0.075636043
3204	0.390877167
3205	0.058658243
3206	-0.329769873
3207	-0.099445792
3208	-0.064707894
3209	-0.016332079
3210	-0.091508998
3211	0.131179025
3212	-0.192156197
3213	-0.43801916
3214	-0.5565935
3215	-0.18036405
3216	-0.54022188
3217	-0.24519186
3218	-0.488803665
3219	-0.257509747
3220	-0.141136731
3221	-0.359970073
3222	-0.203288369
3223	0.060737185
3224	0.222776378
3225	-0.367778854
3226	-0.306769683
3227	0.334168333
3228	-0.283877281
3229	-0.058491646
3230	-0.363534513
3231	-3.768984347
3232	-0.1837378
3233	-0.081066881
3234	0.186167051
3235	-0.018551293
3236	0.260549897
3237	-0.339468885
3238	-0.153943054
3239	0.166465257
3240	-0.053027573
3241	-0.277366006
3242	-0.441288639
3243	0.21559986
3244	-0.368106047
3245	0.019142281
3246	-0.231287414
3247	-0.030166668
3248	-0.135432493
3249	-0.504001146
3250	-0.228427252
3251	0.544979695
3252	-0.23285469
3253	-0.252410013
3254	-0.035864562
3255	-0.063654902
3256	0.426490275
3257	-0.564247061
3258	-0.079925103
3259	0.06289309
3260	-0.344561346
3261	0.474027326
3262	-0.076876372
3263	0.027173575
3264	-0.135453395
3265	-0.210838993
3266	-0.04419751
3267	0.161012511
3268	-0.478543
3269	0.06145662
3270	-0.186263647
3271	-0.246242648
3272	-0.090236014
3273	0.206678289
3274	-0.089614428
3275	0.055500848
3276	0.395406433
3277	-0.346033476
3278	-0.215032921
3279	-0.347915379
3280	-0.284926049
3281	0.15631003
3282	-0.80335453
3283	-0.108384686
3284	-0.467292584
3285	-0.028314372
3286	-0.036343474
3287	0.065496212
3288	-0.589422531
3289	-0.176085369
3290	-0.010178303
3291	-0.0636936
3292	-0.546385415
3293	-0.250864353
3294	-0.422669805
3295	0.034750344
3296	-0.21424953
3297	0.403180738
3298	-0.473842589
3299	0.03386585
3300	-0.186098278
3301	0.074865737
3302	-0.313848906
3303	-0.032679742
3304	0.404379205
3305	-0.504763599
3306	0.015123517
3307	0.294614714
3308	-1.093862072
3309	-0.233376331
3310	-3.324848302
3311	-4.75116875
3312	-5.300240623
3313	-3.93176542
3314	-3.711184118
3315	-3.170182642
3316	-3.96095759
3317	-3.337962786
3318	-4.234134768
3319	-4.719940007
3320	-4.621766872
3321	-4.05515844
3322	-4.098036157
3323	-3.598971504
3324	-4.057347549
3325	-5.841363312
3326	-3.94697025
3327	-4.443130456
3328	-3.495829481
3329	-3.949924349
3330	-3.752112753
3331	-4.272332244
3332	-4.393307818
3333	-3.147224484
3334	1.089712646
3335	-0.318921863
3336	0.079574758
3337	-0.674150938
3338	-0.298338339
3339	-0.074265476
3340	0.047310311
3341	0.381126307
3342	-0.576836024
3343	0.078685313
3344	-0.151469588
3345	-0.547189275
3346	-0.353254651
3347	-0.415601718
3348	0.05296976
3349	0.09705272
3350	-0.36614409
3351	-0.195940858
3352	-0.373145788
3353	-0.691138403
3354	-0.501605589
3355	-3.749090887
3356	-5.056884355
3357	-3.181035636
3358	-3.05115055
3359	-4.626359457
3360	-5.533771422
3361	-3.561382236
3362	-5.666059008
3363	-4.276835806
3364	-4.365079473
3365	-3.507591305
3366	-3.536806439
3367	-0.344437955
3368	-0.300857696
3369	-0.026445051
3370	-0.438180123
3371	-0.685233753
3372	-0.835098717
3373	0.086385437
3374	-0.144030051
3375	-0.473420868
3376	-0.226480885
3377	-0.314039343
3378	-0.213704925
3379	-0.285455075
3380	-0.312886735
3381	-0.867081179
3382	-0.270966442
3383	0.438910147
3384	-0.562609916
3385	-0.637614265
3386	-0.356575548
3387	-0.365363575
3388	-0.069697834
3389	-0.213785301
3390	0.19472893
3391	-0.225908352
3392	-0.139710822
3393	-0.518595853
3394	-0.41267153
3395	0.075365551
3396	-0.051683544
3397	-0.739082269
3398	-0.286945475
3399	0.128051092
3400	-0.072825475
3401	-0.127389865
3402	-0.124221278
3403	-0.12598579
3404	-0.63859327
3405	-0.54467618
3406	0.125683358
3407	-0.953470909
3408	-0.270798556
3409	-0.667769276
3410	-0.344774866
3411	-0.263196402
3412	-0.003981027
3413	0.520576473
3414	-0.057421666
3415	0.126440491
3416	-0.123197634
3417	-0.610015049
3418	-0.261085352
3419	-0.051394492
3420	-0.004848781
3421	-0.511338671
3422	-0.19781322
3423	-0.310458677
3424	-0.545937894
3425	-0.193941918
3426	-0.59179635
3427	-0.128325894
3428	-0.063910919
3429	-0.673455954
3430	-0.099432045
3431	-0.723208065
3432	-0.092847219
3433	0.317426068
3434	-2.847435158
3435	-0.319570361
3436	0.12175046
3437	-0.090737602
3438	-0.31747733
3439	-0.383411494
3440	-0.302698841
3441	-0.635884164
3442	-0.083106806
3443	-0.279205465
3444	-0.190720471
3445	0.19340859
3446	-0.343395545
3447	-1.128336966
3448	-0.581366217
3449	-0.565428798
3450	-0.603085434
3451	-0.236421472
3452	-0.12692521
3453	-0.271132548
3454	0.214509317
3455	-0.21964007
3456	-0.30352659
3457	-0.502294289
3458	-0.148458678
3459	-0.266152522
3460	-0.213356484
3461	-0.579216608
3462	-0.531552941
3463	-0.432454984
3464	-0.244582717
3465	0.05969108
3466	0.119181285
3467	-0.410667627
3468	0.156788817
3469	-0.288650914
3470	-0.267094955
3471	-0.249334782
3472	-0.269351657
3473	-0.564832711
3474	-0.411359067
3475	-0.058080758
3476	-0.062886165
3477	0.043476077
3478	0.000570966
3479	0.156044777
3480	-0.185451051
3481	0.448618873
3482	-0.342095458
3483	-0.48739385
3484	-0.533563567
3485	0.008076779
3486	-0.714548337
3487	-0.685689104
3488	-0.31118163
3489	-0.160434296
3490	-0.745327894
3491	-0.134580121
3492	-0.11827831
3493	-0.629798545
3494	-0.006056258
3495	0.156551886
3496	-0.136331561
3497	-0.593022394
3498	0.004969278
3499	-0.212222472
3500	-0.29255951
3501	-0.52114765
3502	-0.022015974
3503	-0.643889374
3504	-0.688675112
3505	-0.896951113
3506	-0.398142007
3507	0.30881954
3508	-0.367878838
3509	-0.107481014
3510	-0.433068564
3511	0.432762874
3512	-0.638202959
3513	-0.613758961
3514	-0.1289741
3515	-0.253134892
3516	-0.256589975
3517	0.302820738
3518	-0.495098639
3519	-0.258992864
3520	-0.165817952
3521	-0.473277048
3522	-0.924877461
3523	-0.356763144
3524	-0.059668333
3525	-0.174162123
3526	-0.089365473
3527	0.319461392
3528	0.138291067
3529	-0.880352654
3530	-0.30271335
3531	0.144269519
3532	-0.534446089
3533	-0.207622986
3534	0.548853814
3535	-0.805182349
3536	-0.078554685
3537	-0.272536962
3538	-0.036623478
3539	-0.342450661
3540	-0.449873736
3541	-0.585451584
3542	-0.452253286
3543	-0.686852407
3544	-0.375039531
3545	-0.003296398
3546	-0.430137783
3547	-0.78374516
3548	-0.294111544
3549	-0.17362066
3550	0.30462846
3551	-0.449796183
3552	-0.851590644
3553	0.203855297
3554	-0.231580709
3555	-0.366682525
3556	-0.725307405
3557	-1.05901395
3558	-0.527215062
3559	-0.041989495
3560	-0.189350577
3561	0.066450455
3562	-0.394866579
3563	0.557936691
3564	-0.16596602
3565	-0.647004712
3566	-0.137292477
3567	-0.481008665
3568	-0.499001331
3569	0.035429246
3570	-0.606158663
3571	-0.19228229
3572	-0.30854884
3573	-0.146568054
3574	-0.600206335
3575	-0.612878102
3576	-0.06907183
3577	-0.843959767
3578	-0.149092864
3579	-0.58247245
3580	-0.516635663
3581	-0.546139067
3582	-0.291351869
3583	-0.422494102
3584	0.299408532
3585	-0.630528871
3586	0.015486652
3587	-0.759647499
3588	-0.110814561
3589	-0.27396711
3590	0.011136747
3591	-0.306774805
3592	-0.443548863
3593	-0.583903847
3594	-0.572515021
3595	-0.501722421
3596	-0.01264275
3597	-0.693564876
3598	-0.289323508
3599	-0.519942609
3600	-0.139064628
3601	-0.319970654
3602	-4.166582607
3603	-0.610418931
3604	-0.289720204
3605	0.005357094
3606	0.007348864
3607	-0.335762445
3608	-0.295356228
3609	-3.722084871
3610	-3.556532036
3611	-3.534726659
3612	-0.406570265
3613	-0.355797702
3614	-0.53447175
3615	-0.193151135
3616	-0.284480594
3617	-0.127837396
3618	0.455544879
3619	-0.515305711
3620	-0.202000721
3621	-0.334647864
3622	-0.279916643
3623	-0.58511972
3624	-0.223376371
3625	-0.41115638
3626	0.230549888
3627	-0.114930844
3628	-0.440023189
3629	-0.180248552
3630	0.234292768
3631	-0.382447267
3632	-0.220105914
3633	-0.401480703
3634	-0.248403946
3635	-0.335946474
3636	-0.241227541
3637	-0.34511379
3638	-0.464071739
3639	-0.719799933
3640	-0.484420322
3641	-0.082446187
3642	-0.15517608
3643	-0.439115677
3644	-0.832122838
3645	0.239404142
3646	-0.184658625
3647	-0.656553851
3648	-0.486665289
3649	-0.501530286
3650	-0.470619407
3651	-0.395138797
3652	-0.587004969
3653	-0.516302423
3654	-0.511462711
3655	-0.075952833
3656	-0.675649653
3657	-0.285213635
3658	-0.116758403
3659	-0.434548229
3660	-0.168732081
3661	-5.097447477
3662	-5.141798849
3663	-5.19647963
3664	-5.433318404
3665	-3.320177323
3666	-5.318453822
3667	-5.745039228
3668	-4.916425565
3669	-5.489222641
3670	-4.203052626
3671	-4.432990095
3672	0.144941807
3673	-0.183605224
3674	5.108364136
3675	4.111794795
3676	3.43820426
3677	2.752378128
3678	0.684721347
3679	3.70446977
3680	-0.131860278
3681	2.752211222
3682	3.020260661
3683	4.008736108
3684	3.653118411
3685	2.934903496
3686	2.708986446
3687	4.773558672
3688	4.389387165
3689	4.655972385
3690	3.086320094
3691	4.302051144
3692	3.575969612
3693	4.942107401
3694	3.978143226
3695	-0.174815356
3696	0.083510033
3697	4.378617998
3698	3.062496937
3699	3.382063806
3700	3.008066885
3701	1.616244285
3702	-0.061523833
3703	4.184870016
3704	4.127601163
3705	3.57638509
3706	2.154610566
3707	0.107174868
3708	2.374665513
3709	2.569410065
3710	1.330696654
3711	0.140237348
3712	3.728437346
3713	3.970950338
3714	2.938001611
3715	2.483481582
3716	0.126704928
3717	1.062447056
3718	2.693126348
3719	-0.280573077
3720	0.767172987
3721	1.652044015
3722	0.599793093
3723	3.042026907
3724	0.159505622
3725	2.262403083
3726	0.072713983
3727	0.003827175
3728	3.956213359
3729	4.083020837
3730	4.019759108
3731	0.855392474
3732	-0.017280284
3733	-0.207114832
3734	0.125781878
3735	0.030821553
3736	2.942297234
3737	2.972950279
3738	3.333556942
3739	2.729009184
3740	3.456303399
3741	3.741071013
3742	3.970693412
3743	4.160984109
3744	3.576534162
3745	3.355822875
3746	3.700643019
3747	0.594771436
3748	3.580515194
3749	4.423096352
3750	2.426840519
3751	1.381677108
3752	0.285011354
3753	1.707719991
3754	5.088639565
3755	3.079087672
3756	0.286926603
3757	3.460471679
3758	4.653360343
3759	0.37108498
3760	3.253929204
3761	0.257851058
3762	0.293207174
3763	1.29635053
3764	0.838665944
3765	0.642806722
3766	0.306816336
3767	3.936702326
3768	0.646941872
3769	4.358948016
3770	3.454109517
3771	3.818487693
3772	3.512150873
3773	4.075910884
3774	3.972179019
3775	2.640373943
3776	2.717138617
3777	0.441164742
3778	2.514177089
3779	3.761797223
3780	3.021695724
3781	2.610381051
3782	0.102919254
3783	2.887581405
3784	3.060431882
3785	4.273437907
3786	-0.251241118
3787	-0.13477556
3788	0.035412437
3789	0.263152876
3790	-0.050378203
3791	0.661909661
3792	2.866427617
3793	3.742112268
3794	3.771954057
3795	3.550623189
3796	2.537780952
3797	2.817033992
3798	2.624161009
3799	-0.837213424
3800	2.46764753
3801	3.328921826
3802	-0.489870038
3803	0.495637791
3804	3.820610994
3805	3.113120194
3806	-0.101363177
3807	3.203107496
3808	4.890883028
3809	1.152841923
3810	3.060975247
3811	4.17158122
3812	3.851893333
3813	2.395885132
3814	3.43090314
3815	0.167333676
3816	2.710291605
3817	-0.256022802
3818	2.354152241
3819	3.224803375
3820	3.289408009
3821	2.15916024
3822	-0.341911228
3823	0.099793162
3824	2.347100333
3825	2.52586148
3826	0.316337041
3827	2.44434931
3828	4.219357996
3829	3.949830504
3830	3.660812741
3831	3.863675089
3832	3.940882688
3833	0.600352111
3834	3.42952004
3835	3.752897367
3836	3.889712068
3837	4.115548887
3838	2.736269561
3839	3.649016583
3840	3.54431757
3841	4.476972399
3842	3.691289189
3843	2.768264525
3844	3.719000913
3845	4.101781134
3846	4.310641796
3847	4.660095936
3848	4.953259958
3849	4.553179566
3850	3.700667195
3851	3.867503313
3852	4.22183403
3853	3.807388307
3854	3.548013106
3855	4.082373007
3856	3.855503279
3857	3.07249235
3858	3.207057074
3859	2.857830475
3860	3.536144467
3861	3.598183137
3862	3.238427263
3863	4.139004863
3864	4.655221729
3865	2.897153762
3866	2.911389861
3867	2.544381349
3868	0.119372724
3869	-0.329828965
3870	4.33196478
3871	4.181647305
3872	4.207033205
3873	2.858808378
3874	2.955042792
3875	3.977997399
3876	3.373932585
3877	2.977853115
3878	3.178520047
3879	3.842023433
3880	2.562803546
3881	3.71352924
3882	0.096906497
3883	4.413667039
3884	3.46036429
3885	3.754655511
3886	2.909831252
3887	4.071612635
3888	3.509241026
3889	3.013072195
3890	3.782091828
3891	4.249237702
3892	3.439128342
3893	3.122259729
3894	-0.923039301
3895	0.521841695
3896	-0.397332261
3897	-0.431565754
3898	-0.545221691
3899	-0.36700238
3900	-0.367927546
3901	1.701759451
3902	0.503813395
3903	3.010886803
3904	1.861968535
3905	2.744978247
3906	3.730247486
3907	3.470057448
3908	2.977149027
3909	2.936728192
3910	2.481144325
3911	3.505624337
3912	3.111797918
3913	0.707121088
3914	2.647735917
3915	1.968061535
3916	1.955897795
3917	4.783211505
3918	4.799178311
3919	4.990724356
3920	4.679243006
3921	3.890590634
3922	3.202813823
3923	4.675453027
3924	4.13772772
3925	3.259378231
3926	2.054437231
3927	1.410252054
3928	-0.313983496
3929	2.484340882
