1	-0.289220455
2	-1.113816066
3	-0.651633556
4	-0.959490967
5	-0.21357078
6	0.194908568
7	-0.668727044
8	-0.966287844
9	-0.88186853
10	-0.137731367
11	-0.583560025
12	-1.105319311
13	-0.618700196
14	-0.200951798
15	-0.376423572
16	-0.46877691
17	-0.664766734
18	-0.284285194
19	0.063434437
20	-0.456021853
21	-0.414460664
22	-0.262439466
23	-0.2667555
24	-0.33589443
25	-0.130590129
26	-0.166066773
27	-0.661215236
28	-0.465752147
29	-0.203313823
30	-0.047208779
31	-0.002412361
32	-0.271060074
33	0.045684651
34	-0.246975561
35	-0.090647919
36	-0.478137087
37	-0.028378418
38	-0.720811421
39	0.372302801
40	-0.594787812
41	-0.230575816
42	-0.281661093
43	-0.608621453
44	-0.220540578
45	-0.432307102
46	0.115928635
47	-0.440940888
48	-0.105979465
49	0.071405353
50	-0.741455371
51	-0.452453141
52	-0.417871842
53	-0.445565882
54	0.003217365
55	-0.972200365
56	-0.456029626
57	-0.89072339
58	-0.230066486
59	-0.680523329
60	0.126425069
61	0.00623275
62	0.067005966
63	-0.15193186
64	-0.242242681
65	-0.22097777
66	-0.112121284
67	-0.52731012
68	-0.451050869
69	-0.292575903
70	-0.455185461
71	-0.274220607
72	-0.476005149
73	-0.432159183
74	-0.43113814
75	0.136698824
76	-0.629756392
77	0.095899748
78	-0.287040402
79	-0.427276972
80	-0.125325055
81	-0.270735297
82	-0.087506431
83	-0.271218291
84	-0.179022666
85	-0.368118312
86	-0.213444322
87	-0.660287957
88	-0.311517106
89	-0.047955772
90	-0.406456836
91	-0.06005951
92	-0.2269627
93	-0.382403426
94	-0.715046572
95	-0.740630179
96	-0.082438965
97	-0.436313011
98	-0.841958531
99	-0.49411984
100	0.046487153
101	-0.267381606
102	-0.171895838
103	-0.232581239
104	-0.202297338
105	-0.088241606
106	-0.430261954
107	-0.310640149
108	-0.006543743
109	-0.598839915
110	-0.952428898
111	-0.540706938
112	-0.696337566
113	-1.224180805
114	-0.303467354
115	-0.186490885
116	-0.642036067
117	-0.233677807
118	-0.317929685
119	-0.421408564
120	-0.171519116
121	-0.036554187
122	-0.24459476
123	-0.243477777
124	-0.735444295
125	-0.301218733
126	-0.083186718
127	-0.270658206
128	-0.680019095
129	-0.401540751
130	-0.735074794
131	-0.147810201
132	-0.31307333
133	-0.28883602
134	0.215947488
135	-0.145445303
136	-0.119424129
137	-0.522914442
138	-0.19821282
139	-0.056101519
140	-0.174133062
141	-0.337698525
142	-0.240191872
143	-0.085968797
144	-0.048953631
145	0.171943045
146	-0.297193626
147	-0.202666283
148	-0.327957346
149	-0.223158716
150	-0.020278865
151	0.011565255
152	0.14367501
153	-0.206625734
154	-0.18061997
155	0.131380749
156	-0.404965442
157	-1.359188953
158	-0.448582917
159	-0.322323406
160	-0.777679927
161	-0.888421832
162	0.045767742
163	-3.928756719
164	-4.784632887
165	-4.351730065
166	-4.002321961
167	-4.38572815
168	-3.740150084
169	-3.130069856
170	-1.043326936
171	0.208986919
172	-0.275184905
173	-0.341418396
174	0.403100738
175	-0.257813195
176	-0.103584443
177	-0.165059971
178	-0.679444873
179	-0.136002748
180	-0.159834019
181	-0.2037722
182	-0.222749676
183	-0.295350203
184	-0.191223562
185	0.095959886
186	-0.011171974
187	2.640042329
188	-0.752359878
189	-0.23956599
190	-0.019888574
191	-0.175311207
192	-0.721599689
193	-0.244852993
194	-0.663930892
195	0.453495138
196	-0.019263142
197	-0.356562368
198	-0.345628356
199	-0.436238601
200	-0.406738619
201	-0.702122547
202	-0.030173888
203	-0.200818292
204	-0.015228462
205	-0.44665805
206	-1.911654722
207	-0.748739953
208	-0.355406619
209	-0.403575739
210	-0.092247724
211	-0.071823341
212	0.035312601
213	-0.18335054
214	-0.932561063
215	-3.378465943
216	-3.964781203
217	-0.382468204
218	-0.326878587
219	-3.197462209
220	-3.358737384
221	0.096545549
222	-0.155733791
223	-0.957024371
224	-0.136636262
225	-0.266380221
226	-0.770818803
227	-0.629044983
228	-0.752707703
229	-0.196068297
230	-1.806463982
231	-1.261708716
232	-0.64054844
233	-0.284109895
234	-0.683193335
235	-1.509214289
236	-3.172172044
237	-3.852376105
238	-3.90132578
239	-3.319370056
240	-2.57354071
241	-4.319743841
242	-3.856229683
243	-3.186265341
244	-4.492483793
245	-3.453976216
246	-5.215515869
247	-5.232308326
248	-4.000328849
249	-0.366870776
250	0.061010331
251	-0.48301667
252	-0.153863805
253	-0.024051942
254	-0.39809652
255	-1.240692768
256	-0.80266315
257	-0.829567072
258	-0.16809616
259	-0.661207919
260	-0.245399768
261	0.122848342
262	-0.028145668
263	-0.220437867
264	-0.671390625
265	0.202428415
266	-0.340353057
267	-0.701117697
268	-0.15365527
269	-0.355964301
270	0.090246171
271	-0.169130274
272	-0.071577386
273	-0.661484721
274	0.18121757
275	-0.551163565
276	-1.03659124
277	-0.193284079
278	0.095848971
279	-0.208357411
280	-0.645864425
281	-0.545094754
282	-0.768382251
283	0.156896337
284	-0.788405998
285	-1.839814067
286	-3.215966021
287	0.235485121
288	-0.242987409
289	-0.042796465
290	-0.210171061
291	-0.472411182
292	-0.630018776
293	-0.027211245
294	-0.016750155
295	-0.514059984
296	-0.337603296
297	-0.035754358
298	-0.154431958
299	-0.36688343
300	-0.676367932
301	0.052149716
302	0.049453445
303	-0.300747103
304	-0.947305374
305	-0.692294872
306	-0.010789511
307	-0.497598721
308	-0.606198775
309	-1.06484374
310	-0.17434891
311	-0.347384822
312	-0.365937596
313	-0.320317029
314	-0.369445624
315	-0.285865264
316	-0.137012143
317	0.212494971
318	-0.281338838
319	0.076382261
320	-0.720383231
321	-0.556814243
322	-0.080424917
323	-1.390177789
324	0.310623948
325	0.11746295
326	-1.390995318
327	-0.197119507
328	0.247855195
329	-0.07688866
330	-0.400441673
331	0.054168115
332	-0.597879192
333	-0.149813041
334	0.234488979
335	-1.126706869
336	-0.197614918
337	-0.309386079
338	-0.403662537
339	-0.188403611
340	-0.045333461
341	-0.743179005
342	-1.676209163
343	-0.924112737
344	-1.171487939
345	-0.43084374
346	-0.143233616
347	0.134717473
348	0.044287026
349	-0.438288321
350	0.087464268
351	-0.474780456
352	-0.855447007
353	0.256001913
354	-0.527662149
355	-0.426278658
356	-0.733969265
357	0.017096846
358	-0.356065801
359	-4.629441799
360	-4.789748046
361	-4.295634586
362	-4.392816846
363	-5.930244229
364	-4.750443967
365	-4.280017846
366	-5.824180208
367	-5.48981271
368	-5.221549704
369	-4.718498599
370	-5.386954564
371	-5.020842407
372	-4.997785998
373	-5.769722223
374	-5.587801128
375	-5.864230149
376	-4.321118537
377	-5.277101046
378	-4.616793113
379	-6.086988314
380	-5.392933561
381	-5.21205067
382	-3.979430624
383	-0.165153056
384	-0.252511249
385	-0.02808906
386	-0.292440288
387	-0.490682135
388	-0.156310436
389	-0.584685866
390	-0.045932525
391	-0.277959693
392	-0.088102602
393	0.128487024
394	-0.135052452
395	-0.235548063
396	-0.768996009
397	-1.117288056
398	0.032600549
399	-0.286719199
400	-0.376385003
401	-0.391951202
402	-1.869139575
403	-3.593584629
404	-4.282202599
405	-3.339385793
406	-2.617127508
407	-0.705157967
408	-1.712571147
409	-1.930904656
410	-2.074386075
411	-2.956821532
412	-1.581170351
413	-3.544124539
414	-2.732884911
415	-3.850339362
416	-2.212212511
417	-3.098062677
418	-2.968227133
419	-3.656664647
420	-4.286203994
421	-4.855198366
422	-4.01283502
423	-4.655432814
424	-3.843504192
425	-4.426074202
426	-3.755518814
427	-3.798788831
428	-4.190932521
429	-0.262496053
430	0.094955516
431	-0.450657857
432	-0.18505002
433	-0.180247536
434	0.03519571
435	-0.393718599
436	-0.111911161
437	-0.418792787
438	-0.328620125
439	-0.230873485
440	-0.248266715
441	0.145488191
442	0.09278011
443	-0.283926332
444	0.050988372
445	-0.567178713
446	-1.452344628
447	-4.274164562
448	-2.314218693
449	-0.15971259
450	-0.139070767
451	-0.104287068
452	0.075510285
453	-0.97605291
454	0.02774342
455	-0.687878213
456	-0.083928221
457	-0.327103258
458	-0.175632654
459	-0.193282155
460	-0.19515267
461	-0.345248358
462	-0.996283448
463	-0.326452336
464	-0.684725483
465	-0.588967331
466	-0.205857312
467	-0.159236279
468	-0.351941651
469	-0.059776132
470	-0.747307906
471	-0.507545625
472	-0.027641037
473	0.138549922
474	-0.082306213
475	-0.891617943
476	-0.128455418
477	-0.001670361
478	0.030424739
479	-0.460229337
480	-0.453978043
481	-0.449678996
482	-0.322292454
483	-0.308140321
484	0.170151419
485	-0.068320876
486	0.337477537
487	-0.0156694
488	-0.043809906
489	-0.602005559
490	-1.100839546
491	-3.717535705
492	-5.354133924
493	-3.698105315
494	-5.265179873
495	-5.156594317
496	-4.788668818
497	-4.822716683
498	-5.669937331
499	-2.701816034
500	-3.24027118
501	-6.141800037
502	-4.516948732
503	-3.22759792
504	-1.053924204
505	-1.711011479
506	-0.98268597
507	-2.724310554
508	-2.853572603
509	-3.546951126
510	-3.783432355
511	-4.012359765
512	-0.021256754
513	-2.582093436
514	0.134725185
515	-0.500138591
516	-0.430159622
517	-0.299416611
518	-0.872336595
519	0.024093593
520	-0.063378125
521	-0.061732597
522	-0.200544783
523	0.561941458
524	-0.115392222
525	-0.127398777
526	-0.383884451
527	0.011243179
528	-0.678200095
529	-0.342976804
530	0.138520078
531	-0.144818273
532	-0.182559866
533	-0.112510386
534	-0.662952188
535	-0.174218953
536	-0.071181119
537	-0.255613967
538	-0.083877888
539	-0.825587203
540	-0.815605018
541	-0.640710271
542	-0.269623251
543	-0.016901097
544	-0.479263975
545	-0.036675148
546	-0.169690331
547	0.043950414
548	0.065166488
549	-0.022172618
550	-0.194643532
551	-0.152616526
552	-0.264375484
553	-0.476196296
554	0.343986372
555	-0.260368833
556	-0.359290227
557	-0.680063714
558	-0.908069911
559	-0.721581889
560	-0.050415731
561	-0.030157766
562	-0.161255343
563	-0.066177295
564	-0.221613781
565	-0.687524202
566	-0.241644418
567	-1.12433523
568	-0.539782146
569	0.005830778
570	-0.742572934
571	-0.713449513
572	0.002810475
573	-0.406358249
574	-1.716347282
575	-0.20539631
576	0.114296738
577	0.006792974
578	0.453984668
579	-0.43315447
580	-0.253089245
581	-1.5407877
582	0.035023996
583	-0.283037409
584	-0.547754861
585	-0.606084615
586	-0.189024618
587	-0.557321742
588	-0.312049651
589	0.195173978
590	-0.117384215
591	-0.067916082
592	0.424322504
593	0.487762672
594	-0.29937842
595	-0.339242191
596	-0.753747033
597	0.185348286
598	0.041751716
599	-0.077937671
600	0.388700045
601	-0.200526218
602	-0.179435115
603	-0.139378316
604	-0.292024834
605	-0.092318627
606	-0.35873119
607	-0.341113818
608	-0.193750837
609	-0.426458044
610	-0.157836521
611	-0.221572467
612	-0.386541694
613	-0.728194805
614	-0.408408754
615	-0.238430019
616	-0.146338153
617	-0.695293641
618	0.134047321
619	-0.494540923
620	-0.903472696
621	0.085805017
622	-0.030759026
623	-0.253809478
624	-0.032174654
625	-0.385403522
626	0.375228108
627	0.346752724
628	-0.512423555
629	0.067489508
630	-0.939092355
631	-0.926908465
632	0.04043274
633	-0.710429308
634	-0.089454047
635	0.323509524
636	-0.662928587
637	0.062197754
638	-0.219229435
639	-0.063347745
640	-4.008298496
641	-2.579293862
642	-3.830376379
643	-0.368194811
644	-0.452762306
645	-0.203898208
646	-0.339788209
647	-3.880781599
648	-5.050252312
649	-1.050563664
650	-4.125614172
651	-3.883630096
652	-0.46778445
653	-0.261076873
654	-0.109985336
655	0.251081562
656	-0.464569231
657	-0.295743232
658	0.171721085
659	-0.248083843
660	-0.40340936
661	0.157460934
662	-0.040667404
663	-0.358716821
664	-0.502904082
665	-0.909195594
666	0.007846674
667	-0.3182724
668	-0.115207148
669	0.070454029
670	0.007910036
671	0.051540456
672	-0.533084283
673	-0.146924669
674	-0.159287765
675	-0.320741998
676	-0.049370974
677	-0.478142489
678	-0.223557951
679	-0.206228896
680	0.611314924
681	-0.222227116
682	-0.463788307
683	-0.064294509
684	-0.134333497
685	0.213397798
686	-0.616662722
687	-0.132462453
688	0.010440234
689	-0.485415727
690	-1.068212976
691	-0.466735885
692	-0.083402743
693	-0.226714819
694	-0.361415326
695	0.167378225
696	-0.014304209
697	-0.643544495
698	0.234808113
699	-0.041270492
700	0.047814793
701	-0.826191848
702	-0.311728218
703	-0.35427467
704	-0.152849646
705	-0.095789444
706	-0.261091735
707	-0.803789776
708	-0.109023743
709	-0.220671291
710	-0.484507532
711	-0.69810335
712	-0.199517909
713	-0.006038102
714	-0.696946048
715	-0.256146573
716	0.070370796
717	-0.517529922
718	-0.255295202
719	0.191785927
720	-0.441946272
721	-0.458204537
722	-0.629615257
723	0.174722891
724	-0.203600857
725	-0.708959997
726	-0.037965656
727	0.000486825
728	0.084709848
729	-0.478860725
730	-0.591324827
731	0.165260534
732	0.342649566
733	0.171889884
734	-0.410257431
735	0.291943032
736	-0.333848975
737	-0.226974947
738	-0.385118409
739	-0.009976441
740	-0.568929918
741	-0.154893518
742	-0.328658405
743	-0.060528031
744	0.020202788
745	-0.1428733
746	-0.568811029
747	-0.236264123
748	-0.469567162
749	-0.260981662
750	-0.664385867
751	-0.200187889
752	-3.682566225
753	-3.484003914
754	-3.85562662
755	-4.663294005
756	-4.038078076
757	-4.076992062
758	-3.557757179
759	-0.483618239
760	0.094500349
761	0.199215644
762	-0.55139153
763	0.527578937
764	-0.00168025
765	-0.605586166
766	-0.911614624
767	0.282010081
768	-0.221415653
769	0.128324122
770	-0.854866355
771	0.116046933
772	0.208111751
773	-0.183548562
774	-0.376137799
775	-0.243330925
776	-0.167362579
777	0.247219656
778	0.04781883
779	0.13809427
780	0.198195286
781	-0.073228271
782	0.100290041
783	-0.005175312
784	0.010383027
785	-0.039214934
786	-2.643645262
787	-4.731387958
788	-4.30896034
789	-5.006306638
790	-0.751193681
791	-0.107059384
792	0.196424197
793	0.088783523
794	-0.20985738
795	0.201911328
796	-0.259842527
797	0.205768288
798	0.161045405
799	-0.481861073
800	-0.029434313
801	0.129328985
802	0.144101
803	-0.884725447
804	0.163222338
805	-0.323486372
806	-0.09621713
807	0.109869744
808	0.386810613
809	-0.226485197
810	-0.15824438
811	-0.132512873
812	0.369895754
813	-0.017688404
814	-0.264240112
815	-0.127816755
816	-0.186214638
817	0.053563082
818	0.1266249
819	0.106061967
820	-0.158260377
821	-0.247974654
822	-0.603380701
823	0.149286073
824	-0.534165664
825	-0.338142222
826	-0.191002398
827	-0.356676504
828	-0.060199957
829	0.072780159
830	0.019745197
831	0.015867362
832	-0.538919614
833	-0.761265203
834	-0.303350606
835	0.297952936
836	-0.148028824
837	-0.185685692
838	-0.185931515
839	-0.764020111
840	0.181610702
841	-0.069817488
842	0.00093004
843	0.139745332
844	-0.009465794
845	0.20100053
846	-0.087716481
847	-0.543072652
848	0.203607084
849	-0.062975149
850	-0.650331583
851	-0.339462069
852	-0.455653823
853	-0.196474703
854	-0.093951161
855	-0.086309116
856	0.292292584
857	-0.622202612
858	0.492154573
859	-0.632115794
860	-0.419263645
861	-0.196891831
862	-0.550108876
863	0.0751369
864	-0.384791192
865	-0.126447691
866	-0.165185781
867	-0.70931704
868	-0.093966868
869	-0.073076457
870	0.110497349
871	-0.340656868
872	0.083172994
873	-0.228032663
874	0.011714328
875	-0.266081003
876	-0.044238442
877	-0.279287819
878	0.069493108
879	0.169696915
880	-0.396053265
881	-0.05276432
882	-0.304974339
883	0.039527709
884	0.082452055
885	-0.1758369
886	-0.181671469
887	0.079595016
888	0.331649481
889	-0.199656843
890	0.158833375
891	0.166496582
892	-2.382325595
893	-4.478604119
894	-3.602642525
895	-4.069657018
896	-3.88309372
897	-0.647430879
898	-3.485590328
899	-3.470760452
900	-3.762861093
901	-4.245942935
902	-3.104993559
903	-3.467410399
904	-3.244645193
905	-3.399897795
906	-3.961696298
907	-3.564680755
908	-2.410635729
909	-3.167089083
910	-3.753170472
911	-3.594102019
912	-3.919895115
913	-0.699372246
914	-2.075165354
915	-2.888263423
916	-3.890647139
917	-4.266066787
918	-3.25151494
919	-3.391966655
920	-2.729069783
921	-2.999025242
922	-3.898241163
923	-3.905113388
924	-3.065375624
925	-3.175472338
926	-2.693720324
927	-0.625231164
928	-1.168835866
929	-2.881962345
930	-2.715439155
931	-1.641649276
932	-0.754353553
933	-1.064476569
934	-0.509609975
935	-0.713804759
936	-0.46759206
937	-1.051650513
938	-0.309694567
939	-0.534996128
940	-0.791078559
941	0.329173681
942	0.036178519
943	-0.208959052
944	-3.153962505
945	-3.25528191
946	-1.330793223
947	-0.915356107
948	-1.088208571
949	0.043539221
950	-0.017040612
951	-0.298297274
952	0.245310889
953	-2.259459023
954	-0.131437799
955	-3.485550336
956	-2.219500603
957	-0.823122082
958	-1.098703719
959	-3.390904243
960	-3.703749286
961	-4.230857735
962	-3.925750899
963	-4.751328389
964	-3.685389567
965	-2.057292686
966	-2.661526994
967	-0.544379888
968	0.326831395
969	-0.169543324
970	0.283200296
971	-0.096447477
972	-0.154048952
973	0.020215462
974	-0.145843997
975	0.330325493
976	-0.29952059
977	0.082633996
978	-0.190931213
979	-0.533329524
980	-0.300429787
981	-0.255049468
982	0.044450381
983	-0.015230594
984	0.201213384
985	-0.567548079
986	0.11930516
987	-0.057330529
988	-0.325598
989	-0.06588368
990	-0.234654689
991	0.404912673
992	-3.12608551
993	0.361427823
994	-0.524214119
995	0.166299527
996	-0.377861991
997	-0.465194882
998	-0.378404064
999	-0.504947364
1000	0.238481196
1001	0.076394896
1002	0.100529617
1003	0.14553523
1004	-0.024093934
1005	-0.52668095
1006	-0.018810522
1007	0.369078988
1008	0.780077821
1009	-0.753948101
1010	-0.07003244
1011	0.170337019
1012	0.307046951
1013	-0.27661205
1014	-0.246781902
1015	0.13690169
1016	-0.255462697
1017	0.053500728
1018	0.126536705
1019	-0.3940072
1020	-0.154386076
1021	-0.30222392
1022	-0.701395662
1023	0.060316733
1024	-0.001144055
1025	-0.186678464
1026	0.156770849
1027	-0.22409359
1028	-0.465201636
1029	-0.314488136
1030	0.050828673
1031	-0.363919799
1032	-0.457646185
1033	0.178322971
1034	0.352301546
1035	0.202663344
1036	0.059383595
1037	0.04640833
1038	-0.035567455
1039	-0.031088348
1040	-0.838250248
1041	0.194866284
1042	-0.101240175
1043	-0.261229284
1044	-0.058784997
1045	0.637267626
1046	-0.028152892
1047	-0.106508
1048	0.258885753
1049	-0.240216982
1050	0.262205988
1051	-0.048531299
1052	-0.379244503
1053	0.207969911
1054	0.161983965
1055	-0.30581529
1056	0.081597873
1057	0.072171999
1058	0.353073479
1059	0.359769478
1060	-0.269067969
1061	-0.003874764
1062	-0.116307251
1063	-0.035971648
1064	0.077462246
1065	-0.262195329
1066	0.514493725
1067	0.000854446
1068	0.566983629
1069	-0.461884624
1070	-0.034291733
1071	-0.230697879
1072	0.106380561
1073	0.095108624
1074	-0.070112663
1075	-0.574743048
1076	-0.399309581
1077	-0.770528868
1078	0.025362554
1079	-3.756016294
1080	-3.802058364
1081	-4.851867813
1082	-4.083947925
1083	-4.372464618
1084	-4.535350111
1085	-5.665669969
1086	-4.008360009
1087	-3.989523142
1088	-5.837161048
1089	-5.14502126
1090	-5.413801549
1091	-6.211827599
1092	-4.086992162
1093	-5.569447811
1094	-5.023904201
1095	-4.975072059
1096	-5.115629808
1097	-4.612595587
1098	-3.960425272
1099	-5.994070869
1100	-6.163022773
1101	-5.447873646
1102	-5.633500999
1103	-5.383270803
1104	-4.767405498
1105	-4.027822654
1106	-5.035472823
1107	-5.18270507
1108	-4.393877832
1109	-3.855208046
1110	-5.204709936
1111	-3.481531952
1112	-0.148935496
1113	0.268468624
1114	-0.240368278
1115	0.254147929
1116	-0.047041721
1117	-0.147588616
1118	0.048503338
1119	-0.046851102
1120	-0.136085013
1121	-0.013765058
1122	0.139443564
1123	-0.174325951
1124	-0.37307349
1125	-0.449312277
1126	0.014627666
1127	-0.103555226
1128	-0.702861104
1129	0.058440254
1130	0.08203939
1131	0.046360106
1132	0.071787448
1133	-0.434395252
1134	-1.001752206
1135	-0.126292217
1136	0.053162927
1137	-0.27041281
1138	-0.550298389
1139	-0.242326745
1140	-0.589189625
1141	-0.436171393
1142	0.160237884
1143	0.090838312
1144	-0.046440847
1145	0.323869314
1146	0.025549711
1147	-0.451421823
1148	0.118713626
1149	0.235029323
1150	-3.453705534
1151	-3.140188133
1152	-0.991036559
1153	-0.044385519
1154	-0.394097502
1155	-0.248869669
1156	-0.363474554
1157	0.289533394
1158	-0.215696772
1159	0.17290225
1160	-0.122377895
1161	0.437542744
1162	0.070738222
1163	0.59286553
1164	0.15151308
1165	-0.438078685
1166	-0.066315964
1167	-0.06637761
1168	0.186430506
1169	0.143336848
1170	-1.147498633
1171	-0.053340595
1172	-0.170803131
1173	0.068619908
1174	0.051731728
1175	-0.171453821
1176	0.28395486
1177	-0.522640595
1178	-0.061446794
1179	0.22408777
1180	0.085267963
1181	0.045064514
1182	-0.00150486
1183	-0.106520563
1184	0.195486955
1185	0.056271479
1186	0.335056089
1187	-0.489046401
1188	-0.543314315
1189	-0.180393712
1190	-0.108258973
1191	-0.055993277
1192	-0.63617027
1193	-0.168838709
1194	-0.44812278
1195	-0.031793973
1196	-0.232313955
1197	0.479841954
1198	0.16912499
1199	0.111149713
1200	-0.14595304
1201	0.166945994
1202	0.020005932
1203	0.065398385
1204	0.190490098
1205	0.094252239
1206	-0.425079724
1207	-0.303816137
1208	0.455219922
1209	0.189454276
1210	0.023967754
1211	0.12935163
1212	0.045217795
1213	-0.020027522
1214	0.138835789
1215	-0.087997441
1216	0.240025173
1217	-0.194477865
1218	0.062502807
1219	-0.420607327
1220	-0.742783355
1221	-0.376853647
1222	-0.85304689
1223	-0.654721744
1224	0.115076696
1225	-0.395489592
1226	0.109602145
1227	0.24159197
1228	-0.296164149
1229	-0.690437347
1230	0.270016766
1231	-1.040047894
1232	-0.427972537
1233	-0.05109224
1234	-0.13000981
1235	-0.17052473
1236	-0.292754284
1237	-0.260595725
1238	-0.222205236
1239	0.245137603
1240	-0.15238599
1241	0.091686189
1242	0.402847114
1243	-0.190482224
1244	0.327742315
1245	-0.386456056
1246	0.335312572
1247	-0.440078397
1248	-0.006066531
1249	-0.010737722
1250	-0.000924139
1251	0.010613204
1252	-0.025955399
1253	0.232588943
1254	-0.848166757
1255	0.592801562
1256	-0.455211461
1257	0.056153634
1258	0.035766482
1259	0.163659199
1260	0.033747051
1261	-0.327403245
1262	-0.434542574
1263	-0.000804428
1264	-0.09815084
1265	-0.436653558
1266	-0.373945025
1267	0.466169418
1268	-0.042714211
1269	0.301621853
1270	-0.058922903
1271	-0.470229118
1272	0.343585234
1273	-0.155907639
1274	-0.069965669
1275	-0.226799087
1276	-0.578667003
1277	0.157672045
1278	-0.151511105
1279	0.036924735
1280	-0.647295915
1281	0.471239422
1282	0.115886673
1283	0.133495965
1284	-0.086929792
1285	-0.147244755
1286	0.053975644
1287	0.501297376
1288	-0.913553961
1289	-0.042490659
1290	-0.527722032
1291	-0.518225507
1292	0.130817964
1293	0.178750485
1294	-0.107216609
1295	-0.237772529
1296	-0.251589281
1297	0.040402906
1298	-0.193058148
1299	0.147625034
1300	0.109368267
1301	-0.022646044
1302	0.201932569
1303	0.239010055
1304	-0.862686537
1305	0.085652006
1306	-1.104376206
1307	-0.616097409
1308	-0.286608073
1309	0.056819959
1310	0.454907949
1311	-0.113870103
1312	0.270547101
1313	0.243827005
1314	-0.001812262
1315	-0.172049867
1316	0.250111369
1317	-0.039023487
1318	-0.650498924
1319	0.055120702
1320	-0.256000986
1321	0.123453557
1322	0.03389528
1323	-0.658877669
1324	0.152144376
1325	0.033922574
1326	-0.131875397
1327	-0.000100657
1328	0.012466161
1329	-0.099771463
1330	0.042136817
1331	0.035246565
1332	0.041321016
1333	0.00848932
1334	0.239156084
1335	-0.559887302
1336	0.363772085
1337	0.054556446
1338	0.115380182
1339	-0.391874579
1340	0.201383577
1341	-0.050645175
1342	-0.56407189
1343	-0.080636333
1344	0.099477333
1345	-0.02960603
1346	-0.166355759
1347	-0.543355931
1348	-0.051470835
1349	0.177429695
1350	-0.173192914
1351	0.021524145
1352	0.284784202
1353	0.29386025
1354	-0.183659966
1355	-0.494906071
1356	0.338386581
1357	0.456588917
1358	0.23404935
1359	-0.436354165
1360	-0.023353202
1361	-0.024221608
1362	-0.340879594
1363	-0.138163346
1364	-0.492454752
1365	0.054669263
1366	0.443838019
1367	-0.510598407
1368	0.038148863
1369	0.026404369
1370	0.106640841
1371	0.189415192
1372	-0.012922623
1373	-0.695210837
1374	0.135935947
1375	0.01392681
1376	-0.321081007
1377	-0.320262506
1378	0.341296073
1379	0.390857098
1380	0.354279696
1381	-0.471622678
1382	0.124294544
1383	-0.19852368
1384	0.145927066
1385	-0.229919064
1386	-0.450387141
1387	-0.190397988
1388	0.127486322
1389	-0.174345812
1390	0.047436806
1391	-0.118079853
1392	-0.725052986
1393	-0.18976347
1394	0.282857779
1395	0.149728374
1396	0.227822148
1397	0.284982131
1398	0.41657339
1399	0.585317122
1400	0.333815941
1401	-0.333563685
1402	-0.113610907
1403	-0.435914179
1404	0.00126922
1405	0.015369307
1406	-0.198764221
1407	0.312388865
1408	0.128435614
1409	0.150086891
1410	-0.204172903
1411	-0.171774872
1412	0.075114962
1413	0.195845558
1414	0.059886086
1415	-0.302948654
1416	0.187967594
1417	0.093420367
1418	-0.148315947
1419	0.603163871
1420	0.012100059
1421	0.144849887
1422	-0.379257379
1423	-0.019152661
1424	-0.459788649
1425	-0.811038837
1426	-0.505671324
1427	0.396800443
1428	0.215219282
1429	-0.369816295
1430	-0.018063218
1431	-0.265084848
1432	-0.097712362
1433	-0.481139622
1434	-0.319609869
1435	0.083386769
1436	-0.21085697
1437	0.111832812
1438	-0.155765074
1439	-0.022474235
1440	-0.335084065
1441	-0.586079196
1442	-1.046566444
1443	0.188252431
1444	-0.026001082
1445	0.523410957
1446	-0.060917033
1447	0.091400928
1448	0.110231741
1449	0.193880627
1450	-0.288433573
1451	0.141724472
1452	-0.131722306
1453	-0.533791954
1454	-0.167018545
1455	-0.047946053
1456	-0.358468037
1457	-0.874993838
1458	0.270367852
1459	0.256838594
1460	-0.018999307
1461	0.182232462
1462	0.072501319
1463	-0.493301542
1464	0.155052698
1465	-0.080990271
1466	-0.422604429
1467	0.134240956
1468	-0.036265584
1469	-0.511664526
1470	-0.156173566
1471	-0.163846449
1472	-0.592954986
1473	0.11057856
1474	-0.257736655
1475	0.072268792
1476	0.295474169
1477	-0.277569166
1478	0.046803546
1479	-0.852272997
1480	-0.137688746
1481	-0.836695923
1482	-0.351499712
1483	0.203240697
1484	-0.440534986
1485	0.053654599
1486	0.36925969
1487	-0.971934702
1488	-0.366724136
1489	-0.01514619
1490	0.446544568
1491	-0.120298316
1492	0.332983376
1493	0.014812385
1494	-0.367987209
1495	0.295713163
1496	-0.087794923
1497	-1.267904214
1498	-0.400939352
1499	0.3743181
1500	0.092126894
1501	-0.697325598
1502	0.207789886
1503	-0.272315599
1504	0.238512521
1505	0.048467355
1506	-0.11815348
1507	0.143604341
1508	0.203037741
1509	-0.317430555
1510	0.459500378
1511	-0.143220448
1512	0.034678367
1513	0.01209057
1514	-0.659999383
1515	-0.157585699
1516	0.643183498
1517	0.401071908
1518	-0.443672065
1519	-0.435002133
1520	0.219632451
1521	0.237612143
1522	0.507975568
1523	-0.131664562
1524	0.40022922
1525	-0.048621921
1526	-0.126245113
1527	0.087809953
1528	0.007722069
1529	0.14153623
1530	0.085890818
1531	-0.022602178
1532	-0.434182455
1533	-1.061646719
1534	-0.135204846
1535	0.420826847
1536	0.382443111
1537	0.066379662
1538	-0.178247318
1539	-0.161879893
1540	0.243790761
1541	0.016114771
1542	-0.160072365
1543	0.216324265
1544	-0.022866993
1545	-0.731178904
1546	-0.179313339
1547	0.032864676
1548	0.229426424
1549	0.287316697
1550	-0.332979096
1551	0.099097951
1552	-0.395069134
1553	-0.45717189
1554	0.129123995
1555	0.197674051
1556	-0.06201209
1557	-1.009190729
1558	-0.320664759
1559	0.036508117
1560	0.130016176
1561	-0.242555404
1562	-0.742009732
1563	-1.107596824
1564	-0.730521349
1565	-0.135274174
1566	-0.414015476
1567	-0.235663242
1568	-0.122800933
1569	0.428940228
1570	-0.173651023
1571	0.367527892
1572	-0.316016227
1573	-0.241549642
1574	-0.039014015
1575	0.083630717
1576	0.016896285
1577	0.000256944
1578	-0.540976435
1579	-0.379647804
1580	0.067013533
1581	-0.056017869
1582	-0.032069245
1583	0.162671788
1584	-0.520628327
1585	0.218948029
1586	-0.058411757
1587	0.705478932
1588	-0.670279108
1589	-0.390522781
1590	-0.26742502
1591	0.10080514
1592	0.272537148
1593	0.168361896
1594	-0.075692791
1595	-0.18290534
1596	0.146077535
1597	-0.364993487
1598	-1.041511529
1599	-0.248732466
1600	-0.957232837
1601	-0.468738173
1602	-0.004559908
1603	0.276215957
1604	0.270428856
1605	0.51447236
1606	-0.612988419
1607	0.124125847
1608	0.148868883
1609	-0.28090491
1610	-0.117367755
1611	0.28761191
1612	0.405770912
1613	0.194043167
1614	-0.098688508
1615	0.084763592
1616	0.036872772
1617	0.059901012
1618	-0.441800384
1619	0.461097455
1620	-0.239689702
1621	-0.268649835
1622	0.103467781
1623	0.035625826
1624	-3.406995508
1625	-4.391090367
1626	-4.29945448
1627	-4.849516702
1628	-3.806593361
1629	-0.210317905
1630	0.268435892
1631	-0.000363168
1632	0.273611966
1633	0.10570888
1634	0.230013323
1635	-0.014164724
1636	-0.215951545
1637	0.20868643
1638	-0.243069358
1639	0.470586334
1640	0.347697426
1641	-0.045991264
1642	-0.018815232
1643	-0.266227072
1644	0.128279065
1645	0.29652166
1646	-0.754113294
1647	-0.212208506
1648	0.139351268
1649	-0.3125992
1650	-0.665263416
1651	0.435178593
1652	0.227628051
1653	0.436940613
1654	-0.24436392
1655	0.44610069
1656	-0.489265522
1657	-0.027915758
1658	-0.010611143
1659	-0.099320439
1660	0.093498473
1661	0.338390362
1662	0.190307745
1663	-0.455893935
1664	-0.274724493
1665	0.114515159
1666	-0.234470442
1667	0.072296564
1668	-0.021537774
1669	0.622789781
1670	-0.522095603
1671	-0.052086509
1672	0.055915756
1673	0.022889479
1674	0.267782972
1675	-0.732704264
1676	0.266231911
1677	-0.164470957
1678	-0.169074474
1679	-0.237185812
1680	0.265500608
1681	0.094396093
1682	0.108286004
1683	0.208701118
1684	-0.430458399
1685	0.116450084
1686	-0.236909899
1687	-0.023254392
1688	1.158879342
1689	0.43082134
1690	0.259703896
1691	-0.051442484
1692	0.340740978
1693	-0.202577647
1694	-1.022810146
1695	0.341005891
1696	0.434971424
1697	0.482716121
1698	0.416277216
1699	0.201245175
1700	0.02431191
1701	-0.020788252
1702	0.113542281
1703	-0.17286987
1704	-0.171490679
1705	0.059508232
1706	0.019397608
1707	-0.084926477
1708	0.293148857
1709	-0.46390181
1710	-0.037495245
1711	0.181506626
1712	0.082499731
1713	-0.321554562
1714	-0.084580308
1715	-0.013714511
1716	-0.293458219
1717	0.268321327
1718	0.477035748
1719	0.326324195
1720	0.25310095
1721	-0.401401148
1722	-0.48247896
1723	-0.236111128
1724	0.370460447
1725	-0.157055221
1726	-0.214152069
1727	-0.000876026
1728	-0.382231044
1729	0.522446859
1730	0.023723062
1731	-0.356511412
1732	0.188604756
1733	-0.020536861
1734	0.149044035
1735	0.153613546
1736	-0.278483717
1737	0.186770059
1738	-0.496009066
1739	0.071634761
1740	-0.088035444
1741	-0.24213285
1742	-0.911887645
1743	0.37869473
1744	0.450604921
1745	-0.155779944
1746	0.263965404
1747	-0.467754897
1748	0.263343191
1749	0.002472006
1750	0.410221465
1751	0.157537457
1752	0.029581688
1753	-0.420924311
1754	-0.824398039
1755	0.186794274
1756	-0.149369689
1757	-0.075011418
1758	0.031610911
1759	-0.624240193
1760	0.239438825
1761	-2.305206252
1762	-0.587467315
1763	-0.127102861
1764	0.066497944
1765	0.770073953
1766	0.012411101
1767	-0.682396455
1768	-2.242505976
1769	-0.118671549
1770	0.071099881
1771	0.203578801
1772	0.173769431
1773	-0.268106676
1774	-0.527008805
1775	0.055407345
1776	0.317717257
1777	0.493465159
1778	0.879089236
1779	-0.065403812
1780	0.501642034
1781	-0.711563
1782	-0.405750509
1783	-0.115043797
1784	-0.40645113
1785	-0.04591142
1786	-0.046369856
1787	-0.145409786
1788	0.215128433
1789	0.347018666
1790	-0.202509756
1791	-1.111958211
1792	-0.543688639
1793	-0.189803642
1794	0.114675269
1795	-0.450216561
1796	-0.158392078
1797	0.037190804
1798	-1.082754457
1799	0.045313642
1800	-0.102191005
1801	0.167889814
1802	-0.336329235
1803	0.05569971
1804	-0.519730413
1805	-0.276866577
1806	0.25548724
1807	0.188521683
1808	-0.115621015
1809	0.017235594
1810	0.506316177
1811	0.321154123
1812	0.124170983
1813	0.030141595
1814	0.080816802
1815	0.071380579
1816	0.264103137
1817	-0.745701334
1818	-0.651337341
1819	-0.120235419
1820	0.257340448
1821	0.03030507
1822	0.160788504
1823	0.448444488
1824	0.411432861
1825	0.385398121
1826	-0.675097677
1827	-0.307218936
1828	-1.000134759
1829	0.31182315
1830	0.029398776
1831	0.132978356
1832	-0.016129792
1833	0.316192272
1834	-0.690477323
1835	-0.084599381
1836	0.316715645
1837	0.525422759
1838	0.240309859
1839	-0.687838242
1840	0.075688158
1841	0.134016668
1842	0.33374078
1843	0.330654136
1844	-0.205168738
1845	-0.187646828
1846	0.036548895
1847	-0.14455705
1848	-0.209166747
1849	0.68943731
1850	0.222438997
1851	-0.728252138
1852	0.111273553
1853	-0.062841544
1854	0.294842122
1855	-0.026456628
1856	-0.260688484
1857	0.675118394
1858	0.295609153
1859	0.393100043
1860	-0.022278246
1861	-0.094417636
1862	0.234558729
1863	-2.922972076
1864	-4.359030211
1865	-3.324100111
1866	-3.202381624
1867	0.049017192
1868	0.368404769
1869	0.330914054
1870	-0.145028308
1871	0.342211674
1872	0.634739035
1873	0.346799109
1874	-0.47474146
1875	0.199651388
1876	0.346972784
1877	0.457922935
1878	-0.031604051
1879	-2.734241925
1880	-4.701136659
1881	-5.207333343
1882	-4.022620842
1883	-4.283808527
1884	-5.245155076
1885	-4.478318282
1886	-3.753881089
1887	-3.407915431
1888	-0.642733687
1889	-0.070308846
1890	-0.014846451
1891	-0.08046434
1892	-0.174920783
1893	0.178367971
1894	-0.306997425
1895	0.267159955
1896	-0.574528116
1897	0.294838799
1898	-0.30153354
1899	0.076308779
1900	-0.568870239
1901	-4.803161465
1902	-4.769716486
1903	-4.161459384
1904	-5.393321027
1905	-5.572233033
1906	-3.754858527
1907	-4.817766909
1908	-4.687957957
1909	-4.369764571
1910	-4.672423704
1911	-4.995218276
1912	-5.125500467
1913	-2.483008829
1914	-4.616942125
1915	-4.906040123
1916	-3.165023093
1917	-2.437756697
1918	-4.590107033
1919	-4.426384291
1920	-3.130493039
1921	-4.696403876
1922	-3.174573592
1923	0.09044587
1924	-0.764130409
1925	-0.44692413
1926	-0.157580701
1927	0.218904468
1928	0.203394335
1929	-0.147016022
1930	0.151103442
1931	0.020957254
1932	0.46555476
1933	0.337709623
1934	-0.77266777
1935	-0.485639438
1936	-0.114643336
1937	0.281022672
1938	0.314868286
1939	-0.052510514
1940	0.333488752
1941	0.01034083
1942	-0.123521005
1943	-0.060764128
1944	-0.156890538
1945	0.130052913
1946	-1.101770567
1947	0.175877535
1948	0.067042754
1949	-0.051595741
1950	-0.481392443
1951	-0.175631366
1952	0.136683218
1953	-0.046000078
1954	0.188819982
1955	-0.266322438
1956	-0.175135949
1957	-0.004646371
1958	0.196928229
1959	0.451533748
1960	-0.177011775
1961	-0.351900382
1962	-0.15646591
1963	-0.7597696
1964	-0.07313784
1965	-0.007576193
1966	0.521682005
1967	0.096633413
1968	0.286550604
1969	0.37437141
1970	-0.057046313
1971	-0.073552806
1972	0.069848889
1973	-0.183685546
1974	-0.423024076
1975	0.48440042
1976	0.034165675
1977	-0.038387121
1978	0.309762465
1979	0.178700898
1980	0.088003525
1981	-0.256808492
1982	0.101332619
1983	-0.314330791
1984	0.340062073
1985	-1.215569016
1986	-1.232372216
1987	-0.533416515
1988	0.380035115
1989	0.18406897
1990	0.043718569
1991	0.217049469
1992	0.004628023
1993	-0.687503799
1994	-0.504689174
1995	-4.485121278
1996	-4.641081258
1997	-0.376657336
1998	0.144610159
1999	-3.406807647
2000	-3.374693925
2001	-4.749547582
2002	-4.445823178
2003	-5.577104936
2004	-4.376535373
2005	-5.573847869
2006	-4.557285794
2007	-5.094243956
2008	-3.768144441
2009	-3.968608666
2010	-0.069061666
2011	-0.121923175
2012	-0.15231186
2013	0.049248028
2014	-0.148705287
2015	0.129560862
2016	-0.748566845
2017	-0.451062239
2018	0.316274688
2019	0.122470346
2020	-0.071419863
2021	0.021025905
2022	0.024178219
2023	0.346672833
2024	0.264447685
2025	-0.183108658
2026	-0.345859321
2027	0.166754925
2028	-0.049236637
2029	-0.081366779
2030	-0.188881507
2031	-0.107614882
2032	0.136951698
2033	-3.701790784
2034	-5.782339083
2035	-3.895198778
2036	-3.880602007
2037	-4.027155742
2038	-4.915295896
2039	-3.101658076
2040	-0.018317836
2041	0.098879749
2042	-0.103468182
2043	0.040411905
2044	-0.667135313
2045	-0.513570324
2046	0.178804428
2047	0.651090716
2048	-0.121121051
2049	0.222603791
2050	-0.520574582
2051	0.26634586
2052	0.440022168
2053	-0.135157512
2054	0.045960579
2055	-0.9976916
2056	0.139726705
2057	0.050790635
2058	0.016221194
2059	0.179364746
2060	-0.086641502
2061	-0.311593255
2062	-0.088095742
2063	-0.109338256
2064	0.06594954
2065	-0.060207452
2066	0.121051004
2067	-0.843613274
2068	-0.24096307
2069	-0.011426058
2070	-0.075129206
2071	0.025970723
2072	-0.145103475
2073	0.206946628
2074	-0.663956152
2075	-0.13284991
2076	-0.447106536
2077	0.076042746
2078	-0.287122499
2079	0.16504993
2080	0.105166644
2081	0.053997627
2082	0.098288041
2083	0.165317359
2084	-0.180331726
2085	0.148233137
2086	0.180895755
2087	-0.034526233
2088	0.346849677
2089	0.184570315
2090	-0.476648415
2091	-0.354017646
2092	-0.187189047
2093	0.437031237
2094	0.016537934
2095	0.073760135
2096	0.21291974
2097	0.204113661
2098	0.139695848
2099	-0.232923198
2100	0.338418045
2101	-0.417333803
2102	-0.711843485
2103	0.413478707
2104	-0.081088512
2105	0.192469626
2106	-0.515466041
2107	0.442070375
2108	-0.030012899
2109	0.007655554
2110	-0.160088915
2111	-0.585334465
2112	0.143281058
2113	-0.507390342
2114	0.270149593
2115	-0.127617336
2116	-0.049267206
2117	0.28601395
2118	0.114120134
2119	-0.249317808
2120	0.356730218
2121	-0.663040656
2122	-0.058203894
2123	-0.622008982
2124	0.405365677
2125	-0.060692845
2126	0.301333713
2127	-0.491043421
2128	-0.262436026
2129	-0.15400648
2130	0.57521058
2131	-0.221168226
2132	-0.458176196
2133	0.463313876
2134	0.101352211
2135	0.209367742
2136	-0.158376702
2137	-0.216517422
2138	0.035475658
2139	-0.112023246
2140	0.137780547
2141	-0.834781038
2142	-0.456282216
2143	-0.316171982
2144	0.492113642
2145	-0.099699298
2146	0.306134168
2147	0.010835412
2148	-0.027880998
2149	-0.445438014
2150	-0.069070982
2151	0.331135653
2152	-0.082008372
2153	0.024091809
2154	0.508081147
2155	-0.024679581
2156	0.165926191
2157	-1.116223655
2158	0.301532923
2159	-0.246288694
2160	0.082749456
2161	-0.109731718
2162	-0.779437983
2163	-0.076630887
2164	-0.356931421
2165	0.173538342
2166	-0.228618362
2167	0.426645679
2168	-3.817189165
2169	-4.097035248
2170	-4.055196629
2171	-4.625784244
2172	-5.372400941
2173	-4.319204915
2174	-1.792851092
2175	-0.313356654
2176	0.15012552
2177	-0.172062142
2178	-0.640008769
2179	-2.366931279
2180	0.08043376
2181	-0.178392205
2182	-1.53583278
2183	-0.807841911
2184	-0.52526416
2185	0.015797391
2186	-0.781573027
2187	-1.176550487
2188	0.194552327
2189	0.370519514
2190	-0.021825151
2191	0.104632806
2192	-0.324030109
2193	-0.377254118
2194	-0.247315892
2195	-0.467014123
2196	-0.649947135
2197	0.134742108
2198	-0.037411325
2199	-0.258382435
2200	-0.104218997
2201	0.013974096
2202	0.145066391
2203	-0.039362164
2204	0.066373389
2205	-0.142740907
2206	0.171099352
2207	-0.652962424
2208	-0.570523259
2209	-0.200683239
2210	-0.18746065
2211	0.20837183
2212	0.249254472
2213	-0.582928296
2214	-0.118004313
2215	-0.299144221
2216	-3.764817326
2217	-3.900376957
2218	-4.974875897
2219	-4.607486893
2220	-4.025437014
2221	-3.166592985
2222	-3.814706504
2223	-3.178162708
2224	-0.536315012
2225	-0.101172689
2226	-0.366604586
2227	-0.03206837
2228	-0.165863995
2229	-0.07341471
2230	0.070843329
2231	0.098543721
2232	-0.150988155
2233	0.232120274
2234	-0.823828935
2235	-0.199682344
2236	0.068961042
2237	-0.081885516
2238	-0.534154088
2239	-0.068592712
2240	-0.671349681
2241	-0.134825853
2242	0.197592009
2243	0.262963664
2244	-0.622254144
2245	0.137071988
2246	0.206171041
2247	0.258176023
2248	-0.562224544
2249	-0.383279474
2250	-0.463095184
2251	0.201560607
2252	0.04034607
2253	0.064207431
2254	-0.482539252
2255	-0.171796694
2256	0.09847339
2257	0.121476026
2258	0.185081537
2259	0.447643782
2260	0.134498075
2261	-0.661389849
2262	-0.32323644
2263	-0.304334754
2264	-0.258696395
2265	-2.847013421
2266	-0.052294205
2267	0.376269636
2268	0.235747564
2269	-0.028605511
2270	0.192808974
2271	0.326986421
2272	0.184250936
2273	0.029757817
2274	0.052764517
2275	-0.141067505
2276	0.016897064
2277	0.091392936
2278	0.181254691
2279	-0.089756528
2280	-0.644319766
2281	-0.234576593
2282	0.31494294
2283	0.348540685
2284	-0.285047125
2285	-0.522896224
2286	0.023696696
2287	-0.009503906
2288	0.27561947
2289	-0.098238164
2290	-0.067895482
2291	-3.027691386
2292	-2.346867911
2293	-1.946555021
2294	-2.324862722
2295	-1.545329227
2296	-2.602201255
2297	-3.000239025
2298	-0.423849394
2299	-0.172307789
2300	-2.927731377
2301	-3.015481785
2302	0.116174832
2303	-0.105404269
2304	-0.838460339
2305	-0.186028079
2306	-0.068870881
2307	-0.350062189
2308	-0.301600102
2309	-0.066772938
2310	-0.120038504
2311	0.269911331
2312	-0.006868348
2313	0.084054516
2314	0.359499431
2315	-0.221762954
2316	-0.130854819
2317	0.072030217
2318	-0.527655366
2319	0.308335826
2320	0.226528701
2321	-0.25295135
2322	0.33644685
2323	-0.24854172
2324	-0.394551059
2325	0.06782912
2326	-0.499939609
2327	0.07645487
2328	0.335583743
2329	-0.220069916
2330	-0.754092873
2331	0.09098852
2332	0.011822025
2333	0.165405094
2334	-0.108019423
2335	0.0626859
2336	-0.014901916
2337	0.20891222
2338	-0.026269017
2339	-0.293236346
2340	-0.578315005
2341	0.133524629
2342	0.194174956
2343	-0.030102926
2344	-0.175649912
2345	0.239639457
2346	-0.082583074
2347	-0.75150939
2348	-0.279132523
2349	-0.05795642
2350	-0.18275537
2351	0.05247529
2352	0.016714452
2353	0.00877641
2354	-0.31892473
2355	0.069647085
2356	-0.511558979
2357	-0.215199483
2358	0.766460055
2359	0.029941464
2360	-0.022321833
2361	0.228653825
2362	0.095540332
2363	-0.576854564
2364	-0.70279111
2365	0.036471237
2366	-0.313741717
2367	-0.430889311
2368	0.266478333
2369	0.083162771
2370	-0.039939114
2371	-0.442138965
2372	-0.584371256
2373	0.297014565
2374	0.174723575
2375	-1.247537707
2376	-0.125618357
2377	-0.476795249
2378	0.06416122
2379	-3.250649846
2380	-0.190369788
2381	-0.25247315
2382	-0.284073229
2383	-0.244942847
2384	-0.126337697
2385	-0.116313245
2386	-0.946357533
2387	-0.466562369
2388	0.356932049
2389	-0.682077953
2390	0.326694997
2391	-0.009659937
2392	-0.258043218
2393	0.255110546
2394	0.06107712
2395	0.099231271
2396	-0.488253491
2397	0.183090614
2398	0.034228819
2399	0.339503048
2400	-0.142590662
2401	-0.281462916
2402	-0.002044218
2403	-0.131440521
2404	-0.54699216
2405	-0.711691076
2406	-0.844386045
2407	-0.520203094
2408	0.164568129
2409	0.461333539
2410	-0.258346602
2411	-0.161142721
2412	-0.058835848
2413	0.199289463
2414	-0.299439569
2415	-0.166898781
2416	0.276292461
2417	-0.17450498
2418	-0.282195363
2419	0.044350679
2420	0.313494911
2421	-0.193185607
2422	-0.018981237
2423	-0.388079115
2424	-0.198288856
2425	-0.082781438
2426	0.01290918
2427	0.01085673
2428	0.329942612
2429	0.347542581
2430	-0.526376658
2431	0.007629834
2432	-0.504102293
2433	0.112877465
2434	-0.383481399
2435	0.011595023
2436	-0.501722733
2437	0.310123206
2438	-0.458858064
2439	-0.564944795
2440	0.037526611
2441	-0.020952827
2442	-0.503655677
2443	-0.407033222
2444	-0.143934135
2445	-0.242252081
2446	-0.055401575
2447	-0.017174623
2448	-0.303713508
2449	-0.179907056
2450	-0.02484031
2451	-0.953811075
2452	-0.307739522
2453	-0.295738752
2454	-0.348606315
2455	0.253519927
2456	-0.321075729
2457	-0.563540707
2458	0.175937072
2459	-0.68055211
2460	-0.055631682
2461	-0.088532203
2462	0.227511133
2463	-0.69848134
2464	0.433897381
2465	-0.208400556
2466	0.223325734
2467	0.002176793
2468	-0.220933861
2469	0.199759298
2470	-0.097073459
2471	0.198141598
2472	0.020726783
2473	0.060691917
2474	0.298757078
2475	0.029374901
2476	-0.622174266
2477	0.082612683
2478	-0.780418316
2479	-0.116653417
2480	0.186162931
2481	-0.29598986
2482	0.049451872
2483	-0.210253186
2484	-0.534818007
2485	-0.146916881
2486	-0.347538725
2487	0.250451429
2488	-0.507581274
2489	-0.170710979
2490	0.126566293
2491	-0.086543473
2492	0.037771789
2493	-0.476551773
2494	-0.147191974
2495	0.182527173
2496	-0.600456969
2497	0.002780559
2498	0.000355542
2499	0.049419701
2500	-0.829482002
2501	-0.291856641
2502	-0.229152776
2503	-0.017122162
2504	-0.146846008
2505	0.218561085
2506	-0.606873856
2507	-0.7143388
2508	-0.134898622
2509	-1.3343513
2510	-0.160706953
2511	0.100900296
2512	-0.004652756
2513	-0.831942971
2514	0.040353169
2515	-0.716882948
2516	-0.044599372
2517	-0.047654204
2518	-0.495117685
2519	-0.446224236
2520	-0.565210698
2521	-0.434630524
2522	-0.560442983
2523	-0.815485495
2524	0.108364209
2525	-0.931293907
2526	-0.539723759
2527	0.048466094
2528	-0.317390583
2529	0.105305373
2530	-0.469723435
2531	0.114269759
2532	0.478052673
2533	-0.038402604
2534	-0.863604543
2535	0.320495354
2536	0.078474999
2537	0.036685184
2538	-0.138478965
2539	-0.353760309
2540	0.135307756
2541	0.240678443
2542	0.445038798
2543	-0.253009141
2544	-0.795868797
2545	-0.403688824
2546	0.117924692
2547	-0.359543234
2548	0.095495063
2549	-0.630974768
2550	0.128724538
2551	-0.679654191
2552	-0.166204732
2553	-0.609112417
2554	-0.149539237
2555	0.113378961
2556	0.326701928
2557	-0.796058348
2558	0.037276447
2559	-0.209752339
2560	0.026184895
2561	-0.573677601
2562	-0.330944225
2563	-0.030623174
2564	-0.769636871
2565	0.321722195
2566	0.248723477
2567	-0.840789851
2568	-0.096103434
2569	-0.650328065
2570	0.036803168
2571	0.168811341
2572	0.184874354
2573	-0.53865037
2574	-0.739688918
2575	0.116450277
2576	-0.247311705
2577	-0.054673151
2578	0.044671238
2579	0.142285047
2580	-0.148648277
2581	0.157768715
2582	-0.143817602
2583	-0.118259815
2584	-0.134086366
2585	-0.304605605
2586	0.174765791
2587	-0.019780162
2588	-0.433216986
2589	-0.009737189
2590	-0.267973987
2591	-0.467034984
2592	-0.279989361
2593	0.078683229
2594	0.169671855
2595	0.108967096
2596	-3.650061412
2597	-5.018832503
2598	-0.19620306
2599	-0.467976918
2600	-0.418891738
2601	-0.055634842
2602	0.242965911
2603	0.016310912
2604	-0.006338818
2605	0.162788712
2606	-0.064912111
2607	0.569675454
2608	-0.941689632
2609	0.049943097
2610	-0.042822663
2611	0.198203457
2612	-0.747214138
2613	0.085652223
2614	-0.134981017
2615	0.105511373
2616	-0.596753805
2617	-0.060261992
2618	-0.09060709
2619	0.076209649
2620	-0.6310008
2621	-0.197048747
2622	-0.00498919
2623	0.066513876
2624	0.264614302
2625	-0.023462487
2626	-0.624511309
2627	-0.044723604
2628	-0.1458875
2629	0.097870199
2630	-0.141485749
2631	0.08447343
2632	0.089004558
2633	0.168438814
2634	0.239853601
2635	-0.238345935
2636	-0.690119992
2637	0.156635658
2638	-0.437868399
2639	0.165717669
2640	-0.895908861
2641	-0.25196323
2642	0.040062278
2643	0.090301864
2644	-0.029613898
2645	-0.269484413
2646	0.051830057
2647	0.234577386
2648	0.201795682
2649	-0.499819095
2650	-0.090276215
2651	-0.287388862
2652	-0.003132567
2653	-0.136872019
2654	0.036547904
2655	-0.28244099
2656	-0.654672287
2657	-0.235844108
2658	0.168998875
2659	-0.136529736
2660	0.219710873
2661	-0.427252046
2662	-0.834057511
2663	-0.406542477
2664	0.171451875
2665	-0.626848812
2666	-0.15701235
2667	-0.175091437
2668	0.242818186
2669	-0.060304158
2670	-0.086829201
2671	-0.388335772
2672	-0.152734082
2673	0.092628854
2674	-0.617064771
2675	-0.18896855
2676	0.208338889
2677	-0.889806718
2678	0.132373778
2679	-0.945544759
2680	-0.481578716
2681	0.145133654
2682	-0.416388187
2683	-0.515006602
2684	0.011127459
2685	-0.060167572
2686	0.257323726
2687	-0.544468333
2688	-0.380174183
2689	0.1931321
2690	0.170524842
2691	0.02318182
2692	-0.032279394
2693	-0.798319226
2694	-0.266676824
2695	0.333083507
2696	0.295511065
2697	0.092219065
2698	0.081562379
2699	0.094897975
2700	0.214710145
2701	-0.027727119
2702	0.19982015
2703	-0.236516605
2704	-0.032102549
2705	-0.216707632
2706	-0.213531748
2707	0.139823892
2708	-0.065011636
2709	-0.039882739
2710	0.288594058
2711	0.086327582
2712	0.083575861
2713	-0.290344663
2714	0.215542885
2715	-0.333904332
2716	0.179155858
2717	-0.170775015
2718	-0.401672815
2719	0.368384408
2720	0.241365921
2721	0.087134246
2722	-0.145359375
2723	0.002449519
2724	-0.621700408
2725	-1.123954285
2726	-0.066968435
2727	-0.369716029
2728	-0.237184392
2729	-0.466204389
2730	-0.202496358
2731	-0.099645642
2732	0.20028862
2733	0.053425476
2734	0.115461596
2735	-0.183691496
2736	-0.686477225
2737	0.069604147
2738	0.107418842
2739	0.144226703
2740	0.14158684
2741	-0.379489962
2742	-0.640879121
2743	-4.041580894
2744	-3.462647788
2745	-0.023343719
2746	-0.188725994
2747	0.194870809
2748	-0.186393376
2749	0.053519475
2750	0.174783376
2751	-0.85884152
2752	-0.177835115
2753	-0.158821281
2754	-0.277556758
2755	-0.115063198
2756	-0.117791652
2757	-0.578334491
2758	-0.07088205
2759	-0.017513663
2760	-0.089190612
2761	0.094139231
2762	-0.020352854
2763	0.209559602
2764	0.074867572
2765	0.507015042
2766	-0.461565869
2767	-0.188506681
2768	-0.742893229
2769	0.023801576
2770	-0.562006257
2771	-0.226542532
2772	-0.215547417
2773	-0.678296598
2774	0.078496437
2775	-0.290646317
2776	0.126069793
2777	-0.220814992
2778	0.048437417
2779	-3.105315087
2780	-0.401222797
2781	-0.637928114
2782	-0.365352581
2783	-2.172526183
2784	-0.221679347
2785	-0.28907129
2786	-0.172131107
2787	-0.830065025
2788	-0.26183422
2789	0.222306866
2790	-0.613161896
2791	-0.070717078
2792	-0.129173041
2793	-0.179897584
2794	-0.359532756
2795	0.13234011
2796	-0.280670926
2797	0.06839124
2798	-0.823108527
2799	-0.248926124
2800	-0.239640166
2801	-0.132225504
2802	0.026916115
2803	-0.984880133
2804	-0.491998748
2805	0.019233444
2806	0.166852497
2807	-0.353734121
2808	-0.508157464
2809	0.237329705
2810	0.002095286
2811	-0.088687988
2812	-1.018429897
2813	0.006487721
2814	-0.018442402
2815	-0.204767543
2816	0.000832346
2817	-0.137966744
2818	0.222136563
2819	0.209831157
2820	0.228495868
2821	-0.683509424
2822	-0.195217412
2823	-0.248434204
2824	0.215640458
2825	0.190046982
2826	-0.325854217
2827	0.010262395
2828	-0.049237759
2829	-0.460486644
2830	-0.024982734
2831	-0.171978997
2832	0.205193946
2833	-0.028832983
2834	-1.010916177
2835	-0.420440307
2836	-0.337008192
2837	-0.256805958
2838	0.323282736
2839	0.069227077
2840	-0.827686652
2841	0.379460901
2842	-0.115199562
2843	-0.202017916
2844	-0.430957062
2845	0.218855136
2846	-0.239501998
2847	0.114274517
2848	-0.241406892
2849	0.044507235
2850	0.100053234
2851	0.264782198
2852	-0.411260517
2853	0.103327484
2854	-0.074242675
2855	-0.213136658
2856	-0.389978166
2857	-0.504185653
2858	-0.346763092
2859	0.030012162
2860	0.215602219
2861	0.27427628
2862	-0.016827776
2863	-0.304481628
2864	-0.027749548
2865	-0.231471776
2866	-0.046316918
2867	0.125959217
2868	-0.621240649
2869	-0.079447759
2870	-0.330502356
2871	0.069280552
2872	0.200473058
2873	-0.061582743
2874	-0.181478086
2875	0.621885034
2876	-0.041227316
2877	-0.15064142
2878	0.275079651
2879	-3.80017121
2880	-3.872614641
2881	-4.097662625
2882	-4.353132046
2883	-2.737097282
2884	-0.958150162
2885	-0.87216717
2886	-3.060377914
2887	-2.185653352
2888	-1.853284642
2889	-0.219415597
2890	0.503664058
2891	0.305407032
2892	-0.155120925
2893	0.275932625
2894	-0.55752544
2895	-1.470815116
2896	-2.48980574
2897	-3.249421691
2898	-0.764780117
2899	0.433229715
2900	-0.67276424
2901	-0.230034369
2902	-1.306395262
2903	-0.593315892
2904	-0.141177358
2905	-0.779878747
2906	-1.244449618
2907	-0.747974337
2908	-1.342077432
2909	-2.919313132
2910	-1.45261659
2911	-2.514623717
2912	-3.070394905
2913	-3.861566412
2914	-4.006286826
2915	-3.549850153
2916	-3.472741798
2917	-3.288565408
2918	-3.861637435
2919	-2.654041558
2920	-1.906343832
2921	-0.326032566
2922	-3.456300176
2923	-3.344070708
2924	-2.506120932
2925	-2.893521711
2926	-1.500751209
2927	-3.190213646
2928	-3.469500146
2929	-3.6518689
2930	-4.10680005
2931	-4.069843045
2932	-0.293687992
2933	-0.250750515
2934	-0.759427549
2935	-0.733841925
2936	-0.040864043
2937	-0.007362614
2938	-0.285593051
2939	-0.593292293
2940	0.17867042
2941	-0.086948604
2942	0.044628174
2943	0.002657602
2944	0.433076678
2945	-0.475622652
2946	-0.216929795
2947	-0.173864593
2948	-0.45185783
2949	-0.814000199
2950	0.066580683
2951	0.016860182
2952	-0.315660956
2953	0.152073201
2954	-0.152073439
2955	-1.07229522
2956	-0.124255606
2957	-3.097190503
2958	-4.066406361
2959	-4.20207673
2960	-4.43186348
2961	-4.58127815
2962	-3.337453039
2963	-3.120602796
2964	-3.493228698
2965	-0.330583422
2966	-0.484754887
2967	0.072969635
2968	0.44667893
2969	-0.143074819
2970	0.332000049
2971	-0.272124828
2972	0.011914472
2973	0.06745072
2974	-0.015726172
2975	-0.666592264
2976	-0.030691111
2977	-0.185688926
2978	-0.733428213
2979	-0.15494725
2980	0.125058668
2981	-0.082584386
2982	-0.684008745
2983	-0.291074671
2984	-0.056335883
2985	-0.15433294
2986	-0.262167333
2987	-0.231735651
2988	-0.167079927
2989	0.044926064
2990	-0.011149771
2991	-0.359255604
2992	-0.517482946
2993	-0.514243079
2994	0.077972683
2995	-0.011202437
2996	0.191901793
2997	0.07442542
2998	-0.146436085
2999	-0.049185156
3000	-0.226305907
3001	-0.102063351
3002	-2.905895166
3003	-0.568142431
3004	-0.595249141
3005	0.068634771
3006	0.142290358
3007	-0.049980579
3008	-0.517276832
3009	0.445143818
3010	0.06989868
3011	0.364769446
3012	-0.357167473
3013	-0.133039885
3014	-0.06498903
3015	-0.362306866
3016	-0.399242614
3017	-0.555877314
3018	-0.464966356
3019	-0.281410738
3020	-0.424648264
3021	0.12935754
3022	-0.32592765
3023	-0.530697796
3024	-0.603059008
3025	0.191972427
3026	0.055443535
3027	-0.635810853
3028	-0.932734023
3029	-0.128254609
3030	0.094919531
3031	-0.112451377
3032	-0.296920659
3033	-0.465658762
3034	-0.233713382
3035	-0.504195197
3036	-0.143438348
3037	-0.263105
3038	-0.351413423
3039	-0.185176547
3040	0.016347384
3041	0.037786866
3042	-0.02926345
3043	-0.254865639
3044	-0.213000942
3045	-0.323086644
3046	-0.071493827
3047	-0.20512681
3048	0.119614531
3049	0.056566154
3050	-0.221956426
3051	0.10485117
3052	-0.867782211
3053	0.286797162
3054	-0.206833838
3055	-0.070810386
3056	-0.939968302
3057	0.220446956
3058	-2.983926527
3059	-0.097852745
3060	0.201081387
3061	-0.422556828
3062	-0.148847007
3063	-0.021325555
3064	-0.195899965
3065	-0.437759426
3066	-0.891545045
3067	-0.573476465
3068	0.125428117
3069	-0.280808388
3070	-0.220103435
3071	-0.484566189
3072	-0.121671385
3073	-0.456602228
3074	0.002013653
3075	-1.052593364
3076	-3.674183927
3077	-0.323683444
3078	-0.317417751
3079	-0.572950521
3080	0.185027297
3081	-0.045642465
3082	-0.071698366
3083	-0.907433451
3084	-0.07144049
3085	-0.373554103
3086	-0.237548507
3087	-0.224960545
3088	0.015430904
3089	0.08077125
3090	-0.591455509
3091	-0.792872876
3092	-0.556567207
3093	0.15481948
3094	-0.369909609
3095	-0.817541691
3096	-0.030105755
3097	-0.150996215
3098	-0.149752271
3099	-0.45091449
3100	-0.304608012
3101	-0.380326919
3102	0.407301782
3103	-0.076014792
3104	-0.037139816
3105	0.096956918
3106	-0.065391006
3107	0.111755665
3108	0.209919578
3109	-0.189849113
3110	0.026150657
3111	0.070006918
3112	-0.59143241
3113	-0.866768849
3114	-0.062606221
3115	-0.566949085
3116	0.257663462
3117	-0.42014535
3118	0.155796792
3119	-0.335860316
3120	-0.460482317
3121	0.192732549
3122	-1.575108065
3123	-0.190656522
3124	-0.497563813
3125	-0.932725378
3126	-0.654466513
3127	-1.424665186
3128	-4.683391548
3129	-3.941824403
3130	-4.963801186
3131	-4.435145763
3132	-3.359541212
3133	-2.161385594
3134	-1.976625918
3135	-3.869488859
3136	-0.458063139
3137	-0.835381926
3138	0.435069075
3139	-0.711612015
3140	-0.604526916
3141	0.106150157
3142	-0.027970195
3143	-0.740859546
3144	-0.090628113
3145	-0.356676764
3146	0.049492029
3147	-0.067634462
3148	-0.450136402
3149	-0.910816448
3150	0.06181344
3151	-0.09700417
3152	-0.794497557
3153	-0.109100065
3154	0.048046821
3155	-0.210236099
3156	0.137851182
3157	0.006058065
3158	-0.201875682
3159	-0.188328261
3160	-0.666400845
3161	-0.757112234
3162	-0.276170141
3163	-0.824852044
3164	-0.07964709
3165	-0.022214327
3166	0.080469959
3167	-0.4677005
3168	-0.667120242
3169	0.212917015
3170	0.167105355
3171	-1.142135537
3172	0.018336566
3173	-0.029571375
3174	0.037742655
3175	-0.099081762
3176	-0.120968697
3177	-1.075819882
3178	-2.044534144
3179	-0.140798427
3180	-0.274083758
3181	-1.046616227
3182	-0.100190729
3183	0.318410422
3184	-0.44193044
3185	-0.212094903
3186	-0.367350129
3187	-0.099543027
3188	-0.750054527
3189	-0.461104883
3190	0.011615979
3191	0.235382217
3192	-0.395591714
3193	-0.190134265
3194	-0.57119953
3195	-0.317107481
3196	0.202879277
3197	-2.745618821
3198	-0.325413378
3199	0.165489485
3200	-0.767097227
3201	0.124615065
3202	-0.201362257
3203	-0.408204232
3204	-0.025306721
3205	-0.570731306
3206	-0.989340645
3207	-0.685589544
3208	0.087463465
3209	-0.874912897
3210	-0.179423499
3211	0.141595857
3212	-0.443444109
3213	0.090103638
3214	-0.334155436
3215	-0.22244307
3216	-0.338903259
3217	-0.018627289
3218	-0.344716168
3219	-0.224921368
3220	-0.307733302
3221	-0.120421847
3222	-0.006565118
3223	-0.031157289
3224	-0.274968504
3225	-0.079590917
3226	0.037556308
3227	0.022465719
3228	-0.076943866
3229	-0.307778164
3230	-0.310013264
3231	-0.334473692
3232	0.08460972
3233	-0.110394158
3234	-0.640150471
3235	-0.324908725
3236	-0.233124223
3237	-0.021387048
3238	0.051753655
3239	-0.766705874
3240	-0.140184377
3241	-0.464003474
3242	-0.480679991
3243	0.013838038
3244	-0.605164426
3245	-0.763866183
3246	-0.36889386
3247	-0.316777928
3248	-0.049863374
3249	0.109499522
3250	-0.285773401
3251	-0.51517157
3252	-0.035997167
3253	-0.20506257
3254	0.240256278
3255	0.226004366
3256	-0.617864819
3257	-0.113819683
3258	0.032915116
3259	-0.731786759
3260	0.149744463
3261	-0.239276186
3262	-0.097360795
3263	-0.228620809
3264	-0.020587083
3265	-0.146879419
3266	-0.410998806
3267	-0.905800055
3268	0.0260519
3269	-1.11331454
3270	-0.01993069
3271	0.007271257
3272	-0.238487302
3273	-0.383675193
3274	-0.124031675
3275	-0.292421056
3276	-0.136949102
3277	-0.214288581
3278	-0.534082778
3279	-0.721871235
3280	-0.213057184
3281	0.31919257
3282	-1.010744547
3283	-0.172768633
3284	-0.210771718
3285	-0.118462355
3286	0.289543644
3287	0.133958449
3288	-0.648689798
3289	-0.353035084
3290	-0.253929031
3291	-0.18320968
3292	-0.164430796
3293	-0.081399885
3294	-0.067562801
3295	-0.206142779
3296	0.052053603
3297	-0.092458337
3298	-0.766733367
3299	-0.021038733
3300	-0.102547021
3301	0.035792596
3302	-0.182964713
3303	-0.752545456
3304	-0.186676267
3305	-0.539240352
3306	-0.188816195
3307	0.154482072
3308	-0.214774877
3309	-0.43307538
3310	-3.971024772
3311	-5.037541764
3312	-4.92370425
3313	-4.229773615
3314	-4.410299304
3315	-4.394768432
3316	-4.655434073
3317	-3.229342936
3318	-4.657910353
3319	-4.589358822
3320	-5.394447101
3321	-4.853942153
3322	-6.092150459
3323	-5.159051342
3324	-4.261599416
3325	-6.152931766
3326	-4.991165406
3327	-5.009932808
3328	-4.593886156
3329	-4.799717775
3330	-4.608808002
3331	-5.849319918
3332	-3.744510155
3333	-3.505115169
3334	0.260768141
3335	-0.389950812
3336	0.146810295
3337	0.074569979
3338	-0.322390569
3339	-0.128702079
3340	-0.556261938
3341	-0.411957081
3342	-0.533649344
3343	-0.40976629
3344	-0.251775582
3345	-0.303067046
3346	-0.161279338
3347	-0.29756413
3348	-0.031699663
3349	0.187839975
3350	-0.407429793
3351	-0.414284754
3352	-0.221899088
3353	-0.24575461
3354	-0.431272128
3355	-3.86244325
3356	-5.679070043
3357	-4.955220236
3358	-3.434260366
3359	-4.706901426
3360	-5.589221742
3361	-3.422455139
3362	-6.022333061
3363	-5.640043779
3364	-3.898732785
3365	-5.325258633
3366	-4.683537073
3367	-5.328642743
3368	-5.622733838
3369	-6.002403549
3370	-5.689928882
3371	-4.762441167
3372	-0.864615823
3373	-0.43533277
3374	0.190971623
3375	0.109668094
3376	-0.329125016
3377	-0.132755288
3378	-0.063234089
3379	-0.38100014
3380	-0.443452881
3381	-1.107270508
3382	-0.336992221
3383	-0.2787293
3384	-1.046372369
3385	-0.286342885
3386	-0.022352186
3387	-0.028782601
3388	-0.02254026
3389	-0.728007821
3390	-0.731774338
3391	-0.143005052
3392	-0.22387168
3393	-0.325972762
3394	0.041532999
3395	-0.180474969
3396	0.00779901
3397	-0.419270202
3398	-0.234278662
3399	-0.402921717
3400	-0.712808815
3401	0.084290802
3402	0.272174759
3403	-0.134627121
3404	-0.731438007
3405	-0.327322836
3406	-0.345053919
3407	-0.035349768
3408	-0.003816459
3409	-0.079866232
3410	0.091697235
3411	-0.295104706
3412	-0.40596747
3413	0.258747778
3414	-0.418152968
3415	-0.104412509
3416	-0.372450787
3417	-0.368990372
3418	-0.367954007
3419	0.117370712
3420	0.098226486
3421	-0.532398558
3422	-0.659110206
3423	0.015408451
3424	-0.216114216
3425	-1.057051479
3426	-0.177588988
3427	-0.998818735
3428	-0.326935572
3429	-0.423451169
3430	0.073071216
3431	-0.387433522
3432	-0.02456732
3433	-0.071391544
3434	-0.005949767
3435	0.352755687
3436	-0.850406384
3437	-0.293540372
3438	-0.794745359
3439	-0.836816321
3440	-0.152763604
3441	-0.329811503
3442	0.190705657
3443	-0.607358609
3444	0.150146647
3445	-0.257010574
3446	-0.086929738
3447	-0.680830149
3448	-0.290792166
3449	-0.519209977
3450	-0.878578725
3451	-0.687753257
3452	-0.784131275
3453	-0.129406979
3454	0.210197569
3455	-0.048811362
3456	0.234432478
3457	-0.210899052
3458	0.13177761
3459	-0.837870358
3460	-0.181164146
3461	-0.340144231
3462	-0.324358389
3463	-0.020535647
3464	-0.097549617
3465	-0.782927162
3466	-0.029676423
3467	0.007423481
3468	-0.155369705
3469	-0.191425405
3470	-0.002802396
3471	-0.172777711
3472	-0.52918297
3473	-0.712700129
3474	0.025969821
3475	-0.09211448
3476	-0.135264386
3477	-0.088619787
3478	-0.481394897
3479	0.290543435
3480	-0.223558651
3481	-0.475947078
3482	-0.509859521
3483	-0.008769222
3484	-0.957364997
3485	-0.044481133
3486	-0.340344728
3487	0.023722215
3488	-0.133785043
3489	-0.864831439
3490	-0.046891979
3491	-0.228400435
3492	-0.741149637
3493	-0.486849023
3494	-0.489249693
3495	-0.233107518
3496	0.066167496
3497	-0.119363698
3498	-0.76391774
3499	-0.300886147
3500	-0.072697042
3501	-0.22511128
3502	-0.421355203
3503	-0.135891736
3504	-1.017925118
3505	-0.292470956
3506	-0.806169729
3507	-0.320794256
3508	-0.3396678
3509	-0.149710998
3510	-0.227743246
3511	-0.39376206
3512	-0.354691909
3513	-0.132648105
3514	-0.303207575
3515	-0.042881193
3516	-0.421338481
3517	-0.133647491
3518	-0.2932462
3519	-0.037013606
3520	-0.259383038
3521	-0.547680254
3522	-0.661753861
3523	-0.542244101
3524	-0.11196207
3525	-1.068436183
3526	-0.251978034
3527	-0.225834332
3528	-0.955502688
3529	-0.492308285
3530	-0.195895589
3531	-0.586876289
3532	-0.325986969
3533	-0.628014376
3534	-0.182348491
3535	-0.859870533
3536	-0.383303964
3537	-0.387902389
3538	0.000572408
3539	-1.152610573
3540	-0.343690691
3541	-0.456023475
3542	-0.428582155
3543	-0.230199242
3544	-0.542083162
3545	-0.257238838
3546	-1.305037879
3547	-0.363850886
3548	-0.163025146
3549	-0.206219897
3550	-0.49977207
3551	-0.434626665
3552	-3.492951607
3553	-3.904304728
3554	-2.885841527
3555	-0.407938375
3556	-1.266933909
3557	-0.842229795
3558	-0.487081986
3559	-0.81699698
3560	-0.586655798
3561	-0.230046906
3562	-0.175581072
3563	-0.226407211
3564	-0.501207494
3565	-0.61782305
3566	-0.292809865
3567	-0.668609168
3568	-0.735762257
3569	-0.869267376
3570	-0.105779817
3571	-0.441770228
3572	-0.109503989
3573	-0.307126625
3574	-1.001671484
3575	-0.276755861
3576	0.217749388
3577	-0.733601615
3578	-1.215954203
3579	-0.292781895
3580	-0.393526549
3581	-0.17414306
3582	-0.373986536
3583	-0.364865075
3584	-0.361382537
3585	-0.17563237
3586	0.181168954
3587	-0.249048703
3588	-0.088521606
3589	-0.976772936
3590	-0.344382539
3591	0.079380148
3592	-0.448524829
3593	-0.43244103
3594	-0.302717069
3595	-0.114504069
3596	-0.850073498
3597	-0.333707163
3598	-0.710149541
3599	-0.651742886
3600	-1.322471316
3601	-0.958608324
3602	-4.126258157
3603	-0.385095582
3604	-0.799860131
3605	-0.189496175
3606	-0.203783274
3607	-0.406995972
3608	0.021477927
3609	-0.877538793
3610	-0.323423538
3611	-0.07801857
3612	-0.442422335
3613	-0.427196074
3614	-0.584471298
3615	-0.217748653
3616	-0.397362623
3617	0.14831298
3618	-0.247015822
3619	-1.123470961
3620	-0.90382134
3621	-0.182611502
3622	-1.082627048
3623	-0.391104668
3624	-0.454469477
3625	-0.637958773
3626	-0.295588063
3627	-0.199475203
3628	-0.383981407
3629	-0.43793532
3630	-0.67698187
3631	-0.599001411
3632	-0.566930372
3633	-0.35708684
3634	-0.27171739
3635	-0.120274379
3636	-0.51669511
3637	-0.25053986
3638	-0.321878643
3639	-0.413856657
3640	-0.333291354
3641	-0.657283316
3642	-0.6699594
3643	-0.178583601
3644	-0.277702705
3645	-0.351375578
3646	-0.742290762
3647	-0.514474665
3648	-0.851884285
3649	-0.273265364
3650	-0.480815487
3651	-0.003316635
3652	-0.443207438
3653	-0.379959292
3654	-0.365896
3655	-0.251841851
3656	-0.962621111
3657	-0.01458101
3658	-0.437325775
3659	-0.387973773
3660	-0.737820569
3661	-4.843766576
3662	-5.160681835
3663	-5.546019616
3664	-5.078602019
3665	-3.350299431
3666	-5.663632342
3667	-5.226522519
3668	-4.347401198
3669	-4.94875291
3670	-4.693446855
3671	-5.10511414
3672	-0.562734364
3673	-0.033133719
3674	-0.363391127
3675	-0.16404493
3676	-0.280169948
3677	0.370693395
3678	-0.871548251
3679	2.911360968
3680	0.078557701
3681	3.136673027
3682	2.875339122
3683	4.089439553
3684	3.791845048
3685	1.836435503
3686	2.433654696
3687	-0.474655525
3688	-1.140990142
3689	0.370661602
3690	-0.601351193
3691	-0.591581709
3692	-0.776121082
3693	-0.389284668
3694	-0.8039149
3695	-1.203968627
3696	-0.144391175
3697	-0.54994042
3698	-0.360912881
3699	-0.049768445
3700	-0.234932003
3701	-0.807841317
3702	0.089723964
3703	4.636334977
3704	4.22225689
3705	0.216373622
3706	-0.014730267
3707	0.422114786
3708	-0.604179121
3709	0.097529365
3710	1.153278066
3711	-1.110605611
3712	-0.632028967
3713	3.344014397
3714	2.458156635
3715	3.213541347
3716	0.226104936
3717	0.231300746
3718	-0.200311715
3719	-1.70894415
3720	-0.598054885
3721	0.726475004
3722	-0.291837571
3723	-0.806157325
3724	0.008254313
3725	2.084272986
3726	-4.722404684
3727	-0.702529106
3728	3.507492138
3729	3.292785596
3730	3.857135229
3731	-0.130994689
3732	-0.111342693
3733	0.120018236
3734	-0.198859444
3735	-0.271776196
3736	2.146652878
3737	-0.295189595
3738	-0.534247267
3739	-0.155100373
3740	3.205695311
3741	3.794788274
3742	4.219458178
3743	3.702458141
3744	3.533568336
3745	2.678260399
3746	3.022100326
3747	-0.360044955
3748	1.196419621
3749	-1.008490167
3750	2.543613674
3751	-0.294997044
3752	-0.174257444
3753	1.589467992
3754	-0.632357425
3755	-0.744037364
3756	-0.031514503
3757	-0.553886974
3758	-0.033262013
3759	0.41074789
3760	2.67174804
3761	-0.016620576
3762	-0.40728254
3763	-0.663945664
3764	-0.392904336
3765	0.238295924
3766	0.219574246
3767	0.888519358
3768	0.147629277
3769	-0.233014716
3770	-0.061089437
3771	-1.820353866
3772	0.073667228
3773	-0.399563099
3774	-0.082794148
3775	2.592755856
3776	1.757906072
3777	0.059996668
3778	1.854118596
3779	-1.109771659
3780	2.944861327
3781	1.789740874
3782	-0.011438948
3783	2.134971278
3784	3.800718046
3785	2.902733978
3786	-0.651966809
3787	-0.324397776
3788	-0.696572036
3789	0.087274425
3790	-0.119313215
3791	0.174490687
3792	2.721699953
3793	3.918031682
3794	-0.327700215
3795	-1.286451357
3796	0.132447908
3797	3.146467899
3798	1.989331645
3799	0.147344375
3800	2.004711628
3801	2.700988779
3802	-0.575844275
3803	-0.313923457
3804	-1.2900729
3805	3.411458037
3806	-0.727648876
3807	-0.715576278
3808	0.121896349
3809	-2.803544755
3810	3.16318849
3811	3.52952998
3812	3.64148195
3813	2.113775466
3814	0.111503536
3815	0.116998238
3816	-0.65366618
3817	-0.324426272
3818	2.404449672
3819	-0.223750305
3820	2.759971167
3821	-0.9909566
3822	-0.472756868
3823	0.254466779
3824	1.425592874
3825	2.334041467
3826	-1.69338985
3827	-0.182765854
3828	-0.028530107
3829	-0.479378815
3830	-0.514519384
3831	-0.894070514
3832	-1.074972497
3833	-0.233021417
3834	3.597636782
3835	3.657616266
3836	3.580866588
3837	3.565338208
3838	3.251353407
3839	2.235956872
3840	2.837146753
3841	3.804616976
3842	-0.0734117
3843	-3.49288418
3844	-0.626606616
3845	-0.437553928
3846	1.239518036
3847	-0.34197901
3848	-0.352178257
3849	3.999153581
3850	4.305029889
3851	3.586665409
3852	3.574284405
3853	-0.755137492
3854	-1.263087517
3855	-0.111868593
3856	-0.40847895
3857	-1.332071656
3858	-0.011369947
3859	-0.188545261
3860	-1.082577838
3861	-0.071370924
3862	-0.74227742
3863	0.463062435
3864	-0.932752053
3865	-0.261262062
3866	0.18808235
3867	-0.392216687
3868	0.398738467
3869	-1.069499151
3870	0.149637106
3871	-0.913411828
3872	2.976115196
3873	-0.385934988
3874	3.300026648
3875	4.235908533
3876	3.532463718
3877	3.418943494
3878	3.019671333
3879	3.777263108
3880	-0.205785104
3881	3.367751981
3882	0.143122986
3883	4.136943182
3884	2.969655515
3885	4.154191743
3886	2.675839473
3887	0.078814401
3888	-0.787753254
3889	0.138864404
3890	-0.1840624
3891	-0.37833715
3892	0.213406277
3893	0.691515219
3894	-0.451910165
3895	-0.289212472
3896	-0.666089631
3897	-0.40342079
3898	-0.373667266
3899	0.050887544
3900	-0.906284143
3901	-1.071558287
3902	-0.562578144
3903	3.011914656
3904	-0.21662954
3905	0.086442035
3906	0.34089681
3907	-0.994335162
3908	-0.373998914
3909	-0.310039656
3910	-0.847795431
3911	NULL
3912	-0.850252079
3913	-1.008505932
3914	-1.184282026
3915	-0.211727516
3916	-0.806061457
3917	-0.04341107
3918	0.274463997
3919	-0.12949844
3920	-0.247035726
3921	-0.344183291
3922	0.09162177
3923	-0.183924754
3924	0.286801169
3925	-0.649366823
3926	-0.602915665
3927	-0.273794859
3928	-0.060894419
3929	2.287480949
