1	-0.334119224
2	-0.814646462
3	-0.294660931
4	-0.729172706
5	-0.583768255
6	-0.120827139
7	-0.244859175
8	-0.660256747
9	-0.57809912
10	-0.633589935
11	-0.772035231
12	-0.412428422
13	-0.532608329
14	-0.302901188
15	-0.311834444
16	-0.336662394
17	-0.187020587
18	-0.693731963
19	-0.617509146
20	-0.468424728
21	-0.63980817
22	-0.432745624
23	-0.037083638
24	-0.409036757
25	-0.283130173
26	-0.492127024
27	-0.50816171
28	-0.257404202
29	-0.47953733
30	-0.309202396
31	0.061160315
32	-0.303022094
33	-0.180018321
34	-0.453131464
35	-0.416975005
36	-0.569500614
37	-0.230430046
38	-0.587240974
39	0.132583771
40	-0.058274477
41	-0.92542355
42	-0.478143028
43	-0.800928172
44	-0.213318608
45	-0.315101256
46	-0.783678032
47	-0.836198445
48	-0.325322864
49	-0.46655772
50	-0.148623479
51	-0.201208204
52	-0.697714608
53	-0.785221449
54	-0.417299668
55	-0.729181589
56	-0.688103514
57	-0.306244502
58	-0.340620861
59	-0.435292909
60	-0.056531509
61	-0.266855185
62	-0.604354702
63	-0.378873235
64	-0.489229677
65	-0.751097341
66	-0.152509092
67	-0.608700782
68	-0.345626807
69	-0.344226995
70	-0.54094823
71	-0.306011526
72	-0.40428276
73	-0.541646629
74	-0.446723423
75	-0.247779217
76	-0.745272493
77	-0.48820873
78	-0.518268894
79	-0.859873244
80	-0.295488322
81	-0.745345452
82	-0.391882307
83	-0.50658693
84	-0.500532042
85	-0.583061272
86	-0.535986922
87	-0.420757669
88	-0.389532389
89	-0.610945413
90	-0.646835063
91	-0.494865952
92	-0.743374262
93	-0.474471315
94	-0.100955319
95	-0.358485405
96	-0.478296763
97	0.545046207
98	-0.670590859
99	-0.400792783
100	-0.085349547
101	-0.791585039
102	-0.56066712
103	-0.751017954
104	-0.478173892
105	-0.109519619
106	-0.412978317
107	-0.2527629
108	-0.282135873
109	-0.692080932
110	-0.520560932
111	-0.347105545
112	0.034077915
113	-0.666586359
114	-0.374488691
115	-0.527073252
116	0.090951305
117	-0.094742356
118	-0.374553073
119	-0.218083822
120	-0.334626599
121	-0.383795262
122	-0.619241758
123	-0.233987192
124	-0.585279135
125	-0.683415307
126	-0.558790355
127	-0.46840105
128	-0.455766124
129	-0.120397254
130	-0.538182968
131	-0.398519538
132	-0.382969058
133	-0.436513573
134	-0.306337996
135	-0.386700691
136	-0.032941033
137	-0.44367055
138	-0.212818763
139	-0.404362737
140	-0.109913282
141	-0.066418118
142	-0.341503493
143	-0.580993397
144	-0.635154227
145	-0.171485161
146	-0.540224841
147	-0.475338872
148	-0.291467725
149	-0.530378463
150	-0.321908649
151	-0.52662183
152	0.124154281
153	-0.379049761
154	-0.420125906
155	-0.251605737
156	-0.603665196
157	-0.680975172
158	-0.075728402
159	-0.46387298
160	-0.627693355
161	-0.671952255
162	-0.461636211
163	-0.867198793
164	-0.277015076
165	-0.205347037
166	-0.389824562
167	-0.091392974
168	-0.230607289
169	-0.799804713
170	-0.316969726
171	-0.29052357
172	-0.298229203
173	-0.389886087
174	-0.239303674
175	-0.349884512
176	-0.320693108
177	-0.663766859
178	-0.459653213
179	-0.497558697
180	-0.432060419
181	-0.222278594
182	-0.433328529
183	-0.582270381
184	-0.591253155
185	-0.226402679
186	-0.167766209
187	0.152760777
188	-0.095796707
189	-0.651103584
190	-0.192209621
191	-0.284364719
192	-0.691625629
193	-0.237400211
194	-0.232278144
195	0.014239185
196	-0.197902049
197	-0.677776033
198	-0.600581754
199	-0.455321968
200	0.075659003
201	-0.528981678
202	-0.158204991
203	-0.1940471
204	-0.39249686
205	-0.194443489
206	0.231045748
207	-0.35989662
208	-0.463029419
209	0.037243226
210	-0.387355466
211	-0.095148262
212	-0.345971171
213	-0.242556316
214	-0.589052096
215	-0.105113543
216	-0.130820233
217	-0.018978007
218	-0.539949302
219	-0.314320332
220	-0.773913819
221	0.098792187
222	-0.379499873
223	-0.501016515
224	-0.285275992
225	-0.220073713
226	-0.126059499
227	-0.299952466
228	-0.448600182
229	-0.432184774
230	-0.302341938
231	-0.552369969
232	-0.504663957
233	-0.386477356
234	-0.43979962
235	-0.392744638
236	-0.139613169
237	-0.352850666
238	-0.558526785
239	-0.097256813
240	-0.455387417
241	-0.786552942
242	-0.302218443
243	-0.465427541
244	-0.368047232
245	-0.797471352
246	-0.592400762
247	-0.571535408
248	-0.406724383
249	-0.551182949
250	-0.380318183
251	-0.661103112
252	-0.343640356
253	-0.216275971
254	-0.065564829
255	-0.514287893
256	-0.374065296
257	-0.060401263
258	-0.597264788
259	-0.528390742
260	-0.011371062
261	-0.525016508
262	-0.072314534
263	-0.457725985
264	0.120204408
265	-0.065603924
266	-0.370581582
267	0.281829295
268	-0.276202597
269	-0.26154311
270	0.157172068
271	-0.411494981
272	-0.374433857
273	-0.474103102
274	-0.162994239
275	-0.356837452
276	-0.172527617
277	-0.4104513
278	0.073886479
279	-0.594864777
280	-0.13644433
281	-0.41910234
282	-0.26263755
283	-0.03831413
284	-0.489146688
285	-0.470831367
286	-0.522049894
287	-0.087817835
288	-0.47208302
289	-0.306508748
290	-0.422817583
291	-0.200891622
292	-0.580467975
293	-0.193863225
294	-0.179666634
295	-0.620953505
296	-0.227863733
297	-0.192061588
298	-0.543226853
299	0.053972116
300	-0.638317274
301	-0.277627485
302	0.116181528
303	-0.235782582
304	-0.568295593
305	-0.520944374
306	-0.37576278
307	-0.277222023
308	-0.463305705
309	-0.17661122
310	0.441711297
311	-0.584925302
312	-0.170081232
313	-0.48699406
314	-0.375910221
315	-0.530018228
316	-0.28243411
317	-0.105456222
318	-0.449387451
319	0.027060551
320	-0.215235832
321	-0.702264182
322	0.278416184
323	0.179907827
324	0.077436687
325	0.132979368
326	-0.643447374
327	-0.036360716
328	-0.320150702
329	-0.140208211
330	-0.481114898
331	0.139225949
332	-0.638425449
333	-0.271438645
334	-0.191056053
335	-0.781563404
336	-0.560182656
337	-0.439748511
338	-0.14088251
339	-0.290509682
340	0.279775114
341	-0.296818909
342	-0.081667836
343	-0.950418285
344	-0.875925982
345	-0.598117772
346	-0.264664628
347	-0.13565604
348	-0.357156252
349	-0.128189991
350	-0.26576054
351	-0.326667596
352	-0.763009506
353	0.058440913
354	-0.3860237
355	-0.343454987
356	-0.42647442
357	0.15646673
358	-0.41351866
359	-0.437325993
360	-0.396588236
361	-0.29222399
362	0.008066293
363	-0.129156461
364	-0.402507141
365	-0.247639601
366	-0.742662149
367	-0.112543994
368	-0.390413131
369	0.071586057
370	-0.594086316
371	-0.439402914
372	-0.223134759
373	-0.654183047
374	-0.367931705
375	-0.283685246
376	-0.25703404
377	-0.545779031
378	-0.566579955
379	-0.383178899
380	-0.158184485
381	-0.384917888
382	-0.654989766
383	-0.464555506
384	-0.337295942
385	-0.435262229
386	-0.425954119
387	-0.258647534
388	0.028120834
389	-0.308413579
390	-0.523116097
391	-0.530195019
392	-0.477500845
393	-0.571638477
394	-0.492633814
395	-0.470938993
396	-0.383127244
397	-0.334974294
398	-0.026872865
399	-0.447945407
400	-0.271027982
401	-0.500784541
402	-0.162343351
403	-0.132166549
404	-0.751277377
405	-0.525025648
406	-0.417199689
407	0.007360474
408	-0.262545456
409	-0.490295864
410	-0.037027644
411	-0.433123324
412	-0.472929447
413	-0.466106969
414	-0.220700735
415	-0.552364046
416	-0.176239289
417	-0.15654328
418	-0.37079217
419	-0.904390429
420	0.092515269
421	0.11516583
422	-0.189658475
423	-0.733550749
424	-0.129675097
425	-0.11516275
426	-0.200203887
427	-0.366983129
428	-0.648212393
429	-0.183877971
430	-0.377275126
431	-0.398021038
432	-0.356564017
433	-0.298585096
434	-0.136482528
435	1.102907869
436	-0.500735225
437	-0.428275374
438	-0.387393301
439	-0.447017759
440	-0.224860456
441	0.123463421
442	-0.099978151
443	-0.228543284
444	-0.047001636
445	0.050910408
446	-0.01526589
447	0.010688041
448	-0.343173605
449	-0.376197089
450	0.091143753
451	-0.067609133
452	-0.02858847
453	-0.524748569
454	-0.142517513
455	-0.082289044
456	-0.405149544
457	-0.272633435
458	-0.176833788
459	-0.576178257
460	-0.502251732
461	0.016357641
462	-0.416502697
463	-0.440067243
464	0.174865035
465	-0.549005747
466	-0.768584834
467	-0.131667865
468	-0.179891706
469	-0.034723134
470	0.028640392
471	-0.60932799
472	-0.219352288
473	0.17538044
474	0.169609884
475	-0.508522664
476	-0.087523038
477	-0.440303041
478	-0.084960625
479	-0.403916524
480	-0.553782455
481	-0.015191976
482	-0.336394041
483	-0.133603652
484	0.318950419
485	-0.378230518
486	-0.08146139
487	-0.305310535
488	-0.175719371
489	-0.017695591
490	0.035812715
491	-0.353523642
492	-0.517623221
493	0.104557503
494	-0.557012466
495	-0.294123905
496	0.138918456
497	-0.319377645
498	-0.343065979
499	-0.275528841
500	-0.368148492
501	-0.393233802
502	-0.205448954
503	-0.186929554
504	-0.409990884
505	0.003790748
506	-0.391395896
507	-0.295104079
508	-0.261727099
509	-0.598879879
510	-0.2114796
511	-0.736928311
512	-0.118958909
513	-0.268888915
514	-0.010949297
515	0.054322555
516	-0.24014017
517	-0.306484919
518	0.677527529
519	-0.140608933
520	-0.490515838
521	-0.257382189
522	-0.492321348
523	-0.420886268
524	-0.530490214
525	-0.43187912
526	-0.23054735
527	-0.415789429
528	-0.206377431
529	-0.082816686
530	-0.106080924
531	-0.270544713
532	-0.209069295
533	-0.336895621
534	-0.568431126
535	-0.287191022
536	-0.384527993
537	-0.435777959
538	-0.373230641
539	-0.192290657
540	-0.383396037
541	-0.162956489
542	-0.161297937
543	-0.183717782
544	-0.353341099
545	-0.556515188
546	-0.121936856
547	-0.149886976
548	-0.319141093
549	-0.290843608
550	-0.263831327
551	-0.503654376
552	-0.437837373
553	-0.207374628
554	-0.058643442
555	-0.354902981
556	-0.153996944
557	-0.688604494
558	-0.686827109
559	-0.741696242
560	-0.155250215
561	-0.252974646
562	-0.283558708
563	-0.318881166
564	-0.133481547
565	-0.207839466
566	-0.611905635
567	-0.56311608
568	-0.258456894
569	-0.058949029
570	-0.166590465
571	-0.168368002
572	0.173612363
573	-0.158376103
574	-0.21837472
575	-0.425755711
576	-0.089425926
577	-0.307998154
578	0.211377812
579	-0.221569821
580	-0.821267278
581	-0.52521474
582	0.11999877
583	-0.299183219
584	-0.281454569
585	-0.229489866
586	-0.166528605
587	-0.510337383
588	-0.50110004
589	-0.00162761
590	-0.297329427
591	-0.329399069
592	0.307393339
593	0.317980976
594	-0.914094636
595	-0.454260978
596	-0.257871137
597	-0.27249071
598	-0.128572598
599	-0.111473132
600	0.108162611
601	-0.075071224
602	-0.293512629
603	-0.030398672
604	-0.425192496
605	-0.237191641
606	-0.372312161
607	-0.309439696
608	0.154238884
609	-0.392238613
610	-0.115469242
611	-0.087203051
612	-0.560015184
613	-0.639525766
614	-0.015511221
615	-0.420304612
616	-0.52032845
617	-0.293732599
618	0.154571078
619	0.073488601
620	0.088380324
621	-0.531131717
622	-0.404831184
623	-0.366986459
624	-0.261200356
625	-0.295216012
626	-0.150624449
627	0.133824066
628	-0.204347489
629	0.129132551
630	-0.599690524
631	-0.491930932
632	-0.377777834
633	-0.205870582
634	-1.064295926
635	-0.192918791
636	-0.17404769
637	0.030479147
638	0.017292037
639	0.070151589
640	-0.381841032
641	-0.560007229
642	0.118629172
643	-0.183342876
644	-0.738171147
645	-0.289706475
646	-0.300078985
647	-0.242011521
648	-0.265037051
649	-0.190719001
650	-0.045311292
651	-0.275917924
652	-0.014483722
653	-0.301040886
654	-0.19337379
655	-0.287527652
656	-0.02544075
657	0.350759379
658	-0.215195801
659	-0.134417528
660	-0.468665833
661	0.045840236
662	0.010042858
663	-0.487989472
664	0.211335133
665	-0.532337822
666	0.129938019
667	-0.282382352
668	-0.279860583
669	-0.248604236
670	0.276946002
671	-0.555585588
672	-0.567787539
673	-0.209599145
674	-0.215353792
675	-0.591096498
676	-0.41407922
677	-0.328195748
678	-0.385758809
679	-0.672889975
680	0.231089952
681	-0.4021813
682	-0.363250379
683	-0.348610278
684	-0.08663778
685	0.324988934
686	-0.460400088
687	-0.226395718
688	-0.246027216
689	-0.405846165
690	-0.566614873
691	-0.264313803
692	-0.177210716
693	-0.416977262
694	-0.483212011
695	0.137173047
696	-0.237448109
697	-0.273001995
698	0.111461852
699	-0.256477085
700	0.264288533
701	-0.324704959
702	-0.376217744
703	-0.098258624
704	-0.157230876
705	-0.084446303
706	-0.478287846
707	-0.244679914
708	-0.131558195
709	-0.512073765
710	-0.64766576
711	-0.244857189
712	-0.377928967
713	-0.156021833
714	-0.611605303
715	0.539640664
716	-0.152911003
717	-0.320743213
718	-0.212678019
719	-0.156743717
720	-0.46701468
721	-0.518276258
722	0.131744077
723	-0.11774885
724	0.005060351
725	0.264364238
726	-0.316579251
727	-0.363531366
728	0.136233209
729	-0.495102475
730	-0.365349544
731	-0.161210442
732	0.064981219
733	-0.453939192
734	-0.055283907
735	-0.124437368
736	-0.296435893
737	-0.069473044
738	-0.253577042
739	-0.412846074
740	0.430185037
741	-0.456651435
742	-0.541244998
743	0.09260107
744	0.006438836
745	-0.229159731
746	-0.69482391
747	-0.14066557
748	-0.417713705
749	0.181653801
750	0.172632708
751	-0.568196183
752	-0.366496898
753	-0.668643069
754	-0.149763491
755	-0.219974291
756	0.234642444
757	-0.254005911
758	-0.174060507
759	-0.476748684
760	-0.192529681
761	-0.3688584
762	0.34159497
763	0.185214746
764	-0.108083058
765	0.097212713
766	0.129567321
767	-0.592709393
768	0.15554714
769	-0.431122371
770	0.098443947
771	-0.348356093
772	0.200974641
773	-0.199268266
774	-0.632927844
775	-0.607248883
776	-0.651904269
777	0.046814229
778	-0.507537152
779	-0.296903178
780	0.203436329
781	-0.307657888
782	0.164320144
783	-0.058130037
784	-0.297886906
785	-0.349250521
786	0.020721261
787	-0.069513948
788	0.32204274
789	-0.276282793
790	0.533776528
791	0.096095271
792	0.058950459
793	0.263000788
794	-0.0196446
795	-0.137600155
796	-0.168949052
797	-0.255993557
798	-0.068228253
799	-0.30654991
800	-0.376749802
801	0.143269276
802	-0.244505972
803	-0.390423883
804	0.174970296
805	0.184256533
806	-0.084281266
807	-0.225747647
808	0.054875252
809	-0.321300162
810	0.119499084
811	0.065630019
812	-0.014374444
813	-0.233802218
814	-0.191089095
815	-0.14443557
816	-0.233791584
817	-0.37990634
818	-0.435601675
819	0.209975647
820	-0.369279458
821	0.360118343
822	-0.048949466
823	-0.361318265
824	-0.372610594
825	-0.546668711
826	-0.269366553
827	-0.842742745
828	-0.072196391
829	-0.069064711
830	0.050980344
831	-0.208519326
832	0.201627419
833	-0.486650673
834	0.011019263
835	-0.177215973
836	-0.680022478
837	-0.438956049
838	-0.430290605
839	-0.361576955
840	0.199724782
841	0.157446996
842	0.048909385
843	-0.225766477
844	-0.180269896
845	-0.174110759
846	-0.197084848
847	-0.215366156
848	-0.227815035
849	-0.068209809
850	-0.124700368
851	-0.217942456
852	-0.484303974
853	-0.360561426
854	-0.228559607
855	-0.144625742
856	-0.018670184
857	-0.237451973
858	0.646168426
859	-0.47305009
860	-0.318466928
861	-0.551185521
862	-0.415063629
863	-0.250792524
864	-0.119441497
865	-0.025496697
866	-0.307766194
867	0.004824033
868	0.067970557
869	-0.173637582
870	-0.180328047
871	-0.098730015
872	0.024039131
873	-0.542189852
874	-0.52885832
875	-0.170369175
876	0.038147999
877	-0.295045538
878	-0.196344835
879	0.429720453
880	-0.560234454
881	0.082495625
882	-0.464685741
883	0.483852287
884	-0.072756803
885	-0.458691082
886	-0.634919745
887	-0.28821205
888	-0.28512979
889	-0.299703404
890	-0.288802779
891	-0.23521894
892	-0.193503191
893	-0.667001592
894	-0.299847307
895	-4.186272514
896	-2.446509103
897	0.028939743
898	0.171662966
899	-0.129887305
900	0.427557593
901	-0.13903601
902	0.303470202
903	-1.981393809
904	-2.125161533
905	1.070586302
906	0.924905379
907	1.209809638
908	0.599839902
909	0.257736586
910	1.193111359
911	1.309465865
912	0.352536534
913	-2.005178534
914	-0.491152946
915	0.245764488
916	-0.139873404
917	-0.291422279
918	-2.446897786
919	-1.3940794
920	-2.418549786
921	-0.26824872
922	-0.897084697
923	-0.351216099
924	-3.570513474
925	-3.106112177
926	-2.453678345
927	-0.563903198
928	-3.936775584
929	-3.178155544
930	-3.100046495
931	-3.072620801
932	-4.40759719
933	-3.001953905
934	-2.51363574
935	-0.713184615
936	-0.501021065
937	-1.448364399
938	-0.785106124
939	-0.052261421
940	-1.337230146
941	-1.997111919
942	-1.281837635
943	-0.401079127
944	-3.168604722
945	-2.517027351
946	-3.302192835
947	-1.267259215
948	-1.417710159
949	-0.368687444
950	-0.245191491
951	-0.967400382
952	0.077066758
953	0.009875384
954	0.254372155
955	-0.377295737
956	-2.024737228
957	-0.124636314
958	0.44664711
959	-0.268723748
960	0.083769725
961	-0.334480436
962	-0.288527817
963	0.08949508
964	-0.483682999
965	-1.093384065
966	-0.23340668
967	-0.183222073
968	-0.134843603
969	-0.337209029
970	0.036510262
971	-0.445072019
972	-0.429148753
973	-0.050907034
974	0.082480839
975	-0.116017183
976	-0.396012778
977	-0.393350167
978	-0.224371247
979	-0.372270383
980	-0.565684301
981	0.020645717
982	-0.400344751
983	-0.159948473
984	0.041880398
985	-0.296747983
986	-0.077587118
987	-0.057153769
988	-0.269931163
989	-0.45664839
990	-0.24845829
991	0.080183824
992	-0.27785736
993	0.172227445
994	-0.10790831
995	-0.256484242
996	0.078600165
997	-0.20708652
998	0.169469784
999	-0.433329267
1000	-0.129914855
1001	-0.380579354
1002	-0.195896592
1003	-0.159550595
1004	0.071512336
1005	-0.475613231
1006	-0.141390949
1007	-0.024697897
1008	-0.153335748
1009	-0.387551485
1010	-0.402093057
1011	-0.373255197
1012	-0.202928729
1013	-0.405402589
1014	-0.301988254
1015	0.157579634
1016	-0.322689725
1017	-0.254909148
1018	0.24397392
1019	-0.275156676
1020	-0.389644436
1021	-0.341118441
1022	-0.537379864
1023	-0.387021946
1024	0.020140557
1025	-0.506227204
1026	0.073783995
1027	-0.176772602
1028	-0.032259819
1029	-0.268029746
1030	0.007875928
1031	0.026009302
1032	-0.110523448
1033	-0.145231544
1034	0.064928079
1035	-0.009183269
1036	-0.575173799
1037	-0.178972054
1038	0.107546913
1039	-0.049821684
1040	-0.290814183
1041	-0.22101919
1042	-0.118389849
1043	-0.015431989
1044	-0.276485025
1045	0.360220592
1046	0.423708293
1047	-0.114147427
1048	-0.120149272
1049	-0.365130516
1050	0.296445012
1051	-0.047723315
1052	-0.817474913
1053	-0.242074375
1054	-0.247203975
1055	-0.409818639
1056	-0.211204315
1057	0.007682353
1058	-0.02756186
1059	-0.232518656
1060	-0.489023237
1061	0.175727733
1062	-0.274364691
1063	-0.231559843
1064	-0.487982238
1065	-0.415575875
1066	-0.064136676
1067	0.296216699
1068	0.173996469
1069	-0.162790098
1070	-0.34943499
1071	-0.595507207
1072	-0.09303471
1073	0.074647665
1074	-0.250474857
1075	-0.335820324
1076	-0.191223757
1077	-0.559244947
1078	-0.060847341
1079	-0.459208235
1080	-0.555664609
1081	0.187248067
1082	0.115372055
1083	0.371690248
1084	-0.375735612
1085	-0.124323667
1086	-0.22408202
1087	-0.315238364
1088	-0.065215918
1089	0.055653912
1090	0.233134537
1091	-0.376924105
1092	-0.262460274
1093	-0.182790937
1094	0.349848542
1095	0.527596745
1096	0.418788491
1097	0.511080256
1098	0.268580478
1099	0.20704135
1100	0.222437461
1101	-0.005323653
1102	0.031534172
1103	0.379917843
1104	0.602070172
1105	1.040951727
1106	-0.188709628
1107	-0.190466008
1108	-0.348295691
1109	0.528469328
1110	0.673652595
1111	0.474083907
1112	-0.044656033
1113	-0.185737049
1114	-0.26727756
1115	-0.029293307
1116	-0.375725802
1117	-0.626708823
1118	-0.219319122
1119	0.186488751
1120	-0.500485738
1121	0.100868282
1122	0.161038979
1123	-0.116595644
1124	-0.348569672
1125	0.139723536
1126	-0.360998598
1127	-0.048068068
1128	-0.567712684
1129	-0.102428587
1130	-0.356047068
1131	-0.397372489
1132	-0.20032739
1133	0.227242046
1134	-0.526670714
1135	-0.250356894
1136	-0.145890744
1137	-0.376939387
1138	-0.360118063
1139	-0.145579218
1140	-0.570141213
1141	-0.353273182
1142	-0.232713563
1143	0.181998792
1144	-0.043760009
1145	-0.101959696
1146	0.031744065
1147	0.005987421
1148	0.161961012
1149	0.098467914
1150	-0.316743481
1151	-0.096610477
1152	0.009644141
1153	0.301521089
1154	-0.258089404
1155	-0.117636924
1156	-0.339987081
1157	-0.559536573
1158	-0.20996304
1159	-0.218239664
1160	-0.522749664
1161	0.288494168
1162	-0.017612715
1163	0.160428407
1164	0.019833494
1165	-0.511165233
1166	-0.381193718
1167	-0.602685704
1168	-0.461142715
1169	0.023715704
1170	-0.306197181
1171	-0.138220665
1172	0.23770302
1173	-0.200125017
1174	-0.291731642
1175	-0.44718794
1176	0.022184841
1177	-0.31112068
1178	-0.259506031
1179	-0.05661511
1180	-0.433108457
1181	-0.029902609
1182	-0.284587909
1183	-0.10016552
1184	-0.166626523
1185	0.275589075
1186	-0.126190349
1187	-0.464214991
1188	0.021848279
1189	-0.400687749
1190	0.024741839
1191	-0.262415878
1192	-0.485596522
1193	0.433829025
1194	-0.167349761
1195	-0.113361919
1196	0.464915837
1197	-0.254376403
1198	-0.055849034
1199	-0.47219737
1200	-0.342575096
1201	-0.414037037
1202	0.006553608
1203	-0.068327843
1204	0.035266217
1205	0.122004771
1206	-0.344494485
1207	0.073268964
1208	0.190570692
1209	0.123797539
1210	-0.239247153
1211	-0.169023659
1212	-0.433786516
1213	-0.094670835
1214	-0.323162754
1215	0.555345521
1216	0.001346178
1217	-0.276703647
1218	-0.063749706
1219	0.112515633
1220	-0.456525345
1221	-0.497232503
1222	-0.339056873
1223	-0.407019165
1224	0.0231454
1225	-0.416273074
1226	-0.395926904
1227	-0.131973998
1228	0.158985739
1229	-0.612559732
1230	-0.063537442
1231	-0.343641325
1232	-0.131974853
1233	-0.50373151
1234	-0.485583997
1235	0.039097776
1236	0.42624733
1237	-0.587101219
1238	0.367538936
1239	-0.273626562
1240	0.091827449
1241	0.549934498
1242	-0.173393595
1243	-0.686469594
1244	0.024501128
1245	0.495319422
1246	0.004334847
1247	-0.322092637
1248	-0.374199717
1249	-0.343068182
1250	0.069725262
1251	-0.490381505
1252	-0.198032541
1253	-0.008478229
1254	1.127544818
1255	-0.131317394
1256	0.514156852
1257	-0.23742471
1258	0.245995129
1259	0.435194294
1260	0.169194503
1261	-0.269062
1262	-0.297303016
1263	-0.505422909
1264	-0.533078876
1265	-0.417934289
1266	-0.425236508
1267	0.207108391
1268	-0.10337836
1269	0.233441045
1270	-0.413840779
1271	-0.25521339
1272	-0.118769674
1273	-0.0876073
1274	-0.389555991
1275	-0.364015753
1276	-0.383262752
1277	-0.290692358
1278	-0.272331411
1279	-0.01081818
1280	-0.447836828
1281	-0.127086679
1282	0.141992051
1283	0.029493803
1284	-0.38305132
1285	-0.23554699
1286	0.068511495
1287	0.541682229
1288	-0.415448418
1289	-0.224454173
1290	-0.422600598
1291	-0.710939497
1292	-0.079206995
1293	-0.212705027
1294	-0.060742247
1295	-0.399956392
1296	-0.147555113
1297	0.007181934
1298	-0.264799996
1299	-0.436400286
1300	-0.027460811
1301	-0.386895258
1302	-0.396886295
1303	-0.159899461
1304	-0.590955615
1305	0.10215509
1306	-0.254766733
1307	-0.391195464
1308	-0.331288306
1309	-0.294583949
1310	-0.183395475
1311	-0.304938224
1312	0.541468355
1313	-0.181366348
1314	-0.102405252
1315	-0.234770247
1316	-0.041117334
1317	-0.675334001
1318	-0.167912129
1319	-0.164281751
1320	-0.58873783
1321	-0.078985976
1322	-0.337716921
1323	-0.067839724
1324	0.176575754
1325	-0.367927403
1326	0.134314289
1327	-0.128384026
1328	-0.119811788
1329	-0.210235471
1330	-0.141368737
1331	0.049385023
1332	-0.396205629
1333	-0.359361724
1334	-0.092820941
1335	-0.167359446
1336	-0.006119623
1337	-0.327079068
1338	0.291999667
1339	0.08071436
1340	-0.133964087
1341	0.073859619
1342	-0.183991051
1343	0.106848758
1344	-0.165434141
1345	-0.196009303
1346	-0.017381724
1347	-0.019697183
1348	-0.438459417
1349	-0.120117235
1350	0.200263363
1351	-0.141267417
1352	-0.199572561
1353	-0.174005151
1354	-0.386067819
1355	-0.095219197
1356	-0.088485665
1357	-0.235642868
1358	-0.137541892
1359	-0.154357354
1360	-0.597280007
1361	-0.2948089
1362	-0.37732581
1363	0.001678603
1364	-0.280545049
1365	-0.275223573
1366	-0.126496539
1367	0.801795376
1368	-0.245078365
1369	0.206907596
1370	0.306268903
1371	0.762822205
1372	0.048880174
1373	0.307888911
1374	-0.029833815
1375	-0.020252049
1376	0.17636531
1377	-0.481671624
1378	-0.225743844
1379	0.002940714
1380	0.325825236
1381	-0.323372925
1382	-0.33723945
1383	-0.10042772
1384	-0.244013804
1385	-0.311723973
1386	-0.166690237
1387	-0.330292571
1388	-0.133339447
1389	0.093784303
1390	-0.404327398
1391	0.058018198
1392	-0.321511749
1393	-0.472470087
1394	0.194570639
1395	-0.290455125
1396	0.026756926
1397	-0.207031499
1398	0.034432873
1399	-0.085085108
1400	-0.087545865
1401	-0.105754346
1402	-0.029623583
1403	0.196144323
1404	-0.08784609
1405	-0.002864878
1406	-0.192911432
1407	-0.078469575
1408	0.108812189
1409	-0.19036965
1410	0.105983655
1411	-0.103563414
1412	-0.02776623
1413	0.240761123
1414	-0.358190332
1415	0.191343258
1416	0.30643459
1417	-0.377321847
1418	-0.113519527
1419	0.112185368
1420	-0.054929046
1421	-0.141607566
1422	-0.10451701
1423	0.169240512
1424	-0.189138389
1425	-0.297136463
1426	0.107939129
1427	-0.116676039
1428	0.16019993
1429	-0.884018786
1430	-0.389838688
1431	-0.237904129
1432	-0.384549848
1433	0.115002525
1434	-0.362816236
1435	-0.115348622
1436	-0.288046726
1437	-0.159522781
1438	-0.131895268
1439	-0.117416334
1440	0.409958319
1441	-0.340174251
1442	-1.012599574
1443	-0.286121527
1444	-0.055748722
1445	0.323018469
1446	-0.211437206
1447	-0.293378616
1448	-0.249196673
1449	-0.34237878
1450	-0.282941111
1451	0.036806306
1452	-0.184298862
1453	-0.103026127
1454	-0.316737877
1455	-0.324661107
1456	-0.083818443
1457	-0.455546671
1458	-0.240973382
1459	0.156017969
1460	-0.339108694
1461	-0.385663843
1462	0.0328284
1463	0.123926525
1464	0.542910039
1465	0.260993244
1466	1.024475155
1467	-0.022898614
1468	-0.15763172
1469	-0.148562312
1470	-0.284042927
1471	-0.232219453
1472	-0.167185774
1473	0.220031644
1474	0.094997026
1475	-0.142022166
1476	0.074753654
1477	-0.273726921
1478	-0.176795396
1479	0.177561485
1480	0.012657569
1481	-0.091242466
1482	-0.327283252
1483	-0.216269273
1484	-0.386651022
1485	-0.026112682
1486	0.360979242
1487	0.022511988
1488	-0.427544349
1489	-0.320835131
1490	-0.214731766
1491	0.008579796
1492	0.397476707
1493	-0.003683357
1494	-0.237720482
1495	0.116983418
1496	0.051296842
1497	-0.970758248
1498	0.613499714
1499	-0.291761448
1500	0.132772189
1501	0.798814715
1502	-0.232765023
1503	-0.168898738
1504	0.577770582
1505	-0.165743886
1506	-0.145890075
1507	0.357398436
1508	0.284254753
1509	-0.242423826
1510	0.192062947
1511	0.03296812
1512	-0.170494647
1513	0.255254389
1514	-0.297926754
1515	-0.29297573
1516	-0.256189851
1517	0.277479382
1518	-0.191432645
1519	0.390151173
1520	0.172500779
1521	0.09240037
1522	0.086979912
1523	-0.117088995
1524	-0.143999592
1525	-0.09242139
1526	-0.12774616
1527	-0.106682183
1528	-0.252988427
1529	-0.140861449
1530	-0.732305281
1531	0.0925019
1532	-0.121825737
1533	-0.580886638
1534	-0.401444754
1535	-0.340218513
1536	-0.550383503
1537	-0.562400678
1538	0.031302549
1539	-0.132069385
1540	-0.231678011
1541	-0.492612728
1542	0.228090995
1543	0.120270527
1544	-0.46086792
1545	-0.281767321
1546	0.12581989
1547	0.034710532
1548	0.233296072
1549	0.013548477
1550	-0.441957059
1551	-0.311418231
1552	0.17004571
1553	0.083734705
1554	-0.402458344
1555	0.215127626
1556	-0.498839543
1557	-0.14795935
1558	-0.587598257
1559	-0.428999234
1560	-0.65392002
1561	-0.169619082
1562	0.078374763
1563	-0.419156477
1564	-0.069378156
1565	-0.348072085
1566	-0.211039128
1567	0.03183046
1568	-0.072525257
1569	-0.076003624
1570	-0.535768655
1571	-0.043819982
1572	-0.241736891
1573	0.248470141
1574	-0.241870338
1575	0.248992485
1576	0.036816677
1577	0.23344026
1578	-0.107290117
1579	-0.248951777
1580	-0.442196426
1581	-0.032224096
1582	-0.411930432
1583	-0.341293041
1584	-0.421558496
1585	0.308742971
1586	-0.360937733
1587	0.26829738
1588	-0.269405937
1589	-0.101777967
1590	0.736552921
1591	0.405500962
1592	0.154791192
1593	0.087286161
1594	-0.304050041
1595	0.005263165
1596	0.199011533
1597	-0.258228663
1598	-0.026139001
1599	-0.191201931
1600	-0.390543259
1601	1.169141803
1602	0.010081815
1603	0.27861595
1604	0.396536303
1605	0.004705357
1606	-0.509866174
1607	-0.153110958
1608	0.091317461
1609	-0.38345346
1610	-0.115309939
1611	0.262128622
1612	0.018647379
1613	-0.073985145
1614	-0.466929728
1615	-0.173736474
1616	-0.037550209
1617	-0.14211919
1618	-0.413931874
1619	0.540364509
1620	-0.335895011
1621	-0.290749344
1622	0.007012325
1623	-0.017264938
1624	0.528118549
1625	-0.287029303
1626	0.146168016
1627	0.275986055
1628	0.054504359
1629	-0.005236431
1630	-0.277891054
1631	-0.464516917
1632	-0.197089261
1633	0.956758157
1634	0.257619926
1635	-0.389408274
1636	-0.128320451
1637	-0.059042148
1638	-0.164149602
1639	0.175746575
1640	0.218381958
1641	-0.097574898
1642	0.258490533
1643	0.118354957
1644	-0.027072838
1645	0.514202624
1646	0.148826725
1647	-0.059842103
1648	-0.265997657
1649	-0.273064968
1650	-0.191928346
1651	0.028631027
1652	0.049369027
1653	-0.050635412
1654	-0.146842475
1655	0.333115682
1656	-0.264932503
1657	-0.369655605
1658	-0.694778419
1659	-0.176402396
1660	0.408687997
1661	-0.134060159
1662	-0.222299268
1663	0.24154649
1664	-0.289388047
1665	-0.150540008
1666	-0.374444734
1667	0.016936305
1668	-0.247081206
1669	0.415992066
1670	0.356818309
1671	-0.263780649
1672	-0.149992624
1673	0.172056149
1674	-0.025105097
1675	0.069282943
1676	0.093089843
1677	0.286923602
1678	0.559024727
1679	-0.051006072
1680	-0.216394309
1681	-0.122064726
1682	-0.137811264
1683	0.033215193
1684	0.01992603
1685	-0.167737131
1686	-0.325492578
1687	-0.2167984
1688	-0.163208363
1689	-2.76641E-05
1690	0.27839262
1691	0.989658206
1692	0.245585076
1693	0.485192844
1694	-0.276908118
1695	-0.144514525
1696	0.165401875
1697	0.154823099
1698	-0.019923413
1699	0.577424366
1700	0.043691012
1701	-0.23486003
1702	0.204598635
1703	-0.12400622
1704	-0.065490598
1705	-0.163954114
1706	0.060975339
1707	-0.358839278
1708	-0.022878899
1709	-0.241153403
1710	-0.241547668
1711	0.014623474
1712	-0.091801471
1713	-0.445132599
1714	-0.145581237
1715	-0.385107928
1716	0.070260749
1717	0.169857195
1718	-0.031154388
1719	-0.018665035
1720	0.130386731
1721	0.576098995
1722	0.325050167
1723	-0.278329492
1724	0.324316205
1725	-0.077173801
1726	-0.206009463
1727	-0.203359099
1728	0.591687778
1729	0.588281003
1730	0.197990057
1731	-0.301437743
1732	0.17628723
1733	-0.073003425
1734	-0.010402325
1735	-0.032721647
1736	-0.277873424
1737	-0.093536929
1738	-0.43427354
1739	-0.142498096
1740	-0.121710417
1741	-0.463150729
1742	0.190467115
1743	0.758396284
1744	0.174992734
1745	-0.419947064
1746	-0.215468964
1747	-0.202210752
1748	0.188759697
1749	0.231421871
1750	-0.124358783
1751	-0.123331183
1752	-0.011459545
1753	-0.468456707
1754	0.369645222
1755	-0.01027425
1756	-0.203961911
1757	-0.057169845
1758	0.049772311
1759	-0.804046246
1760	-0.117314876
1761	-0.25322342
1762	-0.204997312
1763	0.04397173
1764	-0.25551509
1765	0.060613463
1766	-0.298810235
1767	0.252889888
1768	0.064251292
1769	-0.230157845
1770	-0.03703091
1771	0.191518064
1772	0.051547039
1773	0.140015276
1774	-0.190583854
1775	-0.137654241
1776	-0.131953215
1777	0.558729259
1778	0.381382005
1779	-0.491605281
1780	-0.061486398
1781	1.03110441
1782	0.011890934
1783	0.043905983
1784	-0.522894236
1785	0.846430574
1786	0.131266924
1787	-0.27015466
1788	0.357605858
1789	0.013988116
1790	-0.171347809
1791	0.208127161
1792	0.21712065
1793	-0.176931844
1794	-0.448659507
1795	-0.461711438
1796	0.104577085
1797	-0.206774382
1798	-0.149102596
1799	0.22848364
1800	0.306765268
1801	0.061445809
1802	-0.03614761
1803	-0.36685966
1804	-0.150320129
1805	0.111473083
1806	-0.153817218
1807	-0.06161718
1808	0.050293218
1809	0.225850592
1810	-0.131545301
1811	0.149537554
1812	0.90356525
1813	-0.111239402
1814	-0.355538545
1815	-0.059402221
1816	-0.112402058
1817	-0.499236068
1818	-0.310497777
1819	-0.679257179
1820	0.015106129
1821	-0.050402081
1822	-0.263093774
1823	-0.010382821
1824	0.043783098
1825	0.412410783
1826	-0.074148325
1827	-0.202900594
1828	-0.238410875
1829	-0.07665726
1830	0.301869262
1831	0.108615888
1832	0.990639626
1833	0.16202642
1834	-0.40897792
1835	-0.011009878
1836	0.207198147
1837	0.20921045
1838	0.061804382
1839	-0.163920845
1840	-0.073678747
1841	0.383422714
1842	-0.047183675
1843	0.079745539
1844	0.097027462
1845	0.383495051
1846	-0.021349217
1847	-0.19610955
1848	-0.272893582
1849	0.122608724
1850	-0.39517572
1851	-0.38765098
1852	-0.112484324
1853	-0.031107522
1854	0.081290207
1855	-0.158630859
1856	-0.440978046
1857	0.32184799
1858	-0.253192017
1859	-0.03150228
1860	0.000785334
1861	-0.3454496
1862	-0.052506072
1863	-0.001786618
1864	-0.166498209
1865	0.098157214
1866	-0.020198009
1867	-0.11297954
1868	-0.001604275
1869	-0.283740437
1870	0.202634421
1871	-0.126343066
1872	-0.268467552
1873	-0.279321867
1874	0.137845471
1875	-0.133525116
1876	-0.084108962
1877	0.090305427
1878	-0.463656197
1879	0.120499255
1880	-0.382404438
1881	-0.017561016
1882	0.232289516
1883	-0.441414584
1884	0.362214146
1885	-0.16443395
1886	0.481378768
1887	0.352922355
1888	0.627993049
1889	-0.026681237
1890	-0.190706339
1891	0.093759542
1892	0.082811565
1893	-0.249268334
1894	0.133213672
1895	0.254626458
1896	-0.240790664
1897	0.18820729
1898	-0.033813733
1899	0.053581901
1900	0.15823954
1901	0.03807101
1902	-0.309947301
1903	0.349875776
1904	-0.036588343
1905	-0.094900335
1906	-0.318528173
1907	-0.158531676
1908	-0.397644503
1909	-0.23291088
1910	0.351920745
1911	0.153989936
1912	0.006336801
1913	-0.663914842
1914	-0.079020524
1915	-0.143196426
1916	0.021062405
1917	-0.046109189
1918	0.30901346
1919	-0.363037299
1920	0.150750766
1921	-0.126206823
1922	-0.242006787
1923	-0.038381363
1924	0.353460786
1925	-0.463052868
1926	-0.271530737
1927	-0.146266458
1928	0.096545995
1929	-0.030753047
1930	0.210906037
1931	-0.034772418
1932	0.064846976
1933	0.329514763
1934	0.043579682
1935	-0.56548318
1936	0.155671715
1937	0.238740202
1938	0.250257803
1939	0.028354512
1940	0.175813778
1941	-0.036690499
1942	0.090123992
1943	0.256405738
1944	0.329635137
1945	-0.307159393
1946	0.045440817
1947	-0.155505346
1948	0.067958551
1949	0.299974879
1950	-0.23491413
1951	-0.259039663
1952	-0.402549059
1953	-0.105618972
1954	-0.298235869
1955	-0.14633427
1956	0.263853664
1957	0.09458635
1958	-0.22161313
1959	0.125304838
1960	0.161503053
1961	-0.020911009
1962	-0.236561722
1963	0.440132594
1964	0.007611468
1965	-0.12007948
1966	0.042797041
1967	0.592202211
1968	0.418419017
1969	-0.598112635
1970	-0.423312587
1971	0.119150341
1972	0.06896845
1973	0.962671035
1974	-0.395320376
1975	0.215929664
1976	-0.068828119
1977	-0.293167978
1978	0.139925411
1979	0.089482715
1980	-0.115587344
1981	-0.203451204
1982	-0.443243068
1983	-0.312587059
1984	0.035397365
1985	-0.310565434
1986	-0.260058133
1987	1.037959502
1988	-0.475974835
1989	-0.057396462
1990	-0.276912729
1991	-0.146017442
1992	-0.029221581
1993	-0.346773784
1994	-0.10521878
1995	-0.128416874
1996	0.105855283
1997	-0.1173286
1998	-0.397039477
1999	0.058000944
2000	0.191361678
2001	0.099234902
2002	0.247149058
2003	0.39301762
2004	-0.150085042
2005	-0.076793098
2006	0.204338906
2007	0.268901734
2008	-0.549473208
2009	0.425627744
2010	0.342302749
2011	-0.175828113
2012	0.061497055
2013	0.018038066
2014	-0.14680828
2015	-0.112380665
2016	-0.278460424
2017	0.189743129
2018	0.26638474
2019	-0.167624448
2020	-0.141604378
2021	-0.34912419
2022	0.274336306
2023	0.67927894
2024	-0.094267052
2025	0.436327983
2026	0.116406686
2027	-0.01601052
2028	-0.496791896
2029	0.373255027
2030	-0.199902154
2031	-0.11897161
2032	-0.068993393
2033	0.223122855
2034	0.258628627
2035	-0.143471443
2036	0.227064258
2037	0.018523244
2038	-0.04800652
2039	0.045970487
2040	-0.026913349
2041	-0.181073381
2042	0.890662878
2043	0.128615367
2044	-0.072729371
2045	-0.134816735
2046	0.237315775
2047	0.373286426
2048	-0.045452676
2049	0.419579221
2050	-0.809963998
2051	0.025585582
2052	-0.174005657
2053	-0.50867461
2054	-0.343030008
2055	0.449464871
2056	-0.093491619
2057	-0.512803382
2058	0.1008662
2059	-0.028395149
2060	-0.010737611
2061	1.940874395
2062	-0.187506603
2063	-0.463044204
2064	0.921693834
2065	-0.35516587
2066	-0.043813312
2067	-0.481088308
2068	-0.197735257
2069	-0.441181853
2070	0.304983486
2071	0.149281925
2072	-0.205729042
2073	0.326284868
2074	-0.338756416
2075	-0.231543118
2076	-0.417926534
2077	0.058828095
2078	-0.174306637
2079	0.086847139
2080	-0.276678964
2081	-0.254411558
2082	-0.497292716
2083	0.04926951
2084	-0.053573168
2085	0.663167898
2086	-0.295372867
2087	-0.337697804
2088	0.383143531
2089	0.155522885
2090	0.099846997
2091	-0.449161353
2092	-0.17693282
2093	-0.402088592
2094	-0.265885457
2095	0.305237136
2096	0.289470654
2097	0.133537281
2098	-0.108804447
2099	0.239734467
2100	0.002805314
2101	0.200767735
2102	0.277366583
2103	0.402686298
2104	0.078190125
2105	-0.098759152
2106	0.229946287
2107	0.084764868
2108	0.266794715
2109	-0.328349258
2110	0.323852131
2111	-0.411337553
2112	-0.38067906
2113	-0.472253423
2114	0.152359934
2115	-0.455915534
2116	-0.255835104
2117	0.106778772
2118	0.037329563
2119	-0.27401533
2120	0.396936625
2121	-0.292267649
2122	0.20105664
2123	-0.178562794
2124	-0.023612543
2125	-0.174692848
2126	0.275643109
2127	0.116590251
2128	-0.145011093
2129	-0.351870807
2130	-0.279836303
2131	-0.341998899
2132	-0.051813145
2133	0.126230907
2134	-0.308304831
2135	-0.178723998
2136	-0.476055988
2137	-0.186926965
2138	0.320165044
2139	-0.068066483
2140	-0.247201801
2141	0.297355314
2142	-0.003470914
2143	-0.471920549
2144	0.115019022
2145	-0.573012245
2146	0.108041389
2147	-0.667901598
2148	0.329935476
2149	-0.241900407
2150	-0.172971786
2151	-0.175064273
2152	0.155521949
2153	-0.21220948
2154	0.271552126
2155	-0.096360875
2156	-0.049525003
2157	0.140453564
2158	0.050794779
2159	-0.564206172
2160	-0.251545381
2161	-0.182793689
2162	-0.564959946
2163	-0.512741714
2164	-0.040603423
2165	0.133533923
2166	-0.055729622
2167	0.106600253
2168	0.415261808
2169	-0.059215999
2170	0.014301316
2171	-0.189525335
2172	-0.251489114
2173	-0.392077196
2174	-0.139305479
2175	-0.357093065
2176	0.100904848
2177	-0.031094107
2178	-0.088920969
2179	0.44166517
2180	-0.177358185
2181	0.121147256
2182	-0.346141672
2183	0.048832416
2184	-0.399509036
2185	-0.039862826
2186	-0.503444429
2187	0.043147581
2188	0.058699457
2189	0.043718636
2190	-0.090480017
2191	0.213321779
2192	-0.061166671
2193	-0.161776639
2194	-0.355336147
2195	-0.331179616
2196	-0.483428033
2197	-0.118071343
2198	0.070862253
2199	-0.2947907
2200	-0.74442052
2201	-0.110333939
2202	0.549912106
2203	-0.090871681
2204	0.105697403
2205	-0.006895645
2206	0.133649157
2207	-0.164959847
2208	-0.172013806
2209	0.243905384
2210	-0.043339348
2211	0.492014869
2212	-0.3900816
2213	-0.177688943
2214	-0.176970741
2215	-0.175475897
2216	-0.129038191
2217	0.293515323
2218	0.145202242
2219	-0.170940814
2220	0.194306017
2221	0.038159691
2222	0.047028264
2223	-0.221746496
2224	-0.059524074
2225	0.030422486
2226	-0.204841905
2227	0.049385398
2228	0.083394061
2229	-0.393449755
2230	-0.031200712
2231	0.068689036
2232	0.007221707
2233	-0.276600483
2234	-0.024839909
2235	-0.330558468
2236	0.046541732
2237	0.134925829
2238	-0.033879071
2239	-0.217762004
2240	0.031555316
2241	-0.284620247
2242	0.105341627
2243	-0.003277901
2244	-0.67689951
2245	-0.088482388
2246	-0.11968073
2247	-0.306350845
2248	-0.455573433
2249	0.071020845
2250	-0.091021947
2251	-0.032427195
2252	0.147076268
2253	-0.013127731
2254	-0.435968812
2255	0.256618724
2256	-0.093513305
2257	-0.184254945
2258	0.047501122
2259	0.296356358
2260	0.219241252
2261	-0.184414178
2262	-0.152209444
2263	-0.577183616
2264	-0.246936198
2265	0.299515943
2266	-0.655195018
2267	-0.32769879
2268	-0.263051539
2269	-0.204306797
2270	-0.211592599
2271	-0.142893515
2272	-0.04782768
2273	0.661651244
2274	-0.329337499
2275	-0.422946413
2276	0.16432705
2277	0.370932539
2278	0.213347077
2279	-0.063982118
2280	-0.150686891
2281	-0.197380931
2282	0.037661483
2283	0.454402394
2284	-0.327573195
2285	-0.410931652
2286	-0.047845487
2287	0.892972692
2288	0.168841004
2289	-0.033760636
2290	0.25432427
2291	-0.183030819
2292	-0.186440097
2293	0.4249329
2294	-0.171515414
2295	-0.040603401
2296	-0.189164826
2297	-0.339102256
2298	-0.402522205
2299	-0.296237367
2300	-0.698659968
2301	0.010006153
2302	-0.383499532
2303	0.330017709
2304	-0.489414583
2305	-0.291018633
2306	-0.085238412
2307	-0.312306979
2308	0.071049989
2309	-0.292971181
2310	-0.429147638
2311	-0.136761125
2312	-0.480675175
2313	-0.278322504
2314	0.351469822
2315	-0.308241851
2316	-0.278977295
2317	-0.36488457
2318	0.026104706
2319	-0.021753686
2320	0.020894639
2321	-0.101703541
2322	-0.403918821
2323	-0.258040435
2324	-0.661142915
2325	0.16214678
2326	-0.340956543
2327	0.00772739
2328	0.179987775
2329	-0.387859088
2330	0.048807954
2331	0.431419809
2332	-0.115785644
2333	-0.091431755
2334	-0.023676659
2335	-0.222275488
2336	-0.440971817
2337	0.126148929
2338	0.096865708
2339	-0.182825489
2340	-0.665179114
2341	-0.218527765
2342	-0.300862636
2343	0.193987886
2344	-0.36493943
2345	-0.27532336
2346	-0.503063749
2347	-0.166626477
2348	-0.052448673
2349	-0.341297992
2350	-0.364999697
2351	-0.051970623
2352	-0.052197982
2353	-0.262490643
2354	-0.133937921
2355	0.051740639
2356	-0.379058721
2357	-0.107422765
2358	0.286943676
2359	0.100418417
2360	-0.131937428
2361	-0.225319401
2362	-0.222781394
2363	0.851497786
2364	-0.245470415
2365	0.061204159
2366	-0.28841461
2367	-0.448807789
2368	0.798938392
2369	-0.458956224
2370	0.002558483
2371	-0.48538405
2372	0.009782601
2373	0.382830488
2374	0.287239706
2375	-0.49036118
2376	-0.366243528
2377	-0.24371571
2378	-0.308378829
2379	0.136711798
2380	0.26627643
2381	-0.233391455
2382	0.008679657
2383	-0.409187718
2384	-0.552325826
2385	-0.166645705
2386	-0.379584957
2387	-0.583175885
2388	0.868373171
2389	0.053269615
2390	0.2008097
2391	-0.040729058
2392	0.051173569
2393	-0.309075907
2394	-0.158790909
2395	-0.286253984
2396	-0.100079492
2397	-0.012963716
2398	0.214241648
2399	0.259296861
2400	-0.108625263
2401	0.085058465
2402	-0.420875327
2403	-0.332180107
2404	-0.224766023
2405	-0.43490429
2406	-0.422905734
2407	-0.080176866
2408	0.023841803
2409	0.459317146
2410	-0.214685913
2411	0.13955299
2412	0.046721417
2413	0.117016786
2414	0.101307831
2415	-0.143093686
2416	-0.114255552
2417	-0.20763302
2418	0.151523105
2419	-0.155529323
2420	0.022426942
2421	-0.384552896
2422	-0.226205912
2423	-0.197324483
2424	-0.506260545
2425	-0.287570771
2426	0.445379106
2427	-0.274414993
2428	0.008993851
2429	-0.031689208
2430	-0.347622912
2431	-0.027542096
2432	-0.361003183
2433	-0.128057384
2434	-0.110079021
2435	0.120877245
2436	0.054341326
2437	0.38091799
2438	-0.359312164
2439	-0.204770441
2440	0.142688072
2441	-0.201596418
2442	-0.542568631
2443	-0.228093342
2444	-0.10080806
2445	-0.470952929
2446	-0.271746393
2447	-0.376375299
2448	-0.497042636
2449	-0.539805245
2450	0.043937208
2451	-0.244626837
2452	-0.692908414
2453	0.059582898
2454	-0.068052233
2455	-0.354772085
2456	-0.036196141
2457	-0.416442186
2458	-0.357967489
2459	-0.589832217
2460	0.467161171
2461	-0.01632267
2462	-0.249527495
2463	-0.256364338
2464	0.027267691
2465	-0.072386217
2466	-0.132608783
2467	-0.375408366
2468	-0.039954923
2469	0.097727563
2470	-0.300780423
2471	0.412076058
2472	-0.415967929
2473	0.058400901
2474	0.007680285
2475	-0.362037416
2476	-0.14701368
2477	0.552579517
2478	-0.202334034
2479	-0.105550092
2480	-0.347521006
2481	-0.25399031
2482	-0.201796502
2483	0.118857913
2484	-0.296606513
2485	-0.166510843
2486	-0.322591343
2487	-0.015421849
2488	-0.494531013
2489	-0.193266205
2490	-0.046068744
2491	0.037565715
2492	-0.173520239
2493	-0.337526532
2494	0.015107131
2495	-0.023479882
2496	-0.151285043
2497	-0.398788287
2498	0.450022877
2499	0.112812998
2500	-0.630038729
2501	-0.572582571
2502	-0.269778696
2503	0.046127791
2504	-0.400586754
2505	0.029209199
2506	-0.501846227
2507	-0.044095336
2508	0.672521783
2509	0.214040426
2510	-0.196429961
2511	-0.259179123
2512	-0.283217345
2513	0.026585984
2514	0.059851592
2515	-0.295406265
2516	-0.116161793
2517	0.226729696
2518	-0.316301778
2519	-0.38290754
2520	-0.358895121
2521	0.083408709
2522	-0.481652005
2523	-0.872843381
2524	-0.175700858
2525	-0.244851212
2526	-0.579211435
2527	-0.154130523
2528	-0.398073499
2529	-0.121692031
2530	0.191285329
2531	-0.308929333
2532	0.056450875
2533	-0.130199404
2534	-0.547210764
2535	-0.051721825
2536	-0.415509475
2537	-0.208457752
2538	0.388082376
2539	-0.416649323
2540	-0.348847424
2541	0.189291468
2542	0.182462115
2543	-0.210646537
2544	-0.247750693
2545	-0.431258016
2546	0.184074339
2547	-0.317711463
2548	-0.118775703
2549	0.055045592
2550	-0.344469318
2551	-0.479264509
2552	-0.088097957
2553	-0.298493324
2554	-0.300655161
2555	-0.009109833
2556	-0.352271236
2557	-0.316251383
2558	-0.394494189
2559	-0.153749054
2560	-0.130271211
2561	-0.042925347
2562	-0.225956405
2563	0.242566663
2564	-0.207281195
2565	-0.256091438
2566	-0.332375999
2567	-0.475092382
2568	0.194552065
2569	-0.319229626
2570	-0.311023547
2571	0.096097889
2572	-0.092561618
2573	-0.250046783
2574	-0.147866431
2575	0.193571766
2576	-0.31633193
2577	-0.375202793
2578	-0.329090121
2579	-0.217102781
2580	-0.59255708
2581	-0.39488738
2582	-0.110043127
2583	-0.180399651
2584	-0.284905267
2585	-0.445370022
2586	-0.376724097
2587	0.026648854
2588	-0.126486041
2589	-0.26755559
2590	0.046332306
2591	-0.0696509
2592	-0.39239594
2593	-0.167861596
2594	-0.200116668
2595	-0.457082721
2596	-0.194546869
2597	-0.272957749
2598	0.075068518
2599	-0.254237248
2600	-0.019181065
2601	-0.155370788
2602	0.009736011
2603	-0.23948418
2604	-0.090359936
2605	-0.154460295
2606	0.214741601
2607	-0.038619182
2608	-0.057017916
2609	-0.395240923
2610	0.293909975
2611	-0.221608133
2612	0.144928206
2613	0.18613676
2614	-0.182965958
2615	-0.123309406
2616	-0.292004878
2617	-0.224210741
2618	-0.137005846
2619	-0.157189068
2620	-0.357539886
2621	-0.127576814
2622	-0.170808646
2623	0.110125026
2624	-0.153486653
2625	-0.350325897
2626	-0.296762273
2627	-0.239614907
2628	-0.279293186
2629	-0.276086617
2630	-0.132390807
2631	-0.507731399
2632	0.057866002
2633	-0.342329246
2634	0.144053832
2635	0.285231209
2636	-0.643229532
2637	-0.149940275
2638	-0.598962458
2639	-0.110079765
2640	-0.387342518
2641	-0.595873492
2642	-0.049196928
2643	-0.213217234
2644	-0.610005454
2645	-0.372516549
2646	-0.056174933
2647	-0.001246268
2648	-0.098678401
2649	-0.550352481
2650	-0.42993883
2651	-0.192355569
2652	0.224005266
2653	-0.526875077
2654	-0.325147396
2655	-0.274530604
2656	-0.643765877
2657	-0.098226144
2658	-0.100430423
2659	0.078778082
2660	0.133663576
2661	-0.1888404
2662	0.327741758
2663	-0.446072281
2664	0.294680671
2665	-0.611360035
2666	-0.071159
2667	-0.558579349
2668	0.299572298
2669	-0.45847539
2670	-0.133991492
2671	0.032268558
2672	0.092561776
2673	-0.340540971
2674	0.181421583
2675	-0.541829388
2676	-0.230895962
2677	-0.415830528
2678	0.099961959
2679	0.627079784
2680	0.091234587
2681	-0.121695438
2682	-0.660885908
2683	-0.805734251
2684	-0.079134087
2685	-0.426504487
2686	-0.107907434
2687	-0.10067018
2688	0.264843617
2689	-0.042637376
2690	0.139676555
2691	-0.033901375
2692	-0.073983688
2693	0.025188874
2694	-0.2859022
2695	-0.189477904
2696	-0.209004582
2697	-0.173674126
2698	-0.141354257
2699	-0.061735831
2700	0.139967646
2701	-0.400725733
2702	-0.174253739
2703	-0.34690832
2704	0.023019187
2705	-0.398857165
2706	-0.312928461
2707	-0.363912355
2708	-0.146364666
2709	0.058032949
2710	-0.323575945
2711	-0.172300384
2712	-0.142393613
2713	-0.213101891
2714	-0.085953203
2715	-0.36789396
2716	0.234869045
2717	-0.206662077
2718	-0.26766083
2719	-0.313357585
2720	-0.060264335
2721	0.050793035
2722	-0.08235092
2723	-0.195775317
2724	-0.449985164
2725	-0.586205947
2726	0.181690338
2727	0.011829733
2728	-0.218543879
2729	-0.546102279
2730	-0.052202612
2731	-0.10892012
2732	0.172982828
2733	-0.387921394
2734	-0.239004019
2735	-0.374257224
2736	0.079504124
2737	-0.082687205
2738	0.066925114
2739	0.289238264
2740	0.303282524
2741	-0.409828229
2742	0.13887432
2743	-0.483046803
2744	-0.084093619
2745	-0.305405073
2746	-0.346390975
2747	-0.172195189
2748	0.375912265
2749	-0.310966803
2750	0.026313978
2751	-0.459675905
2752	-0.16182232
2753	-0.300806444
2754	-0.023305586
2755	-0.078647968
2756	-0.106885365
2757	-0.269130647
2758	-0.008005749
2759	-0.211097618
2760	-0.215328521
2761	-0.391129505
2762	-0.509574355
2763	-0.395426134
2764	-0.408618407
2765	0.069470089
2766	-0.189261188
2767	-0.140042561
2768	-0.582441443
2769	-0.21862643
2770	-0.855109745
2771	0.225124985
2772	-0.005080983
2773	-0.532441198
2774	-0.125202632
2775	-0.169827641
2776	0.144283213
2777	-0.320557457
2778	-0.222861515
2779	-0.166147254
2780	0.078193365
2781	-0.230945623
2782	-0.442268706
2783	0.360545785
2784	-0.417344169
2785	-0.355823998
2786	-0.001326427
2787	-0.453465253
2788	-0.118219559
2789	-0.12760186
2790	0.132721816
2791	-0.265331947
2792	-0.118135477
2793	-0.488209651
2794	-0.051491177
2795	0.027870288
2796	0.052851397
2797	-0.167888026
2798	-0.510740714
2799	-0.109208779
2800	0.016789162
2801	-0.367075698
2802	0.203442813
2803	0.355407568
2804	-0.597222608
2805	0.166053404
2806	0.037328915
2807	-0.446927747
2808	0.007832536
2809	-0.03945261
2810	0.325402262
2811	0.177304763
2812	-0.293377533
2813	-0.090362314
2814	-0.043184983
2815	-0.248302663
2816	0.159206627
2817	-0.309002704
2818	0.443539589
2819	0.146360904
2820	-0.21648613
2821	-0.149214038
2822	-0.149261799
2823	-0.216462425
2824	-0.154873922
2825	0.229769095
2826	0.131053031
2827	-0.031679883
2828	-0.422125507
2829	-0.283821239
2830	-0.234900838
2831	-0.538966906
2832	-0.143492528
2833	-0.177838364
2834	-0.150178602
2835	-0.426625219
2836	-0.272120564
2837	-0.254225486
2838	-0.479197426
2839	-0.286890968
2840	0.011705017
2841	-0.248327337
2842	-0.252780199
2843	-0.238518212
2844	-0.297209789
2845	0.052062929
2846	-0.004563466
2847	-0.178090709
2848	-0.140370243
2849	-0.332815268
2850	0.18595038
2851	0.220769951
2852	-0.078390523
2853	-0.309728561
2854	-0.401836624
2855	-0.002776446
2856	-0.160064389
2857	-0.390239636
2858	0.080356161
2859	-0.495675283
2860	-0.019334697
2861	0.205010885
2862	-0.348595898
2863	-0.384088535
2864	0.189663709
2865	-0.077410882
2866	0.268304682
2867	-0.31442946
2868	-0.591787793
2869	-0.307734997
2870	-0.286171979
2871	0.516572074
2872	-0.026032793
2873	-0.438851894
2874	-0.432706291
2875	0.536706535
2876	-0.173878835
2877	-0.214774581
2878	-0.56760749
2879	-0.430820402
2880	0.068124045
2881	-0.393772375
2882	-0.124602096
2883	-0.767334116
2884	0.241938869
2885	-0.232655143
2886	-0.453202663
2887	-1.255916381
2888	0.153902114
2889	-0.098520338
2890	-0.022056786
2891	-0.129628528
2892	-0.3304969
2893	0.340407126
2894	-1.369019771
2895	-2.62581748
2896	-3.007352481
2897	-3.497158886
2898	-0.165651982
2899	-1.993988507
2900	-1.23898501
2901	-0.146944565
2902	-1.367789399
2903	-0.878340279
2904	-0.594012687
2905	-2.094196991
2906	-3.816787502
2907	-3.948002348
2908	-3.797133941
2909	-3.093553884
2910	-4.00113557
2911	-3.028206915
2912	-3.000481267
2913	-0.006244109
2914	-4.4973134
2915	-3.668858914
2916	-2.501571095
2917	0.68861762
2918	-1.278277884
2919	-2.203313582
2920	-1.527069397
2921	0.027367974
2922	-3.092993844
2923	-2.68184245
2924	0.094600891
2925	-0.101332339
2926	-0.405795748
2927	-2.124733042
2928	-0.449396535
2929	-0.108434105
2930	-0.426342851
2931	-0.275562014
2932	-0.223753706
2933	0.107031489
2934	-0.666852711
2935	-0.346560476
2936	-0.238174584
2937	-0.614256872
2938	-0.438862801
2939	-0.357770587
2940	0.197064493
2941	0.220250692
2942	-0.695287819
2943	0.111999518
2944	0.157670803
2945	-0.307218202
2946	-0.280359622
2947	-0.156713059
2948	-0.309109422
2949	-0.203138148
2950	-0.211593233
2951	-0.13710296
2952	-0.425856061
2953	0.26484983
2954	0.365315747
2955	0.163121739
2956	-0.167295212
2957	-0.431019857
2958	-0.178390055
2959	-0.220339134
2960	-0.299063805
2961	-0.11960551
2962	-0.099940931
2963	-0.07354221
2964	-0.409292681
2965	-0.375780094
2966	0.108902632
2967	-0.240695542
2968	0.292221558
2969	-0.015301759
2970	-0.163307608
2971	-0.086723518
2972	-0.360592742
2973	0.050025669
2974	-0.170937711
2975	0.056225767
2976	-0.474482707
2977	0.045142815
2978	-0.239862989
2979	-0.569324081
2980	0.028932883
2981	-0.099303313
2982	-0.38390886
2983	-0.374943942
2984	-0.299910007
2985	-0.399883681
2986	-0.412282775
2987	0.080202458
2988	-0.423618484
2989	-0.448471289
2990	0.004764822
2991	-0.039540138
2992	-0.146000114
2993	-0.382953477
2994	0.007310648
2995	-0.132746664
2996	-0.371283818
2997	0.100459137
2998	0.189962237
2999	0.01923519
3000	-0.32154102
3001	0.033642624
3002	-0.329577816
3003	-0.281701038
3004	-0.390649221
3005	-0.269973935
3006	-0.01155223
3007	-0.341069951
3008	-0.480917749
3009	0.293023124
3010	-0.005242279
3011	0.167800516
3012	-0.461641084
3013	-0.252006444
3014	-0.484355828
3015	-0.378803389
3016	-0.098624505
3017	0.087288416
3018	0.829067455
3019	-0.544574891
3020	-0.654293375
3021	-0.666701226
3022	-0.621833893
3023	-0.530974798
3024	-0.668889622
3025	-0.297256156
3026	-0.012421745
3027	-0.071707893
3028	-0.801279064
3029	-0.156003169
3030	-0.24522836
3031	0.083998264
3032	-0.068952357
3033	-0.507410885
3034	-0.156281724
3035	-0.666861548
3036	-0.209757209
3037	0.247440511
3038	0.293512899
3039	-0.441481222
3040	-0.237570565
3041	-0.214051533
3042	-0.342800736
3043	-0.237353822
3044	-0.502646331
3045	-0.21014089
3046	-0.08074726
3047	-0.264855597
3048	-0.020119979
3049	-0.160667452
3050	-0.470402664
3051	-0.460780232
3052	-0.145480387
3053	-0.466357265
3054	-0.33341492
3055	-0.281101185
3056	-0.480181774
3057	0.004212256
3058	-0.194598254
3059	-0.24515418
3060	-0.316873531
3061	-0.430106399
3062	-0.1135378
3063	-0.167377168
3064	-0.866350523
3065	-0.21075501
3066	-0.278859773
3067	-0.777697587
3068	-0.072177055
3069	-0.192895031
3070	-0.539843806
3071	-0.298640262
3072	0.157027699
3073	-0.634604765
3074	-0.042373427
3075	-0.4761561
3076	-0.443088545
3077	-0.608624102
3078	-0.680184675
3079	0.28360019
3080	-0.152550555
3081	0.053808766
3082	-0.096854084
3083	-0.560776516
3084	-0.226110029
3085	-0.078409884
3086	-0.248542427
3087	-0.428868682
3088	-0.264287364
3089	-0.470602297
3090	0.072159295
3091	-0.188222062
3092	-0.548953026
3093	-0.404559162
3094	-0.281514081
3095	-0.64444383
3096	0.189010049
3097	0.085489617
3098	-0.291315035
3099	0.090299166
3100	-0.406370263
3101	0.147343795
3102	-0.31986839
3103	-0.304063678
3104	-0.509430808
3105	-0.106155856
3106	-0.096712472
3107	-0.2943376
3108	-0.086374419
3109	-0.059434465
3110	0.133992605
3111	-0.639893381
3112	-0.386721035
3113	-0.329512081
3114	0.085106509
3115	-0.085475694
3116	-0.134929823
3117	-0.424104915
3118	-0.062961584
3119	-0.161637234
3120	-0.472870219
3121	0.125157823
3122	-0.07291781
3123	-0.177510038
3124	-0.5114386
3125	-0.357999297
3126	-0.673199463
3127	-0.300465266
3128	-0.493114125
3129	0.108165936
3130	-0.01446834
3131	-0.157796382
3132	-0.433331029
3133	-0.393417335
3134	-0.389352682
3135	-0.177710981
3136	-0.449064994
3137	-0.490461439
3138	0.053608377
3139	-0.161080858
3140	-0.491468796
3141	-0.450988752
3142	-0.255758861
3143	-0.782470215
3144	0.183613709
3145	-0.310000161
3146	0.193807024
3147	-0.064392034
3148	-0.631605576
3149	-0.595245686
3150	-0.324778259
3151	-0.034434612
3152	-0.543417702
3153	0.21510912
3154	-0.105463185
3155	-0.217807277
3156	-0.435208698
3157	-0.180176651
3158	-0.323510963
3159	0.163481018
3160	-0.337529856
3161	-0.452986291
3162	-0.229134775
3163	-0.426859842
3164	-0.471584928
3165	-0.380471491
3166	-0.400705501
3167	-0.149649859
3168	-0.35066955
3169	-0.237346052
3170	0.141431585
3171	-0.554252566
3172	-0.119703866
3173	-0.149234543
3174	-0.204670625
3175	-0.099671618
3176	-0.104372694
3177	-0.442246769
3178	-0.267388384
3179	-0.176135779
3180	0.348397755
3181	-0.198204309
3182	-0.218821335
3183	-0.020639115
3184	-0.553058884
3185	-0.027828762
3186	-0.218059645
3187	-0.61268043
3188	-0.685285946
3189	-0.675082055
3190	-0.560779592
3191	-0.104549399
3192	-0.112422381
3193	-0.332301408
3194	-0.536760704
3195	-0.379637743
3196	-0.064475526
3197	-0.188666655
3198	-0.541358015
3199	0.1043805
3200	-0.315274682
3201	0.000756165
3202	-0.095700593
3203	-0.348213743
3204	-0.22246907
3205	-0.177717278
3206	-0.565932723
3207	-0.348343189
3208	0.195304825
3209	-0.068708438
3210	-0.176765512
3211	0.019803868
3212	-0.44692652
3213	-0.224709432
3214	-0.151764198
3215	0.154859927
3216	-0.266898487
3217	0.104005265
3218	-0.416504209
3219	-0.25482858
3220	-0.612039166
3221	-0.355749349
3222	-0.091757653
3223	-0.188075241
3224	-0.915750649
3225	-0.239381666
3226	0.111836923
3227	0.05702355
3228	-0.209635303
3229	-0.255366364
3230	-0.323154504
3231	-0.124898316
3232	-0.410804113
3233	-0.490057784
3234	-0.479387924
3235	-0.333611922
3236	-0.134488121
3237	-0.366995206
3238	-0.088087029
3239	0.059264514
3240	-0.608807458
3241	-0.234111476
3242	-0.428956599
3243	-0.26638793
3244	-0.276298607
3245	-0.213965777
3246	-0.600063332
3247	-0.437632037
3248	-0.273344383
3249	-0.48413836
3250	-0.157679527
3251	-0.310124333
3252	-0.05850775
3253	0.036608348
3254	-0.19819209
3255	-0.450657862
3256	0.362918623
3257	-0.5645399
3258	0.163884233
3259	-0.310246315
3260	-0.20875315
3261	-0.359481563
3262	-0.071866484
3263	-0.638419723
3264	-0.458224892
3265	-0.358491025
3266	-0.086638738
3267	-0.221318127
3268	-0.632090657
3269	-0.635058691
3270	0.131963828
3271	0.13970543
3272	-0.571060703
3273	-0.665920465
3274	-0.473076373
3275	-0.248941982
3276	-0.25065518
3277	-0.577348155
3278	-0.499081949
3279	-0.743181333
3280	-0.500817961
3281	-0.176999671
3282	-0.629983465
3283	-0.251993132
3284	-0.319634355
3285	-0.07971117
3286	0.364351383
3287	0.035762763
3288	-0.513574285
3289	0.051975141
3290	-0.505813268
3291	-0.442768354
3292	-0.472656981
3293	-0.282739846
3294	-0.279605473
3295	-0.267763415
3296	-0.121788143
3297	-0.042482015
3298	-0.485664238
3299	-0.208112286
3300	-0.357777991
3301	-0.371463677
3302	-0.337744209
3303	-0.33865913
3304	-0.48361942
3305	-0.21063512
3306	-0.313557894
3307	-0.163822195
3308	-0.621250697
3309	-0.811005801
3310	-0.230219157
3311	-0.159965218
3312	-0.504566546
3313	0.033068115
3314	-0.257909336
3315	-0.436179658
3316	-0.194559572
3317	-0.424109359
3318	-0.457156194
3319	-0.044857231
3320	-0.395107086
3321	-0.63176535
3322	-0.37961422
3323	-0.58601725
3324	-0.446671266
3325	-0.338029184
3326	-0.379871228
3327	-0.457869647
3328	-0.438022727
3329	-0.196471739
3330	-0.369613926
3331	-0.537269855
3332	-0.250779692
3333	-0.05414495
3334	0.246834056
3335	-0.644145985
3336	0.057569387
3337	-0.020968598
3338	-0.512877765
3339	0.069534204
3340	0.441529161
3341	-0.496741956
3342	-0.221341458
3343	-0.238695753
3344	-0.043796309
3345	-0.103601949
3346	0.021237779
3347	-0.465099953
3348	-0.01243163
3349	0.20119429
3350	-0.559969986
3351	-0.258048692
3352	-0.076049133
3353	-0.544255527
3354	-0.289266604
3355	-0.264038718
3356	-0.418942559
3357	-0.407120304
3358	-0.520606551
3359	-0.231543153
3360	0.053123293
3361	0.102121181
3362	-0.092231629
3363	-0.477276009
3364	0.03603947
3365	-0.626324064
3366	-0.017792768
3367	-0.184689113
3368	-0.329823733
3369	-0.33161123
3370	-0.439581943
3371	-0.326270505
3372	-0.244258955
3373	-0.44798005
3374	-0.066206419
3375	-0.556411588
3376	-0.428275071
3377	-0.215711682
3378	-0.273397546
3379	-0.407106476
3380	-0.568485603
3381	-0.873994081
3382	-0.388297533
3383	-0.345132243
3384	-0.755983524
3385	-0.845937329
3386	-0.043299806
3387	-0.46338937
3388	-0.083640627
3389	-0.384257395
3390	-0.671041016
3391	0.003871069
3392	-0.269611924
3393	-0.024907549
3394	-0.322883662
3395	-0.40600425
3396	-0.279872499
3397	-0.753378017
3398	-0.40090053
3399	-0.0660251
3400	-0.215883076
3401	-0.206951971
3402	-0.208113956
3403	-0.00293516
3404	-0.535525185
3405	-0.455391621
3406	-0.50230175
3407	-0.736517244
3408	-0.32477898
3409	-0.284513877
3410	-0.009586647
3411	-0.684181081
3412	-0.68368623
3413	-0.775543874
3414	-0.576753316
3415	-0.38030061
3416	-0.504111659
3417	-0.461529272
3418	-0.323255466
3419	-0.428354556
3420	0.069823344
3421	-0.493168475
3422	-0.312352266
3423	0.014012413
3424	-0.578809582
3425	-0.765076581
3426	-0.329956786
3427	-0.096809309
3428	-0.455093574
3429	-0.670197653
3430	-0.673458183
3431	-0.603142404
3432	0.352281847
3433	-0.736453988
3434	-0.433636299
3435	-0.491385584
3436	-0.404510365
3437	-0.641241909
3438	-0.62559172
3439	-0.567587477
3440	-0.49148908
3441	-0.552964668
3442	-0.229680886
3443	-0.624834314
3444	-0.396582534
3445	-0.358851555
3446	-0.989711468
3447	-0.753093772
3448	-0.226716325
3449	-0.547027022
3450	-0.438745217
3451	-0.524268155
3452	-0.467019399
3453	-0.293903729
3454	-0.328163448
3455	-0.057607224
3456	-0.339917409
3457	-0.320428248
3458	-0.179561967
3459	-0.403329229
3460	-0.918337024
3461	-0.227721766
3462	-0.337788156
3463	-0.214806975
3464	-0.386193339
3465	-0.465728697
3466	-0.180056681
3467	-0.605613884
3468	-0.390111387
3469	-0.60914676
3470	-0.271377383
3471	-0.663630806
3472	-0.370099967
3473	-0.780953507
3474	-0.303657859
3475	-0.176271499
3476	-0.435771951
3477	-0.360197057
3478	-0.294020306
3479	0.230061048
3480	-0.323396589
3481	-0.66257926
3482	-0.44559326
3483	-0.236832758
3484	-0.434537795
3485	0.003224286
3486	-0.648770482
3487	-0.645487417
3488	-0.234643679
3489	-0.076933487
3490	-0.910441479
3491	-0.240031911
3492	-0.527761405
3493	-0.442202398
3494	-0.037462392
3495	-0.234941583
3496	0.066338621
3497	-0.835394345
3498	-0.613205435
3499	-0.459360698
3500	-0.505572418
3501	-0.387002039
3502	-0.635558547
3503	-0.288136353
3504	-0.84946466
3505	-0.629936532
3506	-0.091727099
3507	-0.295735416
3508	-0.241247173
3509	-0.491294765
3510	-0.181474585
3511	-0.138359547
3512	-0.607812146
3513	-0.582415995
3514	-0.730001753
3515	-0.122783662
3516	-0.298526938
3517	-0.294047499
3518	-0.848642353
3519	0.003286772
3520	-0.227915915
3521	-0.603624054
3522	-0.725716447
3523	-0.177127069
3524	-0.529400483
3525	-0.4493196
3526	-0.049594461
3527	0.109605648
3528	-0.83292484
3529	0.061658552
3530	-0.264972363
3531	-0.719116233
3532	-0.545755044
3533	-0.387614218
3534	-0.001030784
3535	-0.530756347
3536	0.047448785
3537	-0.197759799
3538	0.001838494
3539	-0.513106474
3540	-0.388293035
3541	-0.520265545
3542	-0.682777411
3543	-0.550105988
3544	-0.432730603
3545	-0.503263814
3546	-1.082537413
3547	-0.620737538
3548	-0.356345702
3549	-0.218420328
3550	-0.92542129
3551	-0.612192748
3552	-0.671950436
3553	-0.89811792
3554	-0.194176234
3555	-0.316275463
3556	-0.943292601
3557	-0.921391441
3558	-0.469032698
3559	-0.305028009
3560	-0.501942368
3561	-0.51319743
3562	-0.66212423
3563	-0.1641053
3564	-0.027910708
3565	-0.425504914
3566	-0.305417997
3567	-0.418354961
3568	-0.372457552
3569	-0.649194961
3570	-0.396478388
3571	-0.582415208
3572	0.026878618
3573	-0.617856083
3574	-0.406054797
3575	-0.702676568
3576	-0.218478615
3577	-0.937147777
3578	-0.525629387
3579	-0.482151131
3580	-0.520055416
3581	-0.40308303
3582	-0.234396183
3583	-0.320383532
3584	-0.565279771
3585	-0.744011367
3586	-0.194911777
3587	-0.5150445
3588	-0.555202105
3589	-0.239310563
3590	-0.574552041
3591	-0.382639127
3592	-0.752187968
3593	-0.387813812
3594	-0.322056778
3595	-0.436213912
3596	-0.241252857
3597	-0.522829709
3598	-0.694470269
3599	-0.593182001
3600	-0.568847359
3601	-0.222054437
3602	-0.26582228
3603	-0.370001478
3604	-0.428082587
3605	-0.273284298
3606	0.036559339
3607	-0.273200551
3608	-0.2779334
3609	-0.358284402
3610	-0.56182113
3611	-0.093684656
3612	-0.91067088
3613	-0.406003971
3614	-0.489708336
3615	-0.113971194
3616	-0.620856637
3617	-0.34358234
3618	-0.439107168
3619	-0.575924771
3620	-0.680111432
3621	0.111258685
3622	-0.86893862
3623	-0.230027186
3624	-0.844826027
3625	-0.58443041
3626	-0.152593498
3627	-0.118729362
3628	-0.287043002
3629	-0.657715661
3630	-0.588553968
3631	-0.907985715
3632	0.076779122
3633	-0.597582503
3634	-0.422610736
3635	-0.282656207
3636	-0.016112984
3637	-0.427020551
3638	-0.917530854
3639	-0.847975393
3640	-0.29311644
3641	-0.638802545
3642	-0.55326616
3643	-0.390866791
3644	-0.580613313
3645	-0.457338563
3646	-0.880173342
3647	-0.591651828
3648	-0.21922782
3649	-0.382695749
3650	-0.555798665
3651	-0.438595583
3652	-0.65883671
3653	-0.304187784
3654	-0.790418557
3655	-0.52473357
3656	-0.832851244
3657	-0.2807885
3658	-0.336258425
3659	-0.844295946
3660	-0.803618197
3661	-0.111130782
3662	-0.104709262
3663	0.06350275
3664	0.188106814
3665	-0.11214256
3666	0.013467597
3667	-0.027888513
3668	-0.152615217
3669	-0.206993898
3670	-0.046098504
3671	0.090023204
3672	-0.495419799
3673	-0.624058723
3674	-0.521647409
3675	1.290384881
3676	-0.156226319
3677	-0.489491445
3678	-0.475312061
3679	-0.570978076
3680	0.037965782
3681	-0.071031534
3682	-0.097874805
3683	1.427858979
3684	-0.43990088
3685	-0.158288016
3686	-0.228451929
3687	-0.214267151
3688	-0.650922832
3689	0.007826631
3690	-0.307962031
3691	-0.523286201
3692	-0.458348693
3693	-0.719498354
3694	-0.597277013
3695	-0.557797887
3696	-0.229187719
3697	1.489942099
3698	-0.369961999
3699	-0.519795829
3700	-0.285242079
3701	-0.359431815
3702	-0.120754337
3703	-0.344977773
3704	0.022369245
3705	-0.574047178
3706	-0.30389204
3707	0.061229456
3708	-0.285860072
3709	-0.276916975
3710	-0.228245899
3711	-0.54018423
3712	-1.047363786
3713	-0.21197457
3714	-0.447115575
3715	-0.286206664
3716	0.282654249
3717	-0.186392929
3718	-0.496786011
3719	-0.494332301
3720	-0.457818883
3721	1.98523997
3722	-0.168760454
3723	-0.611943387
3724	0.274237496
3725	-0.70016452
3726	-0.441696447
3727	-0.79620866
3728	-0.021169667
3729	-0.620756073
3730	-0.544434691
3731	-0.081236148
3732	-0.237478081
3733	0.087500603
3734	-0.27839199
3735	-0.163709326
3736	1.367696706
3737	-2.355385831
3738	-0.298726723
3739	-0.499302048
3740	-0.669015518
3741	-0.131901781
3742	-0.079732326
3743	-0.452449865
3744	-0.523146825
3745	-0.490384473
3746	-0.251218784
3747	-0.318329994
3748	0.438112453
3749	-0.360862825
3750	-1.531679444
3751	-0.081487654
3752	-0.242770371
3753	-0.335524061
3754	-0.22050847
3755	-0.300308248
3756	-0.309342334
3757	-0.326755499
3758	-0.172660426
3759	0.138471362
3760	-1.096504336
3761	-0.285913249
3762	0.03707474
3763	-0.235723315
3764	-0.338038347
3765	-0.124859073
3766	0.089364305
3767	-0.640995765
3768	0.108971261
3769	-0.28397022
3770	-0.374002037
3771	-0.235566273
3772	0.063246432
3773	-0.30421918
3774	-0.531443743
3775	-0.342507549
3776	-0.151048478
3777	0.223616179
3778	1.055731126
3779	-0.347071295
3780	-0.191194194
3781	-0.318854779
3782	0.008307557
3783	0.299394823
3784	-0.31654034
3785	-0.004764735
3786	-0.289020992
3787	-0.588708914
3788	0.097441942
3789	0.294203641
3790	0.07145856
3791	-0.317513231
3792	0.850891504
3793	-0.30875313
3794	-0.320737426
3795	0.088322199
3796	-0.652401007
3797	1.894619772
3798	NULL
3799	-0.452305804
3800	0.186035476
3801	-0.407172816
3802	-0.739101128
3803	0.097410807
3804	-0.499971517
3805	-0.320825228
3806	-0.214006594
3807	-0.751665502
3808	-0.16198502
3809	-0.241742897
3810	-0.454539375
3811	-0.350404784
3812	-0.008536757
3813	-0.40429271
3814	-0.431654096
3815	-0.500757817
3816	-0.005531993
3817	0.16316057
3818	-0.411537223
3819	-0.564398229
3820	-0.284784256
3821	1.427010997
3822	-0.317676876
3823	0.030544047
3824	-0.098362502
3825	-0.106226387
3826	-0.178246846
3827	-0.269369084
3828	-0.103870581
3829	-0.243150748
3830	-0.564089966
3831	-0.526847561
3832	-0.515480791
3833	-0.748435656
3834	-0.247090562
3835	-0.306224257
3836	-0.290340133
3837	-0.335747883
3838	-0.608232926
3839	-0.532826646
3840	-0.410506167
3841	-0.792533371
3842	-0.29811175
3843	0.548695985
3844	4.436766592
3845	3.249968955
3846	4.18381933
3847	2.144447541
3848	2.54396352
3849	-0.252614233
3850	2.432566201
3851	0.14262969
3852	-0.588419135
3853	2.046030705
3854	-0.43307657
3855	NULL
3856	2.332760683
3857	-1.081273137
3858	-0.552242543
3859	-0.592141639
3860	1.516339992
3861	-0.067404824
3862	-0.589297775
3863	-0.268305143
3864	-1.809758447
3865	-0.492590759
3866	-0.589042818
3867	-0.538198791
3868	-0.317717698
3869	-0.503684057
3870	NULL
3871	-0.532358022
3872	-0.444381585
3873	-0.567662547
3874	-0.054829536
3875	-0.745700862
3876	-0.26791156
3877	-0.205171951
3878	-0.210627473
3879	-0.437339881
3880	-0.435090374
3881	-0.498448763
3882	-0.010057929
3883	0.011848636
3884	-0.386768516
3885	-0.294496868
3886	-0.331129027
3887	-0.126278718
3888	-0.31536927
3889	-0.323330361
3890	-0.597172041
3891	-0.428277554
3892	-0.133008473
3893	-0.470991565
3894	-0.375086126
3895	0.897654829
3896	-0.569890527
3897	2.177032502
3898	-0.21509799
3899	-0.463798335
3900	-0.2194175
3901	-0.198817862
3902	-0.580762863
3903	-0.581818499
3904	-0.457256674
3905	-0.429109335
3906	-0.645398695
3907	0.041930009
3908	-0.574199316
3909	0.381089392
3910	-0.381082195
3911	0.473994596
3912	-0.571610365
3913	-0.515292847
3914	-0.019818352
3915	-0.657054338
3916	-0.64753195
3917	1.489100626
3918	0.783357555
3919	1.559261394
3920	-0.035506504
3921	1.497505102
3922	-0.343301166
3923	2.50931646
3924	-0.017811953
3925	-0.533140526
3926	-0.480815883
3927	-0.757333072
3928	-0.32070519
3929	-0.343595317
