1	0.273413112
2	0.681661453
3	0.874162957
4	1.286456008
5	0.096187528
6	0.34147036
7	1.324161504
8	0.848087858
9	1.467957106
10	-0.411505269
11	0.413418073
12	-0.208372611
13	0.906782956
14	-0.151184524
15	-0.762868079
16	0.272830343
17	1.32945265
18	0.293124953
19	-0.650276721
20	1.219591165
21	0.805816724
22	0.466200525
23	0.269527568
24	-0.205822097
25	0.235804568
26	0.552803779
27	0.986465558
28	0.694565925
29	-0.277355174
30	0.668584752
31	-0.046299447
32	0.503649451
33	0.088149124
34	0.790594341
35	0.186491237
36	1.031648333
37	0.121159168
38	0.588262125
39	-0.7236145
40	0.883189362
41	-0.144757301
42	0.868802445
43	-0.518443162
44	-0.161591473
45	-0.392908627
46	-0.476764155
47	2.486889308
48	0.755610184
49	0.772784751
50	1.326006034
51	0.880560249
52	1.756501566
53	1.170963842
54	-0.428949823
55	1.604008362
56	0.08201614
57	1.254917288
58	0.086240188
59	1.969672728
60	0.635450231
61	-0.24751286
62	-0.461067627
63	0.33570249
64	0.443533763
65	0.248783761
66	-0.604754829
67	1.055825844
68	0.635257748
69	-0.05589672
70	1.484538768
71	1.174488592
72	1.744392428
73	1.030858903
74	0.250800354
75	0.303243892
76	0.782788664
77	-0.352980765
78	0.593905388
79	1.849107688
80	0.040216626
81	0.184493727
82	0.512567835
83	-0.161881145
84	0.701583457
85	-0.131421929
86	0.297973629
87	1.845804564
88	0.680523386
89	-0.292949101
90	0.503716005
91	0.091778252
92	1.415329308
93	0.374617639
94	1.257161397
95	0.153778336
96	0.478698946
97	1.756636669
98	1.442850957
99	0.730175931
100	0.400721675
101	0.698638212
102	0.158519731
103	0.878647366
104	1.032359431
105	0.520965407
106	1.599300257
107	0.021326921
108	-0.167342761
109	0.804455875
110	1.782831383
111	1.927768251
112	0.778921034
113	1.772354331
114	1.406007259
115	2.182817406
116	-0.017472248
117	0.115008449
118	-0.120315772
119	0.41082572
120	1.027217969
121	1.004712126
122	0.25113656
123	0.232664083
124	1.291188312
125	1.788191099
126	0.774824714
127	1.312870398
128	1.054777446
129	1.070283352
130	1.047658736
131	-0.164568722
132	2.523852667
133	-0.089255861
134	-0.306306083
135	0.803258683
136	1.166332672
137	0.004905601
138	-0.17187144
139	0.105009441
140	-0.747368558
141	0.108538022
142	0.908704489
143	0.062328076
144	0.768950176
145	1.523319179
146	2.323908506
147	0.329313045
148	0.215603378
149	-0.327967569
150	0.60384899
151	0.621079946
152	0.766510384
153	-0.322281182
154	-0.006968176
155	0.923200117
156	0.617239115
157	1.671888461
158	0.522842974
159	0.076611302
160	0.152399159
161	-1.797483427
162	-0.365101633
163	-3.771528478
164	-4.312217413
165	-3.441800191
166	-2.181971367
167	-4.838615775
168	-4.013710497
169	-2.52196275
170	-3.169174222
171	-4.658978984
172	-1.016460591
173	1.576285357
174	0.475354104
175	0.657192005
176	0.37161459
177	-0.240026211
178	1.852517665
179	0.640730352
180	0.223010869
181	0.436041054
182	-0.112593856
183	-0.347585749
184	2.025175095
185	0.067048939
186	-1.856985909
187	-1.17974479
188	-2.271334659
189	-0.601960011
190	-0.138693895
191	1.501378633
192	1.023213326
193	0.272107057
194	1.557579455
195	0.143248141
196	0.351830487
197	1.774477445
198	0.03824957
199	1.627907483
200	1.257311605
201	0.68586187
202	0.751478472
203	1.914670628
204	0.190794213
205	1.020891505
206	0.260966151
207	0.606198354
208	-0.376403872
209	-0.328120436
210	-0.163629766
211	1.434860876
212	0.244024579
213	0.162484163
214	-0.336809909
215	-2.926208943
216	-4.127813327
217	0.982559117
218	0.200276476
219	-1.245177734
220	-3.683777886
221	-0.081999437
222	-0.375576769
223	1.551246431
224	-0.623567719
225	0.441889792
226	1.94996117
227	1.492727516
228	1.668847363
229	0.066123119
230	1.062578766
231	-0.383947386
232	0.823663447
233	0.057200441
234	-0.792854433
235	0.639877503
236	0.907483566
237	0.015861961
238	0.10490985
239	1.242176495
240	1.821955931
241	0.183954507
242	-2.052663051
243	0.319176714
244	-0.993065801
245	-2.13113829
246	-3.82394684
247	-2.954797013
248	-5.253198658
249	-4.233562203
250	-3.716007071
251	-4.600431144
252	-5.140386675
253	-3.470563511
254	-4.122074235
255	-3.083493327
256	-4.194666119
257	-4.290626203
258	-3.575556469
259	-3.39297891
260	-5.299046207
261	-2.213830557
262	-4.616173408
263	-4.261904364
264	-5.39445368
265	-3.903940115
266	-3.97523065
267	-4.057011895
268	-4.075320415
269	-3.881141205
270	-2.706579081
271	-4.977482813
272	-4.399907678
273	-4.102765828
274	-5.005035809
275	-4.361598415
276	-1.644755791
277	0.43015914
278	0.508640008
279	0.723996022
280	0.114863498
281	-0.083271648
282	1.723238222
283	-0.499844629
284	-0.041726758
285	0.881649046
286	0.972770203
287	0.069471158
288	0.086732335
289	0.132506119
290	2.239467743
291	1.000459029
292	2.099326653
293	1.041253205
294	2.450762144
295	0.021543545
296	1.96963634
297	0.033671623
298	0.349194569
299	-0.020212713
300	1.675333374
301	-0.203927217
302	0.360815657
303	-0.339725943
304	0.426543619
305	0.297523584
306	0.054649149
307	0.525045301
308	0.644106289
309	2.16425056
310	0.354341959
311	0.551291978
312	1.402746666
313	1.981539793
314	0.98478219
315	0.739377781
316	0.384586472
317	0.018418514
318	0.348491975
319	0.924036048
320	-2.70593954
321	-1.931782834
322	-3.330313485
323	-2.715716852
324	-4.207377723
325	-3.195928589
326	-2.315986641
327	0.385159293
328	0.18149864
329	0.524273162
330	2.09557395
331	-0.389438959
332	2.070760595
333	0.7369685
334	-0.010120129
335	1.398709345
336	-0.02030975
337	-2.786058016
338	1.101165995
339	0.554970439
340	0.14311389
341	0.102339128
342	-0.018370246
343	-1.804635773
344	-2.538605114
345	0.726422693
346	-0.004730747
347	-0.820169419
348	-0.343014045
349	0.299884802
350	0.414674252
351	-0.062027582
352	1.052946928
353	-0.409700664
354	1.400248398
355	1.624334411
356	1.965491685
357	0.490857869
358	0.366511835
359	-2.07797792
360	-2.770450515
361	-0.240027416
362	0.766542537
363	-1.329507454
364	-1.885472763
365	-4.776441715
366	-4.284900658
367	-4.398232041
368	-3.677123681
369	-2.812764308
370	-2.49674155
371	-3.958166533
372	-4.079377967
373	-2.198573211
374	-3.102786082
375	-2.216414962
376	-1.562810033
377	-1.03590776
378	-2.9082882
379	-0.208747258
380	-2.731537088
381	-4.031939766
382	-0.051072376
383	0.01310098
384	1.602228118
385	0.059894337
386	-0.198015412
387	-0.274864504
388	1.016797607
389	1.913436387
390	0.471772291
391	1.031777054
392	2.075698803
393	-0.25018035
394	1.157797167
395	0.754673301
396	0.9297912
397	1.280285517
398	0.668207035
399	0.579379501
400	1.902453191
401	-0.608340526
402	-1.799713367
403	-2.187555065
404	-3.392002481
405	-4.501906846
406	-4.234929946
407	-4.496535924
408	-3.381173336
409	-3.70948599
410	-4.673209076
411	-4.861171182
412	-3.552629926
413	-4.314089375
414	-4.149396457
415	-3.757949108
416	-4.923657262
417	-4.235903589
418	-4.106665989
419	-3.461424421
420	-3.365755106
421	-2.858569573
422	-4.268583872
423	-2.848702575
424	-4.227701068
425	-4.794926804
426	-4.090994267
427	-2.032831753
428	-3.348418523
429	0.132453747
430	-1.379380308
431	-1.189321932
432	-4.5664214
433	-4.236576524
434	-3.550085758
435	1.306350985
436	0.820917375
437	1.344275179
438	0.068093792
439	0.938635009
440	0.811099931
441	-0.326570661
442	0.178201072
443	-0.198988188
444	0.798199899
445	0.650155253
446	0.390438959
447	1.493130923
448	-1.068736824
449	0.851511676
450	-0.757404754
451	-4.276551948
452	-2.562875708
453	0.663569527
454	0.569463737
455	0.995720568
456	0.938237043
457	0.850155832
458	1.156381526
459	0.418838529
460	-3.039422195
461	-2.167116415
462	-4.126062792
463	-3.70553298
464	-3.573665223
465	0.452642305
466	0.89692292
467	-3.97267948
468	-3.609072962
469	-1.948577504
470	1.221020588
471	1.474993822
472	-1.279429483
473	0.235233462
474	0.517028369
475	1.569981961
476	0.361427109
477	-0.018537111
478	0.360082258
479	-0.452607025
480	0.820750617
481	0.219643943
482	0.277193802
483	1.894510938
484	1.486158266
485	-0.079820105
486	0.065559109
487	0.13549686
488	0.489548916
489	0.058378097
490	-1.493681987
491	-0.079623036
492	-0.171018699
493	1.090810679
494	0.326075357
495	0.731775011
496	0.383051317
497	-0.352270838
498	0.48742246
499	1.142721326
500	0.928080366
501	2.022583014
502	-2.444953706
503	0.112451036
504	0.98361055
505	0.148605556
506	1.772433984
507	-2.08683207
508	-0.167109113
509	0.367294968
510	0.188182293
511	-1.67592426
512	-1.191422557
513	0.35297796
514	-0.077666492
515	1.843696495
516	0.628427337
517	1.032127463
518	1.731931823
519	0.490122937
520	0.330030146
521	-0.460027062
522	0.480837103
523	-2.132147154
524	0.303794749
525	2.826554133
526	2.278771387
527	0.081776535
528	-0.241054668
529	-0.542102337
530	0.449982797
531	0.507952175
532	0.198293746
533	0.437471313
534	0.857910347
535	0.053055493
536	-0.354414636
537	-0.196175254
538	-0.04451085
539	1.061627839
540	-0.962169931
541	0.50902018
542	0.050071516
543	0.274796941
544	0.82972374
545	-0.11770385
546	2.150765061
547	0.081956683
548	0.251704277
549	-0.097253753
550	1.038557141
551	0.637249093
552	0.180158688
553	2.029053905
554	0.149283914
555	0.349785728
556	-0.023604503
557	1.298736732
558	1.364243925
559	-0.26144613
560	0.238561263
561	0.14311393
562	0.271087769
563	-0.031878882
564	0.697955729
565	1.015823793
566	2.14845689
567	0.596621398
568	0.200291181
569	0.260192769
570	0.444142857
571	0.501937275
572	2.395538346
573	2.392195158
574	-0.9383707
575	0.178999156
576	1.376784025
577	0.303603693
578	-0.603565529
579	1.233551443
580	-2.527038526
581	-4.523904271
582	0.651947998
583	-0.769598446
584	-0.44576418
585	0.328132307
586	-3.093272013
587	-3.689669859
588	2.371309909
589	-0.092510943
590	0.473645643
591	0.693396536
592	0.369591692
593	-0.172822489
594	-0.218823375
595	-0.691667378
596	1.265522479
597	0.786518545
598	0.460846541
599	0.389759461
600	0.432543607
601	-0.495703695
602	-2.838507512
603	-4.053140039
604	-2.614123567
605	-0.256260359
606	-0.04611151
607	0.910750876
608	0.014588579
609	0.587292673
610	0.232772091
611	-0.884002922
612	0.483061096
613	-0.084810616
614	-0.559468209
615	0.132635462
616	0.253702649
617	1.662190434
618	0.518995205
619	0.174190419
620	-1.950525355
621	0.10205233
622	-2.979550946
623	-1.687965994
624	-0.141374572
625	0.371846994
626	-0.103838764
627	0.368077934
628	-0.826825087
629	-0.112378976
630	-0.50400108
631	1.53706598
632	-2.785709044
633	-2.391239879
634	1.705351058
635	-2.119468686
636	0.0086625
637	-0.282352367
638	0.334797045
639	-0.232495414
640	-0.43889429
641	2.498822126
642	-0.245476965
643	-0.334404199
644	1.464005759
645	0.154056333
646	-0.406958084
647	-0.578248875
648	-0.266723781
649	-0.077494439
650	1.196591747
651	1.773195034
652	0.946404937
653	1.796672296
654	1.726635189
655	-0.221377714
656	0.109522326
657	1.776513545
658	-0.004689818
659	-0.43415307
660	-0.332994372
661	0.305999771
662	0.220535367
663	-0.803228494
664	1.961962229
665	0.571630883
666	-0.223084486
667	-3.019908721
668	-3.744092679
669	-2.771154993
670	-3.872278263
671	-1.970232077
672	-1.426915245
673	-0.07802396
674	-0.493302766
675	1.768347711
676	0.37314631
677	0.39577325
678	0.167999701
679	0.712116687
680	-0.085709718
681	-2.220027515
682	1.215394079
683	2.213160748
684	-0.064254699
685	1.150695447
686	2.258411292
687	0.639611753
688	0.439998168
689	0.923974258
690	1.425481939
691	0.354724363
692	-0.023834348
693	2.019522932
694	-0.730998674
695	0.393244692
696	-0.519370397
697	-0.096886835
698	0.05706024
699	0.33518443
700	1.105433899
701	1.67731638
702	0.041382491
703	-0.122484287
704	2.007619985
705	-0.222801355
706	2.110840801
707	0.020320986
708	0.941224537
709	0.17617939
710	-0.082623107
711	0.90363141
712	1.033816555
713	0.189004464
714	2.137848848
715	1.979341139
716	0.711410561
717	1.579156291
718	0.049480594
719	-0.200840905
720	0.787875588
721	1.301732435
722	1.81034585
723	0.099515146
724	0.875275936
725	1.516684838
726	1.713865499
727	0.543320942
728	0.709070968
729	0.076852917
730	0.781974332
731	0.497244212
732	0.91451475
733	0.625452845
734	0.506671478
735	0.244665086
736	0.333796597
737	1.497865168
738	0.178748242
739	0.21799867
740	0.028965203
741	0.95784282
742	0.161692624
743	0.162698189
744	0.044984401
745	0.714087034
746	0.384469102
747	-0.147999387
748	-0.089495279
749	1.690944045
750	1.620754426
751	0.355538085
752	0.528174334
753	-0.764851455
754	0.874532985
755	1.863007952
756	2.374878838
757	0.275605379
758	-0.224390824
759	-0.411865969
760	-0.058619618
761	0.327731748
762	1.761671357
763	0.492013718
764	0.48126494
765	1.162860743
766	0.941433639
767	0.632565819
768	0.956005595
769	0.046526872
770	1.637429823
771	0.266927826
772	0.521121369
773	0.806623017
774	1.342859235
775	0.160776197
776	1.203797766
777	0.777643208
778	2.172871123
779	0.138049357
780	0.539749101
781	0.452688869
782	0.787757915
783	-0.178312581
784	0.135618689
785	-0.289830165
786	-3.588338937
787	-4.754620716
788	-3.533677407
789	-2.956929587
790	1.760777878
791	0.489241391
792	-0.262857828
793	0.481858968
794	1.796089774
795	0.435947952
796	0.823390121
797	0.496689956
798	1.09618209
799	1.608612406
800	-0.460654624
801	1.404871656
802	-0.073583967
803	1.240882382
804	-1.94173424
805	0.0802739
806	0.848921283
807	0.267237732
808	1.089404864
809	1.5092241
810	1.541429701
811	0.148502556
812	0.174792939
813	0.471340196
814	1.991710893
815	-0.69086237
816	1.971052524
817	-0.343771961
818	1.948420092
819	-0.097723612
820	0.49724686
821	1.729465807
822	1.68690054
823	0.588115918
824	0.908502419
825	1.006584681
826	0.697752039
827	0.624692062
828	0.041870455
829	0.050796085
830	1.968131056
831	0.400336603
832	1.607676704
833	1.352461309
834	1.845137053
835	0.223922517
836	-0.889233291
837	-0.911647558
838	0.184237056
839	1.264488308
840	0.746911094
841	1.39621226
842	-0.166689676
843	0.183192518
844	-0.102579752
845	0.54031748
846	2.177772944
847	-0.247707671
848	0.601702649
849	0.987110398
850	1.346829745
851	0.675376659
852	1.279479203
853	0.48073127
854	0.257024601
855	-0.410679059
856	-0.212820555
857	-0.596957905
858	0.627700942
859	1.621494244
860	1.556619639
861	-0.282080915
862	2.122561836
863	-0.105443376
864	2.169729718
865	2.472950927
866	0.255697666
867	1.285232105
868	-0.076360719
869	0.144034339
870	-0.229618632
871	0.28723463
872	0.371204307
873	1.093893425
874	0.818586632
875	-0.01472183
876	2.137477757
877	0.257521101
878	0.073112732
879	0.008802042
880	-0.387010127
881	2.312515618
882	1.178940195
883	0.086138711
884	0.721746976
885	0.505839701
886	1.734351529
887	0.384140279
888	-0.235844703
889	1.551352502
890	2.943774991
891	-0.247477281
892	-2.552607202
893	-2.344545333
894	-2.487842917
895	-2.36930042
896	-2.684212372
897	-4.746454044
898	-3.593358184
899	-2.842969873
900	-2.197382326
901	0.048974655
902	-2.285525534
903	-2.876399022
904	-0.957326875
905	-2.171499772
906	-4.16080117
907	-2.274172982
908	-1.256002146
909	0.219564158
910	-1.435426403
911	-1.146189442
912	-3.120759502
913	-2.928666795
914	-1.743351064
915	-2.286872561
916	-1.659192447
917	-1.14535835
918	0.145614138
919	-1.909619306
920	-3.126814885
921	-1.961257019
922	1.561603744
923	0.399550927
924	-2.608352404
925	-2.147006156
926	-2.552903757
927	-4.008925536
928	-4.567034726
929	-3.086337299
930	-3.976169742
931	-4.050518518
932	-5.836658228
933	-3.975225315
934	-3.127126787
935	-3.490344493
936	-4.740163161
937	-4.493976023
938	-4.494774303
939	-4.959466723
940	-4.017180828
941	-2.302015574
942	-1.109225264
943	-2.628299418
944	-3.757504872
945	-1.985380789
946	-2.919780158
947	-4.82473001
948	-4.800739213
949	-3.750575125
950	-3.321280683
951	-3.477053987
952	-3.470481371
953	-0.477555602
954	-0.087097933
955	-1.615523854
956	-1.881946099
957	-0.015629601
958	-1.199036773
959	-1.007280623
960	-1.009108886
961	-2.949191805
962	-4.053890543
963	-4.25843746
964	-3.369871016
965	0.353589391
966	1.57122512
967	1.312661512
968	0.424520296
969	1.793640661
970	-0.06609591
971	1.399668078
972	0.524577115
973	-0.153757965
974	0.83684054
975	0.049407779
976	0.484364248
977	-0.222612878
978	-0.407181401
979	0.148056581
980	0.954606837
981	0.008908124
982	-0.399142166
983	-0.36268178
984	0.728401339
985	0.801967408
986	-0.678374856
987	0.375258348
988	2.615095275
989	-0.022844209
990	0.113692405
991	0.187314989
992	2.396322484
993	0.235738349
994	1.503267373
995	0.608682653
996	0.042618034
997	2.086961416
998	0.76209521
999	0.061786654
1000	-0.045273483
1001	0.538902088
1002	-0.292459338
1003	-0.224594878
1004	0.876838436
1005	0.701883685
1006	0.942539221
1007	0.610911871
1008	2.120209755
1009	1.49318312
1010	0.383144453
1011	2.448184044
1012	-0.800671332
1013	1.697050597
1014	1.65568262
1015	-0.442474985
1016	-0.374653269
1017	-0.177965151
1018	0.298790076
1019	2.03743402
1020	0.601644954
1021	0.058017974
1022	1.403587155
1023	-0.295513628
1024	0.24102006
1025	0.096184356
1026	-0.333304957
1027	1.256833492
1028	-0.464153468
1029	0.639159448
1030	1.363851335
1031	0.713229384
1032	0.171908403
1033	-0.595910706
1034	0.520889202
1035	0.129263427
1036	-0.23241957
1037	0.530735976
1038	-0.429916805
1039	2.262589904
1040	1.414394956
1041	0.061550369
1042	2.262170967
1043	0.936486323
1044	1.047536847
1045	0.754716396
1046	-0.26796562
1047	2.042965069
1048	-0.033733377
1049	2.385739197
1050	-0.139165718
1051	0.841359593
1052	2.198209037
1053	0.148823553
1054	-0.329110473
1055	2.648767078
1056	0.723165582
1057	1.089090825
1058	0.745911394
1059	0.48801191
1060	-0.652458379
1061	0.992434083
1062	2.325755845
1063	0.495777782
1064	0.286061645
1065	0.221071141
1066	2.073723614
1067	1.079535175
1068	-0.065723737
1069	-0.201455752
1070	0.615694237
1071	-0.034984532
1072	-0.372313095
1073	0.289900834
1074	1.795590264
1075	1.632131493
1076	-0.189769105
1077	1.407014795
1078	-0.29499595
1079	1.143080983
1080	-2.811410003
1081	-4.802699899
1082	-3.867049168
1083	-3.750390601
1084	-4.629715903
1085	-2.952490283
1086	-2.456891009
1087	-4.148345427
1088	-4.508087007
1089	-3.528470731
1090	-4.700159347
1091	-4.090560837
1092	-1.833807492
1093	-3.46415299
1094	-4.851799422
1095	-3.252259887
1096	-4.694001769
1097	-3.889691155
1098	-4.145964028
1099	-5.289995284
1100	-3.392752816
1101	-5.104616773
1102	-3.682176782
1103	-4.965008199
1104	-5.122380936
1105	-4.181857328
1106	-3.285222527
1107	-5.772156772
1108	-3.558412744
1109	-4.833940971
1110	-4.504624185
1111	-3.040813686
1112	-0.907254643
1113	0.88348431
1114	0.081687273
1115	2.673560508
1116	0.501168044
1117	0.057650233
1118	0.440338535
1119	1.950832495
1120	1.058974059
1121	0.492826638
1122	0.301045542
1123	0.380986367
1124	1.825217598
1125	0.156798621
1126	0.237747187
1127	0.928140758
1128	1.079978916
1129	-0.151893791
1130	0.356299309
1131	0.365781051
1132	1.552090933
1133	1.436344484
1134	1.018866155
1135	0.198123143
1136	-0.526073505
1137	1.870532397
1138	1.471852526
1139	-0.242207331
1140	0.706645594
1141	-0.043689979
1142	-0.258221104
1143	0.253611807
1144	0.946902518
1145	0.120185719
1146	0.024873109
1147	1.73462809
1148	2.188634256
1149	-0.430166939
1150	0.769944993
1151	0.855739899
1152	0.487836943
1153	2.230253081
1154	1.240015358
1155	0.212882623
1156	0.165711621
1157	0.154186981
1158	0.142081535
1159	0.565915996
1160	2.362526061
1161	-0.401266916
1162	0.039503567
1163	-0.280326579
1164	0.92498804
1165	0.600461493
1166	-0.14674453
1167	0.994663451
1168	0.156730166
1169	-0.165763034
1170	1.381518805
1171	0.325257699
1172	1.879589101
1173	0.260286793
1174	-0.220558471
1175	0.649683264
1176	0.155178675
1177	-0.003701281
1178	0.343080481
1179	-0.010923965
1180	0.279735977
1181	-0.316050521
1182	0.344348897
1183	0.498920045
1184	-0.790960448
1185	-0.313990437
1186	1.90300585
1187	1.989507365
1188	1.491720464
1189	1.901018805
1190	2.179350072
1191	0.366710997
1192	1.598448795
1193	1.948890411
1194	1.705274384
1195	1.36189663
1196	0.209544247
1197	0.601182215
1198	1.187915193
1199	0.485973303
1200	0.168811003
1201	0.222402877
1202	0.359206342
1203	-0.008629957
1204	0.457209519
1205	0.473925875
1206	1.252642129
1207	-1.129252989
1208	0.473284239
1209	2.295788002
1210	1.498407178
1211	-0.174444391
1212	2.161653181
1213	0.072766999
1214	0.698267325
1215	2.068012318
1216	0.215965371
1217	0.465981686
1218	1.971465777
1219	1.586728619
1220	0.928093629
1221	0.307013001
1222	0.949276678
1223	-0.152018154
1224	0.491188411
1225	0.322277186
1226	-0.238494961
1227	0.846313611
1228	0.856185183
1229	-1.428934976
1230	-2.856948845
1231	0.725596623
1232	0.584875359
1233	-3.411769021
1234	-3.187782269
1235	-4.145990984
1236	-1.86131851
1237	-0.897440217
1238	1.589592007
1239	-0.197502627
1240	1.903464468
1241	-0.282625731
1242	-0.321053839
1243	-0.603132824
1244	-0.061854391
1245	2.099486084
1246	0.366609526
1247	1.350841912
1248	1.002579879
1249	-0.367983662
1250	1.161691722
1251	-0.391586568
1252	0.028515719
1253	-0.254598876
1254	1.843031845
1255	-0.260171106
1256	1.018754628
1257	0.640074228
1258	1.379448528
1259	0.083362728
1260	0.653133766
1261	0.139982682
1262	1.979408027
1263	0.078839896
1264	0.081939024
1265	0.212390206
1266	0.875168588
1267	0.12430462
1268	-0.018023566
1269	-0.284144039
1270	0.302903687
1271	0.06895541
1272	-0.026707128
1273	0.984147533
1274	0.149516738
1275	0.908380166
1276	0.776486143
1277	-0.1313563
1278	0.681620768
1279	-0.231937411
1280	1.477126069
1281	0.253591744
1282	0.371892305
1283	1.108486379
1284	0.452389572
1285	0.07786203
1286	1.667562035
1287	0.900601503
1288	-0.143582149
1289	0.600605466
1290	1.751593627
1291	1.16462786
1292	0.369749456
1293	0.183532952
1294	0.905728989
1295	1.948966021
1296	-0.160090051
1297	-0.795391768
1298	0.248269893
1299	0.286301506
1300	1.6897076
1301	0.058973274
1302	-0.481838909
1303	2.546966542
1304	-0.282806556
1305	1.321032535
1306	0.965427056
1307	0.895588403
1308	0.792488019
1309	0.634011064
1310	-0.059250075
1311	2.107500591
1312	0.573536755
1313	1.436739179
1314	0.757096211
1315	0.190491922
1316	-0.175824685
1317	2.41942132
1318	0.783989027
1319	-0.059675566
1320	1.930996878
1321	0.553850469
1322	0.472188108
1323	1.003373483
1324	0.705105222
1325	1.05048887
1326	1.499619769
1327	-0.038687605
1328	0.305787008
1329	1.831685934
1330	1.739023161
1331	0.989722231
1332	-0.195129104
1333	0.449272599
1334	0.62190493
1335	1.480278122
1336	-3.223595427
1337	-4.61107163
1338	-1.80713795
1339	0.035624678
1340	0.22035206
1341	0.283313416
1342	1.163911119
1343	0.183509715
1344	0.416143025
1345	0.389791823
1346	0.825967728
1347	-0.462718179
1348	-0.051063534
1349	0.959462334
1350	0.711262658
1351	-0.619921484
1352	2.19720989
1353	0.122768128
1354	-0.180457263
1355	1.339335037
1356	-0.099981224
1357	-0.155154818
1358	1.373936056
1359	1.117447803
1360	0.282139084
1361	-0.665525107
1362	-0.632181824
1363	-0.002110342
1364	1.369319618
1365	-0.527804793
1366	0.48851668
1367	1.427783305
1368	0.857560836
1369	1.597122748
1370	3.074068799
1371	1.199192552
1372	1.938149977
1373	1.560406189
1374	0.395898071
1375	0.689179909
1376	-0.165773301
1377	-0.213195864
1378	0.627121131
1379	0.477867975
1380	-0.275257712
1381	-0.171677807
1382	0.280176829
1383	2.563918566
1384	0.572081088
1385	-0.674214105
1386	1.503732176
1387	0.84746571
1388	-0.296815651
1389	0.9958925
1390	0.395706959
1391	1.722476931
1392	0.745304927
1393	0.517450048
1394	0.861620753
1395	0.20423889
1396	-0.171016386
1397	1.996622403
1398	-0.462116943
1399	2.037939072
1400	0.421866622
1401	0.188627258
1402	1.075535638
1403	0.134008618
1404	0.557538136
1405	1.930110851
1406	1.647793593
1407	0.542995806
1408	0.262140463
1409	0.011585857
1410	0.852909931
1411	-0.250561772
1412	0.256150613
1413	0.444029824
1414	2.616311238
1415	0.731750899
1416	-0.32624516
1417	-0.393691308
1418	0.883005966
1419	0.21428127
1420	1.464110416
1421	-0.330386349
1422	0.576048566
1423	0.259501118
1424	-1.18386523
1425	0.418967797
1426	1.75040846
1427	-0.028359422
1428	0.509636813
1429	-0.302570258
1430	-2.535308793
1431	1.60113162
1432	-2.760716301
1433	-0.090434973
1434	0.251017064
1435	-0.221583416
1436	0.497360504
1437	0.710642839
1438	0.204116892
1439	0.508382337
1440	2.01762458
1441	1.452622411
1442	1.457056993
1443	2.124703839
1444	0.083645138
1445	-0.364537928
1446	1.199231402
1447	-0.01827997
1448	1.753190449
1449	-0.315044761
1450	0.442094881
1451	-0.046904782
1452	-0.06047448
1453	-0.147527412
1454	0.042075884
1455	-0.09624776
1456	1.425191109
1457	1.308510717
1458	-0.53797254
1459	0.292578934
1460	0.833663841
1461	0.489459815
1462	0.432570673
1463	0.996220056
1464	0.862903078
1465	1.249997526
1466	1.797085418
1467	0.210537388
1468	1.066799405
1469	1.288427522
1470	1.944875676
1471	0.150770965
1472	0.626350681
1473	0.5641454
1474	0.778072351
1475	0.260317195
1476	0.519863402
1477	-0.064818983
1478	-0.020283032
1479	-0.288279018
1480	0.553753264
1481	1.53003623
1482	1.458426635
1483	1.111333366
1484	0.408006317
1485	0.713307682
1486	0.618174496
1487	1.360394042
1488	1.72142235
1489	0.221815075
1490	-0.127490539
1491	0.811025742
1492	0.065797964
1493	0.631312891
1494	1.271726627
1495	-0.473269234
1496	0.2046455
1497	0.524881841
1498	1.597174554
1499	-0.236803422
1500	-0.016256393
1501	1.25046584
1502	0.790491429
1503	1.026549459
1504	0.206117711
1505	-0.106586946
1506	2.245545945
1507	0.382151756
1508	0.408929699
1509	-0.311036541
1510	-0.118275859
1511	-0.489412623
1512	-0.527896046
1513	1.526885065
1514	1.036483069
1515	0.832732408
1516	-0.048306354
1517	0.684008167
1518	-0.129417044
1519	1.411765269
1520	0.804268062
1521	-0.607667682
1522	-0.191728508
1523	0.48257681
1524	-0.557604174
1525	0.245162082
1526	0.616358197
1527	0.262228264
1528	-0.086534063
1529	0.658728632
1530	1.023449906
1531	0.663258208
1532	0.005337001
1533	1.196553534
1534	0.240847887
1535	-0.059889703
1536	-0.748701143
1537	-0.228075869
1538	0.155083178
1539	0.166392019
1540	0.690250207
1541	0.450273967
1542	0.597075054
1543	0.688531435
1544	0.360994753
1545	1.197488782
1546	-0.717846233
1547	1.88730568
1548	-0.619361468
1549	-0.423143586
1550	1.360672243
1551	-0.008973206
1552	0.401341186
1553	0.795241209
1554	0.242739759
1555	0.688740535
1556	0.612319993
1557	1.595670078
1558	2.392695856
1559	-0.162950875
1560	-0.014392598
1561	0.528939661
1562	-0.525699901
1563	0.849511919
1564	-0.028121374
1565	0.690453999
1566	-0.172153644
1567	-0.107078488
1568	-0.648973254
1569	0.412987875
1570	-0.370161594
1571	0.252243603
1572	0.848251565
1573	-0.543430449
1574	0.129141954
1575	-0.341028132
1576	-0.030025913
1577	-0.254382275
1578	0.876113759
1579	0.107718524
1580	0.530006016
1581	-0.075132532
1582	-0.364457479
1583	0.08874461
1584	-1.517682465
1585	-1.872054137
1586	-3.559589448
1587	-4.696800385
1588	-2.116944586
1589	-2.620879366
1590	2.017853812
1591	-0.338503743
1592	-0.043680947
1593	0.498775462
1594	0.072927275
1595	2.022593823
1596	0.572128676
1597	-0.112554301
1598	1.086704506
1599	0.934558951
1600	1.396775047
1601	1.042936022
1602	2.1158857
1603	2.33475315
1604	0.368575912
1605	-0.480985987
1606	-0.630270477
1607	-0.083599346
1608	0.804399696
1609	0.732945602
1610	0.416112546
1611	0.087090348
1612	0.606293426
1613	0.428535144
1614	-0.073527788
1615	0.192081043
1616	0.159623776
1617	0.754707501
1618	-0.29377666
1619	-0.001861679
1620	2.255170192
1621	1.696907071
1622	1.579612867
1623	1.275258867
1624	-3.171859706
1625	-4.877785521
1626	-4.401587857
1627	-2.717418443
1628	-3.886099287
1629	0.798257437
1630	0.223639448
1631	0.757096619
1632	0.467105903
1633	2.409740652
1634	0.72703811
1635	1.817335226
1636	0.350639377
1637	-0.272533093
1638	1.163333197
1639	0.111723668
1640	-0.792884671
1641	2.45195606
1642	2.31973946
1643	1.58587522
1644	-0.076796905
1645	0.187876834
1646	1.760756276
1647	-0.23354733
1648	2.031991952
1649	1.324350773
1650	0.086707114
1651	-0.776028155
1652	-0.004719482
1653	0.308050489
1654	-0.429040926
1655	-0.190420586
1656	-1.079699874
1657	0.46304372
1658	-1.008881069
1659	0.338172044
1660	0.633540902
1661	-3.331762615
1662	0.928411784
1663	1.988274739
1664	0.165358597
1665	-0.350570279
1666	-2.538498617
1667	-2.172286933
1668	0.214006458
1669	0.093758217
1670	1.465501208
1671	-0.206791855
1672	2.24399834
1673	-0.077989353
1674	0.689981339
1675	-0.120402663
1676	1.302310728
1677	2.732561707
1678	-2.079310282
1679	1.970531027
1680	2.242815043
1681	0.182131383
1682	2.119908609
1683	2.121051325
1684	2.505691942
1685	-0.593659817
1686	0.845563713
1687	0.712162632
1688	1.360852559
1689	-0.381634439
1690	0.623510705
1691	0.008889467
1692	0.570180827
1693	1.869831098
1694	0.82451411
1695	2.207037463
1696	0.503463383
1697	0.494749322
1698	1.952837326
1699	0.452187007
1700	1.226964337
1701	1.420121299
1702	0.269532118
1703	-0.276714133
1704	0.193632112
1705	-0.473346122
1706	0.939105004
1707	1.86420668
1708	0.336495717
1709	-0.075019809
1710	-0.307177575
1711	0.243442368
1712	-0.303890272
1713	0.563175009
1714	1.880159403
1715	0.886488087
1716	0.201271446
1717	-0.221022443
1718	2.145694332
1719	0.138165402
1720	0.836460147
1721	1.748139521
1722	-0.076012355
1723	1.869870586
1724	-0.334049062
1725	0.245751826
1726	-0.489534173
1727	-0.155094977
1728	0.752413145
1729	-0.611261408
1730	0.906033286
1731	1.550248669
1732	-0.190361401
1733	0.120843864
1734	-0.039517132
1735	0.0250077
1736	2.046659879
1737	0.778392019
1738	0.274250096
1739	-0.006361906
1740	-0.04462106
1741	1.038934321
1742	1.494420959
1743	-0.071970315
1744	-0.637442329
1745	0.172704502
1746	0.239615159
1747	1.512266481
1748	1.974589319
1749	0.708035545
1750	-0.913583244
1751	0.609678443
1752	0.195944823
1753	1.784682865
1754	1.166320023
1755	1.102971748
1756	-0.013369326
1757	0.680299308
1758	1.24584753
1759	-0.229214564
1760	0.26302046
1761	2.002451804
1762	-0.223560752
1763	0.143106482
1764	0.421448752
1765	0.033180558
1766	1.746182548
1767	2.326791299
1768	0.652752178
1769	-0.266754969
1770	0.327318794
1771	0.340838021
1772	-0.071457151
1773	0.208601654
1774	0.643181405
1775	0.356955766
1776	-0.340191588
1777	-0.002787291
1778	1.011792056
1779	-0.149129341
1780	-0.435999509
1781	1.077872287
1782	0.016713121
1783	1.600689307
1784	1.962069666
1785	1.954087764
1786	0.48575291
1787	1.230806926
1788	-1.00058405
1789	1.310433043
1790	0.366324456
1791	1.288212125
1792	0.012048139
1793	0.494884285
1794	0.864743008
1795	0.620837304
1796	1.095697709
1797	2.005464447
1798	0.864817575
1799	0.25237735
1800	1.538088679
1801	0.949600513
1802	1.779666094
1803	2.5207985
1804	0.454436333
1805	-3.040144189
1806	-0.07739502
1807	-0.066950945
1808	-0.201124222
1809	-0.086167163
1810	-1.76811591
1811	0.388118317
1812	1.504366311
1813	-0.115685439
1814	-0.454157415
1815	-0.022642771
1816	0.120780247
1817	0.747525711
1818	1.565026327
1819	2.302792363
1820	0.255268956
1821	2.621657207
1822	-0.429152665
1823	0.371068138
1824	0.148515765
1825	-0.020686367
1826	-0.223796597
1827	0.399147431
1828	1.454519612
1829	-0.314092019
1830	0.573946476
1831	0.501923129
1832	1.632582939
1833	0.804095691
1834	1.121610133
1835	0.248339858
1836	0.246001384
1837	-0.515107042
1838	0.493584215
1839	1.640273163
1840	-0.026368635
1841	0.479629354
1842	0.452141768
1843	0.236497973
1844	-0.094616734
1845	-2.384777154
1846	0.32112612
1847	-2.844542018
1848	-3.336168642
1849	-3.8086484
1850	-3.666467749
1851	-3.699967223
1852	-4.206044897
1853	-4.949355876
1854	-3.776378612
1855	-4.40741301
1856	-2.450683295
1857	-3.785302111
1858	-3.927606269
1859	-4.460673459
1860	-2.863347254
1861	-4.053812002
1862	-3.171959246
1863	-3.069822926
1864	-3.0980966
1865	-3.711007605
1866	-3.115002003
1867	-2.230600166
1868	-3.217159731
1869	-4.76249234
1870	-2.896817682
1871	-3.518655472
1872	-3.905847698
1873	-4.070327094
1874	-1.723228917
1875	-3.410713226
1876	-2.950486179
1877	-4.497874023
1878	1.53622863
1879	-3.79018243
1880	-4.045808735
1881	-4.473802717
1882	-4.088238522
1883	-2.590656889
1884	-4.270856227
1885	-4.05016639
1886	-4.276748455
1887	-1.802079902
1888	1.553144156
1889	-0.277289431
1890	0.219443934
1891	-0.408540832
1892	-0.486060106
1893	0.239848803
1894	1.410046863
1895	0.562990253
1896	1.309042582
1897	0.300988915
1898	-0.064812322
1899	2.470349633
1900	-0.597293935
1901	-0.107342178
1902	-0.364574417
1903	-0.435651428
1904	-0.785593549
1905	1.765135915
1906	-0.068970187
1907	0.863582322
1908	0.366970115
1909	0.033257271
1910	1.582057781
1911	0.275035842
1912	1.109325377
1913	2.047065628
1914	0.451184217
1915	2.076545636
1916	0.153616341
1917	0.046617662
1918	-0.005131093
1919	0.765725311
1920	0.117742711
1921	1.22533528
1922	-0.056211505
1923	0.143625068
1924	1.694672004
1925	1.454945746
1926	0.736834485
1927	-0.221837211
1928	0.380788332
1929	-0.324241556
1930	-0.840934394
1931	-0.002240196
1932	0.372692868
1933	0.33927971
1934	-0.276723014
1935	1.183533951
1936	0.729428251
1937	0.238958715
1938	1.137820213
1939	0.247121291
1940	-2.564592554
1941	0.616200591
1942	0.255434805
1943	0.865800464
1944	0.066862649
1945	1.060866243
1946	1.275032224
1947	-0.291936629
1948	0.391709261
1949	1.406659801
1950	0.15753003
1951	0.505555217
1952	0.028125198
1953	0.414460606
1954	0.863972331
1955	1.525459819
1956	0.018031336
1957	0.788523269
1958	1.316344891
1959	2.020458089
1960	1.856086082
1961	-2.692797624
1962	2.233858297
1963	0.454415559
1964	-0.379378818
1965	0.164049328
1966	2.310824062
1967	0.890051198
1968	0.230610743
1969	0.60957631
1970	1.92860997
1971	1.330788473
1972	0.815349262
1973	1.613075909
1974	1.186070232
1975	0.592842645
1976	0.670987412
1977	0.544621053
1978	0.854170124
1979	0.073874221
1980	-0.021850844
1981	0.93693602
1982	0.677284596
1983	0.54252769
1984	0.909552876
1985	0.552257415
1986	-0.698982215
1987	-0.032726547
1988	1.42122457
1989	-0.256536323
1990	1.240838982
1991	2.169629795
1992	-0.332112182
1993	-1.258028558
1994	-0.533716285
1995	-4.254017987
1996	-3.929494624
1997	-1.196114822
1998	0.010959697
1999	-3.082118325
2000	0.105184485
2001	-0.787369362
2002	-3.816027097
2003	-3.032489584
2004	-3.698598885
2005	-0.802179987
2006	1.243694455
2007	1.879567778
2008	-0.740571474
2009	0.615968196
2010	-0.10792839
2011	2.359675596
2012	0.291235685
2013	0.148074877
2014	0.184651994
2015	0.074775217
2016	0.272347433
2017	0.955267468
2018	-0.067807922
2019	-0.367760061
2020	0.193868589
2021	0.139521739
2022	0.643530817
2023	1.539219072
2024	-0.538304827
2025	0.368395187
2026	0.335822605
2027	0.293338545
2028	-0.242865376
2029	-0.234102486
2030	0.485439962
2031	0.355781247
2032	-0.227406196
2033	-3.997945638
2034	-4.07817384
2035	-4.167436011
2036	-4.413678478
2037	-3.005577652
2038	-3.56593898
2039	-3.457970851
2040	0.178087872
2041	0.234804747
2042	0.08745949
2043	0.460032905
2044	-0.007839426
2045	-2.434232004
2046	-0.061668012
2047	-0.180706704
2048	0.808877195
2049	0.412934979
2050	1.217415155
2051	0.400393672
2052	-0.289268989
2053	-0.286235061
2054	1.267456598
2055	1.245953095
2056	0.782291337
2057	0.160500131
2058	1.617319614
2059	2.070775717
2060	-0.659710402
2061	1.705813775
2062	0.018898224
2063	2.285220139
2064	-0.058822539
2065	-0.130829611
2066	-0.821846009
2067	1.143181887
2068	-0.448531559
2069	-0.283255929
2070	0.031633191
2071	1.025491591
2072	1.272166647
2073	2.31927446
2074	-1.011533113
2075	0.061638374
2076	1.535462707
2077	-0.333192813
2078	-0.146922883
2079	0.531059256
2080	0.550034182
2081	1.153034797
2082	0.882581208
2083	-0.402264272
2084	0.019900002
2085	0.869228667
2086	0.424351448
2087	0.02513459
2088	-0.097501526
2089	0.315346374
2090	-0.14026003
2091	-0.438745373
2092	-0.155181574
2093	-0.508664275
2094	0.308210052
2095	0.215932679
2096	0.723147649
2097	-0.194095662
2098	0.902369509
2099	1.426167622
2100	2.873295732
2101	1.373611539
2102	-0.460998584
2103	-0.229126718
2104	-0.784762986
2105	0.478850202
2106	0.460777228
2107	0.627120039
2108	0.201416964
2109	0.732913224
2110	1.84783299
2111	1.193341888
2112	0.026997726
2113	0.387834509
2114	0.824477604
2115	-0.079967562
2116	-0.083527886
2117	0.709689744
2118	0.863644452
2119	-0.618651201
2120	0.573811645
2121	1.22191444
2122	-0.214196466
2123	1.233788286
2124	0.225154363
2125	0.678593429
2126	0.84736484
2127	0.899689475
2128	0.415628625
2129	0.683231095
2130	0.052387897
2131	-0.633306265
2132	1.179351668
2133	0.316052953
2134	2.545185113
2135	-0.453051907
2136	0.429821853
2137	1.591723589
2138	0.410957954
2139	0.013026582
2140	1.991143144
2141	0.758305597
2142	0.11311973
2143	-0.184041161
2144	-0.144137243
2145	-0.251649866
2146	-0.378007554
2147	1.508513894
2148	-0.21094061
2149	1.48462459
2150	0.253031903
2151	0.064484993
2152	0.012647685
2153	0.136526079
2154	-0.574337935
2155	1.205514173
2156	0.522700371
2157	-1.090401341
2158	-0.037469565
2159	0.578645939
2160	-0.94051618
2161	0.386663219
2162	-0.19828861
2163	2.465146089
2164	-0.677407575
2165	0.177809329
2166	0.837976552
2167	-0.858593704
2168	0.708793641
2169	-0.788228869
2170	0.173712898
2171	1.706198041
2172	1.814439926
2173	1.907678808
2174	-0.982747539
2175	1.225211658
2176	1.441792536
2177	-0.010119365
2178	2.18273255
2179	-0.539999993
2180	0.229345551
2181	0.558047646
2182	-0.399500793
2183	0.060885066
2184	1.89428977
2185	0.834994952
2186	1.341718946
2187	1.183053084
2188	-0.511137557
2189	0.106065207
2190	0.671303746
2191	-0.605043897
2192	1.001442195
2193	0.651885335
2194	0.804140075
2195	-0.944901611
2196	1.018067428
2197	0.501302861
2198	-0.31652617
2199	2.263409402
2200	2.031557748
2201	-0.219916171
2202	-0.737817214
2203	-0.235257554
2204	0.029344966
2205	0.443111571
2206	0.526397487
2207	0.203042233
2208	1.997934664
2209	-0.237402689
2210	0.269260475
2211	1.697435414
2212	-0.285351112
2213	1.658106313
2214	-0.547772976
2215	0.483204018
2216	-0.537307338
2217	-1.731039671
2218	0.971954211
2219	-0.179359689
2220	0.583130437
2221	-2.805372229
2222	NULL
2223	-1.626819252
2224	-0.49548433
2225	0.717808975
2226	-0.239157439
2227	0.194176542
2228	1.855597538
2229	1.56161514
2230	1.678715947
2231	-0.514741628
2232	0.112246673
2233	2.327020823
2234	1.512726029
2235	0.548609764
2236	1.503061092
2237	0.858508504
2238	1.473461073
2239	-0.132619429
2240	0.807885229
2241	0.331386236
2242	-0.667022973
2243	0.756433756
2244	2.036963865
2245	0.204743981
2246	-0.054884075
2247	1.62311775
2248	0.418069694
2249	0.354564882
2250	0.294165708
2251	0.89882286
2252	-0.979556089
2253	-2.291908182
2254	0.115096899
2255	1.23490264
2256	0.604293302
2257	-0.306119226
2258	0.955947867
2259	-0.42619616
2260	1.285869992
2261	1.598963716
2262	0.171470348
2263	-0.843515977
2264	-0.094031657
2265	-0.269542659
2266	0.136134738
2267	0.755392909
2268	0.224185999
2269	0.900482406
2270	-0.29995338
2271	0.590975243
2272	-0.040783079
2273	0.384216988
2274	0.974947555
2275	0.003948235
2276	0.748041138
2277	0.455003522
2278	0.596719673
2279	0.197621998
2280	-0.526088296
2281	-0.309166886
2282	-0.829310125
2283	-0.529119548
2284	1.87291692
2285	0.151184288
2286	1.406759899
2287	-1.963689765
2288	0.537379262
2289	0.582117677
2290	0.291945678
2291	-2.612654839
2292	-1.503808926
2293	-4.007531432
2294	-2.871292338
2295	-1.313649551
2296	-3.596391524
2297	-2.694353542
2298	-1.749651574
2299	-1.814155523
2300	-2.961840114
2301	-2.484778097
2302	-2.061754827
2303	-0.189317454
2304	1.01107252
2305	-0.073597402
2306	-0.523536997
2307	-0.166934582
2308	-0.825850173
2309	0.10582788
2310	2.085834803
2311	-0.184723948
2312	0.09633669
2313	1.572672355
2314	-0.072760694
2315	0.230200706
2316	0.214844359
2317	-0.031838572
2318	1.0578091
2319	-0.371541736
2320	-0.428540113
2321	0.545628365
2322	0.026381416
2323	0.684611416
2324	-0.654844058
2325	-0.280229844
2326	0.944811054
2327	2.278113627
2328	-0.37749596
2329	0.147025832
2330	1.538180132
2331	1.208919247
2332	0.834372478
2333	0.492626388
2334	-0.063409651
2335	0.870064155
2336	1.022484665
2337	-0.439432524
2338	0.593789414
2339	1.000805608
2340	0.535317816
2341	0.242216054
2342	0.39025793
2343	0.917958431
2344	0.85848297
2345	0.709854361
2346	-0.350753794
2347	0.663104618
2348	1.364246307
2349	0.630251984
2350	1.29462935
2351	0.299793783
2352	0.728817112
2353	0.411183267
2354	0.627619287
2355	0.078930179
2356	1.142421293
2357	2.098703201
2358	0.934240662
2359	-0.134890018
2360	0.927094253
2361	0.518289978
2362	-0.262658498
2363	1.361917335
2364	0.19032001
2365	2.203678298
2366	-0.285016818
2367	0.642465181
2368	0.595530958
2369	1.668524418
2370	0.349038131
2371	0.757453174
2372	1.979024994
2373	1.410977823
2374	0.60445619
2375	1.436295345
2376	1.616550177
2377	0.062041766
2378	1.626407023
2379	-1.560915808
2380	1.216356731
2381	2.214596388
2382	0.658149662
2383	0.898174262
2384	0.294158735
2385	0.006506257
2386	1.445748225
2387	1.33176731
2388	0.397880236
2389	1.494769811
2390	0.329677739
2391	-0.147021477
2392	-0.688488237
2393	0.514931018
2394	1.596646685
2395	-0.344030747
2396	2.284101868
2397	-0.041117348
2398	0.540835055
2399	0.527440052
2400	0.499837267
2401	0.830969775
2402	0.752706191
2403	0.13914001
2404	0.598279329
2405	1.274984371
2406	-0.327771172
2407	0.872112914
2408	-0.941276941
2409	-0.6585159
2410	-0.651148443
2411	0.258172896
2412	1.121090668
2413	-0.244386644
2414	0.969639231
2415	-0.517853801
2416	-0.347019446
2417	1.121883024
2418	1.743220629
2419	0.923619141
2420	-0.538058847
2421	1.627600231
2422	1.743787085
2423	-0.407707873
2424	-0.324035096
2425	0.679818289
2426	0.624013893
2427	0.239051447
2428	-0.237548177
2429	0.425967849
2430	-0.02808252
2431	-0.045351845
2432	0.893151609
2433	0.555686538
2434	0.563391302
2435	0.51688344
2436	-1.493938186
2437	0.519338203
2438	1.525999823
2439	1.552432592
2440	2.325183186
2441	0.431803837
2442	0.876967224
2443	1.434610374
2444	0.542197911
2445	0.973379222
2446	0.605367418
2447	-0.606883886
2448	0.089683
2449	2.062751958
2450	-0.180986604
2451	1.270338837
2452	0.195752854
2453	1.943676149
2454	1.417100208
2455	0.212615862
2456	1.516031832
2457	0.046501264
2458	0.782390112
2459	-0.510545966
2460	0.699535028
2461	-0.918299807
2462	0.482124655
2463	1.446600441
2464	-0.644395039
2465	-2.777359684
2466	1.141283425
2467	0.234050646
2468	1.0222839
2469	0.543253459
2470	0.831701746
2471	0.717400187
2472	-1.018221809
2473	-0.041634997
2474	0.348977671
2475	0.260879843
2476	1.745011453
2477	0.485321465
2478	1.026916719
2479	-0.066906227
2480	-0.109794181
2481	0.197171855
2482	-0.707465623
2483	1.640618212
2484	1.367929919
2485	1.199205714
2486	-0.058009575
2487	-0.123429072
2488	1.499465264
2489	-0.323173871
2490	-0.064044826
2491	0.233234596
2492	0.417472239
2493	1.591868654
2494	2.37215634
2495	-0.272616204
2496	1.130905502
2497	0.079313456
2498	1.558890887
2499	1.262123232
2500	1.069112093
2501	1.490015535
2502	-0.084180287
2503	0.221289429
2504	1.00179161
2505	0.232263848
2506	0.939096162
2507	0.038486625
2508	0.824315081
2509	-1.650914558
2510	-1.845948459
2511	-3.043225285
2512	-1.350555479
2513	-2.711990914
2514	0.591104275
2515	1.158165551
2516	-0.541864424
2517	-0.035843201
2518	1.233078878
2519	0.657850746
2520	1.560700622
2521	0.357839957
2522	-0.032837686
2523	1.737184827
2524	0.519305847
2525	1.163173851
2526	0.240790454
2527	0.038155448
2528	0.315351553
2529	0.544647427
2530	1.251549592
2531	0.524698558
2532	0.493520242
2533	0.441205803
2534	1.609482701
2535	-0.514538358
2536	0.416632768
2537	-0.54515398
2538	1.233253443
2539	2.285433332
2540	0.443684812
2541	0.163974354
2542	-0.107150554
2543	0.382913282
2544	-1.770330239
2545	-2.075641364
2546	0.270902906
2547	-1.739043701
2548	-3.093043676
2549	0.986118701
2550	-0.551684978
2551	1.38028957
2552	0.866494474
2553	1.305261153
2554	-0.514300265
2555	0.575742775
2556	-0.429836849
2557	-0.433885671
2558	2.373171171
2559	1.122139949
2560	-0.443751936
2561	1.791603216
2562	0.461168399
2563	0.288575208
2564	-0.824165279
2565	-0.452233457
2566	1.920886633
2567	0.891492679
2568	1.401385729
2569	0.380233638
2570	-0.111343956
2571	0.426676041
2572	0.718872141
2573	0.957840363
2574	2.30981746
2575	0.2336668
2576	0.8570597
2577	0.514600328
2578	-0.581220397
2579	-0.447736439
2580	2.122401365
2581	0.096687321
2582	0.361426259
2583	1.999021269
2584	0.485982285
2585	0.049081271
2586	-0.176860717
2587	-0.295337107
2588	0.625690088
2589	0.787593874
2590	1.106255324
2591	0.524563569
2592	1.456527895
2593	0.076154796
2594	-0.580153073
2595	-0.079404666
2596	1.184493354
2597	-1.485496085
2598	0.715535636
2599	0.486409283
2600	1.143199247
2601	0.840958247
2602	0.466751255
2603	0.822960372
2604	1.861618301
2605	2.625137276
2606	0.993812086
2607	-0.292260187
2608	-0.325973592
2609	-0.627201872
2610	2.433540627
2611	-0.724514051
2612	1.70413753
2613	0.36717751
2614	1.022975176
2615	0.70264302
2616	0.701318864
2617	-0.390155457
2618	-0.528995232
2619	-0.417832574
2620	1.848864588
2621	1.181940648
2622	1.035911353
2623	0.28174326
2624	2.20076999
2625	0.389395938
2626	1.363502965
2627	0.135354947
2628	0.254467363
2629	0.580992124
2630	0.06352648
2631	0.103471826
2632	0.996719022
2633	-0.770037309
2634	0.621524518
2635	0.284286285
2636	-0.463662432
2637	0.336257467
2638	-0.017425596
2639	0.269773639
2640	1.677586954
2641	0.801931698
2642	1.273297701
2643	-0.218841789
2644	2.184138556
2645	0.941661467
2646	0.070155188
2647	0.127142261
2648	-0.768257454
2649	-0.264174861
2650	0.546453587
2651	0.133376755
2652	0.269124465
2653	0.731317187
2654	-0.298221242
2655	-0.294342157
2656	0.728461013
2657	0.686774232
2658	0.352553164
2659	-0.106875476
2660	-0.363498991
2661	2.252892248
2662	1.666348667
2663	1.546682424
2664	-0.528245419
2665	0.751344864
2666	-0.506679279
2667	1.83136479
2668	0.912816563
2669	0.010453842
2670	0.803358677
2671	0.309177421
2672	0.375902726
2673	-0.379095759
2674	0.259072656
2675	0.23442827
2676	0.256158763
2677	1.365837568
2678	-0.17554581
2679	1.024208459
2680	1.767404814
2681	0.3515617
2682	2.638482257
2683	-0.301669553
2684	-0.281476288
2685	-3.291090479
2686	0.460752687
2687	-0.603970956
2688	0.6258949
2689	1.97760478
2690	0.587695315
2691	1.719977883
2692	0.328884869
2693	1.747533149
2694	0.59605904
2695	1.522109686
2696	-0.03763655
2697	-0.090461385
2698	0.825140978
2699	0.14314846
2700	2.124902881
2701	0.085326486
2702	0.492498689
2703	1.841478709
2704	0.262179776
2705	0.960630587
2706	0.519479292
2707	0.063927585
2708	0.854230083
2709	-0.478315964
2710	0.404168875
2711	0.758075861
2712	0.403486367
2713	0.861035215
2714	-0.18475775
2715	2.742188654
2716	0.237416594
2717	2.420343408
2718	-0.458717383
2719	-0.253546136
2720	2.340712468
2721	0.226454
2722	-0.278370096
2723	2.580886055
2724	0.240973783
2725	1.035610845
2726	0.323443358
2727	0.091426315
2728	0.308633979
2729	2.376529552
2730	-0.305098196
2731	0.21195851
2732	-0.536092625
2733	0.492186099
2734	0.399030663
2735	0.262431373
2736	0.863427999
2737	0.306170375
2738	0.418016929
2739	-0.426912381
2740	0.073044117
2741	0.266067727
2742	0.97068692
2743	-2.218024025
2744	-4.119438366
2745	0.005157405
2746	1.821377118
2747	0.173132091
2748	2.132627491
2749	-0.664807733
2750	0.477720346
2751	1.193164718
2752	1.626585063
2753	1.997990029
2754	-0.521075217
2755	0.105700407
2756	1.869554615
2757	1.17065165
2758	0.106874724
2759	1.231905491
2760	0.177313277
2761	0.695413348
2762	0.235941649
2763	0.0459873
2764	-0.059368881
2765	2.305938508
2766	1.180282507
2767	0.577720348
2768	-0.916360026
2769	-0.430299396
2770	1.960193869
2771	0.093029064
2772	1.947091567
2773	1.245621067
2774	0.217919229
2775	0.390099733
2776	-0.005793158
2777	0.516037866
2778	-0.229916218
2779	-2.870752735
2780	1.353236659
2781	1.137880494
2782	0.648694397
2783	-2.432457789
2784	0.722326917
2785	1.748673286
2786	-4.715748111
2787	-3.612955865
2788	-1.648252156
2789	0.610682165
2790	1.793324897
2791	0.571234131
2792	0.363687009
2793	0.286703153
2794	0.585309918
2795	0.445390745
2796	0.001455949
2797	0.293165027
2798	-0.215131768
2799	0.134590479
2800	1.411605419
2801	0.097845397
2802	0.401381892
2803	0.999699245
2804	0.912280624
2805	0.330431929
2806	2.399593994
2807	2.565164606
2808	1.607637531
2809	-0.655317616
2810	-3.248524711
2811	-2.809875444
2812	-2.4330845
2813	-0.516344933
2814	1.477916156
2815	0.315047912
2816	0.378384512
2817	0.166915957
2818	0.228380713
2819	0.260065951
2820	0.024932896
2821	0.220242164
2822	0.498114332
2823	0.12962454
2824	-0.892239859
2825	-0.142577454
2826	0.708483298
2827	-0.308776743
2828	0.021031061
2829	1.133328244
2830	0.106868398
2831	-0.236588219
2832	-0.178676763
2833	-0.105025446
2834	1.209173802
2835	0.259259739
2836	0.150069444
2837	0.650347106
2838	-0.050857271
2839	0.126087841
2840	-0.259255147
2841	-0.497899509
2842	0.92528074
2843	1.748789327
2844	1.024935412
2845	0.248288898
2846	0.987936742
2847	-0.105717377
2848	2.442122391
2849	0.749804123
2850	0.954206756
2851	0.018753191
2852	0.220383828
2853	-0.081999648
2854	0.254695036
2855	0.026926584
2856	0.112461616
2857	-0.148066178
2858	0.104920708
2859	-0.447424783
2860	-0.044755236
2861	0.158396109
2862	1.444089712
2863	0.504209495
2864	0.595349894
2865	1.485865854
2866	0.754909787
2867	-0.135066531
2868	1.590869747
2869	-0.343250353
2870	1.858415331
2871	0.701056466
2872	-0.017430427
2873	0.188622897
2874	-0.249179777
2875	0.451776618
2876	-2.701234594
2877	-2.227209011
2878	0.774022249
2879	-4.313094306
2880	-3.88040807
2881	-4.735698004
2882	0.366895061
2883	-0.391762679
2884	-1.224219959
2885	-0.047307438
2886	-1.109788565
2887	-2.394845997
2888	-1.052315735
2889	-3.202556218
2890	-4.360969289
2891	-4.014605354
2892	-2.492096954
2893	-2.138322539
2894	-3.60888303
2895	-3.212759285
2896	-4.131020174
2897	-2.117080769
2898	-1.261550449
2899	-2.883243374
2900	-4.635799736
2901	-5.705674546
2902	-3.08108556
2903	-2.763412963
2904	-4.852245333
2905	-4.507498335
2906	-2.743029433
2907	-5.474901254
2908	-4.869925345
2909	-4.300924402
2910	-4.528519947
2911	-2.399663434
2912	-2.240317715
2913	-3.797000952
2914	-3.417297285
2915	-3.35140954
2916	-2.940595021
2917	1.845852306
2918	-1.212866795
2919	-2.277723619
2920	1.616117776
2921	0.45934711
2922	-0.969517329
2923	-3.08416828
2924	-2.442561308
2925	-2.629778328
2926	-2.116993764
2927	-5.026418642
2928	-3.731601742
2929	-4.130926984
2930	-4.379102098
2931	-3.328733891
2932	0.017936143
2933	-0.324200779
2934	1.738392605
2935	0.405978448
2936	0.65374406
2937	0.247330474
2938	2.821808997
2939	0.087618221
2940	0.035154413
2941	0.392124472
2942	0.459484236
2943	-0.884567003
2944	-0.205901316
2945	0.978732503
2946	-0.327642737
2947	0.389690372
2948	0.385813552
2949	2.012095492
2950	0.321914623
2951	0.261355072
2952	1.707122676
2953	0.121150672
2954	0.495227245
2955	0.247630085
2956	0.034321792
2957	1.53579168
2958	1.075249831
2959	0.302329129
2960	1.340273559
2961	1.25698958
2962	0.034106931
2963	-0.122224376
2964	1.965889974
2965	-0.511980364
2966	-0.187099465
2967	0.33067674
2968	-0.015959314
2969	1.73312351
2970	0.215477858
2971	1.534257044
2972	1.687130176
2973	-0.525128296
2974	0.355554138
2975	1.11796205
2976	-0.553408839
2977	0.835378207
2978	1.470856989
2979	2.16402992
2980	0.333866731
2981	2.128214171
2982	1.232964487
2983	0.19687614
2984	0.410116236
2985	1.39636296
2986	2.238101364
2987	0.950102718
2988	0.905436313
2989	0.466850777
2990	0.37649344
2991	0.939230249
2992	1.847629028
2993	1.820521739
2994	-0.045560902
2995	1.701403349
2996	0.121315583
2997	0.775168129
2998	1.863031784
2999	0.409809264
3000	0.181075934
3001	0.459356884
3002	-0.666552685
3003	-3.336692553
3004	-3.049889032
3005	-4.664748395
3006	0.664872375
3007	-0.78177952
3008	-0.511759748
3009	-2.176439433
3010	-3.46113462
3011	-3.67100323
3012	-3.426913346
3013	-3.378752705
3014	-1.518678546
3015	1.355537816
3016	2.165231087
3017	0.015498645
3018	1.892759693
3019	-0.298159348
3020	0.914564791
3021	0.873993632
3022	2.260038664
3023	1.174810615
3024	-0.828306171
3025	0.16877935
3026	-0.582752053
3027	0.095378278
3028	0.71428865
3029	-0.018000081
3030	0.46867382
3031	-0.347872853
3032	1.463635838
3033	-0.765125857
3034	0.348589325
3035	1.370602386
3036	0.38093705
3037	0.203444612
3038	1.606931051
3039	0.328980369
3040	2.237920336
3041	0.137958931
3042	-0.060196509
3043	-0.446315568
3044	2.18783494
3045	1.601166346
3046	1.347213025
3047	1.224352005
3048	0.558283066
3049	-0.00356639
3050	0.731888242
3051	-0.045961934
3052	0.962658022
3053	0.50260783
3054	-0.663908762
3055	0.795657394
3056	1.006807406
3057	0.441652385
3058	-0.561226717
3059	-4.879811737
3060	-4.926997516
3061	-4.790869807
3062	-4.350042846
3063	-2.991497254
3064	-2.255754674
3065	-2.336043065
3066	-2.902662092
3067	-1.149284549
3068	0.760269596
3069	2.560341908
3070	0.037004818
3071	1.147491049
3072	-0.571749051
3073	2.314143305
3074	0.621708251
3075	1.677848135
3076	1.308064419
3077	-1.050016403
3078	-0.100626331
3079	1.576563474
3080	1.165852247
3081	1.776756603
3082	0.25364883
3083	1.471004735
3084	-0.692804725
3085	0.297077188
3086	-0.703059246
3087	0.081623046
3088	-0.250134967
3089	0.143778737
3090	0.220176494
3091	0.700015666
3092	-3.446784613
3093	-0.337822217
3094	-1.38314529
3095	1.198744013
3096	0.249842357
3097	0.373884519
3098	0.125181897
3099	0.282609987
3100	1.495637233
3101	-1.002800859
3102	0.714874196
3103	1.117363751
3104	0.053600097
3105	-0.03578386
3106	1.136223563
3107	0.260201442
3108	-3.287297567
3109	-4.497713216
3110	-4.725443884
3111	-4.061832121
3112	-3.21308414
3113	-0.64463979
3114	-0.668402785
3115	0.311013712
3116	0.328019194
3117	1.343710203
3118	0.298654986
3119	-0.319664286
3120	0.011749372
3121	0.092324655
3122	-1.597663984
3123	0.940337843
3124	2.404148067
3125	-0.392300235
3126	-0.656168748
3127	-1.980834804
3128	-3.944563862
3129	-3.942832267
3130	-4.502264054
3131	-4.478293536
3132	-3.728573458
3133	-3.07055233
3134	-1.443578879
3135	-4.457869348
3136	-3.878089232
3137	-3.893155058
3138	-3.94424837
3139	-2.489676771
3140	-1.145273367
3141	0.79543649
3142	0.644203741
3143	1.991700123
3144	-1.714216401
3145	-3.456789304
3146	-4.406597978
3147	-0.44271397
3148	-0.258384716
3149	-0.28106964
3150	1.545066889
3151	0.304221533
3152	0.546594153
3153	-0.538768678
3154	1.190550841
3155	1.641440684
3156	0.537431633
3157	0.184446506
3158	1.101004057
3159	2.078964047
3160	0.201523287
3161	0.93371693
3162	0.56211557
3163	0.341871179
3164	-0.582013531
3165	1.009052886
3166	-0.464078092
3167	-0.035077983
3168	0.073029675
3169	-0.091900501
3170	-3.161482059
3171	0.095997262
3172	0.482159772
3173	0.622062713
3174	0.132221819
3175	0.341339396
3176	0.202083764
3177	-0.251585249
3178	0.695862728
3179	0.005160198
3180	1.272441688
3181	1.294996088
3182	2.002260621
3183	2.217048223
3184	0.683277535
3185	1.642210812
3186	0.504928662
3187	1.074528602
3188	1.60917966
3189	2.009328699
3190	0.343505325
3191	-0.358499789
3192	0.566952956
3193	-0.423654997
3194	0.868886502
3195	0.400856655
3196	0.249615992
3197	-1.219103143
3198	0.200671438
3199	-3.971561069
3200	1.896854032
3201	0.172159332
3202	-0.059870838
3203	0.332998938
3204	2.118585776
3205	1.412271516
3206	1.536270466
3207	0.682220353
3208	-0.401607927
3209	1.558072966
3210	0.339582748
3211	-0.232979578
3212	1.046494184
3213	0.90604702
3214	0.976865837
3215	-0.238671341
3216	0.127655965
3217	0.726317076
3218	0.059175321
3219	0.188859904
3220	0.16169426
3221	0.934075877
3222	0.429780818
3223	0.170439698
3224	2.268478808
3225	0.523830241
3226	1.349662501
3227	2.265051828
3228	0.61811622
3229	0.672146834
3230	0.497423564
3231	0.531130322
3232	0.001457386
3233	1.693547714
3234	1.436797524
3235	0.309358558
3236	1.839882172
3237	-0.583188633
3238	0.109113547
3239	1.723452457
3240	1.093716074
3241	0.428672487
3242	0.015298901
3243	2.421502281
3244	0.898356473
3245	0.997072805
3246	0.886886944
3247	2.014527399
3248	0.677076048
3249	-0.395118238
3250	-0.43955511
3251	2.65665618
3252	-0.021071425
3253	0.246578835
3254	-0.102119416
3255	-0.077941098
3256	2.228949732
3257	-0.205856814
3258	0.704827175
3259	1.992407488
3260	-0.828400311
3261	2.690601688
3262	-0.932636528
3263	1.307101768
3264	-0.2136981
3265	0.084250657
3266	0.662912267
3267	1.482376234
3268	0.194972328
3269	1.615475201
3270	0.473820561
3271	0.563043827
3272	-0.185559701
3273	1.985639033
3274	0.721525724
3275	1.435899615
3276	1.00941645
3277	0.223582639
3278	-0.408627492
3279	0.387094868
3280	-0.523054015
3281	0.244284266
3282	-0.022311023
3283	0.022870227
3284	-0.106589272
3285	0.305714566
3286	0.208711182
3287	0.142595083
3288	0.739869929
3289	0.343101261
3290	-0.254644311
3291	-0.53801898
3292	0.297495241
3293	0.505213586
3294	0.719137759
3295	1.382009564
3296	-0.100324046
3297	1.729294506
3298	0.337307716
3299	1.374778916
3300	0.808143693
3301	0.817397203
3302	0.393321601
3303	1.347062322
3304	1.665598227
3305	0.042562312
3306	-0.555446068
3307	0.058819384
3308	0.091726757
3309	0.869083192
3310	-4.131392176
3311	-4.44681676
3312	-4.227340329
3313	-4.611407965
3314	-3.559809938
3315	-3.536289238
3316	-4.961257462
3317	-3.796759215
3318	-4.835761765
3319	-4.167606354
3320	-2.752190442
3321	-3.413494975
3322	-2.658684205
3323	-2.067572469
3324	-3.949185746
3325	-4.15063128
3326	-2.876371405
3327	-3.026576105
3328	-2.723229409
3329	-2.917899951
3330	-1.238081485
3331	-3.210061265
3332	-2.670192289
3333	-3.042996967
3334	2.738224403
3335	-0.538886377
3336	-0.569140482
3337	0.476935831
3338	0.996630019
3339	-0.012205123
3340	1.640421815
3341	-1.010058258
3342	-1.527401273
3343	1.441231106
3344	0.151684901
3345	0.293253
3346	-0.326517854
3347	0.451002535
3348	0.706686923
3349	-0.417584207
3350	0.030096879
3351	-0.691190368
3352	-0.229137952
3353	0.202126949
3354	0.374930556
3355	-3.590851122
3356	-3.856359809
3357	-2.18611888
3358	-2.462077759
3359	0.601918
3360	0.776421933
3361	-0.581048863
3362	-3.37648302
3363	2.088509701
3364	0.875526729
3365	1.125648782
3366	-2.065081338
3367	-0.375914936
3368	-0.446932164
3369	1.489902237
3370	0.146371588
3371	-1.527901307
3372	-0.210555024
3373	0.413929823
3374	0.358977862
3375	-0.116165724
3376	0.741668095
3377	0.271306495
3378	-0.338199121
3379	1.170672367
3380	0.185446722
3381	1.523749505
3382	1.261349984
3383	2.244053305
3384	1.068299321
3385	1.025526222
3386	0.698625065
3387	0.907829967
3388	-0.218643196
3389	1.147374432
3390	1.136069955
3391	0.265111549
3392	-0.355766975
3393	-0.246519351
3394	0.27564609
3395	0.457528488
3396	0.6754423
3397	0.238867459
3398	-0.56660933
3399	0.869205024
3400	1.350727213
3401	0.469476571
3402	-0.181755646
3403	0.359305261
3404	-0.188492155
3405	-0.142318681
3406	1.848496525
3407	-1.016847744
3408	-0.271418621
3409	0.618836925
3410	0.253332317
3411	0.362425061
3412	1.716283228
3413	1.528983665
3414	1.693867688
3415	2.077959466
3416	0.411220649
3417	1.02758557
3418	0.754836834
3419	0.060121069
3420	-0.160630126
3421	-0.006065354
3422	-0.272302925
3423	0.431004076
3424	0.742336205
3425	2.215761799
3426	0.047605027
3427	1.524593664
3428	0.506339936
3429	0.025808838
3430	-0.457667335
3431	0.051784501
3432	0.359140966
3433	1.904542842
3434	-2.058935761
3435	-0.844603958
3436	2.038841494
3437	0.840955295
3438	1.314711258
3439	1.836689068
3440	0.492423334
3441	0.18428703
3442	0.201280352
3443	0.414817069
3444	-0.199086676
3445	1.945099792
3446	-1.280548252
3447	-0.024190337
3448	0.491743962
3449	0.122271298
3450	0.194544467
3451	1.523183493
3452	0.665492897
3453	-0.003003258
3454	1.486155751
3455	-0.301448539
3456	1.829292819
3457	0.761925747
3458	-0.337230742
3459	0.544707828
3460	0.568105706
3461	0.541986373
3462	-0.081243326
3463	0.249852252
3464	0.901310716
3465	0.866044765
3466	0.423642818
3467	-0.115754412
3468	1.752056892
3469	-0.085570637
3470	-0.405043737
3471	0.47431916
3472	-0.159033663
3473	0.183272467
3474	0.01660357
3475	0.969663311
3476	0.130695546
3477	0.489433983
3478	1.673557247
3479	0.562158944
3480	0.425176667
3481	2.127912342
3482	0.111247961
3483	-0.291027542
3484	0.33521598
3485	0.895042288
3486	-0.188519409
3487	0.718153036
3488	-0.371170682
3489	1.471633292
3490	0.352978863
3491	2.399944031
3492	0.913079585
3493	0.084108304
3494	0.543031499
3495	2.034518064
3496	0.625660394
3497	0.636827389
3498	1.243131985
3499	0.001460472
3500	0.216392726
3501	1.154024565
3502	0.768941672
3503	0.032687152
3504	1.517987832
3505	-3.041046022
3506	-1.267255464
3507	1.287745326
3508	-2.924500514
3509	-4.416039408
3510	-3.461817404
3511	-2.785399611
3512	-3.631083544
3513	-3.484637697
3514	-0.033213037
3515	0.838816323
3516	1.070902559
3517	2.133448637
3518	-0.684482736
3519	-0.130710502
3520	0.474955473
3521	-0.37344013
3522	0.247822642
3523	0.04122366
3524	0.030553336
3525	1.645798375
3526	0.972329432
3527	1.81903832
3528	2.365440997
3529	-0.522505778
3530	-0.397315844
3531	1.682008846
3532	-0.282046993
3533	-0.13743854
3534	2.305495749
3535	0.654603691
3536	1.123386509
3537	0.32524139
3538	-0.497926562
3539	0.326068392
3540	0.241917972
3541	0.628834533
3542	-0.147535963
3543	0.569365723
3544	-0.319740392
3545	2.10787364
3546	1.499345118
3547	0.806337723
3548	-0.232512456
3549	1.095680582
3550	2.032094631
3551	0.653812719
3552	0.414220789
3553	1.965977025
3554	0.670492028
3555	1.302540516
3556	1.376753822
3557	-0.303162547
3558	0.367897517
3559	1.598356961
3560	1.146705418
3561	1.120236878
3562	0.148205371
3563	2.286390093
3564	1.046243832
3565	0.835314182
3566	0.61040875
3567	0.941911973
3568	1.256641714
3569	1.02359052
3570	0.530486132
3571	0.773578344
3572	-0.164161185
3573	0.682248282
3574	1.253179199
3575	0.039885532
3576	0.624984737
3577	-0.216925426
3578	1.743268848
3579	-0.196171793
3580	-0.093751237
3581	-0.117076249
3582	1.326197065
3583	0.540529865
3584	2.347688703
3585	0.098782913
3586	-0.111448767
3587	-0.395164079
3588	0.393520809
3589	1.877637688
3590	1.434194438
3591	-0.258851131
3592	1.555559626
3593	0.020555474
3594	0.014271521
3595	-0.400823751
3596	1.814981122
3597	0.336529319
3598	0.210849561
3599	0.919497617
3600	0.245058782
3601	0.542016781
3602	-0.220073311
3603	-0.22197207
3604	1.196672276
3605	1.870972214
3606	1.178623893
3607	0.179704877
3608	-0.04623893
3609	0.970221747
3610	-2.837750171
3611	-4.254010065
3612	0.815207591
3613	0.504249977
3614	0.188965905
3615	-0.264891657
3616	-0.6166678
3617	-0.191548002
3618	2.670472708
3619	0.158806729
3620	0.573405023
3621	0.580099339
3622	1.35697398
3623	-0.214037673
3624	0.808167253
3625	-0.012003494
3626	1.751837551
3627	1.779700218
3628	0.922230621
3629	0.312083526
3630	2.285877304
3631	0.910695438
3632	-0.172209485
3633	0.178139633
3634	0.319466061
3635	0.520641386
3636	1.497310095
3637	0.393079277
3638	-0.137241185
3639	0.176058437
3640	0.263550378
3641	2.283436632
3642	0.033175627
3643	-0.195940696
3644	-0.434475927
3645	0.748899308
3646	0.731692001
3647	0.848962334
3648	1.309828943
3649	-0.0567107
3650	-0.442529187
3651	-0.453868011
3652	0.404375725
3653	0.13322063
3654	0.315308413
3655	1.166499313
3656	0.108508677
3657	0.265730736
3658	0.173627386
3659	0.487993878
3660	0.794434626
3661	-4.489335364
3662	-4.910249874
3663	-3.709677524
3664	-4.521161947
3665	-3.362989731
3666	-3.875009654
3667	-4.763596674
3668	-4.827851959
3669	-5.319396878
3670	-3.122740556
3671	-3.080247726
3672	1.641283429
3673	-0.116711271
3674	1.328431751
3675	0.082540013
3676	-0.257297048
3677	0.115254119
3678	1.045775594
3679	4.706084867
3680	0.783637401
3681	3.577120277
3682	4.421766983
3683	3.860080475
3684	5.093553326
3685	3.544655075
3686	1.401283187
3687	5.685455283
3688	5.037309089
3689	5.362392091
3690	2.936018603
3691	6.574488449
3692	5.624185001
3693	1.155735447
3694	-0.646440466
3695	-3.09531372
3696	0.195384203
3697	-0.280841318
3698	-0.133753632
3699	-0.019991569
3700	-0.20695107
3701	1.927540079
3702	0.119883958
3703	-0.070538656
3704	-0.338444173
3705	4.160192507
3706	2.518101528
3707	0.439066803
3708	-0.551917782
3709	-0.277762512
3710	2.181538112
3711	-1.648396848
3712	-0.919081157
3713	1.978339993
3714	0.72241126
3715	1.54204478
3716	-0.084878589
3717	3.248448582
3718	-0.125160087
3719	-1.249659186
3720	2.630478121
3721	1.533250212
3722	1.601526559
3723	1.178480104
3724	0.663571779
3725	-0.916992856
3726	0.025077311
3727	2.205073826
3728	0.264670111
3729	-0.421887313
3730	0.348130137
3731	-0.880140695
3732	0.178083578
3733	-0.044597681
3734	0.084354243
3735	-0.155846135
3736	0.870016115
3737	-1.688486531
3738	5.880866247
3739	0.097782369
3740	3.930680219
3741	3.79111578
3742	3.861939226
3743	4.708662064
3744	3.95495589
3745	0.219981268
3746	0.151836442
3747	-1.643205872
3748	5.70715615
3749	5.671475393
3750	-1.995999743
3751	1.068557194
3752	0.058759066
3753	0.106176632
3754	0.352386862
3755	-0.572222203
3756	0.54560345
3757	-0.301926888
3758	0.104561292
3759	-0.850843988
3760	1.388214543
3761	1.026359074
3762	1.444088673
3763	0.358135152
3764	-0.249255912
3765	1.269640543
3766	-0.251631225
3767	0.212036774
3768	2.163664305
3769	0.879164074
3770	-0.114893269
3771	1.390525823
3772	-0.318164811
3773	0.464320973
3774	0.205191434
3775	-0.143562386
3776	0.649736043
3777	0.750797207
3778	-0.324233488
3779	0.344649264
3780	3.51410459
3781	3.218145671
3782	0.692521778
3783	5.142436055
3784	4.159208413
3785	3.259158135
3786	-0.121189395
3787	0.829417098
3788	1.568091264
3789	0.800262953
3790	0.347667067
3791	-1.26310714
3792	1.24525227
3793	-0.961456068
3794	5.278526774
3795	4.613487893
3796	2.571588577
3797	-0.594226462
3798	5.204811187
3799	0.011120822
3800	3.435499441
3801	5.519037367
3802	-0.492032504
3803	0.968288579
3804	4.461221441
3805	3.209799895
3806	1.118859874
3807	4.374928629
3808	6.866635165
3809	1.427495183
3810	0.31955477
3811	0.117042245
3812	2.536477599
3813	2.758346171
3814	3.657257501
3815	0.080308495
3816	-0.305674973
3817	-0.499577088
3818	3.460286443
3819	0.082962334
3820	4.099319475
3821	0.728487953
3822	1.567177488
3823	-0.450021175
3824	2.343833104
3825	3.17881193
3826	0.06671944
3827	0.166560295
3828	0.578639339
3829	1.340750648
3830	0.435974886
3831	0.058529357
3832	0.530739296
3833	2.817127614
3834	-0.083770903
3835	-0.789700906
3836	0.312198396
3837	0.949437392
3838	0.308522035
3839	0.315890374
3840	1.301910138
3841	0.921492527
3842	-0.060244914
3843	-2.384670559
3844	-0.530391046
3845	1.024640546
3846	-0.163932202
3847	1.469266225
3848	0.49722877
3849	5.384847694
3850	6.863703886
3851	3.369119095
3852	3.550290785
3853	1.09995014
3854	-0.182536567
3855	-0.210082614
3856	5.970638654
3857	4.465886399
3858	0.543014174
3859	-0.250485906
3860	0.668183425
3861	0.352034454
3862	0.237778787
3863	2.505956075
3864	0.807614141
3865	-1.066554395
3866	-0.140900223
3867	0.244868522
3868	-3.645636136
3869	1.730968382
3870	0.511848549
3871	-0.494959057
3872	1.424440633
3873	-0.358122132
3874	3.385996748
3875	4.863376101
3876	3.087600278
3877	3.307540347
3878	3.617077506
3879	4.363229839
3880	-0.455930001
3881	-0.262732123
3882	-2.45763576
3883	-0.6329406
3884	0.7983706
3885	-1.081055977
3886	2.391898149
3887	0.928085549
3888	-0.777437335
3889	-0.573781216
3890	0.681091749
3891	0.139789721
3892	-0.085863943
3893	0.159446807
3894	-0.046634779
3895	-0.976518029
3896	-0.198372818
3897	1.042386525
3898	-0.978010737
3899	0.497112886
3900	0.731092279
3901	-1.795991193
3902	1.64094776
3903	-0.368978734
3904	-1.324811721
3905	0.048653732
3906	-1.130822153
3907	0.06454416
3908	-1.473098831
3909	1.180615785
3910	-0.328950943
3911	NULL
3912	0.612557431
3913	-0.672165537
3914	1.204988976
3915	-0.003481131
3916	-0.086713867
3917	1.710745087
3918	NULL
3919	0.540131647
3920	-0.14649082
3921	0.662679374
3922	-0.296194251
3923	0.104511548
3924	-1.241978125
3925	0.326691304
3926	1.455217596
3927	-0.683583239
3928	-1.123714236
3929	2.085756171
