1	0.379
2	0.239
3	0.289
4	0.149
5	-0.031
6	-0.041
7	0.159
8	-0.181
9	-0.181
10	0.049
11	0.109
12	-0.181
13	-0.251
14	0.109
15	-0.181
16	-0.111
17	0.359
18	-0.051
19	-0.321
20	0.229
22	0.119
23	-0.251
24	0.259
25	-0.031
26	0.319
27	-0.381
28	-0.081
29	-0.171
30	-0.131
31	0.149
32	-0.031
33	-0.171
34	0.119
35	-0.241
36	0.049
37	-0.331
38	-0.091
39	-0.091
40	0.019
41	0.149
42	-0.391
43	-0.161
44	-0.241
45	-0.271
46	0.079
47	0.339
48	0.499
49	-0.191
50	-3.761
51	-0.331
52	-0.141
53	-0.001
54	-0.221
55	-0.241
56	0.009
57	-0.291
58	-0.281
59	-0.241
60	-0.321
61	-0.071
62	0.309
63	-0.071
64	0.149
65	-0.171
66	-0.111
67	-0.301
68	0.049
69	0.009
70	0.299
71	-0.051
72	0.049
73	-0.101
74	0.039
75	-0.241
76	-0.211
77	0.119
78	-0.081
79	-0.341
80	0.379
81	0.019
82	-0.081
83	-0.371
84	0.369
85	-0.131
86	-0.171
87	-0.311
88	-0.191
89	-0.711
90	-0.181
91	0.069
92	0.089
93	-0.421
94	-0.271
95	-0.201
96	0.039
97	-0.331
98	-0.421
99	0.379
100	-0.361
101	-0.231
102	-0.391
103	-0.251
104	-0.181
105	0.179
106	-0.341
107	-1.191
108	0.059
109	-0.211
110	-0.071
111	-0.501
112	-0.151
113	-0.341
114	-0.121
115	-0.351
116	-0.171
117	-0.181
118	-0.001
119	-0.731
120	-0.151
121	-0.591
122	-0.491
123	-0.171
124	-0.331
125	0.009
126	-0.121
127	-0.271
128	0.159
129	-0.331
130	0.049
131	-0.331
132	0.049
133	0.169
134	0.219
135	-0.071
136	0.299
137	0.129
138	-0.101
139	-0.081
140	0.039
141	-1.181
142	-0.171
143	-0.011
144	-0.081
145	-0.521
146	0.289
147	0.309
148	0.039
149	0.009
150	0.179
151	-0.101
152	-0.001
153	-0.481
154	-0.081
155	-0.381
156	0.319
157	0.399
158	0.649
159	-0.191
160	0.039
161	-0.451
162	-0.001
163	-0.631
164	-0.091
165	-0.221
166	0.289
167	0.199
168	0.159
169	0.229
170	0.459
171	0.109
172	0.309
173	0.149
174	-0.101
175	-0.001
176	-0.001
177	-0.611
178	-0.021
179	-0.081
180	0.139
181	-0.291
182	0.009
183	-0.271
184	0.299
185	-0.081
186	-0.211
187	-0.371
188	0.279
189	0.349
190	0.059
191	0.219
192	-0.041
193	-0.331
194	-0.111
195	-0.021
196	-0.061
197	-0.811
198	-0.711
199	-0.421
200	0.049
201	-0.231
202	0.139
203	-0.441
204	0.459
205	0.049
206	0.149
207	-0.121
208	-0.081
209	0.039
210	-0.301
211	-0.011
212	-0.581
213	-0.191
214	-0.021
215	-0.191
216	-3.001
217	-0.021
218	0.129
219	-0.041
220	-0.061
221	0.069
222	-0.181
223	0.039
224	-0.231
225	-0.361
226	0.389
227	-0.161
228	-0.051
229	-0.151
230	0.039
231	-0.381
232	-0.061
233	-0.111
234	0.049
235	-0.141
236	-0.001
237	-0.401
238	0.429
239	0.129
240	0.639
241	-0.111
242	-0.181
243	-0.251
244	-0.011
245	-0.131
246	0.019
247	0.069
248	-0.191
249	-0.401
250	0.049
251	0.099
252	0.359
253	-0.121
254	-0.261
255	-0.251
256	0.209
257	-0.271
258	-0.241
259	-0.141
260	0.119
261	0.159
262	0.009
263	-0.181
264	-0.051
265	-0.651
266	0.409
267	-0.201
268	-0.071
269	-0.051
270	0.129
271	0.139
272	0.019
273	-0.191
274	0.379
275	-0.081
276	0.589
277	0.239
278	-0.321
279	0.129
281	0.219
282	-1.581
283	-0.161
284	-0.931
285	-0.251
286	-0.321
287	0.079
288	-0.691
289	-0.371
290	-0.681
291	-0.491
292	-0.531
293	-0.361
294	0.019
295	-0.131
296	-0.261
297	0.089
298	0.079
299	-0.151
300	0.039
301	0.199
302	-0.081
303	-0.171
304	-0.181
305	0.149
306	-0.111
307	-0.051
308	-0.051
309	-0.111
310	-0.381
311	0.139
312	-0.201
313	-0.091
314	-0.101
315	-0.221
316	-0.161
317	0.429
318	-0.011
319	0.129
320	-0.481
321	0.209
322	-0.041
323	0.089
324	-0.061
325	-0.411
326	-0.001
327	0.139
328	-0.271
329	0.059
330	-0.101
331	-0.051
332	-0.231
333	-0.301
334	-0.261
335	0.389
336	-0.431
337	-0.121
338	-0.051
339	0.449
340	-0.121
341	0.069
342	0.109
343	0.539
344	0.299
345	0.089
346	-0.131
347	-0.001
348	-0.251
349	-0.151
350	-1.241
351	-0.751
352	-0.501
353	0.099
354	-0.151
355	0.629
356	-0.051
357	-0.171
358	-0.471
359	0.039
360	-0.151
361	0.399
362	-0.471
363	-0.131
364	-0.361
365	-0.091
366	-0.031
367	-0.101
368	-0.091
369	0.669
370	-0.221
371	-0.031
372	-0.351
373	0.049
374	-0.011
375	-0.151
376	-0.201
377	-0.031
378	-0.281
379	0.259
380	0.129
381	0.229
382	-0.021
383	0.409
384	-0.031
385	0.179
386	-0.261
387	0.229
388	-0.421
389	0.229
390	0.349
391	0.029
392	-0.021
393	0.199
394	0.089
395	-0.061
396	-0.271
397	-0.251
398	-0.181
399	0.169
400	-0.251
401	0.099
402	-0.321
403	0.119
404	-0.011
405	0.179
406	-0.091
407	-0.141
408	-0.131
409	0.109
410	-0.051
411	0.079
412	0.169
413	0.439
414	0.229
415	-0.011
416	0.129
417	-0.291
418	0.019
419	0.089
420	-0.261
421	0.299
422	-2.151
423	0.189
424	-0.121
425	-0.041
426	-0.281
427	-0.131
428	-0.091
429	-0.051
430	-0.331
431	0.309
432	0.309
433	0.309
434	-0.321
435	0.009
436	-0.141
437	0.229
438	0.129
439	0.289
440	0.069
441	0.019
442	-0.521
443	0.449
444	0.249
445	0.149
446	0.149
447	-0.031
448	-0.331
449	0.219
450	-0.151
451	0.409
452	0.019
453	0.309
454	-0.081
455	0.099
456	0.019
457	0.159
458	-0.291
459	-0.501
460	0.169
461	-0.011
462	-0.041
463	0.159
464	-0.451
465	0.339
466	-0.201
467	-0.111
468	-0.061
469	-0.491
470	-0.261
471	0.249
472	0.149
473	0.469
474	0.639
475	0.509
476	0.189
477	0.219
478	0.079
479	0.499
480	-0.161
481	-0.171
482	0.519
483	0.479
484	0.089
485	-0.091
486	0.859
487	-0.361
488	0.349
489	-0.161
490	-0.211
491	0.279
492	0.229
493	0.349
494	0.139
495	-0.181
496	-0.231
497	0.009
498	-0.161
499	0.539
500	-0.181
501	0.329
502	0.079
503	0.019
504	0.129
505	0.289
506	-0.081
507	-0.071
508	-0.031
509	0.239
510	0.129
511	-0.321
512	0.639
513	0.139
514	0.409
515	0.089
516	-0.021
517	0.379
518	-0.081
519	0.049
520	-0.101
521	-0.101
522	-0.051
523	-0.091
524	-0.051
525	0.179
526	-0.451
527	0.589
528	-0.041
529	-0.011
530	0.109
531	0.429
532	-0.161
533	0.659
534	0.379
535	0.299
536	0.039
537	0.449
538	0.239
539	0.269
540	0.139
541	0.309
542	0.109
543	0.039
544	0.359
545	0.099
546	-0.101
547	-0.011
548	-0.091
549	0.199
550	-0.681
551	0.479
552	0.019
553	0.139
554	0.039
555	-0.321
556	-0.081
557	0.019
558	0.349
559	-0.111
560	-0.241
561	0.349
562	-0.391
563	-0.131
564	0.009
565	-0.341
566	-0.271
567	-0.021
568	-0.261
569	0.319
570	0.109
571	-0.071
572	-0.391
573	-0.161
574	-0.471
575	0.089
576	-0.301
577	0.059
578	-0.171
579	0.369
580	0.309
581	0.189
582	-0.321
583	1.229
584	0.389
585	0.109
586	0.179
587	0.039
588	0.009
589	0.699
590	-0.041
591	0.289
592	-0.071
593	0.209
594	0.229
595	0.059
596	-0.011
597	0.219
598	-0.211
599	0.359
600	-0.121
601	0.189
602	0.049
603	-0.031
604	-0.031
605	0.089
606	0.029
607	-0.011
608	-0.281
609	-0.171
610	0.409
611	0.579
612	0.239
613	0.559
614	-0.241
615	0.209
616	-0.141
617	0.269
618	-0.101
619	0.349
620	-0.191
621	-0.051
622	0.119
623	0.579
624	0.509
625	0.909
626	0.209
627	0.949
628	0.409
629	0.379
630	0.249
631	0.229
632	-0.031
633	0.459
634	-0.351
635	0.559
636	-0.341
637	0.039
638	-0.101
639	0.079
640	-0.021
641	-0.011
642	-0.281
643	0.409
644	0.059
645	0.659
646	-0.061
647	0.439
648	-0.031
649	0.219
650	-0.111
651	0.639
652	0.169
653	0.559
654	0.109
655	0.109
656	-0.251
657	0.339
658	-0.321
659	0.549
660	0.209
661	0.769
662	0.319
663	0.589
664	0.109
665	0.049
666	0.369
667	0.119
668	-0.351
669	0.099
670	-0.021
671	0.379
672	-0.231
673	-0.111
674	-0.101
675	0.179
676	-0.211
677	0.229
678	0.219
679	0.239
680	0.599
681	0.079
682	-0.071
683	0.009
684	0.139
685	0.079
686	-0.251
687	0.089
688	-0.131
689	-0.081
690	-0.051
691	0.199
692	0.009
693	0.479
694	0.139
695	0.189
696	-0.031
697	0.199
698	-0.261
699	-0.011
700	0.169
701	0.209
702	0.139
703	0.239
704	0.069
705	0.169
706	0.019
707	0.099
708	0.059
709	-0.141
710	0.019
711	0.379
712	-0.141
713	0.009
714	-0.061
715	0.069
716	-0.051
717	0.109
718	-0.071
719	0.449
720	-0.091
721	0.009
722	0.019
723	0.169
724	-0.211
725	-0.111
726	-0.291
727	0.369
728	0.049
729	0.379
730	0.189
731	-0.191
732	-0.081
733	0.319
734	0.009
735	-0.221
736	0.109
737	0.169
738	-0.171
739	-0.101
740	-0.481
741	-0.431
742	-0.661
743	-0.591
744	0.169
745	0.029
746	-0.301
747	-0.331
748	0.349
749	0.239
751	-0.171
752	0.069
753	-0.311
754	0.069
755	-0.031
756	0.029
757	-0.191
758	0.199
759	-0.111
760	-0.091
761	-0.311
762	-0.121
763	-0.851
764	0.119
765	-0.241
766	0.179
767	-0.101
768	0.169
769	-0.181
770	-0.001
771	0.109
772	-0.091
773	-0.191
774	0.019
775	0.059
776	-0.081
777	-0.011
778	0.309
779	-0.131
780	0.009
781	-0.131
782	-0.041
783	-0.271
784	-0.061
785	-0.231
786	0.089
787	0.089
788	0.069
789	-0.231
790	-0.241
791	-0.211
792	0.189
793	-0.201
794	0.029
795	-0.151
797	0.099
798	-0.051
799	0.109
800	-0.221
801	-0.081
802	-0.141
803	0.099
804	-0.631
805	0.019
806	-0.241
807	-0.011
808	0.379
809	-0.031
810	-0.151
811	0.169
812	-0.191
813	0.049
814	0.049
815	-0.071
816	-0.021
817	0.189
818	-0.341
819	-0.351
820	-0.331
821	-0.151
822	0.009
823	-0.311
824	-0.191
825	0.079
826	0.249
827	0.039
828	-0.001
829	-0.521
830	0.199
831	-0.091
832	-0.001
833	-0.131
834	-0.441
835	0.199
836	0.319
837	0.559
838	0.009
840	0.249
841	-0.041
842	-0.111
843	0.169
844	0.439
845	0.209
846	-0.031
847	-0.161
848	-0.031
849	0.189
850	0.279
851	-0.281
852	0.159
853	0.069
854	0.229
855	-0.071
856	0.239
857	-0.161
858	-2.441
859	-0.211
860	-0.221
861	0.069
862	0.569
863	-0.251
864	0.219
865	0.039
866	-0.111
867	0.049
868	-0.231
869	-0.051
870	-0.111
871	-0.271
872	-0.131
873	0.329
874	0.139
875	0.109
876	0.969
877	0.189
878	-0.031
879	0.019
880	-0.171
881	-0.071
882	0.119
883	-0.021
884	0.559
885	-0.471
886	0.049
887	-0.301
888	-0.201
889	-0.181
890	-0.441
891	-0.041
892	0.319
893	-1.411
894	-0.031
895	-0.391
896	-0.181
897	-0.281
898	-0.141
899	-0.191
900	-0.301
901	-0.521
902	0.339
903	-0.351
904	-0.171
905	-0.361
906	0.089
907	-0.251
908	-0.041
909	-0.301
910	-0.161
911	-0.201
912	-0.031
913	-0.541
914	0.159
915	-0.241
916	-0.401
917	-0.191
918	-0.131
919	-0.011
920	-0.061
921	-0.241
922	0.019
923	-0.191
924	-0.071
925	-0.521
926	-0.291
927	-0.541
928	0.069
929	-0.221
930	-0.131
931	-0.391
932	-0.181
933	-0.331
934	0.019
935	-0.221
936	-0.441
937	-0.251
938	0.209
939	-0.551
940	-0.081
941	-0.261
942	-0.381
943	-0.261
944	-0.371
945	-0.291
946	-0.131
947	-0.291
948	-0.261
949	-0.171
950	-0.271
951	0.139
952	0.189
953	0.559
954	0.149
955	-0.181
956	-0.241
957	-0.251
958	-0.201
959	-0.221
960	0.099
961	-0.311
962	0.079
963	-0.021
964	-0.511
965	-0.291
966	-0.021
967	-0.171
968	-0.651
969	-0.271
970	-0.051
971	-0.151
972	0.229
973	-0.251
974	-0.091
975	-0.301
976	-0.041
977	-0.421
978	0.159
979	-0.051
980	-0.011
981	-0.251
982	-0.261
983	-0.071
985	-0.041
986	-0.281
988	-0.141
989	0.489
990	0.089
991	-0.081
992	-0.141
993	-0.381
994	-0.241
995	-0.081
996	-0.741
997	-0.161
998	-0.131
999	-0.161
1000	-0.001
1001	0.099
1002	0.359
1003	0.129
1004	0.249
1005	-0.331
1006	0.429
1007	-0.381
1008	-0.081
1009	0.649
1010	-0.011
1011	-0.231
1012	0.139
1013	-0.081
1014	0.129
1015	-0.161
1016	0.349
1017	-0.171
1018	0.819
1019	-0.111
1020	0.699
1021	-0.291
1022	0.109
1023	-0.191
1024	-0.211
1025	-0.031
1026	-0.091
1027	-0.091
1028	-0.251
1029	-0.101
1030	-0.281
1031	-0.391
1032	0.469
1033	0.149
1034	-0.231
1035	0.119
1036	-0.051
1037	-0.131
1038	-0.401
1039	0.029
1040	0.029
1041	-0.161
1042	0.309
1043	-0.321
1044	0.009
1045	-0.271
1046	-0.091
1047	-0.591
1048	0.199
1049	0.159
1050	-0.171
1051	-0.111
1052	-0.061
1053	-0.061
1054	0.229
1055	0.079
1056	0.709
1057	-0.391
1058	-0.101
1059	-0.311
1060	0.009
1061	-0.231
1062	0.139
1063	-0.181
1064	-0.231
1065	-0.371
1066	0.099
1067	0.109
1068	-0.131
1069	-0.131
1070	0.279
1071	-0.051
1072	-0.191
1073	0.019
1074	0.709
1075	0.439
1077	-0.011
1078	-0.341
1079	-0.151
1080	-0.411
1081	-0.471
1082	-0.031
1083	0.589
1084	0.879
1085	0.209
1086	-0.451
1087	-0.151
1088	-0.181
1089	0.329
1090	-0.171
1091	0.239
1092	0.019
1093	0.299
1094	-0.011
1095	-0.001
1097	0.579
1098	-0.251
1099	0.099
1100	0.329
1102	-0.111
1103	0.139
1104	-0.221
1105	-0.041
1106	-0.061
1107	-0.061
1108	-0.481
1109	-0.301
1110	-0.051
1111	0.329
1112	-0.031
1113	0.399
1114	-0.091
1115	0.329
1116	-0.171
1117	-0.171
1118	-0.461
1119	-0.181
1120	-0.041
1121	0.249
1122	-0.221
1123	-0.201
1124	0.309
1125	-0.001
1126	-0.491
1127	-0.001
1128	-0.191
1129	-0.071
1130	-0.221
1131	-0.171
1132	-0.211
1133	0.059
1134	-0.371
1135	-0.071
1136	-0.351
1137	-0.141
1138	-0.331
1139	0.179
1140	-0.841
1141	-0.261
1142	-0.301
1143	0.189
1144	-0.671
1145	0.139
1146	-0.331
1147	-0.221
1148	-0.221
1149	0.089
1150	-0.331
1151	0.149
1152	-0.011
1153	0.059
1154	-0.081
1155	-0.041
1156	-0.191
1157	-0.071
1158	-0.411
1159	0.109
1160	-0.291
1161	0.169
1162	-0.131
1163	0.029
1164	-0.161
1165	-0.181
1166	-0.131
1167	0.149
1168	0.039
1169	-0.231
1170	0.219
1171	-0.051
1172	-0.091
1173	-0.121
1174	0.019
1175	-0.001
1176	0.099
1177	0.269
1178	-0.211
1179	-0.041
1180	-0.011
1181	0.439
1182	0.079
1183	0.019
1184	0.059
1185	0.159
1186	0.059
1187	0.069
1188	0.109
1189	-0.081
1190	-0.071
1191	0.029
1192	-0.071
1193	0.219
1194	-0.201
1195	0.109
1196	-0.111
1197	0.109
1198	-0.041
1199	0.169
1200	-0.311
1201	0.439
1202	-0.121
1203	0.129
1204	-0.201
1205	-0.831
1206	-0.571
1207	-0.081
1208	-0.191
1209	0.119
1210	0.029
1211	-0.181
1212	0.009
1213	0.229
1214	-0.041
1215	-0.341
1216	-0.211
1217	-0.311
1218	0.029
1219	0.099
1220	-0.121
1221	0.379
1222	-0.001
1223	0.379
1224	0.199
1225	0.239
1226	-0.001
1227	0.069
1228	0.119
1229	0.049
1230	0.129
1231	-0.071
1232	0.309
1233	0.449
1234	-0.471
1235	0.139
1236	0.379
1237	0.109
1238	-0.011
1239	-0.021
1240	0.059
1241	0.119
1242	-0.231
1243	0.169
1244	-0.241
1245	0.059
1246	0.019
1247	0.059
1248	0.159
1249	-0.121
1250	-0.051
1251	0.399
1252	-0.031
1253	0.469
1254	-0.041
1255	-0.181
1256	-0.011
1257	0.459
1258	-0.071
1259	0.319
1260	-0.541
1261	-0.101
1262	0.019
1263	0.009
1264	-0.401
1265	-0.121
1266	-0.331
1267	-0.111
1268	-0.291
1269	-0.201
1270	-0.501
1271	-0.291
1272	-0.371
1273	-0.211
1274	0.029
1275	-0.361
1276	-0.281
1277	-0.001
1278	-0.281
1279	-0.291
1280	-0.351
1281	-0.191
1282	-0.011
1283	0.079
1284	-0.101
1285	0.079
1286	-0.091
1287	0.179
1288	-0.211
1289	0.099
1290	-0.191
1291	-0.041
1292	-0.451
1293	-0.201
1294	0.149
1295	-0.291
1296	-0.061
1297	0.109
1298	-0.011
1299	0.039
1300	0.019
1301	0.009
1302	-0.471
1303	0.109
1304	-0.071
1305	0.029
1306	-0.301
1307	0.299
1308	0.039
1309	-0.001
1310	-0.211
1311	-0.061
1312	-0.201
1313	-0.021
1314	-0.351
1315	0.059
1316	-0.461
1317	-0.201
1318	-0.401
1319	-0.301
1320	-0.681
1321	-0.111
1322	-0.001
1323	-0.001
1324	0.119
1325	0.049
1326	-0.461
1327	-0.271
1328	-0.171
1329	-5.021
1330	-0.151
1331	-0.281
1332	-0.071
1333	-0.041
1334	-0.271
1335	-0.041
1336	0.009
1337	-0.081
1338	-0.071
1339	-0.271
1340	0.059
1341	-0.211
1342	-0.201
1343	-0.361
1344	-0.181
1345	-0.041
1346	-0.161
1347	-0.171
1348	-0.421
1349	0.429
1350	0.029
1351	0.439
1352	-0.221
1353	0.199
1354	0.299
1355	-0.211
1356	0.329
1357	0.209
1358	-0.261
1359	0.459
1360	-0.041
1361	0.059
1362	0.119
1363	-0.011
1364	-0.171
1365	0.779
1366	1.089
1367	0.019
1368	-0.381
1369	-0.001
1370	-0.301
1371	-0.381
1372	-0.281
1373	-0.211
1374	-0.191
1375	0.139
1376	0.089
1377	0.239
1378	-0.551
1379	-0.171
1380	0.039
1381	-0.211
1382	-0.041
1383	0.009
1384	-0.261
1385	0.389
1386	-0.091
1387	-0.101
1388	0.089
1389	0.979
1390	-0.191
1391	0.379
1392	-0.221
1393	0.259
1394	-0.211
1395	0.109
1396	-0.261
1397	-0.021
1398	-0.251
1399	0.149
1400	-0.111
1401	0.289
1402	-0.291
1403	-0.201
1404	-0.151
1405	0.019
1406	-0.291
1407	0.249
1408	0.149
1409	-0.071
1410	-0.181
1411	0.009
1412	-0.051
1413	-0.011
1414	-0.321
1415	0.099
1416	0.149
1417	0.159
1418	-0.041
1419	0.009
1420	-0.151
1421	-0.031
1422	-0.201
1423	0.259
1424	-0.271
1425	-0.161
1426	-0.121
1427	-0.271
1428	-0.331
1429	0.049
1430	-0.011
1431	0.189
1432	-0.061
1433	-0.031
1434	-0.061
1435	0.069
1436	-0.131
1437	-0.221
1438	-0.331
1439	-0.051
1440	-0.081
1441	-0.001
1442	-0.191
1443	-0.151
1444	0.279
1445	1.429
1446	-0.311
1447	-0.191
1448	-0.301
1449	-0.201
1450	0.019
1451	0.719
1452	-0.091
1453	0.489
1454	-0.141
1455	0.009
1456	-0.041
1457	-0.151
1458	-0.651
1459	-0.281
1460	0.139
1462	-0.131
1463	0.449
1465	-0.001
1466	-0.371
1467	0.169
1468	-0.091
1469	0.119
1470	-0.401
1471	0.329
1472	-0.241
1473	-0.121
1474	-0.351
1475	0.049
1476	0.139
1477	1.009
1478	0.939
1479	-0.121
1480	-0.051
1481	0.099
1482	-0.271
1483	-0.261
1484	-0.361
1485	-0.021
1486	-0.051
1487	-0.141
1488	-0.181
1489	0.159
1490	-0.451
1491	0.039
1492	0.179
1493	0.049
1494	-0.171
1495	-0.161
1496	-0.391
1497	0.119
1498	-0.131
1499	0.209
1500	-0.341
1501	-0.071
1502	0.319
1503	0.049
1504	0.039
1505	-0.431
1506	0.309
1507	0.469
1508	0.189
1509	1.669
1510	-0.131
1511	-0.051
1512	-0.051
1513	0.039
1514	0.029
1515	-0.371
1516	-0.311
1517	-0.001
1518	-0.261
1519	-0.221
1520	-0.071
1521	-0.061
1522	-0.031
1523	0.129
1524	0.079
1525	0.399
1526	-0.351
1527	0.059
1528	-0.171
1529	0.289
1530	0.799
1531	0.159
1532	-0.221
1533	0.009
1534	0.379
1535	0.119
1536	0.009
1537	0.239
1538	-0.341
1539	-0.011
1540	-0.361
1541	-0.041
1542	-0.371
1543	-0.111
1544	-0.091
1545	0.149
1546	-0.211
1547	-0.111
1548	-0.481
1549	-0.091
1550	0.009
1551	0.319
1552	-0.251
1553	-0.321
1554	-0.371
1555	-0.421
1556	-0.321
1557	0.189
1558	-0.561
1559	-0.261
1560	0.179
1561	-0.091
1562	-0.281
1563	0.049
1564	0.349
1565	0.089
1566	0.049
1567	0.399
1568	-0.081
1569	-0.151
1570	0.099
1571	0.409
1572	0.149
1573	0.129
1574	-0.061
1575	-0.111
1576	-0.131
1577	0.169
1578	0.269
1579	0.009
1580	0.069
1581	0.799
1582	0.149
1583	0.329
1584	-0.261
1585	-0.031
1586	-0.021
1587	-0.271
1588	-0.231
1589	-0.071
1590	0.059
1591	-0.031
1592	0.059
1593	-0.111
1594	-0.071
1595	-0.331
1596	-0.101
1597	0.199
1598	0.039
1599	-0.031
1600	-0.151
1601	-0.031
1602	0.069
1603	0.129
1604	0.249
1605	-0.151
1606	0.329
1607	0.469
1608	0.209
1609	0.409
1610	0.009
1611	0.109
1612	-0.031
1613	-0.091
1614	-0.081
1615	-0.101
1616	-0.351
1617	0.189
1618	-0.051
1619	-0.011
1620	-0.141
1621	-0.041
1622	-0.131
1623	0.139
1624	-0.131
1625	-0.001
1626	-0.381
1627	0.059
1628	0.089
1629	-0.041
1630	-0.381
1631	0.159
1632	-0.181
1633	0.079
1634	-0.091
1635	-0.011
1636	-0.151
1637	0.299
1638	-0.081
1639	0.039
1640	0.069
1641	0.069
1642	0.049
1643	0.089
1644	0.099
1645	-0.261
1646	0.009
1647	-0.381
1648	0.489
1649	-0.061
1650	-0.331
1651	0.079
1652	-0.071
1653	-0.061
1654	-0.161
1655	0.019
1656	0.429
1657	0.379
1658	0.159
1659	0.319
1660	-0.331
1661	0.099
1662	-0.321
1663	0.259
1664	0.309
1665	0.229
1666	0.199
1667	0.509
1668	0.649
1669	0.999
1670	0.579
1671	0.389
1672	0.339
1673	-0.101
1674	-0.381
1675	-0.101
1676	0.009
1677	0.749
1678	-0.171
1679	-0.311
1680	-0.201
1681	-0.271
1682	0.139
1683	0.359
1684	-0.151
1685	-0.001
1686	-0.051
1687	0.259
1688	0.339
1689	0.229
1690	-0.101
1691	0.079
1692	-0.271
1693	0.099
1694	-0.221
1695	0.029
1696	-0.041
1697	-0.151
1698	-0.601
1699	-0.621
1700	-0.101
1701	0.259
1702	0.789
1703	0.119
1704	0.129
1705	0.389
1706	0.039
1707	0.079
1708	-0.531
1709	-0.221
1710	-0.391
1711	-0.101
1712	-0.311
1713	0.009
1714	-0.011
1715	0.179
1716	-0.531
1717	-0.171
1718	-0.331
1719	-0.021
1720	0.369
1721	0.279
1722	0.119
1723	-0.371
1724	0.209
1725	0.089
1726	0.009
1727	-0.111
1728	-0.351
1729	0.349
1730	-0.361
1731	-0.451
1732	-0.161
1733	0.099
1734	-0.231
1735	0.349
1736	-0.131
1737	-0.001
1738	-0.501
1739	-0.161
1740	0.009
1741	0.129
1742	-0.061
1743	-0.031
1744	-0.471
1745	-0.831
1746	-0.181
1747	-0.251
1748	-0.071
1749	-0.051
1750	-0.311
1751	0.269
1752	-0.191
1753	0.399
1754	0.179
1755	0.039
1756	-0.531
1757	0.509
1758	-0.111
1759	0.129
1760	0.079
1761	0.139
1762	-0.191
1763	-0.061
1764	0.009
1765	0.019
1767	0.689
1768	-0.241
1769	-0.221
1770	0.039
1771	-0.021
1772	0.309
1773	-0.141
1774	0.159
1775	0.029
1776	0.179
1777	-0.511
1778	0.019
1779	-0.121
1780	0.089
1781	0.339
1782	0.259
1783	0.189
1784	-0.211
1785	0.109
1786	0.209
1787	0.049
1788	0.149
1789	-0.481
1790	-0.091
1791	-0.211
1792	-0.441
1793	0.109
1794	-0.111
1795	-0.181
1796	-0.171
1797	-0.091
1798	-0.121
1799	0.419
1800	0.329
1801	0.039
1802	0.439
1803	-0.141
1804	0.289
1805	-0.371
1806	0.249
1807	-0.091
1808	0.509
1809	0.369
1810	0.259
1811	0.119
1812	0.579
1813	0.219
1814	0.109
1815	0.049
1816	0.439
1817	-0.201
1818	-1.051
1819	0.029
1820	0.259
1821	0.209
1822	0.209
1823	-0.161
1824	-0.091
1825	0.039
1826	-1.061
1827	0.519
1828	0.669
1829	0.469
1830	1.339
1832	-0.011
1833	0.009
1834	0.159
1835	0.129
1836	-0.231
1837	0.269
1838	-0.111
1839	-0.161
1840	-0.331
1841	0.109
1842	-0.001
1843	0.049
1844	-0.031
1845	-0.121
1846	-0.441
1847	-0.281
1848	0.039
1849	0.229
1850	0.359
1851	0.309
1852	-0.171
1853	0.219
1854	0.479
1855	-0.031
1856	0.219
1857	-0.081
1858	-0.221
1859	0.439
1860	0.059
1861	0.439
1862	0.199
1863	-0.021
1864	-0.121
1865	-0.281
1866	0.079
1867	0.069
1868	0.569
1869	0.119
1870	-0.011
1871	0.149
1872	-0.431
1873	0.119
1874	0.009
1875	-0.001
1876	-0.111
1877	0.139
1878	-0.211
1879	0.109
1880	-0.291
1881	0.099
1882	-0.091
1883	0.039
1884	0.289
1885	0.389
1886	-0.111
1887	-0.231
1888	-0.271
1889	-0.201
1890	-0.121
1891	0.189
1892	0.019
1893	-0.021
1894	-0.381
1895	0.029
1896	0.429
1897	0.649
1898	0.329
1899	0.289
1900	0.009
1901	0.499
1902	-0.221
1903	-0.091
1904	-0.371
1905	0.439
1906	-0.241
1907	-0.321
1908	-0.201
1909	-0.021
1910	-0.171
1911	0.129
1912	0.009
1913	0.039
1914	-0.021
1915	-0.021
1916	0.009
1917	0.139
1918	0.329
1919	0.689
1920	-0.011
1921	0.109
1922	-0.721
1923	-0.461
1924	-0.151
1925	-0.151
1926	-0.341
1927	-0.301
1928	-0.391
1929	-0.241
1930	-0.421
1931	-0.031
1933	-0.051
1934	-0.041
1935	-0.151
1936	0.119
1937	-0.131
1938	0.349
1939	-0.021
1940	-0.131
1941	0.149
1942	0.239
1943	-0.021
1944	0.169
1945	0.159
1946	0.099
1947	-0.271
1948	0.059
1949	-0.191
1950	-0.091
1951	-0.101
1952	0.099
1953	0.169
1954	0.139
1955	-0.181
1956	0.329
1957	0.239
1958	0.149
1959	-0.101
1960	0.219
1961	-0.511
1962	0.329
1963	-0.171
1964	0.029
1965	0.409
1966	-0.051
1967	0.059
1968	-0.001
1969	-0.131
1970	0.079
1971	-0.021
1972	-0.131
1973	-0.241
1974	-0.811
1975	0.149
1976	0.319
1977	-0.021
1978	0.289
1979	-0.161
1980	0.379
1981	-0.041
1982	0.379
1983	0.019
1984	-0.141
1985	-0.131
1986	0.139
1987	0.059
1988	-0.231
1989	-0.511
1990	-0.141
1991	0.149
1992	-0.241
1993	-0.251
1994	-0.421
1995	-0.671
1996	1.239
1997	1.099
1998	0.189
1999	0.009
2000	-0.051
2001	-0.031
2002	0.159
2003	0.259
2004	0.119
2005	0.049
2006	-0.081
2007	-0.111
2008	0.829
2009	-0.271
2010	0.069
2011	-0.211
2012	-0.171
2013	-0.301
2014	0.169
2015	-0.251
2016	0.009
2017	-0.061
2018	-0.091
2019	-0.091
2020	-0.341
2021	-0.681
2022	-0.921
2023	0.839
2024	0.729
2025	-0.261
2026	0.109
2027	-0.051
2028	-0.091
2029	-0.091
2030	0.029
2031	-0.061
2032	-0.031
2033	-0.261
2034	0.109
2035	-0.151
2036	-0.001
2037	0.129
2038	0.609
2039	-0.201
2040	-0.141
2041	0.159
2042	-0.091
2043	0.009
2044	-0.821
2045	-2.121
2046	-4.651
2047	-0.861
2048	0.469
2049	-0.151
2050	-0.161
2051	-0.251
2052	-0.141
2053	-0.261
2054	0.189
2055	-0.201
2056	-0.331
2057	-0.221
2058	0.189
2059	-0.481
2060	-0.051
2061	-0.191
2062	-0.151
2063	-0.191
2064	0.009
2065	-0.041
2066	0.029
2067	-0.071
2068	-0.051
2069	-0.321
2070	-1.531
2071	-2.221
2072	-2.001
2073	-1.361
2074	-0.121
2075	-0.331
2076	0.009
2077	-0.031
2078	0.269
2079	0.139
2080	0.149
2081	0.919
2082	0.139
2083	0.119
2084	0.169
2085	-0.351
2086	0.139
2087	0.269
2088	-0.211
2089	0.049
2090	0.039
2091	-0.451
2092	-0.161
2093	-0.111
2094	0.289
2095	-0.261
2096	-0.271
2097	-0.361
2099	-0.091
2100	-0.241
2101	0.059
2102	-0.001
2103	0.089
2104	-0.201
2105	0.009
2106	-0.141
2107	-0.321
2108	-0.141
2109	0.089
2110	-0.311
2111	0.079
2112	-0.391
2113	0.029
2114	-0.221
2115	0.449
2116	-0.161
2117	-0.061
2118	0.159
2119	0.469
2120	0.209
2121	0.099
2122	-0.371
2123	-0.201
2124	-0.251
2125	-0.121
2126	-0.321
2127	0.569
2128	-0.481
2129	-0.021
2130	0.129
2131	-0.101
2132	0.039
2133	0.009
2134	-0.251
2135	-0.111
2136	-0.001
2137	0.069
2138	0.189
2139	-0.291
2140	0.239
2141	0.369
2142	0.359
2143	0.149
2144	0.259
2145	0.269
2146	-0.181
2147	0.349
2148	0.179
2149	0.029
2150	0.309
2151	0.439
2152	0.349
2153	1.149
2154	0.089
2155	0.049
2156	-0.221
2157	0.009
2158	0.019
2159	0.199
2160	0.239
2161	0.299
2162	0.039
2163	-0.011
2164	-0.011
2165	0.519
2166	0.019
2167	0.359
2168	0.159
2169	0.339
2170	-0.271
2171	0.319
2172	-0.091
2173	-0.161
2174	0.649
2175	0.159
2176	1.099
2177	0.529
2178	0.019
2179	0.189
2180	-0.251
2181	0.189
2182	-0.011
2183	0.019
2184	0.039
2185	0.139
2186	-0.171
2187	-0.111
2188	0.229
2189	0.259
2190	-0.271
2191	0.069
2192	0.059
2193	-0.011
2194	0.599
2195	-0.031
2196	0.099
2197	0.409
2198	0.029
2199	0.359
2200	-0.201
2201	0.049
2202	-0.201
2203	0.779
2204	-0.091
2205	-0.121
2206	-0.161
2207	-0.221
2208	0.059
2209	-0.011
2210	-0.251
2211	-0.171
2212	-0.391
2213	0.359
2214	0.209
2215	0.359
2216	-0.151
2217	0.319
2218	-0.191
2219	0.319
2220	-0.201
2221	0.369
2222	-0.041
2223	0.739
2224	0.319
2225	-0.031
2226	-0.101
2227	0.149
2228	-0.051
2229	0.079
2230	0.369
2231	-0.381
2232	-0.371
2233	-0.011
2234	-0.451
2235	-0.171
2236	-0.331
2237	0.369
2238	-0.051
2239	0.059
2240	-0.551
2241	0.299
2242	-0.121
2243	0.039
2244	-0.091
2245	-0.021
2246	-0.011
2247	0.369
2248	-0.101
2249	-0.321
2250	-0.631
2251	-0.451
2252	-0.241
2253	-0.261
2254	-0.081
2255	-0.051
2256	0.089
2257	0.159
2258	0.339
2259	0.199
2260	0.439
2261	0.699
2262	0.509
2263	0.549
2264	0.009
2265	0.209
2266	-0.121
2267	0.419
2268	-0.051
2269	0.979
2270	-0.221
2271	0.419
2272	0.359
2273	-0.071
2274	-0.141
2275	-0.221
2276	-0.371
2277	0.389
2278	-0.071
2279	0.059
2280	-0.041
2281	-0.121
2282	-0.151
2283	-0.281
2284	-0.081
2285	0.009
2286	-0.341
2287	-0.131
2288	-0.041
2289	0.089
2290	-0.301
2291	0.099
2292	-0.211
2293	-0.041
2294	-0.121
2295	-0.131
2296	-0.251
2297	0.109
2298	-0.121
2299	-0.051
2300	-0.011
2301	-0.281
2302	-0.141
2303	-0.291
2304	-0.151
2305	-0.711
2306	-0.351
2307	-0.101
2308	-0.051
2309	0.269
2310	-0.431
2311	-0.081
2312	-0.321
2313	-0.241
2314	-0.361
2315	-0.101
2316	-0.061
2317	0.129
2318	0.119
2319	0.059
2320	-0.161
2321	0.359
2322	-0.041
2323	0.229
2324	0.409
2325	0.049
2326	-0.051
2327	-0.271
2328	0.199
2329	0.269
2330	0.089
2331	-0.311
2332	0.199
2333	-0.071
2334	0.079
2335	0.029
2336	-0.161
2337	-0.081
2338	-0.121
2339	-0.051
2340	-0.101
2341	-0.191
2342	0.109
2343	0.019
2344	-0.161
2345	0.259
2346	-0.111
2347	0.069
2348	-0.361
2349	-0.271
2350	0.729
2351	0.489
2352	0.099
2353	0.649
2354	0.099
2355	0.249
2356	-0.221
2357	0.059
2358	-0.401
2359	-0.011
2360	0.089
2361	0.149
2362	-0.171
2363	-0.091
2364	-0.451
2365	-0.061
2366	-0.201
2367	-0.161
2368	-0.391
2369	0.199
2370	0.039
2371	-2.551
2372	-0.111
2373	0.009
2374	0.179
2375	-0.101
2376	-0.131
2377	0.199
2378	-0.291
2379	0.689
2380	-0.141
2381	0.149
2382	-0.201
2383	0.379
2384	-0.001
2385	0.469
2386	-0.031
2387	0.029
2388	0.739
2389	0.179
2390	-0.151
2391	0.309
2392	0.359
2393	0.359
2394	0.049
2395	0.129
2396	0.289
2397	0.159
2398	0.189
2399	0.079
2400	-0.071
2401	-0.141
2402	-0.261
2403	0.219
2404	-0.041
2405	0.209
2406	-0.081
2407	-0.041
2408	-0.161
2409	0.169
2410	0.049
2411	0.169
2412	0.249
2413	-0.181
2414	-0.441
2415	-0.021
2416	-0.161
2417	0.639
2418	-0.091
2419	-0.291
2420	-0.341
2421	-0.271
2422	0.259
2423	-0.251
2424	-0.061
2425	-0.171
2426	0.169
2427	-0.071
2428	0.589
2429	0.309
2430	-0.171
2431	-0.181
2432	-0.331
2433	-0.131
2434	0.289
2435	-0.221
2436	-0.401
2437	0.249
2438	-0.511
2439	-0.371
2440	-0.121
2441	-0.341
2442	0.019
2443	-0.061
2444	-1.341
2445	-1.591
2446	-0.391
2447	-0.221
2448	-0.561
2449	0.079
2450	-0.101
2451	-0.121
2452	0.059
2453	-0.091
2454	-0.341
2455	0.549
2456	-0.161
2457	0.099
2458	-0.171
2459	0.479
2460	-0.341
2461	0.309
2462	0.039
2463	-0.231
2464	-0.161
2465	-0.051
2466	0.089
2467	-0.301
2468	-0.051
2469	0.039
2470	-0.471
2471	-0.381
2472	-0.271
2473	0.379
2474	0.019
2475	0.039
2476	-0.341
2477	-0.261
2478	0.039
2479	0.359
2480	-0.201
2481	-0.011
2482	-0.751
2483	-0.341
2484	0.299
2485	-0.101
2486	-0.011
2487	-0.031
2488	-0.051
2489	-0.021
2490	-0.021
2491	-0.151
2492	-0.471
2493	-0.251
2494	-0.111
2495	-0.131
2496	-0.031
2497	0.049
2498	-0.401
2499	-0.311
2500	-0.341
2501	0.019
2502	-0.111
2503	0.459
2504	0.169
2505	0.449
2506	0.219
2507	-0.051
2508	-0.131
2509	0.349
2510	-0.101
2511	-0.291
2512	-0.271
2513	-0.141
2514	-0.251
2515	0.179
2516	-0.171
2517	0.009
2518	0.049
2519	0.139
2520	-0.061
2521	0.259
2522	-0.071
2523	0.229
2524	-0.231
2525	0.109
2526	-0.231
2527	0.549
2528	0.019
2529	-0.261
2530	-0.431
2531	0.259
2532	0.059
2533	0.249
2534	-0.201
2535	-0.311
2536	0.249
2537	-0.351
2538	-0.271
2539	0.159
2540	0.519
2541	0.879
2542	-0.071
2543	-0.151
2544	-0.071
2545	0.059
2546	0.179
2547	0.069
2548	-0.001
2549	0.309
2550	-0.151
2551	0.089
2552	0.009
2553	0.569
2554	-0.031
2555	0.319
2556	0.679
2557	-0.001
2558	-0.271
2559	0.319
2560	-0.021
2561	0.529
2562	0.029
2563	0.389
2564	-0.001
2565	0.309
2566	0.289
2567	-0.291
2568	0.089
2569	0.009
2570	-0.261
2571	-0.071
2572	0.439
2573	0.019
2574	-0.311
2575	0.149
2576	0.119
2577	0.159
2578	-0.421
2579	0.299
2580	0.219
2581	-0.141
2582	0.279
2583	0.239
2584	-0.221
2585	-0.011
2586	0.179
2587	0.249
2588	-0.251
2589	0.579
2590	0.279
2591	-0.181
2592	0.379
2593	0.189
2594	-0.091
2595	0.219
2596	-0.381
2597	0.059
2598	0.059
2599	-0.041
2600	-0.341
2601	0.149
2602	-0.341
2603	-0.181
2604	-0.561
2605	0.209
2606	-0.391
2607	0.409
2608	-0.131
2609	0.449
2610	0.139
2611	0.449
2612	0.019
2613	0.139
2614	-0.311
2615	-0.021
2616	-0.211
2617	0.069
2618	-0.191
2619	0.079
2620	-0.131
2621	-0.111
2622	-0.161
2623	-0.131
2624	0.049
2625	-0.221
2626	-0.191
2627	0.299
2628	-0.461
2629	-0.131
2630	-0.431
2631	-0.091
2632	-0.111
2633	0.179
2634	-0.201
2635	-0.321
2636	-0.351
2637	-0.081
2638	0.449
2639	-2.161
2640	-0.501
2641	-0.321
2642	-1.921
2643	-0.351
2644	-2.431
2645	0.309
2646	-0.521
2647	0.059
2648	-0.251
2649	0.099
2650	0.219
2651	-0.271
2652	-0.201
2653	-0.161
2654	0.019
2655	0.039
2656	-0.081
2657	0.299
2658	0.129
2659	0.209
2660	-0.061
2661	-0.101
2662	-0.171
2663	-0.101
2664	-0.011
2665	-0.101
2666	-0.001
2667	0.059
2668	0.019
2669	0.179
2670	-0.091
2671	-0.091
2672	0.139
2673	0.839
2674	0.109
2675	0.009
2676	-0.021
2677	-0.001
2678	-0.191
2679	-0.021
2680	-0.201
2681	0.659
2682	0.119
2683	-0.101
2684	-0.201
2685	0.019
2686	0.099
2687	0.059
2688	-0.211
2689	0.009
2690	-0.261
2691	-0.161
2692	0.029
2693	0.329
2694	0.009
2695	-0.251
2696	-0.051
2697	0.469
2698	0.259
2699	-0.181
2700	-0.351
2701	0.129
2702	-0.151
2703	0.059
2704	-0.551
2705	0.069
2706	0.129
2707	0.179
2708	-0.061
2709	-0.121
2710	0.169
2711	0.449
2712	-0.211
2713	0.829
2714	0.749
2715	0.449
2716	-0.031
2717	0.159
2718	0.049
2719	0.129
2720	-0.041
2721	0.049
2722	-0.041
2723	-0.771
2724	0.159
2725	0.179
2726	-0.671
2727	-0.041
2728	0.259
2729	0.069
2730	0.379
2731	0.129
2732	-0.061
2733	-0.121
2734	-0.301
2735	0.209
2736	0.589
2737	0.499
2738	0.319
2739	-0.141
2740	-0.021
2741	0.549
2742	-0.111
2743	0.799
2744	0.439
2745	0.289
2746	-0.011
2747	0.139
2748	-0.211
2749	-4.721
2750	-0.341
2751	-0.051
2752	0.249
2753	-0.211
2754	-0.381
2755	0.749
2756	-0.271
2757	0.509
2759	-0.041
2760	0.449
2761	-0.201
2762	0.229
2763	-0.041
2764	0.499
2765	-0.181
2766	0.229
2767	0.019
2768	-0.271
2769	0.019
2770	0.299
2771	0.189
2772	0.259
2773	-0.171
2774	0.009
2775	-0.121
2776	0.059
2777	-0.131
2778	-0.151
2779	0.509
2780	-0.011
2781	-0.081
2782	-0.151
2783	0.089
2784	-0.001
2785	0.129
2786	0.279
2787	-0.071
2788	-0.291
2789	-0.221
2790	-0.081
2791	-0.441
2792	-0.311
2793	-0.051
2794	-0.421
2795	-0.211
2796	0.409
2797	-0.531
2798	0.089
2799	0.519
2800	0.529
2801	-0.001
2802	0.449
2803	-0.061
2804	0.079
2805	0.149
2806	-0.251
2807	-0.551
2808	0.019
2809	-0.171
2810	0.299
2811	-0.211
2812	0.059
2813	-0.111
2814	0.379
2815	-0.281
2816	0.159
2817	0.019
2818	0.189
2819	0.319
2820	-0.311
2821	-0.181
2822	0.299
2823	-0.421
2824	0.029
2825	0.049
2826	0.309
2827	-0.031
2828	-0.051
2829	-0.301
2830	-0.021
2831	-0.241
2832	0.109
2833	-0.361
2834	-0.191
2835	-0.161
2836	-0.041
2837	-0.131
2838	-0.161
2839	-0.201
2840	-0.041
2841	-0.241
2842	0.689
2843	-0.081
2844	-0.051
2845	0.139
2846	0.619
2847	-0.461
2848	0.279
2849	0.089
2850	0.009
2851	0.019
2852	-0.021
2853	-0.251
2854	0.009
2855	-0.151
2856	-0.021
2857	0.369
2858	-0.181
2859	0.209
2860	0.239
2861	0.179
2862	0.359
2863	0.479
2864	-0.011
2865	-0.241
2866	-0.341
2867	-0.521
2868	0.029
2869	-0.241
2870	-0.281
2871	-0.191
2872	-0.001
2873	-0.441
2874	0.239
2875	-0.141
2876	-0.171
2877	-0.111
2878	0.169
2879	0.179
2880	0.009
2881	-0.011
2882	0.319
2883	-0.081
2884	0.039
2885	-0.281
2886	-0.161
2887	-0.131
2888	0.589
2889	-0.131
2890	0.049
2891	-0.391
2892	0.389
2893	0.319
2894	-0.181
2895	-0.601
2896	-0.011
2897	-0.071
2898	-0.091
2899	-0.251
2900	0.259
2901	0.449
2902	-0.221
2903	-0.401
2904	0.549
2905	-0.081
2906	0.249
2907	-0.301
2908	0.029
2909	0.309
2910	0.299
2911	0.879
2912	-0.131
2913	0.219
2914	0.249
2915	-0.011
2916	0.039
2917	-0.201
2918	0.019
2919	0.379
2920	0.239
2921	0.049
2922	0.419
2923	-0.451
2924	0.479
2925	-0.051
2926	0.229
2927	-0.191
2928	0.059
2929	-0.361
2930	0.139
2931	-0.011
2932	0.389
2933	0.219
2934	0.189
2935	-0.031
2936	-0.201
2937	-0.251
2938	0.299
2939	-0.011
2940	0.459
2941	0.299
2942	-0.101
2943	-0.111
2944	-0.121
2945	-2.911
2946	0.179
2947	1.959
2948	0.669
2949	0.429
2950	-2.571
2951	-0.061
2952	0.079
2953	-0.021
2954	0.219
2955	0.429
2956	-0.111
2957	0.119
2958	0.029
2959	-0.101
2960	0.069
2961	-0.231
2962	0.259
2963	-0.061
2964	0.389
2965	-0.111
2966	0.279
2967	0.189
2968	0.219
2969	0.019
2970	0.109
2971	0.139
2972	0.129
2973	0.199
2974	0.059
2975	-0.001
2976	0.239
2977	0.159
2978	0.149
2979	0.149
2980	0.279
2981	-0.131
2982	0.829
2983	0.199
2984	0.019
2985	0.059
2986	0.019
2987	-0.231
2988	-0.141
2989	-0.091
2990	0.239
2991	-0.251
2992	0.589
2993	-0.011
2994	-0.261
2995	-0.321
2996	0.089
2997	0.109
2998	0.289
2999	-0.131
3000	-0.081
3001	-0.291
3002	0.199
3003	-0.121
3004	0.599
3005	-0.081
3006	0.229
3007	-0.481
3008	0.089
3009	-0.171
3010	-0.131
3011	-0.891
3012	0.289
3013	-0.201
3014	-0.161
3015	-0.411
3016	0.019
3017	0.019
3018	-0.011
3019	-0.301
3020	-0.181
3021	-0.091
3022	0.159
3023	-0.051
3024	-0.361
3025	-0.041
3026	-0.111
3027	-0.111
3028	0.499
3029	0.029
3030	-0.001
3031	-0.421
3032	-0.081
3033	-0.551
3034	-0.481
3035	-0.111
3036	-0.461
3037	-0.681
3038	0.019
3039	-0.491
3040	0.059
3041	-0.161
3042	-0.061
3043	-0.241
3044	-0.051
3045	-0.271
3046	-0.181
3047	-0.291
3048	0.109
3049	0.219
3050	-0.251
3051	0.039
3052	-0.021
3053	0.239
3054	0.279
3055	-0.131
3056	0.239
3057	-0.051
3058	0.319
3059	-0.311
3060	0.039
3061	-0.271
3062	0.389
3063	-0.011
3064	-0.121
3065	0.499
3066	-0.241
3067	0.019
3068	0.129
3069	0.049
3070	0.339
3071	-0.051
3072	0.059
3073	0.199
3074	-0.181
3075	0.299
3076	-0.111
3077	-0.251
3078	0.249
3079	-0.221
3080	-0.181
3081	-0.111
3082	0.169
3083	-0.101
3084	0.059
3085	-0.121
3086	-0.041
3087	-0.141
3088	0.059
3089	-0.071
3090	0.329
3091	0.039
3092	0.179
3093	0.059
3094	-0.091
3095	0.059
3096	-0.131
3097	-0.061
3098	0.139
3099	-0.091
3100	-0.101
3101	-0.291
3102	-0.141
3103	-0.661
3104	-0.311
3105	-0.501
3106	-0.331
3107	-0.141
3108	0.239
3109	-0.371
3110	-0.131
3111	-0.431
3112	-0.091
3113	-0.091
3114	-0.171
3115	0.009
3116	0.199
3117	0.049
3118	0.169
3119	0.199
3120	-0.021
3121	0.119
3122	0.039
3123	-0.161
3124	-0.191
3125	-0.221
3126	-0.041
3127	-0.061
3128	0.079
3129	0.059
3130	0.229
3131	-0.021
3132	0.219
3133	-0.191
3134	-0.351
3135	-0.261
3136	0.099
3137	-0.051
3138	0.039
3139	-0.411
3140	0.179
3141	-0.111
3142	-0.291
3143	0.149
3144	-0.821
3145	-0.161
3146	-0.121
3147	-2.081
3148	-1.501
3149	-0.821
3150	-0.631
3151	-0.621
3152	0.349
3153	0.029
3154	0.159
3155	-0.011
3156	-0.191
3157	-0.731
3158	-0.431
3159	0.099
3160	0.099
3161	-0.411
3162	0.259
3163	-0.381
3164	-0.101
3165	-0.401
3166	-0.021
3167	-0.281
3168	-0.091
3169	-0.281
3170	-0.221
3171	-0.161
3172	0.279
3173	-0.361
3174	-0.221
3175	-0.101
3176	0.089
3177	0.089
3178	0.289
3179	-0.391
3180	-0.181
3181	-0.171
3182	0.229
3183	-0.101
3184	0.469
3185	-0.071
3186	0.189
3187	-0.001
3188	-0.151
3189	0.179
3190	-0.041
3191	-0.151
3192	0.159
3193	-0.361
3194	-0.191
3195	-0.221
3196	-0.021
3197	0.399
3198	-0.201
3199	0.209
3200	0.159
3201	-0.111
3202	-0.151
3203	-0.091
3204	-0.161
3205	-0.291
3206	0.259
3207	-0.181
3208	-0.221
3209	-0.261
3210	-0.271
3211	-0.031
3212	-0.281
3213	-0.301
3214	0.209
3215	-0.431
3216	-0.051
3217	-0.171
3218	-0.321
3219	-0.401
3220	0.089
3221	-0.141
3222	0.059
3223	-0.311
3224	-0.021
3225	0.099
3226	0.229
3227	-0.281
3228	0.369
3229	0.359
3230	-0.111
3231	-0.201
3232	-0.091
3233	0.009
3234	0.059
3235	-0.261
3236	0.849
3237	0.309
3238	0.079
3239	-0.281
3240	-0.301
3241	-0.211
3242	0.219
3243	-0.061
3244	0.139
3245	0.189
3246	0.339
3247	0.319
3248	0.319
3249	-0.111
3250	-0.091
3251	-0.221
3252	-0.041
3253	-0.381
3254	-0.151
3255	-0.371
3256	0.009
3257	-0.371
3258	-0.251
3259	-0.141
3260	0.269
3261	-0.181
3262	0.199
3263	-0.081
3264	0.209
3265	-0.261
3266	-0.151
3267	-0.161
3268	-0.271
3269	-0.211
3270	-0.381
3271	-0.211
3272	0.089
3273	-0.091
3274	0.109
3275	0.579
3276	0.009
3277	0.469
3278	0.219
3279	-0.391
3280	0.699
3281	0.129
3282	0.299
3283	0.389
3284	0.109
3285	0.469
3286	0.589
3287	0.199
3288	0.949
3289	-0.411
3290	-0.321
3291	-0.021
3292	0.359
3293	0.239
3294	0.589
3295	0.029
3296	0.309
3297	-0.311
3298	0.019
3299	0.279
3300	0.149
3301	-0.061
3302	0.139
3303	0.159
3304	0.259
3305	-0.071
3306	0.019
3307	-0.221
3308	0.189
3309	-0.371
3310	0.339
3311	-0.431
3312	0.589
3313	0.169
3314	0.419
3315	-0.131
3316	0.379
3317	0.339
3318	0.229
3319	-0.001
3320	0.179
3321	-0.141
3322	0.289
3323	0.009
3324	0.639
3325	-0.221
3326	-0.111
3327	-0.151
3328	0.109
3329	-0.251
3330	0.069
3331	-0.021
3332	0.279
3333	-0.001
3334	-0.061
3335	-0.161
3336	0.169
3337	-0.081
3338	-0.031
3339	0.079
3340	-0.371
3341	-0.071
3342	0.249
3343	-0.121
3344	0.079
3345	1.049
3346	0.259
3347	-0.171
3348	0.449
3349	-0.291
3350	0.239
3351	-0.241
3352	0.059
3353	-0.171
3354	0.339
3355	-0.061
3356	0.039
3357	0.089
3358	0.389
3359	0.559
3360	-0.051
3362	0.059
3363	0.719
3365	0.149
3366	-3.931
3367	-0.061
3368	0.109
3369	0.149
3370	0.489
3371	0.189
3372	0.419
3373	0.759
3374	0.409
3375	0.039
3376	0.159
3377	0.019
3378	0.139
3379	0.139
3380	-0.191
3381	-0.091
3382	0.279
3383	-0.201
3384	0.069
3385	0.129
3386	0.879
3387	-0.201
3388	-0.241
3389	-0.171
3390	-0.171
3391	0.039
3392	0.209
3393	0.119
3394	0.169
3395	-0.261
3396	0.249
3397	-0.331
3398	0.049
3399	-0.401
3400	0.169
3401	-0.301
3402	-0.201
3403	0.739
3404	1.579
3405	-0.301
3406	-0.531
3407	0.229
3408	-0.291
3409	-0.061
3410	0.329
3411	-0.191
3412	0.259
3413	-0.221
3414	0.099
3415	0.019
3416	0.139
3417	0.069
3418	-0.131
3419	-0.351
3420	-0.181
3421	-3.761
3422	-0.011
3423	-0.401
3424	0.069
3425	0.009
3426	-0.001
3427	-0.301
3428	-0.061
3429	0.179
3430	0.349
3431	-0.011
3432	0.719
3433	0.489
3434	0.149
3435	-0.111
3436	-0.371
3437	0.019
3438	0.009
3439	-0.131
3440	0.489
3441	-0.001
3442	-0.161
3443	-0.171
3444	-0.121
3445	0.589
3446	-0.111
3447	-0.181
3448	0.979
3449	-0.431
3450	-0.181
3451	-0.001
3452	0.089
3453	-0.091
3454	0.299
3455	0.069
3456	-0.071
3457	0.009
3458	-0.251
3459	0.329
3460	0.849
3461	-0.001
3462	0.319
3463	-0.041
3464	0.319
3465	-0.001
3466	0.099
3467	0.159
3468	0.339
3469	-0.321
3470	0.319
3471	-0.051
3472	0.069
3473	-0.111
3474	0.399
3475	-0.391
3476	0.039
3477	-0.081
3478	0.039
3479	-0.211
3480	0.029
3481	-0.161
3482	-0.461
3483	-0.091
3484	0.339
3485	-0.101
3486	-0.081
3487	-0.161
3488	0.069
3489	-0.051
3490	-0.161
3491	-0.011
3492	0.079
3493	0.019
3494	-0.161
3495	-0.011
3496	-0.111
3497	-0.611
3498	0.039
3499	-0.401
3500	0.359
3501	0.319
3502	-0.131
3503	-0.131
3504	0.429
3505	-0.241
3506	1.429
3507	0.149
3508	0.359
3509	-0.121
3510	0.409
3511	-0.441
3512	0.359
3513	0.069
3514	0.379
3515	0.039
3516	0.539
3517	0.149
3518	0.149
3519	0.429
3520	0.779
3521	0.029
3522	-0.021
3523	-0.581
3524	0.269
3525	0.159
3526	0.749
3528	0.699
3529	0.159
3530	0.089
3531	0.499
3532	0.399
3533	-0.001
3534	0.379
3537	0.779
3538	0.359
3539	0.049
3540	-0.171
3541	-0.021
3542	0.509
3543	0.189
3544	-0.221
3545	0.069
3546	-0.331
3547	-0.011
3548	0.169
3549	0.489
3550	-0.051
3551	-0.051
3552	-0.021
3553	0.169
3554	-0.041
3555	0.289
3556	0.049
3557	-0.111
3558	-0.271
3559	-0.331
3560	0.099
3561	-0.041
3562	-0.301
3563	-0.081
3564	-0.251
3565	0.029
3566	-0.141
3567	-0.091
3568	0.119
3569	-0.081
3570	-0.131
3571	0.329
3572	-0.051
3573	0.139
3574	0.069
3575	0.169
3576	-0.281
3577	0.159
3578	-0.141
3579	0.259
3580	0.059
3581	-0.211
3582	0.069
3583	-0.001
3584	0.109
3585	0.059
3586	0.049
3587	0.149
3588	-0.201
3589	0.189
3590	-0.051
3591	-0.171
3592	-0.131
3593	-0.271
3594	-0.211
3595	0.089
3596	-0.241
3597	0.139
3598	-0.531
3599	-0.051
3600	-0.331
3601	-0.051
3602	-0.131
3603	-0.121
3604	0.009
3605	-0.011
3606	-0.071
3607	-0.121
3608	-0.321
3609	0.209
3610	-0.341
3611	-2.331
3612	-0.131
3613	-0.311
3614	-0.191
3615	-0.281
3616	-0.251
3617	-0.041
3619	-0.071
3620	1.289
3621	-0.331
3622	0.559
3623	-0.131
3624	0.169
3625	-0.031
3626	0.529
3627	0.409
3628	-0.111
3629	0.169
3630	0.149
3631	0.019
3632	-0.181
3633	-0.011
3634	0.249
3635	-0.511
3636	-1.331
3637	-1.271
3638	-3.221
3639	-2.621
3640	-0.011
3641	-0.031
3642	-0.031
3643	-0.381
3644	0.069
3645	-0.121
3646	0.209
3647	-0.111
3648	-0.211
3649	-0.131
3650	-0.121
3651	-0.211
3652	-0.181
3653	0.129
3654	-0.131
3655	-0.291
3656	0.209
3657	-0.051
3658	0.029
3659	0.069
3660	0.159
3661	-0.001
3662	-0.131
3663	-0.051
3664	-0.131
3665	0.119
3666	0.039
3667	-0.161
3668	0.159
3669	0.649
3670	-0.151
3671	-0.041
3672	0.439
3673	-0.201
3674	-0.231
3675	0.489
3676	0.429
3677	-0.371
3678	0.939
3679	0.409
3680	0.139
3681	0.059
3682	0.039
3683	0.319
3684	0.369
3685	-0.131
3686	0.099
3687	-0.151
3688	0.049
3689	-0.261
3690	0.369
3691	0.649
3692	0.279
3693	0.179
3694	0.119
3695	-0.061
3696	0.239
3697	0.069
3698	-0.151
3699	0.059
3700	-0.191
3701	0.019
3702	0.199
3703	-0.091
3704	0.679
3705	-0.391
3706	-0.161
3707	-0.051
3708	0.259
3709	1.199
3710	0.139
3711	-0.371
3712	0.209
3713	-0.231
3714	0.139
3715	-0.221
3716	0.459
3717	0.149
3718	0.199
3719	-0.261
3720	0.319
3721	0.019
3722	-0.011
3723	-0.121
3724	0.129
3725	0.369
3726	0.639
3727	0.299
3728	0.269
3729	0.039
3730	0.119
3731	0.359
3732	0.089
3733	-0.361
3734	0.369
3735	0.389
3736	0.439
3737	-0.261
3738	0.129
3739	-0.031
3740	0.119
3741	-0.121
3742	-0.091
3743	-0.401
3744	0.179
3745	-0.291
3746	0.189
3747	0.069
3748	-0.281
3749	-0.171
3750	0.079
3751	-0.191
3752	-0.081
3753	0.399
3754	0.159
3755	-0.191
3756	-0.051
3757	-0.331
3758	-0.021
3759	-0.051
3760	0.249
3761	0.119
3762	0.229
3763	0.159
3764	-0.041
3765	-0.471
3766	0.079
3767	0.129
3768	0.139
3769	-0.181
3770	0.179
3771	-0.161
3772	-0.141
3773	-0.251
3774	-0.121
3775	0.119
3776	0.519
3777	-0.021
3778	-0.151
3779	-0.601
3780	-0.191
3781	-0.021
3782	-0.031
3783	-0.291
3784	-0.241
3785	-0.381
3786	-0.061
3787	-0.221
3788	0.029
3789	-0.531
3790	-0.461
3791	-0.011
3792	0.229
3793	-0.411
3794	0.039
3795	-0.201
3796	-0.241
3797	-0.441
3798	0.129
3799	-0.281
3800	-0.011
3801	0.609
3802	0.269
3803	-0.071
3804	0.089
3805	-0.081
3806	0.379
3807	-0.271
3808	0.329
3809	-0.281
3810	0.239
3811	0.009
3812	-0.471
3813	-0.171
3814	0.179
3815	-0.221
3816	-0.031
3817	-0.281
3818	-0.101
3819	-0.111
3820	-0.051
3821	-0.201
3822	-0.041
3823	0.189
3824	0.099
3825	-0.371
3826	0.439
3827	-0.431
3828	-0.041
3829	0.079
3830	0.419
3831	-0.021
3832	0.109
3833	0.109
3834	-0.101
3835	-0.001
3836	0.309
3837	-0.371
3838	-0.091
3839	-0.331
3840	-0.061
3841	-0.341
3842	-0.031
3843	0.009
3844	-0.101
3845	0.499
3846	0.309
3847	0.169
3848	0.459
3849	-0.261
3850	-0.041
3851	-0.331
3852	-0.071
3853	-0.071
3854	0.309
3855	-0.241
3856	0.139
3857	-0.061
3858	-0.021
3859	-0.171
3860	0.049
3861	-0.131
3862	0.309
3863	0.019
3864	-0.761
3865	0.259
3866	-0.121
3867	-0.031
3868	0.309
3869	-0.251
3870	0.019
3871	-0.231
3872	-0.301
3873	-0.281
3874	0.169
3875	-0.141
3876	-0.131
3877	-0.311
3878	0.409
3879	1.069
3880	1.499
3881	0.079
3882	-0.001
3883	-0.121
3884	0.309
3885	0.399
3886	-0.011
3887	0.169
3888	0.259
3889	0.089
3890	0.029
3891	-0.101
3892	0.039
3893	-0.141
3894	-0.031
3895	0.539
3896	0.339
3897	0.379
3898	0.429
3899	0.139
3900	0.579
3901	0.659
3902	0.499
3903	0.509
3904	0.229
3905	0.019
3906	0.149
3907	0.069
3908	0.089
3909	0.119
3910	0.389
3911	0.089
3912	0.079
3913	-0.001
3914	0.009
3915	-0.091
3916	0.779
3917	0.019
3918	0.309
3919	0.019
3920	0.479
3921	0.019
3922	0.449
3923	-0.021
3924	0.249
3925	0.149
3926	-0.001
3927	-0.011
3928	0.089
3929	0.079
3930	0.339
3931	0.199
3932	0.329
3933	0.049
3934	0.439
3935	0.039
3936	-0.421
3937	-0.361
3938	0.199
3939	-0.381
3940	0.249
3941	-0.121
3942	0.369
3943	-0.101
3944	0.309
3945	0.119
3946	0.009
3947	0.509
3948	0.159
3949	-0.061
3950	0.199
3951	0.379
3952	0.499
3953	-0.151
3954	0.189
3955	-0.171
3956	0.199
3957	-0.061
3958	0.139
1464	0.039
3959	0.079
3960	-0.161
3961	0.469
3962	0.429
3963	-0.261
3964	-0.101
3965	0.499
3966	-0.201
3967	0.269
3968	-0.091
3969	-0.091
3970	-0.221
1766	-0.041
3971	-0.201
3972	-2.641
3973	-0.621
3974	-0.111
3975	0.379
3976	0.209
3977	-0.181
3978	0.089
3979	0.189
3980	0.159
3981	-0.241
1932	0.149
3982	-0.261
3983	-0.261
3984	-0.081
3985	0.029
3986	0.879
3987	-0.231
3988	0.049
3989	-0.191
3990	-0.361
3991	0.419
3992	-0.111
3993	-0.251
3994	-0.111
2098	-0.121
3995	-0.111
3996	0.439
3997	0.469
3998	0.679
3999	-0.401
4000	-0.221
4001	0.659
4002	0.199
4003	0.309
4004	0.349
4005	0.159
4006	-0.231
4007	-0.281
4008	0.219
4009	-0.061
4010	-0.001
4011	-0.061
4012	-0.141
4013	-0.191
4014	-0.221
4015	-0.091
4016	0.919
4017	0.889
4018	0.509
4019	0.569
4020	0.129
4021	0.139
4022	0.329
4023	-0.171
4024	0.219
4025	-0.311
4026	0.329
4027	-0.281
4028	0.399
2758	-0.031
4029	0.089
4030	-0.371
4031	0.329
4032	0.139
4033	-0.101
4034	-0.021
4035	0.019
4036	0.019
4037	-0.091
4038	-0.421
4039	0.199
4040	0.139
4041	-0.041
4042	-0.151
4043	-0.201
4044	-0.221
4045	0.839
4046	0.009
4047	-0.191
4048	-0.241
4049	-0.231
4050	-0.331
4051	0.089
4052	0.159
4053	-0.001
4054	-0.061
4055	0.069
4056	0.379
4057	-0.231
4058	0.379
4059	0.109
4060	-0.091
4061	-0.021
4062	-0.091
4063	0.419
4064	-0.701
3361	-0.251
3364	-0.241
4065	0.209
4066	0.099
4067	0.699
4068	0.219
4069	0.109
3527	0.179
4070	0.259
4071	0.189
4072	0.289
3618	0.549
4073	0.289
4074	-0.041
4075	-0.171
4076	-0.061
4077	-0.281
4078	0.039
4079	0.079
4080	-0.061
4081	0.339
4082	-0.171
4083	0.779
4084	-0.131
4085	0.179
4086	0.409
4087	0.119
4088	0.399
4089	0.069
4090	-0.271
21	0.259
4091	0.039
4092	0.189
4093	0.119
4094	0.049
4095	-0.361
4096	-0.221
4097	-0.491
4098	0.219
4099	0.429
4100	0.159
4101	0.069
4102	-0.051
4103	0.009
4104	0.419
4105	0.079
4106	0.279
4107	0.009
4108	0.729
4109	0.419
4110	-0.501
4111	0.009
4112	0.249
4113	0.019
4114	1.169
4115	0.239
4116	0.069
4117	0.169
4118	0.169
796	-0.161
4119	-0.591
4120	-0.001
4121	-0.121
839	-0.361
4122	0.119
4123	-0.461
4124	0.199
4125	-0.341
4126	0.069
4127	0.059
4128	0.529
4129	0.069
987	0.249
4130	0.339
4131	0.189
4132	-0.241
4133	0.069
4134	-0.001
4135	0.729
1076	0.749
4136	0.319
4137	0.129
1101	0.479
4138	-0.211
4139	-0.021
4140	-0.401
4141	0.079
4142	-0.111
4143	-0.021
4144	0.019
4145	-0.071
4146	-0.121
984	0.099
1096	0.299
4147	0.219
4148	-0.251
4149	0.039
4150	0.309
4151	0.379
4152	-0.121
4153	0.119
4154	-0.391
4155	0.369
4156	-0.261
4157	0.799
4158	-0.241
4159	0.279
4160	-0.291
4161	-0.071
4162	-0.161
4163	0.339
4164	0.179
4165	-0.201
4166	-0.291
4167	0.099
4168	-0.351
4169	-0.051
4170	-0.311
4171	-0.251
280	-0.161
4172	0.149
4173	-0.431
4174	-0.181
4175	-0.091
4176	0.139
4177	0.409
4178	-0.041
4179	0.259
4180	0.279
4181	0.049
4182	-0.181
750	0.049
4183	0.189
4184	0.249
4185	0.339
4186	0.169
4187	0.229
4188	-0.361
4189	-0.211
4190	0.109
4191	0.119
4192	-0.341
4193	0.019
4194	-0.081
4195	0.389
4196	0.029
4197	-0.161
4198	0.019
4199	-0.181
4200	-0.131
4201	0.099
4202	0.289
4203	-0.131
4204	-0.191
4205	0.119
4206	-0.241
4207	-0.231
4208	-0.121
4209	0.879
4210	-0.131
4211	0.079
4212	-0.521
4213	0.479
4214	-0.281
4215	0.139
4216	0.199
4217	-2.231
4218	-0.021
4219	-0.301
4220	0.379
4221	0.289
4222	-0.081
4223	-0.141
4224	-0.161
4225	-0.221
4226	-0.131
4227	0.109
4228	0.009
4229	0.309
4230	0.359
4231	-0.101
4232	-0.141
4233	0.229
4234	-0.151
4235	0.209
4236	0.019
4237	0.199
4238	-0.291
4239	0.539
4240	-0.111
4241	0.589
4242	-0.111
4243	0.169
4244	0.009
4245	0.349
4246	-0.231
3535	0.479
3536	0.379
4247	0.139
4248	0.479
4249	-0.061
4250	-0.371
4251	0.259
4252	0.089
4253	0.499
4254	0.019
4255	0.179
4256	1.329
4257	0.619
4258	0.479
4259	-0.001
4260	0.109
1831	0.229
4261	0.159
4262	-1.601
4263	-0.481
4264	0.389
4265	0.589
4266	0.439
4267	0.639
4268	1.639
4269	-0.301
4270	-2.911
4271	-0.261
4272	0.179
4273	0.179
4274	0.289
4275	0.259
4276	0.559
4277	0.139
4278	0.019
4279	0.149
4280	0.149
4281	0.179
4282	0.299
4283	-0.241
1461	0.569
4284	-0.011
4285	0.779
4286	0.269
4287	0.229
4288	0.289
4289	0.449
4290	0.499
4291	-0.281
4292	0.179
4293	0.069
4294	-0.161
4295	0.109
