1	-0.374
2	0.316
3	0.266
4	0.076
5	0.196
6	0.006
7	0.026
8	-0.154
9	-0.134
10	-0.124
11	-0.074
12	-0.424
13	0.006
14	-0.344
15	0.126
16	-0.474
17	0.386
18	-0.334
19	0.016
20	-0.484
22	0.206
23	0.176
24	0.116
25	0.046
26	0.036
27	0.226
28	0.006
29	-0.164
30	0.326
31	-0.094
32	0.066
33	-0.104
34	0.076
35	-0.134
36	0.136
37	-0.214
38	0.206
39	-0.064
40	0.056
41	-0.044
42	-0.224
43	0.646
44	-0.054
45	-0.034
46	0.036
47	0.106
48	0.146
49	-0.024
50	0.306
51	-0.124
52	-0.064
53	-0.014
54	0.066
55	-0.264
56	-0.124
57	-0.064
58	0.166
59	0.666
60	0.046
61	-0.134
62	0.176
63	0.056
64	0.286
65	0.096
66	-0.254
67	-0.154
68	-0.114
69	-0.044
70	0.256
71	0.016
72	0.126
73	-0.014
74	0.066
75	0.026
76	0.046
77	-0.004
78	-0.054
79	0.066
80	0.326
81	-0.294
82	-0.034
83	-0.044
84	0.216
85	-0.064
86	0.026
87	-0.244
88	0.226
89	-0.284
90	0.076
91	-0.064
92	0.116
93	-0.074
94	0.006
95	-0.184
96	0.186
97	-0.274
98	-0.474
99	-1.214
100	-0.634
101	-0.364
102	-0.134
103	-0.194
104	-0.014
105	0.166
106	-0.194
107	-1.594
108	0.226
109	-0.064
110	0.256
111	-0.144
112	0.016
113	-0.394
114	0.016
115	-0.024
116	0.086
117	-0.364
118	0.096
119	-0.504
120	-0.074
121	-0.214
122	0.026
123	-0.304
124	0.006
125	-0.014
126	0.016
127	-0.314
128	0.006
129	0.006
130	-0.144
131	-0.114
132	-0.074
133	-0.104
134	0.146
135	-0.234
136	0.026
137	-0.224
138	-0.024
139	-0.074
140	-2.974
141	-1.374
142	-0.064
143	-0.104
144	-0.044
145	-0.014
146	0.036
147	-0.914
148	-0.174
149	-0.484
150	-0.044
151	-0.114
152	-0.084
153	-0.744
154	-0.114
155	-0.124
156	-0.244
157	-0.394
158	-0.094
159	-0.234
160	0.016
161	-0.274
162	0.226
163	-0.274
164	0.116
165	-0.444
166	0.336
167	0.036
168	0.156
169	0.176
170	0.536
171	0.006
172	0.246
173	0.106
174	0.056
175	0.066
176	0.256
177	-0.184
178	0.106
179	-0.394
180	-0.224
181	-0.464
182	-0.054
183	-0.194
184	0.256
185	-0.224
186	-0.024
187	-0.004
188	0.046
189	-0.384
190	-0.054
191	-0.244
192	0.066
193	-0.164
194	0.226
195	0.396
196	0.286
197	-0.884
198	-0.774
199	-0.284
200	-0.324
201	0.056
202	0.056
203	0.016
204	0.246
205	-0.004
206	0.126
207	-0.364
208	0.016
209	-0.244
210	0.016
211	-0.074
212	-1.024
213	0.156
214	0.016
215	-0.424
216	-0.294
217	0.086
218	0.166
219	0.186
220	-0.034
221	-0.024
222	0.136
223	-0.064
224	0.556
225	-0.024
226	0.066
227	0.206
228	0.236
229	0.276
230	0.066
231	-0.104
232	0.296
233	-0.144
234	0.246
235	-0.434
236	0.366
237	0.016
238	0.286
239	-0.204
240	-0.174
241	-0.214
242	0.636
243	0.146
244	0.146
245	-0.024
246	0.066
247	0.386
248	0.046
249	-0.204
250	-0.144
251	-0.094
252	-0.264
253	-0.044
254	0.076
255	0.176
256	0.266
257	0.126
258	0.806
259	0.016
260	0.136
261	-0.394
262	0.216
263	-0.344
264	0.046
265	-0.924
266	-0.254
267	0.056
268	0.206
269	0.006
270	0.026
271	-0.244
272	-0.094
273	0.146
274	-0.004
275	-0.024
276	0.066
277	-0.114
278	0.136
279	-0.004
281	0.186
282	-2.524
283	-0.544
284	-1.154
285	-0.404
286	-0.924
287	-0.324
288	-0.644
289	-0.744
290	-0.954
291	-0.604
292	-0.464
293	-0.124
294	-0.584
295	-0.084
296	-0.214
297	0.036
298	0.076
299	-0.034
300	-0.514
301	-0.204
302	-0.324
303	-0.064
304	-0.034
305	0.036
306	-0.294
307	-0.034
308	-0.174
309	-0.034
310	-0.024
311	-0.334
312	-0.194
313	-0.074
314	-0.244
315	-0.074
316	-0.304
317	0.336
318	-0.064
319	0.486
320	-0.034
321	0.086
322	-0.084
323	0.076
324	-0.104
325	0.626
326	-0.474
327	0.316
328	-0.144
329	0.296
330	-0.404
331	0.126
332	-0.354
333	0.096
334	-0.154
335	0.126
336	-0.264
337	-0.014
338	0.166
339	-0.084
340	0.006
341	0.016
342	-0.334
343	-0.134
344	-0.434
345	0.066
346	0.066
347	0.156
348	-0.054
349	0.156
350	-1.344
351	-0.834
352	-0.724
353	-0.384
354	-0.534
355	-0.064
356	0.026
357	-0.054
358	-0.074
359	0.226
360	-0.074
361	0.056
362	-0.234
363	-0.234
364	-0.254
365	0.086
366	0.036
367	0.006
368	-0.184
369	0.236
370	-0.124
371	0.066
372	-0.264
373	0.136
374	-0.194
375	0.146
376	-0.314
377	0.066
378	-0.134
379	0.026
380	-0.044
381	-0.214
382	-0.114
383	0.186
384	-0.194
385	-0.204
386	-0.664
387	0.176
388	0.006
389	-0.004
390	-0.374
391	0.426
392	0.096
393	0.126
394	0.116
395	0.316
396	-0.004
397	0.126
398	0.016
399	0.296
400	-0.234
401	0.136
402	-0.164
403	0.316
404	0.006
405	0.166
406	0.876
407	0.116
408	0.406
409	0.006
410	0.046
411	0.206
412	-0.454
413	-0.164
414	-0.354
415	0.286
416	0.006
417	0.186
418	0.136
419	0.006
420	0.006
421	0.196
422	0.286
423	0.246
424	-0.084
425	-0.194
426	-0.224
427	0.106
428	-0.444
429	-0.324
430	0.116
431	0.126
432	0.106
433	0.236
434	-0.054
435	0.066
436	0.026
437	0.196
438	0.006
439	0.316
440	0.136
441	0.176
442	-0.054
443	0.276
444	0.016
445	0.136
446	0.186
447	0.206
448	0.056
449	0.336
450	-0.184
451	0.576
452	-0.144
453	0.136
454	-0.024
455	0.156
456	0.336
457	-0.054
458	0.046
459	-0.584
460	0.236
461	0.226
462	0.086
463	0.276
464	-0.294
465	0.406
466	-0.064
467	-0.174
468	-0.154
469	-0.934
470	-0.054
471	-0.174
472	-0.094
473	0.236
474	-0.534
475	0.106
476	-0.134
477	0.036
478	-0.024
479	0.286
480	-0.004
481	-0.374
482	0.056
483	0.066
484	0.226
485	-0.594
486	0.086
487	-0.184
488	-0.074
489	0.206
490	0.096
491	-0.294
492	-0.404
493	-0.314
494	0.246
495	-0.174
496	-0.144
497	-0.074
498	-0.064
499	0.316
500	-0.194
501	0.266
502	-0.014
503	-0.054
504	-0.074
505	0.136
506	0.126
507	-0.134
508	-0.054
509	-0.514
510	0.836
511	0.366
512	0.446
513	0.166
514	0.236
515	0.136
516	-0.094
517	0.396
518	0.816
519	0.006
520	0.046
521	0.066
522	-0.104
523	0.046
524	0.086
525	-0.014
526	-0.204
527	0.496
528	0.136
529	0.196
530	0.056
531	0.086
532	-0.244
533	0.276
534	0.396
535	0.026
536	0.096
537	0.426
538	0.486
539	0.106
540	-0.114
541	0.126
542	-0.164
543	0.316
544	0.036
545	-0.104
546	-0.194
547	0.046
548	-0.144
549	-0.514
550	-0.694
551	-0.174
552	-0.144
553	0.136
554	-0.114
555	-0.064
556	0.596
557	0.086
558	-0.134
559	-0.034
560	-0.424
561	-0.204
562	-0.384
563	-0.004
564	-0.164
565	-0.054
566	-0.254
567	-0.014
568	-0.204
569	0.056
570	-0.014
571	-0.204
572	-0.224
573	-0.164
574	-0.514
575	0.256
576	-0.124
577	0.166
578	-0.234
579	0.366
580	0.226
581	0.146
582	-0.254
583	0.106
584	-0.074
585	0.416
586	0.116
587	0.206
588	0.206
589	0.486
590	0.216
591	0.136
592	0.186
593	0.356
594	0.426
595	0.516
596	0.176
597	0.186
598	-0.154
599	0.426
600	-0.214
601	0.046
602	0.456
603	0.296
604	0.046
605	0.236
606	0.086
607	0.306
608	-0.194
609	0.116
610	-0.344
611	-0.344
612	0.166
613	0.136
614	0.006
615	0.156
616	0.036
617	0.256
618	-2.774
619	0.196
620	-0.214
621	0.316
622	0.326
623	0.586
624	1.246
625	0.186
626	-0.104
627	0.506
628	-0.024
629	-0.014
630	-0.114
631	0.216
632	0.436
633	0.256
634	-0.204
635	-0.124
636	-0.154
637	0.196
638	-0.004
639	-0.064
640	0.016
641	-0.084
642	-0.194
643	0.206
644	-0.254
645	0.326
646	-0.184
647	0.016
648	-0.064
649	0.066
650	0.176
651	0.336
652	0.236
653	0.406
654	0.346
655	0.156
656	-0.004
657	0.166
658	0.106
659	-0.064
660	0.236
661	-0.104
662	-0.364
663	0.736
664	0.116
665	0.246
666	-0.034
667	0.246
668	0.116
669	0.226
670	-0.004
671	0.306
672	-0.554
673	0.166
674	-0.234
675	-0.094
676	-0.074
677	0.106
678	-0.244
679	0.266
680	-0.214
681	-0.234
682	-0.024
683	0.086
684	0.256
685	0.476
686	-0.024
687	0.226
688	-0.154
689	0.016
690	0.036
691	-0.054
692	-0.034
693	0.436
694	0.436
695	0.776
696	0.096
697	0.496
698	0.326
699	0.236
700	-0.124
701	0.216
702	0.146
703	0.396
704	0.056
705	0.266
706	0.146
707	0.356
708	-0.124
709	0.046
710	0.186
711	0.196
712	-0.044
713	0.196
714	0.046
715	0.176
716	-0.334
717	-0.094
718	-0.214
719	0.086
720	-0.064
721	0.176
722	0.046
723	0.086
724	0.016
725	0.156
726	-0.624
727	0.236
728	-0.304
729	0.016
730	-0.104
731	-0.074
732	-0.264
733	0.296
734	0.126
735	-0.094
736	-0.084
737	0.306
738	-0.164
739	0.206
740	-0.164
741	0.016
742	-0.184
743	0.156
744	0.016
745	0.036
746	-0.144
747	0.056
748	0.376
749	0.276
751	-0.154
752	-0.044
753	-0.164
754	0.076
755	-0.054
756	-0.064
757	-0.144
758	-0.054
759	-0.064
760	-0.034
761	-0.154
762	0.186
763	0.006
764	0.156
765	-0.164
766	0.176
767	0.026
768	-0.074
769	-0.324
770	0.026
771	-0.094
772	0.166
773	-0.274
774	-0.014
775	0.336
776	0.186
777	0.126
778	0.226
779	-0.634
780	0.096
781	0.006
782	0.016
783	-0.064
784	-0.154
785	-0.324
786	0.086
787	0.086
788	0.246
789	-0.004
790	0.166
791	-0.124
792	0.416
793	0.146
794	0.216
795	0.136
797	0.046
798	0.136
799	0.076
800	0.036
801	0.046
802	0.046
803	-0.044
804	0.006
805	0.326
806	0.086
807	0.146
808	0.156
809	0.256
810	-0.114
811	-0.014
812	0.126
813	0.336
814	-0.454
815	0.316
816	0.016
817	0.026
818	-0.174
819	-0.224
820	0.116
821	0.106
822	-0.214
823	0.066
824	-0.184
825	-0.174
826	-0.014
827	0.146
828	-0.224
829	-0.134
830	-0.054
831	-0.104
832	0.436
833	0.366
834	-0.344
835	-0.234
836	0.156
837	0.206
838	-0.044
840	0.256
841	0.266
842	0.056
843	-0.094
844	0.276
845	-0.074
846	0.066
847	0.306
848	0.006
849	0.266
850	-0.204
851	0.206
852	-0.114
853	0.066
854	-0.024
855	0.336
856	0.116
857	0.216
858	-0.004
859	-0.094
860	0.026
861	-0.194
862	-0.144
863	-0.234
864	-0.194
865	-0.304
866	0.016
867	0.196
868	-0.504
869	-0.144
870	0.006
871	0.026
872	-0.284
873	-0.544
874	0.056
875	-0.004
876	0.156
877	-0.054
878	0.076
879	-0.184
880	0.106
881	0.066
882	0.096
883	-0.234
884	-0.034
885	-0.184
886	0.066
887	-0.094
888	0.066
889	-0.304
890	-0.374
891	-0.174
892	0.046
893	0.236
894	0.026
895	-0.124
896	0.166
897	-0.184
898	0.076
899	0.196
900	0.266
901	-0.404
902	0.356
903	-0.344
904	0.256
905	0.066
906	-0.084
907	-0.234
908	-0.024
909	0.046
910	-0.164
911	-0.354
912	0.076
913	-0.074
914	-0.214
915	-0.354
916	0.056
917	-0.034
918	-0.354
919	-0.144
920	0.106
921	0.166
922	0.316
923	-0.214
924	0.236
925	-0.004
926	0.416
927	-0.154
928	0.086
929	0.046
930	-0.024
931	-0.134
932	-0.004
933	-0.514
934	-0.274
935	-0.214
936	-0.384
937	-0.284
938	0.336
939	-0.114
940	0.186
941	0.036
942	-0.054
943	-0.294
944	-0.174
945	-0.254
946	0.036
947	-0.264
948	0.236
949	-0.014
950	-0.004
951	-0.144
952	0.406
953	-0.384
954	0.066
955	-0.114
956	-0.164
957	-0.404
958	0.096
959	-0.074
960	0.096
961	0.026
962	-0.044
963	-0.144
964	-0.164
965	-0.044
966	0.186
967	0.256
968	0.156
969	0.166
970	0.506
971	-0.034
972	0.336
973	0.266
974	0.216
975	0.486
976	0.206
977	0.296
978	0.066
979	0.816
980	0.756
981	0.166
982	0.556
983	0.616
985	0.306
986	0.546
988	0.186
989	0.646
990	0.336
991	0.406
992	0.296
993	0.106
994	0.306
995	0.166
996	0.256
997	0.116
998	0.486
999	-0.094
1000	0.236
1001	0.066
1002	0.416
1003	0.056
1004	0.046
1005	0.076
1006	0.256
1007	-0.084
1008	-0.034
1009	-0.564
1010	0.236
1011	-0.054
1012	-0.024
1013	0.476
1014	0.086
1015	0.146
1016	0.006
1017	0.066
1018	0.226
1019	0.126
1020	0.096
1021	-0.084
1022	0.186
1023	-0.064
1024	-0.074
1025	0.016
1026	0.216
1027	0.256
1028	-0.124
1029	-0.094
1030	-0.154
1031	0.086
1032	0.016
1033	-0.114
1034	-0.034
1035	0.036
1036	0.256
1037	-0.034
1038	0.196
1039	-0.004
1040	-0.284
1041	-0.064
1042	0.406
1043	-0.184
1044	0.196
1045	0.166
1046	-0.074
1047	-0.154
1048	-0.114
1049	-4.004
1050	-0.254
1051	-0.054
1052	-0.014
1053	-0.194
1054	0.136
1055	0.216
1056	0.166
1057	-0.084
1058	0.136
1059	-0.124
1060	0.596
1061	-0.164
1062	-0.134
1063	-0.244
1064	-0.154
1065	-0.344
1066	-0.054
1067	-0.164
1068	-0.084
1069	-0.184
1070	-0.094
1071	-0.174
1072	0.096
1073	-0.134
1074	0.186
1075	-0.064
1077	-0.104
1078	-0.544
1079	-0.394
1080	-0.474
1081	-0.904
1082	-0.154
1083	-0.104
1084	-0.944
1085	0.086
1086	-0.154
1087	0.186
1088	-0.324
1089	0.076
1090	-0.304
1091	-0.254
1092	-0.164
1093	0.096
1094	-0.184
1095	-0.134
1097	-0.134
1098	0.036
1099	-0.214
1100	0.216
1102	-0.374
1103	0.016
1104	-0.004
1105	0.236
1106	-0.324
1107	-0.194
1108	-0.454
1109	-0.134
1110	-0.184
1111	-0.014
1112	-0.344
1113	-0.264
1114	-0.044
1115	0.346
1116	-0.094
1117	0.106
1118	-0.214
1119	-0.174
1120	0.416
1121	0.226
1122	0.166
1123	0.026
1124	-0.154
1125	0.106
1126	-0.564
1127	-0.104
1128	-0.084
1129	0.476
1130	-0.144
1131	0.136
1132	0.316
1133	-0.044
1134	-0.224
1135	0.206
1136	-0.324
1137	0.036
1138	0.196
1139	-0.084
1140	-1.444
1141	-0.684
1142	-0.164
1143	0.116
1144	-0.314
1145	-0.014
1146	-0.114
1147	-0.134
1148	-0.334
1149	-0.024
1150	-0.114
1151	0.056
1152	-0.334
1153	-0.054
1154	-0.234
1155	0.106
1156	0.336
1157	0.036
1158	0.066
1159	0.096
1160	-0.094
1161	0.266
1162	-0.144
1163	-0.194
1164	-0.114
1165	-0.224
1166	-0.064
1167	0.076
1168	0.056
1169	0.186
1170	0.166
1171	0.006
1172	-0.034
1173	0.026
1174	0.076
1175	-0.024
1176	0.166
1177	0.036
1178	-0.124
1179	0.156
1180	0.076
1181	0.226
1182	0.366
1183	0.056
1184	0.036
1185	0.276
1186	-0.004
1187	0.086
1188	0.176
1189	0.116
1190	0.356
1191	0.256
1192	0.656
1193	0.246
1194	0.426
1195	0.286
1196	-0.054
1197	0.016
1198	0.176
1199	0.176
1200	-0.064
1201	0.196
1202	-0.104
1203	0.036
1204	-0.004
1205	-0.444
1206	-0.064
1207	0.176
1208	0.126
1209	0.046
1210	-0.004
1211	0.226
1212	-0.064
1213	0.026
1214	0.236
1215	0.016
1216	0.116
1217	0.236
1218	0.096
1219	0.296
1220	-0.114
1221	0.396
1222	0.186
1223	-0.344
1224	0.056
1225	0.826
1226	0.136
1227	0.136
1228	-0.044
1229	0.056
1230	-0.024
1231	-0.824
1232	-0.174
1233	-0.314
1234	-0.944
1235	-0.024
1236	0.446
1237	-0.034
1238	-0.044
1239	-0.094
1240	0.196
1241	0.056
1242	-0.104
1243	0.186
1244	-0.174
1245	0.036
1246	0.046
1247	0.156
1248	0.066
1249	0.266
1250	-0.374
1251	0.136
1252	-0.044
1253	0.376
1254	-0.094
1255	-0.414
1256	-0.194
1257	-0.314
1258	-0.624
1259	0.046
1260	-0.064
1261	0.096
1262	0.076
1263	0.116
1264	0.166
1265	0.146
1266	0.066
1267	-0.074
1268	-0.104
1269	0.116
1270	-0.244
1271	-0.174
1272	-0.434
1273	0.096
1274	-0.094
1275	-0.194
1276	0.076
1277	-0.064
1278	-0.104
1279	0.096
1280	-0.104
1281	-0.034
1282	-0.164
1283	0.176
1284	0.126
1285	0.246
1286	-0.124
1287	0.166
1288	0.106
1289	0.196
1290	-0.214
1291	0.066
1292	-0.074
1293	0.136
1294	-0.224
1295	0.016
1296	-0.434
1297	-0.104
1298	-0.194
1299	-0.754
1300	-0.134
1301	0.146
1302	-0.494
1303	-0.084
1304	-0.204
1305	0.066
1306	-0.034
1307	0.226
1308	-0.014
1309	0.086
1310	0.096
1311	0.266
1312	-0.124
1313	0.156
1314	-0.284
1315	0.116
1316	-0.194
1317	-0.024
1318	-0.174
1319	-0.084
1320	-0.034
1321	0.206
1322	0.226
1323	0.066
1324	-0.074
1325	-0.034
1326	-0.294
1327	-0.144
1328	-0.014
1329	0.116
1330	-3.214
1331	0.106
1332	-0.074
1333	-0.134
1334	-0.444
1335	-0.054
1336	-0.164
1337	0.036
1338	-0.194
1339	-0.094
1340	-0.304
1341	-0.124
1342	-0.944
1343	-0.204
1344	-0.324
1345	-0.294
1346	-0.394
1347	0.146
1348	-0.024
1349	0.136
1350	0.036
1351	0.266
1352	-0.364
1353	0.246
1354	-0.124
1355	0.126
1356	0.256
1357	0.136
1358	0.086
1359	0.116
1360	0.056
1361	0.046
1362	0.006
1363	-0.024
1364	0.276
1365	-0.114
1366	0.296
1367	0.086
1368	0.396
1369	0.156
1370	-0.204
1371	-0.664
1372	-0.114
1373	0.096
1374	-0.194
1375	0.296
1376	-0.004
1377	-0.114
1378	-0.064
1379	0.106
1380	-0.024
1381	0.186
1382	-0.004
1383	-0.024
1384	0.246
1385	0.096
1386	0.036
1387	-0.104
1388	0.256
1389	0.206
1390	0.116
1391	0.136
1392	-0.114
1393	0.106
1394	-0.124
1395	0.286
1396	0.266
1397	0.386
1398	-0.064
1399	0.306
1400	0.036
1401	0.096
1402	-0.014
1403	0.076
1404	-0.024
1405	0.056
1406	-0.284
1407	-0.054
1408	-0.224
1409	0.146
1410	-0.264
1411	0.306
1412	0.076
1413	0.086
1414	-0.024
1415	0.036
1416	-0.024
1417	0.226
1418	-0.244
1419	0.016
1420	0.016
1421	0.046
1422	0.306
1423	0.156
1424	0.116
1425	-0.094
1426	-0.224
1427	0.176
1428	0.076
1429	-0.064
1430	0.026
1431	-0.104
1432	-0.224
1433	0.126
1434	0.026
1435	0.086
1436	0.076
1437	-0.294
1438	-0.234
1439	0.096
1440	0.296
1441	0.236
1442	0.086
1443	-0.024
1444	0.206
1445	0.416
1446	0.446
1447	0.156
1448	-0.124
1449	0.086
1450	0.036
1451	0.416
1452	-0.234
1453	0.146
1454	-0.164
1455	-0.324
1456	-0.344
1457	-0.004
1458	0.376
1459	-0.034
1460	-0.024
1462	0.046
1463	0.396
1465	0.206
1466	-0.264
1467	0.086
1468	0.226
1469	-0.044
1470	-0.124
1471	0.146
1472	-0.604
1473	-0.524
1474	-0.404
1475	-0.344
1476	-0.284
1477	0.156
1478	-0.024
1479	-0.024
1480	0.016
1481	0.246
1482	-0.194
1483	-0.414
1484	-0.324
1485	-0.054
1486	-0.144
1487	-0.234
1488	-0.144
1489	-0.034
1490	-0.214
1491	-0.194
1492	-0.174
1493	-0.034
1494	0.216
1495	-0.074
1496	-0.324
1497	-0.094
1498	-0.164
1499	0.306
1500	-0.344
1501	0.186
1502	-0.214
1503	0.006
1504	-0.074
1505	0.046
1506	-0.174
1507	-0.034
1508	-0.124
1509	-0.014
1510	-0.264
1511	0.116
1512	-0.404
1513	-0.114
1514	-0.064
1515	0.256
1516	0.006
1517	0.096
1518	0.076
1519	0.006
1520	0.036
1521	0.126
1522	-0.054
1523	-0.044
1524	-0.124
1525	0.616
1526	-0.074
1527	0.566
1528	0.166
1529	0.206
1530	-0.274
1531	0.056
1532	0.046
1533	-0.274
1534	-0.344
1535	0.076
1536	-0.034
1537	0.236
1538	0.116
1539	-0.014
1540	0.046
1541	0.266
1542	-0.194
1543	0.096
1544	-0.104
1545	0.056
1546	-0.034
1547	-0.174
1548	0.006
1549	0.356
1550	0.016
1551	0.006
1552	-0.164
1553	0.016
1554	-0.014
1555	-0.044
1556	0.066
1557	0.176
1558	0.076
1559	0.106
1560	-0.034
1561	0.086
1562	0.236
1563	-0.244
1564	0.986
1565	0.136
1566	0.306
1567	0.246
1568	-0.094
1569	0.156
1570	-0.284
1571	-0.024
1572	-0.284
1573	-0.064
1574	0.196
1575	0.216
1576	-0.024
1577	-0.114
1578	-0.064
1579	0.146
1580	0.066
1581	0.596
1582	0.096
1583	0.516
1584	-0.074
1585	-0.014
1586	-0.074
1587	-0.284
1588	-0.034
1589	-0.044
1590	-0.144
1591	0.246
1592	0.066
1593	0.086
1594	0.096
1595	0.046
1596	0.616
1597	0.146
1598	0.206
1599	-0.224
1600	0.036
1601	0.256
1602	0.206
1603	0.486
1604	-1.254
1605	-0.544
1606	1.006
1607	0.756
1608	0.096
1609	-0.084
1610	-0.154
1611	-0.024
1612	-0.154
1613	-0.134
1614	-0.144
1615	-0.374
1616	-0.064
1617	-0.074
1618	-0.054
1619	0.156
1620	-0.244
1621	-0.144
1622	0.136
1623	-0.064
1624	-0.264
1625	0.086
1626	-0.054
1627	-0.054
1628	-0.044
1629	0.086
1630	0.146
1631	0.336
1632	0.066
1633	0.276
1634	0.076
1635	-0.014
1636	0.066
1637	0.186
1638	-0.124
1639	0.136
1640	0.026
1641	-0.034
1642	0.226
1643	0.196
1644	0.046
1645	-0.344
1646	-0.034
1647	-0.024
1648	-0.574
1649	0.006
1650	-0.164
1651	0.106
1652	-0.204
1653	0.006
1654	0.116
1655	0.266
1656	0.236
1657	-0.064
1658	-0.054
1659	0.096
1660	-0.214
1661	-0.064
1662	0.136
1663	0.236
1664	0.456
1665	0.546
1666	0.326
1667	0.396
1668	0.346
1669	0.616
1670	0.176
1671	0.446
1672	-0.194
1673	0.096
1674	-0.004
1675	0.206
1676	-0.344
1677	-0.094
1678	-0.144
1679	-0.114
1680	-0.134
1681	-0.004
1682	-0.104
1683	0.276
1684	0.086
1685	0.096
1686	-0.164
1687	0.226
1688	-0.124
1689	0.076
1690	-0.024
1691	0.266
1692	0.266
1693	0.276
1694	-0.034
1695	0.116
1696	-0.214
1697	-0.474
1698	-0.464
1699	-0.724
1700	-0.064
1701	0.246
1702	-0.294
1703	0.076
1704	-0.064
1705	0.006
1706	0.036
1707	-0.034
1708	-0.224
1709	-0.294
1710	-0.084
1711	0.156
1712	0.016
1713	0.156
1714	-0.084
1715	-0.264
1716	-0.074
1717	0.416
1718	-0.024
1719	0.006
1720	-0.244
1721	-0.094
1722	-0.064
1723	-0.184
1724	0.096
1725	0.206
1726	0.026
1727	0.116
1728	-0.104
1729	0.146
1730	0.046
1731	-0.194
1732	0.166
1733	-0.184
1734	-0.104
1735	-3.934
1736	-0.024
1737	0.066
1738	0.196
1739	0.066
1740	-0.164
1741	-0.084
1742	-0.014
1743	0.056
1744	-0.264
1745	-0.804
1746	0.036
1747	0.206
1748	0.116
1749	0.136
1750	-0.064
1751	0.226
1752	0.006
1753	-0.074
1754	-0.014
1755	-0.204
1756	0.156
1757	0.406
1758	0.016
1759	0.136
1760	0.106
1761	0.246
1762	-0.144
1763	0.206
1764	0.076
1765	0.206
1767	-0.154
1768	0.036
1769	-0.014
1770	0.086
1771	0.296
1772	0.146
1773	0.046
1774	0.156
1775	-0.054
1776	0.056
1777	-0.014
1778	0.216
1779	0.026
1780	0.276
1781	0.036
1782	0.126
1783	-0.244
1784	-0.164
1785	0.036
1786	0.226
1787	0.206
1788	-0.034
1789	-0.184
1790	0.276
1791	-0.344
1792	-0.564
1793	0.136
1794	0.056
1795	-0.374
1796	-0.574
1797	-0.174
1798	0.086
1799	-0.014
1800	0.226
1801	-0.394
1802	0.136
1803	-0.104
1804	-0.354
1805	-0.004
1806	0.216
1807	-0.594
1808	-0.234
1809	-0.144
1810	0.076
1811	-0.274
1812	0.466
1813	0.326
1814	0.066
1815	0.316
1816	0.036
1817	-0.004
1818	-0.214
1819	-1.774
1820	-1.194
1821	-0.424
1822	-0.084
1823	-0.244
1824	0.066
1825	0.016
1826	-0.984
1827	-0.074
1828	0.066
1829	0.016
1830	-0.504
1832	0.166
1833	0.116
1834	0.066
1835	-0.164
1836	0.036
1837	0.066
1838	0.146
1839	0.186
1840	0.056
1841	-0.154
1842	-0.134
1843	-0.304
1844	-0.184
1845	-0.134
1846	-0.264
1847	0.176
1848	-0.034
1849	0.006
1850	-0.344
1851	-0.154
1852	-0.324
1853	-0.174
1854	0.016
1855	-0.054
1856	0.196
1857	0.176
1858	-0.124
1859	-0.064
1860	-0.594
1861	0.136
1862	-0.234
1863	0.026
1864	-0.004
1865	0.076
1866	0.026
1867	0.196
1868	-1.344
1869	-0.134
1870	-0.414
1871	0.186
1872	-0.254
1873	0.126
1874	0.136
1875	0.056
1876	-0.124
1877	0.136
1878	-0.024
1879	-0.024
1880	0.136
1881	-0.094
1882	-0.204
1883	0.046
1884	-0.244
1885	-0.074
1886	-0.174
1887	-0.134
1888	-0.284
1889	-0.164
1890	0.106
1891	0.046
1892	-0.184
1893	0.226
1894	-0.244
1895	0.306
1896	-0.184
1897	-0.124
1898	-0.164
1899	0.306
1900	0.146
1901	0.056
1902	-0.024
1903	-0.074
1904	0.036
1905	0.246
1906	-0.164
1907	-0.094
1908	-0.114
1909	0.156
1910	-0.234
1911	-0.074
1912	0.096
1913	0.196
1914	-0.134
1915	0.136
1916	-0.294
1917	0.026
1918	0.106
1919	0.566
1920	-0.424
1921	0.026
1922	-0.344
1923	-0.304
1924	-0.374
1925	-0.114
1926	-0.474
1927	-0.044
1928	-0.094
1929	-0.004
1930	-0.454
1931	0.036
1933	-0.194
1934	-0.004
1935	-0.014
1936	0.146
1937	-0.004
1938	0.216
1939	0.016
1940	-0.204
1941	0.146
1942	0.796
1943	0.126
1944	0.316
1945	-0.004
1946	-0.014
1947	-0.164
1948	0.056
1949	-0.064
1950	0.196
1951	0.106
1952	-0.024
1953	-0.024
1954	0.126
1955	0.096
1956	0.326
1957	-0.134
1958	0.026
1959	-0.134
1960	0.046
1961	-0.304
1962	0.486
1963	0.146
1964	-0.164
1965	-0.074
1966	-0.184
1967	0.116
1968	0.096
1969	0.016
1970	-0.264
1971	-0.044
1972	0.016
1973	0.006
1974	-0.054
1975	-0.144
1976	0.056
1977	-0.174
1978	0.196
1979	0.006
1980	-0.114
1981	0.096
1982	0.166
1983	0.046
1984	-0.154
1985	0.196
1986	0.026
1987	0.216
1988	-0.094
1989	-0.094
1990	-0.144
1991	-0.104
1992	0.016
1993	-0.124
1994	0.176
1995	-0.334
1996	-0.564
1997	-0.644
1998	-0.254
1999	-0.224
2000	0.106
2001	0.016
2002	-0.154
2003	0.086
2004	-0.074
2005	-0.294
2006	-0.044
2007	-0.024
2008	0.236
2009	0.286
2010	0.136
2011	-0.324
2012	-0.364
2013	0.086
2014	0.036
2015	-0.184
2016	0.196
2017	0.126
2018	-0.024
2019	-0.004
2020	-0.264
2021	-0.394
2022	-1.004
2023	-1.084
2024	-0.124
2025	-0.114
2026	0.176
2027	0.096
2028	0.026
2029	-0.114
2030	0.206
2031	-0.024
2032	0.176
2033	-0.354
2034	0.186
2035	-0.354
2036	-0.094
2037	0.036
2038	0.506
2039	-0.284
2040	-0.054
2041	-0.154
2042	-0.004
2043	0.076
2044	-0.614
2045	-2.064
2046	-3.774
2047	-0.814
2048	0.416
2049	-0.054
2050	-0.044
2051	-0.044
2052	0.066
2053	-0.144
2054	0.146
2055	0.066
2056	-0.154
2057	-0.354
2058	0.036
2059	-0.084
2060	0.136
2061	-0.204
2062	0.136
2063	-0.054
2064	0.116
2065	-0.554
2066	-0.054
2067	-0.344
2068	-0.214
2069	0.056
2070	-1.634
2071	-2.204
2072	-2.154
2073	-1.304
2074	-0.494
2075	-2.724
2076	0.236
2077	-0.354
2078	-0.344
2079	0.076
2080	0.206
2081	-0.494
2082	0.096
2083	-0.194
2084	0.156
2085	-0.314
2086	0.246
2087	0.086
2088	0.096
2089	-0.174
2090	0.326
2091	-0.034
2092	0.106
2093	-0.094
2094	-0.034
2095	-0.214
2096	0.396
2097	-0.174
2099	-0.064
2100	-0.044
2101	0.226
2102	-0.204
2103	0.326
2104	0.116
2105	0.246
2106	-0.204
2107	-0.324
2108	-0.094
2109	0.216
2110	-0.424
2111	0.176
2112	-0.144
2113	-0.234
2114	-0.014
2115	0.176
2116	-0.094
2117	-0.074
2118	-0.234
2119	-0.194
2120	-0.374
2121	-0.114
2122	-0.164
2123	-2.794
2124	-0.074
2125	-0.104
2126	-0.154
2127	-0.224
2128	-0.174
2129	0.496
2130	0.246
2131	-0.474
2132	0.126
2133	0.126
2134	-0.144
2135	0.096
2136	0.106
2137	0.206
2138	0.026
2139	-0.394
2140	-0.164
2141	-0.114
2142	0.216
2143	0.266
2144	-0.144
2145	-0.044
2146	-0.104
2147	0.026
2148	0.036
2149	0.206
2150	0.046
2151	0.156
2152	0.056
2153	-0.234
2154	0.056
2155	0.076
2156	0.066
2157	0.136
2158	-0.344
2159	0.096
2160	-0.064
2161	-0.144
2162	0.206
2163	-0.084
2164	0.066
2165	0.096
2166	-0.414
2167	0.026
2168	0.086
2169	0.226
2170	-0.074
2171	0.186
2172	-0.134
2173	0.156
2174	0.126
2175	0.486
2176	0.886
2177	0.256
2178	0.056
2179	0.126
2180	-0.004
2181	-0.054
2182	-0.224
2183	-0.014
2184	-0.014
2185	0.296
2186	-0.064
2187	-0.104
2188	-0.374
2189	0.186
2190	0.016
2191	0.096
2192	-0.184
2193	-0.014
2194	-0.504
2195	0.196
2196	0.126
2197	0.086
2198	-0.144
2199	0.156
2200	0.086
2201	0.006
2202	-0.104
2203	-0.144
2204	0.086
2205	0.176
2206	0.366
2207	0.426
2208	0.026
2209	0.356
2210	-0.234
2211	-0.034
2212	0.066
2213	0.276
2214	0.136
2215	-0.094
2216	-0.294
2217	0.076
2218	-0.194
2219	0.256
2220	-0.344
2221	0.236
2222	0.046
2223	0.496
2224	0.116
2225	0.196
2226	-0.194
2227	0.136
2228	-0.054
2229	0.116
2230	-0.034
2231	-0.214
2232	-0.064
2233	-0.254
2234	-0.414
2235	-0.074
2236	0.236
2237	0.046
2238	-0.254
2239	-0.154
2240	-0.334
2241	0.016
2242	-0.214
2243	0.026
2244	0.026
2245	0.186
2246	-0.244
2247	0.066
2248	-0.084
2249	-0.074
2250	-0.404
2251	-0.184
2252	-0.064
2253	0.086
2254	-0.044
2255	-0.004
2256	-0.084
2257	0.406
2258	-0.584
2259	-0.224
2260	-0.604
2261	-0.604
2262	-0.664
2263	-0.204
2264	-0.064
2265	0.006
2266	0.396
2267	0.116
2268	-0.044
2269	-0.004
2270	-0.054
2271	0.026
2272	-0.194
2273	0.056
2274	-0.174
2275	0.176
2276	0.036
2277	-0.084
2278	-0.194
2279	0.126
2280	-0.374
2281	0.326
2282	-0.454
2283	0.156
2284	-0.024
2285	0.406
2286	0.056
2287	0.346
2288	0.126
2289	0.096
2290	0.566
2291	0.786
2292	0.116
2293	0.366
2294	-0.174
2295	0.016
2296	0.136
2297	0.136
2298	-0.084
2299	-0.014
2300	-0.114
2301	0.096
2302	0.046
2303	0.036
2304	-0.204
2305	-0.224
2306	-0.174
2307	-0.034
2308	-0.154
2309	0.356
2310	-0.134
2311	-0.144
2312	0.136
2313	-0.094
2314	-0.264
2315	-0.004
2316	0.176
2317	0.166
2318	-0.254
2319	0.126
2320	-0.334
2321	0.146
2322	-0.034
2323	0.156
2324	0.046
2325	-0.094
2326	-0.204
2327	0.146
2328	0.296
2329	0.196
2330	0.086
2331	0.286
2332	0.306
2333	0.246
2334	0.416
2335	0.246
2336	-0.064
2337	0.336
2338	0.216
2339	-0.004
2340	-0.014
2341	-0.074
2342	-0.094
2343	-0.174
2344	-0.034
2345	0.256
2346	0.166
2347	0.176
2348	0.026
2349	0.056
2350	-0.194
2351	0.066
2352	0.416
2353	0.046
2354	0.126
2355	0.166
2356	0.086
2357	0.046
2358	-0.174
2359	0.116
2360	-0.064
2361	-0.044
2362	0.116
2363	0.116
2364	-0.034
2365	0.266
2366	-0.084
2367	-0.034
2368	-0.084
2369	-0.044
2370	-0.014
2371	0.006
2372	0.036
2373	0.246
2374	-0.144
2375	0.146
2376	0.046
2377	-0.104
2378	-0.064
2379	0.206
2380	-0.014
2381	0.146
2382	0.096
2383	-0.074
2384	-0.164
2385	-0.004
2386	0.086
2387	-0.054
2388	0.296
2389	0.106
2390	0.026
2391	0.096
2392	0.296
2393	0.386
2394	-0.104
2395	-0.074
2396	-0.164
2397	-0.154
2398	-0.144
2399	-0.054
2400	0.076
2401	0.006
2402	-0.134
2403	0.006
2404	0.086
2405	0.476
2406	0.086
2407	0.096
2408	0.386
2409	0.926
2410	0.186
2411	0.016
2412	-0.134
2413	-0.124
2414	0.006
2415	0.006
2416	-0.154
2417	0.276
2418	-0.174
2419	0.016
2420	-0.404
2421	-0.014
2422	-0.184
2423	-0.304
2424	0.106
2425	-0.034
2426	0.086
2427	0.026
2428	-0.074
2429	0.056
2430	-0.024
2431	0.276
2432	-0.334
2433	0.156
2434	-3.434
2435	-0.044
2436	-0.124
2437	0.096
2438	-0.164
2439	0.246
2440	-0.264
2441	-0.004
2442	-0.054
2443	-0.274
2444	-1.454
2445	-1.894
2446	-0.244
2447	0.056
2448	0.146
2449	0.156
2450	-0.064
2451	-0.164
2452	0.176
2453	-0.204
2454	-0.064
2455	0.886
2456	-0.064
2457	-0.214
2458	-0.184
2459	-0.164
2460	-0.114
2461	0.006
2462	0.086
2463	0.156
2464	-0.164
2465	0.136
2466	-0.254
2467	-0.024
2468	-0.524
2469	-0.184
2470	-0.884
2471	-0.814
2472	0.156
2473	0.016
2474	-0.364
2475	0.176
2476	0.096
2477	-0.214
2478	-0.424
2479	-0.354
2480	-0.154
2481	-0.284
2482	-0.854
2483	-0.414
2484	0.036
2485	0.216
2486	-0.234
2487	-0.044
2488	0.436
2489	0.146
2490	0.066
2491	0.136
2492	-0.574
2493	-0.224
2494	0.036
2495	-0.054
2496	-0.104
2497	0.176
2498	-0.074
2499	-0.024
2500	0.086
2501	0.886
2502	-0.054
2503	0.216
2504	-0.314
2505	0.596
2506	0.276
2507	0.356
2508	-0.014
2509	-0.174
2510	-0.384
2511	-0.044
2512	-0.264
2513	0.106
2514	-0.024
2515	0.166
2516	0.006
2517	0.266
2518	0.576
2519	0.346
2520	0.166
2521	0.206
2522	0.086
2523	0.126
2524	0.136
2525	0.136
2526	0.006
2527	0.326
2528	-0.134
2529	-0.184
2530	-0.084
2531	0.036
2532	-0.004
2533	-0.044
2534	-0.174
2535	-0.104
2536	-0.014
2537	0.096
2538	-0.014
2539	0.336
2540	-0.334
2541	0.166
2542	-0.334
2543	-0.524
2544	0.126
2545	0.126
2546	-0.014
2547	-0.094
2548	-0.014
2549	0.156
2550	0.026
2551	0.116
2552	-0.014
2553	0.306
2554	-0.174
2555	0.136
2556	0.216
2557	0.406
2558	0.346
2559	0.406
2560	0.356
2561	0.086
2562	0.086
2563	-0.164
2564	-0.004
2565	0.056
2566	0.226
2567	0.086
2568	0.036
2569	-0.004
2570	-0.164
2571	-0.094
2572	-0.104
2573	0.116
2574	0.216
2575	0.116
2576	0.096
2577	-0.074
2578	-0.094
2579	0.166
2580	0.056
2581	0.156
2582	0.296
2583	0.196
2584	0.036
2585	-0.004
2586	0.066
2587	0.206
2588	0.016
2589	0.346
2590	-0.234
2591	0.136
2592	-0.444
2593	-0.034
2594	0.156
2595	0.176
2596	0.166
2597	0.136
2598	0.056
2599	0.156
2600	-0.094
2601	0.126
2602	-0.294
2603	0.116
2604	-0.354
2605	0.136
2606	-0.414
2607	0.286
2608	0.016
2609	0.316
2610	0.136
2611	-0.094
2612	-0.064
2613	0.266
2614	-0.024
2615	0.026
2616	-0.024
2617	0.016
2618	-0.074
2619	-0.024
2620	0.116
2621	0.046
2622	-0.384
2623	0.096
2624	-0.154
2625	-0.074
2626	-0.334
2627	0.146
2628	0.196
2629	-0.214
2630	-0.234
2631	-0.094
2632	0.066
2633	0.206
2634	-0.044
2635	-0.024
2636	0.146
2637	0.376
2638	-0.084
2639	-1.824
2640	-0.494
2641	0.126
2642	-1.894
2643	-0.534
2644	-2.384
2645	0.316
2646	-0.404
2647	0.026
2648	-0.324
2649	-0.054
2650	-0.214
2651	0.126
2652	0.226
2653	-0.004
2654	-0.164
2655	0.016
2656	-0.484
2657	0.226
2658	0.146
2659	0.196
2660	0.136
2661	0.006
2662	-0.074
2663	0.066
2664	-0.084
2665	-0.004
2666	-0.184
2667	0.006
2668	-0.194
2669	0.116
2670	-0.074
2671	-1.034
2672	0.026
2673	0.186
2674	0.136
2675	-0.004
2676	0.646
2677	0.066
2678	0.256
2679	-0.134
2680	-0.204
2681	0.046
2682	-0.244
2683	-0.074
2684	0.766
2685	0.686
2686	-0.124
2687	0.126
2688	-0.044
2689	0.246
2690	-0.144
2691	-0.184
2692	-0.414
2693	0.316
2694	-0.134
2695	0.226
2696	-0.244
2697	0.176
2698	-0.144
2699	-0.044
2700	-0.374
2701	-0.234
2702	-0.084
2703	0.166
2704	-0.454
2705	0.026
2706	0.556
2707	0.106
2708	-0.064
2709	0.396
2710	-0.174
2711	0.276
2712	-0.044
2713	0.216
2714	0.296
2715	0.006
2716	0.196
2717	0.186
2718	0.036
2719	-0.224
2720	-0.124
2721	-0.544
2722	0.196
2723	-0.624
2724	-0.554
2725	-0.284
2726	-1.604
2727	-0.474
2728	-0.024
2729	-0.014
2730	-0.224
2731	0.086
2732	0.076
2733	0.226
2734	0.186
2735	0.436
2736	-0.014
2737	0.336
2738	-0.034
2739	0.006
2740	-0.064
2741	0.066
2742	-0.074
2743	0.346
2744	0.056
2745	-0.594
2746	0.396
2747	0.026
2748	0.106
2749	0.046
2750	0.076
2751	0.546
2752	0.106
2753	0.296
2754	-0.084
2755	0.576
2756	-0.034
2757	0.366
2759	0.046
2760	-0.024
2761	-0.744
2762	-0.054
2763	0.066
2764	-0.044
2765	0.236
2766	0.076
2767	-0.064
2768	-0.014
2769	-0.054
2770	0.126
2771	0.366
2772	0.226
2773	-0.144
2774	0.106
2775	-0.134
2776	0.336
2777	0.156
2778	0.406
2779	0.436
2780	0.296
2781	0.326
2782	0.146
2783	0.036
2784	0.026
2785	0.196
2786	0.026
2787	0.176
2788	0.236
2789	0.026
2790	0.026
2791	0.106
2792	0.006
2793	-0.014
2794	0.336
2795	-0.104
2796	0.056
2797	-0.144
2798	0.466
2799	0.316
2800	0.236
2801	0.086
2802	0.036
2803	-0.214
2804	0.036
2805	-0.144
2806	-0.064
2807	-0.094
2808	0.196
2809	0.086
2810	0.096
2811	-0.214
2812	0.266
2813	0.076
2814	0.386
2815	-0.174
2816	0.256
2817	0.076
2818	-0.084
2819	-0.064
2820	-0.014
2821	-0.224
2822	0.336
2823	-0.054
2824	0.006
2825	-0.144
2826	0.036
2827	-0.174
2828	-0.034
2829	0.056
2830	0.036
2831	-0.164
2832	0.066
2833	0.046
2834	0.136
2835	0.066
2836	0.556
2837	0.376
2838	0.246
2839	0.446
2840	0.416
2841	-0.204
2842	0.176
2843	-0.024
2844	0.096
2845	-0.004
2846	-0.084
2847	-0.294
2848	0.076
2849	-0.174
2850	0.086
2851	0.026
2852	0.256
2853	0.006
2854	0.216
2855	-0.234
2856	-0.174
2857	-0.364
2858	-0.104
2859	-0.334
2860	0.066
2861	-0.074
2862	-0.224
2863	-0.614
2864	0.156
2865	-0.264
2866	-0.274
2867	0.186
2868	-0.184
2869	-0.024
2870	-0.174
2871	-0.094
2872	0.946
2873	0.316
2874	0.236
2875	-0.154
2876	0.066
2877	-0.254
2878	-0.364
2879	0.206
2880	0.326
2881	0.026
2882	-0.474
2883	-0.244
2884	0.056
2885	-0.284
2886	0.016
2887	-0.194
2888	-0.084
2889	-0.084
2890	0.236
2891	-0.284
2892	0.456
2893	0.076
2894	0.086
2895	-0.204
2896	0.286
2897	-0.114
2898	0.266
2899	-0.104
2900	0.136
2901	0.136
2902	0.046
2903	0.166
2904	0.136
2905	0.116
2906	0.076
2907	-0.064
2908	0.136
2909	0.076
2910	0.186
2911	0.426
2912	0.026
2913	0.436
2914	0.176
2915	0.106
2916	0.206
2917	0.266
2918	0.226
2919	0.086
2920	0.026
2921	-0.264
2922	0.246
2923	-0.044
2924	0.326
2925	-0.034
2926	0.196
2927	0.096
2928	0.176
2929	0.046
2930	0.206
2931	0.056
2932	0.106
2933	-0.084
2934	0.316
2935	0.036
2936	-0.074
2937	-0.494
2938	0.226
2939	0.366
2940	0.356
2941	0.156
2942	-0.194
2943	0.106
2944	0.016
2945	-0.204
2946	-0.234
2947	-1.094
2948	-1.204
2949	-0.894
2950	-1.154
2951	-0.224
2952	-0.164
2953	-0.684
2954	-0.454
2955	-0.514
2956	0.086
2957	-0.164
2958	-0.064
2959	0.046
2960	0.036
2961	0.096
2962	0.306
2963	0.196
2964	0.166
2965	-0.064
2966	0.206
2967	-0.384
2968	0.146
2969	0.086
2970	0.246
2971	0.176
2972	0.066
2973	0.506
2974	0.256
2975	0.036
2976	-0.004
2977	0.206
2978	0.036
2979	0.216
2980	0.326
2981	0.246
2982	0.356
2983	0.276
2984	0.136
2985	0.216
2986	0.126
2987	-0.164
2988	-0.064
2989	0.226
2990	0.196
2991	0.126
2992	0.336
2993	0.086
2994	0.156
2995	-0.074
2996	-0.044
2997	0.176
2998	-0.114
2999	-0.204
3000	-0.124
3001	-0.214
3002	0.236
3003	-0.234
3004	0.626
3005	0.036
3006	-0.024
3007	-0.924
3008	0.126
3009	-0.334
3010	-0.054
3011	0.236
3012	0.046
3013	-0.144
3014	0.286
3015	-0.154
3016	0.296
3017	0.206
3018	0.196
3019	0.066
3020	0.226
3021	-0.024
3022	-0.094
3023	0.096
3024	0.036
3025	0.076
3026	-0.304
3027	-0.194
3028	0.456
3029	0.056
3030	0.086
3031	-0.064
3032	0.206
3033	-0.414
3034	-0.924
3035	0.326
3036	-0.904
3037	-0.984
3038	0.276
3039	-0.224
3040	-0.094
3041	-0.034
3042	-0.104
3043	0.006
3044	0.166
3045	-0.064
3046	0.056
3047	-0.024
3048	0.066
3049	0.086
3050	-0.074
3051	-0.124
3052	-0.024
3053	-0.064
3054	0.076
3055	-0.294
3056	0.306
3057	0.016
3058	0.176
3059	-0.134
3060	0.186
3061	-0.194
3062	-0.084
3063	-0.334
3064	0.126
3065	-0.454
3066	-0.134
3067	-0.244
3068	-0.184
3069	-0.414
3070	-0.234
3071	-0.274
3072	-0.014
3073	-0.254
3074	0.096
3075	0.006
3076	-0.264
3077	-0.114
3078	0.076
3079	-0.064
3080	0.216
3081	-0.124
3082	0.026
3083	-0.414
3084	-0.084
3085	0.096
3086	0.186
3087	-0.064
3088	-0.024
3089	-0.064
3090	0.126
3091	0.066
3092	-0.134
3093	0.356
3094	-0.044
3095	0.046
3096	0.016
3097	0.126
3098	0.216
3099	0.056
3100	-0.214
3101	-0.474
3102	-0.424
3103	-0.594
3104	-0.524
3105	-0.934
3106	-0.714
3107	0.066
3108	0.086
3109	-0.194
3110	-0.094
3111	-0.314
3112	-0.034
3113	0.126
3114	0.066
3115	0.226
3116	-0.064
3117	-0.064
3118	0.246
3119	0.246
3120	0.086
3121	-0.044
3122	-0.114
3123	0.026
3124	0.246
3125	0.276
3126	0.816
3127	0.646
3128	0.186
3129	0.546
3130	0.736
3131	0.406
3132	0.086
3133	0.216
3134	-0.174
3135	-0.144
3136	0.056
3137	-0.154
3138	0.216
3139	-0.194
3140	-0.034
3141	0.276
3142	0.156
3143	0.006
3144	-1.474
3145	0.546
3146	0.046
3147	-2.214
3148	-1.214
3149	-0.714
3150	-0.664
3151	-0.694
3152	0.236
3153	0.416
3154	0.366
3155	0.026
3156	-0.134
3157	-0.744
3158	0.026
3159	-0.104
3160	0.346
3161	-0.164
3162	0.236
3163	-0.114
3164	0.016
3165	-0.094
3166	0.036
3167	-0.234
3168	0.386
3169	0.066
3170	0.056
3171	0.026
3172	-0.094
3173	0.216
3174	0.166
3175	-0.154
3176	-0.034
3177	-0.474
3178	-0.634
3179	-0.004
3180	0.236
3181	-0.024
3182	0.036
3183	0.096
3184	0.456
3185	0.156
3186	0.066
3187	-0.074
3188	0.156
3189	-0.404
3190	-0.114
3191	-0.294
3192	0.056
3193	-0.574
3194	-0.184
3195	-0.394
3196	-0.084
3197	-0.174
3198	0.586
3199	0.066
3200	-0.034
3201	-0.184
3202	-0.144
3203	-0.154
3204	0.026
3205	-0.274
3206	-0.024
3207	-0.264
3208	-0.004
3209	0.236
3210	-0.114
3211	0.016
3212	-0.004
3213	-0.014
3214	-0.304
3215	-0.164
3216	0.056
3217	-0.144
3218	0.176
3219	-0.014
3220	0.116
3221	-0.034
3222	0.006
3223	-0.404
3224	0.506
3225	-0.074
3226	-0.004
3227	-0.374
3228	-0.214
3229	-0.114
3230	-0.104
3231	-0.354
3232	-0.174
3233	-0.074
3234	0.376
3235	-0.214
3236	-0.714
3237	0.466
3238	0.196
3239	-0.264
3240	-0.244
3241	-0.284
3242	0.146
3243	-0.214
3244	0.246
3245	0.026
3246	-0.224
3247	-0.294
3248	0.136
3249	-0.094
3250	-0.154
3251	-0.064
3252	-0.034
3253	0.076
3254	-0.004
3255	0.006
3256	0.166
3257	-0.594
3258	0.046
3259	0.006
3260	-0.024
3261	-0.154
3262	0.106
3263	-0.184
3264	0.066
3265	-0.464
3266	0.046
3267	-0.044
3268	-0.044
3269	-0.184
3270	-0.074
3271	-0.254
3272	0.036
3273	-0.094
3274	0.126
3275	0.276
3276	0.206
3277	-0.044
3278	0.486
3279	0.116
3280	-0.064
3281	-0.084
3282	0.076
3283	0.126
3284	-0.174
3285	0.296
3286	-0.524
3287	0.006
3288	0.316
3289	-0.194
3290	-0.194
3291	-0.044
3292	0.056
3293	0.236
3294	0.156
3295	0.216
3296	0.416
3297	-0.034
3298	0.146
3299	0.186
3300	-0.104
3301	-0.174
3302	0.626
3303	0.186
3304	-0.084
3305	-0.094
3306	0.336
3307	-0.464
3308	0.026
3309	-0.044
3310	0.186
3311	0.086
3312	-0.044
3313	0.066
3314	0.136
3315	0.156
3316	0.606
3317	0.316
3318	0.086
3319	-0.044
3320	0.206
3321	-0.014
3322	0.306
3323	-0.074
3324	0.916
3325	0.096
3326	-0.084
3327	-0.224
3328	0.046
3329	0.106
3330	0.206
3331	0.236
3332	0.606
3333	-0.094
3334	0.176
3335	-0.414
3336	-0.064
3337	-0.094
3338	-0.104
3339	0.426
3340	0.526
3341	0.506
3342	0.186
3343	-0.054
3344	0.186
3345	0.276
3346	0.146
3347	0.286
3348	0.296
3349	-0.094
3350	-2.794
3351	-0.234
3352	0.246
3353	-0.154
3354	-0.044
3355	-0.024
3356	-0.194
3357	-0.154
3358	-0.204
3359	-0.064
3360	0.086
3362	0.036
3363	0.286
3365	0.216
3366	0.026
3367	0.056
3368	0.496
3369	0.516
3370	0.676
3371	0.136
3372	0.636
3373	-0.084
3374	0.346
3375	-0.084
3376	0.106
3377	0.006
3378	-0.054
3379	0.246
3380	-0.384
3381	-0.024
3382	-0.004
3383	0.046
3384	-0.144
3385	-0.114
3386	0.376
3387	-0.144
3388	0.076
3389	-0.174
3390	-0.634
3391	0.066
3392	0.336
3393	0.046
3394	0.206
3395	-0.124
3396	0.156
3397	-0.044
3398	0.376
3399	-0.124
3400	0.016
3401	0.126
3402	0.206
3403	0.216
3404	0.616
3405	-0.034
3406	0.256
3407	-0.034
3408	-0.064
3409	0.036
3410	0.076
3411	-0.214
3412	0.036
3413	0.056
3414	0.426
3415	-0.014
3416	0.346
3417	0.126
3418	0.326
3419	-0.284
3420	0.026
3421	0.436
3422	0.126
3423	-0.064
3424	-4.564
3425	-0.204
3426	-0.104
3427	-0.184
3428	0.486
3429	-0.074
3430	0.336
3431	-0.094
3432	-0.294
3433	-0.134
3434	0.216
3435	-0.184
3436	-0.454
3437	-0.254
3438	-0.064
3439	-0.084
3440	0.416
3441	-0.214
3442	-0.104
3443	0.056
3444	0.126
3445	-0.164
3446	0.006
3447	-0.014
3448	-0.124
3449	-0.194
3450	0.036
3451	-0.174
3452	0.026
3453	-0.164
3454	0.106
3455	-0.194
3456	0.136
3457	-0.164
3458	-0.084
3459	0.126
3460	0.266
3461	-0.074
3462	0.116
3463	0.046
3464	0.616
3465	0.096
3466	0.406
3467	0.676
3468	0.756
3469	-0.264
3470	-0.004
3471	-0.044
3472	0.056
3473	-0.054
3474	0.386
3475	0.096
3476	0.416
3477	0.076
3478	0.316
3479	0.196
3480	0.286
3481	0.106
3482	-0.764
3483	-0.504
3484	-0.264
3485	0.056
3486	-0.054
3487	0.296
3488	0.386
3489	0.576
3490	0.566
3491	0.056
3492	0.096
3493	-0.044
3494	0.276
3495	0.126
3496	0.336
3497	0.026
3498	0.646
3499	-0.164
3500	0.166
3501	0.296
3502	0.116
3503	-0.114
3504	0.176
3505	0.036
3506	-0.754
3507	0.156
3508	-0.494
3509	-0.264
3510	-0.134
3511	-0.014
3512	0.076
3513	-0.054
3514	-0.204
3515	-0.104
3516	0.106
3517	-0.084
3518	0.106
3519	0.176
3520	0.276
3521	-0.144
3522	-0.064
3523	-0.624
3524	0.016
3525	0.046
3526	0.406
3528	0.476
3529	0.206
3530	-0.004
3531	0.566
3532	0.346
3533	0.146
3534	-0.064
3537	-0.214
3538	0.016
3539	0.136
3540	0.166
3541	0.126
3542	0.016
3543	0.156
3544	0.146
3545	0.366
3546	-0.094
3547	0.156
3548	-0.134
3549	-0.064
3550	-0.384
3551	0.196
3552	0.166
3553	-0.094
3554	0.036
3555	0.046
3556	0.066
3557	0.086
3558	0.006
3559	-0.004
3560	0.176
3561	0.106
3562	-0.144
3563	0.106
3564	0.336
3565	0.236
3566	0.016
3567	0.296
3568	0.146
3569	-0.004
3570	0.026
3571	0.376
3572	0.156
3573	0.306
3574	0.086
3575	0.176
3576	0.026
3577	0.326
3578	0.016
3579	0.096
3580	0.006
3581	0.066
3582	-0.264
3583	-0.034
3584	-0.054
3585	-0.084
3586	-0.134
3587	0.206
3588	0.266
3589	0.216
3590	-0.184
3591	0.086
3592	-0.194
3593	0.206
3594	-0.024
3595	-0.134
3596	-0.174
3597	0.206
3598	-0.224
3599	0.076
3600	-0.134
3601	0.116
3602	-0.114
3603	-0.034
3604	0.236
3605	-0.214
3606	0.306
3607	0.106
3608	-0.064
3609	0.006
3610	-0.284
3611	0.176
3612	-0.034
3613	-0.184
3614	-0.424
3615	0.006
3616	0.006
3617	0.136
3619	-0.404
3620	-0.084
3621	0.056
3622	0.256
3623	-0.144
3624	-0.044
3625	-0.284
3626	0.066
3627	-0.314
3628	0.086
3629	-0.174
3630	-0.104
3631	-0.314
3632	-0.034
3633	-0.304
3634	0.196
3635	0.716
3636	1.436
3637	0.966
3638	1.236
3639	0.746
3640	-0.114
3641	-0.244
3642	0.166
3643	0.136
3644	0.186
3645	-0.034
3646	0.556
3647	0.126
3648	0.116
3649	-0.124
3650	0.106
3651	0.096
3652	0.236
3653	0.006
3654	-0.064
3655	-0.324
3656	0.076
3657	0.076
3658	0.096
3659	0.056
3660	0.276
3661	-0.444
3662	0.526
3663	-0.154
3664	-0.014
3665	-0.304
3666	0.146
3667	-0.024
3668	-0.264
3669	-0.174
3670	0.086
3671	0.016
3672	0.256
3673	-0.084
3674	-0.474
3675	0.256
3676	0.356
3677	-0.304
3678	0.896
3679	0.376
3680	0.306
3681	0.176
3682	0.246
3683	-0.104
3684	0.256
3685	-0.124
3686	0.326
3687	0.046
3688	0.296
3689	-0.124
3690	0.276
3691	-0.194
3692	0.016
3693	0.106
3694	0.156
3695	-0.114
3696	0.236
3697	-0.064
3698	0.086
3699	-0.224
3700	0.096
3701	0.016
3702	0.026
3703	0.006
3704	-0.004
3705	-0.224
3706	-0.064
3707	0.046
3708	0.296
3709	0.216
3710	0.106
3711	-0.054
3712	0.246
3713	-0.134
3714	-3.224
3715	-0.064
3716	0.446
3717	0.196
3718	0.146
3719	-0.104
3720	-0.234
3721	-0.084
3722	-0.244
3723	0.046
3724	0.226
3725	0.256
3726	0.366
3727	0.076
3728	0.106
3729	-0.074
3730	0.076
3731	0.086
3732	0.056
3733	-0.114
3734	0.376
3735	0.316
3736	0.536
3737	0.176
3738	0.006
3739	-0.174
3740	0.666
3741	-0.384
3742	0.056
3743	-0.244
3744	0.086
3745	-0.104
3746	0.056
3747	0.056
3748	0.146
3749	0.006
3750	0.116
3751	-0.254
3752	0.156
3753	0.186
3754	0.176
3755	-0.014
3756	0.116
3757	-0.144
3758	-0.114
3759	-0.314
3760	0.336
3761	0.116
3762	0.136
3763	0.166
3764	-0.094
3765	-0.454
3766	0.226
3767	0.176
3768	-0.004
3769	-0.184
3770	-0.104
3771	0.086
3772	-0.004
3773	-0.184
3774	0.416
3775	0.096
3776	-0.144
3777	-0.074
3778	-0.254
3779	-0.214
3780	-0.034
3781	0.046
3782	-0.084
3783	-0.344
3784	-0.064
3785	0.036
3786	0.036
3787	-0.104
3788	-0.144
3789	0.056
3790	-0.204
3791	-0.424
3792	-0.074
3793	0.046
3794	-0.004
3795	-0.014
3796	-0.644
3797	-0.404
3798	0.326
3799	0.106
3800	-0.014
3801	-0.034
3802	-0.244
3803	-0.264
3804	-0.094
3805	-0.244
3806	0.196
3807	-0.184
3808	-0.074
3809	0.196
3810	0.106
3811	-0.044
3812	-0.244
3813	-0.054
3814	0.286
3815	0.066
3816	0.216
3817	0.046
3818	0.046
3819	-0.104
3820	-0.124
3821	-0.054
3822	-0.504
3823	-0.304
3824	-0.304
3825	-0.334
3826	0.166
3827	-0.024
3828	-0.024
3829	0.266
3830	0.386
3831	-0.114
3832	0.086
3833	-0.554
3834	-0.104
3835	0.096
3836	-0.054
3837	-0.304
3838	0.056
3839	-0.184
3840	0.166
3841	-0.204
3842	-0.204
3843	0.036
3844	0.046
3845	-0.544
3846	0.216
3847	0.216
3848	0.346
3849	0.576
3850	0.006
3851	0.076
3852	0.306
3853	0.116
3854	0.116
3855	-0.164
3856	0.186
3857	-0.084
3858	-0.084
3859	-0.154
3860	0.196
3861	-0.224
3862	0.196
3863	-0.054
3864	-0.544
3865	0.036
3866	0.326
3867	0.076
3868	0.226
3869	-0.024
3870	0.246
3871	-0.194
3872	0.036
3873	-0.124
3874	0.266
3875	-0.254
3876	-0.084
3877	-0.234
3878	0.056
3879	0.086
3880	0.116
3881	0.336
3882	0.326
3883	0.446
3884	0.766
3885	0.156
3886	0.196
3887	0.056
3888	0.256
3889	0.096
3890	0.316
3891	0.046
3892	-0.024
3893	-0.204
3894	0.206
3895	0.156
3896	0.326
3897	-0.074
3898	0.406
3899	-0.064
3900	0.246
3901	-0.034
3902	0.256
3903	0.286
3904	0.606
3905	-0.064
3906	0.096
3907	-0.124
3908	0.226
3909	0.156
3910	0.336
3911	0.166
3912	0.196
3913	-0.154
3914	0.046
3915	0.116
3916	0.286
3917	0.026
3918	0.196
3919	0.046
3920	0.136
3921	-0.024
3922	-0.114
3923	-0.014
3924	0.356
3925	0.326
3926	0.366
3927	0.196
3928	0.126
3929	0.786
3930	0.316
3931	0.116
3932	0.256
3933	-0.054
3934	0.226
3935	-5.394
3936	-0.304
3937	0.006
3938	0.066
3939	-0.104
3940	0.046
3941	0.086
3942	0.646
3943	0.186
3944	0.556
3945	0.406
3946	0.376
3947	0.266
3948	0.056
3949	0.396
3950	0.296
3951	0.366
3952	0.176
3953	-0.754
3954	0.456
3955	0.056
3956	0.596
3957	0.256
3958	0.756
1464	0.016
3959	-0.004
3960	-0.144
3961	-0.364
3962	-0.474
3963	-0.194
3964	0.136
3965	-1.264
3966	-0.174
3967	0.206
3968	0.046
3969	0.136
3970	-0.704
1766	-0.114
3971	0.256
3972	0.236
3973	-0.094
3974	0.146
3975	-4.714
3976	0.426
3977	-5.034
3978	0.466
3979	0.016
3980	0.286
3981	-0.114
1932	0.286
3982	-0.244
3983	-0.554
3984	-0.304
3985	-0.004
3986	-1.034
3987	-0.224
3988	-0.214
3989	-0.084
3990	0.086
3991	-0.034
3992	-0.134
3993	0.296
3994	0.326
2098	-0.044
3995	0.086
3996	0.576
3997	-0.414
3998	-0.424
3999	-0.054
4000	0.136
4001	-0.164
4002	0.296
4003	-0.434
4004	0.096
4005	0.096
4006	0.016
4007	0.056
4008	-0.074
4009	-0.154
4010	0.036
4011	-0.004
4012	-0.154
4013	-0.074
4014	0.036
4015	0.156
4016	-0.354
4017	-0.484
4018	0.256
4019	0.016
4020	0.016
4021	-0.124
4022	0.186
4023	0.146
4024	0.096
4025	0.076
4026	-0.094
4027	-0.254
4028	-0.164
2758	0.056
4029	0.186
4030	-0.094
4031	0.066
4032	-0.014
4033	0.026
4034	-0.104
4035	0.056
4036	0.026
4037	0.116
4038	0.046
4039	0.146
4040	-0.284
4041	0.026
4042	-0.024
4043	0.176
4044	-0.144
4045	0.206
4046	-0.154
4047	-0.054
4048	0.056
4049	-0.014
4050	-0.094
4051	0.116
4052	0.156
4053	0.096
4054	0.096
4055	0.076
4056	-0.254
4057	0.076
4058	0.216
4059	0.356
4060	-0.014
4061	0.026
4062	0.226
4063	1.226
4064	-0.294
3361	0.326
3364	-0.004
4065	0.696
4066	0.086
4067	0.386
4068	0.176
4069	0.266
3527	0.056
4070	0.206
4071	-0.094
4072	0.236
3618	0.226
4073	0.066
4074	0.356
4075	0.236
4076	-0.094
4077	-0.014
4078	0.146
4079	0.256
4080	0.426
4081	0.416
4082	0.096
4083	0.396
4084	0.266
4085	0.626
4086	0.206
4087	0.076
4088	-0.054
4089	0.476
4090	-0.164
21	-0.254
4091	-0.124
4092	0.636
4093	-0.064
4094	0.176
4095	-0.154
4096	0.066
4097	0.156
4098	0.146
4099	-0.524
4100	-0.244
4101	0.626
4102	-0.284
4103	-0.124
4104	0.296
4105	0.466
4106	0.216
4107	-0.114
4108	0.086
4109	0.316
4110	-3.824
4111	0.026
4112	0.466
4113	-0.144
4114	0.486
4115	-0.054
4116	0.176
4117	0.316
4118	0.236
796	0.166
4119	-0.214
4120	0.036
4121	0.116
839	-0.344
4122	0.276
4123	-0.144
4124	0.266
4125	-0.344
4126	0.126
4127	-0.004
4128	0.446
4129	0.456
987	0.126
4130	0.086
4131	0.146
4132	0.056
4133	0.356
4134	0.066
4135	0.516
1076	0.136
4136	0.896
4137	0.216
1101	0.226
4138	-0.034
4139	0.666
4140	-0.204
4141	-0.264
4142	-0.104
4143	-0.464
4144	0.166
4145	0.256
4146	0.096
984	-0.034
1096	-0.124
4147	0.026
4148	0.546
4149	0.196
4150	0.296
4151	0.406
4152	-0.224
4153	0.456
4154	-0.194
4155	0.256
4156	-0.254
4157	-0.534
4158	-0.304
4159	0.076
4160	-0.024
4161	0.106
4162	-0.154
4163	0.226
4164	0.106
4165	-0.024
4166	-0.134
4167	0.116
4168	-0.094
4169	0.196
4170	-0.094
4171	0.406
280	0.026
4172	0.246
4173	0.216
4174	0.046
4175	0.106
4176	0.366
4177	-0.104
4178	0.446
4179	0.306
4180	0.586
4181	0.236
4182	-0.034
750	0.146
4183	0.036
4184	0.046
4185	0.236
4186	0.666
4187	0.036
4188	0.046
4189	0.166
4190	0.106
4191	0.366
4192	-0.074
4193	0.286
4194	0.426
4195	-0.054
4196	-0.144
4197	-0.014
4198	0.326
4199	0.136
4200	-0.044
4201	0.476
4202	0.756
4203	0.176
4204	0.126
4205	0.096
4206	0.186
4207	-0.044
4208	0.166
4209	0.546
4210	0.166
4211	-0.074
4212	0.146
4213	-0.024
4214	-0.074
4215	-0.124
4216	-0.094
4217	0.136
4218	0.076
4219	-0.044
4220	0.066
4221	0.676
4222	-0.264
4223	0.296
4224	-0.044
4225	0.236
4226	0.126
4227	0.676
4228	0.296
4229	0.356
4230	0.286
4231	0.056
4232	0.056
4233	0.126
4234	-0.044
4235	0.076
4236	-0.094
4237	0.196
4238	0.156
4239	0.146
4240	0.346
4241	0.496
4242	0.146
4243	0.806
4244	-0.024
4245	0.656
4246	-0.054
3535	0.296
3536	0.216
4247	0.366
4248	0.506
4249	0.906
4250	-0.264
4251	0.256
4252	-0.054
4253	0.026
4254	0.156
4255	0.166
4256	-0.104
4257	0.456
4258	0.186
4259	0.086
4260	-0.054
1831	-0.044
4261	0.316
4262	-1.784
4263	-0.174
4264	0.326
4265	0.166
4266	0.246
4267	0.036
4268	0.176
4269	0.036
4270	0.356
4271	-0.364
4272	0.406
4273	0.026
4274	0.196
4275	-0.104
4276	0.376
4277	-0.164
4278	-0.284
4279	-0.094
4280	-0.024
4281	-0.064
4282	-0.184
4283	-0.084
1461	0.616
4284	0.156
4285	0.646
4286	-0.074
4287	0.396
4288	0.126
4289	0.276
4290	-0.404
4291	0.156
4292	-0.004
4293	0.756
4294	-0.034
4295	0.156
