2071	2.05E-03
1698	0.00E+00
643	5.87E-04
2042	1.50E-03
2075	9.38E-04
2076	1.18E-03
2065	7.48E-04
2256	0.00E+00
2255	7.15E-05
1263	4.98E-04
1264	2.09E-04
2257	2.69E-04
1390	3.55E-04
1324	2.54E-04
1266	2.31E-05
2060	2.23E-04
2051	5.90E-04
2068	5.40E-04
424	8.23E-04
1097	3.39E-04
1193	0.00E+00
529	1.06E-04
1212	0.00E+00
1098	1.38E-05
2085	2.26E-04
1554	0.00E+00
2006	1.49E-04
1271	5.02E-04
1323	6.14E-06
1976	1.21E-03
297	0.00E+00
1991	2.87E-04
2223	0.00E+00
2226	0.00E+00
2227	0.00E+00
2228	0.00E+00
2229	0.00E+00
2220	0.00E+00
2224	0.00E+00
2221	5.72E-04
2222	0.00E+00
2225	0.00E+00
90	0.00E+00
2143	0.00E+00
1106	8.51E-04
1107	2.73E-04
1604	1.62E-04
1206	1.07E-03
2643	0.00E+00
1744	1.35E-05
1328	1.37E-04
103	2.48E-04
1325	1.76E-04
1551	0.00E+00
1553	0.00E+00
375	1.30E-04
1974	3.74E-04
504	2.64E-05
565	2.34E-04
2009	8.27E-04
1241	0.00E+00
1078	0.00E+00
1079	0.00E+00
1095	0.00E+00
2112	2.30E-04
38	0.00E+00
1896	2.27E-04
1928	6.61E-05
2665	0.00E+00
1984	3.81E-04
2792	2.20E-05
2142	1.78E-06
1307	0.00E+00
1306	6.60E-05
2120	0.00E+00
1990	1.51E-04
696	0.00E+00
2	0.00E+00
3	4.06E-05
4	0.00E+00
1	0.00E+00
796	3.49E-04
748	0.00E+00
747	1.56E-04
746	9.33E-05
17	0.00E+00
174	3.25E-04
156	0.00E+00
1924	1.70E-03
1969	7.80E-04
1968	5.96E-04
1936	1.08E-03
1967	5.23E-04
1869	0.00E+00
1933	1.57E-03
1970	1.55E-03
1979	3.84E-04
1934	7.31E-05
1728	1.79E-04
769	1.80E-05
1877	9.02E-04
1937	2.29E-04
1909	9.23E-05
1892	1.20E-05
1935	6.74E-04
1922	5.13E-04
1874	1.09E-03
1893	6.27E-04
1938	2.74E-04
1871	1.13E-04
1872	7.01E-04
639	1.65E-03
2082	0.00E+00
1220	2.42E-04
1221	8.26E-05
1219	0.00E+00
694	1.86E-04
691	6.10E-04
692	5.85E-06
695	2.53E-04
693	0.00E+00
65	0.00E+00
792	2.76E-05
64	3.96E-05
1939	1.15E-03
2249	1.64E-06
2248	0.00E+00
1948	0.00E+00
1873	1.90E-04
1947	0.00E+00
1702	1.56E-04
2271	0.00E+00
1878	6.86E-04
1727	1.08E-03
2640	7.87E-06
2494	0.00E+00
3532	9.12E-05
2064	2.02E-04
2493	0.00E+00
238	0.00E+00
1459	6.85E-04
1463	4.97E-04
1456	2.77E-04
1457	5.29E-04
1462	2.19E-04
1461	6.59E-04
1458	8.09E-04
1460	4.83E-04
1464	9.67E-06
1940	4.43E-04
2656	6.18E-04
2379	0.00E+00
2661	0.00E+00
2674	0.00E+00
2677	0.00E+00
2690	0.00E+00
2691	0.00E+00
2693	5.61E-04
2694	0.00E+00
2701	0.00E+00
2702	0.00E+00
2094	9.21E-05
2703	0.00E+00
2095	0.00E+00
2704	1.14E-03
2096	0.00E+00
2713	0.00E+00
2715	0.00E+00
1506	0.00E+00
2718	6.58E-05
2722	0.00E+00
313	0.00E+00
920	0.00E+00
8	0.00E+00
2728	0.00E+00
2729	0.00E+00
319	1.61E-04
1269	0.00E+00
182	0.00E+00
2739	0.00E+00
1680	0.00E+00
2740	0.00E+00
320	4.52E-05
2742	0.00E+00
2743	0.00E+00
2746	0.00E+00
185	0.00E+00
2749	0.00E+00
186	0.00E+00
2750	0.00E+00
2751	5.98E-05
2752	0.00E+00
2753	2.16E-04
2384	0.00E+00
2385	5.31E-05
2386	1.54E-07
2754	0.00E+00
2755	0.00E+00
1270	0.00E+00
2756	0.00E+00
187	1.07E-04
2102	0.00E+00
2757	0.00E+00
2103	3.03E-04
2758	0.00E+00
2759	9.57E-04
188	0.00E+00
2760	8.03E-06
14	0.00E+00
2387	0.00E+00
16	0.00E+00
922	1.85E-04
1507	0.00E+00
2106	3.24E-04
593	4.56E-05
2761	0.00E+00
2762	0.00E+00
2764	0.00E+00
419	0.00E+00
2765	0.00E+00
923	1.36E-06
2107	5.66E-04
924	0.00E+00
2766	0.00E+00
2767	0.00E+00
2768	2.05E-04
2769	0.00E+00
2388	0.00E+00
2770	0.00E+00
2772	2.91E-04
2773	0.00E+00
2774	0.00E+00
2780	0.00E+00
2783	0.00E+00
2784	1.55E-04
189	5.65E-05
2789	3.55E-06
2110	0.00E+00
2389	1.04E-04
2790	3.08E-04
2793	2.86E-05
1094	0.00E+00
1685	8.63E-04
2794	0.00E+00
2795	0.00E+00
2796	0.00E+00
190	5.11E-06
423	0.00E+00
2799	0.00E+00
2801	1.59E-04
2802	1.89E-05
2803	0.00E+00
594	0.00E+00
2807	0.00E+00
2114	1.76E-05
2808	0.00E+00
655	5.42E-04
2391	0.00E+00
925	0.00E+00
1101	0.00E+00
2809	1.85E-05
578	1.61E-04
926	0.00E+00
927	0.00E+00
1277	3.15E-04
2392	0.00E+00
2393	0.00E+00
2812	0.00E+00
2814	0.00E+00
2815	0.00E+00
191	0.00E+00
2816	0.00E+00
192	1.10E-04
2394	0.00E+00
2817	0.00E+00
928	0.00E+00
2117	0.00E+00
929	0.00E+00
2818	1.65E-04
2819	0.00E+00
2395	0.00E+00
2118	0.00E+00
2396	0.00E+00
2820	5.64E-06
2397	0.00E+00
1102	0.00E+00
1247	0.00E+00
425	2.81E-07
1103	0.00E+00
193	0.00E+00
324	0.00E+00
2824	0.00E+00
2825	0.00E+00
2826	1.49E-04
2827	5.64E-04
2828	0.00E+00
1689	0.00E+00
2829	0.00E+00
2830	0.00E+00
2831	9.35E-06
2832	0.00E+00
2833	0.00E+00
2834	1.42E-04
2835	0.00E+00
2836	1.57E-04
2837	1.13E-04
427	0.00E+00
2838	0.00E+00
2839	2.33E-04
2840	0.00E+00
2841	0.00E+00
194	2.32E-04
195	1.09E-04
930	4.57E-04
2843	7.17E-04
931	4.68E-04
2845	0.00E+00
2846	7.73E-05
2848	4.28E-04
2122	2.93E-04
2849	0.00E+00
2850	3.71E-04
196	0.00E+00
1278	0.00E+00
2851	4.26E-04
2123	1.13E-04
2852	0.00E+00
430	0.00E+00
2853	0.00E+00
2854	0.00E+00
2398	0.00E+00
2399	0.00E+00
1279	0.00E+00
2400	0.00E+00
197	3.35E-04
2855	9.55E-06
2401	0.00E+00
2864	0.00E+00
2865	1.51E-04
2866	0.00E+00
2402	0.00E+00
2867	2.96E-04
1691	0.00E+00
2868	2.22E-04
1514	8.70E-04
2403	0.00E+00
2869	5.49E-05
936	1.16E-04
2870	1.46E-03
2871	2.15E-04
2872	2.08E-04
2873	1.23E-04
2874	0.00E+00
2875	0.00E+00
2876	3.21E-04
2877	8.74E-05
2878	1.52E-04
2879	1.81E-05
2129	1.50E-04
4287	6.30E-05
2885	0.00E+00
199	0.00E+00
674	5.87E-04
2888	1.10E-05
2131	3.99E-04
2132	2.17E-05
20	8.34E-05
937	2.48E-04
2889	5.88E-05
1248	0.00E+00
2133	0.00E+00
2890	6.58E-05
938	0.00E+00
2894	0.00E+00
2895	0.00E+00
2896	0.00E+00
939	6.26E-05
2897	0.00E+00
597	1.15E-03
580	3.01E-04
2899	1.49E-04
2900	0.00E+00
2138	2.22E-06
2901	0.00E+00
2902	0.00E+00
2903	0.00E+00
2904	0.00E+00
940	1.42E-04
436	0.00E+00
2406	0.00E+00
201	0.00E+00
2909	0.00E+00
2910	0.00E+00
2911	0.00E+00
2407	0.00E+00
2913	0.00E+00
2914	0.00E+00
2915	1.75E-04
2916	9.41E-05
941	1.44E-04
2917	1.48E-05
2918	1.55E-05
2408	0.00E+00
2409	0.00E+00
2139	0.00E+00
683	4.20E-04
684	2.92E-04
685	0.00E+00
686	0.00E+00
2919	0.00E+00
2920	6.37E-04
2921	3.45E-04
202	0.00E+00
2410	0.00E+00
2411	0.00E+00
2922	0.00E+00
942	0.00E+00
2923	0.00E+00
2924	0.00E+00
2925	1.22E-04
2926	0.00E+00
2412	0.00E+00
2927	0.00E+00
203	0.00E+00
2929	0.00E+00
2413	0.00E+00
2414	0.00E+00
2930	0.00E+00
1111	0.00E+00
2415	1.77E-06
439	1.03E-04
2416	3.32E-04
1294	0.00E+00
2931	4.88E-04
440	0.00E+00
2932	2.12E-04
2417	2.75E-04
598	8.15E-04
943	2.11E-04
2933	0.00E+00
945	1.92E-04
204	7.52E-04
2936	0.00E+00
2937	0.00E+00
2938	0.00E+00
2940	2.29E-05
2941	0.00E+00
2942	1.37E-04
2946	2.06E-04
2947	0.00E+00
946	0.00E+00
2948	0.00E+00
2949	0.00E+00
2950	0.00E+00
443	0.00E+00
1249	0.00E+00
444	1.80E-04
445	0.00E+00
446	0.00E+00
447	0.00E+00
2951	0.00E+00
2952	0.00E+00
2953	0.00E+00
947	1.51E-04
2954	0.00E+00
2420	0.00E+00
2955	0.00E+00
2956	6.63E-04
2959	0.00E+00
2960	0.00E+00
2961	7.22E-05
2962	4.21E-05
2963	0.00E+00
2422	0.00E+00
449	0.00E+00
2965	0.00E+00
2966	0.00E+00
206	0.00E+00
2967	0.00E+00
2636	0.00E+00
2969	3.41E-05
2973	0.00E+00
2423	0.00E+00
2974	0.00E+00
2975	0.00E+00
2144	0.00E+00
2976	0.00E+00
2424	0.00E+00
2977	5.39E-05
2978	1.10E-04
2979	0.00E+00
1314	1.63E-04
2980	1.08E-03
2982	0.00E+00
2983	4.41E-05
2984	1.58E-03
2985	1.02E-04
2986	1.80E-04
2987	0.00E+00
2988	0.00E+00
2989	0.00E+00
2990	0.00E+00
1705	5.71E-04
2425	0.00E+00
2991	1.20E-05
2992	0.00E+00
2993	0.00E+00
2994	0.00E+00
2995	0.00E+00
2996	0.00E+00
2997	1.49E-04
2998	0.00E+00
3000	0.00E+00
3004	0.00E+00
3005	0.00E+00
2426	1.82E-04
3006	0.00E+00
3008	2.97E-05
3010	0.00E+00
3016	0.00E+00
3017	3.63E-05
27	0.00E+00
3018	6.72E-05
3019	0.00E+00
3021	0.00E+00
3022	0.00E+00
3023	0.00E+00
3024	0.00E+00
3025	2.36E-04
3026	0.00E+00
2428	0.00E+00
207	0.00E+00
3027	0.00E+00
3028	0.00E+00
3029	0.00E+00
2429	0.00E+00
3033	0.00E+00
3034	0.00E+00
3035	0.00E+00
340	9.88E-06
3036	0.00E+00
3037	0.00E+00
3038	0.00E+00
3039	0.00E+00
341	0.00E+00
3040	0.00E+00
3041	0.00E+00
3042	1.49E-03
3043	8.59E-05
3044	0.00E+00
3045	0.00E+00
3046	0.00E+00
3047	0.00E+00
3049	0.00E+00
342	9.37E-05
3051	0.00E+00
3052	0.00E+00
208	0.00E+00
3053	0.00E+00
3054	0.00E+00
3055	0.00E+00
3056	0.00E+00
3057	0.00E+00
2430	0.00E+00
3058	0.00E+00
3059	0.00E+00
3060	0.00E+00
3061	0.00E+00
3062	0.00E+00
3063	0.00E+00
3064	9.82E-05
3065	0.00E+00
2431	0.00E+00
3066	0.00E+00
3067	0.00E+00
3069	1.39E-04
3070	0.00E+00
3071	7.65E-05
3072	0.00E+00
3073	0.00E+00
3074	0.00E+00
2433	0.00E+00
2434	0.00E+00
209	1.75E-04
581	0.00E+00
3079	3.72E-05
3082	0.00E+00
3086	0.00E+00
3087	4.43E-04
2435	0.00E+00
3098	0.00E+00
210	0.00E+00
3101	9.99E-04
2437	3.45E-05
3103	0.00E+00
950	0.00E+00
2438	0.00E+00
2439	0.00E+00
2441	0.00E+00
3105	5.09E-05
951	0.00E+00
952	0.00E+00
2442	0.00E+00
211	0.00E+00
2443	0.00E+00
3106	9.80E-04
3107	4.20E-05
953	5.33E-04
3108	3.23E-05
139	1.49E-04
2444	0.00E+00
2445	0.00E+00
2446	0.00E+00
3110	7.18E-06
212	0.00E+00
727	1.99E-03
3111	6.51E-05
3112	5.56E-04
3114	6.35E-04
2447	0.00E+00
213	0.00E+00
3115	2.30E-05
3116	1.15E-04
3117	1.15E-04
3118	3.97E-05
351	0.00E+00
3119	0.00E+00
3122	0.00E+00
3123	0.00E+00
3124	0.00E+00
3125	0.00E+00
3126	0.00E+00
3127	1.35E-04
1537	0.00E+00
3128	0.00E+00
354	1.45E-04
3129	0.00E+00
3130	0.00E+00
3131	0.00E+00
3132	0.00E+00
601	9.75E-04
3133	0.00E+00
3134	0.00E+00
356	0.00E+00
3135	0.00E+00
357	0.00E+00
3136	0.00E+00
602	4.60E-05
459	6.88E-04
2448	0.00E+00
3137	7.12E-07
3138	0.00E+00
3139	0.00E+00
214	0.00E+00
2449	0.00E+00
3140	0.00E+00
3141	2.96E-04
3142	0.00E+00
3143	0.00E+00
3144	1.08E-03
1327	0.00E+00
2450	0.00E+00
2451	0.00E+00
2057	6.25E-04
3145	1.92E-05
2058	9.18E-04
3146	7.96E-06
3147	0.00E+00
3148	0.00E+00
2453	0.00E+00
2059	8.77E-05
3154	4.08E-04
2454	0.00E+00
3156	0.00E+00
3157	0.00E+00
215	2.00E-05
3158	2.68E-04
460	3.83E-05
3159	0.00E+00
3161	3.28E-06
3162	1.20E-04
3163	1.83E-04
461	0.00E+00
3164	0.00E+00
2455	0.00E+00
3165	0.00E+00
3166	1.82E-04
3167	0.00E+00
216	4.18E-05
955	0.00E+00
956	0.00E+00
957	0.00E+00
958	1.95E-06
2456	0.00E+00
3168	0.00E+00
3169	6.46E-05
3170	5.81E-05
1147	3.61E-05
2457	0.00E+00
3171	0.00E+00
959	8.11E-04
960	1.48E-04
729	3.27E-04
2458	0.00E+00
3172	0.00E+00
3175	0.00E+00
3176	0.00E+00
3178	0.00E+00
2459	0.00E+00
3180	0.00E+00
462	0.00E+00
582	0.00E+00
3182	1.09E-04
2460	0.00E+00
3183	0.00E+00
730	0.00E+00
731	0.00E+00
732	5.68E-05
733	0.00E+00
962	4.21E-05
3184	0.00E+00
3185	0.00E+00
3186	2.99E-04
3187	5.05E-04
217	1.44E-05
2461	0.00E+00
3190	7.43E-06
3191	0.00E+00
2462	0.00E+00
463	1.34E-04
3192	4.51E-07
3193	2.79E-05
603	3.54E-04
3194	0.00E+00
3195	5.95E-06
3197	2.75E-04
218	0.00E+00
964	2.51E-04
965	1.58E-05
966	0.00E+00
3198	5.70E-07
3199	4.86E-05
3200	0.00E+00
3201	1.88E-04
3202	9.53E-05
3203	4.89E-05
3204	1.98E-05
2463	0.00E+00
2464	0.00E+00
219	0.00E+00
3205	5.99E-05
3212	2.59E-04
3213	0.00E+00
2466	0.00E+00
967	0.00E+00
3214	0.00E+00
3215	0.00E+00
3216	3.09E-05
3217	7.58E-05
3218	0.00E+00
3219	0.00E+00
3220	0.00E+00
3221	0.00E+00
3222	8.77E-05
3223	0.00E+00
3224	0.00E+00
3225	0.00E+00
3226	0.00E+00
3227	1.19E-04
3230	0.00E+00
3231	0.00E+00
3232	0.00E+00
3233	0.00E+00
3239	0.00E+00
360	1.24E-05
3240	0.00E+00
3241	2.52E-04
3242	4.98E-05
3243	7.71E-05
1340	1.59E-04
1341	2.83E-04
3244	1.16E-05
1342	0.00E+00
3245	0.00E+00
968	1.08E-05
3246	3.44E-05
220	0.00E+00
3247	2.93E-04
3248	4.50E-05
3249	0.00E+00
3250	0.00E+00
3251	3.03E-04
3252	3.13E-04
1891	4.61E-04
3253	1.14E-04
3254	0.00E+00
3255	4.79E-04
3256	2.43E-04
3257	0.00E+00
3258	0.00E+00
3259	1.53E-05
3260	1.93E-06
3261	4.24E-05
3262	5.18E-05
3263	0.00E+00
3264	3.65E-05
736	2.38E-04
3265	2.04E-04
3267	2.58E-04
3268	6.33E-04
3269	1.84E-04
3270	0.00E+00
3271	1.12E-04
3272	1.53E-03
3273	1.27E-04
3274	2.15E-04
3275	4.55E-04
1345	7.26E-05
3276	4.82E-04
3278	2.11E-04
3279	2.97E-04
3281	3.14E-04
3282	1.47E-05
3283	7.69E-04
3284	5.03E-05
3285	0.00E+00
3286	4.06E-05
3287	0.00E+00
3288	9.94E-04
3289	2.04E-07
3290	0.00E+00
3291	9.73E-05
3292	4.63E-06
2467	0.00E+00
3293	7.71E-05
3294	1.90E-04
3295	7.53E-04
3296	4.63E-05
3297	0.00E+00
3298	1.87E-05
3299	1.12E-03
3300	4.00E-04
3301	0.00E+00
970	3.80E-05
971	2.00E-05
2469	0.00E+00
3303	1.15E-04
1347	0.00E+00
1348	0.00E+00
3304	5.71E-04
3305	0.00E+00
3308	1.33E-03
3309	1.39E-04
3310	0.00E+00
3311	6.29E-04
3312	1.74E-04
3313	0.00E+00
3314	2.27E-04
3315	1.42E-06
3316	6.18E-04
3317	8.69E-05
972	1.36E-03
3318	1.42E-04
3319	0.00E+00
3321	8.42E-05
3322	1.44E-05
3323	1.99E-05
3324	1.54E-04
3325	4.95E-04
2470	0.00E+00
3326	9.95E-05
1894	0.00E+00
3327	6.47E-05
3328	1.49E-04
3329	1.61E-04
3330	6.19E-06
3331	5.49E-04
3332	1.18E-03
973	0.00E+00
2155	0.00E+00
1350	0.00E+00
2156	3.69E-04
3333	1.05E-03
3334	1.85E-04
224	0.00E+00
3338	4.12E-05
37	0.00E+00
1351	4.57E-04
2471	0.00E+00
3339	2.63E-04
2472	0.00E+00
3340	0.00E+00
3341	9.38E-05
3342	2.61E-04
2473	0.00E+00
3343	3.34E-04
3344	1.52E-03
3345	1.88E-03
3346	1.11E-03
3347	2.91E-04
3348	1.08E-04
3349	0.00E+00
3350	0.00E+00
3351	2.69E-05
3352	1.23E-04
3353	4.30E-05
3354	1.46E-05
3355	2.80E-04
3356	0.00E+00
3357	0.00E+00
3358	0.00E+00
3359	0.00E+00
225	1.48E-05
1897	1.05E-04
974	3.02E-05
3360	1.25E-04
2474	0.00E+00
3361	2.54E-05
3362	1.06E-04
1544	1.27E-03
3363	2.81E-05
3364	4.73E-05
3365	0.00E+00
3367	5.40E-04
3368	5.33E-04
3369	0.00E+00
3370	7.01E-06
3372	1.16E-03
3373	5.19E-07
3374	7.46E-06
226	2.01E-05
1161	0.00E+00
3376	3.20E-04
3377	2.61E-04
3378	0.00E+00
604	8.95E-04
3379	0.00E+00
3380	0.00E+00
3381	0.00E+00
3382	2.58E-04
1163	5.89E-04
3383	7.00E-05
3384	1.30E-04
3385	1.50E-04
3392	8.74E-05
3398	1.85E-04
3399	1.61E-04
3400	2.22E-04
1355	0.00E+00
3401	3.52E-05
3402	0.00E+00
3403	0.00E+00
1166	0.00E+00
3405	3.19E-05
3407	1.58E-04
3408	0.00E+00
3412	2.91E-05
2475	0.00E+00
3419	0.00E+00
3420	2.82E-06
3421	0.00E+00
3422	0.00E+00
3423	0.00E+00
3425	0.00E+00
3426	7.29E-06
3427	3.76E-04
3428	0.00E+00
3432	0.00E+00
3433	3.52E-04
3434	0.00E+00
3435	2.87E-04
3436	1.27E-04
3437	0.00E+00
3438	5.75E-05
3439	0.00E+00
2476	0.00E+00
3440	8.39E-05
3441	1.20E-05
3442	0.00E+00
3443	3.16E-04
3444	0.00E+00
3445	0.00E+00
3446	0.00E+00
1184	1.17E-04
3447	1.37E-05
3448	6.00E-04
3451	0.00E+00
3454	0.00E+00
605	1.04E-04
3455	0.00E+00
3456	1.03E-04
1550	0.00E+00
3457	0.00E+00
606	2.48E-05
3458	6.27E-05
3459	0.00E+00
607	1.01E-03
230	0.00E+00
2477	0.00E+00
3464	5.09E-04
3465	8.89E-04
3469	6.68E-04
2480	0.00E+00
39	0.00E+00
3470	2.31E-04
2481	0.00E+00
2483	0.00E+00
2484	0.00E+00
231	0.00E+00
3474	9.74E-04
490	0.00E+00
3475	1.16E-03
232	0.00E+00
491	7.16E-05
3476	9.95E-04
2486	8.59E-04
3477	1.47E-04
3478	2.91E-04
3479	1.13E-04
976	1.10E-04
3480	0.00E+00
3481	4.76E-05
977	0.00E+00
3482	1.42E-04
3483	7.27E-04
3484	0.00E+00
3485	1.14E-04
3486	0.00E+00
3487	2.08E-04
4288	0.00E+00
3488	5.63E-04
978	2.63E-05
3489	3.72E-04
2487	0.00E+00
3490	3.18E-04
3491	8.85E-04
3492	6.87E-04
2488	0.00E+00
3493	6.19E-06
3494	1.48E-04
3495	2.17E-05
3500	1.86E-04
3513	3.76E-05
2490	0.00E+00
3520	9.50E-05
608	4.77E-04
3521	4.95E-04
3528	0.00E+00
2495	0.00E+00
3533	6.97E-05
3534	7.93E-05
3535	0.00E+00
3536	0.00E+00
3537	1.52E-05
3542	9.74E-05
3543	3.77E-04
988	0.00E+00
2496	0.00E+00
239	0.00E+00
3544	2.01E-04
3545	2.22E-04
3546	0.00E+00
498	0.00E+00
2497	0.00E+00
2498	4.74E-04
3547	1.52E-05
3548	4.14E-04
989	0.00E+00
3549	1.79E-05
3550	2.57E-05
3551	1.10E-04
2500	0.00E+00
3552	2.10E-04
1556	0.00E+00
3553	0.00E+00
3554	0.00E+00
3555	0.00E+00
3556	0.00E+00
3557	1.21E-03
2501	7.28E-04
609	2.32E-04
367	2.50E-05
2502	5.87E-05
3558	4.31E-04
3559	7.59E-06
2503	1.39E-04
240	0.00E+00
3560	8.08E-05
3561	5.16E-05
2173	0.00E+00
2338	6.70E-06
2504	1.07E-04
3562	3.12E-05
990	0.00E+00
2505	9.52E-05
3565	0.00E+00
241	0.00E+00
3566	6.33E-05
3567	1.91E-04
500	0.00E+00
3568	0.00E+00
501	0.00E+00
1253	0.00E+00
3569	9.02E-05
611	6.50E-04
502	0.00E+00
3570	8.50E-05
2067	1.81E-04
2175	0.00E+00
3571	0.00E+00
3572	1.17E-04
3573	6.06E-06
503	0.00E+00
3574	3.55E-04
3575	0.00E+00
3576	0.00E+00
2507	0.00E+00
3577	0.00E+00
3578	5.28E-05
3579	0.00E+00
3580	0.00E+00
3581	4.01E-05
3582	0.00E+00
3583	0.00E+00
3584	0.00E+00
3585	2.00E-04
993	0.00E+00
2508	0.00E+00
3586	1.84E-04
3587	0.00E+00
3588	1.64E-05
3589	0.00E+00
3590	1.64E-04
2176	1.41E-04
242	3.36E-06
3591	7.59E-05
243	0.00E+00
2177	4.35E-04
3592	1.61E-04
1734	0.00E+00
3593	1.34E-04
771	0.00E+00
3594	5.64E-04
3595	0.00E+00
3596	0.00E+00
3597	2.49E-04
370	5.99E-04
244	1.09E-05
245	3.81E-04
2511	0.00E+00
3601	0.00E+00
3602	2.50E-04
3603	1.24E-04
246	1.18E-04
2513	1.55E-04
371	3.20E-04
3604	2.91E-04
3605	2.90E-04
3606	2.65E-04
3607	1.09E-04
612	9.27E-06
3609	7.47E-05
372	1.16E-04
3610	6.04E-05
3611	0.00E+00
3612	0.00E+00
3613	0.00E+00
3614	1.32E-05
3615	0.00E+00
3616	3.36E-05
3617	7.20E-06
3618	3.09E-04
3621	0.00E+00
3622	1.72E-05
3623	0.00E+00
3624	0.00E+00
2181	0.00E+00
2182	6.56E-04
3625	1.45E-04
3628	5.80E-07
3629	5.03E-04
3630	2.33E-04
1394	9.15E-04
1395	9.26E-06
2184	1.05E-04
3631	0.00E+00
1396	1.31E-04
1397	7.56E-05
1398	0.00E+00
1399	0.00E+00
1736	0.00E+00
2185	1.35E-05
994	0.00E+00
3632	1.80E-04
3633	6.32E-04
2514	0.00E+00
1558	0.00E+00
3634	3.70E-04
3635	0.00E+00
505	1.16E-05
613	1.58E-04
3636	5.84E-04
2515	4.99E-04
2516	2.01E-04
3637	4.18E-04
507	2.91E-04
3639	0.00E+00
3643	1.86E-04
2190	3.67E-04
3644	1.61E-04
2518	0.00E+00
2519	5.01E-05
2191	0.00E+00
247	0.00E+00
2192	1.88E-04
2193	0.00E+00
2194	0.00E+00
2520	1.27E-03
2521	5.60E-05
3646	6.48E-06
3647	1.53E-05
2522	5.89E-05
995	0.00E+00
996	0.00E+00
3648	7.26E-06
3649	0.00E+00
59	0.00E+00
248	3.43E-06
3652	0.00E+00
3656	0.00E+00
3657	0.00E+00
3660	1.55E-03
3661	0.00E+00
3663	9.90E-06
3666	2.64E-05
3667	0.00E+00
3670	8.38E-06
3671	2.53E-05
1563	0.00E+00
3673	5.62E-05
3674	0.00E+00
3675	9.75E-04
3676	9.63E-05
3677	0.00E+00
1195	1.32E-04
3678	0.00E+00
3679	0.00E+00
376	1.10E-05
3680	0.00E+00
3681	0.00E+00
3682	0.00E+00
3683	0.00E+00
3684	0.00E+00
1196	0.00E+00
3685	0.00E+00
3686	0.00E+00
3687	1.62E-04
3688	0.00E+00
1564	0.00E+00
3689	6.09E-05
3690	0.00E+00
1743	0.00E+00
3691	0.00E+00
3692	0.00E+00
3693	0.00E+00
3694	2.10E-04
3695	0.00E+00
3696	0.00E+00
3697	0.00E+00
3698	0.00E+00
2526	0.00E+00
3699	0.00E+00
3700	1.71E-05
3702	0.00E+00
3703	0.00E+00
3704	3.40E-05
2527	0.00E+00
3705	0.00E+00
3707	0.00E+00
3708	0.00E+00
3709	0.00E+00
3710	0.00E+00
997	0.00E+00
3711	1.34E-04
3714	5.98E-05
3715	1.16E-05
2528	1.36E-03
254	0.00E+00
255	0.00E+00
2530	2.68E-04
3719	0.00E+00
2531	0.00E+00
3720	0.00E+00
2532	5.68E-04
3721	5.36E-04
3723	1.31E-04
3724	2.46E-05
3726	0.00E+00
3727	0.00E+00
3728	0.00E+00
3729	0.00E+00
3730	0.00E+00
3731	0.00E+00
2206	0.00E+00
3733	0.00E+00
3734	0.00E+00
256	0.00E+00
1420	0.00E+00
1421	7.27E-06
998	0.00E+00
3735	0.00E+00
3736	0.00E+00
2533	6.61E-04
999	0.00E+00
3737	2.93E-05
3738	0.00E+00
66	0.00E+00
67	0.00E+00
68	0.00E+00
3740	0.00E+00
3741	4.02E-06
3742	0.00E+00
3744	1.76E-05
3748	0.00E+00
3749	1.40E-04
3750	0.00E+00
3751	1.94E-05
511	1.62E-04
1200	8.82E-04
1000	0.00E+00
3753	0.00E+00
3754	4.14E-04
2072	1.29E-04
1001	4.47E-04
3755	0.00E+00
257	0.00E+00
3756	0.00E+00
3757	0.00E+00
3758	0.00E+00
3759	0.00E+00
258	0.00E+00
3760	0.00E+00
3761	5.07E-06
259	0.00E+00
3762	0.00E+00
3763	0.00E+00
3764	0.00E+00
3765	0.00E+00
3766	0.00E+00
3767	0.00E+00
512	6.83E-05
3768	1.48E-04
2535	0.00E+00
2536	0.00E+00
2537	3.20E-06
3769	0.00E+00
2538	3.90E-04
2539	2.51E-04
3770	7.61E-05
2540	8.30E-05
2541	1.62E-03
3771	0.00E+00
3772	0.00E+00
2542	4.93E-05
616	1.36E-03
3773	0.00E+00
2543	9.20E-04
1002	1.89E-04
3774	2.72E-04
3775	0.00E+00
2544	0.00E+00
1423	0.00E+00
2545	2.13E-04
1003	6.85E-05
2546	2.65E-05
3776	0.00E+00
3777	0.00E+00
3778	3.77E-04
2547	1.80E-07
3779	0.00E+00
3783	0.00E+00
2549	1.69E-04
2550	5.12E-04
260	0.00E+00
2551	0.00E+00
3787	0.00E+00
3794	1.17E-04
3795	0.00E+00
1006	0.00E+00
3796	1.03E-04
1007	4.49E-05
3797	2.43E-04
618	2.08E-04
2348	2.32E-04
3801	7.76E-05
1008	0.00E+00
801	2.27E-05
3803	1.28E-04
802	9.21E-05
3804	3.80E-06
2552	0.00E+00
3805	1.10E-03
2553	4.51E-04
1009	1.74E-04
2554	3.42E-04
3806	2.51E-05
3807	0.00E+00
3808	0.00E+00
3809	0.00E+00
3810	0.00E+00
3811	2.33E-08
2555	1.17E-04
3812	0.00E+00
3813	0.00E+00
3814	0.00E+00
2556	4.58E-05
3815	3.45E-05
2557	3.43E-07
3816	0.00E+00
3817	0.00E+00
2558	1.36E-04
2559	1.72E-04
3819	5.05E-05
3820	0.00E+00
3821	0.00E+00
3822	4.97E-05
3823	0.00E+00
1752	1.38E-04
3824	0.00E+00
3825	0.00E+00
3826	0.00E+00
3827	0.00E+00
262	0.00E+00
263	7.50E-04
3828	0.00E+00
3831	6.24E-05
3836	3.85E-05
515	4.32E-04
516	0.00E+00
3837	1.18E-04
2562	0.00E+00
620	1.10E-04
2563	6.19E-04
264	0.00E+00
3843	0.00E+00
3844	4.83E-05
3845	5.84E-05
3856	7.81E-06
3861	0.00E+00
3873	0.00E+00
3885	3.84E-06
3894	2.11E-04
1011	0.00E+00
3901	6.27E-04
3902	5.94E-04
3907	0.00E+00
3909	0.00E+00
2574	0.00E+00
268	1.55E-04
3912	0.00E+00
3913	0.00E+00
3915	0.00E+00
269	0.00E+00
3917	0.00E+00
3921	0.00E+00
3923	0.00E+00
2579	2.29E-04
3942	3.96E-06
3944	1.68E-04
3950	1.56E-04
3977	2.22E-05
3979	0.00E+00
3981	0.00E+00
3986	0.00E+00
2586	0.00E+00
1023	4.06E-04
3989	3.03E-04
1025	0.00E+00
277	2.23E-05
4010	1.00E-03
4015	7.63E-04
4016	1.85E-05
4017	0.00E+00
4018	1.64E-04
4028	4.60E-05
4029	0.00E+00
2591	0.00E+00
2594	0.00E+00
4044	3.01E-04
4053	4.35E-05
285	0.00E+00
288	0.00E+00
4063	1.54E-03
4066	3.94E-04
2598	0.00E+00
4070	5.03E-04
4075	0.00E+00
4076	2.09E-05
559	3.70E-04
4081	2.12E-04
2603	8.19E-04
4093	9.54E-04
4094	1.10E-04
4095	2.35E-04
4096	3.14E-04
4101	2.20E-04
4102	4.64E-05
4106	1.36E-03
4108	0.00E+00
4110	4.02E-05
1041	0.00E+00
4120	9.62E-05
4121	6.14E-05
4135	0.00E+00
296	2.92E-04
4152	6.51E-04
4170	5.80E-04
1047	0.00E+00
1048	1.34E-04
4180	2.62E-04
4181	3.67E-04
4192	3.05E-04
122	0.00E+00
4211	4.34E-04
4212	3.97E-04
4215	4.60E-04
4216	1.79E-03
4226	1.69E-03
4227	0.00E+00
4231	5.94E-04
4232	2.31E-04
4236	0.00E+00
390	0.00E+00
392	0.00E+00
4246	0.00E+00
4267	0.00E+00
4269	4.26E-04
1058	1.04E-05
4289	0.00E+00
4290	8.49E-05
1205	2.20E-04
1634	2.72E-04
1633	4.12E-05
154	0.00E+00
1664	0.00E+00
1663	0.00E+00
781	5.76E-04
1186	6.75E-05
1090	1.28E-04
1091	1.98E-04
1092	0.00E+00
644	7.55E-04
818	3.60E-06
77	3.13E-04
106	2.40E-04
864	1.93E-03
107	0.00E+00
45	2.62E-04
2302	0.00E+00
2303	9.15E-06
2305	5.73E-05
2306	1.89E-04
2304	0.00E+00
2354	2.12E-04
2368	0.00E+00
2357	1.43E-04
2160	0.00E+00
589	1.98E-04
422	1.52E-04
648	0.00E+00
884	8.94E-04
739	0.00E+00
737	0.00E+00
738	0.00E+00
2321	2.00E-06
1977	1.24E-04
899	0.00E+00
1978	1.60E-05
1210	1.01E-03
1068	0.00E+00
1067	0.00E+00
1066	1.08E-05
1065	0.00E+00
1064	0.00E+00
1063	0.00E+00
1069	0.00E+00
1982	1.41E-03
1983	3.00E-04
228	0.00E+00
1117	0.00E+00
1754	1.16E-04
3620	1.64E-05
3619	1.06E-06
1367	0.00E+00
1366	0.00E+00
1365	0.00E+00
1364	0.00E+00
1363	0.00E+00
1362	4.34E-04
1360	0.00E+00
2011	8.44E-05
2081	8.21E-05
2040	1.25E-04
742	3.52E-04
741	0.00E+00
740	0.00E+00
36	0.00E+00
35	0.00E+00
2061	4.32E-04
710	2.11E-04
711	0.00E+00
712	0.00E+00
1174	1.28E-03
1169	1.87E-04
1170	3.65E-05
1173	0.00E+00
1168	0.00E+00
1167	7.92E-05
2646	0.00E+00
2655	0.00E+00
2647	0.00E+00
2654	0.00E+00
760	7.24E-04
1696	3.82E-04
1739	4.75E-04
1683	9.58E-05
1684	4.28E-04
2054	3.40E-04
1997	2.02E-04
797	6.11E-04
798	0.00E+00
2369	1.23E-04
2329	0.00E+00
2328	0.00E+00
2330	0.00E+00
1989	0.00E+00
645	0.00E+00
2798	0.00E+00
874	1.48E-04
2031	7.47E-04
2167	1.06E-05
2166	1.99E-04
166	5.51E-04
293	7.47E-05
4284	1.06E-04
172	5.90E-05
173	2.20E-04
394	0.00E+00
198	0.00E+00
416	3.73E-04
159	1.10E-04
776	4.10E-04
455	0.00E+00
454	0.00E+00
453	0.00E+00
452	0.00E+00
451	0.00E+00
450	0.00E+00
3645	2.05E-04
1225	0.00E+00
1153	0.00E+00
2641	1.33E-03
1112	0.00E+00
2633	6.52E-05
2639	0.00E+00
1116	0.00E+00
152	0.00E+00
1238	0.00E+00
1165	0.00E+00
1086	0.00E+00
368	1.53E-04
165	2.58E-04
4078	2.17E-04
1331	6.95E-05
1497	2.56E-04
901	0.00E+00
1291	1.42E-04
1292	2.37E-04
697	4.69E-04
698	6.95E-04
9	6.88E-04
2105	7.77E-04
2104	0.00E+00
646	4.19E-04
1276	1.04E-03
1275	9.02E-04
1274	2.77E-04
1273	2.00E-04
1272	4.55E-04
777	3.66E-04
1889	1.52E-04
2200	4.20E-05
2202	8.13E-04
1941	4.99E-06
2353	2.53E-04
2203	0.00E+00
2204	4.19E-04
2205	1.58E-03
1912	3.36E-03
1913	1.02E-04
2201	8.33E-04
780	8.13E-04
2272	0.00E+00
1688	1.22E-04
779	1.43E-04
778	1.92E-05
2180	0.00E+00
167	5.65E-04
431	0.00E+00
521	2.03E-04
438	0.00E+00
1881	4.98E-05
1882	5.64E-06
1578	0.00E+00
2235	3.42E-04
1916	6.54E-04
1855	5.80E-04
1864	7.98E-04
1915	1.57E-06
1958	0.00E+00
1625	1.47E-04
2010	3.26E-05
1549	0.00E+00
1714	1.49E-03
843	1.81E-04
900	2.05E-04
898	0.00E+00
420	0.00E+00
401	0.00E+00
1649	7.21E-04
3564	1.62E-04
3563	6.31E-04
1772	1.95E-05
2037	0.00E+00
2038	3.12E-04
2036	0.00E+00
2039	2.16E-04
1995	1.55E-04
1581	2.15E-04
2084	0.00E+00
2090	3.75E-04
1156	0.00E+00
1157	0.00E+00
1155	0.00E+00
1583	0.00E+00
4151	1.19E-03
1520	8.30E-05
2637	0.00E+00
2632	0.00E+00
2709	0.00E+00
1190	1.05E-04
1501	4.40E-04
1357	2.11E-04
1295	0.00E+00
1296	0.00E+00
1297	0.00E+00
1588	6.77E-05
1600	1.49E-04
1610	0.00E+00
1503	1.31E-04
1574	8.65E-04
1061	6.31E-04
1060	6.19E-03
1587	4.58E-04
1505	2.99E-04
1611	0.00E+00
1510	2.22E-04
1268	8.49E-04
848	1.04E-03
847	5.47E-05
846	1.69E-05
845	1.71E-05
844	1.25E-04
1109	0.00E+00
1821	3.40E-05
456	0.00E+00
513	3.28E-04
2270	9.66E-05
1361	1.19E-04
1911	3.10E-04
1910	0.00E+00
992	0.00E+00
3424	0.00E+00
2024	4.89E-06
592	5.33E-04
84	0.00E+00
85	0.00E+00
83	1.51E-04
1732	0.00E+00
406	0.00E+00
2157	0.00E+00
2158	2.73E-04
1833	7.05E-05
1198	3.15E-04
1199	7.08E-04
1227	0.00E+00
1192	3.06E-04
377	2.14E-04
1191	9.42E-04
1647	0.00E+00
1422	1.00E-03
2297	0.00E+00
2296	0.00E+00
2294	0.00E+00
2292	0.00E+00
2295	1.45E-05
2293	0.00E+00
1211	0.00E+00
429	0.00E+00
160	6.29E-04
2213	1.43E-04
147	1.55E-04
3449	2.14E-04
53	0.00E+00
52	0.00E+00
57	2.06E-04
55	0.00E+00
54	0.00E+00
58	0.00E+00
56	0.00E+00
1636	0.00E+00
1637	0.00E+00
805	4.17E-04
804	1.88E-04
1642	0.00E+00
88	3.74E-05
806	0.00E+00
2046	2.86E-04
2066	1.73E-03
2049	8.60E-04
2052	2.07E-03
2050	8.18E-04
2048	6.70E-04
2056	6.43E-04
2041	6.18E-04
2079	7.44E-06
2080	0.00E+00
2062	3.88E-04
770	5.82E-05
2053	0.00E+00
1290	1.01E-04
1426	8.59E-04
2274	8.64E-05
1470	6.58E-06
1466	1.87E-04
1489	0.00E+00
1337	0.00E+00
1338	0.00E+00
1339	0.00E+00
1469	2.28E-05
1468	0.00E+00
1467	4.03E-05
1400	0.00E+00
908	2.94E-03
907	3.22E-04
906	1.83E-04
905	2.76E-04
904	5.12E-05
910	0.00E+00
909	0.00E+00
821	0.00E+00
822	7.25E-05
658	1.84E-03
664	4.50E-04
661	3.05E-05
663	4.56E-05
660	4.66E-05
662	1.17E-05
659	9.86E-05
785	3.46E-04
1087	4.68E-05
1418	5.74E-04
408	4.83E-04
642	5.49E-04
640	6.75E-04
641	2.30E-04
704	1.91E-04
1214	2.97E-05
569	0.00E+00
567	0.00E+00
571	0.00E+00
572	1.86E-04
568	0.00E+00
573	0.00E+00
574	0.00E+00
575	0.00E+00
570	0.00E+00
426	0.00E+00
1575	0.00E+00
1257	0.00E+00
1258	0.00E+00
2664	0.00E+00
1259	0.00E+00
1841	1.82E-04
1805	5.56E-04
1280	1.87E-04
1424	1.28E-05
1125	0.00E+00
1126	0.00E+00
1127	0.00E+00
1128	0.00E+00
1129	2.35E-04
1130	0.00E+00
1131	3.32E-05
1132	0.00E+00
1133	0.00E+00
1134	0.00E+00
1135	0.00E+00
1136	0.00E+00
1124	0.00E+00
1123	0.00E+00
467	0.00E+00
468	1.05E-04
469	8.45E-05
470	0.00E+00
471	1.28E-04
472	0.00E+00
475	0.00E+00
476	0.00E+00
477	0.00E+00
478	0.00E+00
1181	5.16E-04
1182	0.00E+00
1183	2.88E-05
479	0.00E+00
480	0.00E+00
481	0.00E+00
482	0.00E+00
483	0.00E+00
484	0.00E+00
485	4.48E-04
473	0.00E+00
474	0.00E+00
1180	1.05E-04
3414	0.00E+00
1773	4.88E-05
3930	0.00E+00
140	3.61E-04
26	5.69E-05
2277	0.00E+00
2340	9.49E-05
2291	0.00E+00
2331	6.88E-04
2284	0.00E+00
2350	0.00E+00
1473	1.20E-04
1496	9.04E-05
1495	0.00E+00
1494	0.00E+00
1493	0.00E+00
1676	1.03E-04
48	5.58E-05
762	0.00E+00
1358	0.00E+00
1260	0.00E+00
1261	7.90E-05
878	0.00E+00
877	4.97E-04
876	5.13E-04
4117	1.84E-04
116	0.00E+00
115	8.34E-05
117	0.00E+00
1100	0.00E+00
749	8.94E-05
1076	2.73E-04
1216	6.01E-06
1073	1.07E-03
1209	1.14E-04
1113	4.78E-05
1072	0.00E+00
1233	4.38E-04
1075	1.53E-04
1074	1.64E-04
1215	1.47E-04
1217	1.86E-04
1077	8.43E-04
70	0.00E+00
71	8.31E-04
72	4.69E-04
69	0.00E+00
794	3.58E-04
74	4.72E-05
73	4.02E-04
1344	1.51E-04
1492	9.85E-04
1343	0.00E+00
134	3.04E-04
1802	1.32E-04
2196	4.61E-05
786	4.03E-04
2197	5.24E-04
2240	0.00E+00
2148	0.00E+00
24	1.25E-04
2165	3.73E-05
22	1.53E-04
2134	3.18E-04
799	2.43E-04
75	0.00E+00
46	0.00E+00
23	4.72E-05
28	2.96E-05
1352	2.93E-03
1330	0.00E+00
1329	0.00E+00
753	0.00E+00
752	0.00E+00
751	2.67E-04
42	0.00E+00
40	0.00E+00
41	0.00E+00
44	0.00E+00
43	7.62E-06
5	5.29E-05
2115	3.89E-04
3638	5.39E-04
2208	0.00E+00
2211	0.00E+00
2210	2.09E-04
2183	8.84E-04
2212	9.45E-06
1895	5.11E-04
1062	0.00E+00
2355	7.66E-04
1591	3.53E-04
1590	0.00E+00
2116	0.00E+00
2218	4.68E-04
81	1.12E-04
80	0.00E+00
79	0.00E+00
2254	0.00E+00
532	1.60E-04
535	7.79E-04
533	3.04E-04
531	1.25E-03
517	8.71E-05
534	0.00E+00
51	0.00E+00
2242	1.28E-04
2243	4.20E-05
1963	1.43E-03
1918	0.00E+00
1865	3.74E-05
1753	1.75E-04
1961	3.13E-06
682	1.53E-03
2111	0.00E+00
1962	0.00E+00
681	1.09E-04
680	2.94E-04
1693	2.45E-04
1374	1.03E-04
1375	2.01E-05
1376	6.42E-05
1450	9.12E-04
1449	2.38E-05
882	9.70E-04
1448	0.00E+00
2252	9.97E-04
2172	6.31E-05
1447	7.45E-06
765	8.55E-04
4126	2.59E-04
1281	4.39E-03
2231	4.00E-04
2232	6.38E-04
2233	0.00E+00
667	2.38E-04
666	4.10E-04
665	3.81E-04
892	2.75E-04
855	4.35E-04
1735	5.23E-04
861	0.00E+00
862	2.78E-04
860	0.00E+00
1917	7.75E-04
1812	1.34E-04
1811	1.01E-03
415	4.80E-04
2026	1.33E-04
1356	4.91E-04
2237	0.00E+00
912	0.00E+00
2238	0.00E+00
823	3.42E-05
825	1.09E-03
824	0.00E+00
125	0.00E+00
2146	7.29E-04
2356	8.94E-05
92	8.52E-05
1293	5.52E-04
4283	9.93E-05
164	2.10E-05
1455	8.02E-05
1988	0.00E+00
1764	0.00E+00
1653	0.00E+00
373	3.71E-04
2314	0.00E+00
2316	4.12E-05
2358	1.33E-05
2345	6.05E-04
2347	1.41E-04
1992	2.29E-04
2219	2.52E-04
2323	2.48E-06
2019	9.33E-04
2020	4.97E-04
1986	3.32E-04
583	8.13E-04
222	0.00E+00
61	0.00E+00
63	0.00E+00
1555	4.53E-04
1585	1.23E-03
4006	0.00E+00
4005	0.00E+00
4007	2.96E-05
2152	6.49E-05
1523	1.95E-04
2319	1.05E-04
2286	0.00E+00
2363	6.40E-05
2362	1.02E-04
2375	0.00E+00
2342	0.00E+00
2290	0.00E+00
2320	1.19E-03
2285	8.09E-05
2318	0.00E+00
2365	2.55E-04
2361	1.99E-04
2360	1.20E-04
1614	0.00E+00
1208	9.16E-04
1837	6.55E-04
1836	1.10E-03
1835	3.63E-04
388	3.53E-04
1686	1.47E-05
1769	0.00E+00
1770	1.95E-05
1541	7.38E-06
1522	3.77E-04
464	8.75E-07
465	0.00E+00
1905	1.56E-04
1903	3.71E-04
1902	9.62E-04
1901	1.44E-03
1906	3.71E-04
1900	1.77E-03
1904	2.30E-04
1907	2.58E-04
768	3.48E-04
1899	0.00E+00
767	0.00E+00
766	0.00E+00
2174	5.29E-04
1737	3.09E-04
409	3.97E-04
1401	2.25E-04
1530	0.00E+00
1531	4.27E-04
404	1.27E-05
403	4.30E-05
1800	1.45E-03
814	0.00E+00
815	0.00E+00
816	0.00E+00
820	1.73E-05
1513	5.74E-05
1525	6.86E-05
1606	0.00E+00
1612	6.29E-05
1545	0.00E+00
1987	8.07E-05
1627	0.00E+00
1616	2.25E-05
1694	2.71E-04
1194	7.00E-04
1608	3.75E-04
1668	0.00E+00
1607	6.78E-04
1143	0.00E+00
1228	3.50E-05
1229	2.14E-04
1232	4.35E-04
1823	2.61E-04
1059	6.21E-06
1099	2.49E-03
1162	5.62E-04
1672	6.78E-04
1120	0.00E+00
1235	0.00E+00
405	1.12E-04
1599	8.35E-04
1508	7.63E-04
1300	8.37E-05
1301	6.51E-05
1302	0.00E+00
1303	0.00E+00
1304	0.00E+00
1305	0.00E+00
1435	1.86E-04
1434	1.70E-04
1433	2.59E-04
1432	0.00E+00
1431	0.00E+00
1430	0.00E+00
1429	0.00E+00
1412	1.19E-06
1411	0.00E+00
1410	7.88E-04
1409	2.34E-06
1408	2.49E-04
1407	0.00E+00
1406	2.58E-05
1405	0.00E+00
3717	0.00E+00
1479	5.18E-04
1478	0.00E+00
1404	3.49E-06
1413	0.00E+00
1414	0.00E+00
1415	0.00E+00
1416	1.15E-04
1417	0.00E+00
253	5.88E-05
1846	0.00E+00
1746	0.00E+00
82	0.00E+00
1316	1.99E-03
1570	4.48E-05
2258	0.00E+00
1670	6.96E-05
1955	7.80E-04
1944	7.33E-04
1957	3.18E-03
1954	1.38E-03
1953	7.72E-04
1950	6.79E-04
1951	3.89E-04
1863	0.00E+00
1862	0.00E+00
1949	0.00E+00
1952	5.64E-04
1943	0.00E+00
1956	2.88E-04
1071	2.87E-04
1187	0.00E+00
1697	8.12E-05
1763	9.04E-04
1721	2.74E-03
310	4.38E-04
316	4.52E-04
318	4.67E-04
362	4.47E-04
384	4.07E-04
393	2.35E-04
309	4.56E-04
315	3.55E-04
317	3.70E-04
337	4.30E-04
361	5.28E-04
385	3.31E-04
374	0.00E+00
389	0.00E+00
323	2.95E-04
2289	1.15E-05
2351	9.33E-05
1160	1.30E-04
1234	7.53E-04
2241	1.17E-04
719	1.87E-04
97	0.00E+00
880	3.60E-06
673	3.91E-04
672	0.00E+00
671	2.89E-05
136	0.00E+00
135	0.00E+00
457	3.72E-05
441	0.00E+00
556	1.82E-04
557	7.39E-06
2209	0.00E+00
76	0.00E+00
819	2.47E-04
637	8.76E-04
784	1.26E-03
1070	1.39E-04
869	8.25E-04
10	0.00E+00
12	9.19E-05
647	0.00E+00
11	1.43E-04
891	9.01E-05
1535	0.00E+00
4286	4.60E-05
1454	0.00E+00
1453	0.00E+00
1267	0.00E+00
1326	7.89E-05
1738	2.94E-04
783	4.18E-05
1859	1.30E-03
1858	1.62E-03
1857	1.53E-03
1856	4.55E-04
1860	0.00E+00
1861	0.00E+00
1690	4.95E-04
169	4.20E-05
2070	8.49E-05
1540	0.00E+00
1557	2.55E-03
2298	0.00E+00
2299	0.00E+00
339	0.00E+00
830	2.23E-04
831	1.44E-04
833	2.28E-04
835	9.32E-04
834	2.64E-04
832	2.77E-04
853	4.40E-04
668	8.23E-04
699	1.10E-05
133	6.26E-04
1265	9.72E-04
1849	0.00E+00
466	5.39E-04
411	1.70E-04
412	0.00E+00
402	4.55E-04
410	4.30E-04
1389	6.25E-05
2140	1.49E-03
635	4.28E-04
1925	4.96E-04
1973	3.17E-03
761	9.55E-04
1926	0.00E+00
1749	6.62E-04
1832	4.52E-05
130	5.49E-05
102	2.92E-04
889	1.89E-04
888	2.36E-04
887	0.00E+00
33	0.00E+00
890	0.00E+00
118	3.13E-05
94	1.31E-05
93	6.39E-05
101	1.54E-04
95	4.00E-05
735	3.54E-04
34	9.76E-04
18	4.29E-05
31	8.60E-05
743	3.01E-04
744	2.95E-04
745	3.01E-04
1673	0.00E+00
1151	0.00E+00
1152	0.00E+00
1150	0.00E+00
3739	8.66E-05
1088	2.05E-04
1624	6.38E-04
1667	6.47E-05
1666	0.00E+00
1665	0.00E+00
1110	2.95E-05
2651	1.43E-05
1442	9.71E-04
652	7.70E-04
653	1.75E-04
1245	0.00E+00
1118	1.91E-04
1119	0.00E+00
121	7.24E-04
897	7.75E-05
120	5.06E-05
2367	0.00E+00
2335	0.00E+00
2334	0.00E+00
2336	0.00E+00
2333	0.00E+00
2337	2.44E-04
2366	6.15E-05
499	8.34E-05
1085	7.67E-04
1971	2.24E-03
1965	8.55E-04
1929	1.65E-04
1960	4.53E-03
2253	1.50E-04
1729	2.93E-04
1972	2.85E-04
1964	3.95E-05
2216	1.73E-03
1966	0.00E+00
1959	5.47E-05
1526	0.00E+00
758	1.20E-04
759	3.31E-04
757	1.71E-05
903	9.68E-06
13	0.00E+00
15	0.00E+00
1834	7.42E-04
1139	8.97E-05
1138	8.86E-04
1137	0.00E+00
1592	0.00E+00
30	1.86E-04
510	2.55E-04
509	1.65E-04
2307	4.25E-04
2308	0.00E+00
2309	3.05E-04
2310	0.00E+00
2311	7.02E-05
2364	0.00E+00
677	0.00E+00
678	0.00E+00
679	2.90E-05
676	7.29E-07
1519	5.24E-04
2313	7.49E-05
2312	7.15E-05
2276	0.00E+00
754	0.00E+00
755	1.16E-04
756	0.00E+00
1240	3.83E-03
1239	1.60E-03
1176	0.00E+00
1175	1.13E-04
397	2.62E-07
530	3.09E-04
407	3.80E-04
433	1.95E-04
432	0.00E+00
528	2.48E-04
527	5.92E-05
526	0.00E+00
2169	0.00E+00
1609	0.00E+00
2230	3.54E-05
700	3.06E-04
1164	1.02E-04
1213	2.26E-05
1842	1.52E-05
702	5.10E-05
852	9.13E-04
104	2.34E-04
105	3.37E-05
808	0.00E+00
1114	8.95E-05
2945	0.00E+00
1701	1.11E-05
522	6.11E-04
564	0.00E+00
400	1.73E-04
398	4.56E-05
395	1.74E-04
396	1.75E-04
399	6.06E-05
563	5.62E-05
1568	0.00E+00
1603	7.29E-04
1580	0.00E+00
1567	0.00E+00
1985	0.00E+00
1571	9.48E-05
1121	0.00E+00
1122	0.00E+00
229	0.00E+00
2301	4.73E-05
2344	4.73E-04
2280	1.71E-05
2326	3.44E-04
2378	0.00E+00
2127	1.41E-05
2128	0.00E+00
2126	1.18E-04
2125	2.78E-04
669	2.13E-03
525	6.50E-06
524	4.70E-04
1372	0.00E+00
1369	0.00E+00
1368	0.00E+00
1373	0.00E+00
1371	0.00E+00
1370	0.00E+00
1319	0.00E+00
1320	0.00E+00
1322	1.10E-05
1321	0.00E+00
713	0.00E+00
1317	5.54E-05
1359	0.00E+00
1392	2.29E-04
1336	0.00E+00
1332	5.13E-05
1333	0.00E+00
1318	3.00E-05
1334	0.00E+00
1335	0.00E+00
1315	0.00E+00
2021	3.07E-04
1518	0.00E+00
1105	1.17E-04
1635	1.21E-04
329	0.00E+00
330	1.98E-04
633	1.15E-03
709	7.63E-04
634	4.63E-04
836	0.00E+00
837	0.00E+00
838	0.00E+00
839	0.00E+00
840	0.00E+00
1443	0.00E+00
1445	0.00E+00
1444	0.00E+00
91	0.00E+00
588	4.87E-04
586	1.68E-03
584	4.51E-04
587	4.23E-03
327	1.01E-03
359	8.45E-05
328	3.21E-04
2012	4.29E-04
2013	2.30E-04
2032	3.96E-04
2198	1.76E-04
2199	0.00E+00
2275	0.00E+00
1482	3.10E-04
1483	0.00E+00
1484	0.00E+00
1485	3.39E-05
1486	0.00E+00
1487	0.00E+00
1488	0.00E+00
1628	0.00E+00
2159	0.00E+00
1388	7.81E-05
1387	2.04E-04
1386	1.94E-04
1385	2.33E-04
1384	1.79E-04
1383	1.56E-04
1382	1.23E-04
1381	2.15E-04
1380	0.00E+00
1379	1.73E-04
1378	3.60E-04
1377	1.95E-04
772	3.32E-04
800	2.07E-05
1651	5.44E-04
1620	0.00E+00
1660	6.43E-04
4057	5.97E-04
4056	1.41E-04
4079	2.34E-04
364	0.00E+00
1534	0.00E+00
448	1.19E-03
495	1.54E-03
442	0.00E+00
161	3.86E-05
428	1.13E-02
437	0.00E+00
714	7.41E-04
715	0.00E+00
716	1.30E-04
717	5.06E-05
718	1.95E-04
251	0.00E+00
2440	0.00E+00
1141	0.00E+00
1148	0.00E+00
145	0.00E+00
1246	0.00E+00
1177	0.00E+00
1178	2.75E-05
168	2.13E-04
2352	0.00E+00
2327	8.51E-05
2317	0.00E+00
435	5.81E-04
2283	0.00E+00
2282	0.00E+00
2281	2.32E-04
812	6.26E-04
1572	3.52E-04
1573	1.19E-04
494	5.26E-05
2236	2.16E-04
1745	0.00E+00
1615	6.54E-04
1262	0.00E+00
2278	0.00E+00
2341	6.79E-05
2324	9.11E-05
2343	0.00E+00
1845	2.22E-04
1679	2.61E-04
1831	7.70E-04
1703	5.45E-05
1751	2.40E-05
1820	9.55E-05
1708	0.00E+00
178	0.00E+00
1471	2.74E-05
1349	2.24E-04
1298	3.36E-05
1299	1.43E-03
1476	1.13E-06
1475	0.00E+00
2688	2.71E-04
1480	3.69E-04
1427	5.99E-04
19	5.82E-04
2055	0.00E+00
2063	0.00E+00
1920	3.21E-04
1919	0.00E+00
1718	0.00E+00
657	5.22E-04
1717	4.95E-04
1716	2.13E-03
4172	1.96E-04
4171	1.08E-03
895	0.00E+00
894	0.00E+00
893	0.00E+00
2269	0.00E+00
2268	0.00E+00
2267	0.00E+00
2266	0.00E+00
2265	0.00E+00
2264	0.00E+00
2263	0.00E+00
2262	0.00E+00
2261	0.00E+00
2260	0.00E+00
2259	0.00E+00
4169	7.75E-04
2108	6.74E-04
131	0.00E+00
417	0.00E+00
2145	0.00E+00
138	8.76E-05
137	4.73E-04
132	0.00E+00
163	0.00E+00
2300	0.00E+00
1517	7.81E-07
343	0.00E+00
1577	0.00E+00
841	6.98E-04
803	2.43E-04
2250	0.00E+00
2251	0.00E+00
2083	1.87E-05
2074	1.47E-04
2047	2.42E-04
1843	1.38E-05
1188	0.00E+00
2315	1.64E-04
1650	0.00E+00
2151	2.25E-03
2150	9.28E-04
675	1.06E-04
1597	1.41E-03
1499	1.45E-04
708	7.19E-05
707	1.86E-05
706	3.13E-05
705	3.81E-04
670	2.03E-04
687	3.76E-04
688	8.37E-05
689	3.47E-05
690	0.00E+00
25	1.21E-04
2273	1.99E-04
1477	1.87E-03
2650	0.00E+00
2649	6.31E-06
2648	0.00E+00
2631	0.00E+00
1807	2.65E-04
1687	3.02E-04
1819	0.00E+00
2186	1.28E-03
2154	5.85E-05
2187	8.83E-05
2634	1.72E-04
2635	1.59E-03
1725	4.05E-05
1710	0.00E+00
1750	3.60E-04
1848	3.97E-04
1678	4.63E-04
1598	1.34E-03
1605	3.76E-04
1509	9.12E-05
2234	1.80E-04
1018	3.20E-03
1809	3.19E-04
1771	1.55E-04
1867	1.72E-03
1866	1.79E-03
1870	2.62E-06
896	4.55E-04
1677	2.24E-04
787	2.56E-04
788	3.21E-06
1197	1.59E-04
2002	1.16E-03
2086	7.23E-04
817	0.00E+00
2109	0.00E+00
345	5.47E-05
346	0.00E+00
347	0.00E+00
348	0.00E+00
349	1.57E-04
344	0.00E+00
2069	8.42E-04
2078	0.00E+00
866	0.00E+00
865	3.81E-05
867	3.31E-04
868	1.98E-04
50	7.08E-04
1709	2.56E-04
1748	1.25E-03
1726	2.88E-04
883	2.02E-04
703	7.41E-04
774	6.11E-04
775	1.87E-03
810	5.76E-05
811	6.76E-06
795	5.88E-05
1051	0.00E+00
2030	5.52E-04
2001	2.66E-04
2015	9.12E-04
2028	8.97E-04
1994	4.97E-04
2014	8.49E-04
2029	1.07E-03
1993	9.38E-05
2022	4.39E-05
2017	1.10E-03
2018	2.39E-04
2007	1.93E-04
2008	4.34E-04
2003	2.33E-04
1880	0.00E+00
701	6.10E-04
1354	3.53E-04
1346	2.37E-04
2034	6.65E-05
1999	6.65E-04
1998	1.02E-04
2025	0.00E+00
2005	1.03E-04
2207	1.70E-04
2091	8.04E-06
2033	0.00E+00
2035	0.00E+00
1481	1.23E-04
1681	8.35E-05
352	0.00E+00
1226	0.00E+00
4085	1.61E-04
1762	0.00E+00
871	1.27E-03
873	3.29E-05
872	1.28E-05
870	1.91E-03
108	5.12E-06
109	0.00E+00
486	6.37E-05
496	0.00E+00
497	3.50E-04
413	1.14E-06
1566	4.07E-04
1644	0.00E+00
1645	4.33E-04
1643	1.81E-03
1626	0.00E+00
1586	0.00E+00
1584	5.27E-04
1646	2.44E-04
1562	9.15E-04
1559	0.00E+00
1596	1.63E-04
1511	6.11E-05
1536	2.09E-04
153	2.48E-04
141	0.00E+00
3229	0.00E+00
1154	6.97E-05
3228	0.00E+00
1593	4.24E-04
551	0.00E+00
544	1.53E-04
542	1.32E-04
543	1.27E-04
554	0.00E+00
562	1.91E-04
550	0.00E+00
549	0.00E+00
546	0.00E+00
545	2.71E-04
553	0.00E+00
555	0.00E+00
552	0.00E+00
548	4.16E-05
547	7.20E-06
2162	0.00E+00
2164	0.00E+00
2161	0.00E+00
2163	5.86E-05
489	5.94E-06
488	3.58E-04
558	8.70E-05
2245	0.00E+00
2244	0.00E+00
2246	0.00E+00
2247	0.00E+00
561	0.00E+00
560	2.35E-05
111	5.19E-04
112	4.99E-05
110	0.00E+00
114	0.00E+00
113	1.41E-04
879	0.00E+00
1657	3.72E-04
1623	8.87E-05
1659	3.54E-03
1658	6.31E-05
4034	0.00E+00
3992	0.00E+00
2883	0.00E+00
2810	0.00E+00
3173	7.94E-04
2322	0.00E+00
2349	0.00E+00
2287	0.00E+00
2325	0.00E+00
2288	0.00E+00
1847	0.00E+00
1706	0.00E+00
1695	0.00E+00
1712	0.00E+00
579	7.47E-04
434	2.68E-06
1704	0.00E+00
1512	0.00E+00
1533	5.70E-04
1560	2.22E-06
1543	4.05E-05
1524	5.98E-04
1504	6.07E-05
1502	6.93E-05
2124	0.00E+00
1589	1.59E-04
1539	0.00E+00
1613	4.08E-04
1446	0.00E+00
1582	0.00E+00
1425	5.22E-05
119	3.45E-05
1491	3.72E-05
1828	1.42E-03
1795	2.48E-03
1798	1.83E-03
1797	2.46E-03
1786	3.28E-03
1783	1.81E-03
1840	1.72E-04
1829	5.03E-03
1827	1.79E-03
1830	1.86E-03
1768	2.50E-03
1788	1.87E-03
1779	1.52E-03
1791	7.61E-04
1774	6.62E-04
1782	2.47E-03
1740	2.55E-03
1719	1.76E-04
1766	5.15E-04
1793	8.77E-04
1796	1.24E-03
1787	1.09E-03
1730	6.64E-04
1765	6.22E-05
1816	1.91E-04
1790	3.34E-04
1780	2.71E-04
1824	1.55E-04
1707	2.89E-04
1815	0.00E+00
1817	0.00E+00
1720	4.60E-04
1778	1.15E-04
1652	3.24E-03
1661	6.84E-04
1662	1.65E-04
1648	1.98E-03
151	5.58E-04
1654	5.28E-05
155	7.11E-04
1641	7.62E-05
1655	8.87E-05
1700	5.44E-03
1674	1.47E-03
1792	2.49E-03
1775	2.59E-03
1781	3.87E-03
1838	7.60E-04
1803	2.04E-03
1784	1.69E-03
1767	1.01E-03
1799	2.66E-03
1776	2.04E-03
1804	1.99E-03
1777	1.39E-03
1785	1.17E-03
1760	5.42E-05
1742	1.45E-04
1789	5.22E-05
1839	6.96E-04
1794	7.89E-04
1669	1.07E-04
1756	2.86E-04
1713	0.00E+00
150	7.73E-04
149	1.61E-04
148	4.83E-06
143	2.79E-04
142	0.00E+00
221	6.20E-04
144	3.61E-04
1547	8.03E-05
1546	1.14E-04
1548	0.00E+00
1185	9.25E-05
725	4.44E-04
724	0.00E+00
723	0.00E+00
722	0.00E+00
721	2.94E-05
1632	8.16E-05
1618	1.25E-06
1619	3.50E-05
2073	3.75E-04
1093	7.74E-05
2642	0.00E+00
881	7.07E-05
1898	2.47E-05
1923	3.69E-05
793	1.16E-04
1284	7.67E-04
1285	1.60E-04
1282	3.84E-05
1283	2.04E-05
1179	0.00E+00
638	1.70E-04
854	0.00E+00
649	9.96E-04
885	3.22E-04
650	9.33E-05
809	5.07E-04
1814	2.83E-05
1813	8.46E-04
1723	2.97E-04
1515	2.62E-04
1927	5.82E-03
1980	6.63E-04
1876	1.09E-03
1699	4.72E-04
2968	0.00E+00
2147	5.59E-04
2525	0.00E+00
6	1.69E-06
353	0.00E+00
536	0.00E+00
576	5.84E-06
1806	3.19E-04
3945	0.00E+00
3928	0.00E+00
3929	0.00E+00
3927	0.00E+00
4280	6.32E-05
508	0.00E+00
3672	2.08E-04
1850	0.00E+00
2944	7.39E-06
1231	3.25E-04
1159	1.82E-04
1158	0.00E+00
1758	0.00E+00
1711	4.63E-05
171	0.00E+00
170	0.00E+00
2215	5.09E-04
2214	0.00E+00
2217	9.14E-05
2088	6.94E-04
2089	1.42E-03
2130	0.00E+00
2149	1.45E-04
162	1.49E-04
1656	1.09E-03
1724	3.55E-04
3792	1.76E-04
789	2.09E-05
790	0.00E+00
791	0.00E+00
60	0.00E+00
62	0.00E+00
1639	2.71E-04
1602	0.00E+00
2188	0.00E+00
2644	5.93E-06
158	6.14E-04
157	1.55E-04
1565	2.78E-04
1286	5.12E-04
1287	5.23E-04
1288	3.84E-04
1289	9.67E-05
1203	6.21E-04
2653	0.00E+00
146	1.38E-04
1115	0.00E+00
2630	3.25E-04
2645	1.94E-05
3743	0.00E+00
1579	0.00E+00
1256	3.02E-04
1474	0.00E+00
1171	2.15E-04
1172	8.73E-04
2279	0.00E+00
1931	2.46E-04
1930	0.00E+00
807	1.17E-05
1932	0.00E+00
1942	0.00E+00
2004	0.00E+00
1145	0.00E+00
1146	0.00E+00
2045	0.00E+00
2043	0.00E+00
1682	4.19E-04
1230	1.06E-04
2374	0.00E+00
2373	0.00E+00
2372	0.00E+00
2371	0.00E+00
2370	0.00E+00
2791	0.00E+00
1852	1.40E-03
1853	3.34E-04
1854	2.59E-04
1851	0.00E+00
1722	8.41E-04
2023	1.18E-03
1096	8.03E-04
1428	2.23E-03
1391	4.53E-04
3916	1.38E-04
2000	7.83E-06
1946	6.73E-04
863	0.00E+00
1945	0.00E+00
335	3.87E-04
336	6.95E-04
1204	1.28E-03
333	2.36E-04
334	1.03E-05
720	4.02E-04
1532	2.81E-04
1542	7.27E-04
1312	2.39E-04
1311	0.00E+00
1313	0.00E+00
1310	0.00E+00
1308	4.41E-04
1309	1.23E-04
1472	4.43E-04
1529	0.00E+00
1142	2.29E-05
321	3.73E-04
325	1.19E-04
338	9.02E-05
365	6.78E-05
312	2.88E-05
358	4.88E-05
391	0.00E+00
1140	0.00E+00
902	9.80E-06
123	2.23E-04
96	0.00E+00
1242	5.84E-05
1144	0.00E+00
813	3.31E-04
728	7.03E-06
875	9.25E-05
1825	1.87E-04
1741	4.12E-03
1883	5.21E-04
1884	1.76E-03
1885	2.35E-04
1886	7.55E-04
1887	7.13E-04
1888	6.16E-05
1981	0.00E+00
1808	3.15E-04
1733	4.72E-05
1761	1.42E-05
2359	1.35E-04
1996	7.73E-04
1675	1.02E-03
1244	2.21E-04
651	3.00E-04
1436	5.81E-06
1437	1.49E-04
4045	1.32E-04
1801	2.82E-02
1826	3.82E-02
1538	8.65E-07
1890	4.70E-04
1921	4.36E-04
1975	5.74E-04
750	4.15E-05
726	8.67E-04
1715	2.13E-03
2377	0.00E+00
1465	0.00E+00
2376	0.00E+00
2332	1.23E-04
2346	6.02E-04
2339	0.00E+00
2613	1.31E-04
2168	0.00E+00
2027	1.62E-06
828	0.00E+00
829	1.05E-04
826	2.91E-04
827	0.00E+00
2239	0.00E+00
859	0.00E+00
858	5.77E-04
857	2.08E-04
856	2.12E-04
32	1.89E-04
734	2.14E-04
1528	5.54E-04
1527	0.00E+00
1561	0.00E+00
2016	6.78E-04
782	8.06E-05
1189	1.88E-04
2113	5.32E-04
1218	4.42E-04
1601	9.82E-04
1622	1.69E-04
1630	4.99E-05
1595	1.81E-03
227	0.00E+00
86	0.00E+00
29	3.43E-05
87	0.00E+00
127	4.52E-04
128	3.87E-04
129	6.61E-05
4194	2.76E-03
585	7.20E-04
1844	2.16E-04
3780	6.83E-05
1631	0.00E+00
1908	0.00E+00
1879	1.45E-04
2179	0.00E+00
773	1.88E-04
2178	1.73E-06
2638	1.30E-03
1594	4.75E-05
1569	3.12E-05
1638	2.02E-03
1621	0.00E+00
1629	3.25E-04
99	2.78E-05
98	1.30E-04
886	6.73E-05
849	0.00E+00
850	3.23E-04
851	5.67E-05
100	6.72E-05
2657	4.26E-05
175	6.45E-04
2662	0.00E+00
2663	0.00E+00
2658	0.00E+00
2659	0.00E+00
632	1.00E-03
636	9.68E-04
2672	1.19E-04
590	1.14E-03
2380	3.21E-05
2666	4.13E-06
2670	1.05E-04
913	0.00E+00
914	5.36E-04
915	0.00E+00
2671	4.12E-04
2669	0.00E+00
2667	0.00E+00
2668	0.00E+00
2673	9.62E-04
916	0.00E+00
1500	3.06E-05
2676	0.00E+00
2675	0.00E+00
2678	3.31E-04
2680	3.46E-04
2679	0.00E+00
1671	0.00E+00
1080	0.00E+00
2683	0.00E+00
2682	1.57E-04
2381	1.63E-03
917	0.00E+00
2681	0.00E+00
2382	9.01E-05
1081	0.00E+00
1082	0.00E+00
1083	0.00E+00
1084	0.00E+00
2684	0.00E+00
918	0.00E+00
2685	0.00E+00
2686	0.00E+00
2687	2.60E-04
2699	1.94E-05
414	1.12E-03
2092	1.46E-04
577	3.25E-04
2698	0.00E+00
176	0.00E+00
591	0.00E+00
2689	0.00E+00
2697	0.00E+00
2692	4.49E-05
919	0.00E+00
2695	0.00E+00
2696	0.00E+00
2714	6.94E-04
2093	0.00E+00
177	0.00E+00
2700	0.00E+00
2383	0.00E+00
2097	0.00E+00
2705	0.00E+00
2707	0.00E+00
2708	0.00E+00
2710	7.86E-05
2711	0.00E+00
2712	0.00E+00
2706	0.00E+00
2716	0.00E+00
2717	0.00E+00
2720	0.00E+00
311	2.14E-06
2725	0.00E+00
2724	3.55E-04
2099	2.07E-05
418	0.00E+00
2100	0.00E+00
1868	0.00E+00
7	6.46E-05
179	0.00E+00
2726	0.00E+00
2727	0.00E+00
180	0.00E+00
2730	0.00E+00
2731	0.00E+00
2732	0.00E+00
2733	0.00E+00
2101	6.18E-04
2734	1.67E-06
2735	0.00E+00
181	2.23E-05
2736	6.25E-04
2737	0.00E+00
2738	0.00E+00
2748	0.00E+00
2778	0.00E+00
2775	0.00E+00
2776	0.00E+00
2781	0.00E+00
2779	0.00E+00
2771	1.30E-05
2777	0.00E+00
421	0.00E+00
2785	3.85E-04
2786	0.00E+00
2782	0.00E+00
2390	1.59E-04
2787	0.00E+00
2800	4.54E-04
2806	2.72E-04
2044	3.85E-06
2788	0.00E+00
2797	1.47E-03
2804	3.46E-04
654	3.03E-04
2805	0.00E+00
322	0.00E+00
656	0.00E+00
595	6.51E-04
2811	0.00E+00
2813	0.00E+00
2821	0.00E+00
2119	0.00E+00
1104	0.00E+00
2842	0.00E+00
2822	0.00E+00
2823	0.00E+00
934	0.00E+00
2847	0.00E+00
932	3.61E-04
2844	0.00E+00
933	1.09E-04
2121	7.31E-05
2862	0.00E+00
2863	0.00E+00
2859	0.00E+00
2861	6.60E-05
2860	5.29E-07
2856	0.00E+00
2858	0.00E+00
2857	0.00E+00
935	3.56E-04
1692	1.49E-05
596	4.36E-05
2882	0.00E+00
2884	0.00E+00
2886	0.00E+00
1516	0.00E+00
2880	0.00E+00
2881	2.17E-04
2887	0.00E+00
21	5.81E-04
2892	2.26E-04
1108	0.00E+00
2891	0.00E+00
2893	2.92E-04
2135	2.65E-05
2898	0.00E+00
2137	5.82E-04
200	1.14E-04
2136	1.28E-04
2906	0.00E+00
2404	0.00E+00
2405	2.13E-04
2912	0.00E+00
2905	0.00E+00
2908	1.24E-04
2907	0.00E+00
1875	2.94E-04
2928	0.00E+00
2934	0.00E+00
944	0.00E+00
2418	0.00E+00
2939	0.00E+00
1521	3.70E-04
2935	3.05E-05
2419	0.00E+00
2943	0.00E+00
205	0.00E+00
1250	0.00E+00
2421	0.00E+00
948	3.95E-04
2964	7.68E-04
2970	0.00E+00
2971	0.00E+00
2957	0.00E+00
2958	0.00E+00
2972	0.00E+00
2141	0.00E+00
2981	7.84E-04
3002	5.93E-07
3007	0.00E+00
3011	3.21E-05
3013	5.93E-04
3001	5.37E-05
3012	0.00E+00
2427	0.00E+00
3009	0.00E+00
3003	0.00E+00
2999	0.00E+00
3050	0.00E+00
3032	1.63E-04
3031	0.00E+00
3030	2.43E-04
3015	0.00E+00
3014	0.00E+00
3020	0.00E+00
3048	0.00E+00
3068	0.00E+00
2432	0.00E+00
3080	2.72E-05
3078	1.37E-03
949	0.00E+00
3075	1.87E-04
3085	3.61E-04
3076	0.00E+00
3083	0.00E+00
3084	1.62E-04
3077	2.76E-05
3081	0.00E+00
599	6.15E-04
3089	2.14E-04
3090	6.50E-05
3091	1.46E-05
458	0.00E+00
3092	0.00E+00
600	2.06E-04
3093	0.00E+00
3100	6.21E-05
3088	3.09E-04
2436	0.00E+00
3096	4.30E-04
3099	8.78E-05
3097	8.58E-06
3094	0.00E+00
3095	2.60E-04
3104	1.20E-04
3102	0.00E+00
3109	1.33E-04
3113	1.55E-04
3120	0.00E+00
3121	0.00E+00
954	0.00E+00
3149	0.00E+00
3152	0.00E+00
2452	0.00E+00
3153	0.00E+00
961	0.00E+00
3174	5.20E-06
3177	0.00E+00
3155	2.08E-04
3160	0.00E+00
963	5.16E-05
3189	6.86E-05
3188	0.00E+00
3179	1.25E-04
3181	2.20E-04
1149	0.00E+00
3206	3.27E-05
3207	1.60E-04
3208	3.04E-04
3209	2.11E-04
3210	1.83E-05
3211	0.00E+00
3196	0.00E+00
3234	0.00E+00
3235	0.00E+00
3236	0.00E+00
3237	3.47E-05
3238	1.25E-05
2465	0.00E+00
3266	0.00E+00
223	0.00E+00
969	0.00E+00
3277	1.61E-03
3280	3.02E-04
3306	3.23E-04
2468	0.00E+00
2153	0.00E+00
3307	0.00E+00
3302	8.84E-04
3335	2.95E-04
3336	2.02E-04
3320	6.72E-05
3337	6.53E-04
3366	0.00E+00
3390	4.54E-04
3394	1.71E-05
3395	9.69E-04
3386	4.47E-05
3387	0.00E+00
3388	0.00E+00
3371	1.43E-04
3393	3.08E-04
3375	0.00E+00
3389	1.27E-04
3391	3.54E-04
3410	1.15E-04
3413	0.00E+00
3396	2.31E-04
3397	5.06E-05
3411	0.00E+00
3404	0.00E+00
3409	0.00E+00
3406	0.00E+00
3430	0.00E+00
3415	4.31E-05
3416	1.43E-04
3417	0.00E+00
3418	8.59E-05
3429	2.78E-05
3431	0.00E+00
3460	2.83E-04
487	0.00E+00
3461	9.78E-07
3462	2.94E-04
975	3.07E-04
2482	0.00E+00
3473	1.23E-03
3472	2.63E-05
3471	3.15E-04
3468	2.75E-04
3467	1.05E-04
2479	0.00E+00
3466	2.24E-04
2478	0.00E+00
3463	1.57E-06
2485	0.00E+00
1251	0.00E+00
233	0.00E+00
492	0.00E+00
3496	8.82E-04
1252	0.00E+00
493	0.00E+00
3497	8.79E-05
3498	9.29E-04
3499	6.63E-04
3501	6.80E-04
3502	0.00E+00
3503	0.00E+00
3504	1.65E-04
3505	1.50E-04
3506	7.63E-04
3507	1.83E-04
979	0.00E+00
980	7.82E-04
3508	4.82E-04
981	0.00E+00
2491	0.00E+00
3514	1.69E-03
2492	0.00E+00
235	1.75E-04
2170	0.00E+00
3515	2.81E-04
47	0.00E+00
984	9.76E-07
3516	2.24E-04
236	0.00E+00
985	0.00E+00
3517	2.32E-04
986	0.00E+00
3518	4.43E-04
49	0.00E+00
3519	2.41E-04
3522	1.25E-03
3523	3.15E-04
3525	1.39E-04
763	9.79E-05
764	2.74E-04
3524	3.46E-05
1552	2.61E-04
3526	9.01E-04
3527	2.16E-05
2171	2.43E-04
1731	0.00E+00
3538	7.60E-04
3540	0.00E+00
3541	0.00E+00
3539	0.00E+00
2499	1.26E-04
610	3.38E-04
2506	8.34E-04
369	3.07E-04
991	0.00E+00
3598	4.50E-04
3599	0.00E+00
3600	3.12E-06
2512	0.00E+00
3608	2.80E-04
2510	0.00E+00
2509	0.00E+00
3627	1.42E-05
1393	0.00E+00
1914	4.88E-04
3626	4.78E-05
506	3.79E-04
2517	2.96E-05
2195	4.19E-05
3650	0.00E+00
2524	0.00E+00
2523	4.92E-04
3641	2.64E-04
3642	3.13E-05
614	3.43E-04
3651	0.00E+00
2189	8.22E-04
3640	1.46E-05
1640	6.89E-05
615	1.45E-04
3653	3.98E-05
1402	0.00E+00
249	0.00E+00
3655	6.90E-05
1403	0.00E+00
3659	1.89E-05
3654	0.00E+00
3662	0.00E+00
3658	0.00E+00
3664	3.19E-05
3665	8.73E-04
3669	7.16E-06
3668	0.00E+00
252	0.00E+00
3706	0.00E+00
3716	0.00E+00
250	0.00E+00
3701	1.09E-04
3713	5.13E-05
3712	3.69E-07
3718	0.00E+00
3722	6.40E-06
2529	3.73E-04
1419	0.00E+00
3725	0.00E+00
1747	0.00E+00
3732	0.00E+00
2534	5.29E-04
3752	0.00E+00
3747	0.00E+00
3746	2.94E-04
3745	2.23E-04
1202	0.00E+00
1201	2.46E-04
2548	0.00E+00
3781	2.77E-04
1004	0.00E+00
3782	3.44E-05
78	0.00E+00
3784	1.10E-06
1005	1.71E-04
3785	0.00E+00
261	0.00E+00
617	4.12E-04
3786	4.36E-05
3788	0.00E+00
3800	1.90E-04
3793	2.01E-04
3799	2.24E-04
619	7.17E-04
3798	3.61E-05
3802	4.56E-04
3818	2.90E-05
3832	2.26E-06
3833	2.58E-04
2561	5.11E-04
3834	0.00E+00
3835	2.72E-05
3838	1.58E-04
3840	7.84E-05
3841	0.00E+00
514	0.00E+00
3839	4.74E-04
3829	4.41E-05
1755	1.34E-04
3842	1.35E-04
2564	7.52E-04
1757	0.00E+00
2565	9.42E-04
3846	6.95E-05
3847	1.06E-03
2566	4.11E-04
3848	0.00E+00
3849	0.00E+00
3850	0.00E+00
3851	0.00E+00
3852	0.00E+00
3853	0.00E+00
3854	2.19E-05
1010	1.69E-04
3855	0.00E+00
1440	3.14E-05
3871	0.00E+00
3872	2.36E-04
3874	1.01E-04
2568	0.00E+00
3875	6.38E-05
2569	9.79E-05
1438	0.00E+00
1439	0.00E+00
265	2.34E-05
3863	4.28E-05
3864	0.00E+00
3865	0.00E+00
3866	0.00E+00
266	4.81E-05
3867	0.00E+00
3868	0.00E+00
3869	0.00E+00
3870	1.25E-03
89	0.00E+00
3876	0.00E+00
3888	1.84E-04
3890	1.27E-04
1012	1.76E-05
3900	1.65E-04
3903	5.10E-05
267	1.09E-04
3899	2.11E-04
3882	0.00E+00
3883	0.00E+00
3884	0.00E+00
3886	1.22E-04
1759	3.06E-04
3887	3.55E-05
2570	1.59E-04
2571	1.08E-04
3889	7.22E-05
2652	4.48E-05
1255	0.00E+00
3911	3.04E-04
3904	4.96E-05
3905	6.00E-04
3906	0.00E+00
3908	1.07E-04
2573	0.00E+00
1013	0.00E+00
3910	7.34E-04
3914	2.46E-04
2575	0.00E+00
3920	6.60E-04
3919	6.46E-05
2577	1.93E-04
2576	3.47E-06
2578	1.29E-04
270	0.00E+00
3931	0.00E+00
3918	6.37E-05
3922	0.00E+00
3924	0.00E+00
1014	0.00E+00
1015	6.81E-06
1016	6.62E-05
1017	0.00E+00
3940	0.00E+00
2580	0.00E+00
3932	1.81E-04
3933	0.00E+00
3934	2.79E-04
3935	1.44E-05
3936	0.00E+00
3937	0.00E+00
3938	0.00E+00
3939	0.00E+00
3941	0.00E+00
3943	0.00E+00
3946	7.54E-05
3947	9.91E-04
3948	1.43E-04
3949	1.29E-05
1019	1.27E-03
3951	0.00E+00
621	4.21E-04
3952	0.00E+00
1020	7.57E-05
1021	0.00E+00
3953	0.00E+00
3954	0.00E+00
2581	0.00E+00
271	9.84E-05
3955	0.00E+00
3956	5.48E-05
3957	0.00E+00
2582	6.54E-05
2583	2.76E-05
3958	0.00E+00
3959	0.00E+00
3960	0.00E+00
3970	1.06E-04
272	4.39E-05
1022	9.14E-07
3968	1.22E-03
3969	2.54E-05
3971	1.31E-04
3972	6.20E-04
3973	0.00E+00
3974	0.00E+00
3975	1.39E-05
3983	0.00E+00
3985	4.85E-05
3991	7.35E-05
3993	0.00E+00
275	0.00E+00
3994	8.27E-05
3984	2.48E-05
274	1.20E-04
3987	0.00E+00
3988	7.02E-05
1024	8.72E-05
3990	9.26E-05
2587	1.26E-03
3978	0.00E+00
273	4.03E-05
3980	8.80E-05
1026	0.00E+00
4008	0.00E+00
4004	0.00E+00
276	7.90E-06
3995	3.03E-04
3996	1.51E-05
3997	2.30E-05
3998	7.54E-05
3999	2.75E-04
4000	0.00E+00
842	6.08E-04
4001	2.92E-05
4002	4.57E-06
4003	0.00E+00
1222	1.21E-04
1223	2.72E-06
278	0.00E+00
1451	0.00E+00
279	0.00E+00
280	0.00E+00
4009	3.60E-05
1027	5.37E-04
4011	0.00E+00
4012	3.75E-04
4013	1.62E-04
2588	0.00E+00
2589	1.63E-04
4014	0.00E+00
1810	1.09E-03
4019	9.98E-05
1028	0.00E+00
4020	4.49E-04
1224	7.36E-05
2077	0.00E+00
2763	1.55E-04
3151	0.00E+00
3453	0.00E+00
379	2.33E-05
381	0.00E+00
1617	0.00E+00
3150	3.76E-05
3452	0.00E+00
378	4.21E-05
382	0.00E+00
4241	3.04E-04
314	2.22E-04
383	6.70E-05
386	0.00E+00
326	3.17E-05
332	1.44E-04
350	0.00E+00
355	0.00E+00
3450	7.90E-05
363	7.85E-05
366	1.76E-04
380	0.00E+00
4024	0.00E+00
387	0.00E+00
308	1.32E-04
331	4.55E-04
2660	0.00E+00
4245	9.25E-06
4026	0.00E+00
4027	0.00E+00
4021	1.35E-05
537	5.18E-04
2590	4.78E-04
4022	2.09E-04
4023	0.00E+00
4025	0.00E+00
281	3.49E-06
2592	0.00E+00
4030	0.00E+00
538	3.96E-05
1029	0.00E+00
4031	0.00E+00
4032	0.00E+00
1452	0.00E+00
539	1.60E-05
282	1.88E-06
1030	0.00E+00
4033	0.00E+00
2593	7.55E-05
4035	9.43E-06
541	7.55E-05
4037	0.00E+00
622	0.00E+00
4038	9.83E-06
4036	2.81E-05
4040	2.89E-06
4039	1.16E-04
4041	0.00E+00
4042	2.60E-04
540	1.76E-04
4043	6.06E-04
623	8.01E-04
1031	3.58E-04
2595	0.00E+00
4046	2.19E-04
4047	1.40E-03
4048	0.00E+00
1032	0.00E+00
4049	4.94E-04
1033	0.00E+00
283	0.00E+00
4050	0.00E+00
4051	6.06E-04
4052	8.71E-05
4062	1.75E-04
4064	2.14E-03
1035	2.17E-05
284	0.00E+00
4054	1.01E-04
4055	9.80E-05
2596	0.00E+00
1034	3.37E-05
286	0.00E+00
4058	1.26E-04
4059	0.00E+00
1036	0.00E+00
287	0.00E+00
4060	1.42E-04
4061	2.41E-05
2597	0.00E+00
289	0.00E+00
290	0.00E+00
4069	6.56E-04
4065	1.94E-04
1037	1.43E-04
4067	6.54E-05
4068	0.00E+00
2599	0.00E+00
2600	0.00E+00
4071	8.66E-04
1038	0.00E+00
4072	1.11E-04
4073	7.25E-05
1818	8.43E-05
4074	1.47E-04
4077	1.87E-04
291	1.08E-04
2601	0.00E+00
1039	2.24E-04
4080	3.30E-04
2602	0.00E+00
4100	5.54E-04
4082	0.00E+00
4083	0.00E+00
4084	0.00E+00
4086	1.27E-04
4087	0.00E+00
4088	5.18E-04
4089	0.00E+00
4090	1.34E-04
624	7.32E-04
4091	2.59E-04
4092	1.67E-04
4097	2.14E-04
4098	9.84E-05
4099	5.56E-05
2604	0.00E+00
4103	9.36E-05
4104	3.70E-04
4105	2.65E-04
2605	0.00E+00
4107	1.78E-04
1822	1.35E-03
4109	9.77E-05
1040	0.00E+00
1042	0.00E+00
2606	1.19E-03
2607	0.00E+00
4111	7.38E-04
2608	0.00E+00
2609	0.00E+00
2610	0.00E+00
292	7.90E-05
2611	0.00E+00
4112	2.84E-04
4113	1.31E-04
2612	1.43E-04
4114	0.00E+00
4115	5.73E-05
4116	2.11E-04
4118	0.00E+00
4119	1.32E-04
4122	2.00E-04
4123	9.93E-05
4124	1.29E-05
4125	1.14E-03
294	1.70E-04
4127	1.99E-04
4128	0.00E+00
4133	6.10E-04
4134	3.83E-04
4129	3.26E-03
4130	1.25E-03
4131	4.64E-04
295	0.00E+00
4132	2.32E-03
4141	1.67E-04
4142	2.12E-04
4136	8.78E-04
4137	1.68E-04
4138	6.66E-04
4139	0.00E+00
4140	1.61E-03
4149	4.67E-04
625	1.51E-03
4143	7.13E-04
4144	4.87E-04
4145	8.40E-04
4146	7.60E-04
4147	6.91E-04
4148	0.00E+00
4150	1.09E-03
1043	0.00E+00
4153	0.00E+00
4154	1.29E-04
4155	1.20E-03
4156	6.15E-05
4157	8.23E-04
4158	5.35E-04
4159	3.92E-04
4160	5.79E-04
4161	2.04E-03
4162	1.77E-03
4163	1.75E-03
4164	0.00E+00
4165	3.23E-03
4166	5.08E-05
4167	1.34E-03
2614	1.20E-04
2615	1.79E-04
1236	0.00E+00
4168	4.89E-04
1237	0.00E+00
1490	9.55E-04
1044	0.00E+00
1045	0.00E+00
1046	0.00E+00
4173	2.04E-03
626	0.00E+00
4174	5.24E-04
4179	4.07E-04
4175	9.40E-04
298	5.21E-05
299	0.00E+00
4176	6.27E-04
4177	2.30E-04
4178	5.10E-05
4184	8.99E-04
4193	1.57E-04
4191	3.72E-04
4190	2.42E-03
1049	0.00E+00
4182	2.63E-04
4183	6.90E-04
1050	0.00E+00
4185	5.77E-05
4186	3.21E-04
627	0.00E+00
4187	6.98E-04
4188	1.34E-04
4189	1.15E-03
4222	4.18E-04
2616	3.17E-04
1056	0.00E+00
566	2.83E-04
4195	5.07E-04
4196	2.70E-04
628	6.55E-05
4197	2.91E-04
4198	1.13E-03
4199	6.16E-04
4200	1.61E-04
4201	4.33E-05
4202	2.65E-04
300	6.58E-05
4203	1.45E-04
4204	3.06E-04
4205	0.00E+00
4206	1.19E-04
4207	4.89E-04
4208	1.72E-04
4209	1.35E-04
629	5.93E-04
2620	4.79E-05
4230	8.54E-05
4223	1.68E-03
4224	6.93E-05
4225	0.00E+00
2087	0.00E+00
4228	0.00E+00
4229	8.39E-04
4233	2.23E-04
4234	2.80E-04
4235	7.14E-04
301	1.27E-05
124	1.93E-04
2618	0.00E+00
2619	0.00E+00
4237	0.00E+00
4238	0.00E+00
4239	1.19E-03
4240	0.00E+00
4255	1.82E-05
4242	4.12E-04
2621	6.14E-04
4243	0.00E+00
4244	0.00E+00
126	3.25E-04
2622	0.00E+00
4248	4.17E-04
302	0.00E+00
303	0.00E+00
4249	0.00E+00
4250	0.00E+00
2623	0.00E+00
911	0.00E+00
4251	4.77E-05
2624	0.00E+00
4252	0.00E+00
2625	0.00E+00
4253	9.46E-05
4254	5.86E-04
4247	0.00E+00
4271	5.52E-05
4256	1.05E-04
4257	1.27E-05
304	1.56E-05
4258	0.00E+00
4259	0.00E+00
4260	0.00E+00
4261	4.68E-04
4262	4.06E-05
2626	0.00E+00
4263	9.11E-05
4264	4.58E-04
1057	0.00E+00
4265	0.00E+00
4266	0.00E+00
305	8.57E-04
4268	6.87E-04
4270	1.59E-05
4272	0.00E+00
1243	0.00E+00
630	1.30E-04
4274	0.00E+00
2629	0.00E+00
4278	4.74E-04
4279	3.26E-04
4281	1.32E-03
4273	3.30E-05
2627	2.15E-05
631	3.89E-04
306	0.00E+00
307	0.00E+00
4275	4.43E-05
2628	7.18E-05
4276	3.18E-04
4277	1.61E-05
1498	0.00E+00
4282	1.77E-05
4285	0.00E+00
2721	2.93E-05
2719	0.00E+00
2723	0.00E+00
2098	1.46E-04
183	0.00E+00
2741	0.00E+00
1089	0.00E+00
184	0.00E+00
2744	0.00E+00
2745	0.00E+00
921	2.71E-04
2747	0.00E+00
3509	3.31E-04
3510	4.73E-04
2489	0.00E+00
982	0.00E+00
3511	6.86E-06
234	0.00E+00
3512	8.00E-05
983	0.00E+00
3529	3.03E-05
3530	6.61E-04
987	2.57E-04
3531	2.01E-04
237	1.50E-05
3789	0.00E+00
3790	6.16E-05
3791	1.02E-05
3830	1.69E-04
2560	0.00E+00
3857	0.00E+00
3858	4.97E-06
3859	1.89E-05
3860	0.00E+00
3862	0.00E+00
2567	0.00E+00
518	0.00E+00
1254	0.00E+00
519	0.00E+00
520	4.35E-05
3877	1.95E-04
1441	3.16E-05
3878	1.51E-05
3879	8.93E-05
1207	3.23E-04
3880	3.43E-04
3881	0.00E+00
3891	2.21E-04
3892	2.10E-05
3893	2.80E-04
3895	2.78E-04
3896	1.08E-04
2572	3.21E-06
3897	3.71E-05
3898	8.37E-05
523	4.97E-05
3925	0.00E+00
3926	1.82E-05
1576	0.00E+00
3961	0.00E+00
3962	0.00E+00
3963	0.00E+00
3964	7.62E-04
3965	6.13E-05
2584	1.04E-03
2585	1.27E-04
3966	4.30E-04
3967	2.61E-04
3982	0.00E+00
4210	1.23E-05
4213	4.70E-04
4214	4.72E-04
4217	3.37E-04
4218	0.00E+00
2617	7.27E-04
4219	1.57E-03
4220	0.00E+00
4221	4.51E-04
1052	0.00E+00
1053	0.00E+00
1054	0.00E+00
1055	0.00E+00
3976	0.00E+00
1353	6.74E-04
