2071	1.62E-03
1698	0.00E+00
643	7.73E-04
2042	1.21E-03
2075	7.83E-04
2076	6.76E-04
2065	6.07E-04
2256	2.48E-04
2255	4.15E-04
1263	2.24E-04
1264	4.97E-05
2257	2.92E-04
1390	4.27E-04
1324	3.81E-04
1266	0.00E+00
2060	2.84E-04
2051	1.56E-03
2068	4.03E-04
424	5.92E-04
1097	2.93E-04
1193	0.00E+00
529	2.71E-05
1212	0.00E+00
1098	1.04E-04
2085	2.33E-04
1554	0.00E+00
2006	2.02E-04
1271	3.93E-04
1323	2.63E-05
1976	1.29E-03
297	0.00E+00
1991	4.47E-04
2223	0.00E+00
2226	0.00E+00
2227	0.00E+00
2228	0.00E+00
2229	0.00E+00
2220	0.00E+00
2224	0.00E+00
2221	6.62E-04
2222	0.00E+00
2225	0.00E+00
90	0.00E+00
2143	0.00E+00
1106	1.85E-03
1107	2.72E-04
1604	2.36E-04
1206	1.08E-03
2643	0.00E+00
1744	0.00E+00
1328	1.27E-04
103	2.02E-04
1325	1.43E-04
1551	0.00E+00
1553	0.00E+00
375	2.52E-04
1974	2.78E-04
504	5.74E-06
565	2.97E-04
2009	6.43E-04
1241	0.00E+00
1078	0.00E+00
1079	0.00E+00
1095	0.00E+00
2112	2.25E-04
38	7.08E-05
1896	1.53E-04
1928	4.62E-05
2665	0.00E+00
1984	3.52E-04
2792	2.21E-05
2142	0.00E+00
1307	0.00E+00
1306	0.00E+00
2120	0.00E+00
1990	2.02E-04
696	0.00E+00
2	0.00E+00
3	3.29E-05
4	0.00E+00
1	0.00E+00
796	3.59E-04
748	0.00E+00
747	2.60E-04
746	1.99E-04
17	0.00E+00
174	4.87E-04
156	0.00E+00
1924	1.12E-03
1969	4.63E-04
1968	4.26E-04
1936	1.20E-03
1967	5.17E-04
1869	0.00E+00
1933	1.47E-03
1970	1.11E-03
1979	3.47E-04
1934	1.53E-04
1728	1.24E-04
769	0.00E+00
1877	6.42E-04
1937	1.96E-04
1909	9.94E-05
1892	4.89E-05
1935	4.61E-04
1922	4.72E-04
1874	9.32E-04
1893	5.85E-04
1938	3.79E-04
1871	1.71E-04
1872	4.31E-04
639	1.70E-03
2082	0.00E+00
1220	2.91E-04
1221	5.27E-05
1219	0.00E+00
694	1.66E-04
691	1.77E-03
692	0.00E+00
695	1.24E-04
693	0.00E+00
65	0.00E+00
792	1.64E-05
64	1.17E-05
1939	7.19E-04
2249	1.47E-07
2248	0.00E+00
1948	0.00E+00
1873	1.42E-04
1947	0.00E+00
1702	1.42E-04
2271	0.00E+00
1878	6.60E-04
1727	9.51E-04
2640	2.21E-05
2494	0.00E+00
3532	6.07E-05
2064	1.53E-04
2493	0.00E+00
238	0.00E+00
1459	3.08E-04
1463	5.52E-04
1456	1.54E-04
1457	3.30E-04
1462	2.65E-04
1461	3.59E-04
1458	7.55E-04
1460	2.21E-04
1464	6.44E-06
1940	4.49E-04
2656	7.14E-04
2379	0.00E+00
2661	0.00E+00
2674	0.00E+00
2677	0.00E+00
2690	0.00E+00
2691	0.00E+00
2693	4.92E-04
2694	0.00E+00
2701	0.00E+00
2702	0.00E+00
2094	9.42E-05
2703	0.00E+00
2095	0.00E+00
2704	1.13E-03
2096	0.00E+00
2713	0.00E+00
2715	0.00E+00
1506	0.00E+00
2718	4.08E-05
2722	0.00E+00
313	2.20E-05
920	0.00E+00
8	0.00E+00
2728	0.00E+00
2729	0.00E+00
319	1.33E-04
1269	0.00E+00
182	0.00E+00
2739	0.00E+00
1680	0.00E+00
2740	0.00E+00
320	6.57E-05
2742	0.00E+00
2743	0.00E+00
2746	0.00E+00
185	0.00E+00
2749	0.00E+00
186	0.00E+00
2750	0.00E+00
2751	6.11E-06
2752	0.00E+00
2753	5.29E-04
2384	0.00E+00
2385	5.40E-05
2386	1.66E-06
2754	0.00E+00
2755	0.00E+00
1270	0.00E+00
2756	0.00E+00
187	1.32E-04
2102	0.00E+00
2757	0.00E+00
2103	2.92E-04
2758	0.00E+00
2759	1.05E-03
188	7.00E-06
2760	1.68E-05
14	0.00E+00
2387	0.00E+00
16	0.00E+00
922	4.67E-06
1507	0.00E+00
2106	3.41E-04
593	4.29E-05
2761	0.00E+00
2762	0.00E+00
2764	0.00E+00
419	0.00E+00
2765	0.00E+00
923	0.00E+00
2107	6.69E-04
924	0.00E+00
2766	0.00E+00
2767	0.00E+00
2768	1.96E-04
2769	0.00E+00
2388	0.00E+00
2770	0.00E+00
2772	3.37E-04
2773	1.15E-06
2774	0.00E+00
2780	0.00E+00
2783	0.00E+00
2784	1.69E-04
189	7.09E-05
2789	0.00E+00
2110	0.00E+00
2389	1.12E-04
2790	3.57E-04
2793	2.52E-05
1094	2.65E-05
1685	6.19E-04
2794	0.00E+00
2795	0.00E+00
2796	0.00E+00
190	6.75E-05
423	0.00E+00
2799	0.00E+00
2801	1.87E-04
2802	3.22E-05
2803	0.00E+00
594	0.00E+00
2807	3.95E-05
2114	3.49E-05
2808	8.37E-05
655	5.77E-04
2391	0.00E+00
925	0.00E+00
1101	0.00E+00
2809	4.25E-05
578	1.60E-04
926	0.00E+00
927	0.00E+00
1277	2.46E-04
2392	0.00E+00
2393	0.00E+00
2812	7.39E-06
2814	0.00E+00
2815	0.00E+00
191	2.06E-06
2816	0.00E+00
192	1.30E-04
2394	0.00E+00
2817	0.00E+00
928	0.00E+00
2117	0.00E+00
929	0.00E+00
2818	1.58E-04
2819	0.00E+00
2395	0.00E+00
2118	0.00E+00
2396	0.00E+00
2820	2.43E-05
2397	0.00E+00
1102	0.00E+00
1247	0.00E+00
425	0.00E+00
1103	0.00E+00
193	0.00E+00
324	0.00E+00
2824	0.00E+00
2825	0.00E+00
2826	1.43E-04
2827	6.77E-04
2828	0.00E+00
1689	0.00E+00
2829	0.00E+00
2830	0.00E+00
2831	4.46E-05
2832	0.00E+00
2833	0.00E+00
2834	1.35E-04
2835	0.00E+00
2836	1.53E-04
2837	6.69E-04
427	0.00E+00
2838	0.00E+00
2839	2.04E-04
2840	0.00E+00
2841	0.00E+00
194	1.94E-04
195	6.27E-05
930	3.65E-04
2843	1.08E-03
931	4.38E-04
2845	0.00E+00
2846	8.45E-05
2848	3.39E-04
2122	1.77E-04
2849	0.00E+00
2850	4.89E-04
196	0.00E+00
1278	0.00E+00
2851	5.79E-04
2123	1.17E-04
2852	0.00E+00
430	0.00E+00
2853	0.00E+00
2854	0.00E+00
2398	0.00E+00
2399	0.00E+00
1279	0.00E+00
2400	0.00E+00
197	2.92E-04
2855	5.51E-05
2401	0.00E+00
2864	0.00E+00
2865	1.45E-04
2866	0.00E+00
2402	0.00E+00
2867	3.47E-04
1691	0.00E+00
2868	3.09E-04
1514	8.08E-04
2403	0.00E+00
2869	4.68E-05
936	8.88E-05
2870	1.81E-03
2871	2.75E-04
2872	3.61E-04
2873	4.49E-04
2874	2.08E-05
2875	0.00E+00
2876	4.19E-04
2877	1.29E-04
2878	2.03E-04
2879	1.21E-04
2129	1.59E-04
4287	6.58E-05
2885	1.88E-05
199	0.00E+00
674	7.01E-04
2888	0.00E+00
2131	1.17E-04
2132	0.00E+00
20	4.04E-05
937	2.57E-04
2889	0.00E+00
1248	0.00E+00
2133	0.00E+00
2890	0.00E+00
938	0.00E+00
2894	0.00E+00
2895	0.00E+00
2896	0.00E+00
939	1.17E-04
2897	0.00E+00
597	9.19E-04
580	3.31E-04
2899	1.46E-04
2900	0.00E+00
2138	2.42E-06
2901	0.00E+00
2902	0.00E+00
2903	0.00E+00
2904	0.00E+00
940	1.96E-04
436	0.00E+00
2406	0.00E+00
201	0.00E+00
2909	0.00E+00
2910	0.00E+00
2911	0.00E+00
2407	0.00E+00
2913	0.00E+00
2914	0.00E+00
2915	1.78E-04
2916	9.13E-05
941	1.80E-04
2917	5.14E-06
2918	9.99E-05
2408	0.00E+00
2409	0.00E+00
2139	0.00E+00
683	4.58E-04
684	3.29E-04
685	0.00E+00
686	0.00E+00
2919	0.00E+00
2920	5.18E-04
2921	3.14E-04
202	0.00E+00
2410	0.00E+00
2411	0.00E+00
2922	2.44E-05
942	0.00E+00
2923	1.43E-05
2924	2.09E-05
2925	1.10E-04
2926	0.00E+00
2412	0.00E+00
2927	0.00E+00
203	0.00E+00
2929	0.00E+00
2413	0.00E+00
2414	1.05E-04
2930	0.00E+00
1111	0.00E+00
2415	0.00E+00
439	3.14E-05
2416	9.75E-05
1294	0.00E+00
2931	3.43E-04
440	0.00E+00
2932	1.66E-04
2417	2.04E-04
598	6.16E-04
943	2.73E-04
2933	0.00E+00
945	1.55E-04
204	6.73E-04
2936	0.00E+00
2937	0.00E+00
2938	0.00E+00
2940	0.00E+00
2941	0.00E+00
2942	6.20E-05
2946	2.13E-04
2947	5.04E-06
946	0.00E+00
2948	1.14E-05
2949	0.00E+00
2950	0.00E+00
443	0.00E+00
1249	0.00E+00
444	1.70E-04
445	0.00E+00
446	0.00E+00
447	0.00E+00
2951	0.00E+00
2952	0.00E+00
2953	0.00E+00
947	2.04E-04
2954	0.00E+00
2420	0.00E+00
2955	0.00E+00
2956	5.91E-04
2959	0.00E+00
2960	0.00E+00
2961	1.16E-04
2962	1.61E-05
2963	0.00E+00
2422	0.00E+00
449	0.00E+00
2965	0.00E+00
2966	0.00E+00
206	0.00E+00
2967	0.00E+00
2636	0.00E+00
2969	0.00E+00
2973	0.00E+00
2423	0.00E+00
2974	0.00E+00
2975	0.00E+00
2144	0.00E+00
2976	4.33E-06
2424	0.00E+00
2977	0.00E+00
2978	8.48E-05
2979	0.00E+00
1314	2.06E-04
2980	7.20E-04
2982	0.00E+00
2983	1.07E-05
2984	1.34E-03
2985	6.59E-05
2986	9.33E-05
2987	0.00E+00
2988	0.00E+00
2989	0.00E+00
2990	0.00E+00
1705	8.28E-04
2425	0.00E+00
2991	4.26E-06
2992	0.00E+00
2993	0.00E+00
2994	0.00E+00
2995	0.00E+00
2996	0.00E+00
2997	6.52E-05
2998	0.00E+00
3000	0.00E+00
3004	0.00E+00
3005	0.00E+00
2426	2.26E-05
3006	0.00E+00
3008	0.00E+00
3010	0.00E+00
3016	0.00E+00
3017	0.00E+00
27	0.00E+00
3018	3.79E-05
3019	6.45E-05
3021	2.99E-05
3022	0.00E+00
3023	0.00E+00
3024	0.00E+00
3025	1.03E-04
3026	0.00E+00
2428	0.00E+00
207	0.00E+00
3027	0.00E+00
3028	0.00E+00
3029	0.00E+00
2429	0.00E+00
3033	0.00E+00
3034	0.00E+00
3035	0.00E+00
340	0.00E+00
3036	0.00E+00
3037	0.00E+00
3038	0.00E+00
3039	0.00E+00
341	0.00E+00
3040	0.00E+00
3041	0.00E+00
3042	1.48E-03
3043	8.71E-05
3044	0.00E+00
3045	0.00E+00
3046	0.00E+00
3047	0.00E+00
3049	0.00E+00
342	8.49E-05
3051	0.00E+00
3052	0.00E+00
208	0.00E+00
3053	0.00E+00
3054	0.00E+00
3055	0.00E+00
3056	0.00E+00
3057	0.00E+00
2430	0.00E+00
3058	0.00E+00
3059	0.00E+00
3060	0.00E+00
3061	0.00E+00
3062	0.00E+00
3063	0.00E+00
3064	3.67E-04
3065	0.00E+00
2431	0.00E+00
3066	0.00E+00
3067	0.00E+00
3069	2.97E-04
3070	0.00E+00
3071	1.05E-04
3072	0.00E+00
3073	0.00E+00
3074	0.00E+00
2433	0.00E+00
2434	0.00E+00
209	1.56E-04
581	0.00E+00
3079	3.23E-05
3082	0.00E+00
3086	0.00E+00
3087	5.44E-04
2435	0.00E+00
3098	0.00E+00
210	5.34E-05
3101	8.73E-04
2437	1.99E-06
3103	0.00E+00
950	0.00E+00
2438	0.00E+00
2439	0.00E+00
2441	0.00E+00
3105	8.04E-05
951	0.00E+00
952	0.00E+00
2442	0.00E+00
211	0.00E+00
2443	0.00E+00
3106	1.04E-03
3107	6.86E-05
953	5.22E-04
3108	3.28E-05
139	1.61E-04
2444	0.00E+00
2445	0.00E+00
2446	0.00E+00
3110	4.85E-06
212	0.00E+00
727	1.91E-03
3111	1.14E-04
3112	6.93E-04
3114	6.93E-04
2447	0.00E+00
213	0.00E+00
3115	4.91E-05
3116	1.51E-04
3117	1.56E-04
3118	9.22E-05
351	0.00E+00
3119	0.00E+00
3122	0.00E+00
3123	0.00E+00
3124	0.00E+00
3125	0.00E+00
3126	0.00E+00
3127	1.67E-04
1537	0.00E+00
3128	0.00E+00
354	3.42E-04
3129	0.00E+00
3130	0.00E+00
3131	0.00E+00
3132	0.00E+00
601	1.12E-03
3133	0.00E+00
3134	0.00E+00
356	0.00E+00
3135	0.00E+00
357	0.00E+00
3136	0.00E+00
602	2.84E-04
459	2.50E-04
2448	0.00E+00
3137	3.24E-05
3138	0.00E+00
3139	0.00E+00
214	0.00E+00
2449	0.00E+00
3140	7.62E-06
3141	3.09E-04
3142	0.00E+00
3143	0.00E+00
3144	1.34E-03
1327	0.00E+00
2450	0.00E+00
2451	0.00E+00
2057	4.96E-04
3145	1.29E-05
2058	6.04E-04
3146	2.00E-05
3147	0.00E+00
3148	0.00E+00
2453	0.00E+00
2059	1.54E-04
3154	3.02E-04
2454	0.00E+00
3156	0.00E+00
3157	0.00E+00
215	4.83E-05
3158	2.97E-04
460	1.14E-04
3159	0.00E+00
3161	0.00E+00
3162	1.75E-04
3163	1.79E-04
461	0.00E+00
3164	0.00E+00
2455	4.81E-05
3165	5.12E-05
3166	4.20E-04
3167	1.66E-04
216	5.30E-05
955	0.00E+00
956	0.00E+00
957	0.00E+00
958	7.09E-05
2456	0.00E+00
3168	0.00E+00
3169	1.72E-04
3170	4.04E-05
1147	1.22E-04
2457	0.00E+00
3171	0.00E+00
959	8.66E-04
960	2.07E-04
729	3.83E-04
2458	0.00E+00
3172	0.00E+00
3175	0.00E+00
3176	0.00E+00
3178	1.09E-05
2459	0.00E+00
3180	0.00E+00
462	0.00E+00
582	0.00E+00
3182	1.03E-04
2460	0.00E+00
3183	0.00E+00
730	0.00E+00
731	0.00E+00
732	6.30E-05
733	0.00E+00
962	4.24E-05
3184	2.98E-05
3185	0.00E+00
3186	3.17E-04
3187	4.91E-04
217	1.88E-05
2461	0.00E+00
3190	2.24E-06
3191	0.00E+00
2462	0.00E+00
463	1.99E-04
3192	9.94E-06
3193	3.45E-05
603	4.05E-04
3194	0.00E+00
3195	3.18E-05
3197	2.96E-04
218	0.00E+00
964	1.36E-04
965	0.00E+00
966	0.00E+00
3198	0.00E+00
3199	7.12E-05
3200	0.00E+00
3201	2.51E-04
3202	1.60E-04
3203	7.61E-05
3204	1.32E-05
2463	0.00E+00
2464	0.00E+00
219	0.00E+00
3205	7.13E-05
3212	4.04E-04
3213	0.00E+00
2466	0.00E+00
967	0.00E+00
3214	0.00E+00
3215	1.77E-05
3216	1.49E-05
3217	1.31E-04
3218	1.17E-05
3219	1.27E-05
3220	0.00E+00
3221	0.00E+00
3222	1.03E-04
3223	0.00E+00
3224	0.00E+00
3225	0.00E+00
3226	0.00E+00
3227	9.48E-05
3230	0.00E+00
3231	0.00E+00
3232	0.00E+00
3233	0.00E+00
3239	0.00E+00
360	2.82E-05
3240	2.73E-06
3241	2.20E-04
3242	6.35E-05
3243	1.88E-04
1340	3.03E-04
1341	2.93E-04
3244	2.80E-05
1342	0.00E+00
3245	7.62E-06
968	5.38E-05
3246	9.21E-05
220	0.00E+00
3247	3.85E-04
3248	5.47E-05
3249	2.92E-06
3250	2.23E-05
3251	3.31E-04
3252	2.41E-04
1891	3.82E-04
3253	1.58E-04
3254	0.00E+00
3255	5.83E-04
3256	2.67E-04
3257	6.17E-06
3258	3.92E-05
3259	3.03E-05
3260	0.00E+00
3261	2.35E-05
3262	5.07E-05
3263	0.00E+00
3264	7.15E-05
736	2.37E-04
3265	1.77E-04
3267	3.01E-04
3268	7.62E-04
3269	3.45E-04
3270	0.00E+00
3271	1.29E-04
3272	1.72E-03
3273	1.75E-04
3274	2.21E-04
3275	4.78E-04
1345	5.64E-05
3276	4.77E-04
3278	3.88E-04
3279	2.86E-04
3281	3.57E-04
3282	1.72E-04
3283	7.59E-04
3284	8.44E-05
3285	0.00E+00
3286	3.79E-05
3287	0.00E+00
3288	1.03E-03
3289	1.56E-05
3290	0.00E+00
3291	1.15E-04
3292	2.47E-06
2467	0.00E+00
3293	0.00E+00
3294	1.02E-04
3295	7.10E-04
3296	4.51E-05
3297	5.70E-06
3298	3.08E-05
3299	7.23E-04
3300	4.14E-04
3301	0.00E+00
970	2.16E-05
971	0.00E+00
2469	0.00E+00
3303	1.30E-04
1347	0.00E+00
1348	0.00E+00
3304	6.20E-04
3305	0.00E+00
3308	1.34E-03
3309	1.55E-04
3310	0.00E+00
3311	6.38E-04
3312	1.76E-04
3313	2.18E-05
3314	2.20E-04
3315	9.02E-06
3316	1.07E-03
3317	4.84E-05
972	8.52E-04
3318	1.59E-04
3319	0.00E+00
3321	4.37E-05
3322	4.89E-06
3323	0.00E+00
3324	1.28E-04
3325	4.46E-04
2470	0.00E+00
3326	8.18E-05
1894	0.00E+00
3327	4.92E-05
3328	1.26E-04
3329	1.66E-04
3330	0.00E+00
3331	5.60E-04
3332	1.26E-03
973	0.00E+00
2155	3.87E-05
1350	0.00E+00
2156	3.90E-04
3333	1.10E-03
3334	3.01E-04
224	0.00E+00
3338	2.39E-05
37	0.00E+00
1351	2.97E-04
2471	0.00E+00
3339	3.24E-04
2472	0.00E+00
3340	1.52E-05
3341	1.81E-04
3342	5.42E-04
2473	0.00E+00
3343	4.71E-04
3344	1.66E-03
3345	1.82E-03
3346	8.74E-04
3347	4.16E-04
3348	4.51E-05
3349	0.00E+00
3350	0.00E+00
3351	4.32E-05
3352	1.57E-04
3353	3.21E-05
3354	8.61E-06
3355	3.11E-04
3356	3.19E-05
3357	0.00E+00
3358	0.00E+00
3359	0.00E+00
225	2.47E-05
1897	2.27E-03
974	0.00E+00
3360	1.39E-04
2474	0.00E+00
3361	3.31E-05
3362	9.00E-05
1544	1.21E-03
3363	1.20E-04
3364	1.33E-04
3365	0.00E+00
3367	7.18E-04
3368	6.04E-04
3369	5.98E-05
3370	3.06E-05
3372	1.60E-03
3373	1.40E-04
3374	1.05E-04
226	1.04E-04
1161	0.00E+00
3376	7.36E-05
3377	2.76E-04
3378	0.00E+00
604	8.69E-04
3379	0.00E+00
3380	0.00E+00
3381	1.03E-05
3382	2.41E-04
1163	5.11E-04
3383	5.45E-07
3384	2.00E-04
3385	1.92E-04
3392	6.16E-05
3398	2.06E-04
3399	1.90E-04
3400	2.77E-04
1355	0.00E+00
3401	6.20E-05
3402	0.00E+00
3403	0.00E+00
1166	0.00E+00
3405	3.09E-05
3407	7.95E-04
3408	3.00E-05
3412	2.52E-05
2475	0.00E+00
3419	0.00E+00
3420	0.00E+00
3421	0.00E+00
3422	0.00E+00
3423	0.00E+00
3425	0.00E+00
3426	0.00E+00
3427	4.62E-04
3428	0.00E+00
3432	0.00E+00
3433	6.66E-06
3434	0.00E+00
3435	4.49E-04
3436	1.18E-04
3437	0.00E+00
3438	1.28E-04
3439	0.00E+00
2476	0.00E+00
3440	7.67E-05
3441	5.02E-05
3442	1.08E-05
3443	2.69E-04
3444	0.00E+00
3445	0.00E+00
3446	0.00E+00
1184	1.18E-04
3447	1.31E-04
3448	6.27E-04
3451	0.00E+00
3454	0.00E+00
605	7.80E-05
3455	0.00E+00
3456	1.17E-04
1550	0.00E+00
3457	0.00E+00
606	0.00E+00
3458	3.37E-05
3459	0.00E+00
607	1.89E-03
230	1.01E-04
2477	0.00E+00
3464	7.04E-04
3465	7.00E-04
3469	5.74E-04
2480	0.00E+00
39	5.45E-05
3470	2.21E-04
2481	0.00E+00
2483	0.00E+00
2484	0.00E+00
231	5.33E-06
3474	8.39E-04
490	0.00E+00
3475	1.07E-03
232	0.00E+00
491	9.63E-05
3476	7.77E-04
2486	1.06E-03
3477	1.07E-04
3478	2.08E-04
3479	8.76E-05
976	1.34E-04
3480	0.00E+00
3481	4.91E-05
977	9.13E-06
3482	9.05E-05
3483	5.52E-04
3484	0.00E+00
3485	3.10E-05
3486	0.00E+00
3487	2.28E-04
4288	0.00E+00
3488	5.37E-04
978	1.87E-05
3489	3.34E-04
2487	0.00E+00
3490	2.90E-04
3491	7.69E-04
3492	6.02E-04
2488	0.00E+00
3493	0.00E+00
3494	1.27E-04
3495	0.00E+00
3500	1.59E-04
3513	8.62E-06
2490	0.00E+00
3520	7.10E-05
608	1.13E-03
3521	5.27E-04
3528	0.00E+00
2495	0.00E+00
3533	6.67E-05
3534	9.39E-05
3535	0.00E+00
3536	0.00E+00
3537	5.48E-06
3542	1.23E-04
3543	3.81E-04
988	0.00E+00
2496	0.00E+00
239	0.00E+00
3544	2.00E-04
3545	1.59E-04
3546	0.00E+00
498	0.00E+00
2497	0.00E+00
2498	3.26E-04
3547	3.42E-06
3548	3.23E-04
989	0.00E+00
3549	3.49E-05
3550	1.18E-05
3551	1.28E-04
2500	0.00E+00
3552	1.73E-04
1556	0.00E+00
3553	0.00E+00
3554	0.00E+00
3555	0.00E+00
3556	1.60E-05
3557	9.31E-04
2501	7.01E-04
609	2.94E-04
367	2.04E-05
2502	1.78E-05
3558	3.64E-04
3559	6.41E-06
2503	1.51E-04
240	2.49E-05
3560	6.78E-05
3561	6.64E-05
2173	0.00E+00
2338	0.00E+00
2504	3.97E-05
3562	8.84E-05
990	0.00E+00
2505	3.12E-05
3565	0.00E+00
241	0.00E+00
3566	1.11E-04
3567	2.39E-04
500	0.00E+00
3568	0.00E+00
501	0.00E+00
1253	0.00E+00
3569	1.55E-04
611	7.23E-04
502	0.00E+00
3570	6.48E-05
2067	9.60E-05
2175	0.00E+00
3571	8.11E-07
3572	1.42E-04
3573	0.00E+00
503	0.00E+00
3574	3.11E-04
3575	0.00E+00
3576	0.00E+00
2507	0.00E+00
3577	0.00E+00
3578	8.70E-05
3579	0.00E+00
3580	0.00E+00
3581	3.39E-05
3582	0.00E+00
3583	0.00E+00
3584	0.00E+00
3585	2.56E-04
993	0.00E+00
2508	0.00E+00
3586	2.26E-04
3587	2.60E-05
3588	1.67E-05
3589	1.61E-05
3590	1.98E-04
2176	8.15E-05
242	5.04E-06
3591	8.31E-05
243	0.00E+00
2177	5.40E-04
3592	2.15E-04
1734	0.00E+00
3593	2.03E-04
771	0.00E+00
3594	6.27E-04
3595	3.49E-06
3596	0.00E+00
3597	2.42E-04
370	8.39E-04
244	3.16E-05
245	3.31E-04
2511	0.00E+00
3601	0.00E+00
3602	2.77E-04
3603	1.09E-04
246	8.26E-05
2513	1.39E-04
371	3.78E-04
3604	2.29E-04
3605	3.24E-04
3606	2.79E-04
3607	1.17E-04
612	3.49E-06
3609	6.72E-05
372	1.56E-04
3610	7.90E-05
3611	0.00E+00
3612	0.00E+00
3613	0.00E+00
3614	3.31E-05
3615	6.16E-06
3616	5.45E-05
3617	4.64E-05
3618	3.98E-04
3621	0.00E+00
3622	2.74E-05
3623	0.00E+00
3624	0.00E+00
2181	0.00E+00
2182	9.86E-04
3625	1.82E-04
3628	9.33E-06
3629	5.17E-04
3630	2.78E-04
1394	7.57E-04
1395	0.00E+00
2184	1.42E-04
3631	0.00E+00
1396	9.16E-05
1397	2.10E-05
1398	0.00E+00
1399	0.00E+00
1736	0.00E+00
2185	5.37E-05
994	0.00E+00
3632	2.13E-04
3633	6.12E-04
2514	0.00E+00
1558	0.00E+00
3634	3.32E-04
3635	0.00E+00
505	2.29E-05
613	1.34E-04
3636	6.71E-04
2515	4.46E-04
2516	1.54E-04
3637	2.38E-04
507	4.06E-04
3639	0.00E+00
3643	2.50E-04
2190	1.99E-04
3644	1.57E-04
2518	0.00E+00
2519	1.08E-05
2191	0.00E+00
247	0.00E+00
2192	2.20E-04
2193	0.00E+00
2194	0.00E+00
2520	1.22E-03
2521	6.82E-05
3646	2.04E-05
3647	2.54E-05
2522	2.00E-05
995	0.00E+00
996	0.00E+00
3648	1.97E-05
3649	0.00E+00
59	0.00E+00
248	0.00E+00
3652	0.00E+00
3656	0.00E+00
3657	0.00E+00
3660	2.72E-03
3661	0.00E+00
3663	3.57E-05
3666	2.67E-05
3667	0.00E+00
3670	8.82E-05
3671	2.46E-05
1563	1.79E-06
3673	4.62E-05
3674	0.00E+00
3675	8.50E-04
3676	9.51E-05
3677	0.00E+00
1195	1.09E-04
3678	0.00E+00
3679	0.00E+00
376	4.78E-05
3680	0.00E+00
3681	0.00E+00
3682	0.00E+00
3683	0.00E+00
3684	0.00E+00
1196	0.00E+00
3685	0.00E+00
3686	0.00E+00
3687	1.62E-04
3688	0.00E+00
1564	0.00E+00
3689	4.24E-05
3690	0.00E+00
1743	0.00E+00
3691	0.00E+00
3692	0.00E+00
3693	0.00E+00
3694	2.28E-04
3695	0.00E+00
3696	0.00E+00
3697	0.00E+00
3698	0.00E+00
2526	0.00E+00
3699	0.00E+00
3700	0.00E+00
3702	2.81E-06
3703	0.00E+00
3704	1.06E-05
2527	0.00E+00
3705	0.00E+00
3707	0.00E+00
3708	0.00E+00
3709	0.00E+00
3710	0.00E+00
997	9.10E-05
3711	1.30E-04
3714	4.77E-05
3715	8.28E-06
2528	1.51E-03
254	0.00E+00
255	0.00E+00
2530	2.66E-04
3719	4.28E-06
2531	0.00E+00
3720	0.00E+00
2532	5.46E-04
3721	4.83E-04
3723	1.17E-04
3724	7.71E-05
3726	0.00E+00
3727	0.00E+00
3728	0.00E+00
3729	0.00E+00
3730	0.00E+00
3731	0.00E+00
2206	0.00E+00
3733	0.00E+00
3734	0.00E+00
256	0.00E+00
1420	0.00E+00
1421	0.00E+00
998	1.31E-04
3735	0.00E+00
3736	0.00E+00
2533	6.20E-04
999	6.93E-06
3737	3.17E-05
3738	0.00E+00
66	4.43E-07
67	0.00E+00
68	0.00E+00
3740	0.00E+00
3741	0.00E+00
3742	0.00E+00
3744	1.50E-05
3748	0.00E+00
3749	9.14E-05
3750	0.00E+00
3751	0.00E+00
511	2.77E-04
1200	1.02E-03
1000	0.00E+00
3753	0.00E+00
3754	3.41E-04
2072	9.54E-05
1001	5.23E-04
3755	0.00E+00
257	0.00E+00
3756	0.00E+00
3757	0.00E+00
3758	0.00E+00
3759	0.00E+00
258	0.00E+00
3760	0.00E+00
3761	4.15E-07
259	0.00E+00
3762	0.00E+00
3763	0.00E+00
3764	0.00E+00
3765	0.00E+00
3766	0.00E+00
3767	0.00E+00
512	1.08E-04
3768	1.39E-04
2535	0.00E+00
2536	0.00E+00
2537	1.95E-05
3769	0.00E+00
2538	3.02E-04
2539	2.52E-04
3770	5.94E-05
2540	7.10E-05
2541	1.29E-03
3771	0.00E+00
3772	0.00E+00
2542	1.53E-04
616	1.43E-03
3773	0.00E+00
2543	8.79E-04
1002	2.01E-04
3774	2.71E-04
3775	0.00E+00
2544	0.00E+00
1423	0.00E+00
2545	1.76E-04
1003	8.63E-05
2546	0.00E+00
3776	0.00E+00
3777	0.00E+00
3778	2.95E-04
2547	3.82E-06
3779	0.00E+00
3783	0.00E+00
2549	1.53E-04
2550	5.71E-04
260	0.00E+00
2551	7.50E-05
3787	0.00E+00
3794	4.64E-05
3795	0.00E+00
1006	0.00E+00
3796	2.72E-05
1007	1.65E-05
3797	1.81E-04
618	1.93E-04
2348	1.85E-04
3801	2.61E-05
1008	0.00E+00
801	2.18E-05
3803	5.93E-05
802	9.95E-05
3804	9.21E-06
2552	2.25E-05
3805	9.40E-04
2553	3.78E-04
1009	2.86E-04
2554	2.04E-04
3806	5.13E-05
3807	0.00E+00
3808	0.00E+00
3809	0.00E+00
3810	0.00E+00
3811	0.00E+00
2555	5.59E-05
3812	0.00E+00
3813	0.00E+00
3814	0.00E+00
2556	7.12E-06
3815	1.23E-04
2557	0.00E+00
3816	0.00E+00
3817	0.00E+00
2558	5.91E-05
2559	9.74E-05
3819	3.39E-05
3820	0.00E+00
3821	0.00E+00
3822	2.41E-05
3823	0.00E+00
1752	2.89E-04
3824	0.00E+00
3825	0.00E+00
3826	0.00E+00
3827	0.00E+00
262	0.00E+00
263	6.92E-04
3828	0.00E+00
3831	8.62E-05
3836	3.03E-04
515	4.22E-04
516	0.00E+00
3837	1.01E-04
2562	0.00E+00
620	1.01E-04
2563	6.28E-04
264	0.00E+00
3843	0.00E+00
3844	1.60E-06
3845	2.62E-05
3856	3.92E-05
3861	0.00E+00
3873	0.00E+00
3885	2.67E-05
3894	6.02E-05
1011	1.62E-05
3901	5.78E-04
3902	7.16E-04
3907	0.00E+00
3909	1.66E-05
2574	0.00E+00
268	4.44E-04
3912	0.00E+00
3913	0.00E+00
3915	0.00E+00
269	0.00E+00
3917	0.00E+00
3921	0.00E+00
3923	4.45E-05
2579	3.90E-04
3942	0.00E+00
3944	2.81E-04
3950	1.96E-04
3977	5.84E-05
3979	0.00E+00
3981	0.00E+00
3986	3.25E-05
2586	0.00E+00
1023	3.87E-04
3989	3.06E-04
1025	0.00E+00
277	5.24E-05
4010	1.06E-03
4015	7.18E-04
4016	7.32E-05
4017	0.00E+00
4018	1.25E-04
4028	7.28E-05
4029	5.05E-06
2591	0.00E+00
2594	0.00E+00
4044	3.01E-04
4053	5.29E-04
285	0.00E+00
288	0.00E+00
4063	1.60E-03
4066	3.88E-04
2598	0.00E+00
4070	6.14E-04
4075	6.60E-05
4076	8.22E-05
559	4.11E-04
4081	2.18E-04
2603	7.21E-04
4093	9.49E-04
4094	1.41E-04
4095	1.41E-04
4096	2.17E-04
4101	2.64E-04
4102	9.86E-05
4106	1.29E-03
4108	4.14E-07
4110	4.72E-05
1041	0.00E+00
4120	1.74E-04
4121	1.75E-04
4135	0.00E+00
296	1.53E-04
4152	6.67E-04
4170	4.37E-04
1047	0.00E+00
1048	1.32E-04
4180	1.90E-04
4181	4.49E-04
4192	1.72E-04
122	0.00E+00
4211	4.42E-04
4212	2.52E-04
4215	4.07E-04
4216	1.47E-03
4226	1.40E-03
4227	0.00E+00
4231	4.68E-04
4232	1.53E-04
4236	0.00E+00
390	0.00E+00
392	0.00E+00
4246	0.00E+00
4267	0.00E+00
4269	2.60E-04
1058	2.82E-05
4289	0.00E+00
4290	2.36E-05
1205	1.79E-04
1634	1.79E-04
1633	2.68E-05
154	0.00E+00
1664	0.00E+00
1663	0.00E+00
781	4.14E-04
1186	9.10E-05
1090	7.71E-05
1091	1.12E-04
1092	0.00E+00
644	8.77E-04
818	9.34E-05
77	5.23E-04
106	2.09E-04
864	1.96E-03
107	0.00E+00
45	2.15E-04
2302	0.00E+00
2303	0.00E+00
2305	2.20E-05
2306	7.78E-05
2304	0.00E+00
2354	1.36E-04
2368	0.00E+00
2357	9.96E-05
2160	0.00E+00
589	1.50E-04
422	2.27E-04
648	0.00E+00
884	8.46E-04
739	0.00E+00
737	0.00E+00
738	0.00E+00
2321	0.00E+00
1977	1.07E-04
899	0.00E+00
1978	0.00E+00
1210	1.07E-03
1068	0.00E+00
1067	0.00E+00
1066	0.00E+00
1065	0.00E+00
1064	0.00E+00
1063	0.00E+00
1069	0.00E+00
1982	6.92E-04
1983	1.17E-05
228	2.10E-05
1117	0.00E+00
1754	6.54E-05
3620	4.36E-05
3619	1.51E-05
1367	0.00E+00
1366	0.00E+00
1365	0.00E+00
1364	0.00E+00
1363	0.00E+00
1362	3.99E-04
1360	0.00E+00
2011	1.23E-04
2081	1.38E-04
2040	8.37E-05
742	5.07E-04
741	0.00E+00
740	0.00E+00
36	0.00E+00
35	0.00E+00
2061	5.51E-04
710	2.37E-04
711	0.00E+00
712	4.79E-05
1174	1.24E-03
1169	1.72E-04
1170	1.04E-05
1173	0.00E+00
1168	0.00E+00
1167	1.00E-04
2646	0.00E+00
2655	0.00E+00
2647	1.22E-05
2654	0.00E+00
760	7.58E-04
1696	2.24E-04
1739	2.66E-04
1683	1.87E-04
1684	2.68E-04
2054	2.80E-04
1997	2.31E-04
797	7.21E-04
798	0.00E+00
2369	1.34E-04
2329	0.00E+00
2328	0.00E+00
2330	0.00E+00
1989	0.00E+00
645	0.00E+00
2798	0.00E+00
874	1.19E-04
2031	6.83E-04
2167	1.28E-05
2166	1.47E-04
166	4.25E-04
293	4.42E-06
4284	4.06E-05
172	9.64E-05
173	2.44E-04
394	0.00E+00
198	0.00E+00
416	4.47E-04
159	1.34E-04
776	7.78E-04
455	0.00E+00
454	0.00E+00
453	0.00E+00
452	0.00E+00
451	0.00E+00
450	0.00E+00
3645	2.46E-04
1225	0.00E+00
1153	0.00E+00
2641	1.86E-03
1112	0.00E+00
2633	2.76E-04
2639	0.00E+00
1116	0.00E+00
152	3.09E-05
1238	8.10E-07
1165	0.00E+00
1086	0.00E+00
368	4.96E-05
165	3.01E-04
4078	2.52E-04
1331	1.10E-04
1497	3.55E-04
901	3.83E-05
1291	1.06E-04
1292	2.30E-04
697	5.66E-04
698	9.58E-04
9	7.80E-04
2105	6.69E-04
2104	0.00E+00
646	2.98E-04
1276	1.15E-03
1275	7.31E-04
1274	1.76E-04
1273	3.40E-04
1272	2.45E-04
777	2.70E-04
1889	2.69E-04
2200	2.86E-05
2202	7.34E-04
1941	6.96E-06
2353	1.85E-04
2203	0.00E+00
2204	2.93E-04
2205	1.46E-03
1912	2.43E-03
1913	1.99E-04
2201	5.47E-04
780	5.38E-04
2272	0.00E+00
1688	2.01E-04
779	2.42E-05
778	0.00E+00
2180	0.00E+00
167	5.17E-04
431	0.00E+00
521	1.59E-04
438	0.00E+00
1881	1.17E-05
1882	0.00E+00
1578	9.91E-06
2235	2.26E-04
1916	9.36E-04
1855	4.69E-04
1864	4.29E-04
1915	3.43E-06
1958	0.00E+00
1625	2.37E-04
2010	1.58E-05
1549	3.49E-05
1714	1.46E-03
843	3.56E-04
900	2.59E-04
898	1.27E-06
420	0.00E+00
401	0.00E+00
1649	8.73E-04
3564	3.08E-04
3563	5.50E-04
1772	3.12E-05
2037	0.00E+00
2038	1.55E-04
2036	0.00E+00
2039	1.57E-04
1995	1.02E-04
1581	1.87E-04
2084	0.00E+00
2090	3.10E-04
1156	0.00E+00
1157	0.00E+00
1155	0.00E+00
1583	0.00E+00
4151	8.52E-04
1520	4.75E-05
2637	0.00E+00
2632	0.00E+00
2709	0.00E+00
1190	1.01E-04
1501	5.66E-04
1357	1.49E-04
1295	0.00E+00
1296	0.00E+00
1297	0.00E+00
1588	4.56E-05
1600	9.69E-05
1610	0.00E+00
1503	9.04E-05
1574	7.53E-04
1061	4.35E-04
1060	4.88E-03
1587	9.34E-04
1505	3.35E-04
1611	0.00E+00
1510	2.33E-04
1268	7.57E-04
848	9.63E-04
847	7.26E-05
846	4.56E-05
845	1.21E-06
844	1.80E-04
1109	0.00E+00
1821	2.05E-04
456	0.00E+00
513	5.06E-04
2270	0.00E+00
1361	7.07E-05
1911	9.88E-05
1910	0.00E+00
992	0.00E+00
3424	0.00E+00
2024	0.00E+00
592	3.63E-04
84	0.00E+00
85	0.00E+00
83	1.91E-04
1732	0.00E+00
406	0.00E+00
2157	7.54E-06
2158	2.50E-04
1833	9.20E-05
1198	2.74E-04
1199	8.41E-04
1227	3.57E-05
1192	3.35E-04
377	5.29E-04
1191	1.19E-03
1647	0.00E+00
1422	1.47E-03
2297	0.00E+00
2296	0.00E+00
2294	0.00E+00
2292	0.00E+00
2295	0.00E+00
2293	0.00E+00
1211	1.95E-05
429	0.00E+00
160	7.07E-04
2213	7.09E-05
147	1.11E-04
3449	1.85E-04
53	0.00E+00
52	0.00E+00
57	2.24E-04
55	0.00E+00
54	0.00E+00
58	0.00E+00
56	0.00E+00
1636	0.00E+00
1637	0.00E+00
805	5.50E-04
804	2.90E-04
1642	0.00E+00
88	1.06E-04
806	1.33E-04
2046	3.47E-04
2066	1.22E-03
2049	5.45E-04
2052	1.44E-03
2050	5.26E-04
2048	3.36E-04
2056	7.06E-04
2041	5.52E-04
2079	0.00E+00
2080	0.00E+00
2062	3.41E-04
770	2.76E-05
2053	6.11E-05
1290	1.25E-04
1426	1.03E-03
2274	2.20E-04
1470	2.00E-05
1466	2.22E-04
1489	0.00E+00
1337	0.00E+00
1338	7.01E-06
1339	0.00E+00
1469	0.00E+00
1468	4.04E-05
1467	8.59E-05
1400	0.00E+00
908	2.53E-03
907	1.82E-04
906	1.64E-04
905	3.08E-04
904	5.33E-05
910	0.00E+00
909	0.00E+00
821	0.00E+00
822	1.84E-05
658	2.12E-03
664	4.37E-04
661	3.25E-05
663	6.02E-05
660	5.49E-05
662	2.26E-05
659	1.86E-04
785	3.60E-04
1087	1.87E-05
1418	5.93E-04
408	4.26E-04
642	5.61E-04
640	6.05E-04
641	1.72E-04
704	1.98E-04
1214	0.00E+00
569	0.00E+00
567	0.00E+00
571	0.00E+00
572	3.25E-04
568	0.00E+00
573	5.19E-05
574	0.00E+00
575	0.00E+00
570	0.00E+00
426	0.00E+00
1575	0.00E+00
1257	0.00E+00
1258	0.00E+00
2664	0.00E+00
1259	0.00E+00
1841	1.72E-04
1805	8.30E-04
1280	7.58E-05
1424	7.85E-05
1125	0.00E+00
1126	1.03E-05
1127	0.00E+00
1128	0.00E+00
1129	2.76E-04
1130	0.00E+00
1131	1.20E-04
1132	0.00E+00
1133	0.00E+00
1134	0.00E+00
1135	0.00E+00
1136	0.00E+00
1124	0.00E+00
1123	0.00E+00
467	0.00E+00
468	3.73E-04
469	1.93E-04
470	0.00E+00
471	2.02E-04
472	0.00E+00
475	0.00E+00
476	0.00E+00
477	0.00E+00
478	0.00E+00
1181	4.86E-04
1182	0.00E+00
1183	5.80E-06
479	0.00E+00
480	0.00E+00
481	0.00E+00
482	0.00E+00
483	0.00E+00
484	0.00E+00
485	4.62E-05
473	0.00E+00
474	0.00E+00
1180	1.02E-04
3414	0.00E+00
1773	8.37E-06
3930	0.00E+00
140	4.60E-04
26	7.43E-05
2277	0.00E+00
2340	1.83E-05
2291	0.00E+00
2331	5.74E-04
2284	0.00E+00
2350	0.00E+00
1473	2.35E-04
1496	6.92E-05
1495	0.00E+00
1494	0.00E+00
1493	0.00E+00
1676	2.11E-04
48	6.16E-05
762	0.00E+00
1358	0.00E+00
1260	0.00E+00
1261	6.59E-05
878	0.00E+00
877	4.04E-04
876	3.92E-04
4117	1.95E-04
116	0.00E+00
115	6.26E-05
117	0.00E+00
1100	0.00E+00
749	7.04E-04
1076	2.60E-04
1216	0.00E+00
1073	2.58E-03
1209	1.08E-04
1113	2.75E-06
1072	0.00E+00
1233	3.50E-04
1075	3.15E-04
1074	7.78E-05
1215	1.36E-04
1217	2.06E-04
1077	7.57E-04
70	0.00E+00
71	7.72E-04
72	4.00E-04
69	0.00E+00
794	3.17E-04
74	8.40E-05
73	5.98E-04
1344	9.34E-05
1492	6.64E-04
1343	0.00E+00
134	6.46E-04
1802	0.00E+00
2196	5.82E-05
786	3.93E-04
2197	5.35E-04
2240	0.00E+00
2148	0.00E+00
24	1.11E-07
2165	0.00E+00
22	1.18E-04
2134	1.48E-04
799	1.88E-04
75	3.64E-05
46	0.00E+00
23	0.00E+00
28	6.24E-05
1352	3.12E-03
1330	1.69E-05
1329	0.00E+00
753	0.00E+00
752	0.00E+00
751	3.65E-04
42	0.00E+00
40	0.00E+00
41	0.00E+00
44	0.00E+00
43	8.29E-06
5	0.00E+00
2115	3.24E-04
3638	4.25E-04
2208	0.00E+00
2211	0.00E+00
2210	7.36E-05
2183	9.99E-04
2212	0.00E+00
1895	5.56E-04
1062	0.00E+00
2355	5.64E-04
1591	4.83E-04
1590	0.00E+00
2116	0.00E+00
2218	3.32E-04
81	1.38E-04
80	0.00E+00
79	0.00E+00
2254	0.00E+00
532	1.12E-04
535	6.75E-04
533	2.57E-04
531	1.47E-03
517	1.71E-04
534	0.00E+00
51	0.00E+00
2242	5.90E-05
2243	4.86E-05
1963	1.29E-03
1918	3.40E-05
1865	6.54E-05
1753	1.18E-04
1961	0.00E+00
682	2.01E-03
2111	0.00E+00
1962	1.84E-05
681	8.56E-05
680	1.05E-04
1693	1.98E-04
1374	9.23E-05
1375	3.64E-06
1376	7.44E-05
1450	7.05E-04
1449	3.48E-05
882	9.47E-04
1448	0.00E+00
2252	6.83E-04
2172	1.01E-04
1447	0.00E+00
765	1.21E-03
4126	2.57E-04
1281	6.67E-03
2231	2.00E-04
2232	4.94E-04
2233	8.45E-05
667	2.73E-04
666	3.32E-04
665	3.83E-04
892	1.87E-04
855	5.61E-04
1735	3.16E-04
861	0.00E+00
862	4.85E-04
860	0.00E+00
1917	9.45E-04
1812	1.73E-04
1811	1.14E-03
415	4.13E-04
2026	3.23E-04
1356	4.00E-04
2237	0.00E+00
912	0.00E+00
2238	0.00E+00
823	4.70E-05
825	1.08E-03
824	0.00E+00
125	0.00E+00
2146	5.96E-04
2356	4.70E-05
92	6.23E-05
1293	8.02E-04
4283	4.16E-05
164	1.68E-05
1455	5.86E-05
1988	4.01E-05
1764	0.00E+00
1653	0.00E+00
373	8.07E-04
2314	0.00E+00
2316	6.65E-05
2358	5.77E-05
2345	7.55E-04
2347	7.45E-05
1992	2.67E-04
2219	2.67E-04
2323	0.00E+00
2019	6.00E-04
2020	2.82E-04
1986	6.46E-04
583	6.83E-04
222	0.00E+00
61	0.00E+00
63	0.00E+00
1555	2.56E-04
1585	9.20E-04
4006	0.00E+00
4005	0.00E+00
4007	4.69E-05
2152	1.17E-04
1523	1.91E-04
2319	7.06E-05
2286	9.42E-06
2363	0.00E+00
2362	2.18E-05
2375	0.00E+00
2342	0.00E+00
2290	0.00E+00
2320	9.55E-04
2285	4.55E-05
2318	0.00E+00
2365	1.09E-04
2361	8.31E-05
2360	1.47E-04
1614	0.00E+00
1208	7.79E-04
1837	5.43E-04
1836	9.15E-04
1835	2.31E-04
388	6.52E-04
1686	1.40E-04
1769	2.74E-05
1770	1.53E-04
1541	0.00E+00
1522	8.35E-04
464	4.32E-05
465	0.00E+00
1905	8.78E-05
1903	1.58E-04
1902	4.93E-04
1901	8.67E-04
1906	3.24E-04
1900	1.77E-03
1904	2.65E-05
1907	2.75E-04
768	7.60E-04
1899	0.00E+00
767	0.00E+00
766	0.00E+00
2174	4.24E-04
1737	1.05E-04
409	3.63E-04
1401	1.97E-04
1530	0.00E+00
1531	1.21E-03
404	1.20E-05
403	4.84E-05
1800	1.07E-03
814	0.00E+00
815	0.00E+00
816	0.00E+00
820	9.13E-06
1513	1.34E-04
1525	8.44E-05
1606	2.19E-05
1612	4.43E-05
1545	1.31E-05
1987	1.77E-04
1627	0.00E+00
1616	6.27E-05
1694	2.06E-04
1194	7.65E-04
1608	3.19E-04
1668	0.00E+00
1607	6.91E-04
1143	0.00E+00
1228	7.11E-06
1229	2.49E-04
1232	3.35E-04
1823	2.52E-04
1059	0.00E+00
1099	2.98E-03
1162	5.66E-04
1672	7.04E-04
1120	0.00E+00
1235	0.00E+00
405	9.75E-05
1599	1.80E-03
1508	1.99E-03
1300	4.21E-05
1301	0.00E+00
1302	0.00E+00
1303	0.00E+00
1304	0.00E+00
1305	0.00E+00
1435	2.65E-04
1434	1.41E-04
1433	1.70E-04
1432	0.00E+00
1431	0.00E+00
1430	0.00E+00
1429	0.00E+00
1412	0.00E+00
1411	8.08E-06
1410	9.48E-04
1409	1.34E-05
1408	2.17E-04
1407	0.00E+00
1406	2.81E-06
1405	0.00E+00
3717	0.00E+00
1479	4.92E-04
1478	0.00E+00
1404	0.00E+00
1413	0.00E+00
1414	6.67E-06
1415	0.00E+00
1416	9.07E-05
1417	0.00E+00
253	4.48E-05
1846	0.00E+00
1746	0.00E+00
82	0.00E+00
1316	2.70E-03
1570	3.63E-05
2258	0.00E+00
1670	7.06E-05
1955	4.63E-04
1944	5.63E-04
1957	2.66E-03
1954	6.40E-04
1953	6.91E-04
1950	4.44E-04
1951	2.80E-04
1863	0.00E+00
1862	0.00E+00
1949	0.00E+00
1952	4.92E-04
1943	0.00E+00
1956	2.57E-04
1071	1.26E-04
1187	1.08E-05
1697	4.42E-04
1763	7.81E-04
1721	5.04E-03
310	9.64E-04
316	8.75E-04
318	9.00E-04
362	1.11E-03
384	9.69E-04
393	8.76E-04
309	1.13E-03
315	9.13E-04
317	8.14E-04
337	1.40E-03
361	1.51E-03
385	1.12E-03
374	0.00E+00
389	0.00E+00
323	4.33E-04
2289	0.00E+00
2351	8.90E-05
1160	3.58E-05
1234	7.13E-04
2241	1.26E-04
719	3.34E-04
97	0.00E+00
880	4.26E-05
673	4.90E-04
672	0.00E+00
671	1.03E-05
136	0.00E+00
135	5.54E-05
457	6.38E-05
441	0.00E+00
556	2.21E-04
557	0.00E+00
2209	0.00E+00
76	0.00E+00
819	2.76E-04
637	7.56E-04
784	1.18E-03
1070	1.04E-04
869	7.58E-04
10	0.00E+00
12	4.59E-05
647	0.00E+00
11	1.94E-04
891	4.75E-05
1535	0.00E+00
4286	6.22E-05
1454	0.00E+00
1453	0.00E+00
1267	0.00E+00
1326	8.41E-05
1738	1.13E-04
783	0.00E+00
1859	1.03E-03
1858	8.47E-04
1857	1.02E-03
1856	6.72E-04
1860	1.10E-04
1861	0.00E+00
1690	2.74E-04
169	1.15E-04
2070	8.82E-06
1540	0.00E+00
1557	2.11E-03
2298	0.00E+00
2299	0.00E+00
339	0.00E+00
830	8.75E-05
831	6.51E-05
833	1.67E-04
835	1.22E-03
834	3.38E-04
832	1.44E-04
853	5.57E-04
668	1.16E-03
699	6.41E-05
133	8.67E-04
1265	9.42E-04
1849	0.00E+00
466	1.80E-03
411	2.24E-04
412	7.62E-06
402	3.35E-04
410	7.37E-04
1389	7.87E-05
2140	1.87E-03
635	4.20E-04
1925	5.13E-04
1973	2.13E-03
761	1.03E-03
1926	0.00E+00
1749	4.42E-04
1832	0.00E+00
130	6.08E-05
102	2.50E-04
889	2.47E-04
888	1.64E-04
887	0.00E+00
33	0.00E+00
890	0.00E+00
118	9.54E-06
94	3.60E-05
93	1.29E-04
101	1.41E-04
95	7.03E-05
735	3.50E-04
34	1.03E-03
18	4.41E-05
31	1.08E-04
743	4.57E-04
744	3.84E-04
745	3.54E-04
1673	5.74E-06
1151	0.00E+00
1152	0.00E+00
1150	0.00E+00
3739	9.00E-05
1088	2.49E-04
1624	4.81E-04
1667	1.12E-04
1666	0.00E+00
1665	7.34E-06
1110	0.00E+00
2651	0.00E+00
1442	9.10E-04
652	8.55E-04
653	2.47E-04
1245	0.00E+00
1118	1.22E-04
1119	0.00E+00
121	7.75E-04
897	1.22E-04
120	5.74E-05
2367	0.00E+00
2335	0.00E+00
2334	0.00E+00
2336	0.00E+00
2333	0.00E+00
2337	2.20E-04
2366	1.01E-04
499	7.81E-05
1085	6.47E-04
1971	1.96E-03
1965	8.13E-04
1929	1.52E-04
1960	2.47E-03
2253	1.13E-04
1729	2.25E-04
1972	1.21E-04
1964	1.39E-04
2216	1.10E-03
1966	0.00E+00
1959	3.93E-05
1526	0.00E+00
758	2.81E-04
759	4.24E-04
757	1.25E-04
903	5.55E-06
13	0.00E+00
15	0.00E+00
1834	4.63E-04
1139	2.71E-04
1138	1.05E-03
1137	1.04E-05
1592	6.09E-05
30	1.98E-04
510	3.16E-04
509	2.32E-04
2307	3.09E-04
2308	0.00E+00
2309	2.69E-04
2310	0.00E+00
2311	6.39E-05
2364	0.00E+00
677	0.00E+00
678	0.00E+00
679	0.00E+00
676	1.05E-05
1519	4.38E-04
2313	3.77E-05
2312	6.77E-05
2276	0.00E+00
754	0.00E+00
755	2.06E-04
756	0.00E+00
1240	4.15E-03
1239	2.59E-03
1176	0.00E+00
1175	9.19E-05
397	0.00E+00
530	2.86E-04
407	3.81E-04
433	1.83E-04
432	0.00E+00
528	2.35E-04
527	3.21E-05
526	0.00E+00
2169	0.00E+00
1609	6.39E-05
2230	5.12E-06
700	3.66E-04
1164	1.11E-04
1213	1.15E-04
1842	0.00E+00
702	1.97E-04
852	1.28E-03
104	5.86E-05
105	1.69E-04
808	0.00E+00
1114	1.27E-05
2945	0.00E+00
1701	0.00E+00
522	8.80E-04
564	6.41E-05
400	1.19E-04
398	2.92E-05
395	6.67E-05
396	8.00E-05
399	5.44E-05
563	5.07E-05
1568	0.00E+00
1603	6.90E-04
1580	0.00E+00
1567	0.00E+00
1985	0.00E+00
1571	8.17E-05
1121	0.00E+00
1122	0.00E+00
229	3.30E-05
2301	1.05E-04
2344	5.02E-04
2280	0.00E+00
2326	4.09E-04
2378	0.00E+00
2127	0.00E+00
2128	1.91E-06
2126	9.01E-05
2125	1.74E-04
669	5.47E-03
525	5.08E-06
524	5.16E-04
1372	0.00E+00
1369	1.35E-05
1368	0.00E+00
1373	0.00E+00
1371	3.95E-05
1370	1.88E-05
1319	0.00E+00
1320	0.00E+00
1322	7.00E-06
1321	0.00E+00
713	1.75E-05
1317	0.00E+00
1359	0.00E+00
1392	2.09E-04
1336	3.01E-05
1332	0.00E+00
1333	0.00E+00
1318	1.40E-05
1334	5.54E-06
1335	0.00E+00
1315	0.00E+00
2021	5.07E-04
1518	0.00E+00
1105	4.09E-04
1635	4.79E-05
329	0.00E+00
330	2.02E-04
633	1.06E-03
709	7.14E-04
634	4.32E-04
836	5.98E-06
837	0.00E+00
838	0.00E+00
839	0.00E+00
840	0.00E+00
1443	0.00E+00
1445	0.00E+00
1444	0.00E+00
91	0.00E+00
588	5.08E-04
586	1.45E-03
584	3.25E-04
587	6.54E-03
327	1.04E-03
359	8.11E-05
328	3.72E-04
2012	4.29E-04
2013	3.21E-04
2032	3.52E-04
2198	2.19E-04
2199	0.00E+00
2275	0.00E+00
1482	3.54E-04
1483	3.89E-06
1484	0.00E+00
1485	4.23E-05
1486	0.00E+00
1487	0.00E+00
1488	0.00E+00
1628	0.00E+00
2159	0.00E+00
1388	5.13E-05
1387	1.21E-04
1386	1.81E-04
1385	2.10E-04
1384	7.62E-05
1383	1.23E-04
1382	7.08E-05
1381	1.98E-04
1380	0.00E+00
1379	9.78E-05
1378	2.90E-04
1377	1.88E-04
772	1.21E-04
800	9.95E-06
1651	2.30E-04
1620	1.38E-05
1660	5.17E-04
4057	5.66E-04
4056	1.51E-04
4079	2.67E-04
364	0.00E+00
1534	0.00E+00
448	1.01E-03
495	5.26E-04
442	0.00E+00
161	2.41E-05
428	2.21E-02
437	0.00E+00
714	8.73E-04
715	0.00E+00
716	1.19E-04
717	5.31E-05
718	3.24E-04
251	0.00E+00
2440	0.00E+00
1141	0.00E+00
1148	2.61E-06
145	0.00E+00
1246	0.00E+00
1177	2.72E-05
1178	6.18E-05
168	2.10E-04
2352	0.00E+00
2327	8.70E-05
2317	0.00E+00
435	4.93E-04
2283	0.00E+00
2282	0.00E+00
2281	3.10E-04
812	6.24E-04
1572	2.68E-04
1573	1.14E-04
494	7.19E-05
2236	1.50E-04
1745	1.97E-05
1615	5.74E-04
1262	0.00E+00
2278	0.00E+00
2341	3.12E-05
2324	7.15E-05
2343	0.00E+00
1845	2.01E-04
1679	2.56E-04
1831	4.06E-04
1703	2.01E-05
1751	0.00E+00
1820	6.92E-05
1708	0.00E+00
178	0.00E+00
1471	1.98E-06
1349	1.54E-04
1298	0.00E+00
1299	1.70E-03
1476	0.00E+00
1475	0.00E+00
2688	2.57E-04
1480	4.81E-04
1427	8.24E-04
19	5.52E-04
2055	0.00E+00
2063	0.00E+00
1920	6.44E-04
1919	0.00E+00
1718	0.00E+00
657	3.70E-04
1717	4.00E-04
1716	2.47E-03
4172	1.42E-04
4171	8.77E-04
895	0.00E+00
894	0.00E+00
893	0.00E+00
2269	0.00E+00
2268	0.00E+00
2267	0.00E+00
2266	0.00E+00
2265	0.00E+00
2264	0.00E+00
2263	0.00E+00
2262	0.00E+00
2261	0.00E+00
2260	0.00E+00
2259	0.00E+00
4169	6.86E-04
2108	6.55E-04
131	0.00E+00
417	0.00E+00
2145	0.00E+00
138	1.11E-04
137	6.53E-04
132	0.00E+00
163	0.00E+00
2300	0.00E+00
1517	0.00E+00
343	0.00E+00
1577	0.00E+00
841	7.76E-04
803	2.53E-04
2250	0.00E+00
2251	0.00E+00
2083	4.98E-06
2074	1.01E-04
2047	1.00E-04
1843	0.00E+00
1188	5.57E-05
2315	1.30E-04
1650	0.00E+00
2151	1.52E-03
2150	8.24E-04
675	1.64E-04
1597	9.23E-04
1499	1.31E-04
708	7.88E-05
707	0.00E+00
706	4.59E-05
705	4.87E-04
670	2.35E-04
687	4.48E-04
688	3.54E-05
689	4.38E-05
690	0.00E+00
25	1.71E-04
2273	9.96E-04
1477	1.60E-03
2650	0.00E+00
2649	1.47E-06
2648	0.00E+00
2631	0.00E+00
1807	3.53E-04
1687	1.11E-03
1819	0.00E+00
2186	1.22E-03
2154	5.39E-05
2187	9.30E-05
2634	1.45E-04
2635	1.74E-03
1725	0.00E+00
1710	0.00E+00
1750	2.91E-04
1848	3.68E-04
1678	4.73E-04
1598	1.20E-03
1605	3.69E-04
1509	1.57E-04
2234	1.29E-04
1018	3.23E-03
1809	2.94E-04
1771	6.11E-05
1867	1.11E-03
1866	8.76E-04
1870	0.00E+00
896	4.14E-04
1677	1.08E-04
787	1.40E-04
788	0.00E+00
1197	1.42E-04
2002	1.07E-03
2086	6.38E-04
817	0.00E+00
2109	0.00E+00
345	2.28E-04
346	0.00E+00
347	0.00E+00
348	0.00E+00
349	6.66E-05
344	0.00E+00
2069	6.11E-04
2078	0.00E+00
866	0.00E+00
865	0.00E+00
867	3.03E-04
868	1.03E-04
50	6.60E-04
1709	2.02E-04
1748	1.23E-03
1726	3.55E-04
883	1.38E-04
703	8.50E-04
774	5.08E-04
775	7.69E-04
810	5.52E-05
811	5.00E-05
795	2.43E-05
1051	0.00E+00
2030	6.39E-04
2001	1.94E-04
2015	1.29E-03
2028	7.58E-04
1994	4.35E-04
2014	9.76E-04
2029	7.33E-04
1993	9.34E-05
2022	0.00E+00
2017	5.38E-04
2018	1.07E-04
2007	2.10E-04
2008	4.24E-04
2003	3.13E-04
1880	0.00E+00
701	5.71E-04
1354	2.82E-04
1346	2.88E-04
2034	6.13E-05
1999	8.48E-04
1998	6.65E-05
2025	0.00E+00
2005	1.14E-04
2207	1.52E-04
2091	0.00E+00
2033	0.00E+00
2035	0.00E+00
1481	1.44E-04
1681	8.71E-05
352	0.00E+00
1226	0.00E+00
4085	1.52E-04
1762	0.00E+00
871	8.54E-04
873	2.82E-06
872	0.00E+00
870	1.79E-03
108	0.00E+00
109	0.00E+00
486	3.69E-05
496	0.00E+00
497	4.20E-04
413	3.45E-05
1566	2.99E-04
1644	0.00E+00
1645	3.60E-04
1643	1.60E-03
1626	0.00E+00
1586	0.00E+00
1584	6.21E-04
1646	2.31E-04
1562	7.11E-04
1559	0.00E+00
1596	9.48E-05
1511	2.76E-05
1536	2.42E-04
153	2.92E-04
141	0.00E+00
3229	0.00E+00
1154	1.94E-04
3228	0.00E+00
1593	3.60E-04
551	1.68E-06
544	1.45E-04
542	1.14E-04
543	1.12E-04
554	0.00E+00
562	2.32E-04
550	0.00E+00
549	0.00E+00
546	0.00E+00
545	2.18E-04
553	0.00E+00
555	0.00E+00
552	0.00E+00
548	9.03E-05
547	0.00E+00
2162	0.00E+00
2164	0.00E+00
2161	0.00E+00
2163	0.00E+00
489	0.00E+00
488	2.20E-04
558	9.33E-05
2245	0.00E+00
2244	0.00E+00
2246	0.00E+00
2247	0.00E+00
561	0.00E+00
560	6.59E-05
111	4.72E-04
112	8.24E-06
110	0.00E+00
114	0.00E+00
113	2.11E-04
879	0.00E+00
1657	4.82E-04
1623	1.17E-04
1659	4.33E-03
1658	7.04E-04
4034	6.13E-05
3992	6.95E-05
2883	0.00E+00
2810	0.00E+00
3173	7.93E-04
2322	0.00E+00
2349	0.00E+00
2287	0.00E+00
2325	0.00E+00
2288	0.00E+00
1847	0.00E+00
1706	0.00E+00
1695	0.00E+00
1712	0.00E+00
579	6.15E-04
434	0.00E+00
1704	2.46E-05
1512	0.00E+00
1533	1.00E-03
1560	0.00E+00
1543	1.88E-05
1524	1.76E-03
1504	4.43E-05
1502	2.04E-05
2124	0.00E+00
1589	8.65E-05
1539	0.00E+00
1613	4.58E-04
1446	0.00E+00
1582	0.00E+00
1425	1.22E-04
119	3.31E-05
1491	6.25E-05
1828	9.14E-04
1795	1.66E-03
1798	8.58E-04
1797	1.49E-03
1786	1.82E-03
1783	1.04E-03
1840	1.41E-04
1829	1.94E-03
1827	7.47E-04
1830	1.45E-03
1768	3.32E-03
1788	1.33E-03
1779	8.51E-04
1791	4.18E-04
1774	4.43E-04
1782	1.12E-03
1740	4.54E-03
1719	6.28E-04
1766	1.43E-03
1793	4.04E-04
1796	1.21E-03
1787	5.13E-04
1730	1.11E-03
1765	2.13E-04
1816	4.10E-04
1790	1.86E-04
1780	1.57E-06
1824	6.73E-04
1707	5.56E-04
1815	1.97E-05
1817	8.47E-05
1720	7.08E-04
1778	8.48E-05
1652	2.14E-03
1661	1.35E-04
1662	1.05E-04
1648	1.45E-03
151	9.43E-04
1654	5.14E-05
155	7.15E-04
1641	1.18E-04
1655	7.03E-05
1700	6.43E-03
1674	1.52E-03
1792	1.63E-03
1775	2.48E-03
1781	2.49E-03
1838	5.96E-04
1803	1.49E-03
1784	1.29E-03
1767	1.29E-03
1799	1.94E-03
1776	1.59E-03
1804	1.39E-03
1777	1.01E-03
1785	9.09E-04
1760	4.26E-04
1742	1.47E-04
1789	1.32E-04
1839	3.67E-04
1794	7.29E-04
1669	6.60E-04
1756	1.93E-04
1713	1.12E-04
150	1.26E-03
149	3.45E-04
148	0.00E+00
143	3.10E-04
142	0.00E+00
221	5.10E-04
144	4.75E-04
1547	3.54E-05
1546	7.03E-05
1548	0.00E+00
1185	1.52E-04
725	3.48E-04
724	0.00E+00
723	0.00E+00
722	0.00E+00
721	1.47E-05
1632	8.47E-05
1618	0.00E+00
1619	7.37E-05
2073	3.73E-04
1093	1.75E-04
2642	0.00E+00
881	5.76E-05
1898	4.44E-06
1923	6.15E-05
793	1.31E-04
1284	7.24E-04
1285	1.16E-04
1282	3.88E-05
1283	0.00E+00
1179	5.31E-05
638	1.04E-04
854	6.26E-05
649	9.20E-04
885	1.31E-04
650	1.33E-04
809	1.84E-03
1814	1.23E-04
1813	8.28E-04
1723	2.05E-04
1515	3.97E-04
1927	4.70E-03
1980	4.92E-04
1876	6.95E-04
1699	2.72E-04
2968	0.00E+00
2147	7.63E-04
2525	0.00E+00
6	0.00E+00
353	0.00E+00
536	0.00E+00
576	8.22E-05
1806	3.17E-04
3945	0.00E+00
3928	0.00E+00
3929	0.00E+00
3927	8.70E-06
4280	1.14E-05
508	1.21E-04
3672	2.89E-04
1850	0.00E+00
2944	0.00E+00
1231	8.45E-04
1159	1.92E-04
1158	0.00E+00
1758	0.00E+00
1711	9.07E-05
171	0.00E+00
170	4.46E-05
2215	4.14E-04
2214	0.00E+00
2217	4.03E-05
2088	9.21E-04
2089	1.44E-03
2130	0.00E+00
2149	2.42E-04
162	9.44E-05
1656	8.76E-04
1724	4.69E-04
3792	1.31E-04
789	9.40E-07
790	0.00E+00
791	0.00E+00
60	0.00E+00
62	0.00E+00
1639	2.13E-04
1602	0.00E+00
2188	0.00E+00
2644	0.00E+00
158	6.60E-04
157	1.11E-04
1565	5.05E-04
1286	3.31E-04
1287	5.05E-04
1288	3.15E-04
1289	1.34E-04
1203	5.70E-04
2653	0.00E+00
146	1.63E-04
1115	0.00E+00
2630	2.54E-04
2645	3.35E-05
3743	1.59E-05
1579	0.00E+00
1256	3.35E-04
1474	0.00E+00
1171	2.28E-04
1172	7.72E-04
2279	0.00E+00
1931	2.36E-04
1930	0.00E+00
807	3.77E-05
1932	0.00E+00
1942	0.00E+00
2004	0.00E+00
1145	0.00E+00
1146	0.00E+00
2045	0.00E+00
2043	0.00E+00
1682	2.12E-04
1230	1.26E-04
2374	0.00E+00
2373	0.00E+00
2372	0.00E+00
2371	0.00E+00
2370	0.00E+00
2791	0.00E+00
1852	8.69E-04
1853	1.59E-04
1854	1.44E-04
1851	2.66E-03
1722	8.88E-04
2023	8.86E-04
1096	1.15E-03
1428	3.28E-03
1391	4.54E-04
3916	1.21E-04
2000	0.00E+00
1946	5.58E-04
863	1.04E-05
1945	0.00E+00
335	4.85E-04
336	7.34E-04
1204	1.29E-03
333	2.93E-04
334	0.00E+00
720	4.59E-04
1532	4.34E-04
1542	7.46E-04
1312	2.47E-04
1311	0.00E+00
1313	0.00E+00
1310	0.00E+00
1308	3.26E-04
1309	5.56E-05
1472	4.11E-04
1529	0.00E+00
1142	7.76E-05
321	4.69E-04
325	3.00E-04
338	2.14E-04
365	1.66E-04
312	3.01E-05
358	6.25E-05
391	0.00E+00
1140	0.00E+00
902	1.88E-04
123	1.98E-04
96	0.00E+00
1242	4.04E-05
1144	0.00E+00
813	3.53E-04
728	4.56E-05
875	2.80E-05
1825	1.29E-04
1741	3.47E-03
1883	2.49E-04
1884	1.13E-03
1885	4.89E-07
1886	4.35E-04
1887	4.50E-04
1888	1.17E-04
1981	0.00E+00
1808	2.09E-04
1733	0.00E+00
1761	6.41E-06
2359	3.16E-04
1996	1.06E-03
1675	9.07E-04
1244	3.92E-04
651	4.71E-04
1436	5.52E-05
1437	2.34E-04
4045	9.47E-05
1801	3.29E-02
1826	2.38E-02
1538	1.82E-06
1890	5.29E-04
1921	3.29E-04
1975	4.93E-04
750	6.51E-05
726	8.85E-04
1715	2.34E-03
2377	5.24E-05
1465	4.35E-05
2376	0.00E+00
2332	6.06E-05
2346	4.36E-04
2339	0.00E+00
2613	1.38E-04
2168	0.00E+00
2027	0.00E+00
828	0.00E+00
829	5.28E-05
826	2.75E-04
827	0.00E+00
2239	0.00E+00
859	0.00E+00
858	5.19E-04
857	1.55E-04
856	2.29E-04
32	2.00E-04
734	2.13E-04
1528	3.95E-04
1527	0.00E+00
1561	0.00E+00
2016	8.50E-04
782	4.50E-05
1189	1.54E-04
2113	5.43E-04
1218	1.57E-03
1601	1.12E-03
1622	2.47E-04
1630	8.81E-05
1595	1.10E-03
227	0.00E+00
86	2.73E-05
29	1.78E-05
87	6.54E-06
127	3.69E-04
128	4.44E-04
129	1.14E-04
4194	2.15E-03
585	7.58E-04
1844	8.67E-05
3780	2.15E-05
1631	0.00E+00
1908	0.00E+00
1879	1.76E-04
2179	0.00E+00
773	1.53E-04
2178	0.00E+00
2638	1.19E-03
1594	0.00E+00
1569	4.72E-05
1638	1.81E-03
1621	0.00E+00
1629	3.91E-04
99	3.87E-05
98	1.74E-04
886	5.31E-05
849	0.00E+00
850	3.38E-04
851	9.03E-05
100	3.48E-05
2657	1.29E-04
175	7.11E-04
2662	0.00E+00
2663	0.00E+00
2658	0.00E+00
2659	0.00E+00
632	8.31E-04
636	8.70E-04
2672	2.74E-04
590	1.09E-03
2380	3.90E-05
2666	2.29E-05
2670	2.44E-04
913	0.00E+00
914	5.87E-04
915	0.00E+00
2671	5.75E-04
2669	0.00E+00
2667	0.00E+00
2668	0.00E+00
2673	1.20E-03
916	0.00E+00
1500	3.18E-05
2676	0.00E+00
2675	0.00E+00
2678	6.46E-04
2680	3.54E-04
2679	0.00E+00
1671	0.00E+00
1080	0.00E+00
2683	9.64E-06
2682	2.06E-04
2381	1.96E-03
917	3.67E-05
2681	0.00E+00
2382	1.12E-04
1081	0.00E+00
1082	0.00E+00
1083	0.00E+00
1084	0.00E+00
2684	0.00E+00
918	0.00E+00
2685	1.41E-04
2686	9.72E-06
2687	3.26E-04
2699	9.38E-06
414	1.15E-03
2092	1.68E-04
577	3.40E-04
2698	0.00E+00
176	0.00E+00
591	7.57E-06
2689	0.00E+00
2697	0.00E+00
2692	1.49E-06
919	0.00E+00
2695	0.00E+00
2696	0.00E+00
2714	4.67E-04
2093	0.00E+00
177	4.46E-06
2700	0.00E+00
2383	0.00E+00
2097	4.30E-06
2705	0.00E+00
2707	0.00E+00
2708	0.00E+00
2710	3.15E-05
2711	0.00E+00
2712	0.00E+00
2706	0.00E+00
2716	0.00E+00
2717	0.00E+00
2720	0.00E+00
311	0.00E+00
2725	0.00E+00
2724	3.38E-04
2099	0.00E+00
418	0.00E+00
2100	0.00E+00
1868	0.00E+00
7	1.96E-06
179	0.00E+00
2726	0.00E+00
2727	0.00E+00
180	0.00E+00
2730	0.00E+00
2731	3.45E-05
2732	0.00E+00
2733	8.61E-06
2101	6.08E-04
2734	0.00E+00
2735	0.00E+00
181	6.00E-05
2736	5.52E-04
2737	0.00E+00
2738	0.00E+00
2748	0.00E+00
2778	0.00E+00
2775	0.00E+00
2776	0.00E+00
2781	0.00E+00
2779	0.00E+00
2771	2.87E-05
2777	0.00E+00
421	0.00E+00
2785	2.65E-04
2786	0.00E+00
2782	0.00E+00
2390	9.34E-04
2787	0.00E+00
2800	4.87E-04
2806	2.38E-04
2044	1.91E-05
2788	0.00E+00
2797	1.64E-03
2804	5.42E-04
654	5.22E-04
2805	0.00E+00
322	0.00E+00
656	0.00E+00
595	5.79E-04
2811	5.01E-07
2813	0.00E+00
2821	8.06E-06
2119	0.00E+00
1104	0.00E+00
2842	0.00E+00
2822	0.00E+00
2823	0.00E+00
934	0.00E+00
2847	0.00E+00
932	3.07E-04
2844	0.00E+00
933	8.93E-05
2121	2.47E-05
2862	0.00E+00
2863	0.00E+00
2859	1.06E-04
2861	3.91E-04
2860	1.38E-05
2856	0.00E+00
2858	0.00E+00
2857	0.00E+00
935	5.22E-04
1692	3.21E-06
596	6.83E-05
2882	0.00E+00
2884	0.00E+00
2886	0.00E+00
1516	0.00E+00
2880	0.00E+00
2881	2.08E-04
2887	0.00E+00
21	6.14E-04
2892	2.42E-04
1108	0.00E+00
2891	0.00E+00
2893	1.92E-04
2135	7.26E-05
2898	0.00E+00
2137	6.49E-04
200	5.44E-05
2136	1.81E-04
2906	0.00E+00
2404	0.00E+00
2405	4.96E-05
2912	0.00E+00
2905	0.00E+00
2908	1.12E-04
2907	0.00E+00
1875	1.85E-04
2928	0.00E+00
2934	0.00E+00
944	0.00E+00
2418	0.00E+00
2939	0.00E+00
1521	3.42E-04
2935	1.92E-06
2419	0.00E+00
2943	2.06E-06
205	0.00E+00
1250	0.00E+00
2421	0.00E+00
948	1.20E-03
2964	8.09E-04
2970	0.00E+00
2971	0.00E+00
2957	0.00E+00
2958	0.00E+00
2972	0.00E+00
2141	0.00E+00
2981	7.53E-04
3002	0.00E+00
3007	0.00E+00
3011	0.00E+00
3013	3.58E-04
3001	6.30E-06
3012	0.00E+00
2427	0.00E+00
3009	0.00E+00
3003	0.00E+00
2999	0.00E+00
3050	0.00E+00
3032	7.08E-05
3031	0.00E+00
3030	1.30E-04
3015	0.00E+00
3014	0.00E+00
3020	0.00E+00
3048	0.00E+00
3068	0.00E+00
2432	0.00E+00
3080	3.78E-05
3078	2.11E-03
949	0.00E+00
3075	1.54E-04
3085	3.09E-04
3076	0.00E+00
3083	1.15E-06
3084	1.41E-04
3077	1.85E-05
3081	0.00E+00
599	4.80E-04
3089	2.19E-04
3090	1.14E-04
3091	1.91E-05
458	0.00E+00
3092	0.00E+00
600	1.51E-04
3093	0.00E+00
3100	6.47E-05
3088	3.78E-04
2436	0.00E+00
3096	4.26E-04
3099	1.25E-04
3097	4.92E-05
3094	0.00E+00
3095	2.75E-04
3104	9.27E-05
3102	0.00E+00
3109	1.04E-04
3113	3.57E-04
3120	0.00E+00
3121	6.15E-06
954	0.00E+00
3149	0.00E+00
3152	0.00E+00
2452	0.00E+00
3153	0.00E+00
961	0.00E+00
3174	2.16E-05
3177	3.35E-06
3155	2.33E-04
3160	0.00E+00
963	2.72E-05
3189	8.71E-05
3188	0.00E+00
3179	1.48E-04
3181	2.59E-04
1149	2.46E-05
3206	5.97E-05
3207	2.17E-04
3208	3.87E-04
3209	2.65E-04
3210	3.66E-05
3211	0.00E+00
3196	0.00E+00
3234	0.00E+00
3235	0.00E+00
3236	0.00E+00
3237	6.64E-05
3238	4.02E-05
2465	4.81E-05
3266	0.00E+00
223	0.00E+00
969	0.00E+00
3277	1.70E-03
3280	3.28E-04
3306	4.04E-04
2468	0.00E+00
2153	0.00E+00
3307	0.00E+00
3302	9.76E-04
3335	2.93E-04
3336	2.49E-04
3320	5.45E-05
3337	6.70E-04
3366	0.00E+00
3390	4.82E-04
3394	8.97E-06
3395	7.71E-04
3386	2.91E-05
3387	1.42E-05
3388	0.00E+00
3371	1.24E-04
3393	3.90E-04
3375	0.00E+00
3389	2.19E-04
3391	3.75E-04
3410	1.96E-04
3413	0.00E+00
3396	2.14E-04
3397	3.82E-05
3411	0.00E+00
3404	0.00E+00
3409	2.97E-05
3406	4.03E-05
3430	5.26E-06
3415	2.90E-06
3416	1.09E-04
3417	0.00E+00
3418	1.85E-05
3429	2.90E-05
3431	0.00E+00
3460	2.31E-04
487	0.00E+00
3461	9.17E-06
3462	2.56E-04
975	1.57E-04
2482	0.00E+00
3473	1.03E-03
3472	3.93E-06
3471	3.04E-04
3468	2.50E-04
3467	5.82E-05
2479	0.00E+00
3466	1.80E-04
2478	0.00E+00
3463	0.00E+00
2485	0.00E+00
1251	0.00E+00
233	0.00E+00
492	0.00E+00
3496	7.45E-04
1252	0.00E+00
493	0.00E+00
3497	6.25E-05
3498	1.83E-03
3499	5.92E-04
3501	5.67E-04
3502	0.00E+00
3503	0.00E+00
3504	1.72E-04
3505	1.05E-04
3506	7.07E-04
3507	1.33E-04
979	0.00E+00
980	7.24E-04
3508	3.81E-04
981	0.00E+00
2491	0.00E+00
3514	1.20E-03
2492	0.00E+00
235	1.65E-04
2170	0.00E+00
3515	1.85E-04
47	0.00E+00
984	0.00E+00
3516	1.46E-04
236	0.00E+00
985	0.00E+00
3517	1.67E-04
986	0.00E+00
3518	4.59E-04
49	0.00E+00
3519	2.01E-04
3522	1.42E-03
3523	3.05E-04
3525	1.07E-04
763	1.52E-04
764	5.45E-04
3524	3.73E-05
1552	3.00E-04
3526	1.26E-03
3527	1.33E-04
2171	1.56E-04
1731	0.00E+00
3538	6.07E-04
3540	0.00E+00
3541	0.00E+00
3539	0.00E+00
2499	9.58E-05
610	3.36E-04
2506	7.70E-04
369	7.48E-04
991	0.00E+00
3598	4.27E-04
3599	0.00E+00
3600	3.98E-05
2512	0.00E+00
3608	2.82E-04
2510	1.13E-06
2509	0.00E+00
3627	2.34E-05
1393	0.00E+00
1914	3.85E-04
3626	6.37E-05
506	5.27E-04
2517	1.52E-05
2195	6.05E-05
3650	0.00E+00
2524	0.00E+00
2523	5.22E-04
3641	1.08E-04
3642	8.94E-05
614	3.98E-04
3651	0.00E+00
2189	1.14E-03
3640	4.20E-05
1640	3.34E-04
615	2.26E-04
3653	5.68E-05
1402	0.00E+00
249	0.00E+00
3655	3.01E-05
1403	0.00E+00
3659	0.00E+00
3654	0.00E+00
3662	0.00E+00
3658	0.00E+00
3664	3.34E-05
3665	3.94E-04
3669	0.00E+00
3668	0.00E+00
252	0.00E+00
3706	0.00E+00
3716	0.00E+00
250	0.00E+00
3701	6.04E-05
3713	1.59E-04
3712	0.00E+00
3718	0.00E+00
3722	5.18E-06
2529	3.95E-04
1419	7.62E-06
3725	0.00E+00
1747	0.00E+00
3732	0.00E+00
2534	5.27E-04
3752	0.00E+00
3747	0.00E+00
3746	3.14E-04
3745	1.57E-04
1202	0.00E+00
1201	3.10E-04
2548	0.00E+00
3781	1.22E-04
1004	0.00E+00
3782	8.49E-05
78	0.00E+00
3784	0.00E+00
1005	1.94E-04
3785	0.00E+00
261	0.00E+00
617	6.41E-04
3786	2.51E-05
3788	0.00E+00
3800	1.22E-04
3793	1.19E-04
3799	1.65E-04
619	7.38E-04
3798	3.65E-05
3802	2.79E-04
3818	0.00E+00
3832	9.17E-05
3833	4.49E-04
2561	6.43E-04
3834	0.00E+00
3835	7.78E-05
3838	2.29E-04
3840	1.20E-04
3841	0.00E+00
514	0.00E+00
3839	6.83E-04
3829	1.04E-04
1755	1.74E-04
3842	1.72E-04
2564	7.61E-04
1757	0.00E+00
2565	9.15E-04
3846	9.50E-05
3847	1.24E-03
2566	3.88E-04
3848	0.00E+00
3849	0.00E+00
3850	0.00E+00
3851	0.00E+00
3852	0.00E+00
3853	0.00E+00
3854	2.97E-05
1010	1.82E-04
3855	0.00E+00
1440	7.71E-07
3871	0.00E+00
3872	2.00E-04
3874	1.26E-04
2568	0.00E+00
3875	4.03E-05
2569	2.01E-04
1438	1.51E-06
1439	0.00E+00
265	1.46E-04
3863	6.56E-05
3864	0.00E+00
3865	0.00E+00
3866	0.00E+00
266	1.50E-04
3867	0.00E+00
3868	0.00E+00
3869	0.00E+00
3870	1.18E-03
89	0.00E+00
3876	0.00E+00
3888	2.34E-04
3890	1.12E-04
1012	0.00E+00
3900	1.40E-04
3903	3.54E-05
267	2.04E-04
3899	1.82E-04
3882	0.00E+00
3883	0.00E+00
3884	0.00E+00
3886	1.03E-04
1759	2.61E-04
3887	5.19E-05
2570	1.42E-04
2571	1.13E-04
3889	8.24E-05
2652	7.72E-06
1255	0.00E+00
3911	3.97E-04
3904	3.28E-05
3905	6.12E-04
3906	0.00E+00
3908	1.37E-04
2573	0.00E+00
1013	0.00E+00
3910	8.60E-04
3914	2.49E-04
2575	0.00E+00
3920	6.43E-04
3919	1.17E-04
2577	1.36E-04
2576	0.00E+00
2578	1.29E-04
270	0.00E+00
3931	0.00E+00
3918	8.86E-05
3922	0.00E+00
3924	0.00E+00
1014	0.00E+00
1015	6.83E-06
1016	4.34E-05
1017	0.00E+00
3940	0.00E+00
2580	0.00E+00
3932	1.56E-04
3933	0.00E+00
3934	2.92E-04
3935	3.72E-05
3936	0.00E+00
3937	0.00E+00
3938	0.00E+00
3939	0.00E+00
3941	5.72E-06
3943	0.00E+00
3946	9.52E-05
3947	7.31E-04
3948	6.65E-05
3949	0.00E+00
1019	1.18E-03
3951	0.00E+00
621	4.74E-04
3952	0.00E+00
1020	3.20E-05
1021	0.00E+00
3953	0.00E+00
3954	0.00E+00
2581	0.00E+00
271	1.84E-04
3955	0.00E+00
3956	6.64E-05
3957	0.00E+00
2582	5.30E-05
2583	4.40E-05
3958	0.00E+00
3959	0.00E+00
3960	0.00E+00
3970	1.13E-04
272	4.84E-05
1022	0.00E+00
3968	9.73E-04
3969	3.77E-05
3971	6.92E-05
3972	5.24E-04
3973	1.97E-05
3974	0.00E+00
3975	5.38E-05
3983	9.73E-06
3985	9.64E-05
3991	4.34E-05
3993	0.00E+00
275	0.00E+00
3994	6.66E-05
3984	2.68E-05
274	1.81E-04
3987	2.03E-06
3988	9.10E-05
1024	1.18E-04
3990	1.28E-04
2587	1.39E-03
3978	1.29E-05
273	1.35E-04
3980	1.11E-04
1026	0.00E+00
4008	0.00E+00
4004	1.71E-07
276	2.27E-05
3995	2.81E-04
3996	2.80E-06
3997	1.11E-05
3998	1.13E-04
3999	2.58E-04
4000	0.00E+00
842	6.82E-04
4001	6.39E-05
4002	7.71E-06
4003	0.00E+00
1222	1.60E-04
1223	2.86E-05
278	0.00E+00
1451	0.00E+00
279	0.00E+00
280	0.00E+00
4009	4.10E-05
1027	6.79E-04
4011	0.00E+00
4012	5.63E-04
4013	2.09E-04
2588	0.00E+00
2589	1.54E-04
4014	0.00E+00
1810	1.30E-03
4019	1.57E-04
1028	0.00E+00
4020	5.44E-04
1224	8.51E-05
2077	0.00E+00
2763	2.18E-04
3151	0.00E+00
3453	0.00E+00
379	8.24E-05
381	0.00E+00
1617	0.00E+00
3150	1.14E-04
3452	0.00E+00
378	9.04E-05
382	4.94E-05
4241	2.02E-04
314	2.05E-04
383	1.37E-04
386	0.00E+00
326	1.77E-04
332	1.06E-04
350	0.00E+00
355	1.15E-05
3450	7.87E-05
363	1.36E-04
366	2.19E-04
380	0.00E+00
4024	9.08E-05
387	5.74E-05
308	2.13E-04
331	5.20E-04
2660	0.00E+00
4245	0.00E+00
4026	0.00E+00
4027	0.00E+00
4021	1.85E-05
537	5.68E-04
2590	5.65E-04
4022	2.73E-04
4023	8.71E-06
4025	0.00E+00
281	3.79E-05
2592	0.00E+00
4030	0.00E+00
538	9.90E-06
1029	0.00E+00
4031	8.90E-06
4032	0.00E+00
1452	0.00E+00
539	5.60E-05
282	2.67E-05
1030	0.00E+00
4033	0.00E+00
2593	7.99E-05
4035	1.21E-05
541	5.29E-05
4037	0.00E+00
622	0.00E+00
4038	2.07E-05
4036	3.45E-05
4040	5.64E-06
4039	1.84E-04
4041	0.00E+00
4042	2.50E-04
540	1.70E-04
4043	5.07E-04
623	8.29E-04
1031	3.81E-04
2595	0.00E+00
4046	2.48E-04
4047	1.55E-03
4048	0.00E+00
1032	0.00E+00
4049	4.60E-04
1033	0.00E+00
283	0.00E+00
4050	0.00E+00
4051	6.17E-04
4052	1.09E-04
4062	1.74E-04
4064	1.72E-03
1035	1.13E-04
284	0.00E+00
4054	9.88E-05
4055	9.85E-05
2596	0.00E+00
1034	7.05E-05
286	0.00E+00
4058	1.27E-04
4059	0.00E+00
1036	0.00E+00
287	0.00E+00
4060	1.53E-04
4061	8.50E-06
2597	1.13E-05
289	0.00E+00
290	0.00E+00
4069	6.92E-04
4065	2.38E-04
1037	1.57E-04
4067	7.02E-05
4068	1.27E-06
2599	0.00E+00
2600	0.00E+00
4071	9.73E-04
1038	1.78E-06
4072	1.63E-04
4073	8.94E-05
1818	1.21E-04
4074	3.89E-04
4077	1.24E-04
291	3.94E-05
2601	0.00E+00
1039	1.98E-04
4080	3.17E-04
2602	0.00E+00
4100	5.00E-04
4082	0.00E+00
4083	0.00E+00
4084	0.00E+00
4086	1.06E-04
4087	0.00E+00
4088	4.67E-04
4089	0.00E+00
4090	4.69E-05
624	7.33E-04
4091	1.30E-04
4092	4.42E-05
4097	2.22E-04
4098	1.34E-04
4099	6.92E-05
2604	0.00E+00
4103	1.41E-04
4104	4.00E-04
4105	3.12E-04
2605	0.00E+00
4107	1.80E-04
1822	1.28E-03
4109	1.13E-04
1040	0.00E+00
1042	0.00E+00
2606	1.23E-03
2607	0.00E+00
4111	8.37E-04
2608	0.00E+00
2609	0.00E+00
2610	0.00E+00
292	4.75E-05
2611	0.00E+00
4112	3.24E-04
4113	2.31E-05
2612	9.10E-05
4114	0.00E+00
4115	1.02E-04
4116	1.84E-04
4118	0.00E+00
4119	1.79E-04
4122	1.97E-04
4123	1.54E-04
4124	1.13E-05
4125	1.09E-03
294	1.50E-04
4127	8.96E-04
4128	0.00E+00
4133	7.44E-04
4134	3.37E-04
4129	2.47E-03
4130	9.54E-04
4131	3.27E-04
295	0.00E+00
4132	1.88E-03
4141	1.50E-04
4142	1.72E-04
4136	5.51E-04
4137	2.02E-04
4138	5.48E-04
4139	0.00E+00
4140	1.32E-03
4149	3.58E-04
625	1.93E-03
4143	5.93E-04
4144	3.36E-04
4145	5.84E-04
4146	5.32E-04
4147	5.21E-04
4148	0.00E+00
4150	8.50E-04
1043	0.00E+00
4153	0.00E+00
4154	9.98E-05
4155	8.65E-04
4156	2.58E-05
4157	6.48E-04
4158	4.18E-04
4159	3.08E-04
4160	4.20E-04
4161	1.73E-03
4162	1.38E-03
4163	1.33E-03
4164	0.00E+00
4165	2.61E-03
4166	3.74E-05
4167	1.09E-03
2614	1.14E-04
2615	2.30E-04
1236	0.00E+00
4168	4.45E-04
1237	2.15E-05
1490	9.19E-04
1044	0.00E+00
1045	3.49E-06
1046	0.00E+00
4173	1.47E-03
626	0.00E+00
4174	4.53E-04
4179	3.39E-04
4175	6.61E-04
298	3.52E-05
299	0.00E+00
4176	5.00E-04
4177	1.86E-04
4178	4.29E-05
4184	6.40E-04
4193	1.73E-04
4191	2.23E-04
4190	1.79E-03
1049	4.51E-06
4182	1.71E-04
4183	4.47E-04
1050	0.00E+00
4185	2.03E-06
4186	1.75E-04
627	0.00E+00
4187	3.68E-04
4188	8.72E-05
4189	9.16E-04
4222	4.64E-04
2616	4.99E-04
1056	0.00E+00
566	4.64E-04
4195	4.12E-04
4196	1.96E-04
628	9.76E-06
4197	2.33E-04
4198	9.30E-04
4199	4.86E-04
4200	1.21E-04
4201	1.18E-05
4202	2.03E-04
300	3.40E-05
4203	1.16E-04
4204	2.11E-04
4205	0.00E+00
4206	1.05E-04
4207	3.94E-04
4208	1.26E-04
4209	6.38E-05
629	4.78E-04
2620	3.93E-05
4230	1.68E-04
4223	1.43E-03
4224	1.03E-04
4225	0.00E+00
2087	0.00E+00
4228	0.00E+00
4229	7.37E-04
4233	1.79E-04
4234	1.87E-04
4235	5.12E-04
301	6.90E-07
124	1.88E-04
2618	0.00E+00
2619	0.00E+00
4237	0.00E+00
4238	0.00E+00
4239	8.18E-04
4240	0.00E+00
4255	2.45E-07
4242	3.05E-04
2621	6.05E-04
4243	0.00E+00
4244	0.00E+00
126	2.97E-04
2622	0.00E+00
4248	2.77E-04
302	0.00E+00
303	0.00E+00
4249	0.00E+00
4250	0.00E+00
2623	0.00E+00
911	0.00E+00
4251	2.76E-05
2624	0.00E+00
4252	0.00E+00
2625	0.00E+00
4253	5.74E-05
4254	4.82E-04
4247	0.00E+00
4271	0.00E+00
4256	3.69E-05
4257	0.00E+00
304	1.03E-05
4258	0.00E+00
4259	0.00E+00
4260	0.00E+00
4261	2.98E-04
4262	3.84E-05
2626	0.00E+00
4263	5.83E-05
4264	3.21E-04
1057	0.00E+00
4265	0.00E+00
4266	0.00E+00
305	9.71E-04
4268	4.98E-04
4270	0.00E+00
4272	0.00E+00
1243	0.00E+00
630	1.60E-04
4274	0.00E+00
2629	0.00E+00
4278	2.56E-04
4279	1.67E-04
4281	8.33E-04
4273	2.03E-05
2627	3.12E-05
631	3.41E-04
306	0.00E+00
307	0.00E+00
4275	2.82E-05
2628	4.62E-05
4276	1.78E-04
4277	0.00E+00
1498	0.00E+00
4282	0.00E+00
4285	2.60E-05
2721	2.95E-06
2719	0.00E+00
2723	0.00E+00
2098	1.17E-04
183	0.00E+00
2741	0.00E+00
1089	0.00E+00
184	0.00E+00
2744	0.00E+00
2745	0.00E+00
921	2.32E-04
2747	0.00E+00
3509	2.95E-04
3510	3.54E-04
2489	0.00E+00
982	0.00E+00
3511	0.00E+00
234	0.00E+00
3512	5.29E-05
983	0.00E+00
3529	0.00E+00
3530	5.13E-04
987	2.02E-04
3531	1.63E-04
237	0.00E+00
3789	0.00E+00
3790	1.18E-04
3791	4.21E-05
3830	1.07E-04
2560	0.00E+00
3857	0.00E+00
3858	3.55E-05
3859	0.00E+00
3860	1.67E-05
3862	0.00E+00
2567	0.00E+00
518	2.18E-06
1254	0.00E+00
519	0.00E+00
520	1.32E-04
3877	1.40E-04
1441	9.39E-06
3878	0.00E+00
3879	8.02E-05
1207	2.31E-04
3880	4.05E-04
3881	0.00E+00
3891	3.02E-04
3892	1.99E-05
3893	2.37E-04
3895	1.79E-04
3896	8.20E-05
2572	0.00E+00
3897	0.00E+00
3898	5.59E-05
523	1.44E-04
3925	0.00E+00
3926	4.91E-05
1576	0.00E+00
3961	0.00E+00
3962	0.00E+00
3963	0.00E+00
3964	6.54E-04
3965	6.68E-05
2584	1.02E-03
2585	1.81E-04
3966	2.52E-04
3967	1.90E-04
3982	0.00E+00
4210	9.13E-06
4213	3.24E-04
4214	3.75E-04
4217	2.42E-04
4218	0.00E+00
2617	7.61E-04
4219	1.20E-03
4220	0.00E+00
4221	4.03E-04
1052	0.00E+00
1053	0.00E+00
1054	0.00E+00
1055	0.00E+00
3976	2.81E-07
1353	6.76E-04
