1	0.53
2	0.36
3	0.69
4	0.29
5	0.67
6	0.49
7	0.64
8	0.34
9	0.49
10	0.58
11	0.74
12	0.26
13	0.24
14	0.47
15	0.31
16	0.34
17	0.33
18	0.33
19	0.49
20	0.29
21	0.45
22	0.4
23	0.1
24	0.38
25	0.19
26	0.34
27	0.35
28	0.29
29	0.28
30	0.51
31	0.57
32	0.24
33	0.44
34	0.35
35	0.08
36	0.26
37	0.27
38	0.27
39	0.24
40	0.2
41	0.37
42	0.37
43	0.21
44	0.47
45	0.17
46	0.34
47	0.34
48	0.42
49	0.4
50	0.48
51	0.36
52	0.47
53	0.33
54	0.54
55	0.32
56	0.63
57	0.63
58	0.28
59	0.15
60	0.28
61	0.46
62	-0.15
63	0.19
64	0.22
65	0.32
66	0.14
67	0.17
68	0.35
69	0.12
70	0.33
71	0.06
72	-0.1
73	0.28
74	0.66
75	0.35
76	0.35
77	-0.1
78	0.3
79	0.23
80	0.55
81	0.18
82	-1.14
83	0.26
84	0.49
85	0.22
86	0.18
87	0.17
88	-0.18
89	0.31
90	0.03
91	-0.35
92	0.14
93	0.01
94	0.17
95	-0.2
96	-2
97	-0.81
98	-0.12
99	0
100	0
101	0.2
102	0.03
103	0.44
104	0.35
105	-1.49
106	0
107	-0.02
108	0.35
109	0.41
110	0.09
111	0.16
112	0.07
113	0.28
114	0.22
115	0.23
116	-0.04
117	0.29
118	0.2
119	0.08
120	0.14
121	0.1
122	-0.31
123	0.1
124	0.15
125	0.18
126	0.2
127	0.26
128	0.2
129	0.33
130	0.25
131	0.09
132	0.41
133	-0.5
134	0.45
135	0.29
136	0.17
137	0.41
138	0.43
139	0.14
140	0.15
141	0.16
142	0.45
143	-0.05
144	0.12
145	0.31
146	0.39
147	0.36
148	0.47
149	0.42
150	0.25
151	-0.8
152	0.08
153	-0.23
154	0.44
155	0.25
156	0.34
157	0.29
158	0.17
159	0.27
160	0.11
161	-0.14
162	-0.05
163	0.05
164	-0.16
165	0.28
166	0.13
167	0.21
168	0.27
169	0.22
170	0.48
171	0.31
172	0.41
173	0.31
174	0.43
175	0.5
176	0.44
177	0.48
178	0.48
179	0.44
180	0.65
181	0.23
182	0.21
183	0.12
184	0.31
185	0.12
186	0.12
187	0.14
188	0.2
189	0.1
190	0.19
191	0.32
192	-0.02
193	0.32
194	0
195	-1.14
196	-0.07
197	0.25
198	0.38
199	0.24
200	0.66
201	0.2
202	0.29
203	0.31
204	0.42
205	0.25
206	0.07
207	0.41
208	0.41
209	0.22
210	0.2
211	-0.18
212	0.1
213	0.28
214	0.25
215	-0.03
216	0.14
217	0.09
218	-0.09
219	-0.37
220	0.06
221	0.06
222	0.06
223	0.2
224	0.13
225	0.2
226	0.49
227	0.06
228	0.35
229	-0.28
230	0.23
231	0.23
232	0.23
233	0.28
234	0.44
235	0.3
236	-0.18
237	0
238	0.22
239	0.3
240	0.51
241	0.18
242	0.49
243	0.2
244	0.59
245	0.34
246	0.37
247	0.42
248	0.46
249	0.23
250	0.35
251	0.35
252	-0.29
253	0.11
254	0.17
255	0.06
256	0.13
257	0.15
258	0.23
259	-0.23
260	0.23
261	-0.32
262	0.18
263	0.15
264	-0.16
265	0.36
266	0.17
267	-0.18
268	-0.45
269	0.17
270	0.37
271	0.16
272	0.38
273	0.12
274	0.39
275	0.05
276	0.16
277	0.07
278	0.13
279	-0.45
280	0.08
281	0.17
282	0.11
283	0.31
284	0.23
285	0.13
286	0.17
287	0.24
288	0.33
289	0.31
290	0.1
291	0.24
292	0.1
293	0.07
294	0.06
295	0.25
296	0.3
297	0.27
298	0.13
299	0.56
300	0.34
301	0.32
302	0.28
303	1
304	0.12
305	0.04
306	-0.33
307	0.26
308	-0.09
309	0.19
310	0.37
311	0.35
312	-0.07
313	0.26
314	0.22
315	0.51
316	0.26
317	0.17
318	0.15
319	0.34
320	-0.27
321	0.15
322	0.31
323	-0.04
324	0.47
325	0.24
326	0.13
327	0.15
328	-0.05
329	0.02
330	0.18
331	-0.31
332	0
333	0.13
334	0.13
335	0.23
336	0.13
337	0.11
338	0.37
339	0.13
340	0.27
341	0.27
342	0.26
343	0.11
344	-0.1
345	0.13
346	-0.31
347	0.25
348	0.21
349	0.12
350	0.14
351	0.05
352	-0.75
353	-0.65
354	-0.59
355	-0.37
356	-0.16
357	-0.29
358	0.17
359	0.42
360	0.05
361	0.28
362	-0.03
363	0.42
364	0.11
365	0.4
366	0.34
367	-143
368	-0.39
369	0
370	-1.42
371	-0.14
372	0.03
373	-0.44
374	-0.31
375	-0.65
376	-0.29
377	-0.47
378	-0.2
379	0.24
380	-1.14
381	0.41
382	0.09
383	0.29
384	0.34
385	0.24
386	-0.15
387	0.67
388	0
389	0.41
390	0.16
391	0.65
392	0.34
393	0.7
394	0.48
395	-3.17
396	0.24
397	-1.46
398	-0.32
399	0
400	0.09
401	0.21
402	0.03
403	0.45
404	0.26
405	0.64
406	0.49
407	0.63
408	-0.19
409	0.53
410	0.25
411	0.69
412	0.29
413	0.51
414	0.46
415	0.43
416	0.02
417	0.22
418	0
419	0.28
420	0.33
421	0.7
422	0.33
423	0.35
424	0.06
425	0.38
426	0.27
427	0.48
428	0.32
429	0.22
430	0.09
431	0.25
432	0.36
433	0.42
434	0.22
435	0.49
436	0.09
437	0.26
438	0.2
439	0.38
440	-0.11
441	0.06
442	-2.22
443	0.62
444	0.39
445	0.63
446	0.37
447	0.58
448	0.29
449	0.56
450	0.22
451	0.52
452	0.52
453	0.64
454	-0.02
455	0.21
456	-0.45
457	0.57
458	-0.05
459	0.19
460	0.11
461	0.7
462	0.47
463	0.68
464	0.49
465	0.72
466	0.3
467	0
468	0.6
469	0.22
470	0.42
471	0.67
472	0.31
473	0.53
474	0.37
475	0.56
476	0.51
477	0.87
478	0.26
479	0.48
480	0.39
481	0.48
482	0.19
483	0.51
484	0.23
485	0.59
486	0.33
487	0.36
488	0.36
489	0.58
490	0.57
491	0.48
492	0.4
493	0.54
494	0.05
495	0.12
496	-0.19
497	0.32
498	0.25
499	0.15
500	0.23
501	0.45
502	0.27
503	0.35
504	0.24
505	0.51
506	0.16
507	0.21
508	0.29
509	0.31
510	0.36
511	0.45
512	0.39
513	0.43
514	0.19
515	0.36
516	0.15
517	0.62
518	-0.19
519	0.25
520	-0.23
521	0.1
522	0
523	0
524	0.06
525	0.04
526	0.14
527	0.23
528	0.15
529	0.2
530	0.1
531	0.34
532	0.24
533	0.54
534	0.22
535	0.54
536	0.31
537	0.32
538	0.26
539	0.23
540	0.28
541	0.29
542	0.15
543	0.1
544	0.14
545	0.32
546	0.1
547	0.26
548	0.2
549	0.19
550	0.08
551	0.12
552	0.09
553	0.35
554	0.21
555	0.2
556	0.34
557	0.44
558	0.46
559	0.47
560	0.41
561	0.7
562	-0.21
563	0.3
564	0.49
565	0.24
566	0.34
567	0.12
568	0.19
569	0.35
570	0.01
571	0.19
572	-0.46
573	0.27
574	0.16
575	0
576	0
577	0.1
578	-0.03
579	0.52
580	0.56
581	0.52
582	0.03
583	0.29
584	0.07
585	0.49
586	-1.1
587	0.48
588	0.34
589	0.32
590	0.25
591	0.26
592	0.07
593	0.03
594	-0.33
595	0.49
596	0
597	0.31
598	-0.02
599	0.29
600	-0.13
601	0.19
602	-0.39
603	-0.1
604	0
605	-0.14
606	-0.15
607	0.51
608	0.22
609	0.47
610	0.18
611	0.47
612	0.21
613	0.68
614	-0.07
615	0.49
616	0.32
617	0.57
618	-0.64
619	0.32
620	0.88
621	0.35
622	0.04
623	0.2
624	-0.22
625	0.53
626	0.19
627	0.24
628	0.11
629	0.26
630	-0.2
631	0.44
632	-0.28
633	0.28
634	0.26
635	0.57
636	0.32
637	0.5
638	0.38
639	0.48
640	0.22
641	0.45
642	0.2
643	0.6
644	0.48
645	0.52
646	0.33
647	0.6
648	0.23
649	0.37
650	0.31
651	0.17
652	-0.24
653	0.47
654	0.24
655	0.42
656	0.29
657	0.64
658	0.24
659	0.49
660	0.12
661	0.56
662	0.37
663	0.08
664	-0.28
665	0.33
666	0.18
667	0.4
668	0.23
669	0.45
670	0.14
671	0.56
672	0.16
673	0.25
674	-0.11
675	0.04
676	-0.15
677	0.18
678	-0.09
679	0.16
680	0.18
681	0.43
682	0.1
683	0.44
684	0.21
685	0.27
686	0.18
687	0.22
688	0.15
689	0.36
690	0.07
691	0.39
692	0.04
693	0.35
694	-0.04
695	0.05
696	-0.16
697	0.11
698	0.13
699	0.58
700	0.11
701	0.4
702	0.23
703	0.34
704	0.07
705	0.29
706	0.24
707	0.23
708	0.07
709	0.2
710	0.17
711	0.42
712	0.49
713	0.3
714	0.35
715	0.29
716	0.46
717	0.42
718	0.23
719	0.33
720	0.28
721	0.22
722	0.16
723	0.19
724	0.06
725	0.31
726	0.23
727	0.19
728	0.11
729	0.25
730	0.09
731	-0.09
732	0.06
733	0.29
734	0.48
735	0.33
736	0.14
737	0.2
738	-0.17
739	-0.04
740	-0.06
741	0.39
742	0.21
743	0.51
744	0.13
745	0.1
746	0.12
747	0.15
748	0.09
749	0.17
750	0.08
751	0.14
752	0.33
753	0.39
754	0.54
755	0.15
756	0.41
757	0.18
758	0.58
759	0.31
760	0.21
761	0.03
762	0.24
763	0.16
764	0.19
765	0.1
766	0.25
767	0.11
768	-0.13
769	0
770	-0.06
771	0.15
772	0.27
773	0.31
774	0.31
775	0.29
776	0.32
777	0.18
778	-2.05
779	0
780	0.44
781	0.37
782	0.16
783	0.23
784	0.4
785	-0.13
786	0.26
787	-0.55
788	2.69
789	-0.03
790	0.42
791	0.23
792	-0.38
793	0.03
794	-0.04
795	0.1
796	-0.06
797	0.37
798	0
799	0.48
800	0.05
801	-0.14
802	0.25
803	0.6
804	0.11
805	0.41
806	-0.19
807	0.36
808	0.39
809	0.46
810	0.12
811	0.19
812	0.22
813	0.37
814	0.44
815	0.24
816	0.04
817	0.3
818	0.17
819	0.45
820	0.01
821	0.34
822	0.57
823	0.4
824	0.43
825	0.68
826	0.47
827	0.73
828	0.68
829	0.6
830	0.17
831	0.51
832	-0.65
833	0.4
834	0.24
835	0.35
836	0.32
837	0.3
838	0.35
839	0.15
840	0.35
841	0.13
842	0.14
843	0.16
844	-0.02
845	0.18
846	-0.05
847	0.42
848	-0.39
849	0.31
850	0.11
851	0
852	0.61
853	0.1
854	0.55
855	-0.35
856	0.63
857	-0.19
858	0.17
859	0.2
860	0.15
861	0.24
862	0.36
863	0.09
864	0.26
865	0.16
866	0.38
867	-0.07
868	0.29
869	0.11
870	0.31
871	0.03
872	0.25
873	0.31
874	0.29
875	0.28
876	0.33
877	0.36
878	0.5
879	-0.09
880	0.32
881	0.14
882	0.25
883	0.26
884	0.27
885	0.24
886	0.24
887	0.08
888	0.03
889	0.09
890	0.64
891	0.75
892	-0.08
893	0.45
894	0.34
895	0.56
896	0.56
897	0.65
898	0.44
899	-0.28
900	0.1
901	0.4
902	0.35
903	0.64
904	0.14
905	0.41
906	0.17
907	0.16
908	0.14
909	-0.12
910	0.05
911	-0.03
912	0.13
913	0.26
914	0.7
915	0.54
916	0.52
917	0.38
918	0.55
919	0.29
920	0.52
921	0.22
922	0.69
923	-0.53
924	0.44
925	0.35
926	0.37
927	0.31
928	0.29
929	0.32
930	0.46
931	0.42
932	0.19
933	0.57
934	0.33
935	0.35
936	0.31
937	0.26
938	0.27
939	0.06
940	0.23
941	0.26
942	0.42
943	0.43
944	0.47
945	0.55
946	0.02
947	-0.06
948	-1.58
949	0.35
950	0.31
951	0.11
952	0.49
953	0.42
954	0.22
955	0.15
956	0.36
957	0.24
958	0.1
959	0.05
960	0.29
961	0.25
962	0.08
963	0.07
964	-0.16
965	0.23
966	0
967	0
968	0
969	0.2
970	0
971	0.25
972	0
973	-1
974	0
975	-0.91
976	-0.26
977	-0.1
978	0.43
979	0
980	-1.32
981	-1.58
982	-0.69
983	0
984	0.1
985	-0.21
986	0
987	0.26
988	0.09
989	0
990	0.37
991	0
992	-0.17
993	-2.32
994	0
995	-0.3
996	0
997	0.11
998	-1.07
999	0.11
1000	0.47
1001	0.29
1002	0.35
1003	0.13
1004	0.16
1005	0.07
1006	0.29
1007	0.26
1008	0.3
1009	0.34
1010	0.15
1011	0.04
1012	0.22
1013	0.28
1014	0.34
1015	0.11
1016	0.39
1017	0.11
1018	0.39
1019	0.28
1020	0.84
1021	0.24
1022	0.39
1023	0.04
1024	0.36
1025	0.34
1026	0.33
1027	0.32
1028	0.48
1029	0.09
1030	0.28
1031	0.09
1032	0.27
1033	0.07
1034	0.33
1035	-0.36
1036	0.16
1037	-0.31
1038	0.23
1039	-0.06
1040	-0.58
1041	-0.89
1042	0.15
1043	0.17
1044	0.3
1045	0.21
1046	-0.24
1047	-0.15
1048	0.32
1049	0.25
1050	-0.05
1051	0.12
1052	0.35
1053	0.3
1054	-0.07
1055	0.17
1056	0.22
1057	0.07
1058	-0.06
1059	0.4
1060	-0.21
1061	0.26
1062	0.58
1063	0.19
1064	0.17
1065	0.25
1066	0.38
1067	0.26
1068	0.1
1069	0.14
1070	0.18
1071	-0.04
1072	0.2
1073	0.04
1074	0.2
1075	0.19
1076	0.14
1077	0.22
1078	0.14
1079	0.22
1080	0.03
1081	0.08
1082	0.49
1083	0
1084	0.2
1085	0.16
1086	0.2
1087	0.21
1088	0.29
1089	0.22
1090	0.14
1091	0.32
1092	0.03
1093	0.26
1094	0.13
1095	0.34
1096	0.16
1097	-0.36
1098	-0.02
1099	-0.01
1100	0.22
1101	0.13
1102	0.22
1103	0.36
1104	0.32
1105	0.24
1106	0.17
1107	0.27
1108	0.09
1109	0.2
1110	0.16
1111	0.15
1112	0.37
1113	0.27
1114	-0.11
1115	0.2
1116	0.11
1117	0.55
1118	0.16
1119	0.44
1120	0.2
1121	0.26
1122	0.19
1123	0.38
1124	0.12
1125	0.09
1126	-0.06
1127	0.54
1128	0.08
1129	-0.47
1130	-0.08
1131	0.35
1132	0.38
1133	0.18
1134	0.23
1135	0.26
1136	0.19
1137	0.23
1138	0
1139	0
1140	-0.19
1141	0.29
1142	0.28
1143	0.12
1144	0
1145	0.31
1146	0.25
1147	0.13
1148	0.14
1149	0.01
1150	0.4
1151	0.37
1152	0.34
1153	0.31
1154	0.24
1155	0
1156	0.39
1157	-0.03
1158	0
1159	0.27
1160	-0.9
1161	0.23
1162	0.23
1163	0.41
1164	0.33
1165	0.65
1166	0.4
1167	0.13
1168	0.18
1169	0.45
1170	0.31
1171	0.7
1172	0.43
1173	0.68
1174	0.42
1175	0.15
1176	0.16
1177	0.18
1178	0.17
1179	0.18
1180	0.05
1181	0.55
1182	0.25
1183	0.33
1184	0.25
1185	0.28
1186	0.19
1187	0.65
1188	0.41
1189	0.58
1190	0.31
1191	0.47
1192	0.33
1193	0.44
1194	0.35
1195	0.71
1196	0.1
1197	0.63
1198	-0.47
1199	0.35
1200	0.12
1201	0.15
1202	0.2
1203	0.16
1204	-0.02
1205	0.14
1206	0.14
1207	0.28
1208	0.29
1209	0.3
1210	0.16
1211	0.48
1212	0.33
1213	0.36
1214	-0.02
1215	0.45
1216	0.35
1217	0.56
1218	0.43
1219	0.47
1220	0.29
1221	0.6
1222	0.04
1223	0.4
1224	0.06
1225	0.3
1226	-0.08
1227	-0.01
1228	-0.15
1229	0.28
1230	0.03
1231	0.32
1232	0.12
1233	0.46
1234	0.36
1235	0.23
1236	0.2
1237	0.25
1238	-0.17
1239	0.42
1240	0.33
1241	0.46
1242	0.23
1243	0.67
1244	0.42
1245	0.52
1246	0.23
1247	0.52
1248	0.38
1249	0.42
1250	-0.01
1251	0.23
1252	0.04
1253	0.33
1254	0.06
1255	0.54
1256	0.1
1257	0.35
1258	0.14
1259	0.5
1260	0.33
1261	0.02
1262	0.21
1263	0.47
1264	0.18
1265	0.16
1266	0.21
1267	0.34
1268	0.15
1269	0.35
1270	0.3
1271	0.47
1272	0.31
1273	0.15
1274	0.24
1275	0.16
1276	0.12
1277	0.02
1278	0.18
1279	0.24
1280	0.25
1281	0.26
1282	0.13
1283	0.24
1284	0.28
1285	0.31
1286	0.1
1287	0.21
1288	0.01
1289	0.25
1290	0.39
1291	0.31
1292	0.4
1293	0.4
1294	0.23
1295	0.52
1296	0.46
1297	0.31
1298	0.14
1299	0.37
1300	0.03
1301	0.1
1302	0.24
1303	0.45
1304	0.35
1305	0.22
1306	0.24
1307	0.34
1308	0.51
1309	0.32
1310	0.25
1311	0.22
1312	0.33
1313	0.39
1314	0.45
1315	0.47
1316	0.4
1317	0.62
1318	0.34
1319	0.19
1320	0.17
1321	0.32
1322	0.46
1323	0.26
1324	0.19
1325	0.2
1326	0.09
1327	0.23
1328	0.28
1329	0.21
1330	0.27
1331	0.37
1332	0.54
1333	0.44
1334	0.43
1335	0.28
1336	0.49
1337	0.6
1338	0.08
1339	0.39
1340	0
1341	0.51
1342	0.36
1343	0.11
1344	0.1
1345	0.15
1346	0.2
1347	0.2
1348	0.27
1349	0.27
1350	0.11
1351	0.09
1352	0.05
1353	0.16
1354	0.17
1355	0.39
1356	0.34
1357	0.59
1358	0.18
1359	0.53
1360	0.28
1361	0.44
1362	0.42
1363	0.36
1364	-0.06
1365	0.08
1366	0.46
1367	0.18
1368	0.3
1369	0.24
1370	0.46
1371	0.37
1372	0.23
1373	0.56
1374	0.31
1375	0.58
1376	0.12
1377	0.44
1378	0.16
1379	0.23
1380	0.27
1381	-0.28
1382	0
1383	0.35
1384	-0.74
1385	0.37
1386	0.04
1387	0.27
1388	0.27
1389	0.73
1390	0.62
1391	0.68
1392	0.59
1393	0.75
1394	0.58
1395	0.5
1396	0.26
1397	0.33
1398	0.06
1399	0.31
1400	0.11
1401	0.53
1402	0.1
1403	0.04
1404	0.07
1405	0
1406	0.21
1407	0.41
1408	0.58
1409	-0.04
1410	0.24
1411	0.39
1412	0.19
1413	-0.27
1414	0.43
1415	0.03
1416	-0.08
1417	0.1
1418	0.18
1419	0.37
1420	0.18
1421	0.49
1422	-0.02
1423	0.33
1424	-0.04
1425	0.5
1426	0.22
1427	0.43
1428	0.29
1429	0.39
1430	0.28
1431	0.5
1432	0.33
1433	0.55
1434	0.41
1435	0.55
1436	0.18
1437	0.36
1438	0.3
1439	0.4
1440	0.44
1441	0.28
1442	0.31
1443	0.37
1444	0.04
1445	0.38
1446	0.14
1447	0.27
1448	0.24
1449	0.53
1450	0.29
1451	0.07
1452	0.02
1453	0.39
1454	0.23
1455	0.32
1456	0.25
1457	0.14
1458	0.16
1459	0.27
1460	0.25
1461	0.57
1462	0.33
1463	0.08
1464	-0.04
1465	0.23
1466	-0.04
1467	0.06
1468	0.08
1469	0.18
1470	0.21
1471	0.15
1472	0.5
1473	0.51
1474	0.34
1475	0.35
1476	0.27
1477	0.33
1478	0.44
1479	0.25
1480	0.22
1481	0.16
1482	0.42
1483	-0.13
1484	0.13
1485	0.17
1486	0.19
1487	0.35
1488	0.26
1489	0.45
1490	0.23
1491	0.35
1492	0.29
1493	0.24
1494	0.34
1495	0.25
1496	0.34
1497	0.27
1498	0.22
1499	0.17
1500	0.2
1501	-0.23
1502	-0.31
1503	0.34
1504	-0.06
1505	0.5
1506	0.1
1507	0.1
1508	0.07
1509	0.29
1510	0.2
1511	0.2
1512	0.36
1513	0.47
1514	0.53
1515	0
1516	0.33
1517	0.4
1518	0.12
1519	0.44
1520	0.2
1521	0.28
1522	0.26
1523	0.23
1524	0.29
1525	0.37
1526	0.06
1527	-0.05
1528	0.13
1529	0.23
1530	-0.11
1531	0.29
1532	0.35
1533	0.35
1534	0.18
1535	0.12
1536	0.13
1537	0.19
1538	-0.94
1539	0.28
1540	-0.15
1541	0.23
1542	-0.06
1543	0.56
1544	0.46
1545	0.42
1546	0.34
1547	0.69
1548	0.63
1549	0.74
1550	0.26
1551	0.44
1552	0.3
1553	0.2
1554	-0.09
1555	0.42
1556	0.11
1557	0.46
1558	0.23
1559	0.41
1560	0.33
1561	-1.29
1562	-0.36
1563	0.35
1564	-0.16
1565	0
1566	-0.64
1567	-0.02
1568	0.09
1569	-0.2
1570	0.15
1571	0.21
1572	0.25
1573	0.49
1574	-0.84
1575	0.13
1576	0.29
1577	0.5
1578	0.39
1579	0.58
1580	0.16
1581	0.51
1582	0.37
1583	0.43
1584	0.43
1585	-0.02
1586	-0.08
1587	0.27
1588	0.08
1589	0.29
1590	0.06
1591	0.35
1592	0.12
1593	0.26
1594	-0.13
1595	0.02
1596	0.2
1597	0.12
1598	0.21
1599	0.17
1600	-0.06
1601	0.22
1602	0.13
1603	0.44
1604	0.75
1605	0.53
1606	0.35
1607	0.53
1608	0.39
1609	0.19
1610	0.29
1611	0.33
1612	0.26
1613	0.25
1614	0.26
1615	0.32
1616	0.09
1617	0.26
1618	0.11
1619	0.22
1620	0.22
1621	0.65
1622	0.2
1623	0.55
1624	0.3
1625	0.34
1626	0.38
1627	0.53
1628	0.38
1629	0.32
1630	0.27
1631	-0.13
1632	0.16
1633	0.34
1634	0.18
1635	0.28
1636	0.14
1637	0.21
1638	0.35
1639	0.33
1640	0.38
1641	0.36
1642	0.22
1643	0.2
1644	0.07
1645	0.3
1646	0.04
1647	0.53
1648	0.27
1649	0.22
1650	0.24
1651	0.34
1652	0.4
1653	0.27
1654	0.05
1655	0.28
1656	0.16
1657	0
1658	0.21
1659	0.05
1660	0.08
1661	0.21
1662	0.16
1663	0.1
1664	0.22
1665	0.4
1666	0.16
1667	0.28
1668	0.31
1669	0.34
1670	0.37
1671	0.52
1672	0.37
1673	0.38
1674	-0.02
1675	0.22
1676	0.34
1677	0.36
1678	0.11
1679	0.3
1680	0.07
1681	-0.36
1682	0.02
1683	0.2
1684	0.23
1685	0.13
1686	0
1687	0.09
1688	0.25
1689	0.22
1690	0.18
1691	0.12
1692	0.06
1693	0.19
1694	0.38
1695	0.18
1696	0.39
1697	0.11
1698	0.14
1699	0.32
1700	0.07
1701	0.34
1702	0.35
1703	0.3
1704	0.32
1705	0.36
1706	0.09
1707	0.23
1708	-0.02
1709	0.33
1710	0.14
1711	0.26
1712	0.21
1713	0.23
1714	-0.32
1715	0.23
1716	0.11
1717	-0.35
1718	0.19
1719	0.42
1720	0.28
1721	0.27
1722	0.32
1723	0.39
1724	0.4
1725	0.43
1726	0.03
1727	0.34
1728	-0.13
1729	-0.05
1730	-0.24
1731	-0.21
1732	0.05
1733	0.33
1734	-0.07
1735	0
1736	0.31
1737	0.05
1738	-4.09
1739	0.29
1740	0.27
1741	0.45
1742	0.31
1743	0.39
1744	0.05
1745	-0.39
1746	-0.25
1747	0.26
1748	0.07
1749	-0.2
1750	0.3
1751	-0.23
1752	0.35
1753	0.3
1754	0.25
1755	0.52
1756	0.22
1757	0.17
1758	0.17
1759	0.4
1760	0.11
1761	0.48
1762	0.26
1763	0.53
1764	0.21
1765	0.04
1766	-0.15
1767	0.4
1768	0
1769	0.04
1770	0.28
1771	-0.26
1772	0.42
1773	0.33
1774	0.19
1775	0.27
1776	0.4
1777	0.22
1778	0.43
1779	0.29
1780	0.24
1781	0.07
1782	0.44
1783	0.09
1784	0.45
1785	0.34
1786	0.29
1787	0.19
1788	0.33
1789	0.17
1790	-0.26
1791	0.38
1792	0.21
1793	0.45
1794	0.53
1795	0.18
1796	0.39
1797	0.5
1798	0.2
1799	0.35
1800	0.25
1801	0.21
1802	0.22
1803	0.13
1804	0.39
1805	0.2
1806	0.39
1807	0.15
1808	0.33
1809	0.32
1810	0.37
1811	0.17
1812	0.5
1813	0.11
1814	0.1
1815	-0.4
1816	0.53
1817	0
1818	-0.46
1819	0.48
1820	0.47
1821	0.26
1822	0.44
1823	0.13
1824	0.04
1825	0.23
1826	0.42
1827	0.35
1828	0.39
1829	0.32
1830	0.13
1831	0.39
1832	0.36
1833	0.31
1834	-0.02
1835	0.21
1836	0.08
1837	0.31
1838	0.05
1839	0.25
1840	0.21
1841	0.45
1842	0.14
1843	0.37
1844	0.19
1845	0.28
1846	0.01
1847	0.28
1848	0.1
1849	0.19
1850	0.25
1851	0.28
1852	0.34
1853	0.46
1854	0.24
1855	0.11
1856	0.06
1857	0.23
1858	0.2
1859	0.34
1860	0.3
1861	0.29
1862	0.13
1863	0.12
1864	0.32
1865	0.02
1866	0.25
1867	0.27
1868	0.16
1869	0.29
1870	0.31
1871	0.46
1872	0.22
1873	0.38
1874	-0.03
1875	0.27
1876	0.25
1877	0.31
1878	0.13
1879	0.15
1880	0.09
1881	0.32
1882	0.33
1883	0.36
1884	0.33
1885	0.4
1886	0.28
1887	-0.23
1888	0.26
1889	0.13
1890	0.38
1891	0.11
1892	0.15
1893	0
1894	0.2
1895	0.12
1896	0.19
1897	0.34
1898	0.25
1899	0.3
1900	0.3
1901	0.45
1902	0.46
1903	0.32
1904	0.15
1905	0.42
1906	0.3
1907	0.27
1908	0.03
1909	0.31
1910	0.4
1911	0.15
1912	0.41
1913	0.19
1914	0.25
1915	0.33
1916	0.24
1917	0.38
1918	0.27
1919	0.21
1920	0.32
1921	0.32
1922	-0.06
1923	0.34
1924	0.24
1925	0.2
1926	0.38
1927	0.1
1928	0.31
1929	0.34
1930	0.46
1931	0.3
1932	0.37
1933	0.34
1934	0.29
1935	0.09
1936	-0.21
1937	0.02
1938	0.36
1939	0.41
1940	0.28
1941	0.27
1942	0.56
1943	-0.37
1944	0.7
1945	-0.17
1946	-0.18
1947	0.26
1948	0.29
1949	-0.24
1950	0.42
1951	-0.38
1952	0.4
1953	0.3
1954	0.44
1955	0.03
1956	0.22
1957	0.29
1958	0.41
1959	0.1
1960	0.71
1961	-0.34
1962	0.4
1963	0.21
1964	0.23
1965	0.25
1966	0.54
1967	0.36
1968	0.59
1969	0.13
1970	0.42
1971	0.26
1972	0.29
1973	0.45
1974	0.21
1975	0.25
1976	-0.82
1977	0.07
1978	0.06
1979	0.16
1980	-0.19
1981	-0.63
1982	-0.05
1983	-0.35
1984	-1.09
1985	-0.45
1986	0.36
1987	-0.58
1988	-0.74
1989	-0.85
1990	0.1
1991	0.36
1992	0.36
1993	0.41
1994	0.68
1995	0.55
1996	0.45
1997	0.12
1998	-0.36
1999	0.19
2000	0.33
2001	0.16
2002	0.39
2003	-0.3
2004	0.2
2005	0.18
2006	0.22
2007	0.12
2008	0.42
2009	0.38
2010	-0.78
2011	-0.4
2012	-0.71
2013	0.18
2014	0.19
2015	0.43
2016	0.47
2017	0.16
2018	0.43
2019	0.13
2020	0.31
2021	0.1
2022	0.41
2023	-0.06
2024	0.47
2025	0.21
2026	-0.04
2027	0.05
2028	0.46
2029	-0.18
2030	0.23
2031	0.1
2032	0.12
2033	0.17
2034	0.34
2035	0.01
2036	0.31
2037	0.19
2038	0.09
2039	0.12
2040	-0.45
2041	0.04
2042	0.3
2043	0
2044	-1.17
2045	0
2046	0.62
2047	-3
2048	0.05
2049	-0.11
2050	0.03
2051	0.13
2052	-0.23
2053	0.06
2054	0.13
2055	0.04
2056	0
2057	0.18
2058	0.4
2059	0.25
2060	0.45
2061	0.14
2062	0.45
2063	0.43
2064	0.46
2065	0.22
2066	0.46
2067	-0.12
2068	-0.31
2069	0.07
2070	0.28
2071	0.01
2072	0.31
2073	0.08
2074	0.05
2075	0.11
2076	0.14
2077	0.29
2078	-0.15
2079	-0.01
2080	0.39
2081	0.17
2082	0.44
2083	0.31
2084	0.38
2085	0.3
2086	0.39
2087	0.21
2088	0.15
2089	0.41
2090	0.29
2091	0.32
2092	0.29
2093	0.31
2094	-0.19
2095	0.21
2096	0.27
2097	0.22
2098	0.15
2099	0.12
2100	0.13
2101	-0.03
2102	0.23
2103	-0.74
2104	0.11
2105	-0.17
2106	0.18
2107	0.28
2108	0.3
2109	0.33
2110	0.37
2111	0.27
2112	0.12
2113	0.31
2114	0.29
2115	0.05
2116	0.08
2117	0.14
2118	0.08
2119	0.33
2120	0.24
2121	0.27
2122	0.16
2123	0.43
2124	0.26
2125	0.43
2126	0.34
2127	0.32
2128	0.35
2129	-0.01
2130	0.28
2131	0.28
2132	0.15
2133	0.16
2134	0.18
2135	0.4
2136	0.32
2137	0.25
2138	0.23
2139	0.43
2140	0.28
2141	0.41
2142	0.12
2143	0.51
2144	0.42
2145	0.23
2146	0.21
2147	0.26
2148	0.15
2149	0.42
2150	0.05
2151	0.26
2152	0.36
2153	0.66
2154	0.25
2155	0.27
2156	0.16
2157	0.28
2158	-0.21
2159	-0.05
2160	0.3
2161	0.33
2162	0.22
2163	0.58
2164	0.06
2165	0.29
2166	0.06
2167	0.36
2168	0.13
2169	0.24
2170	0.07
2171	0.39
2172	0.13
2173	0.42
2174	0.19
2175	0.27
2176	0.18
2177	0.28
2178	0.18
2179	0.17
2180	0
2181	0.39
2182	0.3
2183	0.38
2184	0.18
2185	0.57
2186	-0.02
2187	0.52
2188	0.14
2189	0.22
2190	0.21
2191	0.52
2192	0.22
2193	0.17
2194	0.27
2195	0.15
2196	0.28
2197	0.34
2198	0.35
2199	0.38
2200	0.23
2201	0.51
2202	0.3
2203	0.14
2204	0.31
2205	0.06
2206	0.17
2207	0.28
2208	0.25
2209	0.45
2210	0.27
2211	0.41
2212	0.37
2213	0.44
2214	0.36
2215	0.56
2216	0.32
2217	0.35
2218	0.17
2219	0.64
2220	0.33
2221	0.6
2222	0.14
2223	0.3
2224	0.08
2225	0.14
2226	0.21
2227	0.22
2228	0.23
2229	0.09
2230	0.51
2231	0.24
2232	-0.05
2233	0.15
2234	-0.05
2235	-0.01
2236	0.15
2237	0.38
2238	0.32
2239	0.33
2240	0.07
2241	0.52
2242	0.43
2243	0.28
2244	0.2
2245	0.27
2246	0.15
2247	0.29
2248	0.49
2249	0.16
2250	0.03
2251	0.22
2252	0.31
2253	0.36
2254	0.17
2255	0.42
2256	0.41
2257	0.33
2258	0.53
2259	1.03
2260	0.91
2261	0.93
2262	0.81
2263	0.8
2264	0.42
2265	-0.32
2266	-2.58
2267	0.02
2268	0.23
2269	-0.03
2270	-0.1
2271	0.15
2272	0.11
2273	0.38
2274	0.32
2275	0.29
2276	0.17
2277	0.57
2278	-0.03
2279	0.22
2280	0.17
2281	-0.2
2282	0.34
2283	0.28
2284	0.1
2285	0.32
2286	-0.21
2287	0.1
2288	-0.09
2289	0.05
2290	0.3
2291	0.54
2292	0.19
2293	-0.17
2294	0.1
2295	0.4
2296	0.19
2297	0.18
2298	0.1
2299	-0.28
2300	0.11
2301	-0.1
2302	0.04
2303	0.2
2304	-0.14
2305	0.4
2306	0.17
2307	0.16
2308	0.04
2309	-0.13
2310	-0.02
2311	0.26
2312	0.23
2313	0.25
2314	-0.04
2315	0.2
2316	0.46
2317	0.06
2318	0.2
2319	-0.02
2320	0.26
2321	0.36
2322	0.14
2323	0.46
2324	-0.06
2325	0.6
2326	0.18
2327	0.1
2328	0.33
2329	0.56
2330	0.25
2331	0.55
2332	0.33
2333	-0.18
2334	0.71
2335	0.39
2336	-0.14
2337	0.29
2338	-0.39
2339	0.28
2340	0.07
2341	0.24
2342	0.19
2343	0.43
2344	0.29
2345	0.41
2346	-0.37
2347	0.61
2348	0.18
2349	0.29
2350	0.37
2351	0.54
2352	0.51
2353	0.33
2354	0.3
2355	0.47
2356	-0.24
2357	-0.05
2358	0.23
2359	0.33
2360	0.26
2361	0.37
2362	0.24
2363	0.2
2364	0.26
2365	0.22
2366	-0.11
2367	0
2368	0.17
2369	0
2370	0.35
2371	0.14
2372	0.62
2373	0.62
2374	0.26
2375	0.48
2376	0.27
2377	0.33
2378	0.37
2379	0.18
2380	0.31
2381	0.36
2382	0.09
2383	0.49
2384	0.31
2385	0.45
2386	-0.23
2387	0.27
2388	0.15
2389	0.16
2390	0.19
2391	0.53
2392	0.19
2393	0.26
2394	-0.27
2395	0.24
2396	-0.02
2397	0.26
2398	0.32
2399	0.73
2400	0.37
2401	-0.14
2402	0.29
2403	0.47
2404	0.22
2405	0.4
2406	0.67
2407	0.42
2408	0.42
2409	0.36
2410	0.1
2411	0.23
2412	0.27
2413	0.33
2414	0.27
2415	0.5
2416	0.36
2417	-0.06
2418	0.27
2419	0.39
2420	0.34
2421	0.83
2422	0.43
2423	0
2424	-0.16
2425	0.26
2426	0.2
2427	0.25
2428	0.37
2429	0.54
2430	-0.05
2431	-0.26
2432	0.15
2433	0.3
2434	0.3
2435	0.26
2436	0.08
2437	0.31
2438	0.19
2439	0.22
2440	0.04
2441	0.28
2442	0.19
2443	0.45
2444	0.01
2445	0.2
2446	0.56
2447	0.64
2448	0.51
2449	0.31
2450	0.17
2451	0.36
2452	0.05
2453	-0.29
2454	0.11
2455	0.22
2456	0.12
2457	0.23
2458	0.18
2459	0.47
2460	0.18
2461	0.31
2462	0.01
2463	0.11
2464	0.1
2465	0.34
2466	0.22
2467	0.47
2468	0.39
2469	0.3
2470	0.25
2471	0.3
2472	0.44
2473	0.44
2474	0.21
2475	0.57
2476	0.1
2477	0.16
2478	-0.01
2479	0.21
2480	0.08
2481	0.13
2482	-0.13
2483	0.08
2484	0.01
2485	0.25
2486	0.31
2487	0.02
2488	0.1
2489	0.24
2490	0.31
2491	0.43
2492	0.23
2493	0.35
2494	0.44
2495	0.38
2496	0.38
2497	0.28
2498	0.41
2499	0.39
2500	0.29
2501	-0.24
2502	-0.01
2503	0.29
2504	0.18
2505	0.36
2506	0.08
2507	-2.17
2508	0.54
2509	0.36
2510	0.2
2511	0.26
2512	0.29
2513	0.49
2514	0.07
2515	0.36
2516	0.34
2517	0.39
2518	0.22
2519	0.37
2520	0.18
2521	-0.11
2522	0.18
2523	0.4
2524	0.2
2525	0.16
2526	0.18
2527	0.24
2528	-0.14
2529	0.39
2530	0.08
2531	0.22
2532	0.22
2533	0.42
2534	0.26
2535	0.55
2536	0.38
2537	0.28
2538	-0.07
2539	0.22
2540	0.46
2541	0.49
2542	0.14
2543	0.44
2544	0.04
2545	0.36
2546	0.28
2547	0.58
2548	0.24
2549	0.39
2550	0.23
2551	0.52
2552	0.16
2553	0.41
2554	0.08
2555	0.31
2556	0.14
2557	-0.13
2558	0.3
2559	0.61
2560	0.35
2561	-0.23
2562	-0.13
2563	0.37
2564	0.09
2565	0.3
2566	0.23
2567	0.41
2568	0.14
2569	0.47
2570	0.2
2571	0.47
2572	0.32
2573	0.56
2574	0.26
2575	0.19
2576	0.1
2577	0.5
2578	0.2
2579	0.23
2580	0.12
2581	0.19
2582	0
2583	0.43
2584	0.29
2585	0.23
2586	-0.06
2587	0.19
2588	0.15
2589	0.16
2590	0.09
2591	0.28
2592	0.44
2593	0.63
2594	-0.14
2595	0.58
2596	0.19
2597	0.3
2598	0.02
2599	0.46
2600	0.24
2601	0.44
2602	0.3
2603	0.29
2604	0.19
2605	0.4
2606	0.11
2607	0.15
2608	0.26
2609	0.38
2610	0.22
2611	0.42
2612	0.01
2613	0.15
2614	0.23
2615	0.22
2616	0.37
2617	0.09
2618	0.13
2619	0.24
2620	0.23
2621	0.4
2622	0.12
2623	0.16
2624	0.03
2625	0.16
2626	0.04
2627	0.29
2628	0
2629	0.32
2630	-0.02
2631	0.09
2632	0
2633	0.32
2634	-0.11
2635	0.17
2636	0.16
2637	0.26
2638	0.32
2639	0.7
2640	-0.42
2641	0.2
2642	0.46
2643	0.22
2644	0.41
2645	0.19
2646	0.37
2647	0.51
2648	0.31
2649	0.35
2650	0.54
2651	0.38
2652	-0.09
2653	0.04
2654	0.26
2655	0.47
2656	0.23
2657	0.13
2658	0.25
2659	-0.52
2660	0.06
2661	0.27
2662	0.09
2663	0.49
2664	0.16
2665	0.06
2666	0.13
2667	0.3
2668	0.29
2669	0.11
2670	0.47
2671	-0.11
2672	0.17
2673	0.64
2674	-0.05
2675	-0.36
2676	-0.77
2677	0.02
2678	-0.94
2679	0
2680	-0.2
2681	0.1
2682	0.08
2683	-0.18
2684	0.3
2685	0.38
2686	0.55
2687	0.24
2688	0.22
2689	0.34
2690	0.3
2691	0.23
2692	0.18
2693	0.16
2694	0.05
2695	0
2696	0.17
2697	0.16
2698	0.1
2699	0.29
2700	0.12
2701	0.17
2702	0
2703	0.15
2704	0.27
2705	0.32
2706	-0.19
2707	0.68
2708	0.35
2709	0.55
2710	0.25
2711	0.54
2712	0.22
2713	0.55
2714	0.38
2715	0.46
2716	0.29
2717	0.28
2718	0.12
2719	0.32
2720	0.23
2721	0.4
2722	0.1
2723	0.11
2724	0.36
2725	0.43
2726	-0.37
2727	0.1
2728	0.2
2729	0.69
2730	0.49
2731	0.7
2732	0.21
2733	0.65
2734	0.15
2735	0.41
2736	0.18
2737	0.5
2738	0.27
2739	0.54
2740	0.34
2741	0.06
2742	0.27
2743	0
2744	0.24
2745	0.46
2746	-0.58
2747	0.27
2748	0.13
2749	0.32
2750	0.17
2751	0.27
2752	0.12
2753	0.33
2754	0.32
2755	0.33
2756	0.22
2757	0.49
2758	0.26
2759	0.29
2760	0.36
2761	-0.09
2762	0.04
2763	0.5
2764	-0.15
2765	-0.58
2766	0.32
2767	0.32
2768	0.31
2769	0.33
2770	0.34
2771	-0.04
2772	0.41
2773	0.14
2774	0.51
2775	-0.09
2776	0.07
2777	-0.02
2778	0.45
2779	0.23
2780	0.61
2781	0.44
2782	0.42
2783	-1.42
2784	0.16
2785	-0.09
2786	0
2787	0.23
2788	0.54
2789	0.36
2790	0.44
2791	0.4
2792	0.48
2793	0.32
2794	0.27
2795	0.13
2796	0.25
2797	0.04
2798	0.19
2799	0.04
2800	0.18
2801	0.17
2802	0.51
2803	0.2
2804	0.09
2805	0.13
2806	0.53
2807	0.31
2808	0.49
2809	0.27
2810	0.4
2811	0.19
2812	0.5
2813	0.39
2814	0.15
2815	0.21
2816	0.16
2817	0.16
2818	0.1
2819	0.17
2820	0
2821	0.05
2822	0.1
2823	0.05
2824	0.15
2825	0.34
2826	0.49
2827	0.06
2828	0.84
2829	-0.28
2830	-2.58
2831	0.35
2832	0.4
2833	0.53
2834	0.28
2835	0.46
2836	0.48
2837	0.3
2838	0.16
2839	0.22
2840	0.47
2841	-0.15
2842	0.33
2843	0
2844	0.32
2845	0.08
2846	0.08
2847	0.21
2848	0.02
2849	0.35
2850	-0.63
2851	0
2852	0.06
2853	0.24
2854	0.32
2855	0.24
2856	0.2
2857	0.18
2858	0.28
2859	0.22
2860	0.09
2861	-0.02
2862	0.19
2863	0.64
2864	0.22
2865	-0.02
2866	0.1
2867	0.17
2868	0.4
2869	0.21
2870	0.1
2871	0.16
2872	0.24
2873	0.14
2874	0.46
2875	0.28
2876	0.31
2877	0.26
2878	0.39
2879	0.07
2880	0.13
2881	0.28
2882	0.47
2883	0.09
2884	0.45
2885	0.25
2886	0.18
2887	0.05
2888	0.21
2889	-0.02
2890	0.01
2891	0.11
2892	0.01
2893	0.1
2894	0.02
2895	0.21
2896	0.27
2897	0.21
2898	0.41
2899	0.41
2900	0.56
2901	0.32
2902	0.51
2903	0.22
2904	0.53
2905	0.19
2906	0.18
2907	0.07
2908	0.2
2909	0.22
2910	0
2911	0.19
2912	0.35
2913	-0.14
2914	0.66
2915	0.15
2916	0.31
2917	0.15
2918	0.37
2919	0.16
2920	0.31
2921	0.23
2922	0.25
2923	0.4
2924	0.56
2925	0.31
2926	0.28
2927	0.41
2928	0.37
2929	0.32
2930	0.32
2931	0.37
2932	0.6
2933	0.23
2934	0.28
2935	0.22
2936	0.53
2937	0.41
2938	0.24
2939	0.19
2940	0.18
2941	0.05
2942	0.37
2943	0.21
2944	0.23
2945	0.27
2946	0.4
2947	0.28
2948	0.52
2949	0.54
2950	0.32
2951	0.06
2952	0.53
2953	0.35
2954	0.6
2955	0.47
2956	0.48
2957	0.3
2958	0.45
2959	0.23
2960	0.41
2961	0.23
2962	0.61
2963	0.42
2964	0.52
2965	0.33
2966	0.57
2967	0.42
2968	0.51
2969	0.19
2970	0.39
2971	0.26
2972	0.67
2973	0.32
2974	0.67
2975	0.09
2976	0.24
2977	0.4
2978	0.35
2979	0.42
2980	0.58
2981	0.28
2982	0.37
2983	0.2
2984	0.37
2985	0.3
2986	0.3
2987	0.31
2988	0.24
2989	-0.33
2990	0.31
2991	0.22
2992	0.39
2993	0.08
2994	0.26
2995	0
2996	0.27
2997	0.09
2998	0.45
2999	0.26
3000	0.27
3001	0.15
3002	0.22
3003	0.37
3004	0.26
3005	0.21
3006	0.37
3007	0.29
3008	0.25
3009	0.04
3010	0.17
3011	0.12
3012	0.17
3013	0.12
3014	0.08
3015	0.1
3016	0.29
3017	0.21
3018	0.3
3019	0.3
3020	0.21
3021	0.21
3022	0.32
3023	0.15
3024	0.2
3025	0.1
3026	0.2
3027	0.03
3028	0.21
3029	0.05
3030	0.21
3031	0.05
3032	0.07
3033	0.23
3034	0.22
3035	-0.17
3036	0.33
3037	0.26
3038	-0.07
3039	0.03
3040	-0.3
3041	0.1
3042	0.31
3043	-0.05
3044	0.28
3045	0.08
3046	0.2
3047	0.13
3048	0.26
3049	0.22
3050	0.24
3051	0.32
3052	0.09
3053	0.32
3054	0.26
3055	0.16
3056	0.19
3057	0.13
3058	0.32
3059	0.24
3060	0.26
3061	0.01
3062	0.3
3063	0.26
3064	0.56
3065	0.47
3066	0.55
3067	0.15
3068	0.41
3069	0.22
3070	0.32
3071	-0.76
3072	0.07
3073	0.23
3074	0.43
3075	0.2
3076	0.54
3077	0.07
3078	0.39
3079	0.14
3080	-0.13
3081	0.08
3082	0.08
3083	-0.11
3084	0.16
3085	-0.02
3086	0.14
3087	0.07
3088	0.11
3089	-0.08
3090	0.55
3091	0.26
3092	0.72
3093	0.11
3094	0.19
3095	0.26
3096	0.71
3097	-0.07
3098	0.32
3099	-0.22
3100	0.39
3101	0.04
3102	0.07
3103	0.1
3104	0.27
3105	0.08
3106	0.5
3107	-0.07
3108	0.14
3109	0.08
3110	0.3
3111	0.26
3112	0.43
3113	0.18
3114	0.56
3115	-0.17
3116	0.47
3117	0.22
3118	0.52
3119	0.22
3120	0.37
3121	0.32
3122	0.52
3123	0.35
3124	0.4
3125	-0.2
3126	0.26
3127	0.23
3128	0.61
3129	-0.56
3130	-0.66
3131	-0.15
3132	0.05
3133	0.36
3134	0.42
3135	0.25
3136	0.3
3137	0.15
3138	0.64
3139	0.4
3140	0.27
3141	0.2
3142	0.42
3143	-0.09
3144	0.31
3145	0.17
3146	0.6
3147	1.14
3148	0.51
3149	0
3150	0.73
3151	0.11
3152	0.37
3153	0.21
3154	0.17
3155	0.22
3156	0.41
3157	0.35
3158	0.57
3159	0.53
3160	0.29
3161	0.16
3162	0.63
3163	0.34
3164	0.55
3165	0.43
3166	0.51
3167	0.3
3168	0.58
3169	0.5
3170	0.57
3171	0.37
3172	0.66
3173	0.45
3174	0.41
3175	0.26
3176	0.23
3177	-0.08
3178	0.07
3179	0.26
3180	0.51
3181	0.35
3182	0.46
3183	0.03
3184	0.18
3185	0.36
3186	0.35
3187	0.07
3188	0.56
3189	0.34
3190	0.77
3191	-1.36
3192	-0.85
3193	0.02
3194	0
3195	-0.79
3196	-0.33
3197	0.01
3198	0
3199	0.35
3200	0
3201	0
3202	0.14
3203	0.12
3204	0
3205	0.1
3206	0.08
3207	0.21
3208	0.17
3209	-0.26
3210	0.42
3211	-0.06
3212	-0.95
3213	0.2
3214	0.36
3215	0.04
3216	0.32
3217	0.2
3218	0.31
3219	0.34
3220	0.34
3221	0.35
3222	0.36
3223	0.17
3224	0.33
3225	0.33
3226	0.24
3227	0.24
3228	0.15
3229	0.2
3230	0.12
3231	0.28
3232	0.43
3233	0.33
3234	0.55
3235	0.1
3236	0.75
3237	0.54
3238	0.67
3239	0.36
3240	0.56
3241	0.29
3242	0.29
3243	0.19
3244	0.23
3245	0.3
3246	0.13
3247	0.32
3248	0.34
3249	0.36
3250	0.29
3251	0.16
3252	0.25
3253	0.04
3254	0.28
3255	0.27
3256	0.22
3257	0.21
3258	0.34
3259	0.16
3260	0.23
3261	0.33
3262	0.29
3263	0.29
3264	0.04
3265	0.09
3266	0.36
3267	0.21
3268	0.44
3269	0.26
3270	0.25
3271	0.27
3272	0.37
3273	0.25
3274	0.27
3275	0.21
3276	0.34
3277	0.26
3278	0.13
3279	0.21
3280	0.29
3281	0.21
3282	0.33
3283	0.03
3284	0.1
3285	0.17
3286	0.23
3287	-0.49
3288	0.19
3289	0.21
3290	-0.78
3291	0.07
3292	0.32
3293	0.4
3294	0.44
3295	0.42
3296	0.4
3297	-0.02
3298	0.64
3299	0.12
3300	0.45
3301	0.24
3302	0.31
3303	0.37
3304	0.38
3305	0.1
3306	0.35
3307	0.21
3308	0.72
3309	0.06
3310	0.26
3311	0.25
3312	0.41
3313	0.3
3314	0.09
3315	0.33
3316	0.34
3317	0.2
3318	0.47
3319	0.17
3320	0.34
3321	0.2
3322	0.38
3323	0.19
3324	0.12
3325	-0.05
3326	0.17
3327	0.18
3328	0.27
3329	0.15
3330	0.42
3331	0.25
3332	0.35
3333	0.43
3334	0.5
3335	0.3
3336	0.41
3337	0.32
3338	0.62
3339	0.06
3340	0.66
3341	-0.32
3342	0.33
3343	0.39
3344	0.3
3345	0.22
3346	0.38
3347	-0.04
3348	0.23
3349	-0.01
3350	-0.09
3351	0.13
3352	0.21
3353	0.22
3354	0.89
3355	0.56
3356	0.41
3357	0.14
3358	0.51
3359	0.39
3360	-0.49
3361	0.53
3362	-0.07
3363	0.07
3364	-0.28
3365	0.28
3366	0.2
3367	0.31
3368	-0.51
3369	0.11
3370	-0.06
3371	0.18
3372	0.29
3373	0.31
3374	0.38
3375	0.17
3376	0.2
3377	0.09
3378	0.25
3379	0.13
3380	0.24
3381	0.09
3382	0.13
3383	0.09
3384	0.07
3385	0.13
3386	0.08
3387	-0.16
3388	0.26
3389	0.24
3390	0.2
3391	0.2
3392	0.39
3393	0.29
3394	0.27
3395	0.6
3396	0.6
3397	0.54
3398	0.47
3399	0.2
3400	0.32
3401	0.3
3402	0.45
3403	0.11
3404	0.16
3405	0.05
3406	0.26
3407	0.21
3408	0.37
3409	0.4
3410	0.44
3411	0.37
3412	0.34
3413	0.05
3414	0.03
3415	0.38
3416	0.51
3417	0.16
3418	0.46
3419	-0.02
3420	0.38
3421	0.23
3422	0.39
3423	0.21
3424	0.31
3425	-0.37
3426	0.33
3427	0.04
3428	0.43
3429	0.18
3430	0.34
3431	0.33
3432	0.42
3433	0.37
3434	-0.28
3435	0.03
3436	-1.27
3437	-1.79
3438	0.26
3439	0.25
3440	0.33
3441	0.21
3442	0.33
3443	0
3444	0.34
3445	0.11
3446	0.33
3447	-0.18
3448	0.62
3449	-0.3
3450	0.15
3451	0.13
3452	0.1
3453	0.19
3454	0.36
3455	0.15
3456	0.13
3457	0.05
3458	0.33
3459	0.24
3460	0.33
3461	0.22
3462	0.25
3463	0.15
3464	0.02
3465	0.09
3466	0.69
3467	-0.28
3468	-0.25
3469	-0.09
3470	0.24
3471	0.08
3472	0.14
3473	0.18
3474	0.23
3475	0.06
3476	0.35
3477	0.18
3478	0.26
3479	0.2
3480	0.76
3481	0.57
3482	0.48
3483	0.61
3484	0.78
3485	0.49
3486	0.35
3487	0.23
3488	0.43
3489	0.2
3490	0.32
3491	0.33
3492	0.54
3493	0.26
3494	0.71
3495	0.5
3496	0.67
3497	0.24
3498	0.63
3499	0.3
3500	0.49
3501	0.3
3502	0.48
3503	0.27
3504	0.46
3505	0.35
3506	0.66
3507	0.5
3508	0.72
3509	0.21
3510	0.85
3511	0.29
3512	0.23
3513	0.1
3514	0.41
3515	0.37
3516	0.48
3517	0.27
3518	0.29
3519	0.09
3520	0.44
3521	0.13
3522	0.45
3523	0.18
3524	0.46
3525	0.18
3526	0.45
3527	0.16
3528	0.21
3529	0.53
3530	0.21
3531	0.4
3532	0.19
3533	0.19
3534	0.48
3535	0.51
3536	0.29
3537	0.42
3538	0.34
3539	0.1
3540	0.21
3541	0.44
3542	0.45
3543	0.31
3544	0.28
3545	0.29
3546	0.39
3547	-0.2
3548	0.3
3549	0.44
3550	0.35
3551	0.51
3552	0.45
3553	0.6
3554	0.35
3555	0.22
3556	0.25
3557	0.55
3558	0.31
3559	0.5
3560	0.29
3561	0.44
3562	0.52
3563	0.32
3564	0.17
3565	0.31
3566	0.34
3567	0.28
3568	0.09
3569	0.34
3570	0.48
3571	0.23
3572	0.41
3573	0.3
3574	0.36
3575	0.51
3576	0.15
3577	0.4
3578	0.3
3579	0.41
3580	0.29
3581	0.32
3582	0.28
3583	0.49
3584	0.36
3585	0.26
3586	0.57
3587	0.07
3588	0.24
3589	0.46
3590	0.2
3591	0.39
3592	0.28
3593	0.35
3594	0.16
3595	-0.3
3596	0.19
3597	0.08
3598	0.42
3599	0.31
3600	-0.02
3601	0.34
3602	0.08
3603	0.36
3604	0.18
3605	0.52
3606	0.16
3607	0.24
3608	0.14
3609	0.32
3610	0.31
3611	0.03
3612	0.05
3613	0.1
3614	0.33
3615	0.25
3616	0.22
3617	0.23
3618	0.14
3619	0.16
3620	0.37
3621	0.08
3622	0.29
3623	0.24
3624	0.45
3625	0.49
3626	0.58
3627	0.34
3628	0.34
3629	0.36
3630	0.49
3631	0.29
3632	0.41
3633	0.32
3634	-0.02
3635	0.22
3636	0.13
3637	0.15
3638	0.17
3639	0.07
3640	0.19
3641	0.19
3642	0.28
3643	0.17
3644	-0.18
3645	-0.16
3646	-0.01
3647	0.29
3648	0.35
3649	0.24
3650	0.32
3651	0.53
3652	0.38
3653	0.28
3654	0.47
3655	0.45
3656	0.42
3657	0.42
3658	0.12
3659	0.71
3660	-0.81
3661	0.44
3662	-0.28
3663	0.42
3664	0.41
3665	0.49
3666	-0.1
3667	0.18
3668	0.42
3669	0.27
3670	0.16
3671	0.68
3672	0.47
3673	0.11
3674	0.42
3675	0.32
3676	0.22
3677	0.2
3678	0.21
3679	0.12
3680	0.55
3681	0.24
3682	0.26
3683	0.13
3684	0.25
3685	0.11
3686	0.42
3687	0.45
3688	0.38
3689	0.33
3690	0.23
3691	0.2
3692	0.43
3693	0.33
3694	0.28
3695	0.28
3696	0.36
3697	0.35
3698	0.49
3699	0.29
3700	0.27
3701	0.08
3702	0.49
3703	0.43
3704	0.68
3705	0.21
3706	0.25
3707	0.15
3708	0.55
3709	0.34
3710	0.52
3711	0.3
3712	0.31
3713	0.03
3714	0.55
3715	-0.01
3716	0.25
3717	0.27
3718	0.45
3719	0.19
3720	0.66
3721	0.27
3722	0.38
3723	-0.06
3724	0.53
3725	0.24
3726	0.4
3727	0.25
3728	0.26
3729	0.22
3730	0.27
3731	0.28
3732	0.35
3733	0.22
3734	0.3
3735	-0.03
3736	0.14
3737	0.25
3738	0.26
3739	0.11
3740	0.27
3741	0.24
3742	0.29
3743	0.22
3744	0.43
3745	0.31
3746	0.66
3747	0.34
3748	0.32
3749	0.14
3750	0
3751	0.12
3752	0.34
3753	0.16
3754	0
3755	0.17
3756	0.32
3757	-0.07
3758	0.34
3759	0.24
3760	0.25
3761	0.32
3762	0.45
3763	0.38
3764	0.37
3765	0.26
3766	-0.05
3767	0.3
3768	-0.08
3769	0.1
3770	0.37
3771	0.15
3772	0.36
3773	0.18
3774	-0.21
3775	-0.01
3776	0.19
3777	0.05
3778	0.42
3779	0.39
3780	0.31
3781	0.44
3782	0.44
3783	0.28
3784	0.25
3785	0.14
3786	0.41
3787	0.11
3788	0.43
3789	0.11
3790	0.31
3791	0.53
3792	0.36
3793	0.28
3794	0.34
3795	0.13
3796	0.28
3797	0.07
3798	0.23
3799	0.05
3800	0.11
3801	0.1
3802	0.26
3803	0.09
3804	0.25
3805	0.26
3806	0.35
3807	0.2
3808	0.2
3809	0.04
3810	0.3
3811	-0.08
3812	0.68
3813	0.29
3814	0.34
3815	0.1
3816	0.16
3817	-0.02
3818	0.23
3819	0.19
3820	0.45
3821	0.21
3822	0.29
3823	0.25
3824	0.43
3825	0.13
3826	0.16
3827	0.22
3828	0.34
3829	0.24
3830	0.23
3831	0.21
3832	-1.49
3833	0.09
3834	0.38
3835	0.11
3836	0.18
3837	0.14
3838	0.14
3839	0.27
3840	-0.07
3841	0.25
3842	0.29
3843	0.35
3844	0.32
3845	0.22
3846	0.38
3847	0.28
3848	0.38
3849	0.31
3850	0.27
3851	0.4
3852	0.06
3853	0.19
3854	0.27
3855	0.03
3856	-0.3
3857	0.02
3858	0.24
3859	0.11
3860	0.2
3861	0.09
3862	0.2
3863	0
3864	0.75
3865	0.29
3866	0.38
3867	0.41
3868	0.51
3869	0.33
3870	0.51
3871	-0.15
3872	0.68
3873	0.28
3874	0.53
3875	0.28
3876	0.48
3877	0.66
3878	0.97
3879	0.08
3880	0.52
3881	0.04
3882	0.16
3883	0.17
3884	-0.14
3885	0.07
3886	0.52
3887	0.3
3888	0.49
3889	0.19
3890	0.48
3891	0.26
3892	0.45
3893	0.38
3894	0.6
3895	0.44
3896	0.57
3897	0.77
3898	0.85
3899	0.37
3900	0.54
3901	0.33
3902	0.63
3903	0.25
3904	0.41
3905	0.34
3906	0.4
3907	0.27
3908	0.36
3909	0.12
3910	0.43
3911	0.11
3912	0.37
3913	0.27
3914	0.5
3915	-0.19
3916	0.38
3917	0.09
3918	0.46
3919	0.14
3920	0.31
3921	0.3
3922	0.42
3923	0.16
3924	0.23
3925	0.24
3926	0.59
3927	0.01
3928	0.44
3929	-0.08
3930	0.43
3931	-0.02
3932	0.13
3933	0.27
3934	0.42
3935	-0.18
3936	0.34
3937	0.2
3938	0.77
3939	0.44
3940	0.83
3941	0.42
3942	0.68
3943	0.42
3944	0.67
3945	0.54
3946	0.66
3947	0.6
3948	0.48
3949	0.22
3950	0.51
3951	0.36
3952	0.26
3953	0.41
3954	-2.22
3955	0.44
3956	0.38
3957	0.25
3958	0.29
3959	0.59
3960	0.27
3961	0.14
3962	0.29
3963	0.26
3964	-0.39
3965	1.07
3966	0.18
3967	-0.29
3968	0.47
3969	0
3970	-1.74
3971	0.13
3972	0.19
3973	0.22
3974	0
3975	0.74
3976	0.64
3977	-3
3978	0.19
3979	0.32
3980	0.15
3981	0
3982	0.47
3983	0.3
3984	0.43
3985	0.29
3986	0.42
3987	0.53
3988	0.34
3989	0.32
3990	0.21
3991	0.43
3992	-0.49
3993	0.32
3994	0.09
3995	0.35
3996	0.3
3997	0.06
3998	0.43
3999	0.18
4000	0.2
4001	0.37
4002	0
4003	0.42
4004	-0.3
4005	0.16
4006	0
4007	0.26
4008	0.36
4009	0.08
4010	0.25
4011	0.28
4012	0.26
4013	0.18
4014	0.39
4015	0.61
4016	0.35
4017	0.27
4018	0.42
4019	0.39
4020	0.16
4021	0.47
4022	-0.05
4023	0.44
4024	0.38
4025	0.27
4026	0.39
4027	0.11
4028	0
4029	-0.04
4030	-1.07
4031	0.38
4032	0.38
4033	0.46
4034	0.07
4035	0.08
4036	0.23
4037	0.28
4038	0.05
4039	0.34
4040	0.31
4041	-0.05
4042	-0.06
4043	-1.44
4044	0.24
4045	0.28
4046	0.21
4047	0.35
4048	-0.58
4049	0.44
4050	0.35
4051	0.38
4052	-0.78
4053	0.41
4054	0.19
4055	0.28
4056	0.23
4057	0.55
4058	0.17
4059	0.19
4060	0.26
4061	0.33
4062	0
4063	-143
4064	0
4065	0.37
4066	0.33
4067	0.46
4068	0.5
4069	0.48
4070	0.52
4071	0.42
4072	0.3
4073	0.09
4074	-0.28
4075	0.46
4076	0.5
4077	0.62
4078	0.44
4079	0.36
4080	-0.24
4081	0.27
4082	-0.14
4083	0.5
4084	0
4085	0.56
4086	0.32
4087	0.34
4088	0.26
4089	0.24
4090	0.21
4091	0.59
4092	0.4
4093	0.23
4094	0.76
4095	0.28
4096	0.46
4097	0.16
4098	0.31
4099	0.45
4100	0.53
4101	0
4102	0.6
4103	0.44
4104	0.48
4105	0.33
4106	0.36
4107	0.44
4108	0.64
4109	0.07
4110	0.44
4111	0.38
4112	0.4
4113	0.33
4114	0.65
4115	0.49
4116	0.35
4117	0.47
4118	0.53
4119	0.05
4120	0.27
4121	-0.26
4122	-1.44
4123	-0.35
4124	0.28
4125	0.25
4126	0.23
4127	0.33
4128	0.22
4129	0.19
4130	-0.06
4131	0.28
4132	0.52
4133	-0.32
4134	0.3
4135	0.31
4136	0
4137	0.29
4138	-0.26
4139	0.11
4140	0.03
4141	0.29
4142	0.27
4143	0.52
4144	0.41
4145	0.4
4146	0.16
4147	0.36
4148	-0.32
4149	0.3
4150	0.19
4151	0.28
4152	0.24
4153	-0.03
4154	-0.1
4155	0.55
4156	0.44
4157	0.67
4158	0.1
4159	0.22
4160	-0.13
4161	-0.81
4162	0.26
4163	0.85
4164	0.79
4165	-0.68
4166	0.27
4167	0
4168	0.29
4169	0.33
4170	0.23
4171	0.14
4172	0.36
4173	0.17
4174	0.52
4175	-0.08
4176	0.21
4177	0.4
4178	-0.22
4179	0.05
4180	0.54
4181	0.25
4182	0.18
4183	0.69
4184	0.27
4185	-0.49
4186	-1.46
4187	0.3
4188	-0.11
4189	0.64
4190	0.18
4191	0.22
4192	0.37
4193	0
4194	-2.81
4195	0.26
4196	0.05
4197	0.31
4198	0.29
4199	0.29
4200	0.39
4201	0.39
4202	-0.74
4203	0.19
4204	0.44
4205	-0.1
4206	0.02
4207	0.41
4208	-0.27
4209	0.32
4210	-0.68
4211	0.31
4212	-0.06
4213	3.7
4214	0.22
4215	0.19
4216	0.32
4217	-0.64
4218	0.23
4219	0.11
4220	0.14
4221	0.56
4222	0.13
4223	0.48
4224	0.07
4225	0.02
4226	0.22
4227	0.4
4228	-0.32
4229	-0.24
4230	0.34
4231	0.53
4232	0.37
4233	0.44
4234	0.05
4235	-0.26
4236	0.47
4237	0.36
4238	-1
4239	0.66
4240	0
4241	0.23
4242	0
4243	-2
4244	0.42
4245	0.55
4246	0.39
4247	-0.1
4248	0.31
4249	0.49
4250	0.1
4251	0.68
4252	-0.03
4253	0.46
4254	0.12
4255	-0.45
4256	0.26
4257	0.34
4258	0.19
4259	0.6
4260	0.17
4261	-0.04
4262	0.37
4263	0.3
4264	0.47
4265	0.39
4266	0.42
4267	0.12
4268	0.54
4269	0.29
4270	0.17
4271	0.4
4272	0.45
4273	0.42
4274	0.4
4275	0.1
4276	0.55
4277	0.22
4278	0.85
4279	0.47
4280	1.05
4281	0.34
4282	0.71
4283	0.36
4284	0.22
4285	0.37
4286	0.42
4287	0
4288	0.06
4289	0.48
4290	0.43
4291	0.13
4292	0.02
4293	0.41
4294	0.41
4295	0.57
