1	-1.248
2	-0.415
3	1.000
4	
5	-2.700
6	-2.280
7	-0.737
8	
9	-3.561
10	-0.459
11	0.000
12	
13	-2.020
14	0.585
15	
16	
17	-0.314
18	16.610
19	2.000
20	
21	-0.345
22	-1.000
23	
24	
25	5.661
26	-2.891
27	-3.322
28	-4.369
29	-2.000
30	-1.040
31	-2.918
32	5.171
33	-2.459
34	-0.958
35	-2.044
36	-2.017
37	-1.516
38	-1.379
39	-1.067
40	-1.522
41	-1.447
42	-1.245
43	-2.165
44	-1.976
45	-1.134
46	-3.574
47	-2.369
48	-1.896
49	-1.719
50	-0.024
51	-1.629
52	-1.201
53	-1.447
54	-0.235
55	-0.823
56	-1.021
57	-1.538
58	-0.865
59	0.018
60	-0.050
61	-2.718
62	-0.014
63	-0.976
64	-0.948
65	-1.614
66	-0.730
67	-0.926
68	-0.807
69	0.807
70	-1.864
71	-0.950
72	-1.496
73	-0.963
74	-1.961
75	0.551
76	-1.663
77	-2.495
78	1.670
79	-0.815
80	-2.017
81	1.497
82	-2.497
83	-0.661
84	-0.610
85	-1.824
86	-2.661
87	-2.886
88	-2.314
89	-1.392
90	-3.352
91	-2.044
92	-2.573
93	-2.292
94	-2.757
95	-2.251
96	-1.844
97	-3.087
98	-3.896
99	-2.409
100	-2.797
101	-0.811
102	-1.663
103	-1.753
104	-2.490
105	-2.059
106	-1.885
107	-2.198
108	3.245
109	-3.275
110	-2.731
111	-2.790
112	-2.395
113	-3.547
114	-1.848
115	-1.988
116	-2.566
117	-2.199
118	-2.700
119	-1.040
120	-1.599
121	
122	16.610
123	-0.848
124	
125	0.636
126	-0.193
127	1.000
128	
129	-2.708
130	-3.379
131	-0.431
132	
133	-3.170
134	
135	-2.415
136	
137	
138	-0.737
139	
140	
141	2.322
142	-2.585
143	
144	16.610
145	-0.017
146	-2.439
147	-1.639
148	-1.544
149	-1.644
150	-1.607
151	-1.215
152	-1.354
153	-1.574
154	-1.814
155	-2.420
156	-3.055
157	-1.769
158	-2.700
159	-2.663
160	-2.453
161	-2.115
162	-2.272
163	-2.752
164	-1.807
165	-2.181
166	-2.066
167	-2.000
168	-2.433
169	-1.491
170	-2.073
171	-0.515
172	-3.083
173	-0.879
174	-3.544
175	2.214
176	-0.092
177	-5.190
178	-2.733
179	-2.369
180	-3.119
181	-0.247
182	-0.451
183	6.693
184	-0.976
185	1.238
186	-1.082
187	-2.081
188	-2.213
189	-0.029
190	-1.138
191	-1.649
192	-1.807
193	-3.038
194	-2.301
195	-2.170
196	-3.524
197	-2.104
198	-2.542
199	-0.057
200	-3.402
201	-2.517
202	-4.196
203	-2.188
204	-2.572
205	-2.455
206	-0.819
207	-3.990
208	-2.885
209	-3.710
210	-3.145
211	-5.285
212	-3.820
213	-2.693
214	-2.678
215	-3.550
216	-2.056
217	-2.852
218	-4.072
219	-4.100
220	-4.848
221	-2.695
222	-3.990
223	-2.125
224	-0.872
225	-2.913
226	-3.700
227	-3.000
228	-3.186
229	-3.080
230	-2.807
231	-3.747
232	-2.503
233	-3.293
234	-3.070
235	-3.907
236	-4.134
237	-3.973
238	-2.854
239	-3.760
240	-4.256
241	-0.926
242	0.363
243	
244	-1.737
245	-4.585
246	-0.907
247	16.610
248	
249	-3.000
250	0.000
251	
252	
253	
254	-2.138
255	
256	
257	16.610
258	-0.396
259	0.000
260	
261	-2.000
262	
263	0.737
264	16.610
265	-3.248
266	-0.742
267	-2.433
268	-2.260
269	-2.511
270	-1.109
271	0.174
272	-3.030
273	-2.157
274	-1.807
275	-2.907
276	-2.369
277	-0.896
278	-0.824
279	-1.869
280	-2.475
281	-1.415
282	-1.861
283	-0.980
284	-2.271
285	-4.015
286	0.699
287	-2.024
288	4.935
289	-0.630
290	-1.322
291	-1.598
292	-0.487
293	-3.415
294	-1.891
295	-3.985
296	-3.496
297	-1.348
298	-2.008
299	-1.986
300	1.018
301	-1.503
302	-0.787
303	-1.399
304	-1.067
305	4.271
306	-3.568
307	-2.046
308	-3.114
309	-1.334
310	-1.073
311	-1.000
312	-0.666
313	-0.340
314	-2.619
315	-2.452
316	0.996
317	0.107
318	-2.484
319	-1.124
320	-2.428
321	-0.527
322	-0.474
323	-2.497
324	-1.350
325	-3.691
326	-4.200
327	-3.256
328	-3.381
329	-4.000
330	-3.773
331	-2.779
332	-4.295
333	-2.624
334	0.152
335	-2.369
336	-3.342
337	-2.585
338	-2.379
339	-3.259
340	-4.496
341	-3.028
342	-2.301
343	-3.761
344	-2.131
345	-2.497
346	-3.119
347	-1.704
348	-3.630
349	-2.788
350	-2.515
351	-2.817
352	-3.807
353	-2.035
354	-3.615
355	-3.024
356	0.880
357	-1.986
358	-3.907
359	-3.891
360	-6.794
361	-1.485
362	-1.415
363	
364	0.000
365	-1.222
366	0.241
367	2.322
368	
369	-2.409
370	-3.907
371	
372	
373	-0.534
374	-1.415
375	16.610
376	-3.532
377	-1.322
378	
379	
380	
381	
382	2.807
383	1.000
384	-1.115
385	-2.056
386	-2.506
387	-2.503
388	-3.330
389	-2.440
390	-2.271
391	-2.776
392	-1.459
393	-2.080
394	-2.427
395	-2.290
396	-2.807
397	-0.444
398	-1.755
399	-2.704
400	-3.009
401	-3.954
402	-1.632
403	-2.102
404	-2.459
405	-0.610
406	
407	-2.644
408	1.157
409	-2.715
410	0.024
411	4.570
412	-2.392
413	-2.604
414	-1.091
415	-3.070
416	-2.000
417	-3.000
418	-3.757
419	-3.080
420	0.817
421	-0.107
422	-3.322
423	-1.572
424	-1.769
425	-1.244
426	-2.450
427	-1.667
428	-3.830
429	-3.295
430	2.051
431	-2.714
432	-1.457
433	-3.226
434	-3.700
435	-3.273
436	1.150
437	-3.790
438	-2.592
439	
440	-1.556
441	-4.621
442	-2.711
443	-3.123
444	-1.607
445	3.696
446	-3.134
447	-4.059
448	-2.889
449	-2.912
450	-4.719
451	-5.764
452	-4.054
453	-4.036
454	-2.083
455	-5.570
456	-4.495
457	-3.041
458	-4.755
459	-4.140
460	-5.000
461	-2.491
462	-1.540
463	-2.402
464	-2.254
465	-3.123
466	-3.841
467	-4.883
468	-3.476
469	-1.734
470	-2.185
471	-3.868
472	-3.700
473	-3.746
474	-4.883
475	-2.892
476	-2.818
477	-4.121
478	-1.235
479	-6.672
480	-3.865
481	-0.850
482	-2.000
483	0.000
484	-1.322
485	-1.036
486	
487	
488	
489	-2.737
490	-1.000
491	
492	
493	-1.659
494	0.000
495	
496	
497	-0.613
498	-1.943
499	16.610
500	
501	-1.056
502	16.610
503	-1.648
504	-1.222
505	-2.484
506	-1.778
507	-2.569
508	-2.389
509	-3.300
510	-1.444
511	-3.963
512	-2.087
513	-2.555
514	-3.022
515	-4.256
516	-4.135
517	-2.518
518	-2.034
519	-1.503
520	-1.208
521	-2.100
522	-2.081
523	-2.900
524	-2.063
525	-3.561
526	-2.874
527	-2.152
528	-5.170
529	-2.352
530	-0.790
531	5.048
532	-0.209
533	0.265
534	-2.215
535	-1.794
536	-0.703
537	-1.913
538	-2.183
539	-1.799
540	0.457
541	-2.082
542	-1.389
543	-2.835
544	-2.191
545	-1.322
546	-0.860
547	-1.242
548	-1.529
549	-1.439
550	-2.839
551	-1.897
552	-1.059
553	-2.082
554	-2.115
555	-1.087
556	-5.315
557	-2.426
558	-3.222
559	-2.016
560	-2.392
561	-3.093
562	-3.298
563	-3.194
564	-2.585
565	-2.197
566	-4.098
567	
568	-0.336
569	-2.332
570	-2.115
571	-4.487
572	-4.402
573	-1.272
574	-2.743
575	-1.962
576	-2.972
577	-1.977
578	-2.446
579	-4.412
580	-3.720
581	-4.610
582	-3.598
583	
584	-2.334
585	-1.260
586	-4.322
587	-3.837
588	-2.548
589	-3.036
590	-3.017
591	-3.126
592	-1.956
593	-3.435
594	-3.077
595	-1.244
596	0.059
597	-3.350
598	-3.807
599	-2.737
600	-5.150
601	2.807
602	-2.170
603	
604	-1.322
605	-1.585
606	-0.737
607	1.000
608	
609	-5.481
610	
611	0.746
612	
613	
614	1.700
615	-1.585
616	16.610
617	-2.322
618	1.585
619	0.000
620	
621	
622	
623	-2.322
624	16.610
625	-3.366
626	-2.830
627	-2.108
628	-4.392
629	-1.245
630	-0.949
631	-1.098
632	-2.668
633	-2.755
634	-2.376
635	-0.472
636	-2.848
637	-3.253
638	-1.729
639	-2.896
640	-1.670
641	-2.015
642	-1.766
643	-1.357
644	-1.697
645	-3.689
646	-2.658
647	-2.546
648	-3.778
649	-2.299
650	-0.592
651	-1.635
652	-1.401
653	-1.700
654	-2.897
655	0.506
656	-3.446
657	-2.663
658	-2.470
659	-0.773
660	-2.104
661	-0.781
662	-2.124
663	-2.737
664	-3.381
665	-0.354
666	-0.076
667	-3.609
668	-2.237
669	-0.524
670	-3.000
671	-1.468
672	-2.131
673	-2.831
674	-2.719
675	-2.250
676	-2.773
677	-2.312
678	-2.543
679	-2.265
680	-3.022
681	-0.958
682	-2.807
683	-1.639
684	-2.322
685	-3.062
686	-3.369
687	-4.073
688	-4.134
689	-4.009
690	-2.109
691	-3.469
692	-5.807
693	-6.542
694	-2.781
695	-1.604
696	-2.301
697	-2.193
698	-5.066
699	-5.492
700	-2.119
701	-3.505
702	-4.624
703	-5.381
704	-1.761
705	-4.087
706	-3.022
707	-3.420
708	-4.615
709	-4.392
710	-4.644
711	-3.269
712	-3.127
713	
714	-3.202
715	-4.404
716	-4.219
717	-5.919
718	-5.375
719	-3.688
720	
721	16.610
722	
723	-0.678
724	-1.322
725	
726	-1.503
727	-0.322
728	
729	
730	
731	
732	
733	
734	
735	
736	1.807
737	
738	
739	
740	
741	
742	0.000
743	-0.193
744	
745	
746	-3.907
747	-3.000
748	-6.340
749	-2.841
750	-3.574
751	-1.388
752	-3.974
753	-4.102
754	-2.503
755	
756	-4.621
757	-1.122
758	-0.365
759	-0.626
760	-1.597
761	-2.266
762	-2.094
763	-2.397
764	-2.621
765	-4.807
766	
767	-2.708
768	-4.115
769	-2.585
770	-2.267
771	-1.722
772	-1.273
773	-2.334
774	-2.062
775	-2.078
776	-1.019
777	-3.036
778	-2.807
779	-2.919
780	-2.989
781	-1.740
782	-1.564
783	-0.935
784	-1.095
785	-1.142
786	-1.861
787	-1.801
788	-1.415
789	-2.807
790	-1.801
791	0.694
792	-2.076
793	-2.428
794	-2.585
795	-1.130
796	0.836
797	-2.098
798	-2.958
799	-2.239
800	-3.796
801	-1.715
802	-1.254
803	-3.651
804	-2.988
805	-1.611
806	-3.534
807	-4.653
808	-6.022
809	-5.138
810	-3.517
811	-4.349
812	-4.858
813	-2.718
814	-2.640
815	-1.383
816	-3.763
817	-1.196
818	-2.407
819	-3.012
820	-5.392
821	-3.961
822	-3.585
823	3.886
824	-3.779
825	-3.914
826	-3.087
827	-2.425
828	1.318
829	-2.954
830	-1.973
831	-2.138
832	-0.541
833	-1.551
834	-1.731
835	-4.268
836	-4.143
837	-2.861
838	-3.112
839	-4.555
840	-3.231
841	
842	16.610
843	1.000
844	-0.415
845	
846	-1.503
847	-2.503
848	
849	-1.054
850	
851	16.610
852	
853	
854	2.000
855	16.610
856	0.000
857	-1.415
858	
859	-0.322
860	1.000
861	
862	-2.322
863	
864	
865	-3.573
866	-2.529
867	-1.713
868	-2.358
869	-1.248
870	-2.303
871	-1.454
872	-1.665
873	-2.775
874	-2.858
875	-2.322
876	-3.036
877	-1.843
878	0.940
879	-2.322
880	-3.000
881	0.418
882	-1.257
883	-2.095
884	-0.222
885	-3.732
886	-2.878
887	-2.234
888	-3.784
889	-1.675
890	-1.799
891	-1.939
892	-2.176
893	-3.585
894	-1.123
895	-1.807
896	-2.635
897	-3.615
898	-1.732
899	-1.554
900	2.904
901	-0.931
902	-1.866
903	-1.645
904	-3.043
905	-1.358
906	-1.891
907	-0.327
908	-3.333
909	-2.536
910	-2.807
911	-3.036
912	-1.363
913	-2.476
914	-2.449
915	-1.197
916	-0.848
917	-2.355
918	-2.780
919	-1.834
920	-2.988
921	-3.000
922	-1.107
923	-2.609
924	-0.213
925	-3.688
926	-3.585
927	-3.672
928	-4.112
929	-3.730
930	-3.241
931	-4.106
932	-1.959
933	-3.218
934	-2.785
935	-3.178
936	-5.304
937	-4.261
938	-2.948
939	-5.059
940	-0.543
941	-3.301
942	-2.244
943	-3.260
944	-3.283
945	-3.907
946	-4.334
947	1.240
948	-3.896
949	-2.913
950	-0.040
951	-1.572
952	-2.459
953	-4.807
954	-3.170
955	-1.421
956	-7.577
957	-3.615
958	
959	-4.334
960	-2.014
961	-2.390
962	
963	
964	
965	
966	
967	-1.585
968	
969	-1.752
970	-0.874
971	
972	
973	-0.432
974	-1.807
975	
976	
977	-0.636
978	
979	16.610
980	
981	-0.576
982	2.322
983	0.000
984	2.585
985	-3.435
986	-2.144
987	-3.516
988	-1.248
989	-3.711
990	-2.670
991	-3.335
992	-3.459
993	-2.308
994	-0.228
995	-4.248
996	-6.322
997	-1.409
998	-2.050
999	-0.304
1000	-1.785
1001	-1.788
1002	-2.456
1003	-2.196
1004	-1.566
1005	-2.275
1006	-2.547
1007	-1.780
1008	-4.531
1009	-0.913
1010	-3.406
1011	-0.427
1012	-1.172
1013	1.096
1014	-3.032
1015	-2.798
1016	-0.167
1017	-2.265
1018	-0.351
1019	-2.252
1020	-4.307
1021	-0.913
1022	-1.813
1023	-2.100
1024	-2.861
1025	-2.566
1026	-3.711
1027	-3.725
1028	-1.358
1029	-1.893
1030	-2.100
1031	0.837
1032	-2.196
1033	-2.406
1034	-2.379
1035	-0.937
1036	-2.161
1037	-3.110
1038	-2.147
1039	-3.313
1040	-2.110
1041	-1.885
1042	-2.497
1043	-2.755
1044	-3.750
1045	-1.747
1046	-2.214
1047	-5.816
1048	-3.799
1049	-3.966
1050	-4.858
1051	-3.714
1052	-4.000
1053	-0.956
1054	-2.534
1055	-0.067
1056	-2.282
1057	-2.112
1058	-1.379
1059	-4.428
1060	-3.306
1061	-4.977
1062	-1.078
1063	-2.124
1064	-1.497
1065	-3.891
1066	-2.459
1067	-2.000
1068	-2.974
1069	-2.196
1070	-3.256
1071	-3.538
1072	-1.237
1073	-3.607
1074	-5.129
1075	-4.931
1076	-4.487
1077	-2.000
1078	-2.924
1079	-2.976
1080	-4.020
1081	
1082	
1083	
1084	
1085	-1.585
1086	-2.322
1087	
1088	
1089	-4.375
1090	
1091	
1092	
1093	-1.737
1094	
1095	
1096	-1.000
1097	1.322
1098	
1099	
1100	
1101	-2.322
1102	2.322
1103	
1104	
1105	-0.615
1106	0.074
1107	-2.053
1108	
1109	-3.229
1110	-3.070
1111	-1.939
1112	-0.252
1113	-4.322
1114	-3.000
1115	-0.432
1116	-2.036
1117	-2.768
1118	-2.524
1119	1.597
1120	-2.170
1121	-0.972
1122	-6.658
1123	-4.466
1124	7.272
1125	-1.667
1126	-0.493
1127	-1.958
1128	1.447
1129	-0.604
1130	-2.404
1131	-2.481
1132	-2.519
1133	-3.687
1134	-2.747
1135	-0.856
1136	-3.107
1137	-2.332
1138	-2.037
1139	-2.193
1140	-0.626
1141	-1.150
1142	-1.729
1143	-3.737
1144	-1.505
1145	-0.621
1146	-1.529
1147	-0.431
1148	-1.575
1149	-0.690
1150	-0.112
1151	-1.126
1152	-0.956
1153	-3.415
1154	-2.494
1155	-3.788
1156	-2.828
1157	-2.850
1158	-1.737
1159	-3.939
1160	-2.782
1161	-3.095
1162	-2.204
1163	-4.026
1164	-2.177
1165	-3.087
1166	-2.219
1167	-1.454
1168	-2.373
1169	-4.161
1170	-3.398
1171	-3.943
1172	-3.295
1173	-0.294
1174	1.483
1175	-3.386
1176	-1.227
1177	-2.376
1178	-4.700
1179	-2.700
1180	-5.773
1181	-2.195
1182	-2.991
1183	-1.585
1184	-3.066
1185	-4.437
1186	-1.423
1187	-2.700
1188	-1.807
1189	-2.131
1190	-3.807
1191	-2.248
1192	-0.732
1193	-2.976
1194	-1.496
1195	-5.273
1196	-2.767
1197	-3.658
1198	-3.385
1199	-4.409
1200	-1.676
1201	
1202	
1203	
1204	-0.222
1205	
1206	-3.700
1207	-0.737
1208	
1209	
1210	
1211	-2.459
1212	
1213	-0.737
1214	0.459
1215	-1.000
1216	-1.322
1217	
1218	
1219	-0.212
1220	
1221	
1222	
1223	
1224	
1225	-3.650
1226	-1.885
1227	-2.213
1228	-2.585
1229	-2.472
1230	-2.441
1231	-2.392
1232	-0.829
1233	-1.840
1234	-2.682
1235	-2.190
1236	-2.655
1237	-2.725
1238	-1.541
1239	-1.504
1240	-2.678
1241	-1.871
1242	-3.047
1243	-1.124
1244	-3.059
1245	-2.509
1246	-1.692
1247	-3.888
1248	-0.563
1249	-0.848
1250	-1.243
1251	-2.585
1252	-2.415
1253	-1.459
1254	-5.000
1255	-2.147
1256	-2.862
1257	3.519
1258	-3.307
1259	-1.971
1260	0.781
1261	-0.708
1262	-2.222
1263	-0.585
1264	-2.538
1265	-0.103
1266	-0.585
1267	-1.064
1268	0.176
1269	-1.303
1270	-3.134
1271	-2.979
1272	-2.769
1273	-2.208
1274	-0.354
1275	-1.150
1276	1.157
1277	-1.752
1278	-2.918
1279	-0.971
1280	-2.780
1281	-0.835
1282	-2.303
1283	-2.287
1284	-2.120
1285	-3.611
1286	-2.950
1287	-3.936
1288	-6.798
1289	-2.807
1290	-3.778
1291	3.012
1292	-4.219
1293	-1.345
1294	-0.897
1295	-2.000
1296	-1.322
1297	-1.077
1298	-5.524
1299	-1.354
1300	-1.881
1301	
1302	-2.094
1303	-1.265
1304	-2.363
1305	-3.412
1306	-2.766
1307	-3.306
1308	-4.755
1309	-2.771
1310	-2.830
1311	-3.768
1312	-3.412
1313	-3.156
1314	-4.034
1315	-1.862
1316	-0.123
1317	-4.188
1318	-5.392
1319	-4.878
1320	-2.987
1321	16.610
1322	
1323	
1324	
1325	16.610
1326	
1327	-2.322
1328	
1329	-1.861
1330	0.290
1331	-1.322
1332	
1333	
1334	
1335	0.222
1336	
1337	1.415
1338	
1339	-1.737
1340	16.610
1341	16.610
1342	0.222
1343	0.485
1344	
1345	-0.697
1346	-2.961
1347	-0.722
1348	-1.374
1349	-1.515
1350	-2.555
1351	-2.459
1352	-1.183
1353	-1.839
1354	-2.175
1355	-0.971
1356	-2.844
1357	-2.585
1358	-4.150
1359	-2.691
1360	-2.655
1361	-2.233
1362	-3.636
1363	-2.655
1364	-1.239
1365	-1.923
1366	-0.263
1367	-1.020
1368	-2.610
1369	-1.163
1370	-2.092
1371	1.585
1372	-2.469
1373	-6.392
1374	-2.987
1375	-2.907
1376	-0.667
1377	-2.387
1378	-2.054
1379	-1.419
1380	-2.140
1381	-2.986
1382	-2.678
1383	-1.069
1384	0.914
1385	-1.843
1386	-1.363
1387	-2.312
1388	-0.845
1389	-0.854
1390	-1.768
1391	-1.944
1392	-2.204
1393	-3.879
1394	-3.650
1395	-2.968
1396	1.912
1397	-0.796
1398	-4.259
1399	-3.385
1400	-3.273
1401	-2.067
1402	-2.954
1403	-3.503
1404	-1.096
1405	-3.225
1406	-2.059
1407	-2.179
1408	-4.874
1409	-1.907
1410	-3.776
1411	-1.709
1412	-3.332
1413	-2.939
1414	0.472
1415	-0.902
1416	-6.426
1417	-3.229
1418	-0.229
1419	0.546
1420	-2.480
1421	-2.236
1422	-2.392
1423	-2.476
1424	-2.635
1425	-2.766
1426	-2.193
1427	-4.382
1428	-3.474
1429	-3.125
1430	-2.527
1431	-4.010
1432	-3.366
1433	-3.037
1434	-2.935
1435	-3.603
1436	-3.358
1437	-3.528
1438	-4.469
1439	-2.354
1440	
1441	-0.375
1442	
1443	
1444	
1445	
1446	0.684
1447	-1.152
1448	
1449	
1450	
1451	1.000
1452	
1453	-1.255
1454	-2.000
1455	-2.322
1456	
1457	-1.918
1458	
1459	
1460	0.000
1461	-1.646
1462	-2.000
1463	-1.974
1464	
1465	-1.910
1466	-3.239
1467	-0.402
1468	-3.585
1469	-3.680
1470	-2.617
1471	-2.385
1472	-5.404
1473	-3.027
1474	-0.591
1475	-4.051
1476	-6.340
1477	-1.596
1478	-1.874
1479	-2.038
1480	-2.322
1481	-2.977
1482	-1.855
1483	-0.082
1484	-2.153
1485	-6.498
1486	-4.070
1487	-2.373
1488	-6.895
1489	-1.728
1490	-3.358
1491	-1.985
1492	-0.866
1493	0.880
1494	-2.550
1495	-2.524
1496	-1.535
1497	-1.926
1498	-0.872
1499	-1.489
1500	-3.483
1501	-0.818
1502	-1.194
1503	-3.000
1504	-1.740
1505	-1.825
1506	-0.801
1507	-0.919
1508	-0.578
1509	-2.478
1510	-2.387
1511	-2.020
1512	-2.291
1513	-2.312
1514	-4.446
1515	-3.018
1516	-1.322
1517	-1.878
1518	-4.536
1519	-1.687
1520	-1.704
1521	-1.926
1522	-2.759
1523	-2.534
1524	-3.209
1525	-2.492
1526	-4.644
1527	-4.334
1528	-3.735
1529	-7.248
1530	-3.592
1531	-1.730
1532	-3.885
1533	-2.059
1534	-3.239
1535	-1.376
1536	-3.595
1537	-3.136
1538	-4.350
1539	-2.395
1540	-3.852
1541	-3.040
1542	-3.585
1543	0.029
1544	-4.737
1545	-1.288
1546	-3.594
1547	-3.446
1548	-3.548
1549	-3.235
1550	-3.630
1551	-4.443
1552	-3.402
1553	-3.889
1554	-3.725
1555	-3.121
1556	-2.988
1557	-3.072
1558	-3.400
1559	-3.826
1560	-2.546
1561	2.322
1562	
1563	0.000
1564	
1565	-2.874
1566	-1.222
1567	
1568	
1569	-6.672
1570	-0.893
1571	-2.939
1572	
1573	16.610
1574	
1575	-2.222
1576	
1577	-0.415
1578	
1579	
1580	
1581	
1582	1.000
1583	16.610
1584	
1585	-1.931
1586	-2.743
1587	-2.577
1588	-1.845
1589	-3.205
1590	-2.248
1591	-1.913
1592	-1.451
1593	-0.973
1594	-0.286
1595	-2.332
1596	-3.534
1597	-1.837
1598	-1.951
1599	-1.720
1600	-2.865
1601	
1602	-0.911
1603	-3.444
1604	-0.705
1605	-3.358
1606	-1.713
1607	-2.149
1608	-2.198
1609	-0.926
1610	1.445
1611	-3.213
1612	0.108
1613	-3.233
1614	-1.923
1615	-0.263
1616	1.108
1617	-1.212
1618	-3.170
1619	-0.981
1620	-3.761
1621	-1.157
1622	-2.218
1623	-1.982
1624	-1.926
1625	4.294
1626	-2.000
1627	1.807
1628	1.793
1629	-1.878
1630	-2.451
1631	-3.242
1632	-0.395
1633	-1.310
1634	-1.108
1635	-2.890
1636	-2.335
1637	-1.111
1638	-1.937
1639	-0.950
1640	-2.397
1641	-3.322
1642	-3.637
1643	-3.158
1644	-1.737
1645	-2.789
1646	0.471
1647	-2.594
1648	-3.248
1649	0.149
1650	-3.476
1651	-3.148
1652	-3.844
1653	-2.218
1654	-2.233
1655	-1.932
1656	-2.855
1657	-0.415
1658	-3.387
1659	-1.446
1660	-3.194
1661	-4.000
1662	-2.690
1663	-1.059
1664	-2.807
1665	-6.331
1666	-6.468
1667	-3.303
1668	-3.353
1669	-4.382
1670	-2.745
1671	-2.678
1672	-3.000
1673	-3.680
1674	-3.552
1675	-3.087
1676	-3.202
1677	-2.404
1678	-2.761
1679	-4.322
1680	-2.565
1681	
1682	-0.415
1683	
1684	16.610
1685	-1.476
1686	-2.848
1687	-1.441
1688	
1689	
1690	
1691	-1.000
1692	
1693	
1694	
1695	0.000
1696	16.610
1697	-2.000
1698	16.610
1699	0.415
1700	
1701	
1702	
1703	-2.515
1704	
1705	-3.820
1706	-0.429
1707	-6.977
1708	-2.481
1709	4.808
1710	-0.893
1711	
1712	-3.544
1713	-2.404
1714	-2.585
1715	-1.100
1716	-4.075
1717	-1.923
1718	-2.424
1719	-3.110
1720	-1.660
1721	-1.585
1722	-3.180
1723	-2.926
1724	1.716
1725	-2.585
1726	-3.233
1727	-3.459
1728	-6.977
1729	-1.751
1730	-1.400
1731	-1.967
1732	-2.036
1733	-2.415
1734	-1.000
1735	-2.000
1736	-2.611
1737	-2.411
1738	-1.648
1739	-2.303
1740	-1.240
1741	-2.575
1742	-3.369
1743	-1.826
1744	-1.667
1745	-3.150
1746	-3.150
1747	-1.219
1748	-2.078
1749	-2.254
1750	-0.016
1751	-2.555
1752	-6.619
1753	-2.572
1754	-1.945
1755	-2.248
1756	0.439
1757	-2.508
1758	-0.837
1759	-2.585
1760	-3.815
1761	-4.209
1762	-2.222
1763	-3.361
1764	-2.776
1765	-4.472
1766	-4.687
1767	-3.755
1768	-2.921
1769	-5.273
1770	-2.585
1771	-2.757
1772	
1773	-0.440
1774	-0.298
1775	-1.012
1776	-2.160
1777	-1.441
1778	-4.353
1779	-3.874
1780	-0.155
1781	-5.098
1782	-3.012
1783	-1.796
1784	-6.322
1785	-4.807
1786	-2.963
1787	0.053
1788	-2.877
1789	-2.667
1790	-3.548
1791	-3.000
1792	-3.041
1793	-2.381
1794	-3.824
1795	-2.603
1796	-5.087
1797	-3.070
1798	-4.138
1799	-4.158
1800	-3.708
1801	
1802	16.610
1803	
1804	
1805	
1806	-2.322
1807	
1808	
1809	
1810	
1811	
1812	
1813	0.000
1814	
1815	1.000
1816	16.610
1817	-0.322
1818	16.610
1819	
1820	-3.000
1821	0.000
1822	-0.026
1823	
1824	
1825	-1.369
1826	-4.728
1827	-2.933
1828	-4.379
1829	-0.637
1830	-3.212
1831	-4.366
1832	
1833	-2.781
1834	-1.821
1835	-2.706
1836	-3.129
1837	-3.472
1838	-0.152
1839	-2.452
1840	-3.115
1841	-1.437
1842	-3.585
1843	-3.080
1844	-6.687
1845	-2.415
1846	-3.939
1847	-3.081
1848	-3.110
1849	-2.598
1850	-0.481
1851	-1.070
1852	-1.000
1853	-1.505
1854	-2.043
1855	-2.087
1856	-2.496
1857	-2.907
1858	-2.307
1859	-3.059
1860	-2.737
1861	-3.227
1862	-2.379
1863	-2.406
1864	-1.760
1865	-2.974
1866	-2.459
1867	-2.879
1868	-1.543
1869	-2.833
1870	-1.122
1871	-3.749
1872	-2.459
1873	-4.036
1874	-2.478
1875	-2.105
1876	-3.196
1877	-2.015
1878	-2.700
1879	-3.298
1880	-1.615
1881	-3.241
1882	-1.451
1883	-1.409
1884	-1.059
1885	-4.818
1886	
1887	-1.988
1888	1.240
1889	-0.791
1890	7.140
1891	-1.463
1892	-1.000
1893	-2.294
1894	-2.658
1895	-2.054
1896	-2.550
1897	-5.170
1898	-3.000
1899	-7.285
1900	-2.987
1901	-0.916
1902	-4.431
1903	-4.503
1904	-2.459
1905	-2.043
1906	-5.845
1907	-0.538
1908	-3.259
1909	-3.412
1910	-4.575
1911	-2.388
1912	-2.104
1913	-2.923
1914	-4.478
1915	-1.649
1916	-4.900
1917	-4.878
1918	-4.818
1919	-2.345
1920	-1.954
1921	-1.949
1922	
1923	
1924	
1925	-1.888
1926	-1.059
1927	-4.459
1928	
1929	-2.202
1930	-1.322
1931	-0.678
1932	
1933	-1.788
1934	
1935	2.585
1936	
1937	-1.371
1938	-2.000
1939	
1940	-0.585
1941	-2.888
1942	-0.737
1943	
1944	-1.322
1945	-3.280
1946	-2.115
1947	-2.199
1948	-1.869
1949	-2.518
1950	
1951	-2.782
1952	-4.104
1953	-2.447
1954	-4.375
1955	-2.641
1956	-1.365
1957	-1.748
1958	-2.881
1959	-5.737
1960	-3.298
1961	-3.263
1962	-2.019
1963	-1.870
1964	-2.275
1965	-3.115
1966	-4.672
1967	-7.200
1968	-3.236
1969	-1.373
1970	-1.939
1971	-1.585
1972	-0.290
1973	-1.678
1974	-1.992
1975	-0.731
1976	-1.913
1977	-1.862
1978	-1.166
1979	-1.775
1980	-2.891
1981	-2.190
1982	-1.228
1983	-1.814
1984	-1.495
1985	-1.678
1986	-0.970
1987	-1.855
1988	-2.091
1989	-3.839
1990	-0.619
1991	-1.415
1992	-2.867
1993	-1.073
1994	-1.214
1995	-2.296
1996	-4.209
1997	-3.104
1998	-1.130
1999	-3.134
2000	-2.526
2001	-2.769
2002	-0.447
2003	0.035
2004	-2.020
2005	-3.183
2006	-0.807
2007	-2.511
2008	-6.087
2009	-1.935
2010	-4.342
2011	-2.445
2012	-4.106
2013	-4.858
2014	-2.174
2015	-2.094
2016	-3.441
2017	-2.743
2018	-2.193
2019	-4.080
2020	-1.965
2021	-3.295
2022	-4.848
2023	-2.585
2024	-1.745
2025	-1.447
2026	-1.832
2027	-3.366
2028	-3.708
2029	-2.644
2030	-4.710
2031	-2.406
2032	-2.540
2033	-3.043
2034	-1.900
2035	-4.119
2036	-1.687
2037	-4.658
2038	-3.353
2039	-4.219
2040	-4.170
2041	
2042	
2043	2.585
2044	
2045	0.000
2046	-1.503
2047	1.000
2048	
2049	-2.018
2050	
2051	
2052	
2053	
2054	-0.678
2055	
2056	
2057	
2058	
2059	16.610
2060	
2061	
2062	1.585
2063	
2064	-2.515
2065	-2.675
2066	0.825
2067	-2.429
2068	-3.253
2069	-2.923
2070	-3.147
2071	-3.568
2072	-1.918
2073	-2.138
2074	-1.652
2075	-2.083
2076	-1.066
2077	-1.295
2078	-3.680
2079	-0.687
2080	-2.568
2081	-1.761
2082	-3.180
2083	-0.334
2084	-2.838
2085	-1.290
2086	0.147
2087	-0.795
2088	-3.787
2089	-1.133
2090	-1.300
2091	-2.206
2092	0.198
2093	-1.933
2094	-2.585
2095	-2.668
2096	
2097	-3.273
2098	-2.807
2099	-1.544
2100	-3.379
2101	-4.807
2102	-2.843
2103	-0.666
2104	-1.014
2105	-0.290
2106	-1.628
2107	-1.392
2108	-0.383
2109	-1.666
2110	-1.512
2111	-1.366
2112	-0.992
2113	-4.147
2114	0.000
2115	-2.000
2116	-1.355
2117	-4.822
2118	-4.484
2119	-2.066
2120	-3.150
2121	-3.544
2122	-4.334
2123	-1.053
2124	-4.426
2125	-1.400
2126	-7.426
2127	0.401
2128	-2.663
2129	-4.570
2130	
2131	-4.476
2132	-4.013
2133	-2.559
2134	-3.667
2135	-4.381
2136	-5.513
2137	-2.913
2138	-2.303
2139	-2.601
2140	-3.112
2141	-2.585
2142	-4.728
2143	-3.572
2144	-2.162
2145	-6.870
2146	-1.594
2147	-3.663
2148	0.299
2149	-6.672
2150	-3.871
2151	
2152	-4.838
2153	-2.488
2154	-3.334
2155	-2.093
2156	-3.536
2157	-2.715
2158	-3.835
2159	-5.943
2160	-3.313
2161	-2.700
2162	0.000
2163	0.585
2164	
2165	-4.807
2166	-2.459
2167	-2.255
2168	
2169	-0.902
2170	
2171	
2172	
2173	
2174	-0.737
2175	
2176	
2177	
2178	-2.807
2179	
2180	0.000
2181	1.000
2182	-1.807
2183	16.610
2184	1.000
2185	1.057
2186	-3.524
2187	1.989
2188	-6.267
2189	-6.322
2190	-2.778
2191	-0.026
2192	-3.822
2193	-3.202
2194	-3.784
2195	-1.233
2196	-3.376
2197	-2.763
2198	-4.013
2199	-3.053
2200	-0.721
2201	-2.036
2202	-1.459
2203	-2.293
2204	-1.018
2205	
2206	-3.322
2207	-6.658
2208	-2.209
2209	-2.868
2210	
2211	-0.026
2212	-0.306
2213	-1.222
2214	-2.888
2215	-1.895
2216	-2.332
2217	-2.798
2218	-1.092
2219	-2.284
2220	-1.471
2221	-3.524
2222	-2.768
2223	-3.676
2224	-2.774
2225	-1.780
2226	-1.628
2227	-2.740
2228	-2.644
2229	-2.301
2230	-1.952
2231	-3.024
2232	-2.280
2233	-2.404
2234	-0.946
2235	2.353
2236	2.037
2237	-1.369
2238	-2.861
2239	-5.781
2240	-1.967
2241	-3.488
2242	-1.450
2243	-1.611
2244	0.046
2245	-3.970
2246	-6.658
2247	-3.547
2248	-6.600
2249	-5.059
2250	
2251	-4.982
2252	-1.138
2253	-5.459
2254	-0.181
2255	-3.334
2256	-2.341
2257	-3.798
2258	-6.585
2259	-3.605
2260	-3.255
2261	-2.356
2262	-3.568
2263	-0.730
2264	-2.893
2265	-3.559
2266	-1.793
2267	-3.838
2268	-4.469
2269	-4.524
2270	-2.585
2271	-2.766
2272	-2.527
2273	-1.893
2274	-5.044
2275	-2.992
2276	-5.129
2277	0.070
2278	-3.492
2279	-4.119
2280	-7.200
2281	
2282	
2283	
2284	-1.000
2285	16.610
2286	-1.000
2287	-2.000
2288	
2289	-2.700
2290	-3.322
2291	-2.087
2292	
2293	-1.000
2294	-1.000
2295	0.000
2296	
2297	
2298	
2299	
2300	16.610
2301	
2302	-1.170
2303	
2304	2.000
2305	-2.682
2306	-2.126
2307	-0.503
2308	-3.893
2309	
2310	2.239
2311	-3.570
2312	-3.515
2313	-3.515
2314	-0.365
2315	-2.322
2316	-0.855
2317	-2.713
2318	-2.700
2319	-3.170
2320	-3.733
2321	-2.179
2322	-1.862
2323	-2.018
2324	-1.633
2325	-2.544
2326	-0.870
2327	-2.402
2328	-1.426
2329	-1.880
2330	-1.520
2331	-2.080
2332	-1.597
2333	-3.344
2334	0.467
2335	0.908
2336	-1.000
2337	-2.364
2338	-3.624
2339	-2.628
2340	-2.418
2341	-0.308
2342	-3.030
2343	-1.976
2344	-2.557
2345	-2.101
2346	-2.925
2347	-1.039
2348	-2.869
2349	-0.034
2350	-1.965
2351	-1.575
2352	
2353	
2354	-3.459
2355	-2.745
2356	-4.883
2357	-6.954
2358	-4.888
2359	-3.630
2360	-1.039
2361	-2.692
2362	-2.766
2363	-3.385
2364	-2.732
2365	-2.568
2366	-3.503
2367	-2.939
2368	-3.293
2369	-3.170
2370	-3.311
2371	-5.943
2372	-2.654
2373	-3.261
2374	-3.132
2375	-2.566
2376	-2.443
2377	-2.464
2378	-5.098
2379	-2.382
2380	-1.683
2381	-3.376
2382	-1.948
2383	-0.802
2384	-5.030
2385	-3.760
2386	-3.568
2387	-2.752
2388	-4.524
2389	-3.365
2390	-4.204
2391	-4.310
2392	-2.977
2393	-4.140
2394	-4.269
2395	-1.302
2396	-4.010
2397	-4.209
2398	-4.322
2399	-4.273
2400	-4.409
2401	-0.356
2402	4.129
2403	
2404	
2405	-1.858
2406	-2.848
2407	-0.874
2408	
2409	-4.954
2410	
2411	
2412	
2413	-2.211
2414	1.000
2415	
2416	
2417	-2.049
2418	
2419	
2420	2.000
2421	-2.851
2422	
2423	
2424	2.000
2425	-3.160
2426	-3.974
2427	-2.061
2428	-0.717
2429	-1.817
2430	-1.202
2431	-1.363
2432	
2433	-1.585
2434	-2.179
2435	-2.000
2436	-3.081
2437	0.392
2438	-2.610
2439	-2.507
2440	-1.401
2441	-3.141
2442	-1.918
2443	-2.970
2444	-3.014
2445	-3.340
2446	-3.919
2447	-2.644
2448	-6.672
2449	-1.423
2450	-2.185
2451	-2.513
2452	0.247
2453	-2.009
2454	-1.942
2455	-4.170
2456	0.826
2457	-0.712
2458	-0.853
2459	-2.496
2460	-2.601
2461	-0.231
2462	-2.757
2463	-3.057
2464	-3.298
2465	-1.428
2466	-1.916
2467	6.453
2468	-2.211
2469	-0.487
2470	-2.322
2471	-1.549
2472	-3.837
2473	-0.868
2474	-2.689
2475	-2.482
2476	-0.828
2477	-2.212
2478	-3.104
2479	-2.200
2480	-1.542
2481	-1.242
2482	-0.965
2483	0.620
2484	-2.951
2485	-2.596
2486	-2.935
2487	-1.189
2488	-3.355
2489	-4.018
2490	-3.161
2491	-2.921
2492	-4.430
2493	-2.554
2494	-2.468
2495	-2.193
2496	-3.747
2497	-1.681
2498	-4.338
2499	-3.265
2500	-3.506
2501	-3.776
2502	-1.307
2503	-3.082
2504	-3.437
2505	-3.607
2506	0.838
2507	-3.459
2508	-4.524
2509	-2.369
2510	-3.511
2511	-2.239
2512	-2.482
2513	-2.788
2514	-3.218
2515	-3.078
2516	-3.720
2517	-2.746
2518	-1.633
2519	-3.397
2520	-3.218
2521	2.322
2522	
2523	
2524	-0.807
2525	-0.322
2526	-1.667
2527	-1.585
2528	
2529	-2.569
2530	-4.585
2531	
2532	
2533	-0.795
2534	
2535	
2536	-0.263
2537	
2538	-4.000
2539	
2540	0.363
2541	0.415
2542	
2543	
2544	
2545	-1.574
2546	-3.027
2547	-2.212
2548	-3.170
2549	-2.524
2550	-0.932
2551	-2.170
2552	7.362
2553	-4.078
2554	-0.800
2555	-3.708
2556	-3.013
2557	-3.129
2558	-2.843
2559	-1.227
2560	-2.979
2561	-5.129
2562	-2.093
2563	-1.474
2564	-1.415
2565	-2.552
2566	-3.399
2567	-5.000
2568	-3.322
2569	-1.046
2570	-3.807
2571	-2.415
2572	-6.140
2573	
2574	
2575	-1.112
2576	-1.429
2577	-1.903
2578	-2.476
2579	-2.051
2580	-6.672
2581	-2.165
2582	-0.555
2583	-1.166
2584	-1.000
2585	-1.127
2586	-2.939
2587	0.082
2588	
2589	-3.332
2590	
2591	-4.026
2592	-2.022
2593	-1.904
2594	-2.524
2595	-4.181
2596	-2.695
2597	-3.150
2598	-1.819
2599	-5.229
2600	0.361
2601	-2.943
2602	-3.907
2603	-2.445
2604	-3.270
2605	-1.949
2606	-5.524
2607	-5.044
2608	-2.420
2609	-3.513
2610	-3.755
2611	-3.986
2612	-4.106
2613	-1.726
2614	-1.841
2615	-1.372
2616	-2.351
2617	-4.585
2618	-3.660
2619	-4.322
2620	-3.893
2621	-1.525
2622	-3.498
2623	-2.914
2624	-4.237
2625	-0.763
2626	-4.306
2627	-1.918
2628	-4.298
2629	-5.235
2630	-3.041
2631	-4.179
2632	-3.115
2633	-4.858
2634	-4.392
2635	
2636	-5.150
2637	
2638	-2.265
2639	
2640	-0.988
2641	-1.170
2642	
2643	0.585
2644	
2645	0.000
2646	
2647	-1.983
2648	
2649	
2650	1.585
2651	
2652	-6.749
2653	16.610
2654	1.322
2655	0.585
2656	
2657	
2658	
2659	
2660	0.000
2661	
2662	
2663	1.322
2664	-2.000
2665	
2666	0.969
2667	-5.087
2668	
2669	
2670	
2671	
2672	2.585
2673	
2674	16.610
2675	-0.678
2676	-1.000
2677	
2678	
2679	16.610
2680	
2681	
2682	-1.000
2683	
2684	-2.322
2685	
2686	
2687	
2688	-2.585
2689	
2690	
2691	2.000
2692	
2693	
2694	-0.585
2695	16.610
2696	
2697	
2698	
2699	16.610
2700	
2701	-1.394
2702	
2703	1.000
2704	0.000
2705	1.459
2706	
2707	-2.565
2708	0.585
2709	
2710	-0.263
2711	-2.000
2712	1.585
2713	0.000
2714	-2.517
2715	1.822
2716	1.000
2717	
2718	-0.322
2719	
2720	3.881
2721	-1.585
2722	
2723	-1.000
2724	
2725	-0.737
2726	0.322
2727	16.610
2728	16.610
2729	
2730	
2731	2.000
2732	
2733	
2734	-2.000
2735	-1.000
2736	1.322
2737	-3.621
2738	
2739	
2740	-2.000
2741	-1.000
2742	16.610
2743	-4.392
2744	-0.737
2745	
2746	
2747	-3.511
2748	
2749	-2.445
2750	-1.138
2751	
2752	-1.945
2753	
2754	-1.322
2755	0.000
2756	-2.585
2757	-2.322
2758	
2759	16.610
2760	1.000
2761	
2762	
2763	
2764	
2765	
2766	0.585
2767	
2768	
2769	-3.544
2770	-2.585
2771	-3.322
2772	
2773	-1.000
2774	
2775	-2.585
2776	
2777	-0.807
2778	1.222
2779	
2780	
2781	-1.585
2782	
2783	-1.000
2784	
2785	-2.907
2786	-4.621
2787	
2788	-2.568
2789	-3.131
2790	-2.331
2791	-1.172
2792	-1.542
2793	-3.095
2794	0.356
2795	2.072
2796	-2.766
2797	-0.710
2798	-2.174
2799	-1.127
2800	0.239
2801	0.903
2802	-5.381
2803	-2.542
2804	
2805	-2.570
2806	-2.961
2807	-2.478
2808	-3.609
2809	-4.263
2810	-0.940
2811	-2.127
2812	-0.012
2813	-2.336
2814	-2.622
2815	-1.475
2816	-3.092
2817	-2.507
2818	-2.773
2819	-0.962
2820	-2.298
2821	-2.490
2822	-1.497
2823	-5.030
2824	-1.447
2825	-1.172
2826	-0.336
2827	-0.922
2828	-3.896
2829	-1.615
2830	-2.546
2831	-2.234
2832	-3.700
2833	-2.376
2834	-2.807
2835	-2.512
2836	-2.595
2837	1.461
2838	-4.534
2839	-3.424
2840	-2.133
2841	-2.453
2842	-0.841
2843	-3.725
2844	-1.745
2845	-1.085
2846	-3.052
2847	-7.219
2848	-3.222
2849	-3.893
2850	-3.488
2851	-2.667
2852	0.711
2853	-1.710
2854	-1.503
2855	-1.505
2856	-1.180
2857	-4.143
2858	-6.000
2859	-4.312
2860	
2861	-5.238
2862	-5.055
2863	-3.265
2864	-5.307
2865	-3.192
2866	-4.597
2867	-2.342
2868	-3.016
2869	-3.202
2870	-1.684
2871	-2.883
2872	-4.138
2873	-1.594
2874	-3.179
2875	-3.711
2876	-0.828
2877	-2.934
2878	-3.851
2879	-3.503
2880	-2.433
2881	-1.191
2882	
2883	-2.170
2884	-2.322
2885	
2886	-3.170
2887	-2.415
2888	
2889	-1.737
2890	-1.485
2891	-1.000
2892	
2893	-1.294
2894	
2895	-2.502
2896	0.000
2897	-1.179
2898	
2899	
2900	-2.322
2901	-1.014
2902	-1.807
2903	
2904	1.322
2905	5.711
2906	-1.352
2907	-3.796
2908	-5.322
2909	-3.719
2910	-1.895
2911	-2.260
2912	5.353
2913	-4.170
2914	-0.395
2915	-3.682
2916	-3.336
2917	-1.649
2918	-0.249
2919	-1.217
2920	-2.860
2921	-2.173
2922	-0.512
2923	-3.384
2924	-1.848
2925	-1.950
2926	-5.366
2927	-3.652
2928	-3.648
2929	-0.926
2930	0.713
2931	-1.000
2932	-0.850
2933	-1.782
2934	-0.770
2935	-1.100
2936	-1.271
2937	-3.472
2938	-1.214
2939	-0.190
2940	0.312
2941	-0.478
2942	-0.937
2943	-1.523
2944	-1.722
2945	-2.020
2946	-0.798
2947	-1.960
2948	-1.596
2949	0.714
2950	-2.273
2951	-1.189
2952	-5.196
2953	-0.374
2954	-2.476
2955	-0.174
2956	-4.878
2957	-3.636
2958	1.501
2959	-1.444
2960	-1.661
2961	1.217
2962	-2.780
2963	-0.427
2964	-1.111
2965	-2.659
2966	-3.253
2967	-4.115
2968	-3.444
2969	-1.678
2970	-2.889
2971	-3.218
2972	-3.630
2973	-3.506
2974	-3.652
2975	-2.696
2976	-2.678
2977	-2.423
2978	-2.527
2979	-2.248
2980	-2.428
2981	-1.720
2982	-2.974
2983	-2.538
2984	-2.165
2985	-3.939
2986	-1.284
2987	-2.009
2988	2.545
2989	-3.508
2990	-2.408
2991	-2.857
2992	-2.263
2993	-2.226
2994	-1.097
2995	-3.013
2996	-2.807
2997	-1.475
2998	-2.862
2999	-1.456
3000	-1.888
3001	
3002	
3003	-1.000
3004	
3005	-4.565
3006	0.322
3007	0.322
3008	
3009	-3.684
3010	
3011	
3012	
3013	
3014	-0.585
3015	0.000
3016	0.585
3017	
3018	16.610
3019	
3020	
3021	16.610
3022	0.585
3023	2.322
3024	
3025	-0.102
3026	-3.147
3027	-4.931
3028	-4.000
3029	-1.834
3030	-2.509
3031	-1.861
3032	-0.868
3033	-2.594
3034	-1.231
3035	-3.181
3036	-6.476
3037	-1.631
3038	-2.398
3039	-4.807
3040	
3041	-2.907
3042	-2.379
3043	-2.959
3044	-2.552
3045	-2.464
3046	-3.478
3047	-3.273
3048	-2.115
3049	-2.140
3050	-3.807
3051	-2.632
3052	-4.973
3053	-0.721
3054	-4.585
3055	1.598
3056	-1.146
3057	-3.476
3058	-3.066
3059	-2.874
3060	-3.858
3061	-0.858
3062	-1.902
3063	7.037
3064	-1.945
3065	0.273
3066	-1.387
3067	-4.059
3068	-2.112
3069	0.269
3070	-2.085
3071	-2.122
3072	-3.700
3073	-3.573
3074	-3.848
3075	-4.346
3076	-2.017
3077	-1.246
3078	-2.271
3079	-1.200
3080	-2.639
3081	-2.443
3082	-3.794
3083	-1.432
3084	-4.263
3085	-2.396
3086	-1.788
3087	-4.037
3088	-2.700
3089	-5.102
3090	-3.032
3091	-4.206
3092	-7.190
3093	-4.794
3094	-3.051
3095	-3.812
3096	-4.858
3097	-3.219
3098	
3099	-4.361
3100	-3.611
3101	-3.737
3102	-3.885
3103	-2.753
3104	-0.681
3105	-3.931
3106	-2.926
3107	-4.565
3108	-5.672
3109	-6.658
3110	-4.485
3111	-2.726
3112	-2.923
3113	-3.100
3114	-4.087
3115	-4.273
3116	-2.527
3117	-3.649
3118	-4.632
3119	-6.820
3120	-4.488
3121	
3122	
3123	
3124	
3125	-3.807
3126	-2.415
3127	
3128	
3129	
3130	-0.678
3131	-3.322
3132	
3133	
3134	
3135	
3136	
3137	
3138	-0.737
3139	
3140	
3141	
3142	
3143	
3144	
3145	-2.507
3146	-1.396
3147	-2.181
3148	-4.511
3149	-1.288
3150	-2.019
3151	0.333
3152	-5.658
3153	-2.845
3154	-2.423
3155	-1.724
3156	-2.230
3157	-2.057
3158	-1.672
3159	-1.933
3160	-3.649
3161	-1.684
3162	-4.150
3163	-1.304
3164	-2.730
3165	-3.150
3166	0.741
3167	-3.907
3168	4.385
3169	-2.099
3170	-1.376
3171	-3.241
3172	-0.574
3173	-3.335
3174	-1.948
3175	-3.550
3176	-2.651
3177	0.076
3178	-2.776
3179	-1.468
3180	1.427
3181	-1.468
3182	-0.889
3183	-2.313
3184	-0.407
3185	2.254
3186	-3.602
3187	-3.575
3188	-3.373
3189	-1.310
3190	-0.521
3191	-1.030
3192	-1.241
3193	-0.261
3194	-2.541
3195	-2.154
3196	0.387
3197	-0.811
3198	-3.498
3199	-3.200
3200	-4.180
3201	-1.948
3202	-1.500
3203	-3.528
3204	0.148
3205	-2.972
3206	-3.087
3207	-1.431
3208	-2.888
3209	-7.033
3210	-2.448
3211	-4.433
3212	-5.663
3213	-3.850
3214	0.479
3215	-2.248
3216	-2.332
3217	-2.020
3218	-3.503
3219	-4.354
3220	
3221	-3.470
3222	-3.559
3223	-4.728
3224	-2.919
3225	-3.763
3226	-3.459
3227	-2.213
3228	-4.066
3229	-3.068
3230	-1.661
3231	-3.572
3232	-4.073
3233	-2.689
3234	-4.682
3235	-3.653
3236	-0.585
3237	-0.637
3238	-4.954
3239	-4.235
3240	-3.503
3241	
3242	
3243	-2.595
3244	0.585
3245	
3246	-2.170
3247	1.585
3248	
3249	-2.451
3250	-3.619
3251	-1.907
3252	
3253	
3254	-0.585
3255	
3256	-0.737
3257	-1.585
3258	
3259	
3260	0.585
3261	1.000
3262	
3263	
3264	
3265	-4.476
3266	-4.259
3267	
3268	-3.870
3269	-4.140
3270	-4.281
3271	-3.348
3272	-0.199
3273	-2.349
3274	-3.609
3275	-2.902
3276	-7.150
3277	-1.390
3278	-4.524
3279	-2.646
3280	
3281	-5.033
3282	-2.692
3283	-3.254
3284	
3285	0.405
3286	-0.026
3287	-3.282
3288	0.057
3289	-2.597
3290	-2.256
3291	4.538
3292	-3.255
3293	-2.820
3294	-2.637
3295	-2.858
3296	-1.957
3297	-4.799
3298	-3.056
3299	-3.151
3300	0.680
3301	-2.379
3302	-3.273
3303	-3.013
3304	-2.824
3305	-1.095
3306	-3.059
3307	-2.472
3308	-1.807
3309	-3.585
3310	0.421
3311	-5.340
3312	-3.355
3313	-3.418
3314	-2.931
3315	-4.365
3316	1.006
3317	-0.547
3318	-2.019
3319	0.245
3320	-2.253
3321	-4.030
3322	-2.220
3323	-6.011
3324	-5.943
3325	4.540
3326	
3327	-1.261
3328	-2.415
3329	-1.181
3330	-4.056
3331	-3.841
3332	-4.721
3333	-5.009
3334	0.244
3335	
3336	-5.585
3337	-2.778
3338	-4.848
3339	-2.725
3340	
3341	-3.459
3342	-2.946
3343	-1.900
3344	-2.193
3345	-3.881
3346	-2.881
3347	
3348	-6.087
3349	-3.507
3350	-2.098
3351	-5.544
3352	-5.565
3353	-3.160
3354	-4.838
3355	-1.184
3356	-3.347
3357	-5.435
3358	-3.837
3359	-6.030
3360	-2.670
3361	-0.612
3362	-1.222
3363	
3364	0.000
3365	-4.392
3366	
3367	-1.379
3368	
3369	-3.059
3370	
3371	
3372	
3373	-1.675
3374	0.585
3375	
3376	
3377	-0.842
3378	
3379	-1.585
3380	
3381	-1.155
3382	0.415
3383	3.170
3384	0.585
3385	-2.980
3386	-4.229
3387	-3.478
3388	-2.380
3389	-3.322
3390	-1.973
3391	-1.874
3392	-3.094
3393	-1.868
3394	-2.509
3395	
3396	-2.211
3397	-1.956
3398	-2.943
3399	-1.493
3400	-0.889
3401	-2.427
3402	-1.122
3403	-1.928
3404	-1.773
3405	-2.548
3406	-3.041
3407	-2.538
3408	-7.687
3409	-1.745
3410	-0.530
3411	4.727
3412	0.175
3413	0.904
3414	-2.877
3415	-1.066
3416	-0.505
3417	-2.311
3418	-2.048
3419	-3.700
3420	0.404
3421	-0.992
3422	-1.798
3423	-2.869
3424	-2.241
3425	-1.628
3426	-0.479
3427	-0.799
3428	-1.635
3429	-1.350
3430	-2.451
3431	-2.214
3432	-1.617
3433	-1.279
3434	-2.269
3435	-0.770
3436	-5.797
3437	-2.263
3438	-2.483
3439	-2.145
3440	-2.443
3441	-2.374
3442	-4.322
3443	-3.000
3444	-2.472
3445	-1.279
3446	-3.011
3447	-4.433
3448	-0.433
3449	-2.734
3450	-2.483
3451	-5.052
3452	-5.691
3453	-1.914
3454	-4.644
3455	-2.939
3456	-2.556
3457	-1.275
3458	-3.755
3459	-2.731
3460	-3.253
3461	-2.975
3462	-5.658
3463	-3.127
3464	-2.553
3465	-0.737
3466	-3.451
3467	-4.426
3468	-2.942
3469	-1.931
3470	-2.655
3471	-3.054
3472	-2.436
3473	-2.687
3474	-3.443
3475	-1.248
3476	0.446
3477	-6.401
3478	-2.977
3479	-1.850
3480	-4.790
3481	
3482	
3483	
3484	-0.585
3485	
3486	
3487	0.000
3488	
3489	-4.895
3490	
3491	
3492	
3493	-1.222
3494	
3495	
3496	1.222
3497	
3498	
3499	
3500	
3501	0.000
3502	1.807
3503	
3504	
3505	-4.404
3506	-3.160
3507	-0.733
3508	-3.430
3509	-1.962
3510	-1.000
3511	-1.412
3512	-1.771
3513	-1.675
3514	-3.539
3515	0.134
3516	-3.285
3517	-2.874
3518	-2.907
3519	-1.606
3520	
3521	-0.669
3522	-2.248
3523	-1.457
3524	-2.395
3525	-3.369
3526	-3.725
3527	-1.121
3528	
3529	-1.710
3530	-0.473
3531	-5.150
3532	-4.222
3533	-1.585
3534	-2.680
3535	2.343
3536	-2.714
3537	-2.406
3538	-3.115
3539	-0.295
3540	-2.154
3541	-1.426
3542	-2.869
3543	-2.837
3544	-2.322
3545	-0.611
3546	-1.348
3547	-3.115
3548	-2.236
3549	0.188
3550	-2.000
3551	-2.488
3552	-1.637
3553	-3.014
3554	-3.385
3555	-2.390
3556	-3.536
3557	-1.261
3558	-2.170
3559	-1.688
3560	-2.834
3561	-0.830
3562	-2.989
3563	-3.104
3564	-1.430
3565	-4.441
3566	-3.688
3567	-4.129
3568	-2.907
3569	-4.134
3570	-0.694
3571	-3.132
3572	
3573	-6.612
3574	-1.914
3575	-1.978
3576	-2.010
3577	-1.967
3578	-5.966
3579	-2.467
3580	-2.990
3581	-5.570
3582	-3.833
3583	-4.030
3584	-2.524
3585	-3.816
3586	-0.936
3587	-3.891
3588	-4.687
3589	-3.421
3590	-3.970
3591	-4.010
3592	-3.300
3593	-3.140
3594	-5.799
3595	-3.513
3596	-4.636
3597	-4.402
3598	-4.430
3599	-4.063
3600	
3601	2.585
3602	
3603	
3604	1.000
3605	
3606	-1.652
3607	
3608	
3609	
3610	0.000
3611	
3612	
3613	-0.263
3614	
3615	
3616	
3617	0.415
3618	
3619	1.322
3620	0.000
3621	
3622	0.000
3623	
3624	
3625	
3626	-2.790
3627	-2.528
3628	-5.000
3629	
3630	-1.561
3631	-1.365
3632	
3633	
3634	-2.619
3635	
3636	-3.170
3637	-0.768
3638	-1.138
3639	-1.239
3640	-2.204
3641	-2.389
3642	-1.218
3643	-2.861
3644	-1.710
3645	-4.229
3646	-5.248
3647	-2.619
3648	-6.629
3649	-2.000
3650	-1.655
3651	-1.600
3652	-0.364
3653	-2.850
3654	-1.390
3655	-1.569
3656	-1.447
3657	-2.234
3658	-2.277
3659	-2.000
3660	-2.539
3661	-3.000
3662	0.374
3663	-0.485
3664	-2.280
3665	-2.138
3666	-1.290
3667	-2.831
3668	-1.073
3669	-4.261
3670	-1.585
3671	2.338
3672	-2.282
3673	-3.113
3674	-1.331
3675	-1.833
3676	1.035
3677	-0.819
3678	-7.190
3679	-3.415
3680	-4.081
3681	-1.477
3682	-1.531
3683	-4.020
3684	-3.919
3685	-1.040
3686	-3.248
3687	-4.459
3688	-4.585
3689	-7.087
3690	-6.476
3691	-3.700
3692	-2.322
3693	-3.796
3694	-1.482
3695	-0.441
3696	-1.959
3697	-1.222
3698	-1.372
3699	-4.257
3700	-3.000
3701	-2.266
3702	
3703	3.394
3704	-3.459
3705	-4.676
3706	-3.600
3707	-2.558
3708	2.163
3709	-2.835
3710	-0.476
3711	-2.044
3712	1.410
3713	0.236
3714	0.858
3715	-3.032
3716	-3.744
3717	-1.598
3718	-4.073
3719	-4.841
3720	-3.899
3721	-1.585
3722	-1.830
3723	
3724	
3725	-0.485
3726	
3727	
3728	
3729	-1.843
3730	-1.481
3731	16.610
3732	
3733	
3734	2.000
3735	1.585
3736	
3737	2.585
3738	
3739	
3740	
3741	0.000
3742	-1.585
3743	
3744	
3745	
3746	-1.784
3747	
3748	-3.524
3749	-2.392
3750	-2.263
3751	-1.095
3752	-1.421
3753	-3.426
3754	-2.848
3755	-3.807
3756	-3.833
3757	-1.609
3758	1.098
3759	-2.986
3760	-1.637
3761	1.226
3762	-1.310
3763	-3.218
3764	-1.663
3765	-3.446
3766	-2.244
3767	-2.655
3768	-4.385
3769	-1.208
3770	-1.568
3771	-2.018
3772	-1.737
3773	-2.880
3774	-1.840
3775	-1.485
3776	-3.234
3777	-2.613
3778	-0.291
3779	-2.157
3780	3.289
3781	-1.800
3782	-1.349
3783	-1.614
3784	-2.571
3785	-1.602
3786	-1.438
3787	1.347
3788	-5.000
3789	-1.766
3790	-3.548
3791	-2.931
3792	-0.515
3793	-2.807
3794	-3.337
3795	-2.512
3796	0.171
3797	-2.322
3798	-2.832
3799	-0.026
3800	-3.830
3801	-1.793
3802	-1.655
3803	-2.309
3804	-0.276
3805	-3.044
3806	-3.322
3807	-2.237
3808	-3.918
3809	-2.941
3810	-5.055
3811	-3.300
3812	-2.585
3813	-4.907
3814	-2.606
3815	-3.476
3816	-2.339
3817	-3.714
3818	-6.883
3819	-2.726
3820	-2.381
3821	-3.722
3822	-3.939
3823	-3.196
3824	-3.852
3825	-3.895
3826	-5.104
3827	1.355
3828	-2.848
3829	-2.090
3830	1.102
3831	-1.194
3832	-2.807
3833	-4.883
3834	-3.690
3835	
3836	-4.285
3837	-3.793
3838	-3.689
3839	-5.503
3840	-1.532
3841	-1.246
3842	1.000
3843	0.585
3844	
3845	-0.913
3846	-3.544
3847	
3848	
3849	
3850	
3851	
3852	
3853	0.212
3854	
3855	-1.111
3856	-1.222
3857	-0.979
3858	
3859	0.000
3860	2.322
3861	-0.016
3862	
3863	
3864	
3865	-1.988
3866	-2.683
3867	-2.562
3868	-2.939
3869	-3.122
3870	-2.109
3871	-2.728
3872	-4.077
3873	-2.186
3874	-0.224
3875	-3.716
3876	-4.196
3877	-1.261
3878	-2.445
3879	-0.391
3880	-1.761
3881	-2.335
3882	-2.480
3883	-2.574
3884	-1.355
3885	-3.366
3886	-2.692
3887	-2.112
3888	-4.314
3889	-0.748
3890	-1.263
3891	-1.603
3892	-0.806
3893	2.575
3894	-2.599
3895	-2.783
3896	0.476
3897	-3.189
3898	-0.373
3899	-3.399
3900	-2.248
3901	-0.524
3902	-0.904
3903	-1.415
3904	-2.139
3905	-1.211
3906	-0.924
3907	-1.316
3908	-1.208
3909	-2.188
3910	-2.652
3911	1.369
3912	-2.395
3913	-0.640
3914	-1.313
3915	-0.782
3916	-0.829
3917	-1.694
3918	-1.853
3919	-3.179
3920	-3.954
3921	-2.014
3922	-3.509
3923	-4.353
3924	-3.170
3925	-1.920
3926	-1.628
3927	-4.600
3928	-4.281
3929	-2.931
3930	
3931	-3.059
3932	-3.104
3933	0.116
3934	-2.574
3935	0.077
3936	-2.198
3937	-1.100
3938	-1.817
3939	-3.689
3940	-4.102
3941	-2.720
3942	-1.055
3943	-2.392
3944	-1.525
3945	-2.178
3946	-2.435
3947	-6.539
3948	-3.311
3949	-0.659
3950	-5.366
3951	-3.104
3952	0.386
3953	-3.678
3954	
3955	-3.651
3956	-3.180
3957	-3.181
3958	-1.802
3959	-5.807
3960	-6.044
3961	1.000
3962	
3963	
3964	16.610
3965	
3966	
3967	
3968	
3969	-5.443
3970	
3971	
3972	
3973	
3974	16.610
3975	
3976	
3977	1.000
3978	1.000
3979	
3980	16.610
3981	-2.322
3982	0.000
3983	
3984	
3985	-1.115
3986	-1.935
3987	-5.375
3988	
3989	-1.869
3990	-4.728
3991	-2.992
3992	-0.874
3993	-2.360
3994	-2.939
3995	-0.393
3996	-2.337
3997	-3.725
3998	-2.503
3999	1.524
4000	-2.531
4001	-0.379
4002	-4.539
4003	-5.049
4004	7.253
4005	-2.322
4006	0.536
4007	-4.263
4008	1.358
4009	0.181
4010	-2.059
4011	-2.481
4012	-1.174
4013	-2.694
4014	-3.256
4015	-0.209
4016	-4.322
4017	-1.469
4018	-1.468
4019	-1.066
4020	-0.757
4021	-1.209
4022	-1.531
4023	-4.818
4024	-1.513
4025	-0.837
4026	-1.720
4027	-0.128
4028	-1.928
4029	-1.161
4030	-0.745
4031	-0.631
4032	-0.652
4033	-4.298
4034	-4.115
4035	-3.605
4036	-2.404
4037	-2.476
4038	-1.042
4039	-2.379
4040	-4.147
4041	-1.435
4042	-1.674
4043	-3.048
4044	-0.796
4045	-3.508
4046	-2.450
4047	-1.626
4048	-3.212
4049	-4.056
4050	-4.954
4051	
4052	-2.693
4053	0.401
4054	1.603
4055	-2.660
4056	0.526
4057	-1.970
4058	-3.015
4059	-1.760
4060	-5.267
4061	-3.807
4062	-2.819
4063	-2.602
4064	-3.896
4065	-3.943
4066	-1.054
4067	-2.226
4068	-0.903
4069	-2.688
4070	-4.459
4071	-2.047
4072	-1.255
4073	-2.871
4074	-0.753
4075	-2.758
4076	-2.477
4077	-3.334
4078	-1.753
4079	-4.868
4080	-1.478
4081	
4082	
4083	
4084	
4085	
4086	
4087	
4088	
4089	-0.893
4090	
4091	-1.222
4092	
4093	16.610
4094	-3.585
4095	-0.485
4096	
4097	1.807
4098	1.585
4099	-3.322
4100	
4101	
4102	
4103	-0.515
4104	-1.585
4105	-2.988
4106	-2.848
4107	-3.120
4108	-3.000
4109	-1.609
4110	-2.181
4111	0.644
4112	-0.053
4113	-2.308
4114	-2.138
4115	-0.817
4116	-2.858
4117	-2.266
4118	-1.529
4119	-0.302
4120	-3.280
4121	-2.733
4122	-2.747
4123	-0.277
4124	-3.568
4125	-1.951
4126	-2.474
4127	-7.160
4128	-0.170
4129	-0.292
4130	-0.295
4131	-1.056
4132	-1.924
4133	-0.367
4134	-3.565
4135	-1.695
4136	-2.343
4137	3.720
4138	-1.818
4139	-2.031
4140	0.534
4141	-2.297
4142	-1.635
4143	0.307
4144	-2.373
4145	0.462
4146	1.545
4147	-2.841
4148	1.459
4149	-1.654
4150	-2.454
4151	-1.403
4152	-0.443
4153	-2.793
4154	-0.585
4155	-0.899
4156	2.186
4157	
4158	-3.977
4159	-0.923
4160	-1.845
4161	-0.381
4162	2.059
4163	-3.386
4164	-2.415
4165	-3.732
4166	-1.830
4167	-3.170
4168	-6.623
4169	-3.054
4170	-4.044
4171	2.472
4172	
4173	-0.963
4174	-0.557
4175	-2.259
4176	-1.904
4177	-0.539
4178	-3.078
4179	-0.613
4180	-0.672
4181	-6.322
4182	-2.519
4183	-0.896
4184	-1.314
4185	-3.233
4186	-3.878
4187	-2.155
4188	-2.766
4189	-1.924
4190	-1.768
4191	-2.861
4192	-3.293
4193	-2.660
4194	-5.946
4195	-1.680
4196	0.473
4197	-3.282
4198	-2.707
4199	-5.870
4200	-2.568
4201	
4202	
4203	
4204	
4205	
4206	
4207	-1.000
4208	
4209	-2.094
4210	-0.858
4211	
4212	
4213	
4214	-2.322
4215	
4216	
4217	0.057
4218	
4219	
4220	16.610
4221	-1.000
4222	-1.000
4223	-2.807
4224	-0.415
4225	-1.110
4226	-1.988
4227	-1.111
4228	-2.926
4229	-0.356
4230	-2.478
4231	
4232	-0.907
4233	-2.459
4234	-3.170
4235	-3.059
4236	-3.340
4237	-2.763
4238	-4.044
4239	-4.331
4240	-4.285
4241	-2.649
4242	-3.670
4243	-3.153
4244	-1.178
4245	-2.532
4246	-1.639
4247	-2.790
4248	-4.233
4249	0.000
4250	-2.186
4251	1.397
4252	-3.051
4253	-2.134
4254	-2.793
4255	-3.363
4256	-1.550
4257	-4.044
4258	-2.976
4259	-0.499
4260	-3.585
4261	-1.687
4262	-2.152
4263	-0.371
4264	0.641
4265	-2.363
4266	-2.222
4267	-2.630
4268	-1.138
4269	-2.044
4270	-2.239
4271	-2.347
4272	-1.621
4273	-3.110
4274	
4275	-5.470
4276	1.312
4277	-0.290
4278	-2.343
4279	-6.768
4280	-2.375
4281	-1.778
4282	-3.676
4283	-4.162
4284	-2.349
4285	-2.386
4286	-3.170
4287	-3.209
4288	-3.807
4289	-3.684
4290	-6.883
4291	-3.459
4292	-5.687
4293	-2.115
4294	0.088
4295	-3.585
4296	
4297	-5.248
4298	0.042
4299	2.187
4300	-3.790
4301	-2.850
4302	-2.977
4303	-4.312
4304	-5.459
4305	
4306	-1.032
4307	-4.146
4308	-3.852
4309	-3.226
4310	-2.177
4311	-4.332
4312	-2.617
4313	-2.532
4314	-1.930
4315	-4.150
4316	-3.719
4317	-4.257
4318	-3.672
4319	-2.982
4320	-6.476
4321	0.200
4322	
4323	-1.379
4324	
4325	-2.044
4326	-2.429
4327	-2.433
4328	
4329	-1.152
4330	-1.415
4331	
4332	
4333	-0.889
4334	
4335	
4336	-1.406
4337	-2.046
4338	16.610
4339	
4340	
4341	-1.748
4342	-1.322
4343	
4344	
4345	-1.449
4346	-4.161
4347	-0.020
4348	-3.365
4349	-7.140
4350	-2.344
4351	-2.503
4352	-3.987
4353	-3.301
4354	-1.474
4355	
4356	
4357	-1.823
4358	-1.519
4359	-1.350
4360	-2.044
4361	-2.000
4362	-0.968
4363	1.188
4364	-1.447
4365	-6.317
4366	-2.722
4367	-2.155
4368	-3.459
4369	-1.989
4370	-2.066
4371	-0.968
4372	0.720
4373	2.122
4374	-2.165
4375	-6.755
4376	-2.311
4377	-2.078
4378	-1.080
4379	-2.907
4380	-2.970
4381	-0.471
4382	-0.928
4383	-1.456
4384	-1.313
4385	-1.630
4386	-1.437
4387	-0.604
4388	-0.684
4389	-2.624
4390	-3.006
4391	-1.229
4392	-2.807
4393	-1.479
4394	
4395	-2.070
4396	-0.939
4397	-2.245
4398	-4.907
4399	-2.622
4400	-2.035
4401	-1.994
4402	-3.217
4403	-2.105
4404	-2.734
4405	-2.987
4406	-3.970
4407	
4408	-3.252
4409	-3.216
4410	-4.217
4411	-2.254
4412	-5.448
4413	-2.354
4414	-2.466
4415	-1.401
4416	-2.267
4417	-3.233
4418	-3.373
4419	-1.788
4420	-2.913
4421	-3.880
4422	-2.628
4423	0.972
4424	-5.229
4425	-1.466
4426	-3.375
4427	-3.373
4428	-2.297
4429	-2.743
4430	-2.642
4431	
4432	-2.144
4433	-4.000
4434	-2.745
4435	-2.615
4436	-3.611
4437	-2.647
4438	-3.636
4439	-3.740
4440	-1.737
4441	1.807
4442	
4443	
4444	2.700
4445	-0.369
4446	
4447	1.585
4448	
4449	
4450	
4451	-1.531
4452	
4453	
4454	
4455	-2.322
4456	3.170
4457	2.459
4458	-1.737
4459	16.610
4460	-3.585
4461	
4462	
4463	0.585
4464	-1.585
4465	-2.509
4466	-2.051
4467	-2.671
4468	-1.138
4469	-3.170
4470	-4.263
4471	-1.503
4472	-1.158
4473	0.194
4474	0.106
4475	-2.363
4476	-4.426
4477	-0.557
4478	0.043
4479	-1.276
4480	-3.170
4481	-2.599
4482	-1.144
4483	-3.574
4484	-1.090
4485	-3.807
4486	-1.000
4487	-1.861
4488	-0.958
4489	-0.197
4490	2.172
4491	-3.212
4492	0.272
4493	-2.869
4494	-1.352
4495	0.496
4496	1.899
4497	-1.526
4498	-3.798
4499	-0.828
4500	-2.831
4501	-0.328
4502	-2.636
4503	-2.652
4504	-2.051
4505	4.951
4506	-2.780
4507	1.819
4508	1.936
4509	-3.285
4510	-3.342
4511	-2.044
4512	0.026
4513	-1.543
4514	-0.790
4515	-2.541
4516	-2.400
4517	-0.949
4518	-2.136
4519	-0.660
4520	-2.371
4521	-3.075
4522	-2.926
4523	-3.229
4524	-1.657
4525	-1.859
4526	0.406
4527	-2.017
4528	-1.798
4529	0.315
4530	-2.519
4531	-4.342
4532	-4.926
4533	-1.948
4534	-1.937
4535	-1.154
4536	-2.204
4537	0.029
4538	-3.420
4539	-0.980
4540	-3.961
4541	-4.833
4542	-2.204
4543	-0.450
4544	-2.630
4545	-3.528
4546	-7.577
4547	
4548	-3.848
4549	-4.257
4550	-2.763
4551	-1.929
4552	-2.689
4553	-4.621
4554	-4.700
4555	-1.322
4556	-2.841
4557	-1.019
4558	-1.648
4559	-5.066
4560	-2.621
4561	
4562	-1.415
4563	
4564	2.585
4565	-4.248
4566	-0.222
4567	-0.865
4568	
4569	-2.170
4570	
4571	-0.585
4572	
4573	-1.000
4574	
4575	
4576	-1.415
4577	-1.138
4578	-0.415
4579	1.000
4580	
4581	
4582	-1.000
4583	16.610
4584	1.000
4585	-3.919
4586	-0.803
4587	
4588	-0.528
4589	5.200
4590	-2.415
4591	-2.655
4592	-4.511
4593	-1.436
4594	-4.824
4595	
4596	-3.115
4597	-2.087
4598	-1.786
4599	-3.222
4600	-1.242
4601	-1.242
4602	-2.650
4603	-2.239
4604	2.203
4605	-1.471
4606	
4607	-3.311
4608	-3.885
4609	-0.868
4610	-0.544
4611	-1.401
4612	-1.734
4613	-1.737
4614	-0.804
4615	-1.240
4616	-2.087
4617	-2.473
4618	-2.062
4619	-2.338
4620	0.443
4621	-1.333
4622	-3.773
4623	-4.678
4624	-0.963
4625	-2.781
4626	-1.280
4627	-0.872
4628	-1.708
4629	-1.258
4630	0.778
4631	-1.714
4632	-6.451
4633	-2.963
4634	-0.576
4635	-0.485
4636	2.343
4637	-1.037
4638	-1.000
4639	-1.500
4640	-2.295
4641	-2.663
4642	-1.871
4643	-3.421
4644	-3.300
4645	-6.833
4646	-4.644
4647	-2.807
4648	-3.170
4649	-2.222
4650	-2.294
4651	-1.271
4652	-3.291
4653	-0.480
4654	0.512
4655	-0.193
4656	-1.772
4657	0.024
4658	-4.476
4659	
4660	0.698
4661	-3.619
4662	-1.609
4663	-0.288
4664	-1.670
4665	-3.000
4666	-4.278
4667	0.360
4668	-1.795
4669	-1.023
4670	-1.807
4671	-0.919
4672	-1.405
4673	-1.718
4674	-3.585
4675	-1.878
4676	-3.684
4677	-1.695
4678	-4.790
4679	-3.711
4680	-2.727
4681	-2.322
4682	
4683	
4684	-1.415
4685	
4686	
4687	0.000
4688	
4689	-0.705
4690	-3.644
4691	
4692	
4693	-0.263
4694	
4695	0.000
4696	
4697	
4698	
4699	16.610
4700	-1.322
4701	
4702	2.459
4703	0.000
4704	
4705	-0.885
4706	-2.170
4707	-1.745
4708	-0.700
4709	-0.082
4710	-7.219
4711	-2.285
4712	-4.459
4713	-4.868
4714	-2.243
4715	-4.989
4716	-3.885
4717	-1.880
4718	2.040
4719	-1.840
4720	-2.745
4721	-0.794
4722	-1.728
4723	-3.874
4724	-3.369
4725	-2.503
4726	-2.913
4727	-2.000
4728	-2.433
4729	-1.843
4730	2.009
4731	0.549
4732	-0.851
4733	-1.342
4734	-2.573
4735	-0.322
4736	-2.796
4737	-0.258
4738	-2.346
4739	-3.138
4740	-3.063
4741	-0.655
4742	-1.681
4743	-2.087
4744	-0.886
4745	-1.919
4746	-1.243
4747	-1.794
4748	-2.170
4749	-4.790
4750	-3.145
4751	-5.437
4752	-1.465
4753	-2.298
4754	-2.722
4755	-1.531
4756	-4.135
4757	-3.907
4758	-2.419
4759	-2.115
4760	-2.322
4761	-3.132
4762	-1.112
4763	-2.307
4764	-2.420
4765	-3.226
4766	-2.684
4767	-0.249
4768	2.174
4769	-1.936
4770	7.399
4771	-1.558
4772	-0.737
4773	-2.000
4774	-3.013
4775	-1.758
4776	-2.498
4777	-5.448
4778	-4.033
4779	
4780	-5.600
4781	-0.143
4782	-5.276
4783	
4784	-1.573
4785	-3.281
4786	
4787	-4.115
4788	-3.148
4789	-3.222
4790	-2.212
4791	-3.426
4792	-3.336
4793	-2.675
4794	-3.511
4795	-0.797
4796	-6.409
4797	-5.663
4798	-3.717
4799	-4.237
4800	-1.553
4801	-1.103
4802	
4803	
4804	
4805	-1.280
4806	-2.921
4807	
4808	
4809	-5.524
4810	-0.415
4811	-1.280
4812	
4813	-1.760
4814	
4815	
4816	
4817	-0.866
4818	0.678
4819	-1.000
4820	-1.000
4821	-1.529
4822	-0.737
4823	
4824	-3.170
4825	-3.301
4826	-1.508
4827	-2.459
4828	-1.956
4829	-2.603
4830	-1.505
4831	-2.000
4832	
4833	-2.204
4834	-3.233
4835	-2.509
4836	-1.154
4837	-1.453
4838	-0.642
4839	-1.718
4840	-1.517
4841	-1.807
4842	-1.178
4843	-0.642
4844	-2.546
4845	-1.830
4846	-2.020
4847	
4848	-3.799
4849	-1.015
4850	-1.276
4851	-0.835
4852	-0.410
4853	-0.196
4854	-1.015
4855	-1.035
4856	-1.913
4857	-2.515
4858	-1.620
4859	-1.016
4860	-0.236
4861	-1.303
4862	-0.576
4863	-2.290
4864	-1.482
4865	-0.737
4866	-0.035
4867	-1.582
4868	-1.616
4869	-1.953
4870	-0.357
4871	-1.339
4872	-1.988
4873	-0.671
4874	-0.577
4875	-2.482
4876	-3.000
4877	-1.363
4878	-0.851
4879	-2.674
4880	-1.459
4881	-2.478
4882	-0.218
4883	-0.050
4884	-3.059
4885	-2.445
4886	-0.400
4887	-2.596
4888	-2.916
4889	-1.850
4890	-2.129
4891	-3.837
4892	-1.585
4893	-3.858
4894	-1.803
4895	-1.236
4896	
4897	-1.732
4898	-2.070
4899	-3.863
4900	-3.233
4901	-2.481
4902	-3.095
4903	-2.617
4904	-0.623
4905	-1.263
4906	-1.558
4907	-2.444
4908	-3.142
4909	-1.946
4910	-2.053
4911	
4912	-2.082
4913	-2.910
4914	-2.263
4915	-1.819
4916	-1.098
4917	-4.248
4918	-2.818
4919	
4920	-2.761
4921	
4922	16.610
4923	
4924	-3.459
4925	-0.585
4926	
4927	
4928	
4929	-6.000
4930	
4931	0.977
4932	
4933	1.222
4934	
4935	
4936	
4937	0.585
4938	16.610
4939	0.000
4940	-0.556
4941	
4942	
4943	1.000
4944	-2.170
4945	-1.515
4946	0.746
4947	-2.415
4948	-3.129
4949	-2.528
4950	-2.568
4951	-2.926
4952	-1.781
4953	-2.000
4954	-1.856
4955	-2.424
4956	-0.729
4957	-2.007
4958	-2.333
4959	0.626
4960	-2.234
4961	-2.157
4962	-2.482
4963	1.109
4964	-1.179
4965	-0.874
4966	-0.126
4967	-0.418
4968	-2.550
4969	-1.119
4970	-2.893
4971	-1.783
4972	0.910
4973	-2.135
4974	-1.415
4975	-1.241
4976	-1.369
4977	-3.217
4978	-1.153
4979	-0.529
4980	-3.102
4981	-2.132
4982	-2.700
4983	0.548
4984	0.395
4985	-0.339
4986	-0.445
4987	-0.962
4988	-0.614
4989	-1.110
4990	-0.760
4991	-0.722
4992	-0.167
4993	-4.907
4994	0.594
4995	-1.447
4996	0.206
4997	-2.737
4998	-3.478
4999	-1.504
5000	-2.843
5001	
5002	-2.373
5003	-0.930
5004	-3.784
5005	-0.475
5006	-3.248
5007	1.225
5008	-0.385
5009	-3.991
5010	-1.000
5011	-2.138
5012	-1.977
5013	-1.655
5014	-2.766
5015	-3.052
5016	-3.065
5017	-2.423
5018	-3.044
5019	-2.709
5020	-1.198
5021	-2.710
5022	-2.499
5023	-3.170
5024	-2.178
5025	-4.322
5026	-0.990
5027	
5028	0.380
5029	
5030	-5.907
5031	-4.923
5032	-5.066
5033	-2.524
5034	-2.441
5035	-0.689
5036	-2.556
5037	-1.543
5038	-3.725
5039	-2.503
5040	-2.721
5041	
5042	
5043	3.322
5044	
5045	-1.193
5046	2.132
5047	-2.320
5048	
5049	
5050	-0.585
5051	
5052	
5053	2.322
5054	
5055	
5056	1.807
5057	
5058	-0.585
5059	16.610
5060	
5061	
5062	
5063	
5064	0.000
5065	1.173
5066	-2.775
5067	2.445
5068	-1.533
5069	-0.750
5070	-2.291
5071	0.776
5072	-2.913
5073	-3.170
5074	-2.871
5075	-0.807
5076	-3.650
5077	-1.507
5078	-2.185
5079	-1.746
5080	-0.566
5081	-1.408
5082	-2.267
5083	-1.382
5084	-1.000
5085	-5.059
5086	-2.634
5087	-3.496
5088	-1.718
5089	-1.840
5090	-2.233
5091	1.343
5092	0.929
5093	-0.850
5094	-1.916
5095	-1.287
5096	-1.449
5097	-2.193
5098	-2.229
5099	-1.303
5100	-0.508
5101	-1.733
5102	-2.170
5103	-2.138
5104	-2.059
5105	-0.433
5106	-1.652
5107	-1.818
5108	-2.417
5109	-0.949
5110	-0.858
5111	-2.459
5112	0.031
5113	-1.541
5114	-0.157
5115	2.756
5116	2.929
5117	-1.382
5118	-2.131
5119	-3.309
5120	0.387
5121	-0.682
5122	-0.606
5123	-2.313
5124	-1.182
5125	-4.426
5126	-3.741
5127	-3.119
5128	-2.900
5129	-2.244
5130	-2.967
5131	-3.945
5132	-0.554
5133	-4.222
5134	1.104
5135	-2.807
5136	-1.742
5137	-5.710
5138	-4.907
5139	-2.716
5140	-2.710
5141	-1.671
5142	-2.771
5143	0.156
5144	-2.344
5145	-1.871
5146	-0.966
5147	-3.644
5148	-3.375
5149	-1.463
5150	-2.322
5151	-1.642
5152	-1.825
5153	-0.895
5154	-1.036
5155	-3.253
5156	-3.068
5157	0.850
5158	-5.298
5159	-4.020
5160	-2.585
5161	16.610
5162	
5163	16.610
5164	
5165	
5166	
5167	-2.807
5168	
5169	-2.678
5170	
5171	
5172	
5173	
5174	
5175	
5176	
5177	6.324
5178	-0.322
5179	
5180	
5181	-1.322
5182	2.322
5183	
5184	
5185	-1.948
5186	-1.175
5187	-0.184
5188	-3.322
5189	
5190	-0.319
5191	-5.658
5192	-2.263
5193	
5194	-0.982
5195	-2.601
5196	-1.036
5197	-3.115
5198	-3.684
5199	-2.720
5200	-3.087
5201	-3.839
5202	-1.727
5203	-3.492
5204	-2.456
5205	-2.485
5206	-1.798
5207	-1.663
5208	-1.604
5209	-0.392
5210	-1.113
5211	-2.453
5212	-2.534
5213	-3.000
5214	0.918
5215	2.244
5216	-2.431
5217	-3.574
5218	-2.747
5219	-1.951
5220	-2.819
5221	-0.841
5222	-2.645
5223	-1.518
5224	-1.654
5225	-3.538
5226	-2.322
5227	-2.054
5228	-3.524
5229	-0.058
5230	-2.376
5231	-1.118
5232	-3.485
5233	-1.404
5234	-4.524
5235	-4.217
5236	-3.739
5237	-5.870
5238	-4.524
5239	-2.922
5240	-2.330
5241	-2.138
5242	-3.722
5243	-1.807
5244	-3.773
5245	-2.492
5246	-4.841
5247	-3.515
5248	-3.159
5249	-3.170
5250	-2.898
5251	-4.123
5252	-3.322
5253	
5254	-2.774
5255	-0.556
5256	-3.051
5257	-2.710
5258	-6.007
5259	-2.346
5260	-2.885
5261	-2.976
5262	-3.000
5263	-0.229
5264	-2.923
5265	-3.312
5266	-3.304
5267	-3.447
5268	-2.512
5269	-4.293
5270	-3.600
5271	-2.667
5272	-2.719
5273	-4.515
5274	-4.283
5275	-1.127
5276	-3.508
5277	-5.063
5278	-4.222
5279	-4.222
5280	-4.011
5281	0.049
5282	
5283	
5284	1.000
5285	-0.825
5286	-3.087
5287	16.610
5288	
5289	
5290	-1.766
5291	-0.737
5292	
5293	-1.914
5294	-0.907
5295	0.000
5296	0.807
5297	-2.209
5298	
5299	-2.087
5300	
5301	-1.566
5302	2.170
5303	
5304	
5305	-3.204
5306	-2.322
5307	-1.951
5308	-0.794
5309	-1.053
5310	-0.801
5311	-0.622
5312	-3.644
5313	-0.973
5314	-3.170
5315	-1.868
5316	-2.307
5317	0.466
5318	-0.799
5319	-1.965
5320	-1.313
5321	-1.776
5322	-1.410
5323	-1.478
5324	-2.359
5325	-0.623
5326	-3.132
5327	-1.907
5328	-3.476
5329	-1.627
5330	-1.258
5331	-1.635
5332	0.820
5333	-1.244
5334	-1.127
5335	0.372
5336	0.756
5337	0.068
5338	-0.278
5339	-1.133
5340	-0.977
5341	1.010
5342	-1.439
5343	-1.890
5344	-1.954
5345	-1.060
5346	-0.053
5347	7.330
5348	-1.307
5349	-0.918
5350	-1.000
5351	-1.543
5352	-1.275
5353	-0.691
5354	-2.310
5355	-1.363
5356	-0.504
5357	-1.585
5358	-2.057
5359	-1.158
5360	-0.105
5361	-1.027
5362	-0.694
5363	1.378
5364	-1.047
5365	-3.346
5366	-1.448
5367	-0.490
5368	-2.695
5369	-3.415
5370	-2.403
5371	-1.967
5372	-2.450
5373	-1.620
5374	-2.075
5375	-0.817
5376	-2.170
5377	-1.767
5378	-3.118
5379	-1.870
5380	-2.830
5381	-0.401
5382	-0.550
5383	-2.268
5384	-1.984
5385	-2.149
5386	1.665
5387	-1.931
5388	-2.222
5389	-3.624
5390	-2.752
5391	-2.142
5392	-1.598
5393	-1.615
5394	-1.935
5395	-2.322
5396	-2.287
5397	-1.103
5398	-1.945
5399	-2.151
5400	-0.775
5401	
5402	
5403	-0.186
5404	1.459
5405	-1.000
5406	-0.485
5407	
5408	
5409	-5.073
5410	-2.070
5411	-0.788
5412	
5413	-0.398
5414	-1.322
5415	
5416	-1.585
5417	
5418	
5419	2.459
5420	
5421	
5422	-1.000
5423	0.000
5424	
5425	-1.256
5426	-3.573
5427	-1.148
5428	-1.273
5429	-2.621
5430	-0.794
5431	-3.744
5432	7.588
5433	-2.269
5434	1.864
5435	-2.519
5436	-1.358
5437	-2.263
5438	-2.036
5439	0.115
5440	-2.239
5441	-2.263
5442	-0.639
5443	-0.839
5444	0.298
5445	-1.268
5446	-2.503
5447	-0.515
5448	-2.306
5449	-0.624
5450	-1.858
5451	-1.571
5452	-1.442
5453	-1.598
5454	-0.946
5455	-0.259
5456	-1.716
5457	-0.086
5458	-2.078
5459	-0.409
5460	-2.288
5461	-1.112
5462	0.337
5463	-0.017
5464	-1.118
5465	-0.595
5466	-0.907
5467	1.604
5468	-2.000
5469	-0.801
5470	-0.935
5471	-1.404
5472	-0.100
5473	-1.479
5474	-1.195
5475	-2.600
5476	-0.803
5477	-1.508
5478	-0.488
5479	-3.797
5480	0.748
5481	-2.194
5482	-1.328
5483	-1.833
5484	-2.236
5485	-1.427
5486	-3.248
5487	-2.244
5488	-1.338
5489	-1.886
5490	-1.800
5491	-2.891
5492	-3.287
5493	-1.075
5494	-0.025
5495	0.285
5496	-1.988
5497	-2.112
5498	-2.758
5499	-2.276
5500	-0.845
5501	-0.047
5502	-0.852
5503	-0.471
5504	-2.102
5505	0.189
5506	-1.969
5507	-0.937
5508	-1.358
5509	-2.322
5510	-2.753
5511	-3.219
5512	-0.706
5513	-2.835
5514	-3.865
5515	-2.144
5516	-1.783
5517	-1.644
5518	0.569
5519	-3.158
5520	0.667
5521	
5522	
5523	
5524	16.610
5525	2.585
5526	
5527	-1.199
5528	
5529	0.000
5530	
5531	
5532	
5533	
5534	1.322
5535	
5536	1.807
5537	
5538	
5539	16.610
5540	-1.000
5541	
5542	
5543	-3.322
5544	
5545	
5546	
5547	-1.585
5548	16.610
5549	
5550	3.000
5551	0.585
5552	-2.322
5553	
5554	0.000
5555	2.000
5556	
5557	
5558	
5559	1.000
5560	
5561	0.000
5562	0.000
5563	
5564	16.610
5565	0.485
5566	-2.322
5567	
5568	-1.000
5569	
5570	0.000
5571	1.000
5572	-1.585
5573	16.610
5574	1.000
5575	
5576	-1.000
5577	2.170
5578	
5579	1.000
5580	
5581	
5582	0.000
5583	16.610
5584	0.585
5585	
5586	
5587	
5588	16.610
5589	16.610
5590	2.170
5591	
5592	
5593	
5594	0.322
5595	0.737
5596	-0.737
5597	
5598	0.737
5599	-1.000
5600	3.755
5601	0.415
5602	0.933
5603	0.000
5604	-1.000
5605	0.485
5606	
5607	3.000
5608	
5609	1.585
5610	-0.585
5611	
5612	16.610
5613	
5614	
5615	1.000
5616	2.000
5617	2.585
5618	
5619	
5620	
5621	16.610
5622	-1.000
5623	
5624	0.322
5625	
5626	-1.322
5627	16.610
5628	16.610
5629	
5630	1.222
5631	
5632	16.610
5633	1.000
5634	
5635	-0.415
5636	
5637	
5638	1.000
5639	
5640	
5641	
5642	-1.807
5643	
5644	0.000
5645	-2.000
5646	
5647	
5648	
5649	-4.443
5650	-1.874
5651	0.807
5652	
5653	-1.000
5654	
5655	0.000
5656	
5657	-0.415
5658	
5659	16.610
5660	16.610
5661	
5662	16.610
5663	
5664	
5665	-3.154
5666	-2.990
5667	-1.952
5668	-3.796
5669	-3.441
5670	-3.468
5671	-2.035
5672	-1.963
5673	-4.794
5674	0.103
5675	2.165
5676	-2.556
5677	-0.827
5678	-1.988
5679	-0.874
5680	-0.522
5681	1.092
5682	-3.342
5683	-2.181
5684	-2.335
5685	-2.622
5686	-3.038
5687	-1.869
5688	-1.467
5689	-2.496
5690	-0.398
5691	-1.511
5692	0.093
5693	-5.235
5694	-2.385
5695	-1.379
5696	-4.259
5697	-2.796
5698	-4.170
5699	-2.718
5700	-1.755
5701	-3.036
5702	-0.341
5703	-3.369
5704	-2.184
5705	-1.868
5706	-0.740
5707	-1.333
5708	-3.459
5709	-1.240
5710	-3.087
5711	-3.154
5712	
5713	-2.939
5714	-1.897
5715	-1.420
5716	-1.138
5717	0.768
5718	-3.615
5719	-2.775
5720	-1.681
5721	-2.014
5722	-1.203
5723	-3.471
5724	-2.538
5725	-0.843
5726	-5.381
5727	-3.845
5728	-1.774
5729	-2.700
5730	-2.152
5731	-2.626
5732	0.881
5733	-1.480
5734	-1.525
5735	-2.270
5736	-2.986
5737	-1.963
5738	-3.038
5739	-3.954
5740	-3.459
5741	-6.119
5742	-2.191
5743	-2.943
5744	-4.097
5745	-3.188
5746	-3.273
5747	-3.382
5748	-3.450
5749	-2.200
5750	-0.756
5751	-2.729
5752	-3.950
5753	-0.848
5754	-2.979
5755	-2.014
5756	-0.162
5757	-3.115
5758	-3.713
5759	-4.916
5760	-2.506
