1	-2.422
2	1.000
3	
4	16.610
5	-3.459
6	
7	-3.087
8	
9	16.610
10	
11	-4.087
12	
13	-0.804
14	
15	
16	
17	-1.778
18	
19	
20	16.610
21	-1.197
22	-3.000
23	-3.954
24	
25	3.665
26	-3.451
27	-3.569
28	-5.883
29	-4.431
30	-0.623
31	-2.767
32	-0.458
33	-3.342
34	-0.874
35	-2.826
36	-5.392
37	-0.381
38	-1.976
39	-1.804
40	-0.257
41	-1.530
42	-1.204
43	-2.876
44	-3.031
45	-1.344
46	-4.034
47	-4.152
48	-1.624
49	-1.358
50	-0.513
51	-0.092
52	-0.776
53	-1.231
54	-0.229
55	-0.774
56	0.115
57	-1.528
58	-0.399
59	1.660
60	-0.736
61	-0.610
62	-2.038
63	-1.370
64	-0.547
65	-2.029
66	-1.585
67	3.088
68	-0.236
69	1.758
70	-3.121
71	-2.090
72	-3.532
73	-1.826
74	-1.913
75	-0.383
76	-1.165
77	-1.681
78	1.446
79	-1.837
80	-0.267
81	0.356
82	-4.346
83	-0.766
84	3.254
85	-1.575
86	-0.192
87	-4.492
88	-0.726
89	-1.476
90	-2.943
91	-4.622
92	0.753
93	0.259
94	-5.080
95	-2.548
96	-1.803
97	-3.115
98	-2.766
99	-0.525
100	1.247
101	-1.911
102	-3.388
103	-1.706
104	-3.009
105	-1.692
106	-2.273
107	-3.911
108	-0.499
109	-3.678
110	-3.407
111	-2.604
112	1.078
113	-2.524
114	0.481
115	-2.798
116	-1.866
117	-2.628
118	-1.516
119	-1.412
120	-2.000
121	
122	-1.874
123	
124	
125	-2.322
126	16.610
127	-1.222
128	
129	-3.365
130	-2.143
131	-2.115
132	
133	-1.585
134	
135	
136	-2.807
137	
138	-2.585
139	1.000
140	-0.737
141	
142	
143	0.585
144	-1.222
145	1.065
146	-2.911
147	-3.517
148	-2.311
149	-3.693
150	-2.639
151	-3.033
152	-2.900
153	-2.892
154	-3.037
155	-3.018
156	-3.720
157	0.157
158	-2.674
159	-3.262
160	-3.592
161	-2.238
162	-3.559
163	-1.672
164	-0.334
165	-2.737
166	-1.816
167	-3.183
168	-2.531
169	-1.110
170	-2.579
171	-3.620
172	-2.924
173	-1.428
174	-3.104
175	0.340
176	-1.736
177	-2.429
178	-3.374
179	-2.365
180	-3.763
181	-2.043
182	-1.989
183	1.301
184	-0.490
185	1.727
186	-1.542
187	-3.100
188	-2.814
189	-1.754
190	-2.837
191	-2.716
192	-3.170
193	-3.313
194	-2.845
195	-3.317
196	-2.592
197	-2.288
198	-2.882
199	0.879
200	-1.909
201	-1.803
202	-3.918
203	-0.095
204	-2.963
205	-2.374
206	1.066
207	-4.087
208	-1.314
209	-2.205
210	-4.385
211	-3.356
212	-1.995
213	-3.531
214	-0.202
215	-3.934
216	-3.031
217	0.846
218	-4.102
219	-2.840
220	-3.663
221	-2.633
222	-2.425
223	-4.254
224	-0.047
225	-2.645
226	-3.621
227	-2.981
228	-3.406
229	-4.310
230	-3.237
231	-2.861
232	-1.915
233	-1.974
234	-4.886
235	-3.672
236	-2.469
237	-0.669
238	-3.585
239	-0.819
240	-1.576
241	-2.585
242	-1.585
243	
244	
245	-0.652
246	-2.807
247	
248	
249	-3.000
250	
251	
252	
253	-1.222
254	
255	
256	16.610
257	-1.585
258	-2.000
259	-1.807
260	-1.585
261	16.610
262	16.610
263	-3.459
264	
265	-3.145
266	-0.842
267	-2.464
268	-3.065
269	-3.225
270	-3.649
271	-0.900
272	-4.883
273	-2.871
274	-3.496
275	-3.281
276	-2.290
277	-1.156
278	-1.010
279	-2.626
280	-2.897
281	-2.358
282	-2.351
283	-1.195
284	-2.800
285	-3.198
286	-2.025
287	-2.447
288	0.659
289	-2.536
290	-2.412
291	-3.445
292	-0.659
293	-3.131
294	-0.039
295	-2.658
296	-0.651
297	0.251
298	-2.241
299	-2.511
300	1.882
301	-1.181
302	-1.815
303	-1.000
304	-1.667
305	-0.883
306	-1.716
307	-1.193
308	-2.327
309	-2.423
310	-0.806
311	-2.115
312	0.084
313	-0.156
314	-2.382
315	-2.949
316	-1.183
317	-1.748
318	-2.516
319	-2.821
320	-3.327
321	-1.244
322	-0.781
323	-3.196
324	-1.100
325	-2.695
326	-2.816
327	-1.212
328	-2.304
329	-3.446
330	-1.621
331	-0.567
332	-4.125
333	-3.497
334	-1.109
335	-2.363
336	-3.200
337	0.696
338	-1.891
339	-3.140
340	-4.819
341	-2.044
342	-2.830
343	-3.572
344	-2.529
345	-2.688
346	-2.846
347	-1.568
348	-0.697
349	0.202
350	-3.795
351	0.322
352	-4.040
353	0.698
354	-1.629
355	-2.795
356	-4.176
357	-1.194
358	-3.358
359	-1.740
360	-4.833
361	
362	
363	-3.170
364	-2.807
365	0.000
366	
367	-3.459
368	
369	-2.929
370	-2.459
371	
372	
373	
374	
375	
376	
377	
378	-1.222
379	
380	0.000
381	-1.000
382	-1.000
383	-0.415
384	-0.415
385	-3.710
386	-4.644
387	-2.981
388	-3.900
389	-2.989
390	-3.652
391	-3.356
392	-2.477
393	-3.541
394	-3.170
395	-2.920
396	-4.218
397	-2.541
398	-2.741
399	-2.540
400	-3.010
401	-2.331
402	-2.963
403	-3.637
404	-3.047
405	-0.727
406	-1.424
407	-3.008
408	-0.816
409	-2.535
410	-1.712
411	-0.576
412	-3.078
413	-2.948
414	-2.468
415	-1.548
416	-2.000
417	-3.652
418	-2.726
419	-3.408
420	0.732
421	-1.492
422	-2.821
423	-1.310
424	0.473
425	-0.508
426	-3.065
427	-2.512
428	-3.031
429	-4.009
430	-1.072
431	-3.263
432	-3.091
433	-4.109
434	-3.082
435	-0.360
436	-1.295
437	-4.700
438	-3.300
439	-3.720
440	-4.392
441	-4.177
442	-0.849
443	-2.757
444	-0.666
445	-0.926
446	-4.216
447	-2.724
448	-3.547
449	-2.340
450	-6.115
451	-2.519
452	-2.106
453	-4.135
454	-2.268
455	-4.658
456	-3.491
457	-2.730
458	-2.038
459	-3.535
460	-1.492
461	-3.531
462	-3.072
463	-0.024
464	-0.519
465	-3.885
466	-4.143
467	-4.476
468	-4.118
469	-0.532
470	-2.257
471	-4.030
472	-3.451
473	-4.008
474	-4.239
475	-2.208
476	-3.304
477	-4.921
478	-2.558
479	-4.398
480	-2.541
481	-3.337
482	
483	-3.700
484	-0.737
485	-2.663
486	-4.170
487	-2.524
488	
489	
490	
491	
492	
493	-3.657
494	-1.415
495	16.610
496	
497	-1.721
498	
499	-1.000
500	
501	-2.011
502	
503	
504	
505	-2.565
506	-2.208
507	-3.441
508	-4.632
509	-2.993
510	-3.453
511	-0.441
512	-5.000
513	-1.615
514	-3.605
515	-3.844
516	-1.401
517	-3.061
518	-1.355
519	-1.253
520	-0.338
521	-3.000
522	0.147
523	-1.136
524	-3.273
525	-3.708
526	-3.615
527	-4.483
528	-4.707
529	-1.457
530	-1.679
531	2.667
532	0.268
533	-0.669
534	0.220
535	-0.971
536	1.060
537	-3.459
538	0.360
539	-1.907
540	-0.193
541	0.447
542	-2.533
543	-0.564
544	-1.108
545	-1.845
546	-0.991
547	2.995
548	-2.746
549	-2.341
550	-3.389
551	-2.532
552	-0.922
553	-0.924
554	-2.277
555	-1.503
556	-4.785
557	-2.471
558	-1.881
559	-3.301
560	-1.232
561	-3.048
562	-3.747
563	-3.831
564	-2.070
565	0.645
566	0.000
567	-3.346
568	-1.231
569	-1.553
570	-1.174
571	-6.521
572	-0.112
573	-0.022
574	-3.939
575	-2.447
576	-2.971
577	-1.049
578	-3.031
579	-3.220
580	0.042
581	-0.489
582	-1.380
583	-5.030
584	-1.260
585	0.585
586	-2.266
587	-4.010
588	-0.524
589	-3.706
590	-2.928
591	-2.526
592	-0.244
593	-2.772
594	-0.064
595	-2.636
596	2.481
597	-2.329
598	-1.743
599	0.512
600	-2.096
601	-1.000
602	
603	
604	-2.000
605	
606	16.610
607	
608	
609	-4.907
610	-2.392
611	-1.663
612	
613	1.000
614	
615	-3.000
616	-1.737
617	-2.907
618	
619	
620	
621	16.610
622	
623	0.000
624	-1.585
625	-4.239
626	-2.768
627	-2.464
628	-3.459
629	-3.008
630	-1.267
631	-2.018
632	-1.990
633	0.195
634	-3.009
635	2.692
636	-4.229
637	-1.475
638	-1.415
639	-1.580
640	-2.755
641	-3.313
642	-2.555
643	0.735
644	-2.126
645	-1.317
646	-2.509
647	-3.000
648	-2.527
649	-0.833
650	0.010
651	-2.864
652	-1.166
653	-0.922
654	-2.596
655	0.618
656	-3.761
657	-2.939
658	-3.345
659	-0.127
660	-3.148
661	-3.500
662	-2.789
663	-3.529
664	-2.453
665	-1.169
666	-1.144
667	-2.495
668	-1.603
669	-1.198
670	-2.536
671	-2.124
672	-2.455
673	-1.234
674	-3.052
675	-2.851
676	-1.251
677	-1.034
678	-2.753
679	-0.247
680	-1.000
681	0.235
682	-3.766
683	-0.205
684	-2.068
685	0.102
686	-2.238
687	-3.144
688	-0.747
689	-1.372
690	-2.349
691	0.081
692	-2.807
693	-5.853
694	-1.286
695	-1.988
696	-0.222
697	0.929
698	0.241
699	-1.655
700	-2.342
701	-2.757
702	-3.622
703	-4.603
704	-1.633
705	-4.524
706	-2.501
707	-4.196
708	-1.708
709	-3.672
710	-4.298
711	-2.774
712	-0.928
713	-3.322
714	-3.653
715	-3.292
716	-2.260
717	-4.755
718	-4.768
719	-1.914
720	-2.032
721	
722	
723	-1.585
724	-1.585
725	
726	-3.700
727	1.000
728	
729	-1.415
730	-2.000
731	
732	
733	-1.415
734	-2.000
735	
736	1.000
737	0.000
738	
739	
740	
741	
742	
743	-2.807
744	0.000
745	-3.678
746	-1.725
747	-5.426
748	-4.209
749	-2.369
750	-3.710
751	-1.609
752	-4.692
753	-3.897
754	-3.216
755	
756	-4.970
757	-1.791
758	-0.745
759	2.126
760	-2.704
761	-2.543
762	-2.767
763	-2.174
764	-2.630
765	-3.459
766	-4.097
767	-1.841
768	
769	-2.620
770	-2.255
771	-3.635
772	-1.310
773	-1.890
774	-0.926
775	-1.520
776	-1.404
777	0.849
778	-2.239
779	-2.449
780	-4.534
781	-1.885
782	0.087
783	-1.642
784	-2.253
785	-1.926
786	-2.104
787	-3.080
788	-1.061
789	-3.469
790	-2.634
791	-0.032
792	-0.027
793	-2.595
794	-3.170
795	-1.842
796	-0.425
797	-2.948
798	-3.071
799	-4.420
800	-3.289
801	-2.405
802	-1.700
803	-3.006
804	-1.329
805	-0.543
806	-3.907
807	-1.508
808	-2.079
809	-4.358
810	-2.102
811	-2.254
812	-1.876
813	-2.433
814	-0.105
815	-1.052
816	-3.095
817	0.063
818	-1.471
819	-1.334
820	-2.926
821	-0.803
822	-3.333
823	0.361
824	-2.211
825	-3.780
826	-1.548
827	-0.053
828	0.086
829	1.253
830	-0.286
831	0.338
832	-1.102
833	1.259
834	-1.093
835	-0.797
836	-1.721
837	-0.175
838	-3.740
839	-1.283
840	-3.767
841	
842	-1.322
843	
844	0.000
845	
846	-1.000
847	16.610
848	
849	-2.087
850	
851	
852	
853	0.000
854	
855	0.000
856	16.610
857	
858	
859	0.000
860	
861	-1.000
862	0.000
863	-0.585
864	-0.737
865	-5.154
866	-2.950
867	-2.143
868	-3.572
869	-2.595
870	-3.047
871	-2.449
872	-2.948
873	-4.598
874	-3.536
875	-4.469
876	-4.941
877	-2.214
878	-0.782
879	-2.844
880	-1.991
881	-3.652
882	-1.913
883	-2.663
884	-1.871
885	-4.000
886	-3.858
887	-3.660
888	-4.194
889	-2.185
890	-2.871
891	0.167
892	-2.835
893	-3.624
894	-2.954
895	0.758
896	-1.257
897	-5.369
898	-1.761
899	-3.332
900	-2.100
901	-1.585
902	-0.496
903	-2.268
904	-2.105
905	-1.877
906	-0.383
907	-1.217
908	-3.807
909	-3.082
910	-2.009
911	-3.627
912	-0.440
913	-1.791
914	-2.880
915	-3.524
916	-1.676
917	-2.235
918	-3.600
919	-0.319
920	-3.972
921	-3.652
922	-0.769
923	-2.913
924	0.431
925	-4.402
926	-2.610
927	-2.415
928	-3.151
929	-1.006
930	-4.943
931	-4.755
932	-4.585
933	-4.194
934	-3.369
935	-3.820
936	-3.322
937	-3.322
938	-3.655
939	-1.155
940	-2.538
941	-3.907
942	-1.600
943	-1.136
944	-2.330
945	-3.766
946	-4.322
947	2.102
948	-3.552
949	-0.411
950	-0.901
951	-2.791
952	-2.845
953	-5.970
954	-2.344
955	-1.322
956	-7.349
957	-4.070
958	-3.358
959	-2.146
960	-1.799
961	0.533
962	
963	0.000
964	
965	-2.000
966	-1.874
967	-1.716
968	
969	-1.485
970	
971	-3.000
972	
973	-1.969
974	
975	
976	1.585
977	-1.867
978	-2.807
979	-1.585
980	-1.585
981	-0.955
982	
983	
984	
985	-3.807
986	-2.774
987	-3.676
988	-1.658
989	-6.044
990	-2.290
991	-2.451
992	-3.751
993	-3.443
994	-1.693
995	-4.024
996	-3.833
997	-2.145
998	-3.109
999	-1.195
1000	-1.128
1001	-1.131
1002	-0.176
1003	-3.105
1004	1.182
1005	-1.994
1006	-3.989
1007	-0.982
1008	-3.674
1009	-1.315
1010	-1.815
1011	-2.368
1012	-0.151
1013	-0.013
1014	-0.262
1015	-1.311
1016	0.657
1017	-2.795
1018	-1.209
1019	-1.794
1020	-0.299
1021	1.042
1022	-2.146
1023	0.648
1024	-2.993
1025	-0.977
1026	-1.299
1027	3.095
1028	-1.093
1029	-1.868
1030	-1.759
1031	-0.305
1032	-1.870
1033	0.620
1034	-1.826
1035	-1.915
1036	-0.845
1037	-1.322
1038	-1.974
1039	-0.507
1040	-0.507
1041	-1.364
1042	-3.404
1043	-0.799
1044	-1.378
1045	-4.087
1046	0.682
1047	-4.838
1048	-2.868
1049	-1.266
1050	-2.054
1051	-5.007
1052	1.205
1053	-1.799
1054	-2.830
1055	-0.336
1056	-1.102
1057	0.061
1058	-0.395
1059	-3.761
1060	-1.988
1061	0.678
1062	-1.627
1063	-2.045
1064	-0.219
1065	-0.585
1066	-1.868
1067	-3.375
1068	-2.208
1069	-0.847
1070	-1.984
1071	-1.737
1072	-0.930
1073	-3.354
1074	-1.576
1075	-3.898
1076	-1.129
1077	0.812
1078	-1.712
1079	-2.246
1080	-2.056
1081	
1082	
1083	
1084	-1.585
1085	
1086	
1087	
1088	
1089	
1090	-2.700
1091	-0.553
1092	
1093	16.610
1094	
1095	-3.000
1096	
1097	
1098	0.000
1099	0.000
1100	
1101	
1102	-0.737
1103	-0.485
1104	-2.585
1105	-2.109
1106	-2.443
1107	-2.576
1108	-4.989
1109	-3.332
1110	-2.962
1111	-3.538
1112	-2.057
1113	-4.049
1114	-2.931
1115	-1.358
1116	-1.456
1117	-2.807
1118	-1.433
1119	-1.557
1120	-1.263
1121	-3.660
1122	-4.443
1123	0.356
1124	6.249
1125	-2.075
1126	-0.411
1127	-3.342
1128	0.287
1129	-0.146
1130	-2.896
1131	-2.660
1132	-1.374
1133	-2.336
1134	-4.240
1135	-0.505
1136	-2.624
1137	-2.514
1138	-3.363
1139	-1.317
1140	-1.548
1141	-2.322
1142	-1.527
1143	-3.794
1144	-1.785
1145	-2.448
1146	-2.410
1147	0.407
1148	-2.491
1149	-1.447
1150	-1.838
1151	-2.173
1152	-0.920
1153	-3.747
1154	-3.160
1155	-3.591
1156	1.399
1157	-0.459
1158	-0.856
1159	-1.432
1160	-3.103
1161	-0.959
1162	-1.505
1163	-0.476
1164	-1.154
1165	-1.649
1166	-1.615
1167	-0.454
1168	-1.702
1169	-0.832
1170	-3.731
1171	-0.201
1172	-2.016
1173	-1.434
1174	0.033
1175	-1.651
1176	-0.628
1177	1.375
1178	-1.098
1179	-0.536
1180	-3.752
1181	-2.350
1182	-3.683
1183	-2.576
1184	-1.673
1185	-5.807
1186	-1.494
1187	-1.114
1188	-1.590
1189	-3.201
1190	-3.282
1191	-1.117
1192	-1.547
1193	-1.398
1194	0.267
1195	-3.085
1196	-1.005
1197	-1.369
1198	-2.259
1199	-2.503
1200	-1.644
1201	-3.459
1202	-0.415
1203	
1204	0.585
1205	-1.263
1206	-3.248
1207	
1208	
1209	-2.322
1210	16.610
1211	0.000
1212	
1213	
1214	0.415
1215	
1216	-1.000
1217	
1218	
1219	-1.222
1220	0.585
1221	16.610
1222	1.000
1223	16.610
1224	
1225	-3.265
1226	-3.732
1227	-1.943
1228	-3.373
1229	-3.248
1230	-2.322
1231	-2.277
1232	0.881
1233	-3.657
1234	-3.020
1235	-3.426
1236	-4.097
1237	-2.495
1238	-1.585
1239	1.929
1240	-1.842
1241	-2.855
1242	-3.421
1243	-2.579
1244	-3.379
1245	-4.672
1246	-2.610
1247	-3.494
1248	-1.808
1249	-1.993
1250	-1.706
1251	-1.683
1252	-2.006
1253	0.031
1254	-3.212
1255	-1.569
1256	-5.542
1257	1.415
1258	-1.439
1259	-1.977
1260	-1.887
1261	-2.984
1262	-2.781
1263	-0.202
1264	-1.951
1265	1.410
1266	-1.948
1267	0.825
1268	0.410
1269	-3.219
1270	-3.139
1271	-3.375
1272	-3.472
1273	-2.744
1274	-1.119
1275	-1.719
1276	-0.497
1277	-1.622
1278	-3.148
1279	-1.888
1280	-3.585
1281	-1.288
1282	-0.874
1283	-2.549
1284	-3.506
1285	-3.041
1286	-3.538
1287	-1.466
1288	-5.633
1289	-0.040
1290	-2.541
1291	0.408
1292	-3.807
1293	-2.267
1294	-1.225
1295	-2.304
1296	-3.602
1297	0.924
1298	-0.022
1299	-0.348
1300	-1.061
1301	-1.732
1302	-1.852
1303	-1.861
1304	-0.208
1305	-3.220
1306	-3.899
1307	-1.419
1308	-2.426
1309	0.106
1310	-3.500
1311	1.407
1312	-1.829
1313	0.439
1314	-5.624
1315	-2.204
1316	-0.818
1317	0.169
1318	-3.724
1319	-1.822
1320	-1.485
1321	
1322	
1323	16.610
1324	
1325	-2.000
1326	16.610
1327	0.000
1328	
1329	-3.322
1330	-3.000
1331	-2.000
1332	
1333	0.000
1334	
1335	0.000
1336	
1337	16.610
1338	
1339	
1340	-1.000
1341	0.000
1342	
1343	-2.322
1344	-2.322
1345	-2.394
1346	-2.246
1347	-2.676
1348	-3.452
1349	-2.254
1350	-3.976
1351	-3.322
1352	-2.505
1353	-4.392
1354	-2.689
1355	-2.515
1356	-2.041
1357	-3.273
1358	-3.503
1359	-4.129
1360	-1.294
1361	-3.212
1362	-4.454
1363	-0.609
1364	-2.681
1365	-2.621
1366	-3.248
1367	-2.816
1368	-4.353
1369	0.215
1370	-2.860
1371	-1.114
1372	-1.813
1373	-2.495
1374	-5.366
1375	-4.241
1376	-2.444
1377	-2.494
1378	-1.493
1379	-1.744
1380	-3.679
1381	-1.217
1382	-2.095
1383	-1.727
1384	0.252
1385	-2.389
1386	0.298
1387	-2.335
1388	-1.127
1389	-2.469
1390	-1.930
1391	-3.296
1392	-4.700
1393	-4.966
1394	-2.284
1395	-4.290
1396	0.462
1397	-2.954
1398	-3.640
1399	-3.497
1400	-1.852
1401	-2.215
1402	-1.655
1403	-3.700
1404	1.405
1405	-2.890
1406	-4.365
1407	-3.026
1408	-3.062
1409	-2.439
1410	-4.668
1411	-0.155
1412	-3.755
1413	-3.807
1414	0.089
1415	-3.022
1416	-1.667
1417	-3.899
1418	1.733
1419	-0.413
1420	-1.916
1421	-3.322
1422	-1.585
1423	-1.483
1424	-3.524
1425	-4.066
1426	-1.967
1427	-3.444
1428	-7.455
1429	-1.804
1430	-2.610
1431	-4.335
1432	-2.402
1433	-1.425
1434	-3.644
1435	-1.747
1436	-2.710
1437	-2.922
1438	-3.229
1439	-2.949
1440	
1441	-2.258
1442	1.000
1443	
1444	-2.459
1445	-1.469
1446	-4.087
1447	-2.059
1448	
1449	
1450	-2.115
1451	
1452	
1453	-1.983
1454	
1455	0.000
1456	-1.807
1457	-2.092
1458	
1459	
1460	
1461	-2.351
1462	16.610
1463	-2.170
1464	
1465	-3.235
1466	-4.236
1467	-1.242
1468	-3.954
1469	-4.651
1470	-2.501
1471	-2.067
1472	-4.343
1473	-3.709
1474	-2.246
1475	-4.154
1476	-5.055
1477	-2.698
1478	-0.836
1479	-2.585
1480	-2.305
1481	-2.910
1482	-1.292
1483	-1.642
1484	-2.787
1485	-6.007
1486	-4.524
1487	-1.246
1488	-3.034
1489	-2.352
1490	-2.830
1491	-2.343
1492	0.413
1493	0.518
1494	-1.160
1495	-3.269
1496	-1.589
1497	-1.055
1498	-0.803
1499	-1.355
1500	-1.628
1501	0.227
1502	-1.362
1503	-0.190
1504	0.150
1505	0.091
1506	-1.122
1507	2.265
1508	-1.383
1509	-1.902
1510	-1.343
1511	-1.918
1512	-1.933
1513	-2.700
1514	-3.238
1515	-2.885
1516	-1.363
1517	-1.164
1518	-4.129
1519	-3.120
1520	-0.578
1521	-1.163
1522	-2.218
1523	-1.047
1524	-3.069
1525	-1.326
1526	-2.057
1527	-3.807
1528	-1.390
1529	-0.567
1530	-2.128
1531	-1.294
1532	-1.081
1533	-2.501
1534	-6.144
1535	-1.100
1536	-3.112
1537	-2.689
1538	-3.670
1539	-0.967
1540	-2.459
1541	-0.935
1542	-1.629
1543	-2.304
1544	-0.882
1545	-0.751
1546	-2.190
1547	-2.123
1548	-2.007
1549	-1.846
1550	-1.315
1551	-1.355
1552	-0.845
1553	-3.102
1554	-2.373
1555	-0.977
1556	-1.016
1557	-0.013
1558	-2.195
1559	-3.873
1560	-1.585
1561	-2.322
1562	
1563	
1564	
1565	-3.459
1566	
1567	
1568	
1569	-3.421
1570	-2.807
1571	-3.907
1572	
1573	16.610
1574	
1575	
1576	
1577	-3.700
1578	-0.807
1579	
1580	16.610
1581	-1.737
1582	-2.585
1583	-2.000
1584	
1585	-2.614
1586	-3.560
1587	-3.033
1588	-3.000
1589	-1.976
1590	-3.424
1591	-2.644
1592	-3.263
1593	-2.285
1594	-1.520
1595	-3.512
1596	-3.936
1597	-0.944
1598	0.311
1599	-0.257
1600	-2.958
1601	-5.062
1602	-2.329
1603	1.709
1604	-1.177
1605	-3.634
1606	-2.138
1607	-3.000
1608	-2.263
1609	0.272
1610	0.612
1611	-2.987
1612	0.062
1613	-0.285
1614	-1.891
1615	0.958
1616	-1.563
1617	-2.107
1618	-2.419
1619	-0.829
1620	-3.127
1621	-2.274
1622	-1.650
1623	-1.893
1624	-1.307
1625	-0.898
1626	-2.737
1627	-1.393
1628	-1.691
1629	-1.669
1630	-3.470
1631	-2.715
1632	-0.814
1633	-0.857
1634	-0.407
1635	-2.504
1636	-2.396
1637	-2.417
1638	-0.977
1639	-0.364
1640	-2.158
1641	-2.514
1642	-1.961
1643	-0.098
1644	-2.344
1645	-1.781
1646	-1.181
1647	-0.325
1648	0.161
1649	-1.691
1650	-2.355
1651	-0.946
1652	-1.025
1653	-1.543
1654	-1.298
1655	-0.803
1656	-1.000
1657	2.873
1658	-2.914
1659	-1.186
1660	-4.740
1661	-3.743
1662	0.353
1663	-4.173
1664	-2.814
1665	-4.291
1666	-4.603
1667	-4.343
1668	-3.684
1669	-3.603
1670	-2.512
1671	-2.359
1672	-5.253
1673	-4.117
1674	-3.356
1675	-1.650
1676	-1.514
1677	-1.598
1678	-5.248
1679	-3.158
1680	-0.814
1681	
1682	
1683	-3.585
1684	-3.807
1685	-1.415
1686	-4.087
1687	-3.217
1688	
1689	
1690	
1691	
1692	
1693	-3.322
1694	
1695	-2.000
1696	
1697	
1698	
1699	0.000
1700	-2.807
1701	0.415
1702	-2.585
1703	-3.170
1704	
1705	-4.433
1706	-2.236
1707	-3.833
1708	-1.519
1709	0.927
1710	-2.692
1711	-3.358
1712	-5.316
1713	-3.672
1714	-1.822
1715	-1.305
1716	-6.807
1717	-0.634
1718	-1.634
1719	-3.256
1720	-2.218
1721	-1.780
1722	-3.102
1723	-0.702
1724	-2.290
1725	0.173
1726	-4.481
1727	-5.555
1728	-4.381
1729	-1.012
1730	-1.753
1731	-2.737
1732	-1.057
1733	-0.391
1734	-3.177
1735	-2.800
1736	-2.129
1737	-3.007
1738	-2.063
1739	-3.293
1740	-1.073
1741	-2.546
1742	-3.313
1743	-3.364
1744	0.458
1745	-1.488
1746	-2.181
1747	-1.943
1748	-1.606
1749	-2.929
1750	-1.570
1751	-1.963
1752	-4.722
1753	-3.170
1754	-2.372
1755	-2.059
1756	-0.807
1757	-3.160
1758	-2.024
1759	-2.092
1760	-3.197
1761	-3.015
1762	-0.669
1763	-4.035
1764	-3.044
1765	-4.733
1766	-3.528
1767	-1.677
1768	-2.962
1769	-5.233
1770	1.523
1771	-1.801
1772	-0.204
1773	-1.676
1774	-1.996
1775	-1.617
1776	-2.056
1777	0.370
1778	-2.814
1779	-4.755
1780	0.213
1781	-1.739
1782	-0.551
1783	-2.157
1784	-2.322
1785	-4.418
1786	-5.150
1787	1.290
1788	-3.052
1789	1.382
1790	-1.000
1791	0.271
1792	-2.540
1793	0.752
1794	-3.941
1795	-2.428
1796	-2.083
1797	0.377
1798	-4.484
1799	-2.250
1800	-1.128
1801	0.000
1802	
1803	
1804	
1805	0.000
1806	-1.138
1807	0.000
1808	
1809	-3.807
1810	-1.322
1811	0.000
1812	
1813	16.610
1814	
1815	
1816	
1817	
1818	-1.222
1819	
1820	-0.415
1821	
1822	
1823	
1824	-1.000
1825	-2.299
1826	-1.992
1827	-3.122
1828	-3.212
1829	-1.948
1830	-4.275
1831	-2.889
1832	-4.066
1833	-3.404
1834	-1.601
1835	-2.740
1836	-5.216
1837	-3.636
1838	-1.111
1839	-3.568
1840	-2.335
1841	-1.108
1842	-3.349
1843	-3.312
1844	-3.441
1845	-3.494
1846	-4.306
1847	-4.508
1848	-4.322
1849	-0.771
1850	0.439
1851	-1.878
1852	-1.459
1853	1.420
1854	-3.103
1855	-1.110
1856	-2.521
1857	-2.678
1858	-2.768
1859	-3.844
1860	-3.760
1861	-1.304
1862	-3.044
1863	-2.251
1864	-1.468
1865	-3.954
1866	-0.931
1867	-1.181
1868	-3.000
1869	-4.209
1870	-3.285
1871	-5.418
1872	-1.794
1873	-3.016
1874	-2.297
1875	-2.933
1876	-1.393
1877	-3.248
1878	-2.946
1879	-4.353
1880	-2.824
1881	-4.161
1882	-1.529
1883	-1.611
1884	0.093
1885	-3.538
1886	-3.524
1887	-1.672
1888	-1.484
1889	-2.325
1890	3.904
1891	-1.585
1892	-1.716
1893	-2.990
1894	-4.281
1895	-3.155
1896	-1.017
1897	-4.644
1898	-0.476
1899	-3.918
1900	-1.775
1901	-2.613
1902	-2.565
1903	-2.186
1904	-3.188
1905	-3.273
1906	-4.585
1907	-2.144
1908	-2.918
1909	-2.421
1910	-1.749
1911	-4.000
1912	-5.322
1913	-2.339
1914	-5.954
1915	-0.593
1916	-3.423
1917	-2.061
1918	-4.312
1919	-5.874
1920	0.654
1921	-2.854
1922	
1923	-2.000
1924	-2.322
1925	-2.344
1926	-2.788
1927	-2.196
1928	
1929	-4.322
1930	
1931	-4.000
1932	
1933	-3.679
1934	
1935	-2.585
1936	
1937	-2.796
1938	
1939	-2.322
1940	
1941	-1.013
1942	
1943	
1944	-2.000
1945	-2.127
1946	-3.209
1947	-2.900
1948	-2.012
1949	-2.484
1950	-3.015
1951	-2.612
1952	-2.497
1953	-1.095
1954	-3.883
1955	-3.068
1956	-2.816
1957	-2.637
1958	0.047
1959	-2.572
1960	-0.817
1961	-0.601
1962	-2.046
1963	-2.682
1964	-1.496
1965	-0.810
1966	-3.733
1967	-4.377
1968	-4.137
1969	-1.784
1970	-2.977
1971	-2.071
1972	-1.127
1973	0.849
1974	-0.695
1975	-1.241
1976	-3.129
1977	-1.324
1978	-0.173
1979	-0.156
1980	1.232
1981	-1.045
1982	-2.036
1983	-0.634
1984	-0.172
1985	-1.440
1986	-2.130
1987	-1.406
1988	-1.427
1989	-1.554
1990	-0.920
1991	-1.737
1992	-1.774
1993	1.027
1994	-2.170
1995	-2.828
1996	-2.973
1997	-0.955
1998	-3.439
1999	-2.089
2000	-1.738
2001	-2.328
2002	-1.169
2003	-0.653
2004	-2.265
2005	-2.277
2006	-2.412
2007	-3.678
2008	-0.391
2009	-0.612
2010	-1.690
2011	-2.085
2012	-1.557
2013	-1.199
2014	-1.319
2015	-0.885
2016	-1.408
2017	0.040
2018	-2.171
2019	-3.259
2020	-1.210
2021	-0.913
2022	-4.096
2023	-3.839
2024	0.083
2025	0.572
2026	-1.959
2027	-2.031
2028	-0.752
2029	-1.654
2030	-5.244
2031	-0.366
2032	-0.871
2033	-1.790
2034	-2.158
2035	0.153
2036	-1.507
2037	-1.219
2038	-0.910
2039	-4.295
2040	-1.426
2041	-3.322
2042	
2043	
2044	-2.585
2045	
2046	1.000
2047	
2048	
2049	-4.248
2050	
2051	
2052	
2053	0.000
2054	16.610
2055	-2.000
2056	
2057	
2058	
2059	
2060	-0.585
2061	-1.585
2062	-3.459
2063	0.000
2064	
2065	-2.243
2066	3.415
2067	-2.968
2068	-3.040
2069	-3.081
2070	-2.497
2071	-3.644
2072	-3.655
2073	-3.087
2074	-2.549
2075	-3.170
2076	-2.954
2077	-3.218
2078	-2.707
2079	-0.711
2080	-3.788
2081	-2.924
2082	-1.562
2083	1.513
2084	-3.112
2085	-0.032
2086	1.601
2087	-2.005
2088	-3.016
2089	-1.852
2090	-2.385
2091	-2.410
2092	-0.130
2093	-2.724
2094	-1.397
2095	0.944
2096	-3.000
2097	-2.869
2098	-2.772
2099	-1.554
2100	-4.000
2101	-1.939
2102	-2.649
2103	-0.769
2104	-2.092
2105	-2.204
2106	-2.142
2107	-2.982
2108	-2.086
2109	-1.578
2110	-3.221
2111	-2.689
2112	-0.281
2113	-1.793
2114	-0.253
2115	-3.073
2116	-0.407
2117	-1.544
2118	-0.740
2119	-1.267
2120	-2.203
2121	-1.738
2122	-2.633
2123	-0.026
2124	-2.000
2125	-1.739
2126	-3.802
2127	-0.167
2128	0.808
2129	0.167
2130	-1.777
2131	-0.685
2132	-0.077
2133	0.186
2134	-1.370
2135	-3.488
2136	-0.865
2137	1.255
2138	-2.103
2139	-1.727
2140	-1.243
2141	-2.095
2142	-0.887
2143	-3.266
2144	-1.375
2145	-3.936
2146	-1.745
2147	-5.292
2148	0.358
2149	-2.263
2150	-3.710
2151	-4.636
2152	-5.358
2153	-2.858
2154	-3.524
2155	-2.601
2156	-2.281
2157	-0.203
2158	-4.136
2159	-3.078
2160	-0.451
2161	-1.000
2162	16.610
2163	
2164	
2165	-2.644
2166	-4.000
2167	-2.253
2168	
2169	-1.585
2170	-3.087
2171	-2.585
2172	
2173	
2174	
2175	
2176	
2177	
2178	-1.000
2179	
2180	
2181	-1.585
2182	
2183	-2.807
2184	16.610
2185	-1.514
2186	-3.700
2187	-1.257
2188	-0.235
2189	-4.373
2190	-4.524
2191	-1.285
2192	-4.815
2193	-3.528
2194	-4.312
2195	-3.293
2196	-3.668
2197	-1.350
2198	-3.411
2199	-3.327
2200	-1.176
2201	-1.360
2202	-2.184
2203	-0.636
2204	-0.047
2205	-3.354
2206	-3.087
2207	-5.358
2208	-2.549
2209	-2.187
2210	-1.692
2211	-1.030
2212	-0.330
2213	-0.686
2214	-3.281
2215	0.835
2216	-2.558
2217	-2.907
2218	-2.161
2219	-3.152
2220	-1.097
2221	-0.853
2222	-3.106
2223	-3.243
2224	-1.852
2225	-0.291
2226	-1.792
2227	-0.892
2228	-2.612
2229	-2.134
2230	-0.720
2231	-2.555
2232	-0.918
2233	-2.746
2234	-1.937
2235	-2.625
2236	-0.262
2237	-1.375
2238	-1.332
2239	-1.740
2240	-1.302
2241	-2.673
2242	-1.058
2243	-3.360
2244	-2.158
2245	-4.948
2246	-3.387
2247	-0.295
2248	-2.550
2249	-2.913
2250	0.672
2251	-1.325
2252	-1.038
2253	-4.358
2254	-2.564
2255	-1.893
2256	-1.404
2257	-2.558
2258	-3.579
2259	-2.501
2260	-1.764
2261	-2.624
2262	-3.453
2263	0.086
2264	-1.456
2265	-1.198
2266	-0.746
2267	-4.382
2268	-3.691
2269	0.747
2270	-3.269
2271	0.037
2272	-2.013
2273	0.351
2274	-4.629
2275	-1.781
2276	-2.138
2277	0.677
2278	-4.081
2279	-4.888
2280	-2.369
2281	
2282	16.610
2283	0.000
2284	
2285	-1.415
2286	
2287	-0.585
2288	
2289	-2.585
2290	-1.000
2291	16.610
2292	
2293	-1.000
2294	
2295	
2296	
2297	-2.549
2298	
2299	
2300	-2.000
2301	
2302	-2.322
2303	0.000
2304	16.610
2305	-3.295
2306	-1.965
2307	-1.542
2308	-2.080
2309	-3.392
2310	-1.175
2311	-4.615
2312	-1.710
2313	-3.653
2314	-2.463
2315	-3.592
2316	-3.412
2317	-3.379
2318	-1.837
2319	-4.248
2320	-3.195
2321	1.284
2322	-0.377
2323	-1.774
2324	-2.543
2325	-4.401
2326	-2.613
2327	-4.559
2328	-3.023
2329	-0.293
2330	-2.024
2331	-3.237
2332	-2.653
2333	-3.423
2334	-0.323
2335	1.585
2336	0.547
2337	-2.737
2338	-1.985
2339	-2.562
2340	-3.934
2341	-1.876
2342	-1.725
2343	-1.726
2344	-0.471
2345	-2.848
2346	-0.383
2347	-1.585
2348	-2.446
2349	-1.961
2350	-2.316
2351	-0.940
2352	-2.974
2353	-3.354
2354	-5.261
2355	-4.314
2356	-0.993
2357	-6.044
2358	-3.516
2359	-3.314
2360	-1.233
2361	-3.874
2362	-3.559
2363	-3.492
2364	0.665
2365	-3.419
2366	-5.098
2367	-1.462
2368	-0.392
2369	-2.016
2370	-5.644
2371	-2.807
2372	-1.797
2373	-4.291
2374	-1.126
2375	-2.404
2376	-3.225
2377	-3.256
2378	-5.094
2379	-6.578
2380	-1.804
2381	-2.700
2382	-1.537
2383	-0.007
2384	-4.644
2385	-3.644
2386	-2.329
2387	-2.271
2388	-2.047
2389	0.058
2390	-2.515
2391	-2.599
2392	-2.074
2393	-2.668
2394	-4.434
2395	-0.681
2396	-2.652
2397	-2.380
2398	-3.095
2399	-3.621
2400	-3.650
2401	-1.969
2402	-1.000
2403	-2.322
2404	-0.415
2405	-3.295
2406	-3.190
2407	-2.471
2408	
2409	
2410	
2411	
2412	
2413	-3.607
2414	0.322
2415	
2416	
2417	-1.947
2418	
2419	
2420	-2.322
2421	-2.488
2422	
2423	
2424	
2425	-4.505
2426	-4.346
2427	-2.783
2428	-1.965
2429	-3.048
2430	-2.399
2431	-2.728
2432	-3.564
2433	-3.199
2434	-2.647
2435	-2.273
2436	-4.492
2437	-1.812
2438	-0.974
2439	-2.678
2440	0.177
2441	-1.943
2442	-0.937
2443	-3.667
2444	-2.380
2445	-0.977
2446	-4.585
2447	-3.637
2448	-2.439
2449	-2.939
2450	-2.966
2451	-2.697
2452	1.583
2453	-1.246
2454	-1.124
2455	-0.719
2456	-2.077
2457	0.241
2458	-1.679
2459	-0.666
2460	-0.163
2461	0.373
2462	-1.485
2463	-0.777
2464	-3.562
2465	-0.053
2466	-0.337
2467	3.497
2468	-2.328
2469	-2.407
2470	-1.688
2471	-2.882
2472	-3.298
2473	0.853
2474	-3.572
2475	-1.814
2476	-1.799
2477	-3.353
2478	-2.823
2479	-1.619
2480	-1.906
2481	-1.746
2482	-2.220
2483	-0.207
2484	-0.924
2485	-3.259
2486	-3.300
2487	-3.134
2488	-1.827
2489	-1.856
2490	-0.525
2491	-2.650
2492	-4.483
2493	-1.602
2494	-3.785
2495	-0.766
2496	-2.219
2497	-1.426
2498	-1.068
2499	-2.607
2500	-3.417
2501	-1.346
2502	-0.434
2503	-1.325
2504	-1.360
2505	-1.176
2506	-1.962
2507	-3.672
2508	-2.431
2509	-3.585
2510	-1.716
2511	-2.313
2512	-0.895
2513	-2.285
2514	-1.619
2515	-1.450
2516	-2.684
2517	-2.063
2518	-0.131
2519	-3.401
2520	-1.663
2521	
2522	-1.000
2523	
2524	
2525	-1.415
2526	
2527	
2528	
2529	-2.468
2530	
2531	-1.585
2532	
2533	-5.143
2534	
2535	16.610
2536	-3.000
2537	
2538	16.610
2539	16.610
2540	
2541	-2.322
2542	0.585
2543	-1.585
2544	0.000
2545	-2.674
2546	-4.548
2547	-4.180
2548	-5.219
2549	-4.888
2550	-1.440
2551	-4.349
2552	6.273
2553	-3.810
2554	1.146
2555	-4.221
2556	-4.160
2557	-3.007
2558	-2.431
2559	-0.270
2560	-4.315
2561	-3.176
2562	-2.375
2563	-2.653
2564	-0.707
2565	-2.337
2566	-4.065
2567	-1.750
2568	-4.658
2569	-2.020
2570	-2.594
2571	-2.800
2572	-3.219
2573	-3.012
2574	-3.198
2575	0.758
2576	-0.203
2577	-1.743
2578	-2.101
2579	-0.115
2580	-3.734
2581	-2.850
2582	-1.784
2583	-1.452
2584	-0.545
2585	-1.643
2586	-1.912
2587	-0.352
2588	-3.876
2589	-2.404
2590	-2.408
2591	-3.118
2592	-0.498
2593	-2.884
2594	-1.386
2595	-2.336
2596	-2.423
2597	-2.846
2598	-2.651
2599	-4.880
2600	-0.564
2601	-2.942
2602	-2.246
2603	0.092
2604	-2.005
2605	-2.431
2606	-1.435
2607	-4.684
2608	-0.768
2609	-0.668
2610	-1.260
2611	-5.102
2612	-4.265
2613	-3.193
2614	-1.652
2615	-0.972
2616	-0.847
2617	-5.347
2618	-1.302
2619	-0.467
2620	-1.045
2621	-2.147
2622	-3.341
2623	0.276
2624	-3.399
2625	-0.172
2626	-2.322
2627	-3.570
2628	-2.161
2629	-3.081
2630	-3.767
2631	-4.960
2632	-1.490
2633	-2.799
2634	-4.307
2635	-2.544
2636	-1.543
2637	-0.165
2638	-4.190
2639	-3.105
2640	-2.060
2641	
2642	-2.000
2643	
2644	
2645	1.000
2646	
2647	
2648	
2649	
2650	
2651	
2652	-2.807
2653	-2.322
2654	-0.322
2655	-0.415
2656	-0.737
2657	0.000
2658	
2659	
2660	
2661	
2662	0.000
2663	
2664	-1.000
2665	-3.361
2666	
2667	-2.365
2668	
2669	-2.322
2670	
2671	0.415
2672	
2673	
2674	-1.000
2675	1.000
2676	
2677	
2678	
2679	1.000
2680	-3.688
2681	
2682	-2.000
2683	
2684	-2.838
2685	
2686	
2687	
2688	
2689	
2690	16.610
2691	-2.302
2692	-0.151
2693	-3.000
2694	
2695	-1.000
2696	0.000
2697	
2698	-1.585
2699	
2700	1.585
2701	-0.220
2702	-1.585
2703	
2704	-1.507
2705	-0.807
2706	
2707	-2.245
2708	
2709	-1.079
2710	
2711	-3.950
2712	-3.564
2713	16.610
2714	
2715	
2716	
2717	
2718	0.000
2719	-0.415
2720	
2721	-2.749
2722	-2.200
2723	-1.585
2724	
2725	
2726	
2727	-1.252
2728	-4.248
2729	1.585
2730	0.000
2731	-0.585
2732	
2733	0.000
2734	
2735	
2736	
2737	-1.000
2738	-5.326
2739	-2.029
2740	-3.880
2741	-2.964
2742	-3.011
2743	-1.379
2744	-2.107
2745	-1.155
2746	-3.869
2747	
2748	-0.378
2749	1.259
2750	-2.087
2751	
2752	-1.368
2753	0.585
2754	0.000
2755	
2756	
2757	0.393
2758	-4.075
2759	
2760	-0.585
2761	-2.322
2762	
2763	
2764	
2765	1.585
2766	
2767	0.000
2768	
2769	-4.248
2770	-0.585
2771	
2772	
2773	
2774	
2775	-1.585
2776	16.610
2777	-3.170
2778	-1.000
2779	-0.585
2780	
2781	-1.585
2782	
2783	-1.415
2784	
2785	
2786	-4.177
2787	-4.115
2788	-3.726
2789	-3.352
2790	-0.462
2791	-3.262
2792	-3.170
2793	-4.196
2794	2.124
2795	-2.147
2796	-3.520
2797	-1.819
2798	-2.995
2799	-1.852
2800	-2.134
2801	-1.090
2802	-2.939
2803	-1.026
2804	-3.175
2805	-2.533
2806	-3.926
2807	-4.078
2808	-4.066
2809	-4.051
2810	-1.464
2811	-2.710
2812	-0.808
2813	-2.408
2814	-3.012
2815	-1.051
2816	-4.563
2817	-2.789
2818	-2.308
2819	0.759
2820	-3.871
2821	-2.234
2822	-2.024
2823	-3.036
2824	-1.229
2825	-1.900
2826	0.359
2827	-0.766
2828	-3.899
2829	-2.328
2830	-3.459
2831	-2.667
2832	-2.683
2833	-5.186
2834	-3.303
2835	-2.401
2836	-2.105
2837	2.926
2838	-4.079
2839	-3.555
2840	-2.931
2841	-3.508
2842	-1.605
2843	-3.547
2844	-3.087
2845	-2.678
2846	-3.945
2847	-4.094
2848	-1.664
2849	-5.096
2850	-4.874
2851	-2.578
2852	-0.164
2853	0.209
2854	-0.434
2855	-2.487
2856	-2.068
2857	-3.700
2858	-4.063
2859	-2.136
2860	-0.497
2861	-5.203
2862	-3.799
2863	-2.620
2864	-4.841
2865	-3.016
2866	-4.443
2867	-2.120
2868	-0.351
2869	-0.071
2870	-0.807
2871	-2.522
2872	-3.226
2873	-2.207
2874	-3.888
2875	-1.697
2876	-0.280
2877	-2.669
2878	-4.778
2879	-3.264
2880	-3.844
2881	-2.896
2882	
2883	0.000
2884	-1.000
2885	-4.170
2886	-2.170
2887	-2.170
2888	
2889	-3.700
2890	-3.000
2891	
2892	
2893	-1.486
2894	-1.585
2895	-1.807
2896	1.322
2897	-2.194
2898	
2899	-2.807
2900	
2901	-1.650
2902	
2903	
2904	
2905	3.250
2906	-2.848
2907	-4.062
2908	-3.966
2909	-4.307
2910	-2.136
2911	-2.766
2912	-0.742
2913	-3.733
2914	-1.275
2915	-2.656
2916	-3.889
2917	-0.994
2918	-2.280
2919	-1.957
2920	-0.868
2921	-1.554
2922	-1.670
2923	-3.595
2924	-3.536
2925	-1.379
2926	-4.466
2927	-4.227
2928	-2.107
2929	-1.400
2930	-0.740
2931	-0.580
2932	-1.574
2933	-1.663
2934	-0.526
2935	-1.330
2936	-0.370
2937	-2.110
2938	-0.324
2939	1.262
2940	-0.326
2941	-1.090
2942	-1.764
2943	-1.563
2944	-1.432
2945	-2.336
2946	-1.794
2947	2.238
2948	-0.276
2949	1.181
2950	-3.248
2951	-2.237
2952	-2.734
2953	-1.741
2954	-2.676
2955	-1.498
2956	-1.798
2957	-1.695
2958	0.841
2959	-2.115
2960	-0.805
2961	0.022
2962	-3.572
2963	-0.852
2964	2.370
2965	-2.553
2966	-0.606
2967	-4.668
2968	-0.991
2969	-1.784
2970	-3.227
2971	-4.852
2972	0.922
2973	0.379
2974	-2.700
2975	-2.447
2976	-2.269
2977	-3.528
2978	-3.540
2979	-1.358
2980	1.197
2981	-1.765
2982	-3.360
2983	-2.511
2984	-2.737
2985	-1.608
2986	-2.645
2987	-3.369
2988	-0.933
2989	-4.738
2990	-3.068
2991	-3.464
2992	-0.630
2993	-3.269
2994	0.137
2995	-2.329
2996	-2.214
2997	-2.143
2998	-0.962
2999	-1.914
3000	-2.687
3001	
3002	
3003	-1.807
3004	-1.585
3005	
3006	
3007	
3008	
3009	-4.744
3010	-3.496
3011	-4.565
3012	
3013	
3014	
3015	
3016	
3017	
3018	-1.000
3019	
3020	-2.000
3021	
3022	-0.585
3023	
3024	
3025	1.207
3026	-3.248
3027	-4.203
3028	-3.037
3029	-3.599
3030	-3.231
3031	-3.218
3032	-2.733
3033	-3.607
3034	-3.430
3035	-3.939
3036	-5.026
3037	-0.095
3038	-2.278
3039	-4.106
3040	-5.062
3041	-2.671
3042	-3.185
3043	-2.734
3044	-0.511
3045	-2.667
3046	-4.160
3047	-3.913
3048	-3.350
3049	-1.169
3050	-3.214
3051	-3.912
3052	-3.796
3053	-1.326
3054	-4.358
3055	-0.349
3056	-2.279
3057	-3.977
3058	-4.235
3059	-2.307
3060	-4.441
3061	-2.286
3062	-2.570
3063	1.086
3064	-1.253
3065	0.797
3066	-2.131
3067	-3.030
3068	-3.204
3069	-2.153
3070	-3.190
3071	-2.451
3072	-3.898
3073	-3.239
3074	-2.684
3075	-3.649
3076	-2.261
3077	-2.366
3078	-2.068
3079	1.043
3080	-2.533
3081	-2.503
3082	-4.248
3083	-0.379
3084	-3.261
3085	-2.897
3086	0.853
3087	-4.087
3088	-1.563
3089	-1.678
3090	-3.844
3091	-3.975
3092	-1.916
3093	-3.841
3094	-0.766
3095	-4.118
3096	-2.970
3097	1.273
3098	-4.557
3099	-3.077
3100	-4.784
3101	-3.621
3102	-2.989
3103	-4.535
3104	-0.551
3105	-3.170
3106	-3.026
3107	-3.713
3108	-3.350
3109	-5.150
3110	-4.679
3111	-2.791
3112	-1.437
3113	-2.313
3114	-4.592
3115	-4.037
3116	-2.536
3117	-1.132
3118	-4.532
3119	-1.163
3120	-1.507
3121	
3122	-2.000
3123	-1.585
3124	0.000
3125	-1.415
3126	-2.907
3127	1.000
3128	
3129	
3130	-1.415
3131	-1.807
3132	
3133	
3134	
3135	
3136	
3137	-2.000
3138	
3139	
3140	
3141	
3142	-0.737
3143	
3144	
3145	-5.492
3146	-1.777
3147	-4.682
3148	-5.018
3149	-3.716
3150	-3.536
3151	-1.229
3152	-4.807
3153	-3.915
3154	-3.138
3155	-4.170
3156	-1.433
3157	-1.024
3158	-1.141
3159	-2.397
3160	-3.936
3161	-3.435
3162	-3.138
3163	0.443
3164	-3.608
3165	-4.328
3166	-2.641
3167	-2.552
3168	0.298
3169	-3.115
3170	-3.365
3171	-2.815
3172	-1.507
3173	-3.179
3174	-0.619
3175	-3.304
3176	-0.228
3177	-0.243
3178	-2.624
3179	-2.781
3180	2.528
3181	-1.912
3182	-2.158
3183	-1.413
3184	-2.087
3185	-1.520
3186	-2.248
3187	-2.007
3188	-2.371
3189	-3.158
3190	-1.665
3191	-1.635
3192	0.245
3193	-1.117
3194	-3.251
3195	-2.930
3196	-2.327
3197	-2.688
3198	-3.472
3199	-3.715
3200	-3.104
3201	-2.392
3202	-0.429
3203	-3.310
3204	-1.359
3205	-2.456
3206	-1.967
3207	-1.747
3208	-2.142
3209	-3.620
3210	-2.310
3211	-0.980
3212	-4.038
3213	-4.429
3214	-1.496
3215	-2.729
3216	-3.563
3217	0.310
3218	-1.575
3219	-3.466
3220	-5.983
3221	-2.367
3222	-3.242
3223	-4.335
3224	-3.062
3225	-3.564
3226	-3.758
3227	-1.640
3228	-0.763
3229	0.111
3230	-4.135
3231	0.306
3232	-4.913
3233	0.112
3234	-3.447
3235	-2.976
3236	-5.204
3237	-1.151
3238	-4.000
3239	-1.814
3240	-3.979
3241	
3242	
3243	
3244	
3245	
3246	-3.907
3247	-1.000
3248	
3249	-5.129
3250	-4.000
3251	0.758
3252	
3253	
3254	
3255	0.000
3256	-2.000
3257	0.000
3258	
3259	
3260	
3261	
3262	
3263	
3264	
3265	-4.170
3266	-4.188
3267	-3.576
3268	-4.329
3269	-3.762
3270	-4.069
3271	-4.107
3272	-2.098
3273	-3.829
3274	-3.683
3275	-3.334
3276	-4.611
3277	-3.392
3278	-4.109
3279	-2.357
3280	-3.066
3281	-2.690
3282	-2.830
3283	-3.945
3284	-2.433
3285	1.454
3286	-0.621
3287	-2.181
3288	-1.300
3289	-2.720
3290	-1.939
3291	-0.519
3292	-3.051
3293	-3.718
3294	-3.015
3295	-1.452
3296	-0.529
3297	-3.369
3298	-1.020
3299	-3.769
3300	1.900
3301	-2.992
3302	-2.362
3303	-1.135
3304	0.291
3305	-0.905
3306	-3.349
3307	-2.664
3308	-1.489
3309	-3.042
3310	-1.374
3311	-3.761
3312	-1.658
3313	-4.363
3314	-3.476
3315	-1.400
3316	-0.326
3317	
3318	-3.097
3319	-4.115
3320	-3.888
3321	-6.820
3322	-0.436
3323	-2.369
3324	-0.233
3325	-1.282
3326	-4.707
3327	-2.426
3328	-3.559
3329	-2.211
3330	-5.650
3331	-2.714
3332	-2.151
3333	-4.336
3334	0.274
3335	-5.285
3336	-2.616
3337	-2.006
3338	-2.973
3339	-3.466
3340	-2.655
3341	-2.951
3342	-3.515
3343	-0.199
3344	-0.083
3345	-3.941
3346	-3.355
3347	-3.888
3348	-3.609
3349	-1.153
3350	-2.025
3351	-4.283
3352	-4.615
3353	-3.217
3354	-4.815
3355	-1.648
3356	-4.426
3357	-6.157
3358	-2.595
3359	-4.841
3360	-1.784
3361	-2.918
3362	
3363	
3364	
3365	-4.700
3366	-1.459
3367	-3.059
3368	
3369	
3370	
3371	1.000
3372	
3373	-3.000
3374	-2.807
3375	16.610
3376	
3377	-1.683
3378	1.000
3379	-2.000
3380	-1.000
3381	-2.043
3382	-0.585
3383	
3384	-2.585
3385	-2.391
3386	-1.539
3387	-3.062
3388	-4.728
3389	-3.317
3390	-3.431
3391	-0.859
3392	-4.062
3393	-1.661
3394	-4.380
3395	-4.813
3396	-1.353
3397	-3.021
3398	-1.096
3399	-2.368
3400	-0.946
3401	-3.251
3402	-0.076
3403	-1.822
3404	-3.224
3405	-2.284
3406	-3.962
3407	-4.663
3408	-4.366
3409	-1.235
3410	-2.163
3411	2.534
3412	-0.134
3413	-0.925
3414	0.497
3415	-1.294
3416	1.237
3417	-1.710
3418	0.276
3419	-2.000
3420	-0.324
3421	0.315
3422	-2.353
3423	-0.569
3424	-1.485
3425	-2.214
3426	-1.493
3427	3.142
3428	-1.417
3429	-2.118
3430	-2.936
3431	-2.072
3432	-1.290
3433	-0.627
3434	-3.359
3435	-1.724
3436	-4.643
3437	-2.203
3438	-2.214
3439	-3.211
3440	-1.205
3441	-2.842
3442	-3.426
3443	-3.019
3444	-2.032
3445	-0.096
3446	-0.874
3447	-4.248
3448	-1.477
3449	-1.515
3450	-1.451
3451	-6.907
3452	0.689
3453	-0.010
3454	-3.973
3455	-1.858
3456	-2.821
3457	-1.196
3458	-3.101
3459	-3.000
3460	0.221
3461	-0.183
3462	-1.463
3463	-4.886
3464	-0.080
3465	0.452
3466	-2.150
3467	-3.653
3468	-0.878
3469	-3.334
3470	-3.057
3471	-3.312
3472	-0.950
3473	-2.455
3474	-1.167
3475	-2.604
3476	2.017
3477	-1.542
3478	-1.662
3479	-0.206
3480	-1.568
3481	-3.170
3482	-1.807
3483	-1.322
3484	
3485	
3486	
3487	-3.000
3488	
3489	-4.322
3490	-2.322
3491	-2.907
3492	
3493	-1.000
3494	
3495	
3496	
3497	0.585
3498	0.415
3499	
3500	
3501	-1.585
3502	
3503	-2.585
3504	
3505	-4.605
3506	-3.939
3507	-2.893
3508	-4.332
3509	-3.972
3510	-1.554
3511	-2.410
3512	-2.963
3513	-0.281
3514	-3.807
3515	1.318
3516	-4.431
3517	-1.065
3518	-1.950
3519	-1.988
3520	-2.350
3521	-3.503
3522	-4.267
3523	0.205
3524	-2.755
3525	-1.744
3526	-3.741
3527	-4.225
3528	-3.863
3529	-1.398
3530	-1.197
3531	-3.241
3532	-1.608
3533	-2.070
3534	-2.739
3535	0.124
3536	-4.392
3537	-3.285
3538	-4.263
3539	-0.948
3540	-3.361
3541	-2.575
3542	-2.861
3543	-3.365
3544	-2.670
3545	-1.820
3546	-2.769
3547	-3.202
3548	-1.675
3549	-2.000
3550	-4.392
3551	-2.336
3552	-2.613
3553	-2.411
3554	-2.354
3555	-2.369
3556	-1.522
3557	-0.740
3558	-3.304
3559	-0.679
3560	-1.420
3561	-0.505
3562	-4.129
3563	-0.867
3564	-2.766
3565	-0.577
3566	-2.648
3567	-3.880
3568	-1.004
3569	-1.868
3570	-2.688
3571	0.122
3572	-3.322
3573	-5.814
3574	-1.920
3575	-2.231
3576	-0.946
3577	0.197
3578	-0.817
3579	-1.417
3580	-2.438
3581	-3.611
3582	-3.623
3583	-4.713
3584	-1.680
3585	-4.506
3586	-1.691
3587	-4.066
3588	-2.047
3589	-4.283
3590	-4.313
3591	-3.190
3592	-1.253
3593	-3.538
3594	-4.246
3595	-3.263
3596	-2.413
3597	-4.743
3598	-4.796
3599	-2.276
3600	-2.531
3601	
3602	
3603	
3604	-2.585
3605	-2.170
3606	-3.000
3607	
3608	
3609	
3610	-1.585
3611	
3612	
3613	-1.585
3614	0.000
3615	-2.000
3616	
3617	
3618	
3619	16.610
3620	0.000
3621	
3622	-2.000
3623	-1.585
3624	
3625	-4.426
3626	-2.878
3627	-4.870
3628	-4.970
3629	-3.609
3630	-4.402
3631	-2.188
3632	-4.129
3633	-5.841
3634	-3.402
3635	-5.728
3636	-4.103
3637	-2.626
3638	-1.747
3639	1.755
3640	-2.585
3641	-1.791
3642	-3.624
3643	-2.153
3644	-3.371
3645	-4.404
3646	-4.190
3647	-2.030
3648	-4.954
3649	-3.157
3650	-2.570
3651	-2.847
3652	-1.733
3653	-2.845
3654	-0.991
3655	-2.566
3656	-1.772
3657	-1.161
3658	-1.846
3659	-3.561
3660	-3.539
3661	-2.373
3662	-0.940
3663	-1.845
3664	-1.993
3665	-1.869
3666	-2.043
3667	-2.279
3668	-1.521
3669	-5.256
3670	-2.585
3671	-0.355
3672	-0.541
3673	-2.501
3674	-2.450
3675	-1.369
3676	-0.685
3677	-3.290
3678	-2.918
3679	-3.075
3680	-3.130
3681	-3.067
3682	-2.504
3683	-3.780
3684	-2.048
3685	-1.090
3686	-3.892
3687	-1.411
3688	-2.027
3689	-4.687
3690	-1.959
3691	-0.953
3692	-2.124
3693	-3.505
3694	-0.233
3695	-1.301
3696	-3.907
3697	-0.183
3698	-2.078
3699	-1.551
3700	-4.037
3701	-0.701
3702	-3.818
3703	-0.168
3704	-2.127
3705	-4.489
3706	-3.425
3707	-0.250
3708	0.229
3709	-0.030
3710	-1.699
3711	0.460
3712	-1.716
3713	0.786
3714	-1.684
3715	-1.391
3716	-1.810
3717	-1.858
3718	-4.235
3719	-1.326
3720	-3.674
3721	
3722	-0.585
3723	-1.415
3724	
3725	
3726	-2.322
3727	
3728	
3729	-5.322
3730	-2.087
3731	-0.585
3732	
3733	-1.000
3734	
3735	-2.170
3736	-1.585
3737	
3738	-2.170
3739	
3740	
3741	-1.000
3742	-1.000
3743	-1.585
3744	-1.807
3745	-3.841
3746	-2.589
3747	-2.607
3748	-4.112
3749	-2.688
3750	-3.492
3751	-3.067
3752	-3.024
3753	-5.216
3754	-4.575
3755	-4.205
3756	-4.534
3757	-1.904
3758	-1.525
3759	-3.046
3760	-2.259
3761	-3.624
3762	-1.636
3763	-2.743
3764	-2.141
3765	-5.202
3766	-3.407
3767	-2.979
3768	-5.209
3769	-2.083
3770	-2.600
3771	-0.065
3772	-2.463
3773	-3.040
3774	-2.248
3775	1.137
3776	-1.082
3777	-4.152
3778	-1.841
3779	-3.594
3780	-2.343
3781	-1.634
3782	-0.158
3783	-2.456
3784	-3.706
3785	-1.993
3786	-0.366
3787	-1.217
3788	-3.592
3789	-3.511
3790	-1.252
3791	-3.751
3792	-1.084
3793	-3.062
3794	-2.918
3795	-3.654
3796	-1.490
3797	-2.415
3798	-4.061
3799	0.057
3800	-2.910
3801	-3.718
3802	-0.455
3803	-3.379
3804	0.124
3805	-3.785
3806	-2.561
3807	-3.138
3808	-4.097
3809	-0.452
3810	-5.443
3811	-4.777
3812	-3.436
3813	-4.265
3814	-3.536
3815	-4.031
3816	-3.011
3817	-4.179
3818	-3.694
3819	-1.361
3820	-3.110
3821	-4.275
3822	-1.888
3823	-0.852
3824	-2.098
3825	-5.263
3826	-5.492
3827	2.014
3828	-3.432
3829	-0.937
3830	-0.480
3831	-2.268
3832	-3.206
3833	-6.000
3834	-2.282
3835	-0.898
3836	-4.115
3837	-3.475
3838	-4.000
3839	-3.147
3840	-1.640
3841	0.847
3842	
3843	-2.170
3844	
3845	-2.402
3846	-2.907
3847	-2.663
3848	
3849	
3850	
3851	
3852	
3853	-2.423
3854	-1.585
3855	
3856	
3857	-2.229
3858	
3859	
3860	
3861	-1.705
3862	
3863	-1.585
3864	-3.322
3865	-4.923
3866	0.218
3867	-4.498
3868	-1.970
3869	-5.694
3870	-2.729
3871	-3.017
3872	-4.227
3873	-4.298
3874	-2.111
3875	-4.331
3876	-5.062
3877	-2.062
3878	-3.541
3879	-1.564
3880	-1.212
3881	-2.048
3882	-0.297
3883	-3.187
3884	0.890
3885	-1.792
3886	-3.529
3887	-0.915
3888	-3.684
3889	-1.340
3890	-3.288
3891	-2.397
3892	0.184
3893	-0.091
3894	-0.434
3895	-1.259
3896	0.716
3897	-2.609
3898	-1.595
3899	-1.379
3900	-0.512
3901	1.314
3902	-1.937
3903	0.522
3904	-2.111
3905	-0.713
3906	-1.507
3907	3.230
3908	-1.029
3909	-2.425
3910	-2.344
3911	-0.759
3912	-1.810
3913	0.773
3914	-2.921
3915	-2.394
3916	-0.821
3917	-1.219
3918	-2.091
3919	-0.245
3920	-0.312
3921	-1.360
3922	-3.195
3923	-0.828
3924	-1.534
3925	-3.733
3926	0.441
3927	-4.923
3928	-2.959
3929	-0.946
3930	-0.618
3931	-4.874
3932	1.333
3933	-1.678
3934	-3.635
3935	-0.276
3936	-0.682
3937	-0.121
3938	-0.485
3939	-3.843
3940	-1.609
3941	0.593
3942	-1.652
3943	-2.682
3944	-0.735
3945	-0.153
3946	-1.633
3947	-3.519
3948	-1.886
3949	-0.967
3950	-1.697
3951	-1.110
3952	-1.179
3953	-2.537
3954	-1.838
3955	-4.234
3956	-0.518
3957	0.794
3958	-1.320
3959	-2.531
3960	-1.575
3961	-1.000
3962	
3963	0.000
3964	
3965	
3966	
3967	
3968	
3969	-4.781
3970	
3971	
3972	
3973	0.000
3974	
3975	
3976	
3977	-3.170
3978	-1.000
3979	-1.000
3980	16.610
3981	
3982	
3983	-3.459
3984	-1.000
3985	-2.682
3986	-2.572
3987	-3.113
3988	-4.369
3989	-3.990
3990	-3.258
3991	-2.990
3992	-2.451
3993	-4.973
3994	-3.304
3995	-3.170
3996	-1.641
3997	-0.688
3998	-1.592
3999	-2.003
4000	-1.939
4001	-3.373
4002	-3.958
4003	0.259
4004	5.830
4005	-2.591
4006	-0.899
4007	-3.907
4008	0.123
4009	-0.485
4010	-3.042
4011	-2.890
4012	-1.981
4013	-2.483
4014	-2.986
4015	-0.654
4016	-3.000
4017	-2.685
4018	-3.764
4019	-1.172
4020	-1.860
4021	-1.740
4022	-1.826
4023	-2.609
4024	-1.516
4025	-2.512
4026	-2.311
4027	-0.079
4028	-1.984
4029	-1.767
4030	-2.304
4031	-2.163
4032	-0.793
4033	-2.545
4034	-3.331
4035	-3.684
4036	0.613
4037	-0.399
4038	-0.553
4039	-0.896
4040	-2.212
4041	-1.744
4042	-1.718
4043	-0.098
4044	-1.319
4045	-1.691
4046	-1.434
4047	-0.248
4048	-1.548
4049	-0.595
4050	-2.895
4051	0.057
4052	-1.356
4053	-1.847
4054	-0.225
4055	-1.810
4056	-0.859
4057	0.972
4058	-3.217
4059	-0.389
4060	-3.989
4061	-2.906
4062	-2.807
4063	-2.895
4064	-1.682
4065	-4.271
4066	-1.766
4067	-1.302
4068	-1.913
4069	-3.038
4070	-3.143
4071	-1.080
4072	-0.981
4073	-2.297
4074	0.303
4075	-3.204
4076	-1.193
4077	-1.177
4078	-2.378
4079	-2.643
4080	-1.866
4081	
4082	
4083	
4084	-2.322
4085	-2.907
4086	-3.322
4087	
4088	
4089	-2.459
4090	-2.459
4091	-3.170
4092	
4093	
4094	0.290
4095	-3.322
4096	-1.585
4097	-2.585
4098	
4099	-1.000
4100	-1.322
4101	-1.874
4102	-3.170
4103	
4104	
4105	-3.451
4106	-3.820
4107	-1.852
4108	-4.257
4109	-4.000
4110	-2.070
4111	-2.522
4112	1.294
4113	-3.593
4114	-3.751
4115	-2.864
4116	-4.000
4117	-2.786
4118	-2.719
4119	2.042
4120	-2.392
4121	-3.322
4122	-3.886
4123	-2.478
4124	-4.451
4125	-3.248
4126	-4.063
4127	-4.193
4128	-2.307
4129	-2.110
4130	-2.387
4131	-2.238
4132	-2.184
4133	-1.007
4134	-4.062
4135	-1.796
4136	-7.097
4137	1.818
4138	-1.627
4139	-2.397
4140	-2.496
4141	-2.524
4142	-3.607
4143	-1.348
4144	-2.726
4145	0.385
4146	-2.227
4147	0.326
4148	0.317
4149	-3.273
4150	-3.255
4151	-3.422
4152	-0.655
4153	-2.749
4154	-1.836
4155	-2.173
4156	-0.927
4157	-2.055
4158	-3.297
4159	-2.262
4160	-4.555
4161	-1.614
4162	-1.310
4163	-3.667
4164	-1.375
4165	-4.200
4166	-3.236
4167	-1.005
4168	-6.156
4169	-0.327
4170	-2.450
4171	0.102
4172	-4.827
4173	-2.313
4174	-1.672
4175	-3.290
4176	-2.377
4177	-0.050
4178	-1.277
4179	-0.468
4180	-1.065
4181	-1.656
4182	-2.796
4183	-0.549
4184	-1.007
4185	-3.561
4186	-3.521
4187	-1.251
4188	-3.078
4189	-0.078
4190	-3.564
4191	0.799
4192	-2.380
4193	-0.196
4194	-5.748
4195	-1.641
4196	-0.741
4197	-0.107
4198	-4.511
4199	-1.883
4200	-3.907
4201	
4202	
4203	
4204	
4205	-2.000
4206	
4207	-3.170
4208	
4209	
4210	-3.248
4211	-3.322
4212	
4213	0.000
4214	
4215	
4216	-2.322
4217	
4218	-2.585
4219	
4220	
4221	-0.585
4222	-1.000
4223	-3.322
4224	1.000
4225	-2.069
4226	-2.898
4227	-2.793
4228	-3.598
4229	-2.598
4230	-3.372
4231	-2.941
4232	-3.034
4233	-3.948
4234	-3.142
4235	-2.624
4236	-2.219
4237	-3.110
4238	-3.743
4239	-3.632
4240	-1.196
4241	-3.170
4242	-4.267
4243	-0.165
4244	-3.114
4245	-2.786
4246	-3.740
4247	-2.594
4248	-4.080
4249	0.203
4250	-3.429
4251	-1.150
4252	-1.457
4253	-2.483
4254	-3.459
4255	-3.881
4256	-2.456
4257	-2.322
4258	-0.759
4259	-1.898
4260	-2.775
4261	-1.075
4262	-1.771
4263	-1.612
4264	0.332
4265	-2.858
4266	0.085
4267	-2.453
4268	-0.520
4269	-2.168
4270	-1.387
4271	-2.814
4272	-2.397
4273	-4.619
4274	-2.976
4275	-4.295
4276	0.700
4277	-2.907
4278	-3.496
4279	-3.459
4280	-1.960
4281	-2.193
4282	-0.867
4283	-0.968
4284	1.278
4285	-2.417
4286	-4.615
4287	-2.175
4288	-2.178
4289	-1.127
4290	-4.676
4291	-0.335
4292	-4.279
4293	-3.222
4294	0.236
4295	-1.894
4296	-1.479
4297	-3.641
4298	1.581
4299	0.137
4300	-1.879
4301	-3.611
4302	-0.459
4303	-2.506
4304	-3.337
4305	-3.402
4306	-1.632
4307	-2.117
4308	-6.019
4309	-1.602
4310	-2.234
4311	-4.591
4312	-2.741
4313	-1.100
4314	-4.013
4315	-1.941
4316	-2.239
4317	-2.436
4318	-3.801
4319	-2.339
4320	-2.030
4321	-2.011
4322	-3.000
4323	
4324	-3.459
4325	-2.115
4326	-3.585
4327	-1.138
4328	
4329	-3.907
4330	
4331	
4332	
4333	-1.721
4334	-0.737
4335	
4336	
4337	-2.548
4338	
4339	-2.585
4340	0.000
4341	-2.391
4342	1.000
4343	
4344	
4345	-3.299
4346	-3.948
4347	0.747
4348	-4.349
4349	-3.865
4350	-2.745
4351	-2.919
4352	-4.087
4353	-3.898
4354	-2.889
4355	-4.562
4356	-5.895
4357	-2.254
4358	-0.692
4359	-3.218
4360	-2.095
4361	-2.109
4362	-1.025
4363	-1.790
4364	-3.244
4365	-6.039
4366	-4.555
4367	-0.970
4368	-2.516
4369	-1.741
4370	-3.183
4371	-2.392
4372	0.716
4373	0.437
4374	-0.814
4375	-2.885
4376	-1.410
4377	-0.478
4378	-1.163
4379	-1.288
4380	-1.666
4381	0.318
4382	-1.209
4383	-2.878
4384	-0.214
4385	-0.006
4386	-1.968
4387	2.775
4388	-1.879
4389	-1.452
4390	-0.981
4391	-1.752
4392	-1.689
4393	-2.784
4394	-3.065
4395	-2.886
4396	-2.673
4397	-0.995
4398	-4.196
4399	-2.457
4400	-0.324
4401	-0.302
4402	-1.913
4403	-0.801
4404	-2.527
4405	-0.403
4406	-1.308
4407	-5.349
4408	-0.991
4409	-0.302
4410	-1.911
4411	-1.720
4412	-0.693
4413	-1.923
4414	-5.868
4415	-0.949
4416	-2.697
4417	-1.952
4418	-3.421
4419	-1.831
4420	-2.224
4421	-0.259
4422	-1.094
4423	-2.569
4424	-0.601
4425	-1.880
4426	-2.710
4427	-2.170
4428	-1.560
4429	-1.015
4430	-0.361
4431	-1.095
4432	-0.529
4433	-1.844
4434	-1.297
4435	-0.693
4436	-0.609
4437	0.177
4438	-3.710
4439	-3.050
4440	-1.303
4441	
4442	
4443	-3.000
4444	16.610
4445	-3.459
4446	
4447	
4448	
4449	-3.652
4450	-3.700
4451	
4452	
4453	
4454	-2.000
4455	
4456	
4457	16.610
4458	
4459	
4460	
4461	
4462	
4463	-2.807
4464	-2.807
4465	-3.161
4466	-3.947
4467	-3.472
4468	-2.992
4469	-2.461
4470	-3.291
4471	-3.016
4472	-3.707
4473	-2.661
4474	-1.420
4475	-3.409
4476	-4.707
4477	-1.776
4478	-0.919
4479	-0.938
4480	-3.923
4481	-3.779
4482	-2.568
4483	1.486
4484	-1.522
4485	-5.256
4486	-2.442
4487	-3.899
4488	-2.659
4489	0.112
4490	-0.002
4491	-3.059
4492	-0.271
4493	0.135
4494	-2.104
4495	0.383
4496	-1.642
4497	-2.122
4498	-2.653
4499	-0.992
4500	-3.692
4501	-2.273
4502	-2.971
4503	-1.883
4504	-1.823
4505	-1.146
4506	-2.755
4507	-2.106
4508	-2.248
4509	-2.127
4510	-4.226
4511	-2.513
4512	-1.096
4513	-1.022
4514	-0.746
4515	-2.098
4516	-2.483
4517	-2.145
4518	0.174
4519	-0.259
4520	-2.241
4521	-2.358
4522	-2.033
4523	0.099
4524	-2.019
4525	-1.359
4526	-1.199
4527	-0.087
4528	-0.393
4529	-2.286
4530	-2.530
4531	-0.644
4532	-0.714
4533	-1.390
4534	-1.308
4535	-0.874
4536	-0.805
4537	2.441
4538	-3.129
4539	-1.697
4540	-4.946
4541	-3.392
4542	-0.152
4543	-5.022
4544	-2.260
4545	-4.931
4546	-4.877
4547	-4.637
4548	-3.802
4549	-3.624
4550	-2.239
4551	-2.372
4552	-5.270
4553	-3.531
4554	-3.000
4555	-1.835
4556	-1.188
4557	-1.876
4558	-4.248
4559	-3.373
4560	-1.874
4561	-0.737
4562	-0.737
4563	
4564	-2.000
4565	-1.907
4566	
4567	-3.652
4568	
4569	-1.585
4570	
4571	
4572	
4573	-2.000
4574	
4575	-1.000
4576	-1.000
4577	
4578	-2.000
4579	-2.585
4580	
4581	0.585
4582	
4583	
4584	-2.807
4585	-4.799
4586	-2.332
4587	-5.833
4588	-2.284
4589	0.564
4590	-2.893
4591	-4.392
4592	-5.275
4593	-3.779
4594	-2.103
4595	-1.469
4596	-4.773
4597	-0.989
4598	-2.176
4599	-3.276
4600	-2.694
4601	-2.415
4602	-3.189
4603	0.040
4604	-2.227
4605	-0.485
4606	-3.612
4607	-5.448
4608	-4.844
4609	-1.311
4610	-2.231
4611	-2.943
4612	-1.106
4613	-0.582
4614	-3.672
4615	-2.959
4616	-4.300
4617	-3.038
4618	-2.051
4619	-4.000
4620	-1.227
4621	-2.694
4622	-3.322
4623	-3.790
4624	0.467
4625	-1.751
4626	-2.606
4627	-1.542
4628	-2.397
4629	-3.401
4630	-1.639
4631	-2.814
4632	-4.336
4633	-4.298
4634	-2.273
4635	-2.412
4636	-1.025
4637	-3.226
4638	-1.759
4639	-3.245
4640	-3.897
4641	-3.006
4642	-0.583
4643	-4.963
4644	-2.762
4645	-4.186
4646	-3.769
4647	-1.834
4648	-2.505
4649	-4.178
4650	1.154
4651	-1.298
4652	-0.317
4653	-1.562
4654	-1.943
4655	-0.768
4656	-1.491
4657	-0.105
4658	-2.760
4659	-6.295
4660	-0.159
4661	-2.151
4662	-0.563
4663	-2.045
4664	-1.451
4665	-4.935
4666	-4.691
4667	1.134
4668	-3.507
4669	1.046
4670	-3.203
4671	0.224
4672	-2.242
4673	0.835
4674	-3.941
4675	-2.162
4676	-2.347
4677	0.325
4678	-4.454
4679	-1.689
4680	-1.853
4681	
4682	-2.585
4683	1.000
4684	
4685	-1.459
4686	-2.807
4687	-2.585
4688	
4689	-3.954
4690	
4691	
4692	
4693	
4694	
4695	
4696	
4697	-0.485
4698	
4699	
4700	-1.000
4701	
4702	-1.585
4703	
4704	
4705	-3.396
4706	-4.418
4707	-3.888
4708	-3.049
4709	-1.544
4710	-4.006
4711	-3.894
4712	-4.009
4713	-4.271
4714	-1.401
4715	-3.081
4716	-4.802
4717	-4.539
4718	-0.912
4719	-2.746
4720	-4.218
4721	-0.774
4722	-3.150
4723	-2.705
4724	-4.281
4725	-3.823
4726	-3.433
4727	-4.354
4728	-5.700
4729	-1.056
4730	0.571
4731	-0.699
4732	-1.153
4733	1.746
4734	-3.440
4735	-0.704
4736	-1.522
4737	-1.983
4738	-1.565
4739	-2.601
4740	-1.979
4741	-1.060
4742	-2.331
4743	-1.948
4744	-1.397
4745	-3.322
4746	-0.763
4747	-0.878
4748	-1.727
4749	-3.506
4750	-1.677
4751	-3.199
4752	-1.597
4753	-2.970
4754	-2.247
4755	-3.200
4756	-0.762
4757	-3.322
4758	-2.622
4759	-3.040
4760	-2.478
4761	-3.950
4762	-2.214
4763	-1.095
4764	0.755
4765	-3.267
4766	-2.929
4767	-1.707
4768	-1.205
4769	-1.784
4770	3.905
4771	-1.585
4772	-1.877
4773	-2.963
4774	-3.745
4775	-3.423
4776	-0.098
4777	-4.762
4778	-1.068
4779	-4.405
4780	-2.595
4781	-2.466
4782	-1.813
4783	-0.730
4784	-3.387
4785	-3.106
4786	-4.516
4787	-1.705
4788	-0.698
4789	-1.546
4790	-1.580
4791	-3.773
4792	-4.240
4793	-1.643
4794	-5.453
4795	-0.392
4796	-2.186
4797	-0.515
4798	-3.284
4799	-3.135
4800	0.643
4801	-4.665
4802	-2.322
4803	0.000
4804	
4805	-2.737
4806	-1.541
4807	-2.459
4808	
4809	-4.170
4810	
4811	
4812	
4813	-4.340
4814	
4815	-1.807
4816	
4817	-2.784
4818	-3.585
4819	-0.737
4820	-3.585
4821	-0.856
4822	
4823	16.610
4824	0.000
4825	-3.883
4826	-3.449
4827	-3.257
4828	-2.731
4829	-2.626
4830	-2.831
4831	-2.929
4832	-2.970
4833	-0.890
4834	-3.891
4835	-3.880
4836	-1.189
4837	-3.737
4838	0.760
4839	-2.449
4840	-0.847
4841	-0.441
4842	-1.488
4843	-2.932
4844	-1.274
4845	-0.846
4846	-4.209
4847	-4.762
4848	-4.127
4849	-3.440
4850	-3.020
4851	-2.392
4852	-1.010
4853	0.629
4854	-0.182
4855	-1.035
4856	-2.430
4857	-1.693
4858	0.204
4859	-0.529
4860	0.658
4861	-3.661
4862	-0.823
4863	-1.163
4864	0.135
4865	-1.053
4866	-2.437
4867	-1.444
4868	-1.026
4869	-1.881
4870	-1.379
4871	-1.919
4872	-1.598
4873	-4.663
4874	-2.484
4875	-2.819
4876	-2.536
4877	-0.915
4878	-3.366
4879	-1.469
4880	-1.547
4881	-2.229
4882	-1.686
4883	-0.718
4884	-2.087
4885	-4.609
4886	-4.188
4887	-4.691
4888	-0.203
4889	0.172
4890	-1.161
4891	-2.549
4892	-1.785
4893	-1.918
4894	-1.911
4895	-0.975
4896	-1.160
4897	-5.235
4898	-3.091
4899	-3.148
4900	-1.595
4901	-0.006
4902	-3.868
4903	-3.816
4904	-0.393
4905	0.867
4906	-2.376
4907	-2.251
4908	-0.841
4909	-6.845
4910	-5.573
4911	-0.512
4912	-0.418
4913	-1.320
4914	-2.115
4915	-2.307
4916	-1.170
4917	-1.419
4918	-1.326
4919	-3.724
4920	-1.624
4921	
4922	-1.000
4923	0.000
4924	-2.000
4925	-2.459
4926	16.610
4927	-1.000
4928	
4929	-4.087
4930	
4931	
4932	
4933	
4934	
4935	-3.000
4936	
4937	0.000
4938	
4939	
4940	-0.415
4941	-3.170
4942	0.585
4943	-3.459
4944	16.610
4945	-2.610
4946	2.693
4947	-2.831
4948	-3.241
4949	-3.594
4950	-2.533
4951	-5.833
4952	-2.556
4953	-2.368
4954	-2.807
4955	-2.870
4956	-3.312
4957	-3.539
4958	-2.170
4959	-0.671
4960	-3.644
4961	-2.656
4962	-2.389
4963	1.306
4964	-3.216
4965	0.007
4966	1.907
4967	-2.434
4968	-4.833
4969	-1.380
4970	-2.867
4971	-2.303
4972	-0.385
4973	-2.000
4974	-1.212
4975	0.824
4976	-3.190
4977	-3.189
4978	-2.831
4979	-1.154
4980	-3.926
4981	-2.635
4982	-4.146
4983	-0.358
4984	-2.228
4985	-1.960
4986	-3.691
4987	-2.731
4988	-2.144
4989	-1.852
4990	-3.275
4991	-2.807
4992	-0.427
4993	-2.143
4994	-0.906
4995	-2.395
4996	-0.821
4997	-1.202
4998	-0.667
4999	-1.491
5000	-2.632
5001	-2.588
5002	-2.118
5003	0.100
5004	-1.935
5005	-2.054
5006	-4.288
5007	-1.217
5008	0.654
5009	0.320
5010	-1.158
5011	-0.763
5012	-0.406
5013	0.288
5014	-1.257
5015	-2.341
5016	-0.972
5017	0.937
5018	-2.758
5019	-1.623
5020	-1.268
5021	-1.915
5022	-0.559
5023	-2.377
5024	-1.462
5025	-3.874
5026	-1.534
5027	-5.365
5028	-0.189
5029	-2.517
5030	-4.731
5031	-4.180
5032	
5033	-3.160
5034	-3.044
5035	-2.491
5036	-1.692
5037	-0.413
5038	-4.000
5039	-2.949
5040	-0.480
5041	-1.585
5042	16.610
5043	
5044	
5045	-4.358
5046	-5.895
5047	-2.595
5048	
5049	
5050	
5051	-3.000
5052	
5053	-2.000
5054	
5055	-1.807
5056	-2.585
5057	
5058	
5059	
5060	
5061	-2.000
5062	-1.322
5063	
5064	
5065	-1.818
5066	-4.290
5067	-1.656
5068	-0.516
5069	-4.143
5070	-3.976
5071	-1.628
5072	-4.889
5073	-4.484
5074	-3.661
5075	-3.091
5076	-4.129
5077	-1.646
5078	-2.658
5079	-2.746
5080	-1.703
5081	-1.404
5082	-3.095
5083	-3.945
5084	-0.474
5085	-4.248
5086	-3.273
5087	-4.515
5088	-3.363
5089	-1.859
5090	-1.035
5091	-1.069
5092	-0.253
5093	-0.659
5094	-3.524
5095	-1.288
5096	-2.935
5097	-3.163
5098	-1.927
5099	-1.140
5100	-1.222
5101	-1.142
5102	-3.265
5103	-3.445
5104	-2.818
5105	-0.827
5106	-1.882
5107	-3.102
5108	-2.645
5109	-2.136
5110	-0.810
5111	-1.734
5112	-0.836
5113	-2.843
5114	-1.423
5115	-2.646
5116	-0.837
5117	-1.838
5118	-1.565
5119	-3.675
5120	-1.862
5121	-3.854
5122	-1.028
5123	-3.066
5124	-2.726
5125	-4.278
5126	-3.841
5127	-0.669
5128	-2.372
5129	-3.571
5130	0.602
5131	-3.745
5132	-1.017
5133	-5.237
5134	-2.193
5135	-0.499
5136	-1.774
5137	-2.684
5138	-3.721
5139	-3.227
5140	-2.159
5141	-4.028
5142	-3.288
5143	-0.462
5144	-1.757
5145	-1.204
5146	-0.954
5147	-3.700
5148	-3.381
5149	1.080
5150	-2.682
5151	-1.354
5152	-2.556
5153	0.731
5154	-4.592
5155	-2.663
5156	-2.095
5157	-0.310
5158	-4.006
5159	-4.333
5160	-2.340
5161	
5162	
5163	
5164	
5165	
5166	1.585
5167	
5168	
5169	-3.115
5170	-2.000
5171	-2.322
5172	
5173	0.000
5174	
5175	-1.000
5176	-2.585
5177	
5178	
5179	-2.322
5180	-1.415
5181	
5182	
5183	
5184	-1.585
5185	-3.750
5186	-1.741
5187	-1.481
5188	-2.197
5189	-3.445
5190	-0.730
5191	-3.755
5192	-1.114
5193	-3.503
5194	-2.013
5195	-3.877
5196	-2.534
5197	-3.891
5198	-2.035
5199	-4.053
5200	-2.271
5201	1.291
5202	-1.788
5203	-1.443
5204	-1.827
5205	-3.831
5206	-2.194
5207	-3.871
5208	-2.856
5209	-0.263
5210	-2.133
5211	-2.878
5212	-2.327
5213	-3.346
5214	-0.267
5215	1.718
5216	0.404
5217	-2.297
5218	-1.283
5219	-1.994
5220	-3.012
5221	-1.610
5222	-1.508
5223	-1.490
5224	-0.176
5225	-2.700
5226	-0.028
5227	-1.153
5228	-1.814
5229	-1.790
5230	-1.585
5231	-0.311
5232	-1.513
5233	-5.629
5234	-4.679
5235	-3.497
5236	-1.243
5237	-4.212
5238	-3.880
5239	-2.500
5240	-1.070
5241	-4.653
5242	-3.409
5243	-2.000
5244	1.565
5245	-3.550
5246	-4.097
5247	-1.206
5248	-0.131
5249	-2.179
5250	-5.799
5251	-3.177
5252	-1.495
5253	-4.412
5254	-3.922
5255	-1.842
5256	-2.546
5257	-4.392
5258	-5.989
5259	-6.405
5260	-1.538
5261	-3.338
5262	-1.136
5263	-0.008
5264	-4.193
5265	-4.044
5266	-2.304
5267	-1.308
5268	-0.889
5269	0.262
5270	-2.082
5271	-2.597
5272	-1.210
5273	-2.229
5274	-3.940
5275	-1.058
5276	-2.480
5277	-1.165
5278	-2.610
5279	-3.759
5280	-2.217
5281	-5.508
5282	
5283	-3.000
5284	
5285	-4.015
5286	-4.278
5287	-2.830
5288	
5289	-3.000
5290	
5291	
5292	
5293	-5.322
5294	-3.807
5295	-1.874
5296	
5297	-1.861
5298	
5299	-3.170
5300	
5301	-2.554
5302	
5303	
5304	
5305	-5.672
5306	-5.077
5307	-2.985
5308	-2.001
5309	-2.967
5310	-2.732
5311	-3.654
5312	-4.152
5313	-3.628
5314	-3.509
5315	-3.052
5316	-5.653
5317	-1.177
5318	-1.051
5319	-2.184
5320	-0.028
5321	-1.011
5322	-0.453
5323	-2.778
5324	-2.136
5325	-1.182
5326	-2.360
5327	-3.558
5328	-2.545
5329	-5.555
5330	-3.763
5331	-1.477
5332	0.879
5333	-0.493
5334	-0.567
5335	-0.782
5336	-1.471
5337	1.177
5338	-1.562
5339	-0.061
5340	-1.393
5341	0.287
5342	-1.595
5343	0.320
5344	-2.893
5345	-0.402
5346	-0.478
5347	3.563
5348	-2.089
5349	-2.034
5350	-1.830
5351	-1.262
5352	-3.459
5353	0.795
5354	-3.459
5355	-1.371
5356	-1.777
5357	-2.665
5358	-3.202
5359	-1.332
5360	-2.259
5361	-1.721
5362	-2.057
5363	-0.425
5364	-0.467
5365	-2.025
5366	-1.577
5367	-3.053
5368	-2.113
5369	-1.887
5370	-1.295
5371	-2.802
5372	-4.100
5373	-0.530
5374	-3.453
5375	-1.074
5376	-1.803
5377	-0.585
5378	-0.524
5379	-2.412
5380	-3.222
5381	-0.829
5382	-0.068
5383	-1.807
5384	-0.702
5385	-0.987
5386	-1.522
5387	-2.433
5388	-1.795
5389	-4.794
5390	-1.677
5391	-1.642
5392	-1.734
5393	-0.943
5394	-1.691
5395	-1.235
5396	-2.344
5397	-1.423
5398	-0.358
5399	-2.335
5400	-1.325
5401	
5402	
5403	-3.585
5404	-1.807
5405	
5406	-2.000
5407	-2.000
5408	
5409	
5410	
5411	
5412	
5413	-4.000
5414	0.585
5415	
5416	
5417	
5418	
5419	
5420	
5421	-2.807
5422	
5423	
5424	
5425	-3.021
5426	-5.406
5427	-3.807
5428	-3.943
5429	-3.615
5430	-1.462
5431	-3.733
5432	6.019
5433	-3.695
5434	0.645
5435	-3.951
5436	-4.437
5437	-3.018
5438	-2.365
5439	-0.438
5440	-4.559
5441	-3.000
5442	-1.922
5443	-2.347
5444	-1.100
5445	-3.466
5446	-4.676
5447	-2.341
5448	-3.773
5449	-3.041
5450	-3.779
5451	-3.392
5452	-3.265
5453	-3.674
5454	-3.807
5455	0.645
5456	0.243
5457	-1.688
5458	-2.471
5459	-1.218
5460	-3.769
5461	-3.251
5462	-2.317
5463	-1.781
5464	-0.133
5465	-1.916
5466	-1.779
5467	-0.976
5468	-4.057
5469	-2.343
5470	-3.115
5471	-2.972
5472	-0.905
5473	-2.522
5474	-1.744
5475	-2.435
5476	-2.472
5477	-2.147
5478	-2.269
5479	-4.188
5480	-1.003
5481	-3.262
5482	-2.371
5483	-0.077
5484	-2.442
5485	-2.272
5486	-1.315
5487	-3.945
5488	-0.815
5489	-0.761
5490	-0.657
5491	-4.923
5492	-4.817
5493	-3.695
5494	-2.120
5495	-2.448
5496	-1.272
5497	-4.864
5498	-1.153
5499	-1.318
5500	-0.481
5501	-2.521
5502	-2.737
5503	-0.409
5504	-3.372
5505	-0.493
5506	-2.437
5507	-4.190
5508	-2.756
5509	-3.769
5510	-3.972
5511	-4.529
5512	-1.273
5513	-2.899
5514	-3.783
5515	-2.100
5516	-1.481
5517	-0.153
5518	-3.726
5519	-3.048
5520	-2.197
5521	-2.322
5522	0.000
5523	
5524	
5525	
5526	-2.585
5527	
5528	
5529	
5530	
5531	0.000
5532	1.585
5533	
5534	
5535	
5536	
5537	16.610
5538	
5539	-1.000
5540	0.000
5541	
5542	16.610
5543	1.485
5544	
5545	-3.755
5546	
5547	-2.632
5548	
5549	1.000
5550	
5551	
5552	
5553	
5554	
5555	
5556	
5557	1.585
5558	-1.000
5559	
5560	-4.057
5561	-1.000
5562	16.610
5563	-2.807
5564	-3.590
5565	-1.000
5566	
5567	-1.000
5568	
5569	
5570	
5571	-2.327
5572	-0.714
5573	
5574	-1.000
5575	
5576	0.585
5577	
5578	
5579	
5580	
5581	-0.994
5582	-1.585
5583	
5584	
5585	0.000
5586	16.610
5587	-2.356
5588	
5589	-1.328
5590	
5591	-1.585
5592	-3.466
5593	16.610
5594	
5595	0.000
5596	-1.585
5597	16.610
5598	16.610
5599	
5600	
5601	-3.498
5602	-2.391
5603	16.610
5604	
5605	
5606	16.610
5607	16.610
5608	-4.072
5609	
5610	
5611	
5612	-2.807
5613	
5614	
5615	0.000
5616	-0.585
5617	
5618	-5.317
5619	-2.733
5620	-3.680
5621	-2.798
5622	-3.038
5623	-1.522
5624	-3.434
5625	-1.639
5626	-4.271
5627	
5628	-0.784
5629	
5630	-4.518
5631	
5632	-1.486
5633	
5634	1.000
5635	-1.585
5636	
5637	-0.576
5638	
5639	
5640	0.585
5641	
5642	
5643	
5644	
5645	-0.585
5646	-3.459
5647	
5648	
5649	-3.700
5650	
5651	
5652	
5653	
5654	
5655	
5656	
5657	0.737
5658	
5659	
5660	16.610
5661	-1.322
5662	16.610
5663	
5664	
5665	-4.722
5666	-4.459
5667	-5.180
5668	-3.452
5669	-4.328
5670	-0.573
5671	-3.982
5672	-4.484
5673	-4.841
5674	2.258
5675	-2.122
5676	-3.421
5677	-2.755
5678	-2.969
5679	-2.396
5680	-2.391
5681	-1.443
5682	-3.572
5683	-0.335
5684	-3.100
5685	-2.401
5686	-4.289
5687	-3.670
5688	-2.268
5689	-3.781
5690	-1.405
5691	-3.280
5692	-0.759
5693	-1.970
5694	-3.665
5695	-1.174
5696	-5.298
5697	-2.428
5698	-1.256
5699	1.027
5700	-2.824
5701	-1.927
5702	-1.834
5703	-2.477
5704	-1.774
5705	-1.939
5706	0.255
5707	-1.181
5708	-3.858
5709	-2.436
5710	-2.222
5711	-1.870
5712	-1.665
5713	-4.234
5714	-3.814
5715	-3.215
5716	-2.543
5717	1.993
5718	-4.079
5719	-3.568
5720	-2.967
5721	-3.807
5722	-1.247
5723	-3.309
5724	-2.910
5725	-3.193
5726	-4.770
5727	-3.392
5728	-0.787
5729	-5.349
5730	-5.285
5731	-2.459
5732	-0.192
5733	-0.256
5734	-0.065
5735	-2.070
5736	-0.575
5737	-3.449
5738	-4.202
5739	-1.986
5740	-1.457
5741	-5.498
5742	-3.426
5743	-2.118
5744	-4.672
5745	-4.070
5746	-4.134
5747	-1.222
5748	0.108
5749	-0.484
5750	-1.634
5751	-2.481
5752	-3.137
5753	-2.019
5754	-4.212
5755	-2.220
5756	-0.237
5757	-2.503
5758	-4.728
5759	-3.500
5760	-3.946
