1	-6.919
2	-3.322
3	-1.000
4	-2.807
5	
6	
7	-2.907
8	
9	
10	
11	
12	
13	-4.204
14	
15	-2.000
16	-3.000
17	-2.226
18	-3.585
19	-2.585
20	
21	-4.797
22	
23	-2.000
24	
25	3.202
26	-6.728
27	-3.392
28	-3.496
29	-6.276
30	-5.087
31	-1.442
32	-1.349
33	
34	1.930
35	-2.140
36	
37	-0.698
38	-0.636
39	-5.065
40	-1.767
41	-4.682
42	-1.693
43	-4.954
44	-3.597
45	0.577
46	-6.044
47	
48	-1.775
49	-0.846
50	-4.209
51	-2.258
52	0.744
53	-2.110
54	-1.454
55	-1.778
56	-0.675
57	0.075
58	-1.784
59	2.970
60	-3.237
61	-4.120
62	-5.129
63	-3.430
64	-3.794
65	-4.923
66	-4.055
67	-1.749
68	-0.101
69	2.187
70	-5.595
71	-3.720
72	-5.913
73	1.383
74	-4.963
75	-1.505
76	-3.355
77	-6.651
78	-0.446
79	-1.732
80	-1.299
81	-1.152
82	-5.055
83	1.236
84	-0.619
85	-3.748
86	-3.187
87	-4.451
88	-4.392
89	-2.165
90	0.210
91	-5.358
92	-5.122
93	-1.928
94	-4.907
95	-4.815
96	-5.000
97	-2.725
98	-4.510
99	-4.255
100	0.173
101	-2.681
102	
103	-1.565
104	-4.899
105	-1.050
106	1.352
107	-6.430
108	-1.551
109	-5.081
110	-4.392
111	-4.124
112	-1.134
113	-3.392
114	-2.085
115	-2.574
116	-3.363
117	-4.338
118	0.571
119	-1.452
120	-2.734
121	-2.000
122	
123	
124	
125	-2.807
126	
127	-3.322
128	
129	-4.123
130	-4.807
131	-4.147
132	
133	
134	
135	
136	-2.585
137	
138	-3.322
139	
140	1.000
141	-2.000
142	
143	
144	
145	1.691
146	-0.336
147	-6.392
148	-4.137
149	0.725
150	-1.275
151	-0.629
152	1.540
153	-1.191
154	1.320
155	-0.627
156	-5.257
157	0.253
158	-0.496
159	-4.741
160	-5.443
161	-2.585
162	-4.931
163	-5.350
164	-3.518
165	-1.329
166	-5.044
167	-4.946
168	-3.459
169	-2.479
170	-4.907
171	-4.183
172	-7.340
173	-0.224
174	-4.915
175	0.040
176	-5.372
177	-4.689
178	-5.331
179	-1.383
180	-5.160
181	-5.009
182	-4.615
183	-0.597
184	-4.856
185	-2.548
186	-2.858
187	-6.295
188	-1.475
189	-0.813
190	-4.878
191	-2.402
192	-4.787
193	-5.077
194	-5.190
195	-5.285
196	-2.794
197	-1.042
198	-0.112
199	0.917
200	-7.044
201	-2.821
202	-5.285
203	-1.224
204	-4.022
205	-7.741
206	-2.726
207	-5.954
208	-1.094
209	-5.087
210	-5.585
211	-0.956
212	-4.170
213	-0.454
214	-3.652
215	-0.055
216	-3.819
217	-1.879
218	-5.721
219	-1.911
220	-7.820
221	-5.140
222	-3.822
223	-5.516
224	1.213
225	-0.672
226	-0.222
227	-5.931
228	-4.838
229	
230	-4.610
231	-5.663
232	-2.230
233	-0.656
234	-5.816
235	-4.415
236	-1.604
237	-0.624
238	-6.190
239	-2.109
240	-3.777
241	
242	-0.585
243	
244	
245	
246	
247	-2.807
248	
249	
250	-2.585
251	
252	
253	
254	
255	-2.000
256	
257	
258	
259	16.610
260	
261	
262	
263	
264	-3.248
265	-5.672
266	0.433
267	-4.768
268	-1.439
269	1.135
270	-4.585
271	-1.210
272	-4.511
273	-4.285
274	-5.358
275	-2.502
276	0.504
277	-0.037
278	-0.709
279	-3.598
280	-5.459
281	-0.263
282	-5.276
283	-1.060
284	-5.915
285	-5.989
286	-1.652
287	-6.476
288	-1.355
289	-5.384
290	0.995
291	-5.352
292	-2.067
293	-3.369
294	-0.379
295	-6.219
296	-0.568
297	1.302
298	
299	-1.061
300	2.816
301	-4.165
302	-3.565
303	-3.000
304	0.950
305	-1.393
306	-4.263
307	-3.000
308	-4.531
309	0.412
310	-1.260
311	-3.164
312	-2.984
313	-4.739
314	-3.977
315	-4.129
316	-5.034
317	-1.163
318	-3.750
319	-5.644
320	-5.603
321	-4.426
322	-3.517
323	-6.044
324	-0.155
325	-3.017
326	-3.528
327	-2.054
328	-0.319
329	-2.000
330	-0.290
331	-4.839
332	-6.375
333	-5.700
334	-2.463
335	-3.511
336	-0.188
337	-1.300
338	-2.743
339	-5.209
340	-6.508
341	-3.683
342	-4.817
343	-3.758
344	-4.430
345	-4.539
346	-1.744
347	-1.478
348	-4.162
349	-1.330
350	0.316
351	-2.569
352	-5.907
353	-3.400
354	-4.401
355	-1.601
356	
357	-1.117
358	-7.267
359	-3.639
360	-2.753
361	-2.000
362	
363	16.610
364	-1.585
365	
366	0.000
367	16.610
368	
369	
370	
371	
372	
373	
374	
375	16.610
376	
377	
378	1.000
379	
380	-1.000
381	
382	
383	
384	
385	
386	-7.000
387	-5.476
388	-5.143
389	-5.700
390	-5.781
391	-5.102
392	1.191
393	-1.597
394	-0.845
395	-2.459
396	-4.615
397	0.678
398	-5.087
399	-2.549
400	-6.254
401	-4.977
402	-3.568
403	-6.629
404	-3.129
405	2.131
406	0.892
407	-4.548
408	-1.537
409	-5.219
410	-1.438
411	-2.386
412	-4.443
413	-4.360
414	-4.110
415	-5.339
416	0.214
417	-6.468
418	1.836
419	-6.451
420	3.132
421	-5.276
422	-4.267
423	-3.870
424	-1.648
425	-2.000
426	-5.655
427	-7.392
428	-6.392
429	-5.966
430	-1.433
431	-4.833
432	-5.468
433	-3.585
434	-0.139
435	-0.909
436	1.767
437	
438	-0.239
439	-2.140
440	0.395
441	
442	1.295
443	-1.637
444	-1.781
445	-1.610
446	-6.313
447	1.839
448	-4.722
449	1.927
450	-0.105
451	-5.150
452	-5.293
453	-6.459
454	2.310
455	
456	-0.981
457	-2.557
458	-4.309
459	-1.834
460	-2.022
461	-1.074
462	-5.418
463	0.145
464	0.748
465	-6.637
466	0.683
467	-4.437
468	-4.385
469	-2.559
470	-2.008
471	-6.366
472	-5.170
473	1.462
474	-5.750
475	1.335
476	-2.858
477	-6.637
478	-2.827
479	-6.007
480	1.141
481	-2.779
482	
483	-3.459
484	
485	-2.807
486	-3.322
487	-3.087
488	
489	
490	
491	-2.585
492	
493	-5.773
494	
495	
496	-3.907
497	-2.799
498	
499	
500	-3.322
501	-3.419
502	
503	
504	
505	-1.984
506	-1.756
507	
508	-5.358
509	-0.501
510	-5.470
511	-2.098
512	-5.672
513	0.591
514	-4.943
515	-7.129
516	-0.784
517	-4.689
518	-3.000
519	-0.196
520	-0.895
521	-4.807
522	-0.812
523	-3.121
524	-3.160
525	-4.660
526	-4.841
527	-5.358
528	-4.982
529	-2.221
530	-2.409
531	1.249
532	-0.546
533	-1.964
534	-1.657
535	-2.136
536	-0.356
537	-3.290
538	-2.579
539	-2.585
540	0.082
541	-2.604
542	-4.559
543	-1.306
544	-1.744
545	-3.807
546	-1.514
547	-1.171
548	-4.765
549	-4.691
550	-3.136
551	-3.907
552	-2.164
553	-1.585
554	-3.755
555	-4.112
556	-2.576
557	-0.869
558	-1.191
559	-4.150
560	-2.370
561	-2.880
562	-4.481
563	-4.369
564	-1.512
565	-0.135
566	-2.853
567	-4.678
568	-0.941
569	-2.111
570	-1.316
571	-5.429
572	-0.718
573	-2.002
574	-4.977
575	-3.892
576	-2.823
577	-0.746
578	-4.306
579	-1.141
580	0.858
581	-1.014
582	-3.886
583	
584	-2.381
585	0.119
586	-2.411
587	
588	-0.711
589	-3.748
590	-3.690
591	-3.295
592	-2.143
593	-4.269
594	-1.766
595	0.754
596	1.297
597	-4.682
598	-3.655
599	-1.540
600	-3.315
601	
602	-3.000
603	
604	
605	
606	
607	
608	
609	-5.392
610	
611	-4.000
612	
613	
614	
615	-2.807
616	
617	
618	
619	
620	-0.585
621	-2.000
622	-2.000
623	
624	
625	-4.470
626	-5.372
627	-0.090
628	-5.629
629	0.916
630	-1.219
631	-0.425
632	0.165
633	-1.706
634	-3.127
635	1.345
636	-5.109
637	-2.675
638	-2.961
639	-2.033
640	-0.943
641	-5.248
642	-3.621
643	-6.104
644	-2.686
645	-1.540
646	-0.979
647	0.760
648	-6.989
649	0.570
650	1.109
651	-3.761
652	-0.877
653	-3.435
654	-5.470
655	3.724
656	-4.000
657	-3.536
658	-4.404
659	-0.867
660	-5.989
661	-4.807
662	-5.448
663	-5.229
664	-4.576
665	-1.749
666	-0.928
667	-6.150
668	-2.895
669	0.118
670	-0.297
671	-5.443
672	-4.142
673	-3.227
674	-3.213
675	-4.741
676	-1.061
677	-0.909
678	-5.624
679	-0.931
680	-2.870
681	0.172
682	-2.174
683	-3.273
684	-1.182
685	-3.361
686	-3.566
687	-4.534
688	-2.656
689	-4.615
690	-0.260
691	-2.120
692	-2.932
693	-4.572
694	-3.361
695	-1.548
696	-0.712
697	-2.517
698	-2.536
699	-2.539
700	-1.130
701	-1.802
702	-4.915
703	-5.418
704	-3.385
705	-3.941
706	0.568
707	-6.140
708	-4.463
709	-3.848
710	-4.544
711	-4.489
712	-2.102
713	-3.950
714	-2.262
715	-1.220
716	-3.815
717	-6.468
718	-4.073
719	-0.487
720	-3.790
721	16.610
722	
723	-1.000
724	0.000
725	-0.585
726	-2.000
727	
728	
729	
730	
731	
732	
733	
734	
735	
736	
737	
738	-1.322
739	
740	16.610
741	-1.585
742	
743	
744	
745	16.610
746	-2.824
747	-4.605
748	-2.248
749	-3.671
750	-6.409
751	-1.775
752	-5.644
753	-5.585
754	1.356
755	-5.807
756	-1.140
757	-2.033
758	-1.715
759	0.317
760	-4.722
761	-1.807
762	-0.116
763	-2.390
764	-0.284
765	
766	-5.209
767	-3.000
768	-5.304
769	-0.229
770	0.436
771	-4.469
772	-1.361
773	-4.991
774	-2.818
775	-2.652
776	-1.732
777	-4.993
778	-2.558
779	-4.624
780	-5.585
781	-4.800
782	-4.228
783	-1.211
784	-3.764
785	-2.757
786	1.065
787	-6.180
788	-4.000
789	-4.845
790	-5.663
791	-0.944
792	-3.376
793	-4.619
794	-4.550
795	-3.853
796	-2.197
797	
798	-5.492
799	-4.605
800	-5.329
801	-1.764
802	-2.746
803	-5.866
804	-4.271
805	-1.113
806	-6.129
807	-2.457
808	-3.443
809	-5.267
810	-2.532
811	-4.543
812	-5.710
813	-4.515
814	-0.259
815	-2.799
816	-5.392
817	-2.524
818	-3.208
819	-2.705
820	-4.115
821	-1.092
822	-4.100
823	-1.276
824	-1.935
825	-5.954
826	-4.634
827	-3.998
828	-1.322
829	-4.016
830	-3.315
831	-0.622
832	-1.788
833	-3.356
834	1.280
835	-3.851
836	-3.690
837	-4.139
838	-5.746
839	-2.204
840	-5.962
841	
842	
843	
844	
845	
846	
847	
848	
849	
850	
851	-2.807
852	
853	
854	
855	
856	
857	
858	16.610
859	
860	
861	-1.585
862	-0.585
863	
864	
865	
866	-4.369
867	-5.026
868	
869	-2.119
870	-4.298
871	-1.617
872	1.553
873	-5.267
874	-5.129
875	-1.807
876	-6.366
877	-1.301
878	3.345
879	-4.874
880	-3.499
881	-5.183
882	-2.592
883	-6.392
884	-2.833
885	-5.943
886	-0.960
887	1.391
888	-5.719
889	-4.426
890	-1.095
891	-0.384
892	-4.503
893	-4.392
894	-4.209
895	-0.984
896	-3.432
897	
898	1.519
899	
900	-1.718
901	-3.928
902	0.042
903	0.340
904	-6.276
905	-2.412
906	-2.512
907	3.434
908	-4.392
909	1.194
910	0.142
911	-4.143
912	1.723
913	-3.568
914	-4.256
915	-7.022
916	2.218
917	-2.434
918	-5.931
919	-0.750
920	-5.728
921	0.926
922	-2.727
923	-0.066
924	-1.653
925	-4.797
926	-4.578
927	-3.628
928	
929	-0.184
930	-2.240
931	-1.176
932	-4.248
933	-6.044
934	0.147
935	-6.007
936	-4.511
937	-0.754
938	-4.691
939	0.863
940	-3.931
941	-3.392
942	-5.044
943	-4.080
944	-0.656
945	-4.858
946	
947	2.464
948	1.457
949	-0.404
950	0.458
951	-2.933
952	-4.369
953	-6.401
954	-4.209
955	-2.069
956	-7.358
957	-3.408
958	-4.595
959	-3.635
960	0.031
961	-1.137
962	
963	-3.459
964	
965	-4.755
966	
967	-2.496
968	
969	
970	
971	-2.807
972	
973	-3.364
974	
975	-2.000
976	
977	-4.322
978	
979	
980	
981	0.651
982	-2.322
983	16.610
984	
985	-4.954
986	0.243
987	-4.711
988	-3.728
989	
990	-3.556
991	-0.235
992	-3.376
993	-3.186
994	-2.027
995	-7.000
996	-6.539
997	-0.465
998	-4.524
999	-1.612
1000	-3.187
1001	-0.805
1002	-3.901
1003	-5.402
1004	-2.102
1005	1.390
1006	-3.977
1007	-1.584
1008	-5.384
1009	-0.278
1010	
1011	-3.347
1012	0.482
1013	-1.033
1014	-2.722
1015	-1.704
1016	1.020
1017	-3.600
1018	-1.654
1019	-1.943
1020	-2.306
1021	1.538
1022	-2.639
1023	-1.666
1024	-2.605
1025	-2.364
1026	-4.072
1027	-2.155
1028	-2.958
1029	-3.469
1030	-3.096
1031	-1.343
1032	-0.980
1033	-1.352
1034	-1.690
1035	-0.067
1036	-1.908
1037	-2.256
1038	-1.094
1039	-2.257
1040	-2.503
1041	-1.946
1042	-5.257
1043	-2.006
1044	-4.822
1045	-4.594
1046	-0.415
1047	-5.350
1048	-4.610
1049	-2.202
1050	-1.958
1051	-4.487
1052	-1.667
1053	-2.507
1054	-6.295
1055	2.693
1056	-2.442
1057	-0.562
1058	-1.780
1059	-3.611
1060	-2.819
1061	-1.180
1062	-0.816
1063	-1.833
1064	-2.219
1065	-2.301
1066	-1.910
1067	-5.098
1068	-0.259
1069	0.162
1070	-2.455
1071	-1.879
1072	-0.592
1073	-2.426
1074	-2.404
1075	-5.426
1076	-1.649
1077	-1.696
1078	0.546
1079	-1.458
1080	-3.824
1081	-1.585
1082	16.610
1083	
1084	
1085	16.610
1086	-1.322
1087	-2.807
1088	
1089	
1090	-3.700
1091	-2.807
1092	
1093	
1094	0.000
1095	
1096	
1097	
1098	
1099	
1100	
1101	-1.585
1102	
1103	
1104	
1105	-1.558
1106	-1.325
1107	-2.795
1108	-4.087
1109	-3.406
1110	-2.365
1111	-3.719
1112	0.421
1113	-4.285
1114	-3.537
1115	1.601
1116	-3.488
1117	-2.556
1118	1.978
1119	-1.810
1120	-1.931
1121	-3.027
1122	-3.148
1123	-6.159
1124	6.784
1125	-0.623
1126	-1.996
1127	
1128	0.122
1129	-1.465
1130	-0.493
1131	-2.535
1132	-2.240
1133	-1.574
1134	-2.907
1135	0.380
1136	-2.087
1137	-0.968
1138	-2.374
1139	-2.153
1140	0.469
1141	-4.392
1142	-2.552
1143	-3.431
1144	-3.367
1145	-4.750
1146	-3.632
1147	-1.371
1148	-2.524
1149	-2.196
1150	-2.776
1151	-3.385
1152	0.120
1153	-3.528
1154	-2.476
1155	-3.755
1156	-0.393
1157	-1.942
1158	2.203
1159	-1.017
1160	-3.151
1161	-0.914
1162	-2.360
1163	-0.900
1164	-3.910
1165	-1.685
1166	-0.732
1167	-1.547
1168	-2.297
1169	-2.354
1170	-4.340
1171	-1.574
1172	-1.659
1173	1.554
1174	-1.666
1175	-2.981
1176	-1.079
1177	-1.769
1178	-3.091
1179	0.647
1180	-4.306
1181	-1.062
1182	-4.487
1183	-1.533
1184	-3.392
1185	-5.513
1186	-0.512
1187	-2.288
1188	-0.338
1189	-3.954
1190	-2.035
1191	-0.915
1192	1.181
1193	-1.400
1194	1.115
1195	-3.229
1196	-0.222
1197	-1.209
1198	-1.554
1199	-3.819
1200	-1.522
1201	-3.000
1202	
1203	
1204	
1205	
1206	-3.459
1207	
1208	
1209	-3.000
1210	0.000
1211	-2.807
1212	
1213	
1214	
1215	-1.000
1216	
1217	
1218	16.610
1219	-1.585
1220	-3.000
1221	
1222	
1223	-2.322
1224	
1225	-4.503
1226	-3.459
1227	-4.087
1228	-3.129
1229	0.791
1230	-1.913
1231	-1.994
1232	-0.148
1233	0.907
1234	-2.000
1235	-1.430
1236	-6.392
1237	-4.807
1238	-4.011
1239	-0.911
1240	-2.118
1241	-4.235
1242	-5.443
1243	0.216
1244	-4.644
1245	-2.781
1246	-4.700
1247	-1.856
1248	-0.341
1249	2.232
1250	-2.536
1251	-1.929
1252	-4.119
1253	-2.390
1254	-5.304
1255	0.118
1256	-4.379
1257	2.895
1258	-3.689
1259	-3.008
1260	2.789
1261	-5.087
1262	-5.555
1263	2.688
1264	-0.619
1265	0.832
1266	0.229
1267	-2.040
1268	1.527
1269	-4.710
1270	-5.346
1271	-4.358
1272	-2.604
1273	-0.715
1274	-1.766
1275	-3.348
1276	-1.775
1277	-2.025
1278	-5.190
1279	-0.189
1280	-4.536
1281	-0.397
1282	-2.006
1283	-4.565
1284	-3.767
1285	-1.305
1286	0.785
1287	-2.373
1288	-6.411
1289	-2.785
1290	-3.788
1291	-0.125
1292	-5.267
1293	-1.702
1294	-2.037
1295	-4.053
1296	-4.027
1297	-2.306
1298	-4.082
1299	-2.854
1300	-0.022
1301	-3.230
1302	-5.027
1303	-2.281
1304	-1.670
1305	-4.710
1306	-4.732
1307	-3.577
1308	-6.160
1309	-2.596
1310	-2.239
1311	-1.448
1312	-4.129
1313	-2.202
1314	-5.815
1315	-0.515
1316	-2.458
1317	-2.429
1318	-2.506
1319	-3.076
1320	0.492
1321	-2.322
1322	
1323	
1324	-2.322
1325	-2.585
1326	
1327	
1328	
1329	-3.807
1330	-3.700
1331	-2.585
1332	
1333	
1334	
1335	
1336	
1337	-1.585
1338	-2.000
1339	
1340	16.610
1341	
1342	16.610
1343	
1344	
1345	-2.472
1346	-2.555
1347	-3.948
1348	-3.358
1349	3.038
1350	-7.170
1351	-4.406
1352	2.775
1353	-6.585
1354	-5.481
1355	-3.129
1356	0.508
1357	-6.570
1358	-4.700
1359	-4.346
1360	-2.596
1361	-0.985
1362	-4.797
1363	-2.288
1364	1.987
1365	-1.263
1366	-4.954
1367	-3.714
1368	-5.977
1369	0.551
1370	-5.755
1371	-0.528
1372	-1.442
1373	-3.532
1374	-5.714
1375	-5.470
1376	-1.793
1377	-4.392
1378	-3.328
1379	2.634
1380	-5.667
1381	-3.080
1382	-4.350
1383	0.925
1384	1.757
1385	-5.700
1386	-1.842
1387	-2.939
1388	0.735
1389	-5.524
1390	-0.712
1391	1.000
1392	-3.448
1393	-6.375
1394	-2.976
1395	-6.119
1396	-2.692
1397	2.463
1398	-0.506
1399	-4.115
1400	-2.780
1401	-1.364
1402	-2.341
1403	-5.318
1404	-0.875
1405	0.040
1406	-5.235
1407	-3.215
1408	-4.602
1409	0.131
1410	-4.373
1411	-2.513
1412	-5.285
1413	-3.961
1414	-1.376
1415	-2.375
1416	-3.066
1417	-5.194
1418	1.438
1419	2.781
1420	-2.585
1421	-5.746
1422	-0.766
1423	-4.439
1424	-1.595
1425	-1.874
1426	2.171
1427	-4.277
1428	-4.644
1429	-4.327
1430	-4.451
1431	-5.992
1432	-0.577
1433	1.801
1434	1.020
1435	-4.858
1436	-1.548
1437	-1.010
1438	-5.700
1439	-2.269
1440	-5.263
1441	-0.813
1442	
1443	
1444	
1445	-4.907
1446	-4.322
1447	-1.544
1448	
1449	
1450	
1451	-2.000
1452	
1453	-2.000
1454	
1455	-3.907
1456	-3.170
1457	-2.606
1458	
1459	
1460	
1461	-3.939
1462	
1463	
1464	
1465	-0.660
1466	-6.011
1467	-1.404
1468	-4.858
1469	-5.931
1470	-1.828
1471	-2.784
1472	-5.209
1473	-3.728
1474	-4.248
1475	-4.472
1476	-3.415
1477	-2.743
1478	-1.625
1479	1.085
1480	-2.249
1481	-3.689
1482	-1.774
1483	-1.433
1484	0.698
1485	-5.016
1486	-0.838
1487	-1.153
1488	-2.835
1489	-3.346
1490	-2.774
1491	-0.085
1492	-1.759
1493	-2.099
1494	-1.873
1495	-3.063
1496	-0.994
1497	-1.467
1498	-1.807
1499	-1.818
1500	-1.679
1501	-1.422
1502	-0.407
1503	-3.173
1504	-1.908
1505	-2.058
1506	-1.714
1507	-1.220
1508	2.074
1509	-3.511
1510	-2.807
1511	-2.042
1512	-1.524
1513	-3.268
1514	-3.817
1515	-0.582
1516	-2.772
1517	-2.932
1518	-4.291
1519	-0.703
1520	-0.829
1521	-3.331
1522	-1.922
1523	-2.436
1524	-2.745
1525	-1.978
1526	-3.684
1527	-5.534
1528	-5.082
1529	-2.126
1530	-3.737
1531	-1.460
1532	-2.855
1533	-3.773
1534	-5.739
1535	-2.678
1536	-4.877
1537	-2.977
1538	-1.694
1539	-2.545
1540	-2.365
1541	-0.956
1542	-1.265
1543	-1.438
1544	-1.354
1545	0.499
1546	-2.389
1547	-1.168
1548	-0.029
1549	-1.653
1550	-2.179
1551	-1.473
1552	-3.762
1553	-2.396
1554	-2.234
1555	-3.093
1556	-0.952
1557	-0.824
1558	-3.994
1559	-4.665
1560	-1.579
1561	-0.585
1562	-2.000
1563	0.000
1564	
1565	-2.807
1566	
1567	-2.585
1568	
1569	
1570	
1571	-3.248
1572	
1573	-3.000
1574	
1575	
1576	16.610
1577	
1578	
1579	
1580	
1581	
1582	
1583	
1584	
1585	-1.923
1586	-3.013
1587	-4.991
1588	2.114
1589	-0.169
1590	-3.157
1591	1.708
1592	2.406
1593	3.735
1594	2.044
1595	-7.022
1596	
1597	-1.559
1598	-0.871
1599	-2.190
1600	-1.687
1601	
1602	-2.173
1603	-6.731
1604	-1.498
1605	-4.848
1606	0.409
1607	1.474
1608	-0.966
1609	-2.046
1610	-1.390
1611	-3.014
1612	-0.057
1613	-3.237
1614	-1.397
1615	-0.040
1616	0.224
1617	1.860
1618	-3.939
1619	0.820
1620	-3.779
1621	1.920
1622	-3.059
1623	-2.621
1624	-2.155
1625	-1.301
1626	-2.977
1627	-1.341
1628	-1.644
1629	-1.400
1630	-2.129
1631	-3.351
1632	-0.598
1633	-0.794
1634	-1.765
1635	-3.829
1636	-2.870
1637	2.739
1638	-2.420
1639	0.857
1640	-2.512
1641	-2.732
1642	-1.736
1643	-0.497
1644	-1.989
1645	1.879
1646	-0.722
1647	-0.145
1648	-1.515
1649	-1.913
1650	-1.486
1651	-0.749
1652	-1.988
1653	-3.549
1654	-2.604
1655	-1.723
1656	-2.643
1657	1.684
1658	-2.923
1659	-1.309
1660	-4.935
1661	-1.344
1662	-1.944
1663	-0.124
1664	-3.248
1665	-4.899
1666	-6.516
1667	-5.773
1668	-4.145
1669	-3.262
1670	-2.731
1671	-2.098
1672	-0.799
1673	-4.555
1674	-3.243
1675	-1.719
1676	-1.408
1677	-1.573
1678	-4.562
1679	-3.657
1680	-1.806
1681	-2.322
1682	
1683	
1684	
1685	
1686	
1687	-2.526
1688	
1689	
1690	
1691	
1692	
1693	
1694	
1695	
1696	-2.000
1697	
1698	
1699	
1700	0.000
1701	0.000
1702	-2.807
1703	0.000
1704	
1705	-4.129
1706	-0.387
1707	-5.989
1708	-0.939
1709	-1.226
1710	-3.237
1711	-3.280
1712	-5.883
1713	-1.227
1714	-1.760
1715	-1.209
1716	-7.295
1717	-0.389
1718	-4.193
1719	-3.158
1720	-3.930
1721	1.784
1722	-4.215
1723	-0.804
1724	-0.051
1725	-1.057
1726	-4.209
1727	2.090
1728	-3.158
1729	-1.813
1730	-1.516
1731	-3.499
1732	-1.501
1733	-1.854
1734	-2.332
1735	1.696
1736	-3.322
1737	2.070
1738	-1.172
1739	-4.644
1740	2.512
1741	-4.209
1742	-2.921
1743	-3.852
1744	-0.575
1745	-1.682
1746	-1.483
1747	3.132
1748	-2.740
1749	-4.935
1750	3.957
1751	-2.760
1752	-6.329
1753	-1.915
1754	-3.968
1755	-2.191
1756	-1.997
1757	1.202
1758	0.796
1759	-2.181
1760	-3.954
1761	-1.851
1762	-0.249
1763	-5.409
1764	-3.134
1765	-4.595
1766	-4.797
1767	-2.224
1768	-3.261
1769	-4.373
1770	-1.333
1771	1.081
1772	-2.544
1773	-3.092
1774	-0.527
1775	-2.490
1776	-3.158
1777	-1.580
1778	-4.820
1779	-4.179
1780	-1.820
1781	-3.273
1782	-0.080
1783	2.083
1784	-1.410
1785	-6.077
1786	-4.907
1787	-1.550
1788	-4.346
1789	-1.700
1790	-2.443
1791	-1.657
1792	0.019
1793	-1.928
1794	-4.498
1795	-1.843
1796	-2.952
1797	-2.603
1798	-6.037
1799	-2.604
1800	-1.744
1801	
1802	
1803	
1804	-2.585
1805	-2.585
1806	
1807	1.000
1808	
1809	-4.087
1810	-1.585
1811	-1.322
1812	
1813	
1814	
1815	
1816	-2.585
1817	
1818	
1819	
1820	-2.585
1821	
1822	16.610
1823	
1824	-2.322
1825	1.902
1826	-2.597
1827	-5.066
1828	-1.491
1829	0.528
1830	-5.381
1831	-2.193
1832	-3.154
1833	-4.508
1834	2.466
1835	2.117
1836	-6.129
1837	-3.433
1838	0.178
1839	-2.592
1840	-1.739
1841	-1.315
1842	-5.334
1843	-3.072
1844	-4.943
1845	-0.565
1846	-1.715
1847	-5.157
1848	-3.212
1849	-2.170
1850	-1.081
1851	2.888
1852	3.325
1853	0.004
1854	-3.678
1855	-0.869
1856	-3.360
1857	-4.012
1858	-3.207
1859	-2.322
1860	-3.746
1861	-0.654
1862	-2.271
1863	-1.008
1864	1.849
1865	-3.676
1866	-1.623
1867	-1.853
1868	-3.075
1869	-6.728
1870	-2.788
1871	-4.565
1872	0.947
1873	-0.655
1874	-1.333
1875	1.875
1876	-2.590
1877	0.489
1878	-3.730
1879	-4.982
1880	0.985
1881	-5.196
1882	0.745
1883	-1.325
1884	-1.132
1885	-3.916
1886	-5.285
1887	1.870
1888	-0.127
1889	-1.265
1890	4.644
1891	-2.091
1892	1.124
1893	-2.979
1894	-4.797
1895	1.549
1896	-2.313
1897	-5.516
1898	-2.187
1899	-6.516
1900	-1.589
1901	-0.986
1902	-3.466
1903	-2.299
1904	2.385
1905	-4.748
1906	-4.524
1907	-2.948
1908	-2.706
1909	-2.114
1910	-2.745
1911	-2.373
1912	-4.170
1913	-3.610
1914	-5.691
1915	0.434
1916	-3.900
1917	-3.763
1918	-4.306
1919	-4.935
1920	-2.488
1921	-3.596
1922	-3.000
1923	
1924	
1925	-4.202
1926	-4.907
1927	-1.265
1928	
1929	
1930	-3.000
1931	
1932	
1933	-4.312
1934	
1935	
1936	
1937	-3.034
1938	
1939	
1940	16.610
1941	-1.013
1942	
1943	-1.000
1944	0.000
1945	-2.334
1946	-3.858
1947	-3.420
1948	-1.092
1949	2.043
1950	-2.051
1951	-3.966
1952	-2.379
1953	-3.624
1954	-4.833
1955	
1956	0.607
1957	-3.397
1958	-0.258
1959	-3.700
1960	-3.540
1961	-2.122
1962	2.234
1963	2.993
1964	-2.631
1965	-1.401
1966	-3.042
1967	-7.140
1968	-2.018
1969	-3.081
1970	-5.098
1971	-2.641
1972	1.206
1973	-1.960
1974	-0.119
1975	-0.975
1976	-3.419
1977	-1.271
1978	-1.058
1979	-1.080
1980	-0.896
1981	-1.262
1982	-3.527
1983	-1.785
1984	-2.152
1985	-0.927
1986	-2.190
1987	-1.009
1988	-0.424
1989	-4.426
1990	-2.063
1991	1.660
1992	-2.943
1993	-1.940
1994	-2.048
1995	-4.776
1996	-2.749
1997	-2.128
1998	-3.585
1999	-3.328
2000	-2.716
2001	-1.829
2002	-2.348
2003	1.329
2004	-2.641
2005	-5.426
2006	-3.013
2007	-6.492
2008	-2.557
2009	0.009
2010	-2.315
2011	-1.799
2012	-0.003
2013	-2.206
2014	-1.786
2015	-0.608
2016	-1.687
2017	-1.872
2018	-0.778
2019	-3.807
2020	-3.172
2021	-2.578
2022	-3.916
2023	1.202
2024	-1.412
2025	0.643
2026	-3.059
2027	-1.740
2028	-2.491
2029	-2.385
2030	-4.662
2031	-2.285
2032	-1.158
2033	1.498
2034	-1.954
2035	-2.092
2036	1.612
2037	-1.544
2038	-2.496
2039	-3.982
2040	-1.941
2041	
2042	
2043	
2044	
2045	-3.000
2046	-2.807
2047	
2048	
2049	-3.322
2050	
2051	-3.322
2052	
2053	
2054	
2055	-2.322
2056	
2057	
2058	
2059	-2.322
2060	
2061	
2062	
2063	
2064	0.000
2065	-1.899
2066	1.325
2067	-2.129
2068	-1.713
2069	-2.531
2070	-1.947
2071	-5.000
2072	-1.713
2073	-3.108
2074	0.252
2075	-1.272
2076	-4.293
2077	-0.992
2078	-2.733
2079	-1.857
2080	-3.794
2081	-1.918
2082	-2.890
2083	-2.191
2084	-4.478
2085	-1.775
2086	1.939
2087	-0.182
2088	-4.157
2089	-3.082
2090	-4.451
2091	-2.347
2092	-1.869
2093	-2.546
2094	-2.376
2095	-0.387
2096	-3.021
2097	-5.033
2098	-4.430
2099	-0.801
2100	-2.841
2101	-3.421
2102	-4.747
2103	-0.559
2104	-2.579
2105	-3.110
2106	-2.029
2107	-3.152
2108	-2.710
2109	-2.873
2110	-1.389
2111	-3.083
2112	-0.949
2113	-4.644
2114	-2.047
2115	-2.200
2116	-1.972
2117	-2.573
2118	-2.561
2119	-2.373
2120	-4.095
2121	-1.549
2122	-2.813
2123	0.171
2124	-3.259
2125	-1.488
2126	-4.800
2127	-1.032
2128	-1.426
2129	-2.276
2130	-2.987
2131	-1.964
2132	-1.567
2133	-1.966
2134	-2.414
2135	-3.352
2136	-1.806
2137	-1.787
2138	-2.156
2139	-1.749
2140	-2.028
2141	-1.357
2142	-3.191
2143	-4.644
2144	-2.249
2145	-4.342
2146	-1.283
2147	-4.858
2148	1.109
2149	-2.735
2150	-7.607
2151	-6.295
2152	-6.109
2153	-0.951
2154	-3.380
2155	-1.667
2156	-1.721
2157	-2.513
2158	-3.844
2159	-3.285
2160	-1.719
2161	
2162	
2163	
2164	0.000
2165	-3.322
2166	-4.392
2167	-0.809
2168	
2169	
2170	
2171	
2172	
2173	
2174	
2175	-1.585
2176	0.000
2177	
2178	-2.000
2179	
2180	-2.000
2181	16.610
2182	
2183	
2184	
2185	-1.453
2186	-3.833
2187	-1.167
2188	-1.392
2189	-3.143
2190	-4.931
2191	-1.375
2192	-6.190
2193	-2.550
2194	-3.722
2195	1.979
2196	-6.426
2197	-2.153
2198	-3.358
2199	-0.440
2200	2.329
2201	-3.356
2202	-4.170
2203	-1.565
2204	-1.809
2205	-3.459
2206	-3.565
2207	-4.807
2208	0.520
2209	-2.132
2210	-2.028
2211	-1.787
2212	-1.951
2213	-2.533
2214	-6.190
2215	-4.037
2216	-3.639
2217	-2.794
2218	-2.709
2219	-3.686
2220	-1.415
2221	-1.378
2222	-6.022
2223	-2.349
2224	-2.685
2225	-1.512
2226	-2.666
2227	-2.751
2228	-3.404
2229	-1.330
2230	-1.171
2231	-2.784
2232	-2.230
2233	-4.644
2234	1.373
2235	-2.862
2236	-2.497
2237	-1.590
2238	-2.072
2239	-2.750
2240	-3.543
2241	-2.436
2242	-2.020
2243	-5.544
2244	-3.967
2245	-6.033
2246	-1.483
2247	-2.681
2248	-2.638
2249	-3.470
2250	-1.970
2251	-3.692
2252	0.039
2253	-5.719
2254	-1.745
2255	-2.066
2256	-2.552
2257	-3.317
2258	-2.217
2259	-2.396
2260	-2.112
2261	-3.855
2262	0.140
2263	-0.095
2264	-3.279
2265	-1.919
2266	-1.845
2267	-5.966
2268	-6.644
2269	-1.579
2270	-3.322
2271	-2.407
2272	-1.837
2273	-1.408
2274	-4.170
2275	-2.501
2276	-0.867
2277	-2.756
2278	-4.694
2279	-3.322
2280	-2.264
2281	0.000
2282	
2283	
2284	-1.000
2285	
2286	
2287	-1.585
2288	
2289	
2290	
2291	-2.000
2292	
2293	
2294	
2295	
2296	
2297	
2298	-1.585
2299	
2300	
2301	
2302	
2303	
2304	
2305	-1.445
2306	-1.104
2307	-0.940
2308	-1.281
2309	-2.112
2310	3.283
2311	
2312	-2.243
2313	-3.954
2314	-4.055
2315	-3.970
2316	-4.446
2317	-2.834
2318	-1.975
2319	-5.605
2320	-3.128
2321	-1.661
2322	-2.976
2323	-2.282
2324	-4.066
2325	-5.273
2326	-1.984
2327	-1.100
2328	1.689
2329	-0.790
2330	-0.100
2331	-1.465
2332	-3.382
2333	-2.917
2334	-0.170
2335	1.933
2336	-1.885
2337	-2.442
2338	-2.609
2339	-2.917
2340	-3.850
2341	-2.163
2342	-2.623
2343	-2.132
2344	-2.016
2345	-4.768
2346	-2.486
2347	-2.969
2348	-3.778
2349	-1.370
2350	-3.432
2351	-2.908
2352	-2.988
2353	-4.700
2354	-7.087
2355	-5.200
2356	-3.478
2357	-5.790
2358	-4.891
2359	-4.408
2360	-3.227
2361	-6.285
2362	-3.433
2363	-3.344
2364	-0.518
2365	-5.883
2366	-0.658
2367	-3.104
2368	-1.085
2369	-1.552
2370	-6.267
2371	-2.918
2372	-0.678
2373	-4.888
2374	-3.992
2375	-3.146
2376	-3.257
2377	0.787
2378	-7.577
2379	0.969
2380	1.003
2381	-5.129
2382	0.527
2383	-2.248
2384	-1.457
2385	0.153
2386	-0.813
2387	-2.826
2388	-1.918
2389	-2.446
2390	-2.163
2391	-3.459
2392	-3.617
2393	-2.986
2394	-4.827
2395	0.041
2396	-2.195
2397	-2.405
2398	-4.074
2399	-4.866
2400	-2.031
2401	-2.696
2402	
2403	
2404	
2405	-3.199
2406	-5.492
2407	-1.626
2408	
2409	-3.807
2410	
2411	-3.170
2412	
2413	-3.865
2414	
2415	-2.000
2416	
2417	-2.911
2418	
2419	-4.870
2420	
2421	-1.988
2422	
2423	
2424	-1.222
2425	-3.798
2426	-4.700
2427	-2.233
2428	-1.888
2429	-3.569
2430	-3.657
2431	-2.251
2432	-1.418
2433	-2.069
2434	-1.899
2435	-4.678
2436	1.179
2437	0.861
2438	-1.564
2439	-2.556
2440	-1.902
2441	-1.941
2442	-2.621
2443	-3.880
2444	-0.750
2445	-1.500
2446	-4.180
2447	1.085
2448	-1.851
2449	-3.844
2450	-4.555
2451	-2.568
2452	2.572
2453	0.165
2454	-1.488
2455	-1.202
2456	2.091
2457	-0.445
2458	0.047
2459	0.184
2460	-1.665
2461	-1.587
2462	-3.068
2463	-2.995
2464	-4.505
2465	-1.902
2466	-0.867
2467	4.181
2468	-4.700
2469	2.067
2470	-1.299
2471	-1.106
2472	-3.945
2473	-1.481
2474	-5.052
2475	-3.907
2476	0.617
2477	-4.008
2478	-3.245
2479	-1.549
2480	-2.845
2481	-2.778
2482	2.257
2483	-2.566
2484	-1.673
2485	-2.785
2486	-2.718
2487	2.345
2488	-3.970
2489	-2.508
2490	-2.180
2491	-0.796
2492	-5.136
2493	-1.379
2494	-5.629
2495	-0.086
2496	-2.722
2497	-0.172
2498	-2.450
2499	-5.644
2500	-3.839
2501	-3.784
2502	-0.939
2503	-1.818
2504	-2.054
2505	-2.747
2506	2.463
2507	-3.794
2508	-2.979
2509	-4.889
2510	-2.611
2511	-0.771
2512	-2.442
2513	-2.705
2514	-1.559
2515	-2.491
2516	-1.580
2517	-1.888
2518	-2.781
2519	-3.428
2520	-0.790
2521	
2522	
2523	
2524	
2525	-3.170
2526	-2.000
2527	-2.585
2528	
2529	-4.524
2530	-3.322
2531	-1.807
2532	
2533	0.394
2534	
2535	
2536	
2537	-2.322
2538	
2539	-2.170
2540	-2.807
2541	
2542	
2543	
2544	
2545	1.232
2546	-6.022
2547	
2548	-4.977
2549	-5.298
2550	-1.017
2551	-4.883
2552	6.358
2553	-2.868
2554	-1.923
2555	-4.375
2556	1.564
2557	-1.795
2558	-2.511
2559	-1.766
2560	-5.503
2561	-3.304
2562	0.797
2563	2.538
2564	-1.591
2565	-0.140
2566	-4.353
2567	-1.627
2568	-1.202
2569	-3.188
2570	-2.129
2571	-2.612
2572	-3.293
2573	-3.099
2574	-1.962
2575	-0.413
2576	-1.070
2577	2.035
2578	-2.491
2579	-1.168
2580	-5.310
2581	1.596
2582	-1.528
2583	0.987
2584	-0.886
2585	-0.677
2586	-1.522
2587	-0.221
2588	-4.723
2589	-3.248
2590	-1.723
2591	-3.008
2592	-1.276
2593	-4.796
2594	-2.940
2595	-1.680
2596	-3.197
2597	-2.969
2598	0.819
2599	-4.007
2600	0.757
2601	-0.770
2602	-3.768
2603	-1.543
2604	-3.836
2605	-1.800
2606	-2.464
2607	-5.714
2608	-1.513
2609	-2.245
2610	-2.461
2611	-2.109
2612	-5.183
2613	2.580
2614	-0.582
2615	-2.958
2616	-3.047
2617	-5.687
2618	-1.489
2619	-1.422
2620	-0.303
2621	-1.627
2622	-2.682
2623	-2.194
2624	-3.984
2625	1.126
2626	-3.027
2627	-3.500
2628	-2.981
2629	-4.279
2630	-4.049
2631	-4.655
2632	-1.839
2633	-3.082
2634	-4.361
2635	-2.545
2636	-2.780
2637	-2.032
2638	-3.827
2639	-4.987
2640	-2.630
2641	
2642	
2643	16.610
2644	-1.000
2645	
2646	
2647	-4.213
2648	0.000
2649	
2650	0.000
2651	
2652	
2653	0.000
2654	-1.000
2655	
2656	-1.585
2657	16.610
2658	
2659	0.000
2660	
2661	0.000
2662	
2663	0.000
2664	
2665	
2666	0.271
2667	
2668	0.000
2669	-1.000
2670	
2671	
2672	
2673	
2674	
2675	
2676	
2677	16.610
2678	-1.000
2679	-1.585
2680	
2681	
2682	
2683	-1.000
2684	
2685	
2686	
2687	
2688	16.610
2689	-2.000
2690	
2691	0.000
2692	
2693	
2694	
2695	0.000
2696	
2697	
2698	16.610
2699	
2700	
2701	
2702	-2.000
2703	
2704	
2705	-1.000
2706	
2707	
2708	
2709	
2710	
2711	-2.000
2712	
2713	-7.679
2714	-1.000
2715	-1.000
2716	16.610
2717	
2718	0.000
2719	
2720	
2721	
2722	0.807
2723	-5.665
2724	-1.585
2725	-5.700
2726	
2727	
2728	16.610
2729	
2730	
2731	-2.361
2732	
2733	
2734	-2.807
2735	16.610
2736	
2737	-1.000
2738	
2739	
2740	-1.000
2741	-1.649
2742	-1.193
2743	
2744	
2745	0.000
2746	16.610
2747	
2748	-0.823
2749	
2750	-2.941
2751	-0.585
2752	-1.000
2753	
2754	
2755	
2756	16.610
2757	
2758	
2759	
2760	-3.681
2761	
2762	
2763	
2764	
2765	-3.807
2766	-2.322
2767	-2.000
2768	
2769	-3.755
2770	
2771	-3.459
2772	
2773	-0.585
2774	
2775	
2776	
2777	-0.585
2778	
2779	-2.585
2780	-3.170
2781	1.000
2782	
2783	-2.322
2784	
2785	-0.985
2786	-4.313
2787	-1.820
2788	-0.571
2789	-1.376
2790	-1.994
2791	1.929
2792	0.437
2793	-3.916
2794	2.291
2795	0.455
2796	-3.395
2797	1.073
2798	-4.110
2799	0.828
2800	-1.408
2801	-1.282
2802	-4.926
2803	-1.462
2804	-2.287
2805	-1.670
2806	-4.160
2807	-1.344
2808	-3.441
2809	-5.392
2810	-1.977
2811	-0.729
2812	-0.300
2813	-3.428
2814	-4.506
2815	-1.071
2816	-4.426
2817	-3.054
2818	1.097
2819	-0.409
2820	-3.469
2821	-2.096
2822	-1.021
2823	-3.110
2824	-2.322
2825	1.344
2826	-0.027
2827	-2.089
2828	-5.209
2829	0.922
2830	-2.412
2831	-2.522
2832	-1.886
2833	-4.973
2834	2.393
2835	1.808
2836	-1.680
2837	3.670
2838	-1.965
2839	-0.320
2840	-3.053
2841	-5.044
2842	1.743
2843	-4.567
2844	0.570
2845	3.260
2846	-2.971
2847	-3.443
2848	-0.169
2849	-4.271
2850	-4.398
2851	0.696
2852	0.147
2853	-1.446
2854	-0.620
2855	0.082
2856	-2.383
2857	-2.514
2858	-3.931
2859	-4.483
2860	-2.234
2861	-6.426
2862	-3.722
2863	-2.796
2864	-4.732
2865	-3.591
2866	-0.144
2867	-2.122
2868	-0.989
2869	-2.158
2870	-0.560
2871	-0.098
2872	-4.187
2873	3.067
2874	-2.572
2875	0.412
2876	-1.504
2877	-2.663
2878	-3.833
2879	0.088
2880	0.064
2881	-3.878
2882	
2883	
2884	
2885	-2.170
2886	
2887	-2.420
2888	
2889	
2890	-2.000
2891	-1.000
2892	
2893	-2.277
2894	
2895	
2896	
2897	-2.252
2898	
2899	-2.807
2900	-2.322
2901	-4.235
2902	-3.322
2903	
2904	
2905	1.027
2906	-3.503
2907	-2.729
2908	-2.956
2909	-5.883
2910	-2.233
2911	-2.039
2912	-1.440
2913	-5.196
2914	1.810
2915	-1.868
2916	-4.870
2917	-2.368
2918	-0.830
2919	-4.648
2920	-2.023
2921	-2.675
2922	-1.582
2923	-3.710
2924	-2.626
2925	-1.576
2926	-4.667
2927	-4.737
2928	-1.694
2929	-1.076
2930	-2.443
2931	-2.401
2932	-0.779
2933	-2.386
2934	-1.573
2935	-1.541
2936	-0.942
2937	-1.242
2938	-1.367
2939	2.545
2940	-1.821
2941	-1.601
2942	-2.846
2943	-3.230
2944	-2.782
2945	-3.553
2946	-2.536
2947	-1.459
2948	-0.499
2949	1.116
2950	-4.160
2951	-2.518
2952	-2.248
2953	1.396
2954	-2.764
2955	-1.400
2956	-3.017
2957	-2.609
2958	-1.005
2959	-2.719
2960	-1.272
2961	-1.311
2962	-2.248
2963	-0.669
2964	-0.772
2965	-2.678
2966	-2.090
2967	-4.977
2968	-2.568
2969	-2.173
2970	0.148
2971	-3.490
2972	-2.065
2973	-1.567
2974	-4.721
2975	-2.572
2976	-3.377
2977	-2.394
2978	-1.870
2979	-2.613
2980	-0.302
2981	-2.494
2982	-4.235
2983	-1.849
2984	-2.452
2985	-1.824
2986	0.202
2987	-4.391
2988	-1.652
2989	-5.632
2990	-2.641
2991	-3.567
2992	-2.399
2993	-1.850
2994	-2.188
2995	-2.799
2996	-2.124
2997	-1.739
2998	-1.254
2999	-1.309
3000	-1.770
3001	
3002	
3003	
3004	-2.000
3005	
3006	
3007	-3.322
3008	
3009	-5.119
3010	
3011	-2.475
3012	
3013	
3014	
3015	
3016	
3017	-3.700
3018	
3019	
3020	-3.907
3021	
3022	
3023	-3.000
3024	
3025	1.402
3026	-0.879
3027	-5.038
3028	-3.576
3029	0.608
3030	-1.568
3031	-1.497
3032	0.819
3033	-1.905
3034	0.343
3035	-1.310
3036	-5.055
3037	-1.610
3038	-0.591
3039	-2.783
3040	-6.585
3041	-2.296
3042	-3.793
3043	-6.203
3044	-2.754
3045	-1.067
3046	-4.157
3047	-4.692
3048	-3.676
3049	-2.731
3050	-4.850
3051	-2.406
3052	-5.216
3053	-1.603
3054	-4.095
3055	0.046
3056	-4.145
3057	-4.689
3058	-5.737
3059	-2.128
3060	-5.222
3061	-2.943
3062	-3.985
3063	-0.917
3064	-2.827
3065	-2.424
3066	-1.871
3067	-3.907
3068	-1.501
3069	-1.646
3070	-4.541
3071	-2.497
3072	-4.180
3073	-2.246
3074	-3.241
3075	-4.650
3076	-2.488
3077	-1.334
3078	-0.570
3079	0.343
3080	-3.399
3081	-2.364
3082	-5.728
3083	-1.304
3084	-3.296
3085	-4.864
3086	-2.144
3087	-5.542
3088	-1.619
3089	-3.346
3090	-7.022
3091	-0.562
3092	-3.359
3093	-1.635
3094	-2.323
3095	-0.391
3096	-2.497
3097	-1.917
3098	-5.459
3099	-2.227
3100	-5.233
3101	-3.079
3102	-5.899
3103	-5.177
3104	0.866
3105	-0.375
3106	-0.401
3107	-5.300
3108	-2.510
3109	-5.883
3110	-3.886
3111	-2.842
3112	-1.879
3113	-0.892
3114	-5.824
3115	-4.761
3116	-1.291
3117	-2.103
3118	-4.657
3119	-1.704
3120	-2.597
3121	-2.807
3122	
3123	-3.322
3124	-3.322
3125	-3.807
3126	
3127	
3128	
3129	-2.807
3130	
3131	
3132	
3133	
3134	-2.000
3135	
3136	-2.459
3137	
3138	-3.170
3139	
3140	-1.585
3141	-1.807
3142	-4.087
3143	
3144	
3145	-2.865
3146	-0.640
3147	-2.538
3148	-0.441
3149	1.872
3150	-4.369
3151	-1.228
3152	-3.963
3153	-3.613
3154	-3.415
3155	-2.208
3156	1.152
3157	-0.753
3158	-1.363
3159	-4.222
3160	-6.524
3161	1.809
3162	-3.819
3163	-1.159
3164	-5.070
3165	-4.897
3166	-2.057
3167	-3.202
3168	-1.418
3169	-4.977
3170	1.042
3171	-3.590
3172	-1.842
3173	-2.935
3174	-1.333
3175	-3.494
3176	-1.215
3177	-0.982
3178	-3.475
3179	-2.208
3180	1.490
3181	-3.301
3182	-2.400
3183	-2.049
3184	1.387
3185	-1.545
3186	-3.007
3187	-2.952
3188	-3.804
3189	0.211
3190	-1.408
3191	-1.526
3192	-2.108
3193	-4.072
3194	-3.082
3195	-1.680
3196	-3.394
3197	0.201
3198	-3.854
3199	-6.007
3200	-4.056
3201	-1.714
3202	-2.268
3203	-4.551
3204	-0.655
3205	-3.079
3206	-3.744
3207	-1.361
3208	-1.284
3209	16.610
3210	-0.862
3211	-3.282
3212	-5.271
3213	-4.537
3214	-1.153
3215	-1.651
3216	-0.648
3217	-2.002
3218	-3.290
3219	-3.566
3220	-5.385
3221	-3.840
3222	-3.178
3223	-2.531
3224	-2.798
3225	-3.790
3226	-0.675
3227	-1.341
3228	-2.092
3229	-2.053
3230	0.205
3231	-2.054
3232	-3.831
3233	-2.389
3234	-3.454
3235	-2.482
3236	-2.322
3237	-0.772
3238	-4.807
3239	-2.880
3240	-1.671
3241	
3242	
3243	
3244	
3245	
3246	-3.170
3247	
3248	
3249	-2.973
3250	
3251	
3252	
3253	
3254	-2.807
3255	
3256	
3257	
3258	
3259	
3260	
3261	
3262	
3263	
3264	
3265	-4.585
3266	-5.565
3267	-3.048
3268	-4.916
3269	-5.985
3270	-5.500
3271	-3.935
3272	1.301
3273	-1.300
3274	0.782
3275	-0.892
3276	-6.451
3277	0.653
3278	-3.073
3279	-2.172
3280	-4.148
3281	-3.018
3282	-3.191
3283	-4.539
3284	-2.447
3285	1.268
3286	0.600
3287	-4.787
3288	-1.341
3289	-4.300
3290	-1.760
3291	-1.361
3292	-2.943
3293	-2.745
3294	-1.615
3295	-2.214
3296	-0.886
3297	-5.104
3298	1.917
3299	-5.209
3300	1.653
3301	-3.144
3302	-1.849
3303	-2.280
3304	-1.257
3305	-2.101
3306	-3.688
3307	-5.183
3308	-3.392
3309	-3.676
3310	-1.309
3311	-4.079
3312	-2.878
3313	-2.970
3314	-0.079
3315	-1.171
3316	1.037
3317	-5.954
3318	-0.649
3319	-4.328
3320	0.419
3321	-6.267
3322	0.242
3323	-1.203
3324	-1.178
3325	-1.563
3326	-5.122
3327	1.590
3328	-3.426
3329	1.368
3330	0.311
3331	-3.526
3332	-3.426
3333	-7.762
3334	2.357
3335	-5.883
3336	0.071
3337	-0.850
3338	-3.390
3339	-0.856
3340	-2.248
3341	0.076
3342	-3.943
3343	-0.307
3344	-0.258
3345	-5.006
3346	0.369
3347	-3.602
3348	-2.836
3349	-1.745
3350	-1.540
3351	-5.913
3352	-4.087
3353	1.474
3354	-4.745
3355	0.896
3356	-1.856
3357	-5.807
3358	-1.948
3359	-3.579
3360	0.567
3361	-2.103
3362	-2.322
3363	
3364	
3365	-3.000
3366	
3367	-2.017
3368	
3369	
3370	
3371	-3.322
3372	
3373	-3.314
3374	
3375	
3376	
3377	-2.505
3378	
3379	-3.322
3380	
3381	-2.156
3382	
3383	
3384	
3385	-2.074
3386	-2.158
3387	-2.697
3388	-6.044
3389	-1.114
3390	-4.781
3391	0.573
3392	-4.285
3393	-0.965
3394	-5.087
3395	
3396	-1.446
3397	-4.402
3398	-1.923
3399	-1.347
3400	-1.365
3401	-3.652
3402	-0.860
3403	-2.154
3404	-2.941
3405	-3.415
3406	-3.918
3407	-4.692
3408	-4.568
3409	-1.476
3410	-2.657
3411	1.683
3412	-0.601
3413	-2.168
3414	-2.050
3415	-2.007
3416	-0.487
3417	-2.588
3418	-1.633
3419	-1.755
3420	-1.805
3421	-1.711
3422	-2.505
3423	-1.549
3424	-2.202
3425	-2.034
3426	-1.952
3427	-1.198
3428	-2.306
3429	-2.507
3430	-3.149
3431	-2.312
3432	-1.966
3433	-1.394
3434	-2.972
3435	-4.113
3436	-4.225
3437	-1.806
3438	-2.161
3439	-4.036
3440	-2.660
3441	-3.337
3442	-4.375
3443	-3.222
3444	-2.524
3445	-0.647
3446	-1.742
3447	-4.515
3448	-1.275
3449	-2.221
3450	-1.946
3451	-5.002
3452	-1.684
3453	-2.193
3454	-4.143
3455	-2.899
3456	-2.665
3457	-0.617
3458	-3.814
3459	-1.438
3460	-0.369
3461	-1.290
3462	-2.493
3463	-6.476
3464	-2.359
3465	-0.775
3466	-2.547
3467	-5.285
3468	-2.060
3469	-2.866
3470	-2.888
3471	-2.157
3472	-2.222
3473	-2.892
3474	-1.113
3475	0.873
3476	0.785
3477	-3.190
3478	-2.183
3479	-1.935
3480	-1.635
3481	-2.807
3482	
3483	
3484	-3.585
3485	-1.807
3486	
3487	
3488	
3489	
3490	-5.700
3491	-3.585
3492	
3493	
3494	
3495	
3496	
3497	-3.459
3498	-3.459
3499	-3.459
3500	
3501	
3502	
3503	1.000
3504	
3505	-3.451
3506	-4.735
3507	-0.023
3508	-4.807
3509	1.117
3510	-1.538
3511	0.275
3512	-0.697
3513	-2.833
3514	-2.966
3515	0.825
3516	-4.781
3517	-1.997
3518	-2.030
3519	-0.856
3520	-1.861
3521	-2.845
3522	-2.434
3523	-6.667
3524	-2.842
3525	-2.199
3526	-1.928
3527	0.995
3528	-4.406
3529	-0.906
3530	0.286
3531	-2.176
3532	-1.645
3533	-1.828
3534	-3.549
3535	1.527
3536	-4.926
3537	-3.459
3538	-5.190
3539	-1.918
3540	-6.209
3541	-4.592
3542	-3.594
3543	-3.047
3544	-3.387
3545	-2.066
3546	-1.384
3547	-2.111
3548	-2.472
3549	-1.553
3550	-1.214
3551	-4.021
3552	-2.463
3553	-2.181
3554	-3.705
3555	-3.568
3556	-0.912
3557	-1.264
3558	-5.256
3559	-1.269
3560	-2.501
3561	-1.703
3562	-1.704
3563	-1.567
3564	-0.914
3565	-3.414
3566	-2.488
3567	-2.850
3568	-3.136
3569	-2.814
3570	-1.091
3571	-2.156
3572	-2.871
3573	-5.533
3574	-2.995
3575	-1.543
3576	-1.233
3577	-1.782
3578	-2.134
3579	-2.214
3580	-1.624
3581	-2.110
3582	-4.310
3583	-5.665
3584	-2.433
3585	-4.000
3586	-0.584
3587	-4.415
3588	-3.057
3589	-4.465
3590	-5.547
3591	-3.907
3592	-1.564
3593	-2.787
3594	-2.114
3595	-2.151
3596	-4.044
3597	-6.087
3598	-3.000
3599	-1.389
3600	-2.455
3601	
3602	-3.170
3603	
3604	
3605	
3606	
3607	-3.000
3608	
3609	-4.248
3610	-1.222
3611	
3612	
3613	-3.322
3614	
3615	-3.170
3616	
3617	
3618	
3619	
3620	
3621	
3622	
3623	
3624	
3625	
3626	-2.350
3627	
3628	-2.026
3629	-1.959
3630	-3.931
3631	-1.912
3632	-5.358
3633	-6.033
3634	0.837
3635	-6.570
3636	-1.750
3637	-1.910
3638	-1.770
3639	0.079
3640	-3.415
3641	-1.658
3642	-0.144
3643	-1.758
3644	-0.482
3645	-2.174
3646	-3.518
3647	-2.126
3648	-4.919
3649	-0.240
3650	-0.013
3651	-2.874
3652	-1.655
3653	-2.579
3654	-1.671
3655	-2.430
3656	-1.830
3657	-2.646
3658	-2.066
3659	-3.322
3660	-5.129
3661	-2.845
3662	-1.706
3663	-1.356
3664	-2.768
3665	-2.193
3666	0.567
3667	-3.970
3668	-1.712
3669	-6.000
3670	-3.767
3671	-1.847
3672	-1.868
3673	-4.209
3674	-3.451
3675	-1.261
3676	-2.259
3677	-2.000
3678	-4.346
3679	-3.152
3680	-4.913
3681	-1.741
3682	-2.015
3683	-5.651
3684	-2.841
3685	-1.083
3686	-4.841
3687	-1.966
3688	-2.400
3689	-5.874
3690	-1.606
3691	-2.588
3692	-3.529
3693	-3.277
3694	-1.420
3695	-2.850
3696	-3.740
3697	-1.804
3698	-4.203
3699	-2.970
3700	-3.992
3701	-1.170
3702	-2.125
3703	-1.392
3704	-2.092
3705	-5.026
3706	-2.821
3707	-2.761
3708	-1.415
3709	-2.178
3710	-0.881
3711	-0.845
3712	-1.055
3713	-2.224
3714	0.054
3715	-3.245
3716	-2.418
3717	-2.290
3718	-3.888
3719	-2.703
3720	-5.561
3721	
3722	
3723	
3724	
3725	
3726	-3.322
3727	-2.322
3728	
3729	-4.954
3730	
3731	
3732	
3733	-3.170
3734	
3735	-2.807
3736	
3737	0.000
3738	
3739	
3740	-1.807
3741	
3742	
3743	
3744	
3745	-5.634
3746	-2.690
3747	-3.065
3748	
3749	-1.517
3750	-3.369
3751	-0.771
3752	1.204
3753	-7.170
3754	-4.448
3755	0.085
3756	-5.062
3757	-2.056
3758	2.125
3759	-3.605
3760	-2.450
3761	-4.667
3762	-1.847
3763	-6.564
3764	-1.682
3765	-4.595
3766	-1.242
3767	1.171
3768	-4.508
3769	-1.904
3770	-0.924
3771	-1.168
3772	-2.637
3773	-2.206
3774	-2.684
3775	-2.031
3776	-2.486
3777	-4.392
3778	1.280
3779	-6.322
3780	-1.609
3781	-0.698
3782	0.202
3783	-0.564
3784	-4.592
3785	-2.075
3786	-1.774
3787	1.311
3788	-3.314
3789	1.173
3790	-0.846
3791	-4.850
3792	0.111
3793	-2.372
3794	-5.267
3795	-5.629
3796	2.091
3797	-1.424
3798	-6.044
3799	-0.986
3800	-4.342
3801	0.688
3802	-1.821
3803	-0.780
3804	-1.280
3805	-4.256
3806	-3.881
3807	-3.271
3808	-3.040
3809	0.213
3810	-1.166
3811	0.084
3812	-2.848
3813	-5.018
3814	-1.248
3815	-5.375
3816	-2.644
3817	-0.804
3818	-4.365
3819	0.354
3820	-3.240
3821	-2.358
3822	-2.723
3823	-3.722
3824	-1.215
3825	-5.384
3826	-6.687
3827	1.826
3828	1.016
3829	-0.872
3830	-0.887
3831	-1.468
3832	-3.163
3833	-4.992
3834	-2.949
3835	-1.802
3836	-6.755
3837	-2.720
3838	-3.367
3839	-2.888
3840	-0.853
3841	-0.933
3842	
3843	-2.459
3844	-3.322
3845	-4.073
3846	
3847	-2.684
3848	
3849	-3.907
3850	-3.000
3851	
3852	
3853	-2.671
3854	
3855	-3.907
3856	-3.585
3857	-4.354
3858	
3859	
3860	
3861	1.118
3862	
3863	
3864	
3865	-4.820
3866	-0.710
3867	-3.871
3868	-2.881
3869	-5.443
3870	-3.093
3871	-0.276
3872	-4.700
3873	-4.015
3874	-2.281
3875	-4.102
3876	-3.650
3877	0.478
3878	-3.850
3879	-1.474
3880	-2.331
3881	-2.036
3882	-4.216
3883	-4.677
3884	-2.140
3885	1.569
3886	-6.600
3887	-1.670
3888	-4.710
3889	0.621
3890	-3.710
3891	-1.621
3892	0.716
3893	-1.223
3894	-2.737
3895	-1.787
3896	0.942
3897	-3.758
3898	-1.788
3899	-1.542
3900	-2.110
3901	2.560
3902	-2.554
3903	-1.718
3904	-2.697
3905	-2.937
3906	-5.257
3907	-2.377
3908	-2.700
3909	-2.793
3910	-2.945
3911	-1.659
3912	-0.868
3913	-1.038
3914	-2.298
3915	0.012
3916	-2.158
3917	-2.401
3918	-1.764
3919	-2.250
3920	-3.167
3921	-2.441
3922	-4.300
3923	-1.623
3924	-4.106
3925	-5.304
3926	-0.692
3927	-5.109
3928	-4.687
3929	-2.158
3930	-2.498
3931	-3.348
3932	-1.599
3933	-2.467
3934	-5.644
3935	2.701
3936	-2.877
3937	-0.507
3938	-1.707
3939	-4.018
3940	-3.193
3941	-1.665
3942	0.400
3943	-1.725
3944	-2.109
3945	-2.134
3946	-1.781
3947	-4.415
3948	0.217
3949	1.626
3950	-2.066
3951	-2.351
3952	-0.626
3953	-3.209
3954	-2.205
3955	-4.818
3956	-1.815
3957	-2.056
3958	-0.226
3959	-1.605
3960	-3.041
3961	
3962	
3963	
3964	-2.585
3965	-2.807
3966	
3967	0.000
3968	
3969	
3970	-4.248
3971	-3.170
3972	
3973	
3974	
3975	
3976	
3977	
3978	
3979	
3980	
3981	
3982	
3983	
3984	
3985	-2.265
3986	-1.789
3987	-2.957
3988	-3.737
3989	-3.948
3990	-2.846
3991	-3.313
3992	0.188
3993	-5.273
3994	-3.004
3995	2.639
3996	-3.239
3997	-4.087
3998	-2.822
3999	-1.663
4000	-1.978
4001	-4.973
4002	-3.347
4003	-6.140
4004	6.320
4005	0.630
4006	-0.724
4007	-4.503
4008	0.093
4009	-0.958
4010	0.339
4011	-2.120
4012	-2.013
4013	-1.974
4014	-3.487
4015	-0.255
4016	-2.358
4017	0.750
4018	0.570
4019	-2.821
4020	1.393
4021	-2.407
4022	-2.396
4023	-2.524
4024	-3.626
4025	-6.104
4026	-4.797
4027	-1.281
4028	-3.493
4029	-2.319
4030	-2.553
4031	-3.267
4032	-0.719
4033	-3.799
4034	-2.845
4035	-3.245
4036	-0.925
4037	-2.263
4038	1.340
4039	-1.585
4040	-4.034
4041	-2.740
4042	-1.866
4043	-0.578
4044	-3.858
4045	-2.517
4046	-1.445
4047	-3.103
4048	-2.405
4049	-1.993
4050	-3.644
4051	-1.670
4052	-1.945
4053	1.702
4054	-1.690
4055	-2.374
4056	-1.919
4057	-1.131
4058	-2.528
4059	0.519
4060	-2.811
4061	-1.244
4062	-4.907
4063	-1.960
4064	-3.198
4065	-4.858
4066	0.044
4067	-2.064
4068	-0.133
4069	-3.796
4070	-2.175
4071	-1.049
4072	0.833
4073	-1.965
4074	0.682
4075	-2.572
4076	-0.571
4077	-2.032
4078	-1.859
4079	-3.547
4080	-1.485
4081	
4082	-4.087
4083	
4084	-3.585
4085	-3.459
4086	-4.392
4087	
4088	
4089	-3.000
4090	-3.807
4091	
4092	
4093	
4094	-3.000
4095	
4096	
4097	
4098	
4099	
4100	
4101	
4102	-2.700
4103	
4104	
4105	-3.714
4106	-2.392
4107	-1.868
4108	-3.600
4109	-0.133
4110	-1.753
4111	-1.866
4112	-0.898
4113	0.265
4114	-3.753
4115	-0.756
4116	-4.943
4117	-3.820
4118	-3.027
4119	-0.447
4120	-2.241
4121	-1.752
4122	-3.519
4123	-1.051
4124	-6.658
4125	-3.304
4126	-3.961
4127	-1.340
4128	-0.717
4129	3.231
4130	-1.298
4131	-1.983
4132	-3.467
4133	-1.777
4134	-5.285
4135	-0.248
4136	-3.907
4137	2.456
4138	-3.118
4139	-3.006
4140	1.816
4141	-4.764
4142	-4.485
4143	3.398
4144	0.084
4145	-0.644
4146	0.241
4147	-2.211
4148	0.521
4149	-4.858
4150	-5.276
4151	-4.346
4152	-2.246
4153	-1.465
4154	-2.047
4155	-3.669
4156	-2.479
4157	-1.681
4158	-4.313
4159	-0.130
4160	-3.761
4161	-1.112
4162	-1.456
4163	-7.129
4164	-3.022
4165	0.631
4166	2.162
4167	-2.826
4168	-6.138
4169	-2.747
4170	-2.059
4171	-0.169
4172	-5.087
4173	-1.040
4174	-2.336
4175	-4.592
4176	-3.488
4177	-2.103
4178	-5.048
4179	-2.844
4180	0.563
4181	-2.032
4182	-4.019
4183	-2.037
4184	-3.031
4185	-4.824
4186	-4.510
4187	-3.116
4188	-4.240
4189	-3.007
4190	-1.748
4191	-1.563
4192	-3.181
4193	-2.338
4194	-5.951
4195	0.888
4196	-2.594
4197	-2.182
4198	-1.695
4199	-2.430
4200	0.421
4201	
4202	
4203	
4204	
4205	
4206	-3.907
4207	
4208	
4209	-3.750
4210	-4.248
4211	-3.322
4212	
4213	-2.585
4214	
4215	
4216	
4217	-2.000
4218	
4219	
4220	
4221	-2.807
4222	
4223	
4224	
4225	-1.683
4226	-2.285
4227	-3.404
4228	-1.936
4229	2.268
4230	-4.678
4231	-4.627
4232	1.971
4233	-5.033
4234	-3.295
4235	-2.312
4236	0.022
4237	-3.459
4238	-4.358
4239	-4.610
4240	-2.183
4241	0.048
4242	-5.737
4243	-2.612
4244	1.537
4245	-2.037
4246	-5.833
4247	-2.489
4248	-7.055
4249	-0.014
4250	-5.516
4251	-1.093
4252	-1.439
4253	-2.075
4254	-5.098
4255	-7.349
4256	-1.784
4257	-3.127
4258	-1.763
4259	1.907
4260	-4.445
4261	-0.897
4262	-3.464
4263	0.814
4264	0.276
4265	-3.896
4266	-2.020
4267	-2.394
4268	-0.198
4269	-3.565
4270	-1.599
4271	0.635
4272	-2.823
4273	-5.160
4274	-2.799
4275	-5.087
4276	-1.307
4277	2.109
4278	-0.798
4279	-3.444
4280	-1.968
4281	-1.074
4282	-1.261
4283	-2.647
4284	-0.838
4285	0.007
4286	-5.160
4287	-2.550
4288	-2.349
4289	-0.852
4290	-4.154
4291	-2.477
4292	-3.775
4293	-2.039
4294	-1.403
4295	-1.390
4296	-2.407
4297	-3.720
4298	0.878
4299	2.897
4300	-1.318
4301	-5.190
4302	-0.828
4303	-2.707
4304	-2.229
4305	-1.903
4306	1.425
4307	-3.695
4308	-3.266
4309	-2.676
4310	-2.644
4311	-5.895
4312	-1.352
4313	1.680
4314	0.656
4315	-2.955
4316	-1.854
4317	-1.395
4318	-4.812
4319	-2.363
4320	-4.215
4321	-0.281
4322	
4323	
4324	-4.000
4325	-3.392
4326	-3.524
4327	-1.628
4328	
4329	-4.087
4330	-4.000
4331	-2.322
4332	
4333	-1.719
4334	
4335	
4336	
4337	-2.644
4338	
4339	
4340	
4341	-4.000
4342	
4343	-3.322
4344	-2.807
4345	-0.847
4346	-5.119
4347	-1.474
4348	-3.961
4349	-5.310
4350	-1.593
4351	-2.379
4352	-5.334
4353	-4.365
4354	-3.655
4355	-6.055
4356	-3.322
4357	-1.991
4358	-1.563
4359	0.624
4360	-2.271
4361	-2.373
4362	-2.072
4363	-1.476
4364	0.415
4365	-5.493
4366	-1.043
4367	-1.157
4368	-2.389
4369	-2.021
4370	-2.783
4371	-0.308
4372	-1.979
4373	-1.754
4374	-1.865
4375	-3.851
4376	-1.988
4377	-1.873
4378	-1.718
4379	-1.780
4380	-1.456
4381	-1.588
4382	-0.459
4383	-1.690
4384	-1.872
4385	-2.247
4386	-2.241
4387	-1.316
4388	1.156
4389	-2.442
4390	-2.574
4391	-2.006
4392	-1.864
4393	-2.862
4394	-2.855
4395	-0.348
4396	-1.891
4397	-2.101
4398	-3.170
4399	-0.841
4400	-2.106
4401	-3.868
4402	-1.818
4403	-1.751
4404	-2.227
4405	-2.096
4406	-3.110
4407	-4.568
4408	-4.646
4409	-2.098
4410	-3.059
4411	-1.302
4412	-2.631
4413	-2.705
4414	-5.639
4415	-1.933
4416	-4.647
4417	-2.548
4418	-0.932
4419	-2.631
4420	-2.048
4421	-0.416
4422	-0.614
4423	-1.579
4424	-2.188
4425	0.921
4426	-2.512
4427	-1.391
4428	-0.035
4429	-1.886
4430	-2.442
4431	-1.442
4432	-3.639
4433	-2.415
4434	-2.255
4435	-2.581
4436	-2.263
4437	-1.346
4438	-1.723
4439	-4.278
4440	-2.138
4441	
4442	
4443	-3.248
4444	
4445	
4446	
4447	-2.585
4448	
4449	
4450	-2.939
4451	-2.585
4452	
4453	
4454	
4455	-3.700
4456	-1.807
4457	
4458	
4459	
4460	
4461	
4462	-3.907
4463	
4464	
4465	-2.366
4466	-3.024
4467	-5.200
4468	2.141
4469	-1.108
4470	-3.451
4471	1.585
4472	2.490
4473	3.960
4474	2.281
4475	-6.229
4476	-5.459
4477	-2.073
4478	-1.186
4479	-5.170
4480	-2.085
4481	-6.190
4482	-2.901
4483	-6.068
4484	-2.118
4485	-5.129
4486	0.596
4487	1.654
4488	-1.114
4489	-2.079
4490	-1.560
4491	
4492	-0.197
4493	-3.175
4494	-2.523
4495	-2.048
4496	-0.715
4497	-1.155
4498	-3.561
4499	1.079
4500	-5.346
4501	1.597
4502	-3.068
4503	-4.966
4504	-2.100
4505	-1.367
4506	-3.459
4507	-1.307
4508	-1.732
4509	-1.514
4510	-1.585
4511	-2.423
4512	0.235
4513	-0.558
4514	-1.046
4515	-4.290
4516	-2.257
4517	2.871
4518	-2.720
4519	0.954
4520	-3.246
4521	-3.118
4522	-1.562
4523	-0.736
4524	-0.989
4525	0.825
4526	-0.753
4527	0.343
4528	-2.182
4529	-2.162
4530	-1.674
4531	-1.959
4532	-2.295
4533	-3.453
4534	-2.900
4535	-2.115
4536	-4.531
4537	-0.110
4538	-4.816
4539	-1.424
4540	-3.743
4541	-1.038
4542	-3.900
4543	-1.025
4544	-2.912
4545	-5.102
4546	-6.037
4547	-6.672
4548	-3.520
4549	-3.807
4550	-2.924
4551	-2.103
4552	0.303
4553	-3.836
4554	-4.232
4555	-1.670
4556	-1.530
4557	-1.783
4558	-3.474
4559	-4.300
4560	-2.703
4561	
4562	
4563	
4564	-2.807
4565	
4566	
4567	-3.585
4568	
4569	-2.322
4570	
4571	
4572	
4573	-4.000
4574	
4575	
4576	
4577	-3.585
4578	
4579	-1.000
4580	
4581	-3.322
4582	-3.700
4583	
4584	-4.000
4585	
4586	-0.068
4587	-4.534
4588	-1.200
4589	-1.376
4590	-2.558
4591	-2.891
4592	-5.070
4593	-0.089
4594	-1.505
4595	-1.462
4596	-5.109
4597	-1.074
4598	-4.499
4599	-3.404
4600	-3.916
4601	1.755
4602	
4603	-1.044
4604	0.150
4605	-1.291
4606	-3.624
4607	-0.807
4608	-2.064
4609	-1.699
4610	-1.582
4611	-4.276
4612	-1.196
4613	-1.669
4614	-1.136
4615	1.519
4616	-2.104
4617	2.392
4618	-1.250
4619	-5.298
4620	2.351
4621	-4.874
4622	-3.170
4623	-3.700
4624	-0.343
4625	-1.706
4626	-1.024
4627	3.864
4628	-1.798
4629	-2.640
4630	3.752
4631	-2.253
4632	-6.440
4633	0.578
4634	-3.942
4635	-2.166
4636	-2.070
4637	2.068
4638	1.619
4639	-2.182
4640	-2.443
4641	-1.380
4642	0.004
4643	-4.800
4644	-2.946
4645	-5.018
4646	-4.945
4647	-1.178
4648	-2.872
4649	-4.170
4650	-1.028
4651	2.247
4652	-2.236
4653	-2.729
4654	0.703
4655	-2.531
4656	-2.326
4657	-1.565
4658	-5.174
4659	-4.209
4660	-1.878
4661	-2.500
4662	1.344
4663	2.243
4664	-1.325
4665	-4.737
4666	-5.565
4667	-1.575
4668	-1.392
4669	-1.991
4670	-1.947
4671	-1.434
4672	1.329
4673	-1.813
4674	-2.135
4675	-0.663
4676	-2.274
4677	-2.617
4678	-5.901
4679	-2.728
4680	-0.469
4681	
4682	
4683	
4684	
4685	
4686	
4687	
4688	
4689	
4690	-2.907
4691	
4692	
4693	
4694	
4695	
4696	
4697	
4698	-2.807
4699	
4700	-3.459
4701	-2.807
4702	
4703	
4704	
4705	1.485
4706	-1.749
4707	-5.096
4708	-1.753
4709	-0.968
4710	-3.160
4711	-2.170
4712	-5.044
4713	-5.381
4714	2.464
4715	2.335
4716	-5.682
4717	-3.632
4718	-0.683
4719	-2.558
4720	-1.613
4721	-1.441
4722	-3.644
4723	-2.592
4724	-3.928
4725	-0.687
4726	-1.306
4727	-5.907
4728	-3.192
4729	-1.276
4730	-1.087
4731	2.723
4732	3.234
4733	-0.527
4734	-2.807
4735	-0.972
4736	-3.055
4737	-2.995
4738	-2.087
4739	-2.485
4740	-3.360
4741	-0.583
4742	-1.933
4743	-1.207
4744	2.416
4745	-3.561
4746	-1.539
4747	-1.871
4748	-2.631
4749	-4.943
4750	-2.437
4751	-4.229
4752	0.887
4753	0.253
4754	-1.504
4755	2.158
4756	-2.402
4757	0.800
4758	-3.613
4759	-4.750
4760	1.366
4761	-5.098
4762	0.737
4763	-0.712
4764	-1.468
4765	-3.763
4766	-6.820
4767	1.411
4768	0.114
4769	-1.615
4770	4.957
4771	-1.814
4772	1.413
4773	-3.146
4774	-5.229
4775	1.781
4776	-3.279
4777	-6.748
4778	-2.490
4779	-6.129
4780	-1.270
4781	-1.035
4782	-3.341
4783	-2.235
4784	2.991
4785	-4.837
4786	-5.624
4787	-2.807
4788	-2.665
4789	-1.876
4790	-2.992
4791	-2.617
4792	-4.322
4793	-2.807
4794	-5.531
4795	0.585
4796	-4.061
4797	-3.790
4798	-4.150
4799	-4.962
4800	-2.214
4801	-4.115
4802	
4803	-2.807
4804	-3.807
4805	-2.668
4806	-4.555
4807	-2.196
4808	
4809	
4810	
4811	-2.170
4812	
4813	-4.044
4814	
4815	
4816	-3.700
4817	-3.181
4818	-2.322
4819	
4820	-4.000
4821	-1.509
4822	-3.322
4823	
4824	
4825	-1.792
4826	-2.663
4827	-2.149
4828	-1.196
4829	1.209
4830	-2.240
4831	-3.799
4832	-2.038
4833	-4.004
4834	-5.044
4835	-4.448
4836	-0.016
4837	-3.187
4838	-0.547
4839	-2.481
4840	-2.419
4841	-1.776
4842	1.879
4843	2.534
4844	-2.645
4845	-1.499
4846	-2.713
4847	-3.933
4848	-0.595
4849	-2.883
4850	-3.483
4851	-2.198
4852	0.854
4853	-1.852
4854	-0.825
4855	-1.246
4856	-3.364
4857	-1.670
4858	-1.365
4859	-1.484
4860	-0.646
4861	-1.332
4862	-3.195
4863	-1.561
4864	-2.332
4865	-1.060
4866	-2.004
4867	-1.088
4868	-1.097
4869	-2.818
4870	-2.187
4871	0.578
4872	-1.785
4873	-1.487
4874	-2.242
4875	-3.828
4876	-2.706
4877	-1.814
4878	-3.449
4879	-2.445
4880	-3.079
4881	-2.456
4882	-2.480
4883	0.296
4884	-2.466
4885	-3.094
4886	-2.179
4887	-5.190
4888	-2.495
4889	-0.620
4890	-2.128
4891	-2.225
4892	-1.137
4893	-2.183
4894	-1.995
4895	-0.808
4896	-1.899
4897	-1.367
4898	-1.027
4899	-1.456
4900	-2.151
4901	-2.110
4902	-2.972
4903	0.749
4904	-1.747
4905	-0.085
4906	-3.496
4907	-1.987
4908	-2.371
4909	-2.167
4910	-3.760
4911	-1.598
4912	-1.689
4913	0.949
4914	-1.519
4915	-1.684
4916	0.526
4917	-1.726
4918	-2.552
4919	-4.000
4920	-2.080
4921	
4922	
4923	
4924	-2.000
4925	
4926	-0.553
4927	-3.459
4928	
4929	
4930	-4.170
4931	-2.700
4932	
4933	
4934	-3.807
4935	
4936	
4937	
4938	
4939	
4940	
4941	
4942	
4943	
4944	
4945	-1.324
4946	3.182
4947	-1.441
4948	-1.536
4949	-0.053
4950	-1.750
4951	-4.181
4952	-1.115
4953	-1.045
4954	1.792
4955	-1.617
4956	-3.977
4957	1.269
4958	-2.838
4959	-1.835
4960	-3.893
4961	0.074
4962	-2.327
4963	-2.353
4964	-4.273
4965	-0.874
4966	3.152
4967	0.480
4968	-3.392
4969	-2.640
4970	-4.097
4971	-0.718
4972	-1.865
4973	-2.551
4974	-1.779
4975	-0.674
4976	-4.621
4977	-3.135
4978	-4.007
4979	-0.849
4980	-2.138
4981	-2.921
4982	-5.595
4983	0.650
4984	-2.970
4985	-2.626
4986	-1.632
4987	-3.047
4988	-2.886
4989	-2.492
4990	-1.672
4991	-2.087
4992	0.722
4993	-3.737
4994	-2.477
4995	-2.571
4996	-1.912
4997	-2.285
4998	-3.096
4999	-2.274
5000	-4.263
5001	-1.709
5002	-3.295
5003	1.582
5004	-3.038
5005	-1.417
5006	-5.372
5007	-1.494
5008	-1.646
5009	-1.942
5010	-3.040
5011	-2.090
5012	-1.612
5013	-2.037
5014	-1.841
5015	-2.897
5016	-1.753
5017	-2.014
5018	-1.672
5019	-1.579
5020	-1.886
5021	-2.111
5022	-2.417
5023	-3.799
5024	-2.631
5025	-4.515
5026	1.302
5027	-5.446
5028	2.860
5029	-1.886
5030	-6.707
5031	-5.053
5032	-7.741
5033	-0.450
5034	-3.620
5035	-1.681
5036	-1.393
5037	-2.402
5038	-0.962
5039	-3.356
5040	1.211
5041	
5042	
5043	
5044	
5045	-3.322
5046	
5047	-0.520
5048	
5049	-4.000
5050	
5051	
5052	
5053	-3.700
5054	-3.000
5055	
5056	
5057	
5058	-2.807
5059	
5060	
5061	-3.322
5062	-3.907
5063	
5064	-3.170
5065	-1.376
5066	-3.126
5067	-1.089
5068	-1.966
5069	-2.958
5070	-3.954
5071	-1.411
5072	-6.629
5073	-2.943
5074	-4.115
5075	2.327
5076	-5.503
5077	-1.653
5078	-3.874
5079	0.504
5080	2.711
5081	-2.835
5082	-2.855
5083	-3.087
5084	-1.821
5085	-4.263
5086	-3.813
5087	-5.755
5088	1.264
5089	-1.918
5090	-1.537
5091	-1.891
5092	-2.258
5093	-1.428
5094	
5095	-4.399
5096	-3.122
5097	-3.230
5098	-3.186
5099	-3.864
5100	-1.479
5101	-1.580
5102	-6.658
5103	-2.464
5104	-2.637
5105	-1.426
5106	-1.857
5107	-2.525
5108	-3.133
5109	-1.630
5110	-1.089
5111	-2.342
5112	-2.305
5113	-5.920
5114	2.204
5115	-2.742
5116	-2.046
5117	-1.513
5118	-1.250
5119	-3.670
5120	-3.022
5121	-2.155
5122	-1.585
5123	-4.077
5124	-3.907
5125	
5126	-1.840
5127	-2.232
5128	-3.141
5129	-3.386
5130	-0.855
5131	-5.349
5132	-0.340
5133	
5134	-2.340
5135	-1.891
5136	-1.946
5137	-3.399
5138	-2.443
5139	-2.312
5140	-2.344
5141	-4.585
5142	0.865
5143	0.558
5144	-2.981
5145	-1.787
5146	-1.668
5147	-5.170
5148	-5.379
5149	-1.615
5150	-2.773
5151	-2.408
5152	-1.744
5153	-1.834
5154	-3.883
5155	-2.624
5156	-0.348
5157	-2.445
5158	-5.551
5159	-2.579
5160	-2.372
5161	-3.585
5162	-2.807
5163	-3.907
5164	
5165	
5166	
5167	
5168	
5169	
5170	
5171	
5172	
5173	
5174	
5175	
5176	
5177	
5178	
5179	-2.585
5180	
5181	
5182	
5183	-3.700
5184	-3.000
5185	-1.273
5186	-0.809
5187	-0.757
5188	-1.207
5189	-1.783
5190	3.141
5191	-5.687
5192	-2.244
5193	-6.755
5194	-4.310
5195	-4.235
5196	-3.652
5197	-2.284
5198	-2.057
5199	-4.513
5200	-1.884
5201	-1.487
5202	-2.928
5203	-2.100
5204	-3.189
5205	-5.310
5206	-1.943
5207	-1.870
5208	1.059
5209	-1.095
5210	0.061
5211	-0.984
5212	-3.459
5213	-2.684
5214	-0.154
5215	1.807
5216	-1.407
5217	-1.843
5218	-2.636
5219	-2.150
5220	-4.040
5221	-2.455
5222	-2.650
5223	-2.131
5224	-1.774
5225	-5.466
5226	-2.423
5227	-2.928
5228	-3.673
5229	-1.372
5230	-2.913
5231	-3.365
5232	-4.118
5233	-4.233
5234	-5.381
5235	-5.119
5236	-2.969
5237	-4.684
5238	-4.568
5239	-4.353
5240	-3.296
5241	-6.858
5242	-2.385
5243	-2.970
5244	-0.973
5245	-3.189
5246	0.184
5247	-3.635
5248	-1.285
5249	-1.731
5250	-7.401
5251	-2.936
5252	-0.404
5253	-4.895
5254	-5.019
5255	-3.036
5256	-4.668
5257	1.384
5258	-6.109
5259	0.945
5260	0.355
5261	-5.358
5262	0.882
5263	-2.227
5264	-1.053
5265	0.654
5266	-0.551
5267	-3.192
5268	-3.059
5269	-2.476
5270	-2.176
5271	-4.161
5272	-3.585
5273	-3.107
5274	-6.346
5275	0.419
5276	-2.627
5277	-2.812
5278	-3.719
5279	-5.946
5280	-2.483
5281	-2.865
5282	
5283	-1.737
5284	
5285	-2.791
5286	-4.285
5287	-1.767
5288	
5289	
5290	
5291	-2.807
5292	
5293	-4.678
5294	
5295	-3.585
5296	
5297	-2.119
5298	
5299	-2.322
5300	
5301	-2.541
5302	
5303	
5304	
5305	-3.725
5306	-4.075
5307	-1.912
5308	-1.808
5309	-5.129
5310	-3.459
5311	-1.524
5312	-1.410
5313	-2.897
5314	-2.433
5315	-3.282
5316	1.212
5317	0.752
5318	-1.658
5319	-2.490
5320	-1.129
5321	-1.492
5322	-1.721
5323	-3.807
5324	-0.108
5325	-1.443
5326	-4.204
5327	0.895
5328	-2.048
5329	-2.656
5330	-3.237
5331	-2.048
5332	2.879
5333	-0.951
5334	-1.517
5335	-0.594
5336	2.291
5337	-0.695
5338	-0.385
5339	-0.491
5340	-1.630
5341	-1.416
5342	-2.143
5343	-1.404
5344	-3.519
5345	-1.592
5346	-1.474
5347	4.528
5348	-3.569
5349	1.371
5350	-2.182
5351	-1.738
5352	-3.751
5353	-1.248
5354	-3.322
5355	-1.932
5356	0.183
5357	-4.087
5358	-1.980
5359	-1.064
5360	-2.766
5361	-2.282
5362	2.507
5363	-2.317
5364	-2.339
5365	-1.936
5366	-1.384
5367	2.461
5368	-2.857
5369	-1.813
5370	-1.843
5371	-1.152
5372	-5.435
5373	-1.634
5374	-5.435
5375	-0.848
5376	-2.594
5377	-0.545
5378	-2.034
5379	-3.431
5380	-2.555
5381	-2.186
5382	-0.844
5383	-1.891
5384	-1.570
5385	-1.982
5386	2.406
5387	-4.883
5388	-2.668
5389	-4.954
5390	-2.075
5391	-0.695
5392	-2.349
5393	-2.301
5394	-1.352
5395	-2.413
5396	-1.651
5397	-1.336
5398	-1.801
5399	-2.767
5400	-0.906
5401	
5402	
5403	
5404	
5405	
5406	
5407	
5408	
5409	
5410	-4.392
5411	
5412	
5413	1.298
5414	
5415	-1.585
5416	
5417	
5418	-3.087
5419	-3.322
5420	
5421	-3.170
5422	
5423	-3.322
5424	-3.807
5425	1.546
5426	-5.077
5427	-6.570
5428	-4.824
5429	-5.768
5430	-0.739
5431	-5.102
5432	6.830
5433	-4.933
5434	-1.668
5435	-4.059
5436	2.095
5437	-1.909
5438	-1.948
5439	-1.555
5440	-0.561
5441	-4.055
5442	2.532
5443	3.118
5444	-1.737
5445	0.377
5446	-5.966
5447	-2.004
5448	-5.346
5449	-2.898
5450	-2.544
5451	-2.419
5452	-5.824
5453	-3.963
5454	-2.666
5455	-0.120
5456	-0.768
5457	2.399
5458	-3.466
5459	-2.744
5460	-5.781
5461	1.333
5462	-1.495
5463	0.754
5464	-1.010
5465	0.689
5466	-1.421
5467	-0.151
5468	-4.874
5469	-4.945
5470	-2.507
5471	-4.644
5472	-2.080
5473	-4.708
5474	-2.684
5475	-1.378
5476	-2.948
5477	-2.607
5478	1.089
5479	-3.273
5480	0.167
5481	-1.086
5482	-3.686
5483	-2.005
5484	-4.192
5485	-1.820
5486	-2.537
5487	-5.508
5488	-1.503
5489	-2.123
5490	-3.250
5491	-2.991
5492	-5.433
5493	1.994
5494	-0.727
5495	-2.616
5496	-3.433
5497	-6.644
5498	-1.224
5499	-1.488
5500	-1.002
5501	-1.538
5502	-2.292
5503	-2.178
5504	-4.743
5505	1.317
5506	-3.970
5507	-3.692
5508	-3.773
5509	-4.721
5510	-3.047
5511	-4.974
5512	-1.624
5513	-3.121
5514	-3.510
5515	-2.445
5516	-2.109
5517	-1.426
5518	-0.530
5519	-3.954
5520	-1.205
5521	
5522	
5523	-1.000
5524	0.000
5525	-1.000
5526	
5527	-3.765
5528	
5529	
5530	
5531	
5532	
5533	
5534	
5535	-0.585
5536	
5537	
5538	
5539	
5540	
5541	
5542	-2.000
5543	
5544	
5545	16.610
5546	
5547	
5548	
5549	
5550	0.000
5551	
5552	
5553	
5554	
5555	-2.000
5556	
5557	
5558	
5559	
5560	
5561	
5562	
5563	
5564	
5565	
5566	
5567	
5568	16.610
5569	
5570	
5571	0.000
5572	
5573	
5574	0.000
5575	
5576	-1.585
5577	
5578	
5579	-2.000
5580	-0.585
5581	
5582	
5583	
5584	16.610
5585	
5586	-2.000
5587	
5588	0.000
5589	
5590	
5591	
5592	16.610
5593	-6.459
5594	
5595	
5596	
5597	0.000
5598	
5599	
5600	
5601	
5602	
5603	-5.346
5604	-2.585
5605	-4.638
5606	0.000
5607	
5608	16.610
5609	
5610	-2.322
5611	
5612	
5613	
5614	
5615	
5616	16.610
5617	-1.000
5618	
5619	0.000
5620	0.000
5621	-1.836
5622	-2.027
5623	
5624	0.000
5625	
5626	
5627	1.000
5628	-1.423
5629	-2.000
5630	-4.208
5631	
5632	
5633	-2.322
5634	
5635	-0.585
5636	
5637	-0.585
5638	
5639	
5640	-3.568
5641	
5642	
5643	
5644	-3.087
5645	
5646	
5647	-3.322
5648	
5649	-5.261
5650	
5651	
5652	
5653	
5654	
5655	-3.700
5656	
5657	
5658	-3.322
5659	
5660	
5661	
5662	
5663	-4.087
5664	
5665	0.178
5666	-3.939
5667	-0.984
5668	0.782
5669	-0.529
5670	-2.687
5671	3.285
5672	1.472
5673	-4.524
5674	2.792
5675	0.694
5676	-3.657
5677	1.187
5678	-4.755
5679	1.151
5680	-1.428
5681	-1.204
5682	-6.077
5683	-2.174
5684	-1.969
5685	-1.823
5686	-7.140
5687	-1.456
5688	-3.498
5689	-6.907
5690	-2.948
5691	-0.483
5692	0.418
5693	-4.478
5694	-5.634
5695	-1.163
5696	-4.907
5697	-5.077
5698	1.601
5699	0.653
5700	-5.426
5701	-3.781
5702	-1.433
5703	-4.465
5704	-1.872
5705	1.905
5706	0.711
5707	-3.557
5708	-5.816
5709	1.242
5710	-3.285
5711	-2.533
5712	-2.943
5713	-7.238
5714	1.509
5715	1.351
5716	-1.676
5717	3.364
5718	-3.503
5719	0.576
5720	-2.907
5721	-5.150
5722	2.582
5723	-5.375
5724	0.990
5725	2.422
5726	-2.932
5727	-4.225
5728	-0.590
5729	-4.048
5730	-3.973
5731	0.313
5732	1.143
5733	-1.407
5734	0.574
5735	0.845
5736	-5.907
5737	-2.154
5738	-4.531
5739	-4.638
5740	-2.342
5741	-5.052
5742	-3.598
5743	-2.713
5744	-5.329
5745	-2.069
5746	-0.166
5747	-3.263
5748	-2.946
5749	-2.210
5750	-0.973
5751	-0.341
5752	-4.150
5753	2.164
5754	-3.310
5755	-0.229
5756	-1.342
5757	-3.667
5758	-4.747
5759	-1.280
5760	0.276
