1	-3.200
2	
3	-1.000
4	-3.170
5	-3.392
6	
7	-4.087
8	
9	-2.585
10	
11	-1.000
12	
13	-0.194
14	
15	
16	-1.585
17	-1.196
18	-3.000
19	-1.000
20	-0.585
21	-3.399
22	
23	-1.222
24	0.000
25	5.385
26	-2.655
27	-2.433
28	-1.933
29	-4.280
30	-0.800
31	1.820
32	0.170
33	-3.322
34	-0.888
35	-3.000
36	-2.700
37	-1.026
38	-0.592
39	-1.282
40	-1.577
41	-1.556
42	-1.985
43	-4.030
44	-1.150
45	-0.865
46	-3.719
47	-3.346
48	-2.743
49	-0.102
50	-4.129
51	-1.862
52	0.684
53	-1.417
54	-0.167
55	-1.762
56	0.548
57	-0.599
58	-0.093
59	4.789
60	-0.138
61	-2.607
62	-2.830
63	-3.209
64	-1.288
65	-3.921
66	-0.202
67	-3.218
68	0.982
69	4.562
70	-3.273
71	-2.361
72	-1.886
73	0.545
74	-3.000
75	0.389
76	-1.944
77	-2.322
78	4.882
79	-1.435
80	-0.398
81	0.106
82	-1.000
83	0.054
84	1.347
85	-3.248
86	-1.516
87	-3.213
88	-1.046
89	-3.476
90	-2.663
91	-2.974
92	-1.057
93	-0.881
94	-0.087
95	-2.206
96	-1.123
97	-2.858
98	-3.858
99	0.144
100	-0.186
101	-1.105
102	-2.773
103	-2.222
104	-0.495
105	-0.070
106	0.171
107	-3.380
108	1.366
109	-5.375
110	-2.780
111	-1.170
112	0.829
113	-0.452
114	0.873
115	-1.914
116	-1.604
117	-2.303
118	0.019
119	-0.551
120	-0.763
121	-2.322
122	
123	
124	-1.000
125	
126	-2.585
127	
128	
129	-4.322
130	-3.459
131	-3.209
132	
133	
134	-3.459
135	
136	-2.585
137	
138	
139	0.000
140	-2.000
141	0.000
142	
143	
144	-3.907
145	3.779
146	-1.563
147	-3.644
148	-4.954
149	-1.298
150	-2.865
151	-0.420
152	3.595
153	-0.366
154	-0.247
155	-2.306
156	-2.710
157	0.321
158	-0.374
159	-1.977
160	-6.859
161	-1.675
162	-2.543
163	-2.626
164	-0.550
165	-2.402
166	-1.332
167	-3.426
168	-2.159
169	-0.788
170	-2.468
171	-2.162
172	-3.304
173	2.166
174	-1.903
175	0.029
176	-1.531
177	-1.563
178	-2.858
179	-1.756
180	-3.346
181	-1.436
182	-1.951
183	6.434
184	-1.661
185	0.333
186	-1.222
187	-0.883
188	-1.415
189	-1.046
190	-2.306
191	-2.533
192	-3.322
193	-2.402
194	-1.838
195	-3.181
196	-0.960
197	-1.874
198	-4.862
199	0.120
200	-2.046
201	-1.036
202	-2.883
203	0.270
204	-1.558
205	-2.605
206	0.437
207	-3.193
208	-0.577
209	-1.761
210	-1.660
211	-2.632
212	
213	-2.603
214	-0.539
215	-2.464
216	-1.428
217	0.000
218	-4.291
219	-2.478
220	-3.098
221	-2.627
222	-2.733
223	-2.907
224	-0.392
225	-3.363
226	1.082
227	-3.684
228	-2.408
229	-3.322
230	-3.375
231	-3.382
232	-2.075
233	-1.840
234	-3.233
235	-3.350
236	-4.058
237	-2.000
238	-3.229
239	-2.707
240	-2.392
241	-2.585
242	
243	
244	-1.874
245	-2.170
246	-4.000
247	-3.459
248	
249	-3.459
250	
251	
252	
253	
254	-1.737
255	-1.459
256	
257	-3.322
258	-2.585
259	-3.170
260	
261	
262	-2.807
263	
264	
265	-2.445
266	0.445
267	-2.309
268	-1.921
269	-2.429
270	-4.143
271	0.157
272	-4.066
273	-3.868
274	-4.170
275	-7.145
276	-3.248
277	-1.256
278	-1.443
279	-1.108
280	-3.322
281	-1.858
282	-3.150
283	-3.396
284	-6.119
285	-4.492
286	-3.322
287	-3.550
288	0.919
289	-2.547
290	-0.654
291	-2.648
292	-1.503
293	-2.267
294	0.200
295	-3.907
296	-1.832
297	0.345
298	-5.443
299	-3.970
300	4.673
301	-1.687
302	-2.193
303	-1.597
304	-0.456
305	-0.053
306	-2.700
307	-3.459
308	-4.933
309	0.143
310	-3.405
311	-3.585
312	-1.652
313	-1.855
314	-2.657
315	-1.759
316	-2.257
317	-2.818
318	-3.459
319	-4.420
320	-3.123
321	-5.044
322	-3.888
323	-6.644
324	2.211
325	-2.796
326	-3.193
327	-0.661
328	-1.503
329	-5.524
330	
331	-4.870
332	-4.858
333	-5.358
334	-3.170
335	-4.459
336	-4.307
337	-1.435
338	-2.743
339	-3.095
340	-3.248
341	-1.888
342	-4.607
343	-5.555
344	-7.271
345	-5.059
346	-3.550
347	-2.605
348	-4.379
349	-1.089
350	-1.041
351	0.354
352	-3.336
353	-1.181
354	-4.202
355	-3.668
356	16.610
357	-0.934
358	-6.022
359	-5.728
360	-4.087
361	
362	-2.836
363	
364	-3.000
365	
366	
367	-3.000
368	
369	-2.298
370	-3.358
371	-2.700
372	
373	
374	1.000
375	
376	-2.585
377	
378	
379	
380	
381	
382	-2.322
383	
384	
385	-5.426
386	-4.883
387	-5.322
388	-4.728
389	-3.273
390	-2.939
391	-2.670
392	-0.827
393	-1.287
394	-2.561
395	-1.302
396	-2.769
397	-3.000
398	-3.700
399	-6.780
400	-3.496
401	-1.775
402	-2.184
403	1.129
404	-0.854
405	1.558
406	1.532
407	-2.230
408	-1.263
409	-3.605
410	-2.322
411	-1.734
412	-2.064
413	-2.824
414	-0.390
415	-3.619
416	0.029
417	-3.532
418	-0.545
419	-2.531
420	3.201
421	-3.931
422	-1.843
423	-0.734
424	-0.285
425	-0.112
426	-3.636
427	-2.644
428	-2.498
429	-1.509
430	-0.034
431	-1.945
432	-0.082
433	-3.209
434	-2.272
435	-2.248
436	-0.267
437	-3.700
438	-0.471
439	-2.558
440	-0.037
441	-3.087
442	-0.926
443	-1.016
444	0.068
445	-0.578
446	-4.824
447	-0.592
448	-2.342
449	-0.012
450	-3.544
451	-0.767
452	-0.759
453	-4.492
454	-3.976
455	-2.672
456	-0.935
457	-0.751
458	-2.725
459	-1.546
460	-3.544
461	-2.093
462	-2.392
463	-0.885
464	1.644
465	-3.016
466	-2.190
467	-1.851
468	-0.850
469	-1.371
470	-1.023
471	-3.600
472	-1.283
473	-1.941
474	-3.807
475	-0.315
476	-0.369
477	-3.598
478	-0.591
479	-1.522
480	-0.428
481	-1.900
482	
483	
484	
485	-1.585
486	-1.848
487	-2.874
488	
489	
490	-1.322
491	
492	
493	-1.958
494	
495	
496	
497	-1.707
498	-2.807
499	
500	
501	-2.100
502	-2.807
503	
504	
505	-2.216
506	-1.120
507	-1.273
508	-2.485
509	-2.000
510	-2.652
511	0.438
512	-3.322
513	-1.084
514	-3.459
515	-3.790
516	-2.222
517	-2.459
518	-0.781
519	-0.134
520	-1.022
521	-3.728
522	-0.535
523	-0.565
524	-1.309
525	-2.229
526	-1.743
527	-5.044
528	-3.600
529	-1.516
530	-1.639
531	4.747
532	0.176
533	0.163
534	0.013
535	-0.125
536	0.296
537	-1.634
538	-0.118
539	-2.392
540	0.382
541	-0.965
542	-1.644
543	-1.072
544	-0.841
545	-1.252
546	-0.520
547	-1.263
548	-0.830
549	-1.942
550	-2.423
551	-2.565
552	-0.959
553	-1.945
554	-2.509
555	-1.897
556	-6.359
557	-0.678
558	-1.030
559	-2.585
560	0.017
561	-1.230
562	-2.603
563	-1.322
564	-1.228
565	-0.412
566	-1.520
567	-3.755
568	-0.639
569	-1.361
570	-1.206
571	-4.907
572	-0.925
573	-0.670
574	-2.585
575	-2.294
576	-2.710
577	-0.651
578	-2.737
579	-1.700
580	0.391
581	-0.768
582	-1.851
583	-4.036
584	-1.041
585	0.079
586	-2.121
587	-2.688
588	-0.248
589	-2.598
590	-2.140
591	-5.539
592	0.059
593	-1.092
594	-2.021
595	-0.842
596	1.490
597	-1.392
598	-0.037
599	-1.731
600	-0.045
601	
602	-2.585
603	
604	
605	-2.000
606	-3.170
607	
608	
609	-3.123
610	-3.807
611	-2.459
612	
613	-1.000
614	
615	
616	
617	-2.585
618	
619	1.000
620	
621	
622	
623	-1.585
624	-2.585
625	-3.609
626	-2.939
627	-0.862
628	-3.485
629	-1.255
630	-0.209
631	-2.123
632	-1.843
633	-1.358
634	-3.874
635	0.082
636	-3.700
637	-1.424
638	-1.381
639	-0.304
640	-1.322
641	-0.780
642	-1.263
643	-3.698
644	-1.000
645	-1.013
646	-3.237
647	-2.059
648	-2.970
649	-0.087
650	0.791
651	-2.302
652	-0.879
653	-1.147
654	-1.854
655	2.583
656	-3.100
657	-2.469
658	-3.524
659	-0.363
660	-3.619
661	-2.222
662	-1.066
663	-2.000
664	-0.626
665	0.288
666	0.273
667	-0.637
668	-3.202
669	-1.753
670	-2.170
671	-3.170
672	-0.373
673	-1.273
674	-0.316
675	-2.929
676	-0.691
677	-0.714
678	-3.070
679	-1.251
680	-2.183
681	-0.294
682	-3.184
683	-2.468
684	-0.268
685	-2.295
686	-1.237
687	-1.709
688	-1.496
689	-0.797
690	-0.633
691	0.022
692	-2.300
693	-6.838
694	-0.241
695	-0.851
696	-0.555
697	-0.062
698	-1.868
699	-0.927
700	-2.619
701	-4.123
702	-2.492
703	-3.961
704	-0.455
705	-3.233
706	0.152
707	-0.345
708	-3.568
709	-3.102
710	-3.700
711	-2.115
712	-0.802
713	0.107
714	-3.663
715	-2.290
716	-1.968
717	-3.755
718	-3.544
719	-2.568
720	-1.067
721	-0.585
722	-2.585
723	
724	
725	-3.322
726	
727	
728	
729	-3.322
730	
731	
732	
733	
734	
735	
736	
737	
738	-1.585
739	
740	-1.322
741	
742	-2.322
743	
744	-3.170
745	-4.555
746	-3.222
747	-4.059
748	-5.209
749	-2.907
750	-2.778
751	-1.793
752	-4.229
753	-4.781
754	-3.536
755	
756	-4.682
757	-0.234
758	-2.115
759	-0.222
760	-4.358
761	-3.478
762	-2.788
763	-4.053
764	-1.903
765	-4.170
766	
767	-3.879
768	-4.807
769	-2.097
770	0.443
771	-2.022
772	-1.151
773	-2.000
774	0.296
775	-2.000
776	-2.047
777	-2.616
778	-2.573
779	-4.087
780	-4.585
781	-2.115
782	0.900
783	-2.115
784	-3.100
785	-1.079
786	-1.632
787	-1.744
788	0.298
789	-2.893
790	-3.524
791	-0.288
792	-2.648
793	-1.737
794	-1.280
795	-1.033
796	0.949
797	-2.070
798	-2.657
799	-0.759
800	-3.572
801	-5.000
802	-2.982
803	-4.985
804	-4.931
805	-0.778
806	-2.719
807	-1.351
808	-1.818
809	-4.036
810	-1.012
811	-1.476
812	-1.322
813	-4.503
814	-0.685
815	-2.950
816	-4.644
817	-0.179
818	-0.135
819	-1.858
820	-3.682
821	-1.230
822	-3.678
823	1.184
824	-2.115
825	-5.644
826	-3.868
827	-4.814
828	2.446
829	-0.309
830	0.333
831	-0.424
832	0.927
833	-0.480
834	0.459
835	-1.534
836	-1.609
837	-0.233
838	-2.970
839	-3.143
840	-6.459
841	1.000
842	-1.000
843	0.000
844	16.610
845	
846	-2.000
847	
848	
849	-2.115
850	-4.585
851	
852	
853	-0.415
854	-1.585
855	
856	-1.000
857	-3.170
858	
859	16.610
860	
861	-2.322
862	
863	-2.807
864	1.000
865	-4.285
866	-0.701
867	-2.874
868	-1.830
869	-2.188
870	-1.544
871	-2.379
872	-1.543
873	-4.129
874	-5.322
875	-5.524
876	-4.248
877	-4.209
878	0.430
879	-2.939
880	0.822
881	1.070
882	-1.671
883	-2.844
884	-0.202
885	-3.044
886	-3.585
887	-2.700
888	-4.129
889	-2.322
890	-1.866
891	-0.331
892	0.068
893	-3.030
894	-1.807
895	0.205
896	0.448
897	-2.948
898	0.117
899	-2.656
900	-0.307
901	-0.329
902	0.033
903	-0.891
904	-2.669
905	-1.526
906	0.231
907	0.102
908	-0.985
909	-1.222
910	0.607
911	-2.700
912	-0.890
913	-4.883
914	-3.226
915	-2.848
916	-0.459
917	-3.358
918	-3.365
919	1.885
920	-3.102
921	-3.644
922	-1.031
923	-0.675
924	-0.186
925	-4.066
926	0.198
927	-0.886
928	-2.092
929	-1.228
930	-3.824
931	-3.594
932	-0.658
933	-3.585
934	-3.188
935	-3.893
936	-0.218
937	-4.624
938	-4.773
939	-1.083
940	1.278
941	-2.047
942	-2.193
943	-4.379
944	0.797
945	-5.190
946	-5.555
947	1.614
948	-2.267
949	-0.220
950	-0.595
951	-0.704
952	-1.089
953	-4.248
954	-1.085
955	-2.737
956	-4.773
957	-5.907
958	-3.722
959	-1.131
960	-1.585
961	0.317
962	
963	
964	-1.322
965	-1.474
966	-2.115
967	-1.415
968	
969	-2.322
970	-1.000
971	-2.585
972	
973	-3.322
974	
975	
976	
977	-0.226
978	-1.000
979	-3.000
980	
981	-0.516
982	
983	16.610
984	
985	-5.492
986	1.211
987	-3.186
988	-2.170
989	-2.939
990	-1.921
991	-1.497
992	-3.000
993	-3.624
994	-2.609
995	-3.858
996	-2.807
997	-2.218
998	-4.322
999	0.188
1000	-0.988
1001	-0.621
1002	-1.504
1003	-0.427
1004	0.146
1005	-0.766
1006	-2.865
1007	-2.109
1008	-4.615
1009	-0.720
1010	-2.492
1011	-0.874
1012	0.696
1013	1.299
1014	-0.186
1015	-1.480
1016	1.905
1017	-2.489
1018	0.391
1019	-2.081
1020	-0.763
1021	0.222
1022	-2.100
1023	-0.442
1024	-1.123
1025	0.231
1026	-0.675
1027	-1.542
1028	-0.878
1029	-2.290
1030	-2.663
1031	0.986
1032	-1.474
1033	-2.322
1034	-2.585
1035	-0.546
1036	0.164
1037	-0.818
1038	-2.346
1039	0.118
1040	0.617
1041	-2.484
1042	-2.237
1043	-1.248
1044	-1.039
1045	-3.544
1046	-0.095
1047	-6.409
1048	-2.363
1049	-0.402
1050	-0.737
1051	-2.170
1052	-0.126
1053	1.995
1054	-2.447
1055	-0.502
1056	-0.541
1057	-0.654
1058	-1.235
1059	-3.655
1060	-0.218
1061	-0.783
1062	-1.944
1063	-2.755
1064	-0.710
1065	-0.880
1066	-1.904
1067	-3.511
1068	-0.206
1069	-0.733
1070	-5.143
1071	-2.503
1072	1.046
1073	-0.830
1074	-2.138
1075	-2.151
1076	-0.845
1077	0.536
1078	-0.234
1079	-1.737
1080	-1.496
1081	16.610
1082	
1083	-2.000
1084	
1085	-2.585
1086	
1087	-2.322
1088	
1089	-4.358
1090	-1.948
1091	-3.459
1092	
1093	
1094	16.610
1095	16.610
1096	-2.000
1097	
1098	
1099	
1100	
1101	
1102	
1103	
1104	
1105	-1.954
1106	-2.369
1107	-3.561
1108	-2.402
1109	-3.233
1110	-3.459
1111	-2.744
1112	-0.930
1113	-5.285
1114	-2.392
1115	-0.976
1116	-2.228
1117	-1.874
1118	-1.252
1119	0.961
1120	-3.322
1121	-1.614
1122	-2.022
1123	-4.543
1124	7.293
1125	-2.152
1126	-0.167
1127	-3.115
1128	2.016
1129	0.232
1130	-2.373
1131	-2.015
1132	-0.632
1133	-1.565
1134	-2.202
1135	0.282
1136	-3.358
1137	-2.980
1138	-1.977
1139	-0.492
1140	-2.000
1141	-2.040
1142	0.471
1143	-1.211
1144	-1.071
1145	-2.463
1146	-2.409
1147	0.286
1148	-1.936
1149	-1.355
1150	-1.244
1151	-1.042
1152	-0.568
1153	-1.536
1154	-1.943
1155	-3.215
1156	-0.395
1157	-0.153
1158	-0.954
1159	-1.605
1160	-2.478
1161	-1.434
1162	-1.431
1163	-2.585
1164	-0.018
1165	-1.309
1166	-0.889
1167	0.098
1168	-1.029
1169	-1.863
1170	-2.692
1171	-0.377
1172	-1.833
1173	0.440
1174	-0.282
1175	-1.950
1176	-0.896
1177	0.890
1178	-2.450
1179	-1.807
1180	-3.719
1181	-2.350
1182	-2.346
1183	-3.248
1184	-1.503
1185	-4.087
1186	-0.466
1187	-2.191
1188	-1.737
1189	-3.222
1190	-1.753
1191	-0.033
1192	-1.106
1193	-1.316
1194	-1.814
1195	-1.434
1196	-0.745
1197	-0.060
1198	-2.766
1199	-3.568
1200	-2.244
1201	
1202	-3.170
1203	-2.000
1204	-2.000
1205	
1206	-3.087
1207	-1.322
1208	
1209	
1210	
1211	
1212	
1213	
1214	
1215	
1216	0.000
1217	
1218	
1219	
1220	
1221	-2.322
1222	
1223	
1224	
1225	-4.129
1226	-5.322
1227	-1.959
1228	-3.087
1229	-3.301
1230	-3.322
1231	-2.766
1232	-1.156
1233	-6.022
1234	-3.322
1235	
1236	-6.190
1237	-2.730
1238	-2.066
1239	-0.572
1240	-3.672
1241	-2.170
1242	-4.129
1243	-1.257
1244	-3.672
1245	-2.441
1246	-2.907
1247	-5.459
1248	-3.459
1249	-0.874
1250	-1.280
1251	-1.112
1252	-2.726
1253	-1.018
1254	-1.918
1255	-2.260
1256	-3.807
1257	1.632
1258	-0.807
1259	-0.338
1260	-1.363
1261	-3.385
1262	-2.170
1263	-1.103
1264	-2.061
1265	-0.422
1266	-1.038
1267	-1.893
1268	0.294
1269	-2.750
1270	-4.129
1271	-2.360
1272	-0.651
1273	-3.000
1274	-0.519
1275	-1.163
1276	0.526
1277	-3.503
1278	-3.402
1279	-2.219
1280	-5.087
1281	-1.954
1282	-1.000
1283	-3.515
1284	-1.948
1285	-4.248
1286	-3.585
1287	-2.007
1288	-7.154
1289	-2.982
1290	-1.858
1291	1.851
1292	-4.018
1293	-2.644
1294	-0.858
1295	-3.000
1296	-2.670
1297	-0.241
1298	-0.798
1299	0.100
1300	-0.038
1301	-2.907
1302	-2.078
1303	-0.673
1304	-0.544
1305	-4.700
1306	-3.934
1307	-1.629
1308	-2.544
1309	-0.140
1310	0.316
1311	-0.105
1312	-2.147
1313	-0.743
1314	-6.401
1315	-2.495
1316	-1.017
1317	-1.649
1318	-3.732
1319	-3.193
1320	-2.300
1321	
1322	-2.322
1323	-0.585
1324	-2.000
1325	-2.170
1326	
1327	
1328	
1329	-1.977
1330	-3.700
1331	-2.000
1332	
1333	
1334	
1335	
1336	-1.000
1337	
1338	
1339	-1.322
1340	
1341	
1342	
1343	-3.585
1344	0.000
1345	-3.129
1346	-4.503
1347	-2.874
1348	-1.700
1349	-2.000
1350	-2.898
1351	-2.421
1352	-2.161
1353	-2.143
1354	-1.933
1355	-2.536
1356	-1.005
1357	-4.672
1358	
1359	-4.044
1360	-1.844
1361	-2.285
1362	-3.073
1363	-2.361
1364	1.194
1365	-3.406
1366	-2.358
1367	-1.524
1368	-4.170
1369	0.457
1370	-4.539
1371	0.229
1372	-0.767
1373	0.062
1374	-2.607
1375	-4.154
1376	1.386
1377	-0.609
1378	-0.728
1379	-2.000
1380	-1.645
1381	-0.390
1382	-1.559
1383	-1.075
1384	0.967
1385	-0.773
1386	0.158
1387	-1.449
1388	-0.044
1389	-2.216
1390	-0.431
1391	-1.726
1392	-1.400
1393	-4.544
1394	-2.237
1395	-4.773
1396	1.340
1397	-2.830
1398	-2.722
1399	-0.793
1400	-1.218
1401	-1.459
1402	0.057
1403	-0.139
1404	0.024
1405	-2.708
1406	-4.273
1407	-2.160
1408	-2.710
1409	-0.827
1410	-3.907
1411	-0.190
1412	-1.459
1413	-3.070
1414	0.804
1415	-3.000
1416	-0.280
1417	-3.891
1418	-0.974
1419	0.105
1420	-0.958
1421	-3.186
1422	-1.740
1423	-0.658
1424	-2.451
1425	-4.248
1426	-2.209
1427	-2.019
1428	-0.541
1429	-1.402
1430	-0.660
1431	-4.585
1432	-1.769
1433	-1.261
1434	-2.322
1435	-0.785
1436	1.034
1437	0.060
1438	-3.044
1439	-0.454
1440	-1.022
1441	-1.521
1442	16.610
1443	
1444	
1445	-2.441
1446	-1.766
1447	-2.070
1448	
1449	
1450	
1451	
1452	
1453	-0.099
1454	
1455	
1456	-2.170
1457	-2.787
1458	
1459	
1460	
1461	-2.248
1462	-2.807
1463	
1464	
1465	-2.611
1466	-3.585
1467	-1.426
1468	-4.459
1469	-4.109
1470	-2.637
1471	-0.155
1472	-3.833
1473	-2.939
1474	-2.056
1475	-4.109
1476	-3.322
1477	-2.441
1478	-0.741
1479	-2.830
1480	-3.481
1481	-2.459
1482	-0.118
1483	-1.047
1484	-2.844
1485	-7.602
1486	-3.129
1487	-0.442
1488	-2.615
1489	-1.980
1490	-3.000
1491	0.014
1492	-0.650
1493	0.965
1494	-1.412
1495	-1.385
1496	-0.880
1497	-1.312
1498	0.196
1499	-2.322
1500	-1.109
1501	-0.486
1502	-1.080
1503	-0.834
1504	-2.219
1505	-0.500
1506	-2.795
1507	-1.624
1508	-0.102
1509	-2.193
1510	-2.106
1511	-0.122
1512	-0.913
1513	-3.042
1514	-3.193
1515	-2.228
1516	-3.672
1517	-2.539
1518	-3.304
1519	-1.255
1520	-0.556
1521	-1.037
1522	-2.379
1523	-0.958
1524	-2.298
1525	-0.098
1526	-2.402
1527	-2.784
1528	-4.011
1529	-2.658
1530	-2.000
1531	-3.115
1532	-1.676
1533	-1.427
1534	-4.369
1535	-1.316
1536	-3.134
1537	-2.143
1538	-2.415
1539	-0.823
1540	-1.110
1541	-0.541
1542	-1.655
1543	-0.458
1544	-0.102
1545	-1.743
1546	-3.095
1547	-2.787
1548	-0.973
1549	-0.807
1550	-1.962
1551	-1.931
1552	-1.118
1553	-3.629
1554	-3.248
1555	-1.499
1556	-0.209
1557	0.526
1558	-1.118
1559	-3.755
1560	-1.150
1561	-1.000
1562	
1563	
1564	
1565	-2.907
1566	
1567	-2.322
1568	
1569	-5.644
1570	-2.585
1571	-3.170
1572	
1573	
1574	
1575	
1576	
1577	-3.170
1578	
1579	
1580	
1581	
1582	
1583	
1584	-2.585
1585	-2.778
1586	-2.907
1587	-3.474
1588	-1.972
1589	-2.652
1590	-3.700
1591	-1.729
1592	-2.070
1593	-0.174
1594	-0.577
1595	-3.907
1596	-4.322
1597	-0.149
1598	-1.407
1599	-0.149
1600	-3.087
1601	-2.874
1602	-2.239
1603	-4.448
1604	-1.268
1605	-4.585
1606	-1.959
1607	-2.277
1608	-4.059
1609	0.191
1610	0.024
1611	-2.508
1612	0.517
1613	-0.422
1614	-2.059
1615	2.209
1616	-2.202
1617	-2.062
1618	-4.719
1619	-1.133
1620	-3.524
1621	-0.176
1622	-0.658
1623	-0.563
1624	-1.818
1625	0.805
1626	-2.280
1627	-1.954
1628	-1.106
1629	-1.451
1630	-3.030
1631	-2.395
1632	0.443
1633	0.256
1634	0.072
1635	-2.388
1636	-1.215
1637	-0.745
1638	-2.251
1639	-0.406
1640	-2.468
1641	-3.036
1642	-2.841
1643	-3.532
1644	-1.406
1645	0.125
1646	-1.390
1647	-0.436
1648	0.143
1649	-0.589
1650	-0.674
1651	-1.082
1652	-2.550
1653	-1.648
1654	-3.415
1655	0.302
1656	-2.585
1657	0.475
1658	-2.067
1659	-1.176
1660	-2.828
1661	-2.081
1662	-0.212
1663	-1.962
1664	-2.459
1665	-4.263
1666	-6.895
1667	-5.030
1668	-2.970
1669	-4.508
1670	-0.972
1671	-0.427
1672	-2.743
1673	-3.555
1674	-2.176
1675	-1.945
1676	-0.965
1677	-0.545
1678	-4.070
1679	-3.719
1680	-1.769
1681	
1682	-3.170
1683	-2.807
1684	
1685	-1.874
1686	-4.585
1687	-0.679
1688	
1689	-4.170
1690	-2.585
1691	
1692	
1693	
1694	
1695	1.000
1696	
1697	
1698	-1.585
1699	
1700	-3.700
1701	
1702	
1703	
1704	
1705	-4.170
1706	-2.445
1707	-5.000
1708	-2.415
1709	1.038
1710	-4.129
1711	
1712	-5.073
1713	-4.115
1714	-4.492
1715	-1.637
1716	-4.781
1717	-1.942
1718	-3.700
1719	-2.254
1720	-1.807
1721	-1.064
1722	-4.476
1723	-1.867
1724	-1.074
1725	-0.689
1726	
1727	-4.539
1728	
1729	-0.076
1730	-1.041
1731	-2.791
1732	-0.700
1733	-1.062
1734	-2.907
1735	-3.248
1736	-3.209
1737	-3.737
1738	-1.858
1739	-3.544
1740	-0.539
1741	-2.985
1742	-3.700
1743	-2.837
1744	-1.251
1745	-2.067
1746	-0.897
1747	-2.252
1748	-2.558
1749	-3.737
1750	-0.744
1751	-1.585
1752	-7.517
1753	-3.134
1754	-2.444
1755	-0.630
1756	-0.017
1757	-2.977
1758	-2.632
1759	-3.346
1760	-0.826
1761	-3.848
1762	-2.188
1763	-4.350
1764	-1.505
1765	
1766	-3.828
1767	-1.874
1768	-2.158
1769	-4.267
1770	-1.599
1771	-2.668
1772	-3.923
1773	-1.820
1774	-1.555
1775	-1.948
1776	-4.030
1777	-0.105
1778	-3.115
1779	-3.363
1780	-0.898
1781	-3.985
1782	-1.186
1783	-2.000
1784	-1.288
1785	-3.363
1786	-5.087
1787	-2.511
1788	-3.637
1789	-0.104
1790	-0.092
1791	-1.086
1792	-1.350
1793	-0.478
1794	
1795	-3.476
1796	-2.379
1797	-1.473
1798	
1799	-3.492
1800	-1.606
1801	-3.000
1802	
1803	
1804	-1.874
1805	-3.322
1806	-2.585
1807	
1808	
1809	-2.441
1810	-3.087
1811	-1.000
1812	
1813	
1814	
1815	
1816	
1817	
1818	-2.170
1819	-1.000
1820	-2.322
1821	-1.222
1822	
1823	
1824	-2.585
1825	-3.437
1826	-2.115
1827	-2.858
1828	-2.807
1829	-2.206
1830	-3.982
1831	-1.899
1832	-2.948
1833	-3.342
1834	-0.428
1835	-1.204
1836	-3.684
1837	-3.000
1838	1.423
1839	-2.888
1840	0.276
1841	-0.597
1842	1.018
1843	-1.913
1844	1.065
1845	-2.730
1846	-4.737
1847	-3.496
1848	-2.605
1849	-0.325
1850	0.524
1851	-2.848
1852	-1.837
1853	-0.216
1854	-2.209
1855	0.016
1856	-0.556
1857	-0.252
1858	-0.861
1859	-3.000
1860	-1.218
1861	0.993
1862	-0.705
1863	-1.922
1864	-0.719
1865	-2.585
1866	0.543
1867	-0.729
1868	-0.322
1869	-3.150
1870	-0.721
1871	-0.143
1872	-1.713
1873	-3.433
1874	-2.459
1875	-3.248
1876	-1.000
1877	-4.298
1878	-1.911
1879	-2.421
1880	-1.700
1881	-2.248
1882	0.102
1883	0.245
1884	0.108
1885	-4.476
1886	-5.833
1887	0.812
1888	-0.039
1889	-1.236
1890	6.681
1891	-0.647
1892	-1.392
1893	-3.115
1894	-2.943
1895	-2.000
1896	0.670
1897	-6.644
1898	-2.615
1899	-4.307
1900	0.011
1901	-2.874
1902	-1.706
1903	-1.829
1904	-1.038
1905	-3.196
1906	-3.602
1907	-1.644
1908	-0.589
1909	-1.399
1910	-0.989
1911	-4.565
1912	-1.443
1913	-0.401
1914	-5.115
1915	-0.978
1916	-2.684
1917	-1.665
1918	-4.624
1919	-1.361
1920	-0.281
1921	-2.888
1922	-2.000
1923	
1924	
1925	-1.807
1926	-2.624
1927	-3.524
1928	
1929	
1930	-3.000
1931	
1932	
1933	-2.743
1934	
1935	
1936	
1937	-2.459
1938	-1.000
1939	
1940	
1941	-0.229
1942	
1943	
1944	
1945	-2.781
1946	-2.230
1947	-1.807
1948	-2.322
1949	-3.030
1950	-2.322
1951	-4.426
1952	-4.000
1953	-2.226
1954	-5.248
1955	-3.205
1956	-2.059
1957	-1.549
1958	0.059
1959	-1.888
1960	-1.019
1961	-0.372
1962	-1.072
1963	-1.437
1964	-3.954
1965	-1.657
1966	-3.459
1967	-4.044
1968	-3.611
1969	-1.951
1970	-2.833
1971	-0.916
1972	-0.791
1973	-0.577
1974	-1.700
1975	-0.068
1976	-3.263
1977	-1.943
1978	0.232
1979	-0.125
1980	1.142
1981	-2.030
1982	-1.322
1983	-1.259
1984	0.376
1985	-0.187
1986	-0.491
1987	-2.140
1988	-1.778
1989	-2.539
1990	-2.289
1991	-0.971
1992	-0.670
1993	-1.393
1994	-0.785
1995	-2.974
1996	-1.369
1997	-2.611
1998	-2.637
1999	-2.766
2000	-1.856
2001	-2.051
2002	-0.833
2003	-0.026
2004	-0.700
2005	-3.256
2006	-2.190
2007	-2.081
2008	-1.073
2009	-0.719
2010	-0.341
2011	-3.700
2012	-3.129
2013	-1.982
2014	-2.536
2015	-1.433
2016	-0.017
2017	0.042
2018	-1.710
2019	-2.649
2020	-0.265
2021	-1.159
2022	-2.970
2023	-2.896
2024	-2.284
2025	0.334
2026	-2.365
2027	-4.186
2028	-1.472
2029	-0.471
2030	-3.948
2031	-1.158
2032	-0.441
2033	-2.907
2034	-2.280
2035	-1.063
2036	-0.621
2037	-1.170
2038	-0.226
2039	-3.544
2040	-0.965
2041	-2.170
2042	
2043	-2.585
2044	-1.585
2045	
2046	-1.000
2047	
2048	
2049	-2.503
2050	-4.000
2051	
2052	
2053	
2054	
2055	
2056	
2057	-2.459
2058	
2059	
2060	
2061	
2062	
2063	-1.000
2064	-0.415
2065	-2.716
2066	0.830
2067	-2.492
2068	-3.304
2069	-2.322
2070	-3.536
2071	-3.433
2072	-3.293
2073	-2.821
2074	-2.433
2075	-2.459
2076	-2.555
2077	-2.064
2078	-2.449
2079	0.388
2080	-2.755
2081	-1.974
2082	-2.585
2083	0.214
2084	-3.400
2085	-1.841
2086	-1.372
2087	-1.858
2088	-4.129
2089	0.360
2090	-2.415
2091	-2.301
2092	0.650
2093	-2.322
2094	-1.663
2095	0.031
2096	-2.672
2097	-1.972
2098	-2.568
2099	0.431
2100	-3.644
2101	-1.189
2102	-3.026
2103	-0.506
2104	-0.655
2105	-0.786
2106	-2.268
2107	-2.344
2108	0.518
2109	-0.131
2110	-2.202
2111	-1.952
2112	0.481
2113	-2.358
2114	-0.368
2115	-0.524
2116	0.315
2117	
2118	-2.508
2119	-1.183
2120	-1.681
2121	-1.744
2122	-2.087
2123	-0.672
2124	-3.561
2125	-2.070
2126	
2127	1.084
2128	0.190
2129	-0.503
2130	-1.495
2131	0.234
2132	-1.152
2133	-0.070
2134	-0.746
2135	-2.515
2136	-4.807
2137	-1.378
2138	-2.512
2139	-0.688
2140	-0.575
2141	-3.415
2142	-1.886
2143	-0.839
2144	-0.684
2145	-3.209
2146	-1.293
2147	
2148	-0.163
2149	-3.441
2150	-4.138
2151	-3.392
2152	-4.053
2153	-2.366
2154	-1.798
2155	-1.527
2156	-1.167
2157	-0.696
2158	-5.555
2159	-3.663
2160	-0.818
2161	-2.000
2162	16.610
2163	-2.322
2164	
2165	-5.129
2166	-4.807
2167	-2.275
2168	
2169	
2170	
2171	
2172	
2173	0.000
2174	-1.585
2175	-3.170
2176	-2.585
2177	-2.322
2178	
2179	-2.322
2180	-2.585
2181	
2182	
2183	
2184	
2185	-2.233
2186	-3.907
2187	-1.104
2188	-4.644
2189	-3.874
2190	-3.781
2191	-0.126
2192	
2193	-4.781
2194	-5.129
2195	-2.865
2196	-3.790
2197	-0.603
2198	-3.868
2199	-2.692
2200	-1.585
2201	-3.140
2202	-5.615
2203	-2.254
2204	-2.115
2205	-4.346
2206	-3.985
2207	-3.755
2208	-3.157
2209	-1.759
2210	-2.524
2211	-0.507
2212	0.125
2213	-1.932
2214	-5.443
2215	-3.945
2216	-3.123
2217	-2.907
2218	-2.553
2219	-3.700
2220	-0.686
2221	-0.719
2222	-3.609
2223	-3.339
2224	-3.267
2225	-2.190
2226	-3.833
2227	-4.000
2228	-3.036
2229	-1.807
2230	-1.611
2231	-1.569
2232	0.489
2233	-4.481
2234	-1.387
2235	0.636
2236	0.648
2237	-3.087
2238	-3.382
2239	-1.935
2240	-0.092
2241	-3.273
2242	-1.862
2243	-1.451
2244	-2.054
2245	
2246	-4.202
2247	-2.788
2248	-3.280
2249	-3.544
2250	-3.365
2251	-3.027
2252	-1.061
2253	-4.186
2254	-0.968
2255	-0.574
2256	-2.304
2257	-3.459
2258	-4.340
2259	-2.807
2260	-1.147
2261	-3.517
2262	-3.807
2263	0.116
2264	-2.075
2265	-2.120
2266	-1.628
2267	-3.719
2268	-4.615
2269	-0.609
2270	-3.793
2271	-0.807
2272	-2.563
2273	-0.404
2274	0.718
2275	-3.155
2276	-3.126
2277	-1.626
2278	-4.375
2279	-3.273
2280	-3.087
2281	
2282	-1.585
2283	-2.807
2284	
2285	-2.585
2286	
2287	
2288	
2289	-2.585
2290	
2291	-1.585
2292	
2293	-2.322
2294	
2295	
2296	0.000
2297	
2298	
2299	
2300	
2301	-2.585
2302	
2303	
2304	-3.322
2305	-3.273
2306	-2.967
2307	-2.807
2308	-3.585
2309	-3.000
2310	-1.352
2311	-2.700
2312	-1.834
2313	-3.087
2314	-0.363
2315	-2.360
2316	-2.322
2317	-1.826
2318	-0.598
2319	-3.970
2320	-1.881
2321	-1.275
2322	-0.681
2323	0.771
2324	0.676
2325	-3.109
2326	-1.372
2327	-3.143
2328	-2.026
2329	1.463
2330	-1.371
2331	-3.044
2332	-2.382
2333	-2.179
2334	1.397
2335	1.037
2336	0.431
2337	-2.360
2338	-1.310
2339	-2.596
2340	-1.543
2341	0.637
2342	-1.469
2343	-0.772
2344	-0.187
2345	-2.715
2346	0.508
2347	-0.031
2348	-1.175
2349	-2.349
2350	-2.693
2351	0.578
2352	-2.202
2353	-4.672
2354	-3.744
2355	-2.828
2356	-0.674
2357	-4.476
2358	-3.087
2359	-3.524
2360	-0.964
2361	-2.093
2362	-1.124
2363	0.423
2364	0.008
2365	-2.948
2366	-4.858
2367	-0.251
2368	-0.606
2369	-0.869
2370	-4.190
2371	-0.911
2372	-0.852
2373	-2.888
2374	-0.080
2375	0.342
2376	0.185
2377	-3.939
2378	-5.687
2379	-2.526
2380	0.291
2381	-3.923
2382	-0.795
2383	-0.691
2384	-0.652
2385	-4.689
2386	-2.852
2387	-0.248
2388	-0.156
2389	-0.398
2390	-0.008
2391	-1.140
2392	-4.200
2393	-0.522
2394	-2.958
2395	-0.142
2396	-0.059
2397	-1.954
2398	-0.812
2399	-1.612
2400	-1.900
2401	-2.138
2402	
2403	-2.000
2404	-1.000
2405	-0.374
2406	-4.755
2407	-2.115
2408	
2409	
2410	
2411	-2.907
2412	
2413	-2.713
2414	-0.415
2415	16.610
2416	
2417	-2.700
2418	-1.585
2419	
2420	
2421	-4.298
2422	-1.000
2423	0.000
2424	-1.000
2425	-2.615
2426	-2.541
2427	-3.298
2428	-2.687
2429	-2.251
2430	-1.178
2431	-2.527
2432	-2.755
2433	
2434	-4.392
2435	-2.445
2436	-3.392
2437	0.126
2438	0.337
2439	-1.189
2440	-0.067
2441	-1.614
2442	0.011
2443	-2.022
2444	-1.422
2445	-0.432
2446	-4.190
2447	-2.773
2448	-3.100
2449	-2.280
2450	-2.781
2451	-2.609
2452	0.063
2453	-1.743
2454	-0.751
2455	1.203
2456	0.051
2457	-1.248
2458	-1.626
2459	-1.493
2460	0.695
2461	-0.451
2462	-0.524
2463	-2.700
2464	-2.771
2465	-0.570
2466	-0.315
2467	3.617
2468	-1.769
2469	-2.922
2470	-2.524
2471	-2.685
2472	-3.222
2473	-1.524
2474	-2.532
2475	-1.851
2476	-1.032
2477	-1.745
2478	-0.656
2479	-0.296
2480	0.580
2481	-2.399
2482	-1.222
2483	0.143
2484	-1.046
2485	-2.123
2486	-2.234
2487	-1.506
2488	-1.585
2489	-3.503
2490	-0.406
2491	-3.026
2492	-3.476
2493	-0.945
2494	-4.248
2495	-1.288
2496	-2.182
2497	-0.469
2498	-0.418
2499	-0.270
2500	-1.566
2501	-0.060
2502	-0.176
2503	-2.682
2504	-0.195
2505	-0.801
2506	-0.769
2507	-3.485
2508	-1.726
2509	-3.020
2510	-0.789
2511	-1.649
2512	-0.576
2513	-0.725
2514	-1.130
2515	-1.188
2516	-1.691
2517	-1.240
2518	-2.948
2519	-3.668
2520	-0.621
2521	
2522	1.000
2523	-2.322
2524	-2.000
2525	-4.087
2526	
2527	
2528	
2529	-3.755
2530	-3.907
2531	
2532	
2533	-2.558
2534	-1.585
2535	0.000
2536	
2537	
2538	
2539	-2.585
2540	-1.585
2541	
2542	-3.000
2543	-2.322
2544	
2545	-2.256
2546	-3.585
2547	-3.075
2548	-3.369
2549	-4.044
2550	0.165
2551	-3.170
2552	7.598
2553	-1.660
2554	1.139
2555	-3.891
2556	-2.907
2557	-2.179
2558	-2.517
2559	-0.063
2560	-3.392
2561	-1.763
2562	-1.237
2563	0.834
2564	-3.075
2565	-2.649
2566	-4.036
2567	-1.788
2568	-4.672
2569	-1.990
2570	-2.672
2571	-1.119
2572	-0.939
2573	-3.663
2574	-3.123
2575	0.142
2576	-1.122
2577	-0.427
2578	-2.399
2579	-0.415
2580	-2.974
2581	-2.763
2582	-2.040
2583	-0.927
2584	-1.303
2585	-2.012
2586	-2.277
2587	-1.796
2588	-2.411
2589	-4.285
2590	-1.527
2591	-2.387
2592	0.326
2593	-2.313
2594	-0.381
2595	-1.716
2596	0.209
2597	-1.700
2598	-1.862
2599	-4.907
2600	-0.916
2601	-2.566
2602	-2.263
2603	-2.907
2604	-3.446
2605	-2.888
2606	-1.244
2607	-1.304
2608	0.195
2609	-0.239
2610	-0.029
2611	-3.941
2612	-3.506
2613	-2.972
2614	-1.256
2615	-0.293
2616	-1.346
2617	-5.476
2618	-2.233
2619	-3.605
2620	-0.350
2621	-2.037
2622	-1.152
2623	-2.131
2624	-0.366
2625	-1.023
2626	-2.878
2627	-3.147
2628	-4.644
2629	-3.565
2630	-0.733
2631	-3.985
2632	-0.232
2633	-3.524
2634	-6.267
2635	-1.085
2636	-1.839
2637	-0.741
2638	-2.569
2639	-4.555
2640	-1.853
2641	0.000
2642	
2643	
2644	
2645	-4.392
2646	16.610
2647	-0.788
2648	-1.585
2649	
2650	-4.170
2651	-1.322
2652	
2653	-3.459
2654	16.610
2655	16.610
2656	
2657	16.610
2658	-1.585
2659	
2660	
2661	-2.322
2662	-3.322
2663	
2664	
2665	0.415
2666	-0.316
2667	-4.907
2668	-3.459
2669	
2670	0.000
2671	-3.841
2672	-4.883
2673	-3.555
2674	-3.807
2675	-2.874
2676	-4.209
2677	16.610
2678	-3.700
2679	-1.585
2680	-2.807
2681	-0.379
2682	16.610
2683	0.000
2684	-1.585
2685	16.610
2686	-4.555
2687	
2688	-3.459
2689	-4.663
2690	
2691	
2692	-0.181
2693	-4.907
2694	-5.883
2695	0.000
2696	
2697	-0.874
2698	-2.773
2699	-1.000
2700	-1.977
2701	1.000
2702	-4.874
2703	-4.874
2704	
2705	-0.807
2706	
2707	-4.672
2708	
2709	-1.000
2710	-3.018
2711	-3.022
2712	-3.907
2713	
2714	-3.051
2715	0.918
2716	
2717	
2718	-2.000
2719	
2720	1.592
2721	-2.000
2722	-2.647
2723	-3.945
2724	0.000
2725	
2726	
2727	-3.242
2728	-2.585
2729	
2730	
2731	
2732	0.585
2733	-2.722
2734	-2.196
2735	-4.150
2736	-2.322
2737	-3.209
2738	-1.000
2739	-3.459
2740	-3.672
2741	
2742	-3.678
2743	-2.652
2744	-3.828
2745	-2.034
2746	
2747	-3.977
2748	-0.671
2749	-1.031
2750	-2.322
2751	-0.399
2752	-2.392
2753	
2754	
2755	
2756	-1.606
2757	-1.155
2758	16.610
2759	-4.728
2760	-2.598
2761	
2762	
2763	
2764	
2765	-4.087
2766	-2.700
2767	
2768	
2769	-3.392
2770	-3.907
2771	
2772	
2773	-2.807
2774	-1.322
2775	-2.585
2776	-1.322
2777	
2778	
2779	
2780	-1.322
2781	-1.000
2782	
2783	
2784	
2785	-4.030
2786	-3.781
2787	-3.322
2788	-3.907
2789	-4.115
2790	-3.283
2791	-2.196
2792	-2.848
2793	-3.209
2794	0.525
2795	0.493
2796	-3.293
2797	-1.499
2798	-1.442
2799	-2.453
2800	-1.436
2801	-0.861
2802	-3.644
2803	0.251
2804	-1.349
2805	-2.285
2806	-1.160
2807	-2.907
2808	-3.036
2809	-1.305
2810	-0.349
2811	-2.277
2812	0.945
2813	-0.918
2814	-2.305
2815	0.935
2816	-2.775
2817	-1.206
2818	-1.024
2819	-0.601
2820	-1.799
2821	-0.535
2822	0.388
2823	-0.722
2824	0.258
2825	-1.721
2826	0.623
2827	-0.511
2828	-3.140
2829	-0.472
2830	-1.268
2831	-0.086
2832	-4.450
2833	-4.036
2834	-3.443
2835	-2.607
2836	-1.146
2837	-2.215
2838	-2.726
2839	-4.188
2840	0.571
2841	-2.547
2842	0.338
2843	-2.508
2844	-1.732
2845	-2.519
2846	-4.508
2847	-3.256
2848	-0.975
2849	-4.022
2850	-3.632
2851	-1.087
2852	0.545
2853	-1.816
2854	0.202
2855	-1.060
2856	-0.429
2857	-4.190
2858	-3.239
2859	-0.663
2860	-1.036
2861	-3.732
2862	-2.227
2863	-0.585
2864	-1.597
2865	-3.072
2866	-3.907
2867	-0.228
2868	0.026
2869	-0.653
2870	0.243
2871	-1.642
2872	-0.423
2873	-0.322
2874	-2.529
2875	-0.292
2876	1.256
2877	-0.234
2878	-3.858
2879	-3.070
2880	-0.755
2881	-3.828
2882	-2.000
2883	
2884	
2885	-2.322
2886	-3.700
2887	-2.663
2888	
2889	
2890	
2891	
2892	
2893	-0.478
2894	
2895	
2896	-1.000
2897	-2.239
2898	
2899	
2900	
2901	-2.087
2902	-1.585
2903	-3.459
2904	
2905	3.287
2906	-2.322
2907	-2.619
2908	-2.585
2909	-5.248
2910	-2.104
2911	1.108
2912	0.266
2913	-2.948
2914	-1.585
2915	-2.841
2916	
2917	0.205
2918	-0.309
2919	-0.901
2920	-1.516
2921	-2.016
2922	-2.143
2923	-3.154
2924	-0.060
2925	-0.314
2926	-3.722
2927	-4.883
2928	-4.000
2929	-0.859
2930	-1.308
2931	-0.852
2932	-0.611
2933	-0.191
2934	0.049
2935	-1.271
2936	0.952
2937	-1.562
2938	-0.310
2939	0.893
2940	-2.788
2941	-1.737
2942	-0.832
2943	-1.967
2944	-1.167
2945	-2.707
2946	-0.257
2947	-2.299
2948	0.129
2949	0.929
2950	-3.109
2951	-2.392
2952	-2.974
2953	0.483
2954	-3.022
2955	0.271
2956	-0.780
2957	-2.255
2958	1.563
2959	-1.174
2960	-0.377
2961	0.621
2962	-1.283
2963	0.569
2964	-3.000
2965	-1.344
2966	-0.382
2967	-3.524
2968	-1.192
2969	-2.000
2970	-2.986
2971	-3.000
2972	-0.858
2973	-0.751
2974	-2.553
2975	-2.409
2976	-4.883
2977	-2.558
2978	-2.585
2979	-0.199
2980	0.384
2981	-2.147
2982	-2.170
2983	-2.778
2984	-1.057
2985	-1.322
2986	-0.519
2987	-3.121
2988	1.801
2989	-3.503
2990	-0.687
2991	-1.900
2992	0.204
2993	-0.616
2994	0.654
2995	-1.874
2996	-2.261
2997	-1.138
2998	-0.033
2999	-0.733
3000	-2.617
3001	-0.737
3002	
3003	
3004	
3005	-2.807
3006	
3007	
3008	
3009	-4.481
3010	-4.059
3011	-2.858
3012	
3013	-0.585
3014	
3015	
3016	
3017	
3018	
3019	-3.000
3020	
3021	
3022	
3023	-3.585
3024	-1.459
3025	-0.585
3026	-3.536
3027	-4.420
3028	-2.874
3029	-2.509
3030	-2.970
3031	-3.059
3032	-2.400
3033	-2.259
3034	-4.209
3035	-3.524
3036	
3037	0.762
3038	-2.387
3039	-1.690
3040	-2.710
3041	-2.891
3042	-4.038
3043	-2.780
3044	-0.756
3045	-2.933
3046	-3.833
3047	-3.893
3048	-3.874
3049	-0.835
3050	-3.421
3051	-2.307
3052	-4.379
3053	-1.379
3054	-3.682
3055	0.856
3056	-1.703
3057	-3.202
3058	-5.409
3059	-0.497
3060	-2.807
3061	-2.128
3062	-2.402
3063	3.715
3064	-0.550
3065	0.785
3066	-1.334
3067	-3.636
3068	-3.304
3069	-0.969
3070	-4.036
3071	-2.431
3072	-2.688
3073	-2.392
3074	-2.687
3075	-3.948
3076	-0.508
3077	-0.438
3078	-2.851
3079	-1.014
3080	-3.219
3081	-1.680
3082	-2.963
3083	0.689
3084	-1.496
3085	-3.658
3086	0.469
3087	-3.459
3088	-0.877
3089	-2.951
3090	-3.476
3091	-3.353
3092	-3.282
3093	-2.544
3094	-0.588
3095	-3.639
3096	-0.793
3097	0.254
3098	-2.899
3099	-2.888
3100	-3.354
3101	-2.107
3102	-3.548
3103	-3.684
3104	-1.546
3105	-4.719
3106	-2.807
3107	-3.508
3108	-2.657
3109	-4.070
3110	-4.104
3111	-2.372
3112	-2.127
3113	-1.966
3114	-4.051
3115	-4.433
3116	-1.535
3117	-2.361
3118	-3.732
3119	-3.303
3120	-1.363
3121	
3122	-1.322
3123	
3124	
3125	-3.392
3126	-3.459
3127	
3128	
3129	
3130	
3131	
3132	
3133	-3.000
3134	
3135	
3136	
3137	-1.807
3138	
3139	-0.585
3140	-2.000
3141	-0.585
3142	-1.807
3143	-1.585
3144	
3145	-4.807
3146	-3.248
3147	-2.833
3148	-4.170
3149	-4.087
3150	-5.087
3151	-2.939
3152	-2.342
3153	-3.544
3154	-3.907
3155	-4.087
3156	-4.170
3157	-0.807
3158	-1.890
3159	-1.402
3160	-3.766
3161	-3.087
3162	-2.637
3163	0.310
3164	-4.070
3165	-4.293
3166	-2.652
3167	-2.844
3168	1.220
3169	-3.100
3170	-2.874
3171	-3.053
3172	-1.025
3173	-3.000
3174	0.708
3175	-3.700
3176	-1.700
3177	0.755
3178	-1.222
3179	-1.222
3180	0.268
3181	
3182	-1.558
3183	-3.336
3184	-2.636
3185	0.070
3186	-2.369
3187	-3.392
3188	-4.563
3189	-1.682
3190	-0.131
3191	-0.892
3192	-0.265
3193	-1.940
3194	-1.841
3195	-2.237
3196	-0.362
3197	-3.109
3198	-3.868
3199	-3.539
3200	-2.087
3201	-2.285
3202	-0.252
3203	-4.263
3204	-0.080
3205	-3.018
3206	-3.209
3207	0.255
3208	-1.674
3209	-4.087
3210	-3.263
3211	-1.979
3212	-3.790
3213	-5.044
3214	1.104
3215	-2.828
3216	-3.476
3217	-0.333
3218	-2.307
3219	-3.030
3220	-3.256
3221	-1.673
3222	-3.644
3223	-2.890
3224	-0.860
3225	-3.420
3226	-3.170
3227	-1.115
3228	-5.073
3229	-0.243
3230	-2.601
3231	1.051
3232	-3.837
3233	-0.779
3234	-3.027
3235	-2.585
3236	
3237	-0.443
3238	-2.907
3239	-0.844
3240	-2.893
3241	
3242	
3243	
3244	-2.170
3245	-3.248
3246	-2.170
3247	-2.170
3248	
3249	-3.150
3250	-4.781
3251	
3252	
3253	-2.459
3254	-2.322
3255	
3256	
3257	
3258	-3.000
3259	
3260	
3261	
3262	-2.459
3263	
3264	-3.170
3265	-4.426
3266	-4.087
3267	-2.747
3268	-4.115
3269	-3.624
3270	-2.710
3271	-4.036
3272	-3.129
3273	-2.441
3274	-3.619
3275	-3.781
3276	-3.794
3277	-0.977
3278	-1.779
3279	-0.916
3280	-3.087
3281	-2.468
3282	-2.719
3283	1.397
3284	-1.061
3285	-1.600
3286	-0.072
3287	-3.682
3288	-0.175
3289	-3.282
3290	-0.518
3291	0.339
3292	0.118
3293	-3.634
3294	0.174
3295	-1.252
3296	0.000
3297	-5.841
3298	-1.453
3299	-2.322
3300	0.876
3301	-1.954
3302	-0.010
3303	-0.570
3304	0.106
3305	0.387
3306	-3.816
3307	-2.558
3308	-2.605
3309	-2.074
3310	0.718
3311	-3.663
3312	0.186
3313	-6.209
3314	-4.059
3315	-4.248
3316	1.172
3317	-5.322
3318	-1.344
3319	-3.273
3320	-3.312
3321	-5.051
3322	-1.819
3323	-2.674
3324	0.380
3325	-0.426
3326	-5.000
3327	-2.161
3328	-2.862
3329	-0.933
3330	-4.794
3331	-1.028
3332	-2.521
3333	-3.755
3334	-3.138
3335	-4.907
3336	-2.339
3337	-1.043
3338	-2.104
3339	-1.980
3340	-4.524
3341	-3.081
3342	-2.747
3343	0.160
3344	-0.190
3345	-7.238
3346	-3.152
3347	-3.306
3348	-1.769
3349	-1.382
3350	-0.057
3351	-3.459
3352	-2.556
3353	-2.572
3354	-4.801
3355	-1.366
3356	-1.574
3357	-3.138
3358	-0.703
3359	-4.511
3360	-1.705
3361	-1.737
3362	
3363	
3364	-2.000
3365	-3.459
3366	-3.322
3367	-3.059
3368	
3369	
3370	
3371	
3372	
3373	-2.883
3374	
3375	-2.000
3376	
3377	-1.660
3378	
3379	
3380	
3381	-2.248
3382	-2.322
3383	-3.000
3384	
3385	-2.229
3386	-2.619
3387	-3.026
3388	-2.605
3389	-3.544
3390	-3.020
3391	0.550
3392	-2.348
3393	-1.951
3394	-3.496
3395	-4.365
3396	-3.186
3397	-2.322
3398	-0.538
3399	-0.373
3400	-1.155
3401	-2.839
3402	-0.878
3403	-1.189
3404	-1.716
3405	-2.926
3406	-2.181
3407	-7.384
3408	-5.644
3409	-1.218
3410	-0.251
3411	3.451
3412	0.757
3413	0.275
3414	0.052
3415	-0.216
3416	0.557
3417	-1.322
3418	0.036
3419	-2.511
3420	0.361
3421	-1.519
3422	-1.743
3423	-1.102
3424	-0.401
3425	-2.585
3426	-0.441
3427	-0.939
3428	-0.895
3429	-1.666
3430	-4.087
3431	-2.415
3432	-2.436
3433	-4.349
3434	-2.288
3435	-2.607
3436	-6.059
3437	-1.227
3438	-1.190
3439	-2.346
3440	0.108
3441	-2.693
3442	-3.515
3443	-1.828
3444	-1.728
3445	-1.058
3446	0.008
3447	-3.744
3448	-0.335
3449	-1.958
3450	-0.788
3451	-4.954
3452	-0.830
3453	-1.097
3454	-3.481
3455	-3.891
3456	-3.342
3457	-0.673
3458	-1.556
3459	-1.143
3460	0.276
3461	-1.371
3462	-1.459
3463	-3.385
3464	-1.256
3465	0.377
3466	-1.926
3467	-3.402
3468	0.413
3469	-2.120
3470	-1.180
3471	-2.596
3472	0.388
3473	-0.981
3474	-1.536
3475	-1.256
3476	1.435
3477	-1.574
3478	0.220
3479	-1.948
3480	-2.663
3481	
3482	-3.170
3483	
3484	-2.000
3485	
3486	-1.807
3487	-4.000
3488	
3489	-6.087
3490	-5.615
3491	-4.087
3492	
3493	
3494	
3495	-2.000
3496	
3497	
3498	-1.000
3499	
3500	
3501	-3.000
3502	
3503	
3504	-1.322
3505	-3.382
3506	-3.375
3507	-2.234
3508	-3.369
3509	-2.607
3510	-1.821
3511	-2.558
3512	-3.170
3513	-1.965
3514	-3.115
3515	-1.613
3516	-4.322
3517	-1.826
3518	-1.965
3519	-1.144
3520	-2.379
3521	-1.401
3522	-1.867
3523	-3.374
3524	-2.397
3525	-2.304
3526	-3.926
3527	-4.000
3528	-3.379
3529	0.408
3530	0.107
3531	-3.705
3532	-1.138
3533	-2.379
3534	-4.263
3535	3.699
3536	-3.190
3537	-2.750
3538	-3.682
3539	-0.574
3540	-3.532
3541	-2.830
3542	-1.564
3543	-2.980
3544	-1.452
3545	0.610
3546	-1.294
3547	-3.524
3548	-3.369
3549	0.138
3550	-2.426
3551	-3.737
3552	-2.170
3553	-2.682
3554	-2.000
3555	-1.404
3556	-3.188
3557	-0.399
3558	-4.202
3559	-1.671
3560	-2.629
3561	-2.242
3562	-4.121
3563	-4.304
3564	-1.034
3565	-4.000
3566	-3.138
3567	-2.883
3568	-1.226
3569	-3.159
3570	-2.040
3571	-1.000
3572	-4.415
3573	-7.120
3574	-1.826
3575	-3.822
3576	-0.628
3577	-0.273
3578	-4.233
3579	-2.138
3580	-2.899
3581	-4.585
3582	-3.822
3583	-6.600
3584	-2.888
3585	-5.196
3586	0.139
3587	-1.775
3588	-3.716
3589	-3.948
3590	-5.340
3591	-2.644
3592	-3.373
3593	-3.095
3594	-4.907
3595	-3.365
3596	-3.943
3597	-4.600
3598	-5.346
3599	-2.322
3600	-2.747
3601	
3602	
3603	-3.170
3604	-1.170
3605	-2.585
3606	-3.369
3607	
3608	
3609	
3610	-3.170
3611	-2.459
3612	
3613	
3614	
3615	
3616	-2.322
3617	
3618	
3619	
3620	
3621	
3622	
3623	-2.807
3624	-3.459
3625	-5.755
3626	-4.931
3627	-4.087
3628	-5.285
3629	-3.874
3630	
3631	-2.067
3632	-4.322
3633	-4.322
3634	-2.907
3635	-4.555
3636	-4.375
3637	0.203
3638	-1.337
3639	0.497
3640	-2.874
3641	-2.700
3642	-2.874
3643	-2.885
3644	
3645	-4.115
3646	-3.129
3647	-1.110
3648	-4.931
3649	-2.508
3650	-1.716
3651	-2.755
3652	-1.621
3653	-2.170
3654	0.327
3655	-1.848
3656	-2.280
3657	-1.672
3658	-1.073
3659	-3.215
3660	-2.408
3661	-2.663
3662	0.980
3663	-2.322
3664	-3.342
3665	-0.630
3666	-1.403
3667	-2.550
3668	-1.883
3669	-4.565
3670	-4.036
3671	1.333
3672	-0.665
3673	-3.059
3674	-1.618
3675	-1.435
3676	1.354
3677	-3.078
3678	
3679	-1.667
3680	-4.170
3681	-3.193
3682	-2.276
3683	-4.687
3684	-1.621
3685	-3.402
3686	-4.508
3687	-1.564
3688	-2.766
3689	-4.293
3690	-1.598
3691	-1.077
3692	-1.629
3693	-5.285
3694	-3.016
3695	-1.845
3696	-5.977
3697	-0.836
3698	-0.634
3699	-2.046
3700	-3.923
3701	-0.992
3702	-4.544
3703	1.606
3704	-2.259
3705	-5.870
3706	-4.409
3707	-3.173
3708	1.228
3709	-2.454
3710	0.384
3711	-0.757
3712	1.318
3713	-0.942
3714	-0.678
3715	-2.619
3716	-3.063
3717	-0.596
3718	-4.600
3719	-3.363
3720	-7.022
3721	-1.585
3722	
3723	
3724	
3725	
3726	-2.459
3727	
3728	
3729	-1.862
3730	-3.059
3731	-3.585
3732	
3733	
3734	
3735	-2.000
3736	
3737	-1.807
3738	-2.322
3739	
3740	
3741	
3742	0.000
3743	
3744	
3745	-2.931
3746	-0.593
3747	-2.700
3748	-3.030
3749	-2.700
3750	-1.778
3751	-2.184
3752	-3.070
3753	-3.550
3754	-3.066
3755	-2.688
3756	-5.313
3757	-2.081
3758	-1.400
3759	-2.918
3760	-0.766
3761	1.281
3762	-2.140
3763	-3.000
3764	-0.218
3765	-3.215
3766	-3.227
3767	-3.524
3768	-2.722
3769	-1.495
3770	-1.501
3771	-0.685
3772	0.000
3773	-0.980
3774	-1.024
3775	0.666
3776	-0.272
3777	-4.492
3778	-2.256
3779	-2.509
3780	0.222
3781	-1.126
3782	-0.837
3783	-1.922
3784	-2.907
3785	-1.515
3786	-0.055
3787	0.263
3788	-2.778
3789	-2.344
3790	-0.766
3791	-2.967
3792	-1.585
3793	-4.728
3794	-3.000
3795	-3.644
3796	-1.904
3797	-3.222
3798	-4.561
3799	-1.781
3800	-3.488
3801	-2.678
3802	-1.247
3803	-1.816
3804	0.137
3805	-4.700
3806	-0.933
3807	-2.031
3808	-2.788
3809	-1.277
3810	-5.629
3811	-3.676
3812	-2.082
3813	-3.375
3814	-2.700
3815	-3.737
3816	-0.506
3817	-6.340
3818	-6.629
3819	-2.752
3820	0.662
3821	-4.524
3822	-3.322
3823	-3.921
3824	-0.566
3825	-3.036
3826	-4.030
3827	-0.115
3828	-2.038
3829	-0.762
3830	1.283
3831	-1.036
3832	-1.209
3833	-3.807
3834	-1.459
3835	-1.870
3836	
3837	-3.492
3838	-2.737
3839	-1.700
3840	-1.966
3841	0.176
3842	-2.585
3843	-3.000
3844	0.000
3845	-2.115
3846	-2.722
3847	-2.263
3848	
3849	
3850	-2.459
3851	
3852	
3853	-2.700
3854	
3855	
3856	
3857	-2.553
3858	
3859	
3860	-2.000
3861	-0.639
3862	
3863	-2.000
3864	
3865	-4.248
3866	-2.093
3867	-3.923
3868	-3.233
3869	-5.919
3870	-2.363
3871	-2.670
3872	-1.830
3873	-2.963
3874	-1.837
3875	-3.833
3876	-3.322
3877	-2.263
3878	-4.015
3879	0.397
3880	-2.869
3881	-0.973
3882	-2.768
3883	-1.693
3884	0.801
3885	-1.091
3886	-2.837
3887	-1.654
3888	-5.170
3889	-0.717
3890	-4.585
3891	-2.013
3892	1.343
3893	3.043
3894	-1.402
3895	-2.693
3896	2.204
3897	-3.304
3898	0.772
3899	-4.000
3900	-0.904
3901	0.390
3902	-2.000
3903	-2.073
3904	-3.389
3905	-1.485
3906	-3.097
3907	-2.862
3908	-2.381
3909	-4.150
3910	-2.974
3911	2.288
3912	-2.423
3913	-0.655
3914	-3.059
3915	-1.369
3916	-0.118
3917	-1.807
3918	-3.824
3919	-1.969
3920	-0.538
3921	-2.858
3922	-3.907
3923	-3.150
3924	-3.555
3925	-3.515
3926	0.335
3927	-4.154
3928	-5.409
3929	-1.539
3930	-2.459
3931	-3.147
3932	-0.380
3933	0.492
3934	-3.807
3935	1.040
3936	-1.237
3937	0.401
3938	-1.432
3939	-4.594
3940	-2.688
3941	-3.259
3942	-0.958
3943	-4.115
3944	-1.065
3945	-2.862
3946	-2.780
3947	-4.222
3948	-0.488
3949	-0.235
3950	-4.728
3951	-3.728
3952	1.037
3953	-3.354
3954	-3.907
3955	-4.263
3956	-2.485
3957	-0.863
3958	-0.256
3959	-5.066
3960	-4.129
3961	16.610
3962	-0.415
3963	
3964	-2.585
3965	
3966	-2.322
3967	-3.322
3968	
3969	-5.392
3970	-5.170
3971	-4.044
3972	
3973	-2.000
3974	
3975	
3976	
3977	
3978	16.610
3979	
3980	16.610
3981	
3982	
3983	-2.000
3984	
3985	-2.865
3986	-4.728
3987	-4.248
3988	-3.459
3989	-4.459
3990	-3.115
3991	-3.624
3992	-2.268
3993	-3.369
3994	-3.585
3995	-2.858
3996	-3.426
3997	-3.170
3998	-2.931
3999	1.713
4000	-2.833
4001	-1.017
4002	-2.607
4003	-4.519
4004	7.683
4005	-3.280
4006	-1.110
4007	-5.858
4008	0.222
4009	-0.204
4010	-2.624
4011	-1.543
4012	-1.310
4013	-1.181
4014	-2.387
4015	1.078
4016	
4017	-3.636
4018	-3.954
4019	-2.202
4020	-2.290
4021	-2.967
4022	-1.037
4023	-2.341
4024	-0.959
4025	-2.900
4026	-1.913
4027	0.690
4028	-2.966
4029	-1.675
4030	-3.000
4031	-1.030
4032	-1.541
4033	-3.544
4034	-2.093
4035	-3.619
4036	-0.369
4037	-0.483
4038	-0.263
4039	-4.121
4040	-2.032
4041	-1.689
4042	-2.239
4043	-2.547
4044	-0.071
4045	-2.896
4046	-2.263
4047	-0.204
4048	-1.659
4049	-2.170
4050	-3.044
4051	-1.074
4052	-2.719
4053	1.187
4054	0.385
4055	-1.381
4056	-0.306
4057	-1.089
4058	-3.652
4059	-1.184
4060	-4.170
4061	-3.787
4062	-4.570
4063	
4064	-2.893
4065	-3.755
4066	-0.764
4067	-2.222
4068	-2.222
4069	-4.053
4070	-3.474
4071	0.221
4072	-1.478
4073	-1.239
4074	-1.178
4075	-1.222
4076	-1.835
4077	0.253
4078	-3.700
4079	-3.291
4080	-2.229
4081	0.000
4082	
4083	-2.170
4084	
4085	
4086	-5.209
4087	
4088	
4089	-3.700
4090	
4091	-3.000
4092	
4093	
4094	-2.459
4095	
4096	0.000
4097	-2.322
4098	
4099	-1.585
4100	-3.585
4101	
4102	
4103	
4104	
4105	-5.304
4106	-4.358
4107	-3.059
4108	
4109	-3.868
4110	-3.555
4111	-2.585
4112	-1.255
4113	-4.663
4114	
4115	-4.248
4116	-4.954
4117	-2.519
4118	-2.657
4119	-2.070
4120	-3.248
4121	-4.170
4122	-5.304
4123	-1.475
4124	-4.481
4125	-4.196
4126	-3.807
4127	-4.409
4128	-3.700
4129	-1.303
4130	-2.700
4131	-3.858
4132	-4.970
4133	-1.037
4134	-2.931
4135	-2.280
4136	-4.162
4137	1.058
4138	-2.585
4139	-0.798
4140	-2.485
4141	-2.536
4142	-2.628
4143	-2.404
4144	-3.668
4145	-0.686
4146	-0.585
4147	-1.042
4148	-0.379
4149	-2.212
4150	-3.239
4151	-4.923
4152	-0.951
4153	-3.020
4154	-0.718
4155	-0.669
4156	1.397
4157	-3.672
4158	-4.263
4159	-2.265
4160	-3.963
4161	-1.234
4162	-0.560
4163	-3.926
4164	-1.326
4165	-3.000
4166	-3.000
4167	-1.335
4168	-6.908
4169	-1.737
4170	-1.024
4171	1.921
4172	-4.138
4173	-1.830
4174	1.182
4175	-4.022
4176	2.879
4177	0.161
4178	-0.126
4179	0.856
4180	0.294
4181	-2.400
4182	-2.369
4183	0.008
4184	-0.227
4185	-6.492
4186	-4.158
4187	-1.897
4188	
4189	0.324
4190	0.813
4191	0.163
4192	-2.251
4193	0.020
4194	-4.658
4195	-2.453
4196	-0.585
4197	-1.294
4198	-2.348
4199	-4.379
4200	-4.104
4201	
4202	
4203	
4204	
4205	
4206	-2.585
4207	
4208	
4209	-2.963
4210	-3.000
4211	-1.807
4212	
4213	
4214	
4215	
4216	
4217	
4218	-1.000
4219	-3.322
4220	
4221	-2.322
4222	-2.000
4223	
4224	-1.439
4225	-3.209
4226	-3.215
4227	-3.267
4228	-4.298
4229	-2.710
4230	-4.544
4231	-3.636
4232	-2.508
4233	-4.229
4234	-2.878
4235	-2.907
4236	-1.193
4237	-4.196
4238	-4.858
4239	-1.716
4240	
4241	-3.190
4242	-4.322
4243	-5.044
4244	0.042
4245	-4.000
4246	-5.044
4247	-3.263
4248	-3.858
4249	-0.769
4250	-4.143
4251	-1.082
4252	-3.170
4253	-2.737
4254	-4.481
4255	-5.524
4256	0.275
4257	-2.243
4258	-1.519
4259	-3.064
4260	-3.926
4261	-2.333
4262	-3.415
4263	-1.047
4264	1.198
4265	-0.556
4266	0.239
4267	-1.815
4268	-0.558
4269	-1.681
4270	-0.819
4271	-1.818
4272	-4.170
4273	-4.415
4274	-3.585
4275	-3.304
4276	1.552
4277	-3.644
4278	-4.102
4279	-4.565
4280	-1.379
4281	-3.075
4282	-0.603
4283	-0.956
4284	0.053
4285	-3.851
4286	
4287	-2.052
4288	-2.229
4289	-1.129
4290	-4.409
4291	0.100
4292	-2.907
4293	-3.585
4294	1.005
4295	-4.615
4296	-0.559
4297	-4.741
4298	-1.108
4299	-0.703
4300	-1.956
4301	-4.170
4302	-1.930
4303	-2.288
4304	-2.967
4305	-3.787
4306	-2.700
4307	-3.544
4308	-2.574
4309	-2.304
4310	-0.889
4311	-4.644
4312	-3.186
4313	-1.234
4314	-3.755
4315	-2.475
4316	0.182
4317	-0.289
4318	-3.878
4319	-0.162
4320	
4321	-1.297
4322	-3.322
4323	-2.322
4324	
4325	-3.954
4326	-5.087
4327	-2.202
4328	
4329	-4.459
4330	-2.000
4331	-2.000
4332	
4333	-0.129
4334	
4335	
4336	
4337	-2.344
4338	
4339	-3.459
4340	
4341	-3.893
4342	
4343	
4344	-2.585
4345	-2.471
4346	-4.858
4347	-1.605
4348	-4.807
4349	-4.605
4350	-1.513
4351	0.443
4352	-4.503
4353	-3.605
4354	-2.769
4355	-2.984
4356	-3.350
4357	-2.000
4358	-0.304
4359	-3.858
4360	-1.170
4361	-1.433
4362	0.139
4363	-0.748
4364	-2.188
4365	-7.115
4366	-3.655
4367	0.164
4368	-1.415
4369	-1.359
4370	-3.066
4371	-0.476
4372	0.824
4373	1.083
4374	-0.843
4375	-2.429
4376	-1.129
4377	-3.087
4378	0.459
4379	-1.636
4380	0.000
4381	-0.170
4382	-0.837
4383	-1.140
4384	0.201
4385	-0.694
4386	-2.245
4387	-1.562
4388	-0.745
4389	-3.459
4390	-2.138
4391	0.373
4392	-0.435
4393	-2.285
4394	-3.342
4395	-2.385
4396	-1.153
4397	-1.814
4398	-2.896
4399	-1.303
4400	-0.269
4401	-1.749
4402	-1.982
4403	-0.252
4404	-1.206
4405	0.245
4406	-2.147
4407	-3.129
4408	-1.785
4409	-1.328
4410	-1.351
4411	-2.018
4412	-3.626
4413	-1.475
4414	-4.181
4415	-1.322
4416	-3.044
4417	-2.303
4418	-2.102
4419	-0.250
4420	-0.135
4421	-0.981
4422	-1.023
4423	-0.107
4424	-1.686
4425	-0.595
4426	-2.716
4427	-3.807
4428	-0.060
4429	-0.165
4430	-1.549
4431	-1.127
4432	0.284
4433	-1.874
4434	-1.683
4435	-0.908
4436	-2.768
4437	0.235
4438	-1.859
4439	-3.548
4440	-0.547
4441	
4442	
4443	0.000
4444	-3.322
4445	-2.874
4446	-4.000
4447	-1.459
4448	
4449	-5.644
4450	-3.087
4451	-4.755
4452	
4453	
4454	
4455	
4456	
4457	-1.585
4458	-3.700
4459	
4460	
4461	
4462	
4463	-1.585
4464	-2.322
4465	-3.406
4466	-3.193
4467	-2.948
4468	-2.143
4469	-1.967
4470	-3.150
4471	-2.509
4472	-2.338
4473	-1.655
4474	-1.493
4475	-3.354
4476	-3.939
4477	-0.031
4478	-0.485
4479	0.803
4480	-2.478
4481	-2.722
4482	-2.271
4483	-3.891
4484	-1.373
4485	-4.036
4486	-2.415
4487	-3.129
4488	-3.485
4489	0.265
4490	0.234
4491	-1.301
4492	0.939
4493	0.165
4494	-1.539
4495	2.903
4496	-1.561
4497	-2.419
4498	-2.082
4499	-0.784
4500	-3.342
4501	0.149
4502	-0.550
4503	0.664
4504	0.066
4505	0.573
4506	-1.585
4507	-1.345
4508	-0.574
4509	-0.508
4510	-2.563
4511	-1.803
4512	0.714
4513	0.399
4514	0.559
4515	-1.773
4516	-0.365
4517	-1.270
4518	-1.639
4519	-0.373
4520	-1.366
4521	-1.774
4522	-1.606
4523	-0.874
4524	-0.558
4525	0.228
4526	-0.976
4527	0.124
4528	0.475
4529	-0.003
4530	-0.469
4531	-0.953
4532	-1.432
4533	-0.565
4534	-1.267
4535	1.039
4536	0.091
4537	-0.013
4538	-0.650
4539	-0.648
4540	-2.684
4541	-3.134
4542	0.353
4543	-5.459
4544	-1.096
4545	-4.539
4546	-3.688
4547	-4.233
4548	-2.752
4549	-2.924
4550	-0.152
4551	0.384
4552	-1.957
4553	-3.369
4554	-1.322
4555	-1.573
4556	-0.617
4557	-0.965
4558	-2.607
4559	-2.544
4560	-1.158
4561	
4562	-2.322
4563	
4564	-1.737
4565	-3.248
4566	-5.044
4567	-0.270
4568	
4569	-4.322
4570	-3.907
4571	
4572	
4573	
4574	-1.737
4575	
4576	-2.585
4577	
4578	-2.807
4579	
4580	
4581	-1.807
4582	
4583	
4584	
4585	-4.931
4586	-2.170
4587	-3.841
4588	-1.778
4589	1.127
4590	-3.807
4591	-5.954
4592	-4.895
4593	-3.678
4594	-3.536
4595	-0.807
4596	-3.322
4597	-0.570
4598	-2.663
4599	-1.716
4600	-1.822
4601	-0.435
4602	-3.570
4603	-1.083
4604	-1.428
4605	-0.508
4606	-3.585
4607	-3.837
4608	-3.807
4609	0.366
4610	-0.655
4611	-2.043
4612	-0.914
4613	-0.544
4614	-2.322
4615	-2.087
4616	-2.034
4617	-1.816
4618	-0.608
4619	-2.547
4620	-0.026
4621	-3.107
4622	-3.437
4623	-3.000
4624	-1.156
4625	-0.899
4626	-0.599
4627	-0.140
4628	-1.129
4629	-3.361
4630	-0.578
4631	-2.100
4632	-7.075
4633	-3.000
4634	-0.883
4635	0.386
4636	0.671
4637	-2.459
4638	-2.170
4639	-2.239
4640	-0.496
4641	-3.059
4642	-1.315
4643	-5.055
4644	-1.666
4645	-4.044
4646	-2.104
4647	-1.698
4648	-2.482
4649	-1.690
4650	-1.355
4651	-2.867
4652	-3.733
4653	-1.607
4654	-1.574
4655	-0.476
4656	-1.516
4657	0.184
4658	-1.248
4659	-2.492
4660	-0.234
4661	-3.075
4662	-0.520
4663	-2.181
4664	-0.463
4665	-2.759
4666	-3.229
4667	-1.774
4668	-3.459
4669	0.507
4670	0.933
4671	-0.353
4672	-0.663
4673	0.279
4674	-3.710
4675	-2.970
4676	-0.749
4677	-0.297
4678	-4.615
4679	-2.014
4680	-2.237
4681	
4682	
4683	
4684	
4685	-3.322
4686	
4687	
4688	
4689	-4.555
4690	-3.807
4691	-2.585
4692	
4693	-2.000
4694	-2.585
4695	
4696	
4697	-1.000
4698	
4699	
4700	-3.700
4701	
4702	-1.585
4703	
4704	
4705	-3.624
4706	-5.044
4707	-1.503
4708	-3.907
4709	-2.159
4710	-3.684
4711	-4.307
4712	-4.170
4713	-3.170
4714	-0.855
4715	-1.200
4716	-3.807
4717	-4.248
4718	0.903
4719	-2.459
4720	-2.000
4721	-0.333
4722	0.752
4723	-2.373
4724	0.327
4725	-3.807
4726	-4.790
4727	-3.982
4728	-3.322
4729	-2.445
4730	0.637
4731	1.000
4732	-1.496
4733	-0.008
4734	-3.474
4735	-0.678
4736	-0.779
4737	-1.156
4738	-0.947
4739	-3.075
4740	-2.260
4741	1.338
4742	0.036
4743	-1.564
4744	-0.744
4745	-2.624
4746	0.576
4747	-0.747
4748	-0.856
4749	-3.363
4750	-1.691
4751	-2.228
4752	-2.649
4753	-4.322
4754	-2.230
4755	-2.848
4756	-1.427
4757	-4.524
4758	-2.719
4759	-2.603
4760	-2.234
4761	-3.524
4762	0.280
4763	-0.301
4764	-0.245
4765	-2.533
4766	-4.222
4767	-0.211
4768	-0.430
4769	-1.387
4770	6.665
4771	-0.336
4772	-1.750
4773	-3.907
4774	-3.921
4775	-3.700
4776	0.579
4777	-4.157
4778	-3.954
4779	-3.865
4780	-0.402
4781	-2.485
4782	-2.298
4783	-2.097
4784	-1.424
4785	-3.198
4786	-5.170
4787	-1.700
4788	-0.972
4789	-0.010
4790	-1.215
4791	-3.807
4792	-2.142
4793	-0.629
4794	-4.235
4795	-1.082
4796	-4.267
4797	-2.686
4798	-1.865
4799	-1.574
4800	-0.495
4801	-2.459
4802	
4803	
4804	
4805	-1.778
4806	-2.663
4807	-3.524
4808	
4809	-4.644
4810	-1.585
4811	-2.222
4812	
4813	-3.848
4814	
4815	
4816	
4817	-2.511
4818	1.000
4819	-2.585
4820	
4821	0.976
4822	-3.170
4823	
4824	
4825	-3.000
4826	-2.585
4827	-0.821
4828	-2.865
4829	-3.222
4830	-3.379
4831	-2.170
4832	-2.503
4833	-1.243
4834	-2.907
4835	-2.569
4836	-1.794
4837	-0.611
4838	0.110
4839	-2.190
4840	-0.422
4841	-0.084
4842	-0.630
4843	-0.495
4844	-2.710
4845	-1.157
4846	-2.392
4847	-3.078
4848	-3.102
4849	-1.988
4850	-1.630
4851	-0.103
4852	-0.379
4853	-0.119
4854	-0.810
4855	0.444
4856	-4.202
4857	-0.662
4858	1.192
4859	0.320
4860	1.431
4861	-1.287
4862	-1.247
4863	-0.689
4864	0.447
4865	0.663
4866	-0.778
4867	-0.980
4868	-0.451
4869	-3.513
4870	-2.014
4871	-1.000
4872	-0.161
4873	-0.778
4874	-0.087
4875	-2.198
4876	-1.130
4877	-2.182
4878	-2.688
4879	-1.233
4880	0.487
4881	-0.415
4882	-1.012
4883	1.015
4884	-0.768
4885	-3.102
4886	-1.429
4887	-3.020
4888	-1.451
4889	-0.019
4890	-0.229
4891	-2.433
4892	-0.433
4893	-0.633
4894	-4.248
4895	-0.457
4896	-0.547
4897	-0.556
4898	-0.987
4899	-1.576
4900	0.519
4901	-1.920
4902	-3.190
4903	-2.000
4904	-0.117
4905	0.585
4906	-0.771
4907	-2.929
4908	-0.937
4909	-1.459
4910	-4.020
4911	-0.711
4912	0.039
4913	-1.149
4914	-2.074
4915	-0.371
4916	0.068
4917	0.354
4918	0.061
4919	-4.492
4920	-0.101
4921	-1.585
4922	
4923	
4924	
4925	-2.807
4926	-1.807
4927	
4928	
4929	-2.536
4930	-2.737
4931	-2.322
4932	
4933	
4934	-2.000
4935	16.610
4936	
4937	
4938	
4939	-1.807
4940	-1.322
4941	
4942	-2.000
4943	-0.585
4944	
4945	-1.415
4946	0.330
4947	-2.107
4948	-2.496
4949	-2.459
4950	-3.346
4951	-3.781
4952	-2.392
4953	-1.433
4954	-1.366
4955	-2.561
4956	-1.865
4957	-3.109
4958	-2.000
4959	0.461
4960	-2.248
4961	-1.393
4962	-1.778
4963	0.926
4964	-2.571
4965	-0.870
4966	-1.619
4967	-1.788
4968	-3.202
4969	0.580
4970	-1.645
4971	-1.747
4972	0.872
4973	-1.290
4974	-0.712
4975	0.832
4976	-2.000
4977	-2.193
4978	-2.893
4979	0.754
4980	-2.737
4981	-0.290
4982	-2.202
4983	-0.241
4984	0.055
4985	0.297
4986	-1.954
4987	-1.570
4988	0.814
4989	-1.342
4990	-2.222
4991	-1.874
4992	0.572
4993	-2.585
4994	-0.199
4995	0.135
4996	0.807
4997	-1.127
4998	-1.542
4999	-0.448
5000	-1.382
5001	-1.939
5002	-1.373
5003	-0.152
5004	-0.987
5005	-3.700
5006	-3.531
5007	1.122
5008	0.975
5009	0.432
5010	
5011	-1.000
5012	-1.370
5013	0.958
5014	-0.017
5015	-0.774
5016	0.245
5017	-0.684
5018	-2.431
5019	0.010
5020	-0.194
5021	-2.607
5022	-3.503
5023	-2.138
5024	-0.410
5025	-3.585
5026	-0.319
5027	-3.807
5028	0.276
5029	-2.675
5030	-4.970
5031	-3.722
5032	-6.728
5033	-3.421
5034	-2.451
5035	-3.000
5036	-0.497
5037	0.005
5038	-3.897
5039	-2.845
5040	-0.232
5041	-3.000
5042	-3.170
5043	-3.000
5044	
5045	-4.000
5046	-3.585
5047	-2.008
5048	
5049	-4.000
5050	
5051	-3.170
5052	
5053	
5054	
5055	-3.170
5056	
5057	-2.322
5058	
5059	-2.322
5060	-2.807
5061	-1.874
5062	-2.322
5063	
5064	
5065	-1.337
5066	-3.544
5067	-1.026
5068	-3.907
5069	-2.585
5070	-4.087
5071	0.739
5072	-3.020
5073	-4.298
5074	-3.888
5075	-2.678
5076	-3.763
5077	0.311
5078	-1.799
5079	-1.644
5080	-1.690
5081	-1.740
5082	-2.755
5083	-0.698
5084	-2.222
5085	-4.066
5086	-3.338
5087	-5.807
5088	-3.539
5089	-1.303
5090	-0.904
5091	-0.579
5092	0.456
5093	-0.555
5094	-3.400
5095	-3.571
5096	-2.640
5097	-2.019
5098	-1.140
5099	-1.728
5100	0.295
5101	0.149
5102	-2.828
5103	-3.100
5104	-2.609
5105	-0.284
5106	-1.503
5107	-2.921
5108	-2.124
5109	-1.000
5110	-0.332
5111	0.078
5112	0.682
5113	-2.939
5114	-1.303
5115	0.409
5116	0.715
5117	-1.181
5118	-3.097
5119	-0.229
5120	0.320
5121	-3.459
5122	-0.758
5123	-2.893
5124	-2.290
5125	-5.459
5126	-2.737
5127	-1.572
5128	-1.198
5129	-5.555
5130	-1.506
5131	-1.419
5132	0.087
5133	-4.051
5134	-0.238
5135	-0.189
5136	-1.174
5137	-1.796
5138	-2.018
5139	-0.661
5140	0.094
5141	-3.429
5142	-1.429
5143	0.476
5144	-0.570
5145	-0.767
5146	-0.922
5147	-4.121
5148	-4.143
5149	0.344
5150	-1.204
5151	-0.063
5152	-0.984
5153	0.174
5154	3.026
5155	-1.275
5156	-1.835
5157	-0.559
5158	-3.095
5159	-1.825
5160	-0.418
5161	-1.000
5162	-0.585
5163	-2.807
5164	
5165	
5166	-3.322
5167	-1.000
5168	
5169	-2.585
5170	
5171	
5172	
5173	-2.000
5174	
5175	-2.000
5176	
5177	
5178	
5179	-2.322
5180	-3.322
5181	
5182	
5183	-2.807
5184	-3.322
5185	-2.939
5186	-3.030
5187	-2.509
5188	-2.485
5189	-3.202
5190	-1.597
5191	-3.833
5192	-2.081
5193	-2.585
5194	-1.305
5195	-1.898
5196	-2.509
5197	0.134
5198	-0.060
5199	-4.202
5200	-1.856
5201	-1.235
5202	-1.102
5203	0.594
5204	0.966
5205	-3.259
5206	-0.966
5207	-3.237
5208	-2.267
5209	2.063
5210	-0.877
5211	-4.248
5212	-3.022
5213	-0.981
5214	1.287
5215	1.542
5216	0.450
5217	-3.073
5218	-1.485
5219	-2.392
5220	-2.483
5221	-1.042
5222	-1.439
5223	-0.704
5224	-0.102
5225	-2.459
5226	0.154
5227	-0.603
5228	-0.400
5229	-1.666
5230	-1.180
5231	0.541
5232	-2.716
5233	-5.426
5234	-4.273
5235	-2.478
5236	-1.303
5237	-4.426
5238	-3.492
5239	-3.536
5240	-1.377
5241	-3.322
5242	-1.258
5243	0.519
5244	0.396
5245	-4.392
5246	-4.781
5247	-0.056
5248	-0.657
5249	-0.761
5250	-4.492
5251	-0.829
5252	-0.919
5253	-3.481
5254	-2.305
5255	0.270
5256	0.614
5257	-4.138
5258	-6.358
5259	-2.426
5260	0.485
5261	-3.732
5262	-0.689
5263	-0.403
5264	0.616
5265	-3.254
5266	-4.437
5267	-0.284
5268	0.044
5269	-0.387
5270	-0.527
5271	-1.030
5272	-2.629
5273	-0.436
5274	-3.401
5275	-0.670
5276	0.902
5277	-1.896
5278	-1.250
5279	-1.314
5280	-1.415
5281	-1.851
5282	-2.322
5283	
5284	
5285	0.322
5286	-3.426
5287	-2.138
5288	
5289	-3.322
5290	-1.807
5291	
5292	
5293	-2.186
5294	-2.585
5295	0.000
5296	
5297	-2.363
5298	1.000
5299	-2.000
5300	-1.000
5301	-2.402
5302	-2.585
5303	-3.459
5304	
5305	-2.747
5306	-2.980
5307	-2.888
5308	-2.838
5309	-2.119
5310	0.624
5311	-2.459
5312	-1.674
5313	-2.828
5314	-2.123
5315	-1.655
5316	-2.021
5317	0.899
5318	0.427
5319	-1.585
5320	0.208
5321	0.000
5322	1.174
5323	-1.140
5324	-0.419
5325	1.483
5326	-3.000
5327	-2.354
5328	-2.248
5329	-2.451
5330	-3.565
5331	-1.617
5332	2.011
5333	-1.026
5334	0.106
5335	2.600
5336	1.772
5337	0.463
5338	-0.159
5339	-0.868
5340	0.910
5341	-0.294
5342	-1.716
5343	-0.977
5344	-0.981
5345	-0.107
5346	0.243
5347	5.917
5348	-0.709
5349	-1.540
5350	-1.121
5351	-3.003
5352	-2.541
5353	-1.141
5354	-2.862
5355	-0.440
5356	0.038
5357	-2.484
5358	-2.138
5359	0.549
5360	1.120
5361	-0.737
5362	2.418
5363	0.468
5364	0.070
5365	-0.979
5366	-1.753
5367	0.624
5368	-1.000
5369	-1.737
5370	0.388
5371	-0.569
5372	-1.807
5373	0.190
5374	-2.181
5375	-0.853
5376	-0.399
5377	1.097
5378	0.381
5379	-0.380
5380	-0.986
5381	0.406
5382	0.138
5383	-1.515
5384	0.548
5385	-0.915
5386	0.119
5387	-2.449
5388	-0.168
5389	-3.885
5390	0.058
5391	-0.598
5392	-0.920
5393	-0.884
5394	0.092
5395	-0.974
5396	0.099
5397	0.572
5398	0.492
5399	-1.152
5400	0.464
5401	-2.322
5402	
5403	-1.322
5404	
5405	-2.222
5406	-3.170
5407	
5408	
5409	-5.492
5410	-3.000
5411	-3.524
5412	
5413	-2.115
5414	
5415	
5416	-2.322
5417	-0.585
5418	
5419	
5420	
5421	
5422	-2.807
5423	
5424	
5425	-2.424
5426	-4.285
5427	-1.585
5428	-2.561
5429	-2.082
5430	0.198
5431	-4.087
5432	7.366
5433	-6.991
5434	1.509
5435	-3.419
5436	-2.237
5437	-2.907
5438	-4.940
5439	1.567
5440	-2.369
5441	-0.112
5442	-0.421
5443	2.727
5444	-4.273
5445	-3.170
5446	-3.301
5447	0.022
5448	-3.022
5449	-2.366
5450	-3.322
5451	-1.000
5452	-0.666
5453	-2.376
5454	-2.761
5455	0.529
5456	-3.907
5457	-0.329
5458	-0.973
5459	1.068
5460	-3.280
5461	-2.707
5462	-2.322
5463	0.284
5464	-0.729
5465	-1.913
5466	-2.283
5467	-1.222
5468	-0.966
5469	-1.919
5470	-1.202
5471	0.014
5472	0.753
5473	-2.092
5474	-0.209
5475	-1.763
5476	-0.359
5477	-3.150
5478	-0.645
5479	-4.585
5480	-0.959
5481	-1.014
5482	-0.952
5483	-0.911
5484	-1.676
5485	-2.574
5486	-2.205
5487	-2.420
5488	0.240
5489	0.022
5490	0.028
5491	-6.715
5492	-5.756
5493	-0.175
5494	-0.064
5495	0.379
5496	0.652
5497	-4.073
5498	-0.923
5499	-2.844
5500	-1.722
5501	-2.776
5502	-1.136
5503	-0.164
5504	-0.568
5505	3.456
5506	-1.215
5507	-0.714
5508	-0.937
5509	-3.478
5510	-2.054
5511	-4.087
5512	-1.313
5513	-1.713
5514	-2.807
5515	-0.899
5516	-1.626
5517	-0.038
5518	-0.659
5519	-2.585
5520	0.083
5521	
5522	
5523	
5524	16.610
5525	-2.000
5526	
5527	-0.451
5528	
5529	-1.000
5530	
5531	-3.322
5532	
5533	
5534	-1.585
5535	
5536	
5537	
5538	
5539	
5540	
5541	
5542	
5543	
5544	
5545	0.000
5546	5.156
5547	-3.536
5548	1.000
5549	
5550	
5551	0.000
5552	
5553	-2.585
5554	-2.350
5555	-3.755
5556	16.610
5557	0.000
5558	
5559	
5560	0.000
5561	
5562	
5563	
5564	
5565	
5566	-2.974
5567	
5568	-2.433
5569	
5570	-1.322
5571	16.610
5572	16.610
5573	
5574	0.000
5575	
5576	-2.000
5577	-0.239
5578	
5579	
5580	-1.180
5581	
5582	0.000
5583	0.000
5584	-1.585
5585	1.000
5586	
5587	-3.170
5588	0.000
5589	
5590	-2.356
5591	-2.248
5592	
5593	0.000
5594	-0.769
5595	
5596	
5597	
5598	
5599	
5600	-1.000
5601	
5602	16.610
5603	
5604	
5605	0.000
5606	
5607	-2.322
5608	
5609	0.000
5610	0.000
5611	-1.000
5612	0.000
5613	-1.239
5614	-2.202
5615	-2.725
5616	
5617	0.265
5618	
5619	16.610
5620	
5621	16.610
5622	
5623	-3.624
5624	
5625	16.610
5626	16.610
5627	-3.602
5628	16.610
5629	-0.415
5630	
5631	
5632	-2.310
5633	16.610
5634	-1.563
5635	
5636	-0.471
5637	0.257
5638	16.610
5639	-1.310
5640	
5641	-2.585
5642	
5643	
5644	-2.807
5645	
5646	-2.322
5647	
5648	
5649	-3.970
5650	
5651	-3.585
5652	
5653	-3.000
5654	-1.585
5655	
5656	
5657	-3.000
5658	-3.000
5659	
5660	
5661	-3.000
5662	-2.585
5663	-2.170
5664	
5665	-3.087
5666	-4.508
5667	-3.561
5668	-2.954
5669	-4.202
5670	-2.644
5671	-1.796
5672	-3.515
5673	-3.787
5674	2.918
5675	0.412
5676	-2.984
5677	1.903
5678	-1.547
5679	-2.303
5680	-2.132
5681	-1.192
5682	-2.617
5683	0.290
5684	-1.265
5685	-1.655
5686	-0.988
5687	-2.585
5688	-3.000
5689	-2.360
5690	-0.384
5691	-1.236
5692	1.268
5693	-0.852
5694	-2.138
5695	0.731
5696	-2.907
5697	-0.166
5698	-1.950
5699	-0.587
5700	-1.839
5701	-0.045
5702	-0.131
5703	-1.125
5704	0.101
5705	-1.058
5706	1.467
5707	-0.771
5708	-2.471
5709	-0.595
5710	-1.412
5711	-0.082
5712	-3.193
5713	-2.970
5714	-2.617
5715	-2.161
5716	-1.239
5717	3.212
5718	-4.933
5719	-3.644
5720	-1.916
5721	-2.585
5722	0.216
5723	-3.148
5724	-1.245
5725	2.054
5726	-4.217
5727	-4.459
5728	0.771
5729	-3.503
5730	-3.217
5731	-0.401
5732	0.569
5733	-3.377
5734	0.272
5735	-1.255
5736	-0.134
5737	-2.547
5738	-2.819
5739	-1.061
5740	-1.734
5741	-2.629
5742	-1.619
5743	-0.688
5744	-1.241
5745	-2.340
5746	-4.018
5747	-0.243
5748	0.166
5749	-0.559
5750	-0.023
5751	-0.702
5752	-3.781
5753	0.113
5754	-2.313
5755	-0.037
5756	0.515
5757	-0.430
5758	-2.322
5759	-1.438
5760	-0.325
