1	-3.252
2	
3	-3.322
4	-2.585
5	-2.585
6	-2.974
7	-2.195
8	
9	-2.807
10	
11	
12	
13	-1.706
14	
15	-3.322
16	1.585
17	-1.567
18	-5.087
19	
20	
21	-1.698
22	-2.000
23	
24	
25	2.002
26	-3.147
27	-1.958
28	-2.470
29	-3.301
30	-1.632
31	-0.842
32	-0.940
33	-2.163
34	-0.691
35	-1.647
36	-2.091
37	-2.469
38	-1.848
39	-5.526
40	-2.417
41	-1.805
42	-0.913
43	-1.348
44	4.040
45	-1.085
46	-2.034
47	-2.441
48	-2.284
49	-1.626
50	-2.396
51	-1.514
52	-0.500
53	-1.883
54	-0.534
55	-1.110
56	-1.233
57	-1.345
58	-0.794
59	2.915
60	-1.062
61	-1.757
62	-1.026
63	-2.060
64	-1.886
65	-2.611
66	-2.266
67	-2.699
68	0.002
69	1.776
70	-2.807
71	-1.307
72	-1.348
73	-1.290
74	-4.041
75	-1.097
76	-2.175
77	-1.662
78	-0.392
79	-2.218
80	-1.540
81	-1.085
82	-1.502
83	-1.056
84	-1.080
85	-1.829
86	-1.607
87	-3.893
88	-0.686
89	-1.774
90	-2.013
91	-1.876
92	-2.234
93	-1.307
94	-1.336
95	-1.413
96	-1.670
97	-2.422
98	-2.673
99	-0.423
100	-1.715
101	-0.975
102	-2.174
103	-0.949
104	-1.518
105	-1.738
106	-0.583
107	-4.514
108	-0.946
109	-4.437
110	-1.742
111	-2.045
112	-1.764
113	-1.035
114	-1.197
115	-1.122
116	-1.323
117	-1.787
118	-1.146
119	-1.043
120	-0.707
121	-3.907
122	-3.322
123	
124	
125	-2.170
126	-2.807
127	
128	
129	-2.059
130	-2.304
131	-1.637
132	
133	
134	-3.470
135	-3.700
136	
137	
138	-4.954
139	-2.939
140	
141	-4.644
142	-4.087
143	-0.666
144	-5.426
145	1.450
146	-1.587
147	-3.156
148	-2.738
149	-1.093
150	-1.716
151	-1.312
152	1.151
153	-0.523
154	-1.901
155	-2.645
156	-2.824
157	-1.265
158	-0.260
159	-2.507
160	-5.058
161	-2.175
162	-1.817
163	-2.631
164	-1.864
165	-1.140
166	-1.967
167	-3.636
168	-2.158
169	-1.240
170	-2.585
171	3.129
172	-1.933
173	-0.704
174	-2.073
175	0.229
176	-2.311
177	0.138
178	-3.118
179	-1.982
180	-2.632
181	-1.710
182	-1.544
183	0.916
184	-0.838
185	-1.596
186	-1.818
187	-1.621
188	-2.501
189	-1.557
190	-2.447
191	0.342
192	-2.740
193	-2.529
194	-1.821
195	-3.189
196	-1.110
197	-2.995
198	-2.296
199	-2.313
200	-1.396
201	-1.854
202	-1.274
203	-2.179
204	-0.964
205	-2.244
206	-1.303
207	-2.136
208	-1.218
209	-1.723
210	-1.524
211	-2.628
212	-2.057
213	-2.577
214	-1.627
215	-1.935
216	-1.661
217	-1.561
218	-3.449
219	-1.188
220	-1.672
221	-1.526
222	-1.935
223	-4.152
224	-1.086
225	-1.713
226	-1.458
227	-2.036
228	-0.624
229	-2.843
230	-1.596
231	-1.623
232	-1.661
233	-1.539
234	-0.617
235	-1.218
236	-2.680
237	-0.816
238	0.180
239	-0.886
240	-0.614
241	
242	-2.585
243	-3.907
244	-1.585
245	-3.650
246	-2.547
247	-1.737
248	
249	
250	
251	
252	
253	-2.322
254	
255	-1.585
256	
257	0.000
258	-2.305
259	
260	
261	
262	-4.285
263	
264	
265	-4.728
266	-0.980
267	-4.415
268	-1.888
269	-1.230
270	-1.123
271	-0.831
272	-1.026
273	-4.102
274	-2.108
275	-1.756
276	-1.060
277	-0.154
278	-1.013
279	-1.384
280	-1.472
281	-1.047
282	-2.408
283	-0.909
284	-2.686
285	-2.170
286	-1.793
287	-1.652
288	-1.216
289	-1.447
290	-1.734
291	-2.615
292	-0.318
293	-1.260
294	-0.391
295	-0.405
296	-0.939
297	-0.345
298	-2.318
299	-1.108
300	4.335
301	-2.280
302	-0.875
303	-0.477
304	-0.436
305	-1.058
306	-0.494
307	-0.327
308	-4.888
309	0.572
310	-0.777
311	-1.086
312	-1.270
313	-2.339
314	-1.476
315	0.286
316	-2.976
317	-1.847
318	-1.756
319	-4.627
320	-2.745
321	-1.210
322	-1.213
323	-2.367
324	-0.754
325	-0.711
326	-0.826
327	0.034
328	-0.954
329	-1.837
330	-1.436
331	-1.020
332	-2.480
333	-3.565
334	-0.835
335	-1.157
336	-2.347
337	-1.851
338	-1.306
339	-1.113
340	-4.516
341	-0.885
342	-1.808
343	-0.847
344	-3.390
345	-1.146
346	-1.838
347	0.723
348	-5.051
349	-1.402
350	-1.528
351	-1.182
352	-2.301
353	-1.387
354	-1.381
355	-0.945
356	-3.511
357	-1.195
358	-0.458
359	-2.395
360	-1.239
361	
362	
363	-1.907
364	-1.379
365	
366	-1.926
367	-4.663
368	
369	-4.476
370	-4.426
371	-3.624
372	
373	-4.222
374	-1.585
375	-1.907
376	
377	
378	16.610
379	
380	
381	-0.807
382	16.610
383	
384	-2.503
385	-3.538
386	-2.871
387	-1.348
388	-2.652
389	-2.594
390	-3.406
391	-3.380
392	-1.969
393	-3.140
394	-3.444
395	-2.505
396	-4.866
397	-1.048
398	-0.296
399	-3.914
400	-2.690
401	-1.731
402	-1.945
403	0.236
404	-2.932
405	-0.657
406	-2.361
407	-2.802
408	-1.976
409	-2.065
410	-1.457
411	-1.021
412	-1.916
413	-2.395
414	-2.035
415	-3.136
416	-2.417
417	-4.828
418	-1.800
419	0.969
420	1.226
421	-2.538
422	-1.576
423	-0.617
424	-1.125
425	-2.667
426	-4.181
427	-3.399
428	-3.073
429	-3.100
430	-2.292
431	-2.092
432	-2.875
433	-1.980
434	-1.423
435	-1.986
436	-0.553
437	-2.874
438	-1.745
439	-4.891
440	0.148
441	-4.733
442	-1.310
443	-2.733
444	-2.000
445	-0.409
446	-2.869
447	-1.266
448	-2.027
449	-1.908
450	-2.854
451	-1.746
452	-1.921
453	-4.565
454	-2.925
455	-3.933
456	-1.858
457	-1.777
458	-1.118
459	-3.055
460	-3.549
461	-2.409
462	-2.011
463	-1.752
464	-0.972
465	-3.838
466	-2.697
467	-2.377
468	-2.745
469	-1.841
470	-1.153
471	-3.922
472	1.280
473	-2.571
474	-3.813
475	-1.662
476	-1.684
477	-3.617
478	-2.575
479	-3.149
480	-2.869
481	-2.037
482	-3.700
483	
484	
485	-3.544
486	-3.755
487	-1.848
488	
489	
490	
491	-3.000
492	
493	-2.140
494	-2.322
495	-3.807
496	
497	-3.559
498	
499	
500	-1.585
501	-2.835
502	-4.170
503	-2.322
504	-2.000
505	-1.770
506	-1.181
507	-2.907
508	-4.459
509	-1.617
510	-3.519
511	-0.779
512	-4.075
513	-0.536
514	-4.135
515	-3.494
516	-2.101
517	-2.256
518	-1.236
519	-1.437
520	-1.136
521	-3.000
522	-1.911
523	-0.056
524	-1.934
525	-3.526
526	-3.185
527	-5.066
528	-2.459
529	-1.366
530	-2.191
531	1.275
532	-0.428
533	-2.257
534	-1.473
535	-1.237
536	-0.463
537	-2.224
538	-0.971
539	-1.326
540	-0.707
541	-1.382
542	-1.262
543	-2.267
544	-1.766
545	-1.683
546	-1.605
547	-2.141
548	-1.889
549	-1.690
550	-2.429
551	-2.278
552	-1.134
553	-2.599
554	-4.005
555	-1.292
556	-4.228
557	-1.222
558	-1.315
559	-2.551
560	-1.639
561	-1.194
562	-2.858
563	-2.222
564	-0.914
565	-1.238
566	-1.626
567	-3.452
568	-1.398
569	-2.942
570	-1.296
571	-6.165
572	-1.771
573	-1.626
574	-2.145
575	-0.937
576	-2.135
577	-1.042
578	-2.907
579	-1.870
580	-2.051
581	-2.037
582	-1.032
583	-3.515
584	-1.735
585	-1.040
586	-1.512
587	-3.511
588	0.296
589	-2.175
590	-3.233
591	-2.528
592	-1.955
593	-1.304
594	-1.285
595	-0.265
596	0.129
597	-1.883
598	-1.980
599	-1.222
600	0.158
601	
602	
603	
604	
605	
606	
607	
608	
609	-2.737
610	-3.170
611	-1.848
612	
613	
614	-2.322
615	16.610
616	
617	
618	
619	1.000
620	1.000
621	-3.000
622	
623	
624	-3.000
625	-2.616
626	-2.743
627	-3.549
628	-2.291
629	-2.979
630	-1.610
631	-1.471
632	-1.843
633	-1.653
634	-2.538
635	2.724
636	-2.372
637	-2.892
638	-1.983
639	-0.323
640	-0.489
641	0.393
642	-1.467
643	-2.179
644	0.676
645	-0.619
646	-2.086
647	-1.855
648	-2.358
649	-0.738
650	-1.893
651	0.558
652	-1.786
653	-0.800
654	-0.647
655	-0.981
656	-2.531
657	-1.101
658	-3.670
659	-1.841
660	-2.828
661	-1.982
662	-1.069
663	0.259
664	-0.521
665	-1.565
666	-0.683
667	-0.377
668	-1.319
669	-0.882
670	-2.439
671	0.103
672	-1.960
673	-1.303
674	-2.805
675	-0.934
676	-1.753
677	-1.896
678	-3.459
679	-2.316
680	-1.465
681	-0.558
682	-2.642
683	-0.557
684	0.632
685	-5.443
686	-1.036
687	0.073
688	-1.663
689	-0.844
690	-2.096
691	-1.881
692	-1.453
693	-5.298
694	-1.424
695	-1.745
696	-1.107
697	-1.899
698	-1.837
699	-1.243
700	-1.737
701	-2.272
702	-1.880
703	-2.767
704	-0.122
705	-1.751
706	-0.758
707	0.473
708	-3.185
709	-0.569
710	-0.826
711	-1.567
712	-0.444
713	0.497
714	-2.276
715	0.301
716	-3.824
717	-3.630
718	-3.923
719	0.121
720	-1.535
721	-4.858
722	-2.585
723	
724	1.585
725	
726	
727	
728	
729	-1.170
730	-1.415
731	
732	
733	-5.781
734	
735	
736	-0.737
737	
738	-1.322
739	
740	-2.807
741	
742	
743	
744	
745	-3.975
746	-2.955
747	-4.845
748	-1.389
749	-2.972
750	-2.595
751	-1.804
752	-1.878
753	-3.710
754	-2.322
755	-4.087
756	-2.879
757	-0.259
758	-1.201
759	-2.963
760	-0.882
761	-1.537
762	-2.380
763	-2.539
764	-3.700
765	-2.687
766	-3.285
767	-1.708
768	-2.987
769	-1.028
770	-0.667
771	-1.632
772	-1.348
773	-0.857
774	-0.800
775	0.380
776	-1.207
777	-2.968
778	-1.863
779	-3.019
780	-2.412
781	-2.363
782	-1.121
783	-0.953
784	-1.475
785	-0.246
786	0.320
787	-1.262
788	-1.445
789	-1.412
790	-0.790
791	-1.124
792	-1.968
793	-1.316
794	-1.403
795	-0.950
796	-1.081
797	-1.073
798	-2.455
799	-0.857
800	-2.243
801	-1.636
802	-1.179
803	-2.464
804	-2.024
805	-1.621
806	-1.241
807	-1.051
808	-0.791
809	-1.930
810	-1.488
811	-1.209
812	-3.707
813	-1.997
814	-0.924
815	-1.730
816	-2.147
817	-1.677
818	-2.616
819	-0.680
820	-1.946
821	-0.610
822	-2.305
823	-1.385
824	-1.328
825	-1.591
826	-1.052
827	-0.064
828	-1.198
829	-2.084
830	0.563
831	-0.403
832	0.027
833	-1.584
834	-1.313
835	-1.745
836	-1.238
837	-1.413
838	0.333
839	-2.249
840	-2.651
841	
842	0.000
843	-1.000
844	16.610
845	
846	0.000
847	
848	
849	-3.280
850	-3.170
851	
852	
853	
854	0.000
855	
856	
857	
858	
859	16.610
860	
861	
862	
863	-1.585
864	0.000
865	-2.992
866	-0.634
867	-2.725
868	-1.832
869	-2.960
870	-1.244
871	-2.309
872	-2.828
873	-4.150
874	-4.055
875	-4.073
876	-5.087
877	-1.919
878	0.076
879	-0.840
880	-2.977
881	1.781
882	-2.393
883	-3.896
884	-2.748
885	-3.524
886	-4.558
887	-3.566
888	-4.481
889	-2.507
890	-1.688
891	-1.543
892	-1.463
893	-2.042
894	-1.801
895	-3.365
896	-3.605
897	-2.478
898	-1.074
899	-2.322
900	-2.191
901	-0.585
902	-2.350
903	-1.862
904	-1.991
905	-2.362
906	-2.166
907	-1.271
908	-3.288
909	-2.182
910	-1.761
911	-3.945
912	-0.202
913	-1.858
914	-2.277
915	-4.443
916	-1.500
917	-2.592
918	-5.781
919	-2.821
920	-1.993
921	-2.813
922	-2.701
923	-2.328
924	-2.173
925	-1.858
926	-2.956
927	-2.106
928	-2.401
929	-2.610
930	-3.261
931	-3.732
932	-2.812
933	-4.000
934	-2.261
935	-5.061
936	-3.840
937	-2.607
938	-3.068
939	-1.262
940	-2.048
941	-2.349
942	-2.713
943	-2.662
944	-1.355
945	-3.511
946	-5.322
947	0.604
948	-2.755
949	-1.464
950	-0.532
951	-2.024
952	1.197
953	-2.691
954	-1.960
955	-2.729
956	-3.146
957	-3.825
958	-3.059
959	-3.054
960	-2.959
961	-2.340
962	
963	-3.585
964	-3.700
965	-2.807
966	-3.485
967	-2.218
968	
969	
970	-3.837
971	-2.833
972	
973	-2.437
974	-1.000
975	-1.322
976	-3.907
977	-2.994
978	
979	-2.322
980	-2.585
981	-1.942
982	
983	
984	
985	-3.160
986	-0.721
987	-4.126
988	-2.609
989	-5.119
990	-1.884
991	-2.451
992	-1.838
993	-2.682
994	-1.589
995	-2.255
996	-1.979
997	-1.246
998	-3.012
999	-1.792
1000	-1.581
1001	-1.792
1002	-3.225
1003	0.940
1004	-1.503
1005	-1.665
1006	-1.889
1007	-1.575
1008	-2.849
1009	-1.344
1010	-2.257
1011	-3.762
1012	-0.765
1013	-1.564
1014	-0.909
1015	-1.055
1016	-1.045
1017	-1.549
1018	-1.354
1019	-1.469
1020	-2.173
1021	-1.194
1022	-0.960
1023	-2.301
1024	-2.798
1025	-2.974
1026	-1.858
1027	-2.843
1028	-2.138
1029	-1.656
1030	-1.418
1031	-1.450
1032	-0.887
1033	-2.352
1034	-3.829
1035	-1.889
1036	-1.596
1037	-2.416
1038	-1.645
1039	-1.371
1040	-2.085
1041	-1.384
1042	-1.614
1043	-1.247
1044	-0.744
1045	-3.467
1046	-1.501
1047	-3.913
1048	-2.217
1049	-1.729
1050	-1.558
1051	-2.829
1052	-1.884
1053	-0.382
1054	-2.680
1055	-0.020
1056	-1.753
1057	-1.434
1058	-2.540
1059	-2.486
1060	-2.263
1061	-2.843
1062	-1.531
1063	-2.347
1064	-0.906
1065	-1.828
1066	-1.376
1067	-2.317
1068	-0.993
1069	-0.758
1070	-0.941
1071	-1.914
1072	-1.251
1073	-1.392
1074	-1.687
1075	-0.490
1076	-2.140
1077	-1.972
1078	-1.837
1079	-1.570
1080	-1.553
1081	
1082	-1.222
1083	-2.585
1084	
1085	
1086	-2.322
1087	
1088	
1089	-4.346
1090	-1.926
1091	-2.807
1092	
1093	
1094	-5.954
1095	
1096	1.000
1097	
1098	-6.098
1099	
1100	0.000
1101	
1102	-0.415
1103	
1104	-2.322
1105	-2.648
1106	-2.325
1107	-2.542
1108	-2.290
1109	-1.796
1110	-1.649
1111	-1.474
1112	-2.213
1113	-3.126
1114	-2.542
1115	-1.206
1116	-2.605
1117	-2.275
1118	-1.417
1119	-1.514
1120	-1.836
1121	1.732
1122	-1.386
1123	-1.994
1124	5.851
1125	-2.054
1126	-1.886
1127	-3.973
1128	-1.481
1129	-1.578
1130	-1.039
1131	2.157
1132	-1.003
1133	-0.255
1134	-1.182
1135	-0.530
1136	-2.210
1137	-0.498
1138	-1.643
1139	-1.374
1140	-2.492
1141	-0.831
1142	-2.809
1143	0.333
1144	-0.760
1145	-3.524
1146	-0.891
1147	-1.438
1148	-1.627
1149	-1.461
1150	-0.988
1151	0.122
1152	-0.401
1153	-0.928
1154	-1.227
1155	-1.375
1156	-1.596
1157	-1.439
1158	-1.692
1159	-1.749
1160	-1.472
1161	-1.496
1162	-1.462
1163	-2.339
1164	-1.671
1165	-0.923
1166	-1.327
1167	-1.833
1168	-1.716
1169	0.491
1170	-1.467
1171	-2.371
1172	-1.982
1173	-1.885
1174	-1.587
1175	-1.734
1176	-0.775
1177	-1.669
1178	-0.424
1179	-0.334
1180	-1.281
1181	-1.520
1182	-2.198
1183	-1.795
1184	-0.848
1185	-1.382
1186	-1.435
1187	-1.456
1188	-1.906
1189	0.585
1190	-1.819
1191	-1.095
1192	-0.985
1193	0.336
1194	1.100
1195	0.340
1196	-2.751
1197	-1.881
1198	-0.337
1199	-2.575
1200	-1.734
1201	
1202	-3.000
1203	-3.700
1204	-1.585
1205	-1.807
1206	-3.000
1207	
1208	-7.849
1209	-2.907
1210	-1.000
1211	
1212	-8.792
1213	-2.170
1214	-2.503
1215	
1216	-3.970
1217	1.000
1218	-0.737
1219	
1220	
1221	
1222	-2.322
1223	
1224	16.610
1225	-2.064
1226	-1.840
1227	-1.503
1228	-2.758
1229	-3.835
1230	-1.184
1231	-2.088
1232	-1.652
1233	-2.702
1234	-1.712
1235	-2.749
1236	-3.469
1237	-2.613
1238	-0.555
1239	-0.932
1240	-2.635
1241	0.394
1242	-1.944
1243	0.480
1244	-2.030
1245	-1.711
1246	-2.236
1247	-2.367
1248	-2.068
1249	-1.267
1250	-1.314
1251	-1.844
1252	-0.810
1253	-1.507
1254	-2.827
1255	-0.366
1256	-4.532
1257	2.508
1258	-2.707
1259	-2.039
1260	-0.371
1261	-2.429
1262	-0.810
1263	1.170
1264	-0.161
1265	-0.681
1266	-0.369
1267	-1.033
1268	-0.910
1269	-2.078
1270	-3.846
1271	-2.980
1272	-2.930
1273	-0.515
1274	-1.360
1275	-1.517
1276	-1.419
1277	-1.353
1278	-2.479
1279	-3.673
1280	-2.131
1281	-1.378
1282	-1.719
1283	-2.651
1284	-2.295
1285	-2.773
1286	-1.358
1287	0.929
1288	-5.788
1289	-1.387
1290	-1.310
1291	-0.722
1292	-1.889
1293	-1.780
1294	-1.544
1295	-2.073
1296	-2.407
1297	-1.418
1298	-2.421
1299	-1.613
1300	-1.169
1301	-0.347
1302	-1.240
1303	-0.565
1304	-1.121
1305	-1.946
1306	-0.286
1307	-0.553
1308	0.486
1309	-1.983
1310	0.100
1311	-0.470
1312	-2.264
1313	-1.417
1314	-3.521
1315	-1.546
1316	-1.480
1317	-1.603
1318	0.339
1319	-2.302
1320	-2.221
1321	-1.000
1322	
1323	
1324	-2.000
1325	-2.807
1326	
1327	
1328	
1329	-4.446
1330	
1331	-2.459
1332	
1333	
1334	
1335	16.610
1336	-2.322
1337	-1.585
1338	
1339	-0.585
1340	-0.585
1341	-2.000
1342	
1343	
1344	-1.585
1345	-2.758
1346	-2.587
1347	-1.525
1348	-2.509
1349	-1.883
1350	-3.489
1351	-3.013
1352	-1.807
1353	-4.672
1354	-2.796
1355	-2.973
1356	-0.433
1357	-2.415
1358	-3.358
1359	-0.387
1360	-3.270
1361	-2.772
1362	-4.145
1363	-4.805
1364	-2.839
1365	-3.151
1366	-2.828
1367	-3.301
1368	-7.229
1369	-1.822
1370	-3.170
1371	-2.264
1372	-1.554
1373	-2.314
1374	-2.437
1375	-3.919
1376	-3.073
1377	-2.390
1378	-2.339
1379	-0.373
1380	-3.919
1381	-2.292
1382	-4.013
1383	-2.476
1384	-1.256
1385	-1.597
1386	-2.643
1387	-2.143
1388	-0.423
1389	-3.647
1390	-1.429
1391	-2.482
1392	-3.105
1393	-4.415
1394	-3.229
1395	-4.767
1396	-2.558
1397	-2.838
1398	-3.499
1399	-4.420
1400	-2.252
1401	-2.253
1402	-2.550
1403	-5.102
1404	-1.801
1405	-1.789
1406	-3.110
1407	-2.372
1408	-3.098
1409	-2.748
1410	-3.433
1411	-1.578
1412	-3.141
1413	-2.720
1414	-2.187
1415	-3.152
1416	-3.245
1417	-2.870
1418	1.231
1419	-0.994
1420	-1.959
1421	-2.937
1422	-2.297
1423	-2.746
1424	-2.430
1425	-2.534
1426	-3.548
1427	-4.655
1428	-3.923
1429	-2.005
1430	-1.503
1431	-3.644
1432	-1.442
1433	-0.541
1434	-2.864
1435	-3.091
1436	-2.237
1437	-2.305
1438	-3.043
1439	-2.573
1440	-5.776
1441	-2.020
1442	-2.807
1443	-2.459
1444	-2.807
1445	-2.931
1446	-3.338
1447	-2.550
1448	
1449	
1450	
1451	-1.585
1452	
1453	-1.575
1454	
1455	
1456	0.000
1457	-2.459
1458	
1459	
1460	-3.807
1461	-2.737
1462	-3.322
1463	
1464	-3.322
1465	-2.727
1466	-3.048
1467	-2.031
1468	-3.689
1469	-2.756
1470	-1.821
1471	-0.798
1472	-3.032
1473	-1.618
1474	-1.609
1475	-3.700
1476	-4.492
1477	-1.541
1478	-1.071
1479	-2.824
1480	-3.105
1481	-2.379
1482	-1.782
1483	-0.952
1484	-2.178
1485	-5.122
1486	-1.950
1487	-1.306
1488	-1.958
1489	-2.073
1490	-3.487
1491	0.090
1492	-1.646
1493	-1.697
1494	-1.250
1495	-1.901
1496	-2.312
1497	-1.596
1498	-1.589
1499	-1.564
1500	-1.079
1501	-1.680
1502	0.027
1503	-2.402
1504	-1.732
1505	-3.108
1506	-3.242
1507	-3.217
1508	-1.964
1509	-1.760
1510	0.799
1511	-1.195
1512	-2.336
1513	-2.740
1514	-4.764
1515	-1.753
1516	-2.482
1517	-1.792
1518	-3.700
1519	-3.272
1520	-2.399
1521	-3.508
1522	-2.112
1523	-1.592
1524	-2.322
1525	-1.219
1526	-2.307
1527	-3.494
1528	-5.318
1529	-0.854
1530	-1.720
1531	-1.395
1532	-1.083
1533	-1.456
1534	-7.656
1535	-1.587
1536	-4.798
1537	-1.340
1538	-1.638
1539	-1.825
1540	-1.306
1541	-1.677
1542	-0.840
1543	-1.231
1544	-0.397
1545	-1.767
1546	-1.962
1547	-1.789
1548	-1.129
1549	-1.631
1550	-0.680
1551	-1.747
1552	-3.294
1553	-1.418
1554	-1.454
1555	-3.144
1556	-2.243
1557	-1.592
1558	-3.146
1559	-2.168
1560	-2.049
1561	
1562	-1.888
1563	-1.585
1564	
1565	-2.406
1566	-2.585
1567	16.610
1568	
1569	-3.926
1570	-3.615
1571	-2.833
1572	
1573	
1574	
1575	-1.585
1576	
1577	16.610
1578	-3.907
1579	
1580	
1581	
1582	-3.170
1583	
1584	-1.737
1585	-1.477
1586	-3.107
1587	-3.721
1588	-0.206
1589	-1.727
1590	-2.497
1591	-2.391
1592	-1.447
1593	-2.034
1594	-0.806
1595	-3.478
1596	-4.229
1597	0.254
1598	-0.980
1599	-2.556
1600	-1.835
1601	-1.932
1602	-6.088
1603	-1.864
1604	-0.945
1605	-5.575
1606	-2.464
1607	-2.300
1608	-1.782
1609	-1.667
1610	-1.965
1611	1.985
1612	-0.667
1613	-1.839
1614	-2.456
1615	-2.173
1616	0.325
1617	-0.104
1618	-2.364
1619	-1.374
1620	-2.260
1621	0.151
1622	-0.985
1623	-0.771
1624	-1.858
1625	-1.219
1626	-1.207
1627	-1.357
1628	-1.614
1629	-1.806
1630	-3.239
1631	-1.557
1632	-0.539
1633	-0.955
1634	-1.471
1635	-2.540
1636	-1.068
1637	-1.914
1638	-2.631
1639	-1.933
1640	-1.602
1641	-1.066
1642	-1.321
1643	-2.419
1644	-1.200
1645	2.664
1646	-0.794
1647	-1.150
1648	-1.631
1649	-1.832
1650	-1.065
1651	-1.801
1652	-2.282
1653	-3.040
1654	-2.071
1655	-1.549
1656	-1.412
1657	3.185
1658	-0.942
1659	-1.196
1660	-1.805
1661	-2.100
1662	-1.680
1663	-2.857
1664	-1.958
1665	-1.876
1666	-3.663
1667	-3.946
1668	-1.292
1669	-0.559
1670	-1.313
1671	-1.068
1672	-3.426
1673	-0.925
1674	0.870
1675	-0.424
1676	-1.687
1677	-1.775
1678	0.026
1679	0.447
1680	-1.828
1681	16.610
1682	-2.000
1683	
1684	
1685	-0.415
1686	-3.170
1687	-0.671
1688	
1689	
1690	
1691	
1692	
1693	
1694	
1695	
1696	-1.585
1697	16.610
1698	
1699	
1700	
1701	
1702	
1703	
1704	-1.222
1705	-2.161
1706	-1.685
1707	-6.937
1708	-1.377
1709	-1.412
1710	-1.640
1711	-2.186
1712	-4.653
1713	-2.953
1714	-1.989
1715	-1.928
1716	-5.874
1717	-1.115
1718	-1.634
1719	-1.874
1720	-5.676
1721	0.011
1722	-1.618
1723	-2.710
1724	-0.171
1725	-1.730
1726	-4.807
1727	-4.154
1728	-2.271
1729	-1.763
1730	-1.364
1731	-1.168
1732	-1.834
1733	-0.460
1734	-2.885
1735	-2.387
1736	-1.336
1737	-1.971
1738	-1.806
1739	-1.201
1740	-1.757
1741	-1.610
1742	-2.250
1743	0.112
1744	-1.226
1745	-0.822
1746	-3.039
1747	-0.155
1748	-2.303
1749	-1.941
1750	-0.478
1751	-1.945
1752	-6.672
1753	-2.147
1754	-2.029
1755	-0.410
1756	-1.422
1757	-0.347
1758	0.814
1759	-2.064
1760	-2.394
1761	-2.042
1762	-0.961
1763	-2.436
1764	-2.578
1765	-0.889
1766	-1.547
1767	1.338
1768	0.263
1769	-1.585
1770	-2.992
1771	-1.414
1772	-1.957
1773	-1.231
1774	-2.315
1775	-2.150
1776	-2.869
1777	-1.386
1778	-0.540
1779	-1.375
1780	-1.529
1781	-0.053
1782	-1.359
1783	0.485
1784	-1.629
1785	-1.592
1786	0.859
1787	-1.354
1788	-2.739
1789	-2.087
1790	0.467
1791	-1.672
1792	-0.113
1793	-1.479
1794	-2.205
1795	-1.371
1796	-1.443
1797	-1.527
1798	-0.673
1799	-2.312
1800	-1.443
1801	
1802	
1803	
1804	-2.585
1805	-1.415
1806	-2.585
1807	
1808	
1809	-3.585
1810	
1811	-3.000
1812	
1813	
1814	
1815	-0.585
1816	
1817	
1818	
1819	-2.459
1820	-2.000
1821	
1822	
1823	
1824	
1825	-2.025
1826	-3.202
1827	-4.081
1828	-2.351
1829	-2.551
1830	-4.768
1831	-3.581
1832	-2.934
1833	-4.278
1834	-2.437
1835	-3.073
1836	-4.087
1837	-1.858
1838	-0.954
1839	-0.236
1840	-2.709
1841	-1.784
1842	-1.228
1843	-3.550
1844	-4.322
1845	-2.460
1846	-3.856
1847	-4.431
1848	-3.389
1849	-1.467
1850	-1.966
1851	-0.572
1852	-1.690
1853	-2.547
1854	-3.432
1855	-1.749
1856	-3.459
1857	-4.041
1858	-5.036
1859	-2.886
1860	-4.848
1861	-1.519
1862	-1.154
1863	-1.792
1864	-0.955
1865	-2.381
1866	-2.119
1867	-1.810
1868	-1.928
1869	
1870	-2.995
1871	-3.386
1872	-3.066
1873	-2.249
1874	-1.841
1875	-3.653
1876	-2.429
1877	-3.283
1878	-3.092
1879	-5.087
1880	-1.228
1881	-5.624
1882	-2.695
1883	-2.040
1884	-1.592
1885	-1.939
1886	-2.766
1887	-2.368
1888	-1.536
1889	-2.211
1890	5.003
1891	-2.071
1892	-2.821
1893	-3.524
1894	-4.977
1895	-1.975
1896	-3.221
1897	-4.711
1898	-1.844
1899	-2.491
1900	-1.853
1901	-2.073
1902	-1.787
1903	-3.040
1904	-2.624
1905	-3.252
1906	-5.816
1907	-3.150
1908	-3.401
1909	-1.912
1910	-1.341
1911	-2.534
1912	-1.740
1913	-0.901
1914	-2.307
1915	-2.721
1916	-3.690
1917	-4.783
1918	-3.912
1919	-4.466
1920	-3.084
1921	-3.342
1922	-3.322
1923	
1924	-3.322
1925	-3.145
1926	-3.123
1927	-1.604
1928	
1929	-3.199
1930	-4.585
1931	-2.392
1932	
1933	-3.982
1934	-1.807
1935	-3.000
1936	-3.170
1937	-2.163
1938	-2.170
1939	
1940	-3.000
1941	-1.894
1942	
1943	
1944	
1945	-4.248
1946	-2.196
1947	-1.807
1948	-1.349
1949	-2.376
1950	-2.090
1951	-2.024
1952	-2.211
1953	-2.162
1954	-2.193
1955	-3.510
1956	-1.801
1957	-1.523
1958	-1.752
1959	-2.457
1960	-2.361
1961	-1.314
1962	-2.364
1963	-0.045
1964	-4.969
1965	-1.784
1966	-2.838
1967	-4.152
1968	-3.841
1969	-1.877
1970	-2.174
1971	-0.027
1972	-1.732
1973	-2.305
1974	-2.245
1975	-1.482
1976	-2.043
1977	-1.959
1978	-2.777
1979	-1.507
1980	-1.057
1981	-1.575
1982	-5.780
1983	-2.371
1984	-1.747
1985	-1.442
1986	-1.706
1987	-2.415
1988	-2.053
1989	-1.923
1990	0.170
1991	-1.033
1992	-1.085
1993	-2.338
1994	-2.031
1995	-1.861
1996	-2.779
1997	-2.081
1998	-2.288
1999	-2.003
2000	-2.547
2001	-1.897
2002	-2.106
2003	-0.699
2004	-1.797
2005	-1.226
2006	-2.524
2007	-3.170
2008	-0.893
2009	-1.319
2010	-1.682
2011	-0.976
2012	-1.071
2013	-2.211
2014	-2.012
2015	-1.814
2016	-2.163
2017	-1.511
2018	-2.070
2019	-1.448
2020	-1.774
2021	-1.109
2022	-3.087
2023	-2.410
2024	-1.164
2025	-1.462
2026	-2.109
2027	-2.679
2028	-1.711
2029	-2.031
2030	-2.886
2031	-2.040
2032	-1.535
2033	-1.750
2034	-1.679
2035	-0.945
2036	-2.669
2037	-1.981
2038	-3.362
2039	-3.950
2040	-2.009
2041	
2042	
2043	
2044	
2045	
2046	-3.322
2047	
2048	
2049	-3.070
2050	-3.267
2051	-3.893
2052	
2053	-2.322
2054	-1.000
2055	
2056	
2057	
2058	
2059	
2060	
2061	-1.585
2062	
2063	-1.000
2064	
2065	-2.224
2066	1.462
2067	-2.360
2068	-1.483
2069	-1.927
2070	-1.530
2071	-3.668
2072	-1.935
2073	-2.290
2074	-2.537
2075	-1.828
2076	-2.467
2077	-3.106
2078	-2.611
2079	-2.603
2080	-1.439
2081	0.475
2082	-0.996
2083	-2.977
2084	-2.337
2085	-1.877
2086	-0.668
2087	-1.414
2088	-2.547
2089	-1.733
2090	-2.659
2091	1.374
2092	-1.254
2093	-1.397
2094	-1.391
2095	-2.488
2096	-1.649
2097	0.172
2098	-2.106
2099	-1.575
2100	-2.355
2101	-1.645
2102	-4.231
2103	-0.348
2104	-1.294
2105	-2.021
2106	-1.582
2107	-2.094
2108	-2.144
2109	-0.588
2110	-1.615
2111	-1.737
2112	-1.159
2113	-2.122
2114	-1.790
2115	-2.260
2116	-1.598
2117	-1.119
2118	-2.547
2119	-2.409
2120	-1.580
2121	-2.346
2122	-1.049
2123	-2.583
2124	-1.842
2125	-1.554
2126	-3.845
2127	-1.120
2128	-1.184
2129	-1.766
2130	-0.730
2131	-2.205
2132	-2.092
2133	-3.067
2134	-2.015
2135	-1.602
2136	-1.293
2137	-1.683
2138	-0.814
2139	-1.674
2140	-1.161
2141	-1.388
2142	-1.618
2143	-1.138
2144	-1.776
2145	-1.667
2146	-1.267
2147	-4.408
2148	-0.312
2149	-1.113
2150	-2.427
2151	-4.503
2152	-4.985
2153	-0.955
2154	-0.146
2155	-1.761
2156	-1.489
2157	-1.404
2158	0.592
2159	-0.583
2160	-2.134
2161	
2162	-6.768
2163	-0.585
2164	1.000
2165	-2.781
2166	-2.926
2167	-3.716
2168	
2169	-2.170
2170	-3.597
2171	
2172	
2173	
2174	-1.000
2175	-1.611
2176	-1.585
2177	0.000
2178	-1.585
2179	1.000
2180	
2181	-3.585
2182	
2183	1.000
2184	-2.807
2185	-1.809
2186	-2.740
2187	-1.348
2188	-1.878
2189	-1.325
2190	-3.850
2191	-1.515
2192	-2.807
2193	-2.304
2194	-2.558
2195	-2.221
2196	-4.773
2197	-0.908
2198	-1.779
2199	-1.402
2200	-2.066
2201	-1.666
2202	-2.046
2203	-0.582
2204	-1.431
2205	-2.390
2206	-3.714
2207	-3.459
2208	-2.764
2209	-1.372
2210	-3.268
2211	-0.735
2212	-1.422
2213	-1.519
2214	-2.548
2215	-1.801
2216	-1.836
2217	-2.421
2218	-2.634
2219	-4.778
2220	-2.241
2221	-1.667
2222	-1.896
2223	1.918
2224	-1.500
2225	-2.620
2226	-1.597
2227	-1.896
2228	-1.532
2229	-1.709
2230	-1.608
2231	-3.360
2232	-2.576
2233	-2.296
2234	-0.805
2235	-1.447
2236	-1.660
2237	-1.878
2238	-1.890
2239	-2.618
2240	-2.097
2241	-2.339
2242	-1.653
2243	-2.471
2244	-1.607
2245	-5.066
2246	-1.126
2247	0.616
2248	-2.016
2249	-1.173
2250	-2.672
2251	-0.861
2252	-1.393
2253	-4.351
2254	-1.424
2255	-2.187
2256	-2.163
2257	-2.538
2258	-1.856
2259	-0.689
2260	-0.962
2261	-2.350
2262	-2.132
2263	-1.186
2264	-2.007
2265	-1.599
2266	-1.839
2267	-3.844
2268	-3.916
2269	-1.632
2270	-1.792
2271	-1.536
2272	-1.693
2273	-1.474
2274	-1.838
2275	-1.611
2276	-2.052
2277	-2.050
2278	-0.456
2279	-2.125
2280	-1.497
2281	16.610
2282	-3.000
2283	
2284	
2285	
2286	
2287	-2.585
2288	
2289	
2290	
2291	-1.000
2292	
2293	
2294	-2.585
2295	-1.222
2296	
2297	-1.585
2298	
2299	-1.000
2300	
2301	
2302	1.000
2303	
2304	
2305	-3.726
2306	-3.639
2307	-1.796
2308	-2.955
2309	-2.707
2310	-1.787
2311	-4.369
2312	-2.853
2313	-5.418
2314	-2.618
2315	-4.868
2316	-3.815
2317	-2.443
2318	-2.427
2319	1.154
2320	-2.755
2321	-1.820
2322	-4.303
2323	-2.800
2324	-4.044
2325	
2326	-3.127
2327	-3.459
2328	-4.504
2329	-2.267
2330	-1.919
2331	-2.753
2332	-2.150
2333	-2.689
2334	-1.129
2335	0.953
2336	-3.155
2337	-3.391
2338	-2.502
2339	-3.029
2340	-3.562
2341	0.067
2342	-1.351
2343	-2.565
2344	-1.657
2345	-3.054
2346	-2.699
2347	-2.839
2348	-4.069
2349	-2.798
2350	-3.217
2351	-3.878
2352	-3.870
2353	-4.000
2354	-6.011
2355	-3.787
2356	-2.097
2357	-3.346
2358	-2.563
2359	-4.096
2360	-6.829
2361	-4.261
2362	-1.644
2363	-4.019
2364	-2.357
2365	-3.194
2366	-4.632
2367	-3.111
2368	-1.815
2369	-2.735
2370	-5.322
2371	-2.206
2372	-1.058
2373	-5.087
2374	-3.127
2375	-3.522
2376	-3.780
2377	-3.235
2378	-4.453
2379	-5.064
2380	-2.307
2381	-3.436
2382	-1.433
2383	-2.513
2384	-4.066
2385	-2.368
2386	-2.891
2387	-4.488
2388	-2.932
2389	-2.931
2390	-1.781
2391	-2.150
2392	-6.804
2393	-1.348
2394	-2.599
2395	-2.670
2396	-4.615
2397	-4.429
2398	-3.017
2399	-4.707
2400	-2.928
2401	-2.965
2402	
2403	-2.115
2404	
2405	-2.626
2406	-3.129
2407	-2.819
2408	
2409	-3.052
2410	-5.198
2411	-3.213
2412	
2413	-3.648
2414	
2415	
2416	-1.585
2417	-2.021
2418	-3.170
2419	0.000
2420	
2421	-2.298
2422	
2423	
2424	-3.322
2425	-2.725
2426	-2.926
2427	-2.191
2428	-2.075
2429	-3.224
2430	-2.268
2431	-3.073
2432	-2.965
2433	-3.165
2434	-2.257
2435	-2.832
2436	-3.115
2437	-1.935
2438	-2.664
2439	-1.332
2440	-1.189
2441	-2.329
2442	-2.117
2443	-0.794
2444	-2.439
2445	-2.436
2446	-2.313
2447	-2.901
2448	-2.516
2449	-2.803
2450	-2.710
2451	-2.191
2452	-0.169
2453	-3.898
2454	-1.977
2455	-2.121
2456	-0.752
2457	-2.118
2458	-1.567
2459	-1.423
2460	-2.064
2461	-1.852
2462	-2.618
2463	-2.278
2464	-2.140
2465	-1.541
2466	-1.672
2467	1.214
2468	-2.164
2469	-2.044
2470	-2.966
2471	-2.905
2472	-2.692
2473	-2.124
2474	-3.218
2475	-1.304
2476	-2.913
2477	-2.588
2478	-3.113
2479	-1.708
2480	-2.774
2481	-1.991
2482	-0.677
2483	-1.869
2484	-2.536
2485	-1.731
2486	-3.306
2487	-2.000
2488	-1.933
2489	-2.083
2490	-1.708
2491	-1.667
2492	-2.821
2493	-2.092
2494	-3.555
2495	-1.970
2496	-2.006
2497	-1.915
2498	-2.570
2499	-2.439
2500	-1.715
2501	-0.471
2502	-1.511
2503	-2.234
2504	-1.898
2505	-1.515
2506	-1.364
2507	-3.097
2508	-2.194
2509	-3.802
2510	-2.044
2511	-2.033
2512	-1.724
2513	-2.494
2514	-2.225
2515	-4.306
2516	-2.612
2517	-1.113
2518	-2.610
2519	-1.589
2520	-2.308
2521	
2522	
2523	
2524	-3.036
2525	-3.524
2526	
2527	-1.222
2528	
2529	-3.841
2530	-4.907
2531	-3.215
2532	
2533	-2.304
2534	
2535	
2536	-3.807
2537	
2538	
2539	-1.585
2540	
2541	-1.000
2542	-2.807
2543	-2.000
2544	-1.585
2545	-2.088
2546	-2.764
2547	-2.072
2548	-3.115
2549	-1.789
2550	-1.568
2551	-3.215
2552	5.835
2553	-3.222
2554	-1.594
2555	-3.453
2556	-1.922
2557	-1.377
2558	-4.590
2559	-2.674
2560	-1.823
2561	-0.879
2562	-1.449
2563	-0.198
2564	-1.485
2565	-2.012
2566	-2.879
2567	-2.186
2568	-3.987
2569	-0.700
2570	-1.828
2571	0.481
2572	-1.065
2573	-2.347
2574	-2.007
2575	-2.300
2576	-2.227
2577	-0.367
2578	-2.076
2579	-1.830
2580	-2.933
2581	-2.426
2582	-1.794
2583	-0.663
2584	-2.017
2585	-1.216
2586	-1.384
2587	-1.493
2588	-0.783
2589	-1.954
2590	-2.252
2591	-0.911
2592	-1.385
2593	-4.210
2594	-2.289
2595	-1.965
2596	-1.560
2597	-2.032
2598	-1.330
2599	-3.291
2600	-1.487
2601	-1.532
2602	-2.411
2603	-3.973
2604	-2.133
2605	-2.082
2606	-1.954
2607	-0.975
2608	-1.228
2609	-2.004
2610	-0.990
2611	-2.825
2612	-3.733
2613	-2.599
2614	-1.962
2615	-2.686
2616	-1.514
2617	-5.409
2618	-1.860
2619	-1.362
2620	-1.399
2621	-1.913
2622	-1.803
2623	-1.577
2624	-2.769
2625	-1.002
2626	-2.497
2627	-2.122
2628	-2.348
2629	-0.563
2630	-3.260
2631	-1.728
2632	-1.934
2633	-2.698
2634	-2.668
2635	-2.436
2636	-1.801
2637	-2.722
2638	0.273
2639	-0.798
2640	-2.561
2641	0.000
2642	-1.585
2643	-1.807
2644	16.610
2645	-1.000
2646	
2647	-1.000
2648	0.000
2649	
2650	
2651	
2652	
2653	
2654	16.610
2655	16.610
2656	-2.000
2657	
2658	0.000
2659	
2660	
2661	-1.585
2662	16.610
2663	-0.415
2664	
2665	-1.267
2666	-2.189
2667	-3.565
2668	
2669	
2670	
2671	-1.000
2672	16.610
2673	16.610
2674	-1.585
2675	16.610
2676	
2677	-2.000
2678	-1.000
2679	1.000
2680	-2.733
2681	
2682	0.000
2683	16.610
2684	-2.160
2685	
2686	-1.000
2687	
2688	-4.387
2689	
2690	-1.322
2691	-2.636
2692	-1.608
2693	
2694	
2695	
2696	-2.585
2697	
2698	1.000
2699	
2700	
2701	0.000
2702	-1.000
2703	-2.761
2704	
2705	-0.811
2706	-0.585
2707	-1.623
2708	
2709	-1.702
2710	-1.000
2711	
2712	-3.528
2713	
2714	-2.322
2715	-2.683
2716	
2717	
2718	-1.000
2719	
2720	-1.934
2721	-2.828
2722	-2.174
2723	
2724	
2725	16.610
2726	
2727	1.322
2728	-2.718
2729	-2.000
2730	-0.737
2731	
2732	-0.103
2733	-2.459
2734	
2735	
2736	0.737
2737	-2.585
2738	-5.172
2739	-3.019
2740	-2.646
2741	-1.813
2742	-2.011
2743	-2.098
2744	-2.025
2745	-2.276
2746	-0.441
2747	
2748	-2.321
2749	-2.356
2750	-2.889
2751	
2752	-1.663
2753	
2754	
2755	16.610
2756	-1.000
2757	-1.934
2758	1.000
2759	-1.322
2760	
2761	
2762	-3.322
2763	
2764	-1.585
2765	
2766	-2.000
2767	
2768	
2769	
2770	-2.907
2771	
2772	
2773	
2774	
2775	-1.170
2776	
2777	
2778	
2779	0.585
2780	-2.585
2781	-1.807
2782	
2783	
2784	0.585
2785	-3.100
2786	-3.711
2787	-3.373
2788	-2.954
2789	-6.741
2790	-3.408
2791	-3.308
2792	-3.398
2793	-4.361
2794	2.651
2795	-4.119
2796	-2.957
2797	-1.874
2798	-1.952
2799	-1.379
2800	-2.369
2801	-1.909
2802	-2.097
2803	-2.517
2804	-2.871
2805	-2.299
2806	-1.965
2807	-3.459
2808	-3.352
2809	-1.735
2810	-2.138
2811	-2.263
2812	-1.868
2813	-2.352
2814	-3.954
2815	-1.944
2816	-4.488
2817	-5.610
2818	-2.813
2819	-2.734
2820	-3.954
2821	-0.261
2822	-2.016
2823	-2.910
2824	-1.611
2825	-2.018
2826	-2.421
2827	-2.107
2828	-3.888
2829	-2.220
2830	-3.825
2831	-4.026
2832	-2.761
2833	-5.870
2834	-2.774
2835	-2.866
2836	-2.203
2837	2.452
2838	-3.308
2839	-4.402
2840	-2.008
2841	-5.119
2842	-2.222
2843	-6.499
2844	-1.289
2845	-2.083
2846	-3.711
2847	-2.279
2848	-2.158
2849	-2.709
2850	-3.574
2851	-1.771
2852	-0.044
2853	-2.732
2854	-2.066
2855	-3.600
2856	-2.329
2857	-2.928
2858	-3.327
2859	-2.732
2860	-2.386
2861	-3.447
2862	-2.292
2863	-2.343
2864	-3.472
2865	-2.841
2866	-3.434
2867	-4.453
2868	-2.863
2869	-2.436
2870	-1.783
2871	-1.929
2872	-3.107
2873	-1.487
2874	-2.823
2875	-1.969
2876	-2.485
2877	-4.003
2878	-4.763
2879	-3.412
2880	-3.344
2881	-4.437
2882	-2.585
2883	
2884	0.000
2885	-2.826
2886	-2.504
2887	-3.285
2888	
2889	-1.000
2890	-2.000
2891	0.585
2892	
2893	-2.334
2894	-2.322
2895	-2.585
2896	
2897	-2.609
2898	
2899	
2900	
2901	-2.694
2902	1.585
2903	
2904	
2905	-0.266
2906	-2.413
2907	-2.513
2908	-3.843
2909	-4.032
2910	-2.271
2911	-1.741
2912	-1.998
2913	-3.150
2914	-1.816
2915	-2.821
2916	-3.439
2917	-3.071
2918	-2.496
2919	-5.751
2920	-2.306
2921	-1.959
2922	-1.866
2923	-2.859
2924	2.913
2925	-1.771
2926	-3.418
2927	-5.931
2928	-3.269
2929	-2.337
2930	-2.579
2931	-2.443
2932	-0.879
2933	-2.224
2934	-1.580
2935	-2.127
2936	-2.279
2937	-1.513
2938	-1.434
2939	0.106
2940	-1.823
2941	-2.514
2942	-1.244
2943	-2.726
2944	-2.420
2945	-2.298
2946	-3.011
2947	-3.206
2948	-1.113
2949	-0.591
2950	-3.222
2951	-1.385
2952	-1.666
2953	-1.943
2954	-5.034
2955	-1.719
2956	-2.673
2957	-1.289
2958	-1.503
2959	-3.073
2960	-2.189
2961	-1.775
2962	-1.843
2963	-1.578
2964	-1.466
2965	-2.432
2966	-1.882
2967	-3.907
2968	-1.022
2969	-2.207
2970	-3.246
2971	-2.653
2972	-3.297
2973	-2.045
2974	-2.889
2975	-1.411
2976	-2.372
2977	-1.932
2978	-2.655
2979	-1.121
2980	-2.379
2981	-1.959
2982	-1.391
2983	-2.023
2984	-2.027
2985	-2.279
2986	-0.739
2987	-5.166
2988	-1.535
2989	-3.989
2990	-1.830
2991	-1.949
2992	-3.025
2993	-1.622
2994	-2.008
2995	-2.178
2996	-2.104
2997	-2.094
2998	-1.594
2999	-1.817
3000	-1.315
3001	
3002	-2.807
3003	
3004	-0.322
3005	-1.585
3006	
3007	-4.954
3008	
3009	-4.183
3010	-4.104
3011	-2.238
3012	
3013	-1.585
3014	
3015	
3016	
3017	
3018	-1.222
3019	-3.000
3020	
3021	
3022	-3.170
3023	
3024	-2.000
3025	-0.951
3026	-2.486
3027	-4.196
3028	-3.195
3029	-2.110
3030	-2.563
3031	-3.273
3032	-1.922
3033	-2.442
3034	-3.209
3035	-3.350
3036	-4.644
3037	-2.095
3038	-2.082
3039	-3.046
3040	-4.273
3041	-2.106
3042	-2.029
3043	-3.027
3044	-2.219
3045	-1.602
3046	-2.771
3047	-4.192
3048	-2.538
3049	-1.920
3050	-2.984
3051	2.798
3052	-1.868
3053	-0.800
3054	-2.561
3055	-0.412
3056	-2.858
3057	-0.906
3058	-3.652
3059	-2.521
3060	-4.261
3061	-2.401
3062	-2.878
3063	-0.445
3064	-1.112
3065	-1.741
3066	-1.836
3067	-1.758
3068	-2.773
3069	-2.053
3070	-3.329
3071	-0.344
3072	-2.363
3073	-2.480
3074	-2.100
3075	-4.090
3076	-1.521
3077	-2.856
3078	-2.090
3079	-2.761
3080	-1.940
3081	-1.998
3082	-1.960
3083	-2.468
3084	-2.490
3085	-3.327
3086	-1.880
3087	-2.949
3088	-1.562
3089	-2.194
3090	-2.967
3091	-3.016
3092	-2.111
3093	-3.219
3094	-2.041
3095	-2.647
3096	-1.772
3097	-2.195
3098	-3.814
3099	-1.682
3100	-2.671
3101	-2.155
3102	-2.400
3103	-4.062
3104	-1.521
3105	-1.692
3106	-1.758
3107	-1.277
3108	-1.070
3109	-2.780
3110	-2.138
3111	-1.962
3112	-2.049
3113	-2.215
3114	-1.097
3115	-1.060
3116	-3.010
3117	-1.547
3118	-0.119
3119	-1.454
3120	-2.742
3121	
3122	
3123	-2.170
3124	
3125	-5.443
3126	-3.793
3127	
3128	
3129	-2.585
3130	
3131	-0.848
3132	
3133	
3134	-1.415
3135	
3136	-2.585
3137	-1.585
3138	-1.000
3139	
3140	16.610
3141	-1.322
3142	-2.322
3143	
3144	
3145	-4.248
3146	-1.830
3147	-4.363
3148	-3.198
3149	-2.015
3150	-2.400
3151	-1.412
3152	-1.649
3153	-4.433
3154	-3.390
3155	-2.506
3156	-2.455
3157	-0.808
3158	-1.713
3159	-1.609
3160	-1.807
3161	-1.989
3162	-3.221
3163	-1.677
3164	-3.000
3165	-2.955
3166	-2.733
3167	-2.790
3168	-2.157
3169	-2.018
3170	-2.553
3171	-2.540
3172	-1.447
3173	-2.102
3174	-1.448
3175	-1.041
3176	-2.360
3177	-2.592
3178	-3.058
3179	-1.938
3180	2.737
3181	-1.589
3182	-1.445
3183	-1.225
3184	-1.233
3185	-1.545
3186	-1.276
3187	-1.644
3188	-4.910
3189	-1.319
3190	-1.721
3191	-2.213
3192	-2.430
3193	-3.136
3194	-2.388
3195	-0.463
3196	-2.758
3197	-2.574
3198	-2.460
3199	-5.038
3200	-2.379
3201	-3.112
3202	-2.017
3203	-3.478
3204	-1.884
3205	-1.457
3206	-1.801
3207	-1.065
3208	-1.922
3209	-2.320
3210	-2.128
3211	-2.293
3212	-2.981
3213	-4.280
3214	-1.739
3215	-1.695
3216	-2.994
3217	-2.038
3218	-1.745
3219	-1.988
3220	-4.609
3221	-1.153
3222	-1.653
3223	-1.611
3224	-3.957
3225	-2.071
3226	-2.579
3227	-0.519
3228	-5.704
3229	-1.857
3230	-2.281
3231	-2.097
3232	-2.295
3233	-1.926
3234	-2.313
3235	-2.234
3236	-3.705
3237	-1.919
3238	-1.099
3239	-3.187
3240	-2.545
3241	-1.000
3242	-0.322
3243	
3244	
3245	
3246	
3247	-3.000
3248	
3249	-4.248
3250	-3.322
3251	
3252	
3253	
3254	
3255	-0.415
3256	
3257	-0.585
3258	
3259	-3.459
3260	
3261	
3262	
3263	
3264	-2.322
3265	-3.663
3266	-4.373
3267	-2.481
3268	-2.085
3269	-4.694
3270	-3.877
3271	-4.192
3272	-2.492
3273	-4.265
3274	-3.921
3275	-2.893
3276	-4.000
3277	-2.362
3278	-1.745
3279	-4.312
3280	-4.252
3281	-2.809
3282	-2.131
3283	0.343
3284	-3.071
3285	-1.995
3286	-2.607
3287	-3.658
3288	-2.188
3289	-3.505
3290	-2.559
3291	-2.007
3292	-2.471
3293	-3.187
3294	-2.588
3295	-3.196
3296	-2.742
3297	-5.217
3298	-2.754
3299	0.216
3300	1.019
3301	-2.890
3302	-2.563
3303	-1.914
3304	-1.937
3305	-3.019
3306	-3.950
3307	-3.415
3308	-3.166
3309	-2.332
3310	-2.406
3311	-4.259
3312	-3.425
3313	-3.780
3314	-2.448
3315	-2.452
3316	-1.261
3317	-3.273
3318	-1.860
3319	-4.999
3320	-0.383
3321	-5.585
3322	-1.707
3323	-3.089
3324	-2.351
3325	-1.375
3326	-4.281
3327	-1.928
3328	-2.275
3329	-2.218
3330	-4.692
3331	-1.994
3332	-2.229
3333	-6.163
3334	-2.117
3335	-4.250
3336	-2.060
3337	-2.522
3338	-1.858
3339	-3.322
3340	-3.829
3341	-2.476
3342	-2.475
3343	-1.897
3344	-1.197
3345	-4.277
3346	-3.367
3347	-3.509
3348	-2.995
3349	-2.042
3350	-1.607
3351	-4.157
3352	1.287
3353	-2.769
3354	-5.776
3355	-2.274
3356	-2.270
3357	-3.852
3358	-2.309
3359	-3.358
3360	-3.044
3361	-2.429
3362	
3363	
3364	
3365	-2.550
3366	-2.967
3367	-2.524
3368	
3369	
3370	
3371	
3372	
3373	-2.653
3374	
3375	
3376	
3377	-2.352
3378	16.610
3379	
3380	-1.585
3381	-2.669
3382	
3383	16.610
3384	
3385	-2.265
3386	-1.819
3387	-2.889
3388	-3.893
3389	-2.388
3390	-3.112
3391	-1.974
3392	-4.446
3393	-1.862
3394	-4.010
3395	-5.087
3396	-2.512
3397	-2.389
3398	-2.138
3399	-2.252
3400	-1.681
3401	-2.717
3402	-2.749
3403	-0.911
3404	-3.827
3405	-3.685
3406	-3.065
3407	-4.428
3408	-5.271
3409	-1.916
3410	-2.528
3411	0.686
3412	-1.088
3413	-2.826
3414	-2.245
3415	-2.154
3416	-1.805
3417	-2.362
3418	-1.645
3419	-1.974
3420	-1.445
3421	-2.002
3422	-1.668
3423	-2.614
3424	-2.486
3425	-2.323
3426	-2.711
3427	-3.039
3428	-3.783
3429	-2.896
3430	-2.294
3431	-2.569
3432	-2.434
3433	-2.891
3434	-4.576
3435	-2.107
3436	-4.466
3437	-1.604
3438	-1.852
3439	-3.382
3440	-2.486
3441	-1.832
3442	-3.781
3443	-2.581
3444	-1.290
3445	-1.682
3446	-2.319
3447	-4.450
3448	-1.981
3449	-2.328
3450	-1.890
3451	-7.815
3452	-2.472
3453	-2.206
3454	-3.711
3455	-1.882
3456	-2.231
3457	-1.506
3458	-2.856
3459	-2.446
3460	-2.606
3461	-2.632
3462	-2.683
3463	-5.503
3464	-2.586
3465	-1.645
3466	-2.253
3467	-5.022
3468	-0.437
3469	-2.686
3470	-3.783
3471	-2.491
3472	-2.700
3473	-2.431
3474	-2.028
3475	-1.199
3476	0.019
3477	-2.949
3478	-2.652
3479	-1.858
3480	-1.289
3481	-1.585
3482	-2.807
3483	-3.585
3484	-2.000
3485	-3.000
3486	
3487	-3.433
3488	
3489	-4.446
3490	-3.503
3491	-3.204
3492	
3493	
3494	
3495	-2.322
3496	-2.585
3497	0.000
3498	
3499	
3500	-1.000
3501	-2.115
3502	2.000
3503	-1.322
3504	-1.667
3505	-2.988
3506	-3.353
3507	-3.930
3508	-3.987
3509	-2.933
3510	-1.713
3511	-2.123
3512	-3.934
3513	-2.153
3514	-3.111
3515	2.168
3516	-2.968
3517	-2.339
3518	-2.423
3519	-0.691
3520	-2.109
3521	-0.621
3522	-1.659
3523	-2.872
3524	-1.767
3525	-1.724
3526	-2.204
3527	-4.426
3528	-4.257
3529	-1.242
3530	-2.441
3531	0.072
3532	-2.290
3533	-1.461
3534	-1.676
3535	-1.266
3536	-3.693
3537	-0.810
3538	-3.975
3539	-2.178
3540	-4.423
3541	-2.694
3542	-1.911
3543	-1.737
3544	-1.015
3545	-1.625
3546	-1.077
3547	-2.129
3548	-1.478
3549	-1.687
3550	-3.070
3551	-1.027
3552	-2.267
3553	-1.912
3554	-4.705
3555	-2.488
3556	-2.202
3557	-2.266
3558	-3.901
3559	-2.666
3560	-2.190
3561	-1.399
3562	-3.139
3563	-3.337
3564	-2.698
3565	-6.474
3566	-2.314
3567	-2.221
3568	-2.391
3569	-1.770
3570	-2.475
3571	-2.242
3572	-2.299
3573	-5.207
3574	-2.209
3575	-2.159
3576	-1.759
3577	-2.578
3578	-3.100
3579	-1.696
3580	-2.032
3581	-2.418
3582	-2.523
3583	-4.038
3584	-0.887
3585	-3.090
3586	-2.182
3587	-0.628
3588	-3.378
3589	-0.392
3590	-1.970
3591	-2.967
3592	-1.805
3593	-1.002
3594	-2.654
3595	-0.562
3596	-4.475
3597	-3.315
3598	-4.555
3599	-1.624
3600	-2.072
3601	-3.459
3602	-2.170
3603	
3604	
3605	
3606	-2.222
3607	
3608	
3609	-1.874
3610	-1.222
3611	
3612	
3613	
3614	-1.585
3615	
3616	-1.000
3617	
3618	
3619	
3620	-3.322
3621	
3622	0.000
3623	
3624	
3625	-4.670
3626	-2.506
3627	-5.053
3628	-2.745
3629	-2.332
3630	-3.164
3631	-1.920
3632	-2.928
3633	-4.313
3634	-3.426
3635	-5.170
3636	-3.914
3637	-1.008
3638	-1.784
3639	-3.510
3640	-1.829
3641	-1.843
3642	-2.942
3643	-3.739
3644	-3.741
3645	-3.554
3646	-3.299
3647	-2.723
3648	-4.722
3649	-1.490
3650	-1.204
3651	-2.832
3652	-1.935
3653	-1.598
3654	-1.625
3655	-0.135
3656	-1.881
3657	-3.682
3658	-2.739
3659	-4.078
3660	-3.428
3661	-3.453
3662	-1.799
3663	-1.456
3664	-2.051
3665	-1.826
3666	-1.159
3667	-1.700
3668	-2.724
3669	-2.082
3670	-2.123
3671	-1.821
3672	-2.790
3673	-3.119
3674	-2.485
3675	-0.819
3676	-1.899
3677	-2.620
3678	-2.737
3679	-2.392
3680	-3.145
3681	-2.211
3682	-2.209
3683	-2.909
3684	-2.665
3685	-2.076
3686	-1.867
3687	-1.802
3688	-1.843
3689	-3.170
3690	-2.122
3691	-1.855
3692	-4.995
3693	-2.682
3694	-2.311
3695	-2.416
3696	-2.748
3697	-2.667
3698	-3.631
3699	-1.789
3700	-3.536
3701	-1.974
3702	-3.469
3703	-1.673
3704	-1.747
3705	-2.399
3706	-1.282
3707	-0.607
3708	-1.784
3709	-2.327
3710	0.388
3711	-1.509
3712	-0.900
3713	-2.184
3714	-1.911
3715	-2.162
3716	-1.702
3717	-2.072
3718	-1.063
3719	-2.969
3720	-3.371
3721	
3722	
3723	
3724	
3725	-1.000
3726	
3727	
3728	
3729	-6.555
3730	-3.524
3731	-3.000
3732	
3733	
3734	-1.322
3735	
3736	-2.000
3737	
3738	
3739	-2.000
3740	
3741	
3742	
3743	
3744	16.610
3745	-3.566
3746	-1.332
3747	-3.566
3748	-2.807
3749	-3.285
3750	-1.624
3751	-2.544
3752	-3.003
3753	-5.257
3754	-2.929
3755	-3.897
3756	-6.555
3757	-2.740
3758	-0.597
3759	-1.983
3760	-3.341
3761	1.630
3762	-2.519
3763	-3.884
3764	-2.992
3765	-3.984
3766	-4.500
3767	-3.144
3768	-2.902
3769	-2.970
3770	-2.384
3771	-1.895
3772	-1.747
3773	-2.434
3774	-2.278
3775	-3.653
3776	-3.464
3777	-4.895
3778	-1.912
3779	-1.720
3780	-2.431
3781	-1.109
3782	-2.777
3783	-2.065
3784	-2.291
3785	-2.424
3786	-2.489
3787	-1.744
3788	-3.585
3789	-2.073
3790	-2.092
3791	-4.021
3792	-2.572
3793	-2.783
3794	-2.710
3795	-4.287
3796	-1.789
3797	-2.778
3798	-4.995
3799	-3.185
3800	-2.691
3801	-3.326
3802	-2.979
3803	-2.406
3804	-2.264
3805	-2.499
3806	-2.700
3807	-2.443
3808	-2.368
3809	-2.837
3810	-3.184
3811	-2.900
3812	-3.164
3813	-5.121
3814	-2.455
3815	-4.659
3816	-4.519
3817	-3.197
3818	-4.216
3819	-1.749
3820	-2.367
3821	-2.813
3822	-2.683
3823	-2.866
3824	-1.469
3825	-3.087
3826	-5.585
3827	0.725
3828	-3.219
3829	-1.628
3830	-0.977
3831	-2.546
3832	0.580
3833	-3.322
3834	-2.108
3835	-3.008
3836	-3.128
3837	-3.651
3838	-3.588
3839	-3.062
3840	-3.538
3841	-2.893
3842	
3843	-1.000
3844	-1.000
3845	-3.300
3846	-3.874
3847	-3.057
3848	
3849	-2.222
3850	-1.322
3851	
3852	
3853	-3.153
3854	
3855	
3856	-1.585
3857	-3.349
3858	
3859	-1.322
3860	-1.585
3861	-2.791
3862	
3863	16.610
3864	-1.585
3865	-3.852
3866	-1.379
3867	-3.892
3868	-4.178
3869	-6.213
3870	-3.190
3871	-3.246
3872	-2.766
3873	-3.233
3874	-2.745
3875	-4.285
3876	-3.264
3877	-1.425
3878	-3.921
3879	-2.398
3880	-2.111
3881	-2.408
3882	-5.219
3883	-0.487
3884	-2.179
3885	-2.506
3886	-4.295
3887	-2.567
3888	-3.573
3889	-2.010
3890	-2.382
3891	-4.274
3892	-1.034
3893	-2.249
3894	-2.003
3895	-1.779
3896	-1.693
3897	-2.838
3898	-2.195
3899	-2.834
3900	-2.439
3901	-1.860
3902	-1.293
3903	-2.994
3904	-3.582
3905	-3.417
3906	-2.326
3907	-3.588
3908	-2.799
3909	-2.342
3910	-2.278
3911	-2.187
3912	-1.856
3913	-2.870
3914	-3.971
3915	-1.908
3916	-2.160
3917	-2.885
3918	-2.321
3919	-1.758
3920	-2.806
3921	-2.101
3922	-2.990
3923	-1.927
3924	-1.331
3925	-3.992
3926	-2.052
3927	-3.777
3928	-3.012
3929	-2.215
3930	-2.129
3931	-3.041
3932	-2.785
3933	-1.052
3934	-3.963
3935	-0.200
3936	-2.574
3937	-1.804
3938	-2.681
3939	-3.891
3940	-3.137
3941	-3.470
3942	-2.288
3943	-2.843
3944	-1.807
3945	-2.840
3946	-2.269
3947	-3.340
3948	-2.210
3949	-1.253
3950	-1.421
3951	-2.454
3952	-1.995
3953	-2.209
3954	-2.401
3955	-1.227
3956	-2.472
3957	-2.883
3958	-2.000
3959	-2.360
3960	-2.330
3961	-1.222
3962	
3963	16.610
3964	
3965	-1.585
3966	
3967	
3968	
3969	-3.256
3970	-4.841
3971	-2.474
3972	
3973	
3974	-2.585
3975	
3976	-1.000
3977	-0.678
3978	
3979	-1.000
3980	-1.585
3981	
3982	
3983	
3984	
3985	-2.903
3986	-2.703
3987	-3.070
3988	-3.511
3989	-2.521
3990	-3.510
3991	-2.450
3992	-2.595
3993	-3.845
3994	-3.257
3995	-1.783
3996	-2.780
3997	-2.387
3998	-1.832
3999	-1.964
4000	-2.745
4001	2.021
4002	-2.515
4003	-2.317
4004	5.711
4005	-2.872
4006	-2.353
4007	-4.074
4008	-1.328
4009	-2.211
4010	-1.820
4011	1.566
4012	-1.826
4013	-1.348
4014	-2.493
4015	-0.652
4016	-2.752
4017	-0.729
4018	-3.063
4019	-2.776
4020	-2.562
4021	-1.559
4022	-3.135
4023	-1.194
4024	-1.691
4025	-4.876
4026	-3.199
4027	-2.249
4028	-1.222
4029	-2.101
4030	-2.183
4031	-1.750
4032	-0.395
4033	-2.063
4034	-1.855
4035	-2.086
4036	-2.961
4037	-2.621
4038	-2.294
4039	-2.894
4040	-2.271
4041	-1.440
4042	-2.073
4043	-3.148
4044	-2.191
4045	-1.684
4046	-1.884
4047	-2.381
4048	-2.096
4049	-1.402
4050	-2.577
4051	-2.852
4052	-2.266
4053	-2.689
4054	-1.938
4055	-2.134
4056	-0.950
4057	-3.011
4058	-1.499
4059	-1.467
4060	-2.410
4061	-2.189
4062	-2.909
4063	-2.048
4064	-1.667
4065	-2.101
4066	-2.570
4067	-1.868
4068	-1.998
4069	-0.635
4070	-2.161
4071	-1.705
4072	-1.607
4073	-0.658
4074	-0.882
4075	-0.695
4076	-3.799
4077	-2.601
4078	-1.348
4079	-3.988
4080	-1.979
4081	-1.585
4082	-1.585
4083	
4084	-2.807
4085	-3.907
4086	-2.974
4087	
4088	
4089	-3.087
4090	
4091	
4092	-9.343
4093	
4094	-2.170
4095	
4096	
4097	
4098	-1.807
4099	
4100	0.000
4101	
4102	-3.170
4103	
4104	-2.807
4105	-2.641
4106	-3.092
4107	-2.379
4108	-4.431
4109	-2.697
4110	-1.952
4111	-2.912
4112	-2.077
4113	-3.007
4114	-2.599
4115	-2.684
4116	-4.916
4117	-3.512
4118	-2.594
4119	-1.794
4120	-3.297
4121	-1.539
4122	-2.158
4123	-0.094
4124	-3.219
4125	-2.846
4126	-3.926
4127	-2.337
4128	-2.460
4129	-2.543
4130	-1.528
4131	-2.330
4132	-2.268
4133	-2.242
4134	-2.993
4135	-1.154
4136	-5.487
4137	2.143
4138	-3.142
4139	-2.400
4140	-0.882
4141	-3.503
4142	-1.619
4143	-0.564
4144	-1.614
4145	-1.959
4146	-1.096
4147	-1.865
4148	-1.181
4149	-2.557
4150	-5.145
4151	-3.426
4152	-2.858
4153	-1.787
4154	-2.427
4155	-2.782
4156	-2.204
4157	-2.448
4158	-3.381
4159	-4.214
4160	-3.261
4161	-2.103
4162	-2.430
4163	-3.553
4164	-2.700
4165	-2.455
4166	-2.092
4167	0.088
4168	-5.837
4169	-1.988
4170	-1.644
4171	-1.121
4172	-3.026
4173	-2.471
4174	-2.302
4175	-2.244
4176	-2.214
4177	-2.146
4178	-3.684
4179	-2.102
4180	-1.957
4181	-1.705
4182	-2.133
4183	-1.275
4184	-1.873
4185	-2.737
4186	-0.888
4187	-0.635
4188	-0.065
4189	-2.218
4190	-0.331
4191	-2.152
4192	-2.273
4193	-2.159
4194	-4.425
4195	-2.124
4196	-2.302
4197	-2.155
4198	-0.177
4199	-2.886
4200	-2.649
4201	
4202	16.610
4203	
4204	
4205	
4206	
4207	16.610
4208	-9.923
4209	-4.799
4210	
4211	-1.807
4212	-9.657
4213	
4214	
4215	-1.322
4216	
4217	-2.322
4218	
4219	-2.790
4220	-1.000
4221	
4222	
4223	-2.807
4224	
4225	-3.313
4226	-2.871
4227	-2.721
4228	-2.810
4229	-2.484
4230	-3.835
4231	-3.185
4232	-2.532
4233	-4.700
4234	-2.737
4235	-2.961
4236	-1.111
4237	-2.594
4238	-1.899
4239	-0.573
4240	-3.048
4241	-2.820
4242	-4.212
4243	-4.797
4244	-3.293
4245	-3.147
4246	-3.794
4247	-3.467
4248	-5.426
4249	-1.974
4250	-4.164
4251	-1.969
4252	-1.467
4253	-2.375
4254	-2.601
4255	-4.413
4256	-3.109
4257	-2.585
4258	-2.316
4259	-0.605
4260	-3.604
4261	-0.679
4262	-3.316
4263	-2.444
4264	-0.615
4265	-2.148
4266	-2.912
4267	-2.319
4268	-0.679
4269	-3.228
4270	-1.513
4271	-2.590
4272	-3.457
4273	-5.365
4274	-2.885
4275	-4.813
4276	-2.363
4277	-3.153
4278	-3.459
4279	-4.609
4280	-2.496
4281	-2.373
4282	-2.743
4283	-4.883
4284	-1.985
4285	-2.097
4286	-3.391
4287	-2.525
4288	-2.890
4289	-2.713
4290	-3.720
4291	-1.798
4292	-3.883
4293	-2.904
4294	-2.325
4295	-3.072
4296	-3.773
4297	-3.269
4298	1.254
4299	-1.170
4300	-2.122
4301	-2.945
4302	-2.424
4303	-2.903
4304	-2.467
4305	-2.572
4306	-3.544
4307	-4.215
4308	-4.069
4309	-2.399
4310	-1.610
4311	-3.981
4312	-1.475
4313	-1.064
4314	-2.615
4315	-3.416
4316	-2.663
4317	-2.397
4318	-2.825
4319	-2.674
4320	-5.371
4321	-2.449
4322	-2.115
4323	-1.000
4324	
4325	-3.598
4326	-2.632
4327	-2.599
4328	
4329	
4330	-2.000
4331	-4.629
4332	
4333	-2.195
4334	-0.585
4335	16.610
4336	-2.807
4337	-2.927
4338	-1.000
4339	0.000
4340	
4341	-3.288
4342	-1.585
4343	
4344	-0.585
4345	-3.115
4346	-3.104
4347	-2.619
4348	-2.985
4349	-3.209
4350	-2.543
4351	-1.923
4352	-3.212
4353	-4.498
4354	-2.110
4355	-5.481
4356	-4.115
4357	-2.337
4358	-1.397
4359	-2.980
4360	-3.590
4361	-2.734
4362	-2.192
4363	-2.157
4364	-2.466
4365	-5.699
4366	-2.768
4367	-2.026
4368	-2.839
4369	-2.333
4370	-4.189
4371	-0.218
4372	-2.232
4373	-2.523
4374	-1.869
4375	-2.811
4376	-3.010
4377	-2.181
4378	-2.207
4379	-2.321
4380	-2.226
4381	-2.326
4382	-0.841
4383	-3.130
4384	-2.149
4385	-3.399
4386	-3.693
4387	-3.888
4388	-2.768
4389	-1.876
4390	0.149
4391	-1.881
4392	-2.451
4393	-2.360
4394	-4.833
4395	-2.510
4396	-2.941
4397	-2.276
4398	-3.150
4399	-4.205
4400	-2.557
4401	-3.929
4402	-2.609
4403	-2.097
4404	-1.494
4405	-1.929
4406	-3.226
4407	-3.160
4408	-6.431
4409	-0.863
4410	-2.539
4411	-2.316
4412	-1.451
4413	-1.891
4414	-8.121
4415	-2.253
4416	-4.801
4417	-2.386
4418	-2.358
4419	-2.553
4420	-1.753
4421	-1.985
4422	-0.778
4423	-2.111
4424	-1.128
4425	-2.112
4426	-2.303
4427	-2.230
4428	-1.768
4429	-2.082
4430	-1.533
4431	-2.099
4432	-4.917
4433	-2.343
4434	-1.939
4435	-4.363
4436	-2.767
4437	-1.781
4438	-2.886
4439	-2.969
4440	-2.710
4441	0.415
4442	-1.585
4443	-1.585
4444	
4445	-5.273
4446	-2.170
4447	-3.170
4448	
4449	-4.237
4450	-4.524
4451	-2.883
4452	
4453	-1.000
4454	
4455	-0.322
4456	-3.459
4457	
4458	
4459	
4460	
4461	
4462	-1.807
4463	-3.807
4464	-2.585
4465	-2.282
4466	-3.718
4467	-5.019
4468	-2.335
4469	-2.289
4470	-4.021
4471	-3.115
4472	-2.439
4473	-1.995
4474	-1.096
4475	-4.935
4476	-4.469
4477	-0.638
4478	-1.643
4479	-3.499
4480	-3.124
4481	-4.310
4482	-6.592
4483	-2.454
4484	-2.425
4485	-4.787
4486	-2.847
4487	-2.287
4488	-2.060
4489	-2.282
4490	-3.004
4491	0.400
4492	-1.773
4493	-2.829
4494	-3.074
4495	-2.362
4496	-0.707
4497	-0.892
4498	-3.719
4499	-1.690
4500	-3.683
4501	-0.509
4502	-1.231
4503	-0.484
4504	-2.753
4505	-1.599
4506	-2.767
4507	-1.953
4508	-1.992
4509	-2.277
4510	-3.200
4511	-2.669
4512	0.053
4513	-1.648
4514	-1.738
4515	-3.226
4516	-1.807
4517	-2.560
4518	-3.153
4519	-2.266
4520	-1.963
4521	-2.110
4522	-1.706
4523	-3.422
4524	-1.418
4525	1.917
4526	-1.182
4527	-1.505
4528	-2.115
4529	-2.123
4530	-2.113
4531	-2.393
4532	-2.631
4533	-3.732
4534	-2.527
4535	-2.065
4536	-1.855
4537	3.265
4538	-1.498
4539	-1.916
4540	-2.322
4541	-2.739
4542	-2.579
4543	-3.494
4544	-2.407
4545	-3.115
4546	-3.620
4547	-3.770
4548	-2.477
4549	-1.673
4550	-2.002
4551	-1.844
4552	-4.242
4553	-1.398
4554	-0.425
4555	-1.462
4556	-2.175
4557	-2.044
4558	-0.382
4559	-1.095
4560	-2.481
4561	
4562	-3.700
4563	-1.000
4564	
4565	-3.807
4566	-4.737
4567	-1.138
4568	
4569	-4.087
4570	-2.807
4571	
4572	
4573	
4574	
4575	-1.000
4576	
4577	-1.737
4578	-3.000
4579	-1.874
4580	-2.807
4581	-3.322
4582	-1.322
4583	
4584	
4585	-3.803
4586	-2.280
4587	-5.585
4588	-2.777
4589	-1.993
4590	-3.262
4591	-2.756
4592	-6.714
4593	-3.681
4594	-2.357
4595	-2.380
4596	-6.007
4597	-2.723
4598	-4.204
4599	-1.751
4600	-6.162
4601	-2.034
4602	-1.960
4603	-2.955
4604	-1.528
4605	-2.149
4606	-4.363
4607	-4.469
4608	-3.218
4609	-2.170
4610	-1.678
4611	-3.079
4612	-2.632
4613	-2.075
4614	-4.360
4615	-2.812
4616	-1.889
4617	-2.763
4618	-2.403
4619	-1.144
4620	-2.244
4621	-2.807
4622	-3.261
4623	-1.458
4624	-2.110
4625	-1.669
4626	-3.040
4627	-0.917
4628	-2.867
4629	-2.554
4630	-1.178
4631	-2.220
4632	-6.841
4633	-2.931
4634	-2.240
4635	-1.063
4636	-2.123
4637	-1.505
4638	0.436
4639	-2.726
4640	-2.963
4641	-2.446
4642	-1.696
4643	-2.445
4644	-2.732
4645	-2.209
4646	-2.177
4647	-0.067
4648	-1.210
4649	-2.537
4650	-3.497
4651	-2.009
4652	-2.993
4653	-1.619
4654	-3.034
4655	-2.602
4656	-3.256
4657	-2.119
4658	-1.349
4659	-3.013
4660	-1.904
4661	-1.366
4662	-2.026
4663	0.063
4664	-2.512
4665	-2.222
4666	-0.235
4667	-1.894
4668	-3.317
4669	-1.972
4670	-1.084
4671	-1.881
4672	-1.662
4673	-2.025
4674	-3.315
4675	-1.156
4676	-2.076
4677	-2.118
4678	-0.613
4679	-2.524
4680	-1.797
4681	-1.585
4682	-3.170
4683	
4684	
4685	
4686	-1.807
4687	
4688	
4689	-4.285
4690	-4.807
4691	-1.322
4692	
4693	-2.000
4694	-1.807
4695	-1.585
4696	
4697	
4698	
4699	
4700	16.610
4701	16.610
4702	
4703	
4704	
4705	-2.323
4706	-3.053
4707	-3.834
4708	-2.990
4709	-2.639
4710	-4.346
4711	-3.298
4712	-3.282
4713	-4.008
4714	-2.137
4715	-3.271
4716	-5.539
4717	-1.953
4718	-1.328
4719	-0.841
4720	-3.016
4721	-2.423
4722	-1.386
4723	-3.429
4724	-3.509
4725	-2.426
4726	-2.728
4727	-5.468
4728	-3.390
4729	-1.679
4730	-2.263
4731	-0.914
4732	-1.944
4733	-2.483
4734	-3.437
4735	-1.517
4736	-2.154
4737	-3.381
4738	-2.892
4739	-2.799
4740	-4.017
4741	-1.665
4742	-1.739
4743	-2.289
4744	-1.075
4745	-1.906
4746	-2.416
4747	-1.877
4748	-1.477
4749	-4.426
4750	-2.020
4751	-2.285
4752	-3.109
4753	-2.535
4754	-2.196
4755	-3.684
4756	-2.586
4757	-3.734
4758	-3.221
4759	-4.763
4760	-1.159
4761	-4.668
4762	-2.499
4763	-1.797
4764	-1.881
4765	-2.146
4766	-3.503
4767	-2.793
4768	-2.232
4769	-2.479
4770	4.750
4771	-2.393
4772	-2.575
4773	-3.231
4774	-3.601
4775	-1.708
4776	-2.744
4777	-5.633
4778	-2.223
4779	-2.042
4780	-2.052
4781	-2.658
4782	-1.850
4783	-3.362
4784	-2.446
4785	-2.284
4786	-3.869
4787	-2.702
4788	-3.547
4789	-2.373
4790	-1.560
4791	-2.740
4792	-2.170
4793	-1.127
4794	-1.992
4795	-2.642
4796	-3.295
4797	-3.312
4798	-2.198
4799	-3.434
4800	-3.206
4801	-4.032
4802	
4803	0.000
4804	-3.170
4805	-2.505
4806	-2.841
4807	-3.322
4808	
4809	
4810	
4811	-3.299
4812	
4813	-3.708
4814	-3.700
4815	-1.000
4816	
4817	-2.558
4818	-2.000
4819	16.610
4820	-2.585
4821	-2.336
4822	-2.585
4823	-3.000
4824	0.000
4825	-3.472
4826	-2.840
4827	-3.158
4828	-1.968
4829	-2.970
4830	-2.735
4831	-2.384
4832	-3.379
4833	-2.601
4834	-2.485
4835	-3.555
4836	-2.059
4837	-2.214
4838	-2.646
4839	-3.019
4840	-2.443
4841	-1.820
4842	-2.628
4843	-1.229
4844	-5.493
4845	-2.050
4846	-3.585
4847	-4.358
4848	-4.615
4849	-2.792
4850	-2.829
4851	-0.823
4852	-2.613
4853	-3.058
4854	-2.795
4855	-2.121
4856	-2.892
4857	-2.497
4858	-2.993
4859	-1.668
4860	-1.624
4861	-2.470
4862	-7.331
4863	-2.907
4864	-2.353
4865	-2.310
4866	-2.349
4867	-3.376
4868	-2.523
4869	-2.459
4870	-0.462
4871	-1.945
4872	-1.799
4873	-2.788
4874	-2.774
4875	-3.074
4876	-3.444
4877	-2.767
4878	-3.358
4879	-3.047
4880	-3.004
4881	-2.473
4882	-2.367
4883	-0.818
4884	-2.312
4885	-3.209
4886	-3.235
4887	-3.596
4888	-1.097
4889	-2.021
4890	-2.525
4891	-1.507
4892	-1.570
4893	-2.883
4894	-2.327
4895	-2.211
4896	-2.524
4897	-2.273
4898	-2.995
4899	-2.732
4900	-2.712
4901	-2.387
4902	-3.755
4903	-2.222
4904	-1.802
4905	-1.905
4906	-2.306
4907	-3.388
4908	-2.514
4909	-2.964
4910	-4.037
4911	-2.312
4912	-2.027
4913	-2.594
4914	-2.740
4915	-1.777
4916	-3.548
4917	-3.115
4918	-3.152
4919	-4.653
4920	-2.658
4921	-1.322
4922	
4923	
4924	-1.000
4925	-1.000
4926	-2.170
4927	-2.807
4928	
4929	-3.129
4930	-1.907
4931	-3.200
4932	
4933	
4934	-2.322
4935	-1.222
4936	
4937	-2.322
4938	
4939	-1.322
4940	
4941	
4942	
4943	-2.322
4944	0.000
4945	-2.828
4946	1.044
4947	-3.177
4948	-2.073
4949	-2.985
4950	-2.406
4951	-5.170
4952	-3.629
4953	-3.653
4954	-3.000
4955	-2.361
4956	-3.093
4957	-3.986
4958	-3.515
4959	-2.815
4960	-2.902
4961	-0.207
4962	-2.091
4963	-3.179
4964	-2.775
4965	-2.177
4966	-0.955
4967	-1.815
4968	-2.511
4969	-2.495
4970	-3.380
4971	0.661
4972	-1.806
4973	-1.688
4974	-1.737
4975	-3.388
4976	-2.886
4977	-1.204
4978	-2.781
4979	-1.397
4980	-3.208
4981	-2.452
4982	-4.248
4983	-1.406
4984	-1.569
4985	-2.756
4986	-1.910
4987	-2.944
4988	-2.322
4989	-1.670
4990	-1.962
4991	-2.482
4992	-1.224
4993	-2.737
4994	-2.189
4995	-2.591
4996	-2.153
4997	-2.396
4998	-3.044
4999	-2.935
5000	-2.141
5001	-2.518
5002	-2.663
5003	-3.090
5004	-2.216
5005	-2.338
5006	-4.145
5007	-1.904
5008	-1.659
5009	-2.232
5010	-1.989
5011	-2.860
5012	-2.596
5013	-3.405
5014	-2.740
5015	-2.398
5016	-1.856
5017	-2.339
5018	-1.864
5019	-2.388
5020	-1.840
5021	-2.183
5022	-2.714
5023	-2.267
5024	-2.268
5025	-2.620
5026	-1.590
5027	-4.944
5028	-1.075
5029	-2.474
5030	-4.032
5031	-5.209
5032	-4.841
5033	-2.366
5034	-1.430
5035	-1.769
5036	-2.207
5037	-1.990
5038	-0.755
5039	-1.447
5040	-2.433
5041	
5042	
5043	16.610
5044	-3.585
5045	
5046	-3.115
5047	-4.688
5048	
5049	-2.503
5050	-3.830
5051	
5052	
5053	
5054	
5055	
5056	-1.585
5057	-2.170
5058	
5059	
5060	
5061	0.000
5062	
5063	
5064	-2.585
5065	-1.952
5066	-3.854
5067	-1.715
5068	-1.866
5069	-3.932
5070	-3.721
5071	-2.082
5072	-4.285
5073	-2.939
5074	-2.794
5075	-2.568
5076	-2.969
5077	-1.729
5078	-2.428
5079	-1.711
5080	-2.494
5081	-3.321
5082	-3.534
5083	-2.496
5084	-2.011
5085	-3.192
5086	-4.997
5087	-3.412
5088	-3.201
5089	-2.005
5090	-3.195
5091	-0.757
5092	-1.713
5093	-2.744
5094	-3.954
5095	-2.673
5096	-3.174
5097	-3.014
5098	-3.013
5099	-5.807
5100	-3.222
5101	-2.402
5102	-3.730
5103	1.843
5104	-1.938
5105	-3.552
5106	-2.414
5107	-4.256
5108	-1.930
5109	-2.055
5110	-2.082
5111	-3.495
5112	-3.053
5113	-3.984
5114	-2.211
5115	-1.989
5116	-2.278
5117	-2.365
5118	-2.217
5119	-4.265
5120	-2.957
5121	-2.500
5122	-2.036
5123	-4.371
5124	-2.403
5125	-4.196
5126	-1.883
5127	0.386
5128	-2.952
5129	-2.616
5130	-4.268
5131	-2.499
5132	-1.958
5133	-7.150
5134	-1.796
5135	-2.485
5136	-2.426
5137	-2.412
5138	-2.079
5139	-0.972
5140	-1.372
5141	-3.910
5142	-2.195
5143	-1.553
5144	-2.583
5145	-2.929
5146	-2.310
5147	-5.799
5148	-4.322
5149	-2.074
5150	-1.786
5151	-1.625
5152	-2.130
5153	-2.073
5154	-2.874
5155	-2.750
5156	-2.504
5157	-2.917
5158	-1.821
5159	-2.902
5160	-2.164
5161	-1.000
5162	
5163	-1.000
5164	
5165	
5166	-1.807
5167	
5168	
5169	-4.790
5170	
5171	
5172	
5173	
5174	
5175	
5176	
5177	-2.807
5178	
5179	
5180	
5181	-1.585
5182	-2.322
5183	-2.322
5184	0.000
5185	-3.132
5186	-4.788
5187	-2.140
5188	-3.235
5189	-3.025
5190	-1.802
5191	-5.322
5192	-2.780
5193	-4.511
5194	-2.475
5195	-4.555
5196	-3.622
5197	-1.831
5198	-1.988
5199	1.203
5200	-2.685
5201	-2.081
5202	-4.268
5203	-2.840
5204	-3.175
5205	-5.295
5206	-2.899
5207	-3.369
5208	-3.362
5209	-2.068
5210	-2.215
5211	-3.128
5212	-2.107
5213	-3.065
5214	-1.350
5215	1.275
5216	-2.769
5217	-3.400
5218	-2.620
5219	-2.787
5220	-3.087
5221	-0.248
5222	-1.335
5223	-2.632
5224	-1.965
5225	-3.710
5226	-2.875
5227	-2.567
5228	-3.317
5229	-2.774
5230	-2.007
5231	-3.585
5232	-2.898
5233	-3.982
5234	-5.415
5235	-3.817
5236	-1.904
5237	-2.900
5238	-3.177
5239	-4.278
5240	-6.509
5241	-3.617
5242	-1.576
5243	-2.666
5244	-2.434
5245	-3.591
5246	-4.379
5247	-3.375
5248	-1.689
5249	-2.801
5250	-5.755
5251	-2.270
5252	-1.533
5253	-3.594
5254	-3.147
5255	-3.260
5256	-3.260
5257	-2.977
5258	-3.994
5259	-4.769
5260	-2.188
5261	-3.337
5262	-1.518
5263	-2.850
5264	-3.874
5265	-2.252
5266	-2.843
5267	-4.395
5268	-2.315
5269	-3.298
5270	-2.220
5271	-2.324
5272	-7.078
5273	-1.572
5274	-1.902
5275	-2.747
5276	-3.766
5277	-3.371
5278	-2.042
5279	-2.724
5280	-2.949
5281	-4.161
5282	
5283	
5284	0.000
5285	-3.261
5286	-3.123
5287	-3.589
5288	
5289	-4.129
5290	-3.459
5291	-1.322
5292	
5293	-4.046
5294	16.610
5295	0.737
5296	
5297	-3.262
5298	
5299	
5300	
5301	-3.064
5302	
5303	
5304	
5305	-3.797
5306	-4.609
5307	-2.971
5308	-2.944
5309	-3.603
5310	-2.773
5311	-3.265
5312	-3.731
5313	-4.668
5314	-3.338
5315	-4.087
5316	-5.170
5317	-2.875
5318	-3.563
5319	-2.622
5320	-2.027
5321	-3.077
5322	-2.975
5323	-2.902
5324	-3.628
5325	-3.525
5326	-3.790
5327	-4.365
5328	-3.994
5329	-4.087
5330	-3.307
5331	-3.011
5332	0.171
5333	-4.445
5334	-2.773
5335	-3.542
5336	-1.283
5337	-3.213
5338	-2.557
5339	-1.906
5340	-3.474
5341	-2.530
5342	-2.458
5343	-2.720
5344	-3.562
5345	-2.482
5346	-2.445
5347	1.157
5348	-4.261
5349	-2.840
5350	-3.830
5351	-4.169
5352	-4.459
5353	-2.656
5354	-3.406
5355	-2.310
5356	-3.741
5357	-4.684
5358	-4.544
5359	-2.483
5360	-3.882
5361	-3.799
5362	-0.932
5363	-4.245
5364	-3.701
5365	-2.648
5366	-3.541
5367	-2.094
5368	-2.764
5369	-2.886
5370	-2.509
5371	-2.998
5372	-3.476
5373	-2.671
5374	-4.026
5375	-3.373
5376	-3.490
5377	-2.121
5378	-3.157
5379	-3.492
5380	-2.890
5381	-1.023
5382	-1.620
5383	-2.866
5384	-2.552
5385	-3.614
5386	-1.060
5387	-2.819
5388	-3.296
5389	-5.079
5390	-2.802
5391	-2.990
5392	-2.628
5393	-3.955
5394	-3.131
5395	-5.050
5396	-3.382
5397	-0.893
5398	-4.299
5399	-2.893
5400	-2.951
5401	
5402	-2.322
5403	-2.322
5404	
5405	-0.737
5406	-3.170
5407	16.610
5408	
5409	-5.059
5410	-3.459
5411	-4.036
5412	
5413	-3.833
5414	-1.807
5415	
5416	
5417	16.610
5418	
5419	-1.000
5420	
5421	
5422	
5423	16.610
5424	-1.585
5425	-3.289
5426	-5.369
5427	-4.013
5428	-3.807
5429	-4.678
5430	-2.712
5431	-5.055
5432	4.693
5433	-5.977
5434	-2.665
5435	-3.636
5436	-1.792
5437	-3.089
5438	-6.742
5439	-4.169
5440	-2.907
5441	-2.425
5442	-2.743
5443	-1.664
5444	-2.706
5445	-3.346
5446	-6.516
5447	-2.851
5448	-4.022
5449	-2.485
5450	-3.315
5451	-1.376
5452	-2.208
5453	-3.363
5454	-3.332
5455	-2.967
5456	-2.952
5457	-1.599
5458	-3.177
5459	-4.009
5460	-4.532
5461	-3.369
5462	-3.164
5463	-2.613
5464	-3.201
5465	-1.988
5466	-2.320
5467	-1.865
5468	-2.140
5469	-3.317
5470	-3.200
5471	-2.737
5472	-2.326
5473	-6.082
5474	-3.734
5475	-3.524
5476	-2.982
5477	-3.664
5478	-2.533
5479	-4.016
5480	-2.526
5481	-2.827
5482	-3.700
5483	-4.936
5484	-3.430
5485	-3.149
5486	-2.933
5487	-2.462
5488	-2.752
5489	-3.312
5490	-2.560
5491	-3.993
5492	-4.702
5493	-3.605
5494	-3.044
5495	-3.367
5496	-2.170
5497	-6.358
5498	-2.884
5499	-2.942
5500	-2.830
5501	-3.157
5502	-3.147
5503	-2.996
5504	-3.599
5505	-1.734
5506	-3.551
5507	-3.669
5508	-3.208
5509	-2.226
5510	-3.807
5511	-2.649
5512	-3.091
5513	-3.929
5514	-3.585
5515	-3.605
5516	-3.043
5517	-3.683
5518	-1.446
5519	-2.406
5520	-2.996
5521	
5522	
5523	1.000
5524	-1.000
5525	
5526	
5527	-0.737
5528	-1.000
5529	-0.585
5530	
5531	
5532	-2.585
5533	
5534	
5535	
5536	16.610
5537	-1.000
5538	-1.000
5539	
5540	-2.000
5541	
5542	16.610
5543	0.415
5544	
5545	-2.829
5546	-1.791
5547	-4.026
5548	
5549	
5550	-1.000
5551	
5552	1.000
5553	1.000
5554	
5555	
5556	16.610
5557	
5558	16.610
5559	
5560	-3.170
5561	
5562	
5563	
5564	-2.607
5565	16.610
5566	
5567	-2.322
5568	
5569	
5570	0.000
5571	0.000
5572	-1.961
5573	
5574	16.610
5575	
5576	-1.585
5577	0.000
5578	16.610
5579	
5580	16.610
5581	-2.585
5582	-2.000
5583	1.585
5584	
5585	-1.415
5586	-0.585
5587	-1.832
5588	
5589	-2.023
5590	
5591	
5592	-4.873
5593	1.585
5594	-2.000
5595	-2.000
5596	-1.222
5597	
5598	
5599	16.610
5600	-2.978
5601	-0.585
5602	-3.376
5603	16.610
5604	
5605	-1.000
5606	
5607	-0.222
5608	-3.290
5609	
5610	0.000
5611	
5612	-1.322
5613	
5614	16.610
5615	
5616	0.000
5617	
5618	-6.048
5619	-4.087
5620	-3.315
5621	-2.239
5622	-2.218
5623	-2.412
5624	-2.405
5625	-2.973
5626	-2.217
5627	
5628	-2.109
5629	
5630	-3.381
5631	-1.000
5632	-2.000
5633	
5634	-1.585
5635	16.610
5636	
5637	-2.014
5638	
5639	
5640	
5641	
5642	-2.807
5643	
5644	-2.585
5645	
5646	
5647	-0.585
5648	
5649	-3.954
5650	-4.248
5651	
5652	
5653	
5654	
5655	
5656	-1.585
5657	
5658	
5659	
5660	
5661	
5662	
5663	-2.170
5664	
5665	-3.200
5666	-3.689
5667	-4.624
5668	-2.593
5669	-6.640
5670	-3.207
5671	-3.471
5672	-3.459
5673	-3.536
5674	2.626
5675	-3.979
5676	-3.217
5677	-2.280
5678	-2.647
5679	-2.493
5680	-3.029
5681	-2.501
5682	-2.575
5683	-2.501
5684	-3.137
5685	-2.700
5686	-2.386
5687	-2.932
5688	-3.929
5689	-2.657
5690	-2.487
5691	-2.306
5692	-2.114
5693	-2.585
5694	-3.954
5695	-2.391
5696	-4.518
5697	-4.209
5698	-3.048
5699	-2.211
5700	-4.322
5701	-0.935
5702	-2.719
5703	-3.271
5704	-2.014
5705	-2.452
5706	-2.500
5707	-2.429
5708	-4.140
5709	-2.280
5710	-2.727
5711	-3.456
5712	-2.545
5713	-6.140
5714	-3.256
5715	-3.216
5716	-2.637
5717	2.346
5718	-3.627
5719	-4.201
5720	-2.233
5721	-3.503
5722	-2.244
5723	-5.564
5724	-1.646
5725	-1.601
5726	-3.532
5727	-2.456
5728	-2.839
5729	-3.893
5730	-4.367
5731	-2.074
5732	-0.018
5733	-2.970
5734	-2.295
5735	-3.654
5736	-2.536
5737	-3.231
5738	-3.576
5739	-2.939
5740	-2.915
5741	-4.749
5742	-2.515
5743	-2.549
5744	-3.005
5745	-3.888
5746	-3.390
5747	-3.789
5748	-2.790
5749	-3.065
5750	-2.391
5751	-1.761
5752	-4.317
5753	-1.507
5754	-4.155
5755	-2.071
5756	-2.604
5757	-3.616
5758	-4.858
5759	-3.549
5760	-3.494
