1	0.630
2	-0.005
3	0.208
4	-0.829
5	
6	0.495
7	
8	1.703
9	0.273
10	0.171
11	
12	0.571
13	0.247
14	-1.090
15	-0.697
16	0.446
17	0.531
18	0.158
19	0.000
20	0.152
21	0.491
22	0.199
23	-0.031
24	
25	0.316
26	0.126
27	-0.387
28	
29	
30	0.106
31	0.136
32	-2.434
33	-1.048
34	-0.632
35	0.176
36	-0.485
37	-0.725
38	-0.709
39	
40	
41	0.137
42	
43	
44	
45	
46	
47	0.711
48	-0.213
49	-0.055
50	-0.089
51	-0.428
52	-1.420
53	-1.125
54	
55	-0.332
56	-0.479
57	-0.269
58	0.247
59	
60	-0.497
61	
62	
63	0.040
64	1.389
65	0.000
66	-0.655
67	-0.133
68	0.047
69	0.000
70	0.215
71	-0.093
72	0.596
73	0.663
74	0.855
75	-0.233
76	0.410
77	0.000
78	0.046
79	-0.233
80	
81	0.318
82	0.383
83	
84	1.518
85	-0.318
86	-0.450
87	
88	-1.162
89	
90	-0.608
91	-1.329
92	-0.706
93	-0.974
94	-0.789
95	-0.860
96	0.478
97	
98	0.000
99	-0.398
100	
101	-0.291
102	0.865
103	0.785
104	0.658
105	
106	-0.148
107	
108	0.044
109	0.267
110	0.005
111	0.053
112	-0.075
113	-0.711
114	-3.096
115	0.000
116	-0.017
117	-0.238
118	0.126
119	1.460
120	-0.932
121	-0.941
122	0.738
123	
124	
125	-0.078
126	0.715
127	0.079
128	-0.051
129	0.452
130	0.808
131	2.295
132	0.114
133	0.629
134	0.470
135	-0.121
136	
137	-0.599
138	
139	
140	-0.154
141	-0.311
142	0.151
143	-0.477
144	0.118
145	0.000
146	0.953
147	-0.181
148	
149	
150	-0.240
151	-0.181
152	-0.190
153	0.437
154	-0.259
155	0.429
156	
157	0.577
158	-0.110
159	
160	-0.300
161	-2.368
162	-0.053
163	0.063
164	1.091
165	
166	0.741
167	-0.791
168	-0.232
169	-0.776
170	-0.659
171	-0.947
172	-0.168
173	0.199
174	-0.311
175	-0.161
176	-0.750
177	-0.269
178	-0.529
179	-0.491
180	-0.756
181	-0.203
182	0.860
183	0.064
184	0.072
185	0.074
186	-0.182
187	0.026
188	0.220
189	-0.341
190	0.213
191	-0.108
192	0.315
193	0.292
194	0.690
195	0.231
196	0.198
197	0.033
198	0.242
199	0.143
200	0.617
201	
202	
203	
204	
205	
206	
207	0.433
208	0.721
209	0.934
210	0.650
211	0.505
212	0.044
213	0.186
214	0.264
215	1.153
216	
217	-0.698
218	-0.074
219	0.848
220	2.014
221	0.348
222	-0.220
223	0.704
224	1.176
225	0.461
226	0.000
227	0.115
228	0.255
229	0.360
230	
231	0.390
232	-0.131
233	-0.407
234	-0.095
235	-0.156
236	0.221
237	-0.698
238	-0.324
239	-0.032
240	0.863
241	1.260
242	-0.268
243	0.574
244	
245	-0.051
246	
247	
248	-0.111
249	
250	0.158
251	
252	-0.125
253	-0.284
254	0.115
255	-0.199
256	-0.158
257	-0.194
258	-0.302
259	0.262
260	0.364
261	0.322
262	
263	-0.069
264	0.637
265	0.446
266	0.272
267	
268	-0.082
269	
270	
271	
272	0.012
273	-2.171
274	0.402
275	0.300
276	0.104
277	-0.067
278	-0.590
279	-0.557
280	0.460
281	-0.080
282	0.233
283	0.000
284	0.429
285	0.104
286	-0.046
287	0.334
288	-0.233
289	
290	0.318
291	
292	
293	-0.801
294	-0.409
295	
296	-0.156
297	
298	-0.074
299	0.338
300	-0.031
301	0.682
302	
303	
304	-0.190
305	
306	
307	0.186
308	0.228
309	-0.188
310	
311	0.751
312	0.997
313	0.842
314	
315	0.853
316	0.691
317	
318	-0.130
319	
320	
321	-0.200
322	
323	
324	
325	0.304
326	0.000
327	0.208
328	0.129
329	-0.098
330	-0.037
331	-0.492
332	
333	-0.414
334	
335	
336	-1.369
337	-1.497
338	
339	-0.392
340	-0.076
341	-0.080
342	0.276
343	0.000
344	-0.002
345	0.153
346	1.039
347	
348	
349	
350	0.333
351	0.000
352	-0.064
353	0.751
354	0.319
355	-0.190
356	-0.403
357	-0.637
358	0.330
359	0.200
360	0.000
361	1.577
362	0.363
363	0.219
364	-0.319
365	-0.137
366	
367	0.088
368	0.139
369	0.387
370	0.007
371	1.104
372	0.576
373	0.425
374	0.680
375	
376	0.159
377	-0.227
378	
379	0.391
380	0.439
381	0.710
382	0.370
383	0.723
384	-0.345
385	0.106
386	-0.943
387	-0.079
388	-0.179
389	-0.378
390	-0.211
391	-0.037
392	0.122
393	-0.319
394	0.498
395	0.051
396	0.863
397	0.000
398	-0.100
399	0.482
400	0.636
401	0.000
402	0.375
403	
404	0.018
405	-0.070
406	-0.140
407	-0.327
408	-0.250
409	-0.004
410	0.130
411	-0.517
412	0.086
413	-0.136
414	-0.014
415	0.323
416	0.346
417	-0.525
418	0.215
419	-0.007
420	0.747
421	0.086
422	0.240
423	-0.416
424	0.329
425	0.065
426	0.813
427	0.289
428	-0.430
429	-1.248
430	-0.953
431	-2.491
432	-1.362
433	0.238
434	0.206
435	0.357
436	-0.488
437	-0.831
438	-0.757
439	-0.645
440	0.004
441	0.000
442	0.084
443	0.414
444	0.580
445	0.415
446	0.000
447	0.594
448	0.511
449	0.284
450	0.000
451	
452	0.921
453	0.905
454	0.741
455	
456	0.108
457	-0.058
458	0.654
459	0.858
460	1.379
461	1.219
462	0.000
463	
464	0.450
465	
466	0.304
467	0.373
468	0.489
469	-0.067
470	-0.236
471	-0.780
472	-0.418
473	0.000
474	-0.345
475	0.343
476	0.052
477	0.410
478	-0.911
479	1.939
480	0.155
481	-0.262
482	0.336
483	0.835
484	-0.179
485	-0.069
486	0.100
487	-0.236
488	-0.116
489	-0.012
490	-0.153
491	-0.013
492	-0.362
493	0.056
494	0.589
495	-0.341
496	-0.034
497	
498	0.089
499	0.243
500	
501	0.051
502	-0.076
503	0.526
504	
505	0.009
506	1.266
507	
508	
509	
510	-0.161
511	
512	
513	
514	0.243
515	1.256
516	0.469
517	
518	
519	
520	
521	-0.150
522	0.002
523	-0.069
524	-0.179
525	0.902
526	0.811
527	0.472
528	0.187
529	0.062
530	-0.210
531	
532	-0.150
533	
534	0.113
535	-0.131
536	
537	0.267
538	0.551
539	0.179
540	0.429
541	0.243
542	0.010
543	-0.169
544	
545	0.170
546	0.899
547	
548	-0.425
549	-0.110
550	-0.377
551	-0.005
552	0.473
553	-0.245
554	-0.229
555	0.104
556	-0.017
557	-0.019
558	0.062
559	
560	0.262
561	
562	
563	0.131
564	0.603
565	0.526
566	0.195
567	
568	0.637
569	-0.357
570	0.235
571	0.085
572	-0.158
573	-0.023
574	0.000
575	0.205
576	0.569
577	0.631
578	0.906
579	0.328
580	-0.069
581	0.240
582	-0.001
583	-0.522
584	-1.179
585	-0.131
586	0.000
587	-0.169
588	-0.385
589	-0.418
590	0.185
591	-0.497
592	0.072
593	-0.617
594	-0.199
595	-1.213
596	-0.694
597	-0.808
598	-0.075
599	0.033
600	0.313
601	-0.085
602	
603	0.581
604	0.128
605	-0.151
606	1.025
607	-0.644
608	0.428
609	0.008
610	-0.241
611	0.034
612	0.293
613	
614	
615	-0.217
616	
617	-0.437
618	
619	-0.066
620	-0.090
621	0.334
622	-0.010
623	-0.262
624	1.125
625	-0.095
626	0.228
627	-0.008
628	-0.417
629	0.252
630	-0.022
631	0.000
632	0.099
633	-0.163
634	-0.058
635	0.537
636	0.558
637	0.468
638	1.251
639	0.250
640	0.424
641	-0.037
642	0.417
643	1.068
644	0.245
645	
646	
647	
648	
649	
650	
651	-0.471
652	-1.026
653	-1.071
654	-0.703
655	
656	0.420
657	
658	-0.079
659	-0.331
660	
661	-0.208
662	0.245
663	-0.236
664	
665	
666	
667	0.083
668	
669	0.178
670	
671	0.238
672	
673	
674	1.214
675	0.253
676	-0.165
677	-0.436
678	-0.535
679	-1.288
680	0.462
681	
682	-0.124
683	0.286
684	0.784
685	0.733
686	1.147
687	0.524
688	0.471
689	0.134
690	-0.319
691	-0.043
692	-0.189
693	-0.014
694	-0.203
695	0.495
696	-0.048
697	-0.228
698	-0.368
699	-0.564
700	
701	0.000
702	0.201
703	
704	-0.197
705	
706	
707	-0.354
708	-0.169
709	-0.001
710	0.915
711	0.470
712	0.209
713	0.279
714	0.632
715	-0.109
716	0.209
717	-0.164
718	
719	
720	-0.442
721	
722	-0.592
723	-1.122
724	-0.256
725	-1.500
726	-3.568
727	-3.582
728	-3.473
729	-2.545
730	0.798
731	
732	
733	-0.542
734	-0.558
735	-0.264
736	0.374
737	-0.212
738	-0.528
739	-0.258
740	0.039
741	-0.505
742	-0.986
743	
744	
745	
746	
747	
748	
749	
750	1.184
751	1.568
752	1.469
753	0.422
754	0.907
755	0.056
756	0.997
757	-0.114
758	-0.445
759	0.233
760	0.512
761	0.095
762	
763	-0.577
764	-0.755
765	-0.265
766	0.528
767	0.501
768	0.333
769	
770	
771	
772	1.056
773	-0.006
774	0.400
775	-0.609
776	-0.106
777	-0.206
778	-0.227
779	-0.514
780	-0.168
781	0.315
782	0.167
783	0.482
784	0.126
785	0.697
786	0.661
787	
788	-0.212
789	-0.308
790	-0.446
791	0.080
792	
793	0.334
794	0.281
795	-0.127
796	-0.166
797	-1.147
798	-0.270
799	0.076
800	
801	0.730
802	0.110
803	-0.074
804	
805	-1.677
806	0.304
807	0.427
808	
809	-0.977
810	-1.146
811	-0.076
812	2.689
813	-0.002
814	0.894
815	1.583
816	1.236
817	-0.079
818	-0.112
819	
820	0.157
821	
822	0.480
823	0.592
824	0.090
825	-0.038
826	0.159
827	0.221
828	0.588
829	0.772
830	1.070
831	0.198
832	-0.023
833	-0.029
834	-0.191
835	-0.327
836	-0.555
837	-0.385
838	0.862
839	0.945
840	0.358
841	-0.114
842	0.163
843	-0.305
844	0.153
845	-0.406
846	-0.109
847	0.296
848	0.029
849	0.018
850	0.896
851	1.337
852	0.000
853	0.154
854	-0.460
855	0.099
856	-0.343
857	-0.233
858	0.151
859	-0.217
860	-2.918
861	-0.147
862	-0.292
863	
864	-1.396
865	0.706
866	-0.637
867	-0.238
868	-0.395
869	0.883
870	0.747
871	-0.106
872	
873	
874	-0.040
875	
876	0.595
877	0.206
878	0.240
879	0.370
880	0.259
881	0.274
882	0.584
883	
884	-0.324
885	0.118
886	-1.168
887	-0.647
888	0.143
889	
890	0.000
891	-1.362
892	-1.481
893	0.000
894	-0.975
895	-0.651
896	-0.304
897	0.477
898	0.358
899	0.101
900	0.553
901	-0.064
902	0.000
903	-1.555
904	-1.011
905	-2.194
906	-0.648
907	-0.012
908	-0.404
909	-0.155
910	-0.524
911	0.000
912	
913	
914	0.143
915	0.041
916	-0.403
917	-0.082
918	-0.232
919	0.143
920	0.301
921	0.124
922	0.204
923	0.211
924	-0.296
925	0.435
926	0.536
927	0.070
928	0.324
929	-0.719
930	0.468
931	0.460
932	-0.043
933	-0.472
934	
935	0.099
936	
937	0.065
938	
939	
940	
941	0.342
942	
943	-0.295
944	0.233
945	-0.102
946	0.123
947	-0.470
948	-0.435
949	-1.681
950	-1.199
951	-0.401
952	-0.284
953	0.921
954	1.385
955	-0.274
956	0.101
957	-0.047
958	0.652
959	0.846
960	-0.447
961	-0.491
962	0.596
963	0.455
964	-0.015
965	0.525
966	0.052
967	0.173
968	0.578
969	0.435
970	-0.240
971	
972	-0.423
973	-0.304
974	-0.225
975	-0.118
976	-0.415
977	0.240
978	-0.004
979	0.100
980	0.372
981	0.383
982	0.146
983	0.068
984	0.174
985	-0.340
986	-0.636
987	-0.118
988	0.424
989	-0.150
990	
991	
992	1.086
993	0.178
994	0.223
995	0.573
996	-0.380
997	0.000
998	-0.440
999	0.188
1000	0.364
1001	
1002	0.171
1003	0.391
1004	0.625
1005	-0.242
1006	0.226
1007	0.061
1008	
1009	
1010	
1011	
1012	
1013	0.453
1014	
1015	-0.022
1016	-0.343
1017	-0.910
1018	-1.119
1019	
1020	1.647
1021	-0.207
1022	0.379
1023	-0.237
1024	0.441
1025	0.329
1026	0.730
1027	0.685
1028	0.122
1029	
1030	
1031	
1032	
1033	0.722
1034	0.309
1035	0.564
1036	1.063
1037	1.156
1038	0.097
1039	0.000
1040	1.237
1041	0.096
1042	0.388
1043	-0.167
1044	0.011
1045	-0.432
1046	0.230
1047	-0.485
1048	-1.356
1049	-1.057
1050	0.732
1051	0.397
1052	-0.078
1053	0.287
1054	0.049
1055	-0.055
1056	-0.146
1057	0.183
1058	0.129
1059	1.392
1060	-0.090
1061	0.043
1062	-0.044
1063	-0.184
1064	0.678
1065	0.934
1066	1.197
1067	0.840
1068	0.721
1069	-0.214
1070	0.123
1071	-0.001
1072	-0.312
1073	-1.484
1074	0.000
1075	-1.405
1076	-1.296
1077	-1.105
1078	-1.933
1079	-1.570
1080	-2.583
1081	-2.264
1082	-0.887
1083	-0.711
1084	
1085	0.304
1086	-0.364
1087	0.000
1088	0.480
1089	-0.198
1090	-0.193
1091	0.075
1092	-0.185
1093	-0.787
1094	0.000
1095	-0.300
1096	
1097	0.000
1098	0.459
1099	-0.100
1100	0.000
1101	-1.672
1102	-1.462
1103	0.010
1104	0.007
1105	0.193
1106	0.143
1107	0.562
1108	0.132
1109	-1.802
1110	-0.083
1111	0.246
1112	1.235
1113	0.526
1114	-0.355
1115	0.018
1116	0.752
1117	-0.162
1118	-0.889
1119	-1.121
1120	-1.106
1121	-0.523
1122	-0.312
1123	-0.369
1124	-1.287
1125	-1.279
1126	-0.442
1127	0.387
1128	0.414
1129	-0.153
1130	0.406
1131	-0.816
1132	-0.377
1133	-0.705
1134	0.348
1135	0.331
1136	-0.463
1137	-0.134
1138	0.210
1139	0.009
1140	-0.075
1141	0.145
1142	-0.126
1143	0.009
1144	-0.200
1145	0.937
1146	0.441
1147	0.009
1148	0.000
1149	-0.257
1150	-0.143
1151	
1152	
1153	
1154	
1155	
1156	
1157	0.093
1158	0.208
1159	0.240
1160	
1161	-0.110
1162	0.216
1163	0.358
1164	-1.926
1165	-1.420
1166	-0.420
1167	-0.379
1168	
1169	
1170	0.095
1171	-0.163
1172	-0.007
1173	-0.025
1174	-0.085
1175	0.287
1176	0.785
1177	-0.217
1178	0.071
1179	0.068
1180	0.943
1181	-0.107
1182	
1183	-0.015
1184	0.881
1185	0.166
1186	0.315
1187	0.188
1188	0.007
1189	0.643
1190	0.713
1191	0.061
1192	1.100
1193	0.170
1194	-0.122
1195	0.131
1196	
1197	-0.147
1198	-1.034
1199	-0.722
1200	-0.818
1201	0.578
1202	0.385
1203	-0.306
1204	-0.006
1205	0.638
1206	0.000
1207	
1208	-0.244
1209	
1210	0.664
1211	0.112
1212	-0.629
1213	-0.581
1214	-0.078
1215	-1.143
1216	0.367
1217	-0.023
1218	0.484
1219	0.430
1220	0.489
1221	-0.605
1222	0.391
1223	0.259
1224	-0.127
1225	0.329
1226	-0.285
1227	-0.092
1228	-0.152
1229	-0.214
1230	
1231	
1232	0.216
1233	0.688
1234	0.484
1235	0.286
1236	0.893
1237	1.322
1238	0.322
1239	0.284
1240	0.029
1241	0.000
1242	
1243	-2.198
1244	-3.165
1245	-3.205
1246	-2.331
1247	-1.762
1248	-0.250
1249	0.586
1250	0.252
1251	0.873
1252	-0.118
1253	-0.156
1254	1.113
1255	0.370
1256	0.278
1257	
1258	1.364
1259	0.914
1260	3.594
1261	3.785
1262	4.635
1263	4.816
1264	5.670
1265	0.106
1266	-0.377
1267	-1.105
1268	0.100
1269	-0.346
1270	0.062
1271	0.262
1272	0.222
1273	-0.090
1274	-0.977
1275	0.046
1276	-1.061
1277	-0.736
1278	0.351
1279	-0.223
1280	0.200
1281	-0.603
1282	-0.068
1283	0.477
1284	1.298
1285	0.205
1286	0.000
1287	-1.023
1288	0.289
1289	0.080
1290	-0.345
1291	-0.401
1292	0.429
1293	0.000
1294	0.155
1295	0.052
1296	-0.513
1297	-0.165
1298	0.261
1299	0.033
1300	-1.816
1301	-2.405
1302	-1.711
1303	0.073
1304	1.236
1305	0.985
1306	0.396
1307	0.237
1308	0.148
1309	0.000
1310	-0.175
1311	
1312	
1313	
1314	-0.511
1315	
1316	
1317	-0.188
1318	-0.020
1319	0.181
1320	-0.211
1321	0.000
1322	-0.115
1323	0.346
1324	-0.194
1325	0.412
1326	0.000
1327	0.313
1328	0.000
1329	0.021
1330	-0.085
1331	0.599
1332	0.266
1333	1.400
1334	0.465
1335	0.340
1336	-0.163
1337	-0.355
1338	-0.175
1339	0.038
1340	0.582
1341	0.083
1342	1.047
1343	
1344	-0.120
1345	-0.030
1346	0.000
1347	-0.002
1348	
1349	
1350	
1351	0.151
1352	-0.500
1353	0.530
1354	0.685
1355	1.509
1356	1.956
1357	
1358	-0.031
1359	0.101
1360	-0.102
1361	
1362	-0.005
1363	-0.395
1364	-0.299
1365	
1366	-0.262
1367	
1368	0.215
1369	0.000
1370	0.320
1371	0.000
1372	
1373	
1374	0.734
1375	1.661
1376	0.269
1377	-0.165
1378	-0.900
1379	-0.417
1380	-1.026
1381	-0.204
1382	-0.168
1383	-0.440
1384	1.179
1385	0.311
1386	
1387	
1388	0.248
1389	
1390	0.188
1391	-0.056
1392	0.401
1393	
1394	
1395	
1396	-0.534
1397	0.286
1398	-0.237
1399	0.173
1400	-0.432
1401	0.157
1402	1.485
1403	1.198
1404	0.112
1405	0.885
1406	0.385
1407	
1408	
1409	
1410	
1411	
1412	0.507
1413	0.000
1414	1.396
1415	0.075
1416	
1417	-0.202
1418	0.104
1419	-0.017
1420	0.186
1421	-0.851
1422	0.649
1423	
1424	
1425	0.093
1426	0.230
1427	0.478
1428	0.382
1429	0.215
1430	-0.140
1431	-0.471
1432	
1433	-0.143
1434	-0.108
1435	-0.566
1436	-0.018
1437	-0.407
1438	0.228
1439	0.000
1440	0.180
1441	0.463
1442	0.249
1443	-0.104
1444	0.498
1445	0.167
1446	0.020
1447	0.497
1448	0.734
1449	-0.111
1450	-0.901
1451	
1452	-1.222
1453	-0.567
1454	0.162
1455	0.000
1456	
1457	0.395
1458	0.116
1459	
1460	
1461	1.033
1462	
1463	0.454
1464	0.879
1465	-0.107
1466	-0.175
1467	0.122
1468	-0.026
1469	0.376
1470	
1471	
1472	
1473	-0.253
1474	-0.228
1475	-0.760
1476	0.354
1477	0.050
1478	-1.078
1479	0.000
1480	0.552
1481	0.352
1482	0.135
1483	-0.264
1484	-0.731
1485	-0.137
1486	-0.529
1487	-0.175
1488	
1489	
1490	-0.443
1491	0.147
1492	-0.062
1493	0.486
1494	
1495	0.144
1496	
1497	0.053
1498	0.000
1499	0.512
1500	-0.189
1501	0.098
1502	-0.375
1503	-0.344
1504	-0.032
1505	-0.459
1506	-0.168
1507	0.524
1508	0.434
1509	
1510	
1511	0.000
1512	0.000
1513	-0.096
1514	0.000
1515	0.240
1516	
1517	0.000
1518	0.122
1519	0.140
1520	
1521	-1.072
1522	
1523	0.122
1524	0.237
1525	-1.728
1526	0.032
1527	-0.548
1528	0.246
1529	0.268
1530	2.472
1531	1.190
1532	0.504
1533	0.733
1534	1.108
1535	0.230
1536	
1537	
1538	-0.010
1539	0.576
1540	0.000
1541	0.000
1542	0.607
1543	
1544	1.508
1545	0.593
1546	
1547	0.123
1548	0.189
1549	
1550	0.021
1551	-0.032
1552	-0.182
1553	-0.069
1554	0.129
1555	-0.181
1556	0.006
1557	
1558	0.483
1559	-0.031
1560	0.000
1561	-0.147
1562	-0.175
1563	0.436
1564	0.301
1565	0.000
1566	0.378
1567	0.008
1568	0.162
1569	-0.059
1570	0.627
1571	0.584
1572	0.361
1573	0.204
1574	
1575	
1576	-0.239
1577	
1578	1.453
1579	1.289
1580	0.262
1581	-0.036
1582	0.293
1583	0.599
1584	0.000
1585	0.272
1586	-0.249
1587	-0.470
1588	-0.222
1589	-0.394
1590	0.133
1591	-0.254
1592	0.304
1593	-0.217
1594	0.723
1595	
1596	0.687
1597	-0.015
1598	0.669
1599	0.371
1600	-0.251
1601	0.921
1602	0.740
1603	0.913
1604	0.073
1605	0.060
1606	0.820
1607	0.146
1608	0.507
1609	0.371
1610	1.088
1611	
1612	1.508
1613	-0.105
1614	-0.657
1615	
1616	
1617	0.113
1618	-0.080
1619	
1620	-0.366
1621	0.118
1622	-0.011
1623	0.703
1624	0.233
1625	0.323
1626	0.120
1627	0.238
1628	0.299
1629	0.637
1630	0.418
1631	-0.677
1632	-0.477
1633	-0.367
1634	-0.883
1635	2.538
1636	0.807
1637	0.324
1638	0.322
1639	-0.477
1640	0.678
1641	-0.354
1642	0.334
1643	-0.206
1644	1.051
1645	0.060
1646	-0.360
1647	-0.251
1648	0.013
1649	1.724
1650	1.154
1651	0.366
1652	0.629
1653	0.184
1654	0.635
1655	0.550
1656	-0.194
1657	-0.729
1658	0.594
1659	-0.186
1660	-1.310
1661	0.616
1662	
1663	1.171
1664	-0.170
1665	
1666	
1667	1.180
1668	0.342
1669	0.137
1670	
1671	0.073
1672	-0.420
1673	0.093
1674	-0.159
1675	-0.205
1676	-1.982
1677	-0.083
1678	0.199
1679	0.012
1680	-0.247
1681	-1.175
1682	-0.509
1683	-0.672
1684	0.240
1685	0.163
1686	-0.334
1687	0.010
1688	0.950
1689	-0.051
1690	
1691	
1692	
1693	0.293
1694	
1695	
1696	
1697	0.066
1698	
1699	0.248
1700	0.082
1701	0.063
1702	0.799
1703	1.302
1704	3.066
1705	0.537
1706	0.729
1707	1.255
1708	1.560
1709	0.405
1710	0.348
1711	0.240
1712	0.000
1713	-0.166
1714	0.183
1715	-0.478
1716	-0.164
1717	-0.127
1718	-0.470
1719	
1720	-0.077
1721	
1722	1.616
1723	0.440
1724	0.193
1725	0.103
1726	-0.049
1727	0.016
1728	-0.157
1729	-1.626
1730	-0.547
1731	0.192
1732	-0.256
1733	0.191
1734	-0.144
1735	0.133
1736	-0.049
1737	-0.175
1738	-0.423
1739	0.022
1740	1.422
1741	0.449
1742	0.034
1743	0.272
1744	-0.080
1745	-0.192
1746	
1747	0.081
1748	0.297
1749	1.338
1750	0.226
1751	-0.214
1752	-0.139
1753	-0.024
1754	-0.447
1755	
1756	-0.297
1757	-0.462
1758	0.144
1759	1.740
1760	0.954
1761	-0.554
1762	-0.324
1763	-0.876
1764	-0.290
1765	-1.098
1766	-0.698
1767	0.040
1768	0.524
1769	
1770	0.581
1771	0.126
1772	
1773	-0.390
1774	
1775	
1776	
1777	0.625
1778	0.325
1779	-1.140
1780	-0.485
1781	-0.122
1782	1.350
1783	0.045
1784	-0.032
1785	
1786	0.000
1787	0.165
1788	0.046
1789	0.747
1790	0.798
1791	0.596
1792	0.416
1793	0.088
1794	0.475
1795	-0.131
1796	0.051
1797	-0.255
1798	0.479
1799	0.666
1800	0.648
1801	
1802	
1803	0.000
1804	0.643
1805	0.345
1806	-0.655
1807	0.217
1808	0.090
1809	-0.529
1810	0.232
1811	-0.519
1812	-0.296
1813	0.065
1814	-0.293
1815	0.000
1816	-0.219
1817	-1.059
1818	-0.605
1819	-0.492
1820	-0.075
1821	-0.100
1822	-0.035
1823	-0.022
1824	0.000
1825	0.020
1826	0.233
1827	0.494
1828	0.958
1829	1.639
1830	0.596
1831	-0.226
1832	0.895
1833	0.749
1834	0.088
1835	-0.441
1836	0.226
1837	0.041
1838	0.076
1839	0.394
1840	0.501
1841	0.633
1842	0.812
1843	-0.092
1844	1.126
1845	0.000
1846	0.080
1847	-0.084
1848	0.356
1849	-0.836
1850	-0.582
1851	-0.950
1852	-0.113
1853	-0.208
1854	-1.232
1855	0.264
1856	-0.228
1857	-0.057
1858	-0.365
1859	-0.049
1860	-0.126
1861	-0.229
1862	0.042
1863	-0.432
1864	-0.538
1865	-0.293
1866	-0.235
1867	0.107
1868	-0.185
1869	0.709
1870	0.651
1871	0.767
1872	-0.075
1873	
1874	0.305
1875	0.784
1876	-0.031
1877	-0.023
1878	-0.102
1879	-0.068
1880	-1.136
1881	-2.067
1882	-1.503
1883	-2.202
1884	-1.354
1885	-1.170
1886	-1.215
1887	-1.187
1888	-0.799
1889	-0.635
1890	-0.569
1891	-0.157
1892	0.229
1893	0.400
1894	0.332
1895	0.134
1896	-0.187
1897	0.289
1898	-0.238
1899	0.053
1900	0.317
1901	-0.100
1902	-0.288
1903	-0.074
1904	-0.296
1905	0.845
1906	-0.320
1907	0.201
1908	-0.113
1909	
1910	
1911	
1912	0.481
1913	-0.036
1914	-0.112
1915	-0.623
1916	-0.423
1917	-0.640
1918	-0.223
1919	-0.442
1920	-0.808
1921	-1.178
1922	-1.023
1923	-0.568
1924	0.185
1925	1.099
1926	0.935
1927	0.677
1928	-0.029
1929	-0.619
1930	-1.154
1931	-0.007
1932	-0.463
1933	-0.046
1934	-0.457
1935	0.215
1936	0.003
1937	-0.465
1938	-1.090
1939	-0.592
1940	-0.560
1941	-2.108
1942	-2.402
1943	-2.908
1944	-0.303
1945	-0.447
1946	-0.098
1947	-0.338
1948	-0.302
1949	-0.035
1950	-0.534
1951	0.107
1952	-0.021
1953	0.167
1954	
1955	0.195
1956	0.386
1957	0.255
1958	0.456
1959	1.785
1960	0.061
1961	-0.529
1962	0.653
1963	0.934
1964	
1965	-0.096
1966	-0.211
1967	1.141
1968	0.226
1969	0.943
1970	-0.231
1971	0.383
1972	0.061
1973	0.169
1974	0.331
1975	
1976	0.416
1977	
1978	
1979	
1980	0.172
1981	0.627
1982	-0.801
1983	-0.702
1984	
1985	-0.078
1986	
1987	0.013
1988	-0.707
1989	
1990	-0.096
1991	0.880
1992	1.054
1993	0.923
1994	0.474
1995	0.475
1996	1.488
1997	1.486
1998	
1999	
2000	-0.370
2001	-0.670
2002	
2003	
2004	
2005	
2006	0.188
2007	-0.584
2008	0.003
2009	0.409
2010	-0.028
2011	1.044
2012	-0.115
2013	-0.100
2014	-1.387
2015	-0.142
2016	-0.425
2017	0.041
2018	
2019	-1.146
2020	-1.461
2021	-1.854
2022	-1.545
2023	-0.642
2024	-1.497
2025	-1.263
2026	-1.003
2027	0.196
2028	-0.312
2029	0.000
2030	0.062
2031	-0.312
2032	-0.406
2033	-0.007
2034	-0.104
2035	-0.581
2036	
2037	0.833
2038	1.437
2039	1.204
2040	1.219
2041	0.490
2042	-0.067
2043	
2044	
2045	
2046	
2047	
2048	
2049	
2050	
2051	
2052	
2053	
2054	
2055	
2056	
2057	0.213
2058	-0.035
2059	
2060	
2061	-0.001
2062	
2063	-0.567
2064	0.434
2065	0.044
2066	-0.300
2067	
2068	-0.103
2069	-0.400
2070	
2071	
2072	
2073	
2074	0.021
2075	-0.443
2076	0.000
2077	
2078	0.273
2079	0.300
2080	0.025
2081	-1.114
2082	0.112
2083	0.257
2084	0.052
2085	
2086	0.000
2087	
2088	
2089	0.636
2090	0.238
2091	-1.967
2092	-2.856
2093	-2.595
2094	-2.119
2095	-1.791
2096	0.308
2097	0.000
2098	0.000
2099	
2100	0.054
2101	-0.247
2102	-0.180
2103	-0.165
2104	0.203
2105	0.210
2106	0.115
2107	1.251
2108	
2109	-0.573
2110	
2111	
2112	-0.219
2113	0.104
2114	0.272
2115	
2116	
2117	
2118	
2119	0.094
2120	
2121	
2122	
2123	0.293
2124	0.527
2125	0.084
2126	0.422
2127	0.484
2128	0.000
2129	-0.096
2130	
2131	0.000
2132	-0.134
2133	-0.331
2134	-0.362
2135	-0.321
2136	0.083
2137	-0.110
2138	
2139	-0.366
2140	0.027
2141	-0.322
2142	0.000
2143	0.672
2144	0.398
2145	0.000
2146	0.121
2147	0.000
2148	-0.151
2149	-0.283
2150	0.668
2151	0.562
2152	-0.191
2153	-0.731
2154	-0.641
2155	-1.288
2156	0.287
2157	0.597
2158	0.152
2159	0.173
2160	-0.652
2161	
2162	
2163	-0.544
2164	
2165	
2166	
2167	-0.706
2168	-1.975
2169	-1.812
2170	-0.219
2171	-0.029
2172	-0.145
2173	0.000
2174	0.141
2175	1.028
2176	0.521
2177	0.538
2178	0.018
2179	0.283
2180	0.889
2181	0.995
2182	0.529
2183	0.393
2184	0.000
2185	-0.475
2186	0.000
2187	-0.439
2188	-0.208
2189	
2190	0.308
2191	0.000
2192	0.232
2193	-0.974
2194	-0.103
2195	0.288
2196	
2197	-0.129
2198	-0.306
2199	-0.189
2200	-0.481
2201	0.135
2202	0.226
2203	-0.123
2204	-0.083
2205	-0.391
2206	0.022
2207	-0.431
2208	-0.116
2209	0.776
2210	-0.837
2211	-0.407
2212	-0.397
2213	0.024
2214	0.000
2215	1.397
2216	0.145
2217	-0.477
2218	0.718
2219	0.279
2220	0.249
2221	
2222	
2223	
2224	
2225	-0.470
2226	
2227	-0.477
2228	
2229	
2230	
2231	-0.575
2232	-0.101
2233	
2234	0.111
2235	0.986
2236	0.316
2237	0.013
2238	0.340
2239	0.092
2240	0.175
2241	0.077
2242	-0.409
2243	0.025
2244	1.210
2245	
2246	
2247	-0.078
2248	0.433
2249	0.556
2250	0.000
2251	0.937
2252	
2253	0.088
2254	-0.085
2255	0.175
2256	-0.188
2257	
2258	0.465
2259	0.292
2260	0.045
2261	-0.221
2262	-0.450
2263	-0.246
2264	-0.307
2265	-1.025
2266	0.186
2267	0.001
2268	0.054
2269	
2270	
2271	
2272	-0.175
2273	
2274	0.039
2275	0.326
2276	-1.959
2277	-1.226
2278	-1.770
2279	-1.610
2280	-2.625
2281	-1.549
2282	-2.530
2283	-1.459
2284	-1.978
2285	-2.238
2286	-2.385
2287	-1.503
2288	-0.895
2289	0.555
2290	0.648
2291	0.314
2292	0.000
2293	0.731
2294	0.625
2295	0.992
2296	-1.218
2297	-0.617
2298	-0.105
2299	1.970
2300	1.853
2301	0.588
2302	0.430
2303	1.767
2304	1.684
2305	0.766
2306	0.125
2307	0.420
2308	0.237
2309	0.493
2310	1.423
2311	0.541
2312	-1.333
2313	-0.705
2314	-0.399
2315	-0.358
2316	-0.384
2317	
2318	
2319	
2320	-0.087
2321	0.161
2322	
2323	-1.116
2324	0.098
2325	-0.432
2326	0.000
2327	-0.733
2328	0.259
2329	-0.006
2330	0.000
2331	0.233
2332	0.713
2333	
2334	
2335	0.083
2336	
2337	
2338	0.214
2339	
2340	-0.618
2341	-0.233
2342	1.306
2343	-0.221
2344	-0.266
2345	
2346	0.313
2347	-0.212
2348	
2349	0.233
2350	-0.241
2351	-0.647
2352	-1.082
2353	0.226
2354	-0.113
2355	
2356	-0.115
2357	
2358	0.308
2359	
2360	
2361	
2362	
2363	0.695
2364	0.059
2365	
2366	0.193
2367	0.230
2368	0.295
2369	1.025
2370	0.000
2371	
2372	-0.069
2373	
2374	
2375	-0.403
2376	
2377	-0.280
2378	-0.446
2379	0.000
2380	0.327
2381	0.675
2382	0.000
2383	
2384	
2385	
2386	
2387	0.116
2388	-0.215
2389	0.387
2390	0.268
2391	0.451
2392	0.364
2393	0.584
2394	0.235
2395	
2396	
2397	
2398	0.254
2399	0.206
2400	0.396
2401	
2402	
2403	
2404	
2405	0.356
2406	0.037
2407	
2408	0.000
2409	
2410	0.451
2411	0.634
2412	-0.310
2413	-0.430
2414	-0.246
2415	-1.292
2416	-0.963
2417	-0.936
2418	0.584
2419	-0.819
2420	-0.302
2421	0.070
2422	-0.218
2423	0.048
2424	-1.306
2425	-0.127
2426	0.000
2427	-0.089
2428	0.177
2429	0.181
2430	0.470
2431	
2432	0.569
2433	0.636
2434	0.311
2435	0.132
2436	0.168
2437	0.129
2438	
2439	
2440	-0.219
2441	0.686
2442	-0.153
2443	-0.381
2444	
2445	-0.366
2446	
2447	
2448	-0.209
2449	-0.019
2450	-0.077
2451	
2452	
2453	-0.469
2454	
2455	
2456	
2457	-0.011
2458	
2459	
2460	
2461	
2462	
2463	-0.248
2464	0.047
2465	-0.175
2466	0.499
2467	0.360
2468	-0.076
2469	0.400
2470	0.000
2471	1.044
2472	-0.119
2473	-0.409
2474	-0.661
2475	-0.760
2476	-0.324
2477	0.133
2478	0.011
2479	1.075
2480	1.865
2481	
2482	
2483	
2484	
2485	
2486	
2487	0.162
2488	0.169
2489	0.054
2490	
2491	
2492	
2493	0.017
2494	-0.727
2495	-0.385
2496	0.078
2497	-0.489
2498	-0.553
2499	
2500	
2501	-0.652
2502	-0.510
2503	
2504	1.001
2505	0.334
2506	-0.032
2507	-0.095
2508	-0.305
2509	-0.388
2510	-0.030
2511	-0.132
2512	0.057
2513	0.562
2514	0.748
2515	-0.149
2516	1.090
2517	-0.552
2518	-1.024
2519	0.013
2520	
2521	-0.259
2522	-0.275
2523	
2524	-0.138
2525	0.130
2526	0.103
2527	-0.108
2528	-0.111
2529	-0.082
2530	0.636
2531	0.937
2532	0.411
2533	0.000
2534	
2535	0.052
2536	-0.049
2537	0.919
2538	0.586
2539	0.325
2540	0.059
2541	
2542	0.666
2543	0.369
2544	
2545	0.570
2546	
2547	
2548	
2549	
2550	-0.020
2551	-1.440
2552	1.283
2553	-0.219
2554	-0.504
2555	0.143
2556	0.253
2557	-0.438
2558	0.143
2559	0.341
2560	0.812
2561	0.315
2562	0.342
2563	-0.081
2564	-0.248
2565	-0.132
2566	0.013
2567	-0.314
2568	0.000
2569	-0.689
2570	-1.272
2571	-2.174
2572	-2.094
2573	0.000
2574	-0.496
2575	-0.304
2576	0.148
2577	0.114
2578	-1.578
2579	-1.031
2580	0.934
2581	0.235
2582	1.061
2583	0.374
2584	0.000
2585	0.427
2586	-0.541
2587	0.142
2588	
2589	
2590	
2591	
2592	-0.688
2593	-0.438
2594	0.202
2595	-0.139
2596	-0.011
2597	0.674
2598	
2599	0.766
2600	-0.183
2601	0.262
2602	-0.056
2603	0.163
2604	0.032
2605	-0.291
2606	-0.077
2607	-0.255
2608	-0.418
2609	-0.388
2610	-0.424
2611	0.992
2612	0.408
2613	0.540
2614	-0.473
2615	0.345
2616	0.142
2617	-0.148
2618	0.367
2619	0.319
2620	0.542
2621	
2622	0.382
2623	-0.349
2624	0.075
2625	
2626	-0.107
2627	
2628	0.054
2629	
2630	0.000
2631	
2632	
2633	
2634	
2635	
2636	
2637	
2638	0.188
2639	0.368
2640	0.246
2641	0.169
2642	-0.416
2643	
2644	
2645	-0.523
2646	
2647	
2648	-0.321
2649	
2650	0.106
2651	-0.018
2652	
2653	0.080
2654	-0.026
2655	
2656	0.090
2657	
2658	0.240
2659	0.315
2660	
2661	0.156
2662	0.215
2663	-0.277
2664	0.471
2665	-0.126
2666	-0.294
2667	-0.106
2668	-0.294
2669	
2670	-0.460
2671	-0.032
2672	-0.434
2673	0.620
2674	0.510
2675	0.112
2676	-0.290
2677	1.099
2678	0.030
2679	-0.689
2680	0.317
2681	0.567
2682	0.316
2683	0.266
2684	2.111
2685	2.290
2686	0.767
2687	0.515
2688	0.106
2689	0.308
2690	0.670
2691	
2692	
2693	
2694	
2695	
2696	-0.561
2697	0.000
2698	0.280
2699	-0.778
2700	-0.052
2701	0.124
2702	
2703	-0.175
2704	-0.462
2705	-0.126
2706	-0.284
2707	-0.261
2708	
2709	-0.028
2710	
2711	
2712	0.439
2713	0.325
2714	0.415
2715	0.137
2716	0.000
2717	0.061
2718	
2719	0.316
2720	0.198
2721	-0.297
2722	
2723	
2724	
2725	-0.251
2726	-0.146
2727	-0.234
2728	0.175
2729	-0.178
2730	-0.250
2731	0.451
2732	-0.318
2733	0.000
2734	0.139
2735	0.561
2736	0.005
2737	-0.518
2738	-0.076
2739	
2740	0.000
2741	0.318
2742	0.727
2743	0.337
2744	0.400
2745	0.102
2746	0.130
2747	-0.332
2748	-0.151
2749	
2750	-0.482
2751	-1.162
2752	-0.625
2753	0.418
2754	-0.125
2755	
2756	0.365
2757	0.177
2758	
2759	0.034
2760	
2761	
2762	-0.599
2763	-1.008
2764	-1.633
2765	0.100
2766	0.121
2767	-0.235
2768	-0.479
2769	-0.305
2770	
2771	
2772	
2773	
2774	0.000
2775	0.378
2776	
2777	0.709
2778	
2779	-0.846
2780	-0.065
2781	-0.283
2782	0.005
2783	0.058
2784	0.734
2785	0.662
2786	0.318
2787	0.517
2788	0.092
2789	
2790	0.507
2791	
2792	0.272
2793	0.019
2794	0.227
2795	-0.831
2796	-0.441
2797	-0.318
2798	0.954
2799	0.303
2800	0.104
2801	0.006
2802	-0.034
2803	-0.222
2804	-0.076
2805	0.672
2806	0.650
2807	0.359
2808	0.473
2809	-0.019
2810	0.457
2811	0.163
2812	-0.153
2813	0.408
2814	
2815	
2816	
2817	
2818	-1.730
2819	-0.955
2820	-1.096
2821	-1.190
2822	
2823	0.014
2824	
2825	
2826	
2827	0.111
2828	-0.228
2829	0.000
2830	0.635
2831	0.086
2832	-0.317
2833	0.000
2834	0.233
2835	0.000
2836	-0.002
2837	0.679
2838	0.478
2839	0.161
2840	-0.301
2841	-0.345
2842	0.589
2843	0.083
2844	1.031
2845	0.130
2846	0.000
2847	0.088
2848	-0.274
2849	0.052
2850	
2851	
2852	-0.087
2853	-0.418
2854	-0.163
2855	
2856	-0.147
2857	-0.326
2858	-0.175
2859	0.143
2860	1.475
2861	1.122
2862	0.362
2863	0.449
2864	
2865	0.528
2866	
2867	
2868	0.147
2869	0.468
2870	
2871	
2872	-0.412
2873	
2874	-0.387
2875	0.014
2876	-0.188
2877	-0.034
2878	
2879	0.523
2880	0.131
2881	-0.220
2882	0.608
2883	0.083
2884	
2885	
2886	0.297
2887	
2888	
2889	0.408
2890	0.000
2891	0.463
2892	-0.131
2893	0.060
2894	-0.217
2895	0.740
2896	0.350
2897	0.319
2898	1.185
2899	0.458
2900	-0.407
2901	-0.426
2902	-0.163
2903	-1.324
2904	-0.432
2905	-0.995
2906	-0.352
2907	0.031
2908	0.439
2909	-0.043
2910	0.390
2911	
2912	0.535
2913	0.312
2914	-0.989
2915	0.223
2916	1.022
2917	
2918	-0.019
2919	-0.110
2920	0.071
2921	0.271
2922	0.767
2923	1.357
2924	0.574
2925	-0.097
2926	-0.952
2927	-1.207
2928	0.524
2929	0.692
2930	
2931	
2932	
2933	
2934	-0.417
2935	-0.949
2936	-0.029
2937	-0.544
2938	0.248
2939	0.000
2940	0.214
2941	0.117
2942	0.759
2943	0.224
2944	0.440
2945	0.167
2946	0.275
2947	1.157
2948	1.087
2949	0.821
2950	0.813
2951	0.801
2952	0.459
2953	0.367
2954	0.238
2955	0.000
2956	
2957	-1.290
2958	-1.009
2959	1.014
2960	1.088
2961	-0.223
2962	0.043
2963	-0.819
2964	0.172
2965	-0.016
2966	-0.031
2967	
2968	0.364
2969	-0.120
2970	-0.266
2971	-0.011
2972	0.289
2973	0.418
2974	
2975	-0.144
2976	-0.109
2977	-0.226
2978	0.625
2979	0.219
2980	0.398
2981	0.266
2982	0.383
2983	-0.027
2984	
2985	
2986	
2987	-0.267
2988	0.000
2989	-0.391
2990	-0.249
2991	0.005
2992	0.266
2993	-0.229
2994	0.195
2995	-0.535
2996	-0.345
2997	-0.532
2998	-0.106
2999	0.171
3000	-0.028
3001	0.246
3002	0.702
3003	0.110
3004	-0.236
3005	-1.119
3006	-1.369
3007	-0.510
3008	0.384
3009	0.392
3010	0.201
3011	0.842
3012	-0.339
3013	0.136
3014	-0.016
3015	0.000
3016	-0.855
3017	0.067
3018	0.224
3019	-0.251
3020	0.505
3021	0.097
3022	-0.084
3023	0.160
3024	0.295
3025	0.317
3026	0.203
3027	0.105
3028	0.129
3029	0.486
3030	0.318
3031	0.955
3032	0.913
3033	0.503
3034	0.322
3035	-0.396
3036	0.000
3037	-0.136
3038	-0.569
3039	0.171
3040	0.547
3041	0.097
3042	-0.385
3043	0.140
3044	1.176
3045	1.257
3046	0.562
3047	-0.049
3048	-0.097
3049	0.030
3050	0.115
3051	0.000
3052	-0.655
3053	-0.198
3054	0.514
3055	-1.354
3056	-0.017
3057	-0.449
3058	-0.263
3059	0.706
3060	0.101
3061	-0.195
3062	0.000
3063	0.652
3064	0.082
3065	0.008
3066	-0.906
3067	-0.491
3068	1.599
3069	
3070	0.276
3071	0.097
3072	0.409
3073	0.139
3074	-0.079
3075	-0.320
3076	
3077	-0.544
3078	0.000
3079	
3080	
3081	0.932
3082	0.387
3083	0.150
3084	-0.928
3085	0.228
3086	-0.192
3087	-0.374
3088	0.070
3089	0.184
3090	0.206
3091	-1.036
3092	-0.366
3093	0.198
3094	1.010
3095	0.837
3096	-0.981
3097	-0.225
3098	0.078
3099	0.024
3100	0.293
3101	0.021
3102	-1.007
3103	0.376
3104	0.336
3105	0.317
3106	0.000
3107	0.000
3108	-0.035
3109	
3110	-0.089
3111	0.132
3112	-0.286
3113	-0.081
3114	-1.089
3115	
3116	0.147
3117	-0.011
3118	
3119	0.134
3120	0.145
3121	
3122	0.011
3123	
3124	0.011
3125	-0.210
3126	0.068
3127	-0.029
3128	0.488
3129	0.494
3130	0.581
3131	0.352
3132	-0.298
3133	-0.431
3134	-0.182
3135	
3136	0.150
3137	
3138	
3139	
3140	
3141	0.119
3142	-0.065
3143	
3144	
3145	0.050
3146	-0.312
3147	1.071
3148	-0.561
3149	-0.743
3150	-1.188
3151	-0.261
3152	0.199
3153	0.000
3154	0.425
3155	0.283
3156	0.500
3157	0.939
3158	-0.039
3159	0.368
3160	2.143
3161	4.884
3162	-0.378
3163	-0.694
3164	-1.347
3165	-0.653
3166	-1.429
3167	-1.286
3168	-0.997
3169	-0.677
3170	-0.117
3171	
3172	-1.998
3173	-0.461
3174	
3175	-0.138
3176	0.334
3177	-0.315
3178	-0.611
3179	-0.598
3180	0.130
3181	-1.089
3182	
3183	-1.293
3184	0.047
3185	-0.361
3186	-0.559
3187	1.040
3188	
3189	0.326
3190	0.405
3191	0.489
3192	0.562
3193	-0.178
3194	0.000
3195	-0.977
3196	-0.008
3197	-0.169
3198	-0.176
3199	0.057
3200	-0.432
3201	-0.621
3202	0.193
3203	0.340
3204	-0.804
3205	-0.891
3206	-0.482
3207	1.056
3208	-0.319
3209	-0.104
3210	0.000
3211	-0.619
3212	0.000
3213	-3.163
3214	-1.179
3215	-0.119
3216	
3217	-0.216
3218	0.450
3219	1.112
3220	0.989
3221	-0.397
3222	0.116
3223	-0.299
3224	-0.272
3225	0.107
3226	1.231
3227	0.161
3228	0.421
3229	0.254
3230	-0.287
3231	-0.406
3232	0.271
3233	0.250
3234	-0.882
3235	0.121
3236	-0.363
3237	0.139
3238	2.772
3239	0.567
3240	1.934
3241	0.000
3242	2.089
3243	0.999
3244	0.308
3245	-0.025
3246	-0.086
3247	-0.385
3248	-0.106
3249	-0.257
3250	-0.831
3251	-1.497
3252	-0.378
3253	0.325
3254	0.076
3255	-0.652
3256	-0.753
3257	-0.472
3258	-0.401
3259	-0.413
3260	-1.116
3261	-0.829
3262	-0.963
3263	0.125
3264	-0.112
3265	
3266	
3267	0.065
3268	0.000
3269	
3270	-0.159
3271	0.201
3272	
3273	
3274	
3275	
3276	
3277	
3278	
3279	0.207
3280	0.654
3281	0.811
3282	0.755
3283	0.872
3284	0.140
3285	
3286	-0.034
3287	-0.496
3288	0.526
3289	-0.564
3290	-0.353
3291	
3292	0.602
3293	0.113
3294	-0.220
3295	-0.366
3296	0.008
3297	-0.195
3298	-0.165
3299	-0.302
3300	-1.047
3301	-1.018
3302	-0.414
3303	-0.918
3304	-0.620
3305	-0.911
3306	-0.536
3307	-0.547
3308	-0.551
3309	
3310	-0.655
3311	
3312	
3313	0.328
3314	0.600
3315	0.445
3316	0.587
3317	0.000
3318	0.498
3319	0.438
3320	0.459
3321	0.080
3322	-0.146
3323	
3324	-0.260
3325	
3326	0.026
3327	
3328	-0.137
3329	
3330	
3331	
3332	-0.344
3333	
3334	0.080
3335	0.656
3336	0.337
3337	0.336
3338	
3339	-1.285
3340	-0.917
3341	-0.560
3342	0.000
3343	-0.479
3344	-0.398
3345	-0.306
3346	-0.976
3347	-0.786
3348	0.000
3349	
3350	-0.059
3351	0.676
3352	-0.125
3353	-0.813
3354	0.031
3355	-0.294
3356	-0.154
3357	-0.457
3358	-0.738
3359	-1.165
3360	-0.301
3361	-0.306
3362	-0.225
3363	0.210
3364	-0.544
3365	-1.203
3366	-0.188
3367	-0.024
3368	0.444
3369	0.028
3370	
3371	0.000
3372	-0.202
3373	
3374	
3375	0.459
3376	
3377	
3378	0.160
3379	
3380	
3381	
3382	0.433
3383	0.262
3384	0.752
3385	0.463
3386	-0.069
3387	0.118
3388	0.113
3389	-0.543
3390	-0.563
3391	-0.417
3392	
3393	
3394	
3395	-0.072
3396	0.000
3397	0.938
3398	0.000
3399	-0.945
3400	-0.738
3401	-0.628
3402	0.151
3403	-1.374
3404	-0.053
3405	0.182
3406	
3407	0.000
3408	-0.244
3409	-0.681
3410	0.047
3411	0.257
3412	
3413	0.000
3414	0.551
3415	-0.397
3416	-0.475
3417	-0.502
3418	0.575
3419	
3420	
3421	
3422	-0.443
3423	0.259
3424	0.541
3425	0.269
3426	
3427	
3428	-1.369
3429	-1.170
3430	-2.046
3431	-2.702
3432	-1.999
3433	-0.924
3434	-0.351
3435	
3436	-0.148
3437	-0.297
3438	-0.252
3439	-0.306
3440	-0.154
3441	0.669
3442	
3443	-0.484
3444	0.296
3445	0.426
3446	0.117
3447	0.422
3448	0.035
3449	-0.092
3450	-0.317
3451	-0.353
3452	-0.548
3453	0.217
3454	-1.379
3455	
3456	-1.441
3457	-0.574
3458	0.213
3459	0.304
3460	-0.044
3461	2.128
3462	0.369
3463	-0.017
3464	-0.163
3465	0.165
3466	0.023
3467	0.273
3468	-0.018
3469	-0.605
3470	0.176
3471	0.000
3472	0.328
3473	0.000
3474	0.163
3475	-0.185
3476	-0.544
3477	-0.117
3478	-0.473
3479	-0.081
3480	-0.502
3481	-0.546
3482	0.000
3483	-0.472
3484	
3485	0.000
3486	-0.030
3487	-0.152
3488	-0.044
3489	0.000
3490	
3491	0.227
3492	-0.430
3493	-0.510
3494	0.143
3495	1.109
3496	0.079
3497	0.000
3498	-0.144
3499	0.107
3500	-0.338
3501	0.198
3502	0.494
3503	0.246
3504	-0.374
3505	0.138
3506	-0.157
3507	-0.426
3508	-0.521
3509	0.326
3510	0.150
3511	0.467
3512	-0.442
3513	0.000
3514	0.000
3515	0.571
3516	-0.725
3517	0.220
3518	
3519	0.385
3520	0.204
3521	0.327
3522	0.057
3523	1.843
3524	-0.365
3525	-0.453
3526	0.616
3527	-0.058
3528	0.560
3529	0.000
3530	-0.075
3531	
3532	-0.390
3533	0.379
3534	0.262
3535	0.449
3536	-0.230
3537	0.134
3538	0.037
3539	0.000
3540	-2.386
3541	-2.351
3542	-1.434
3543	-1.228
3544	0.116
3545	
3546	-1.086
3547	
3548	-0.413
3549	0.008
3550	-0.101
3551	0.228
3552	-0.222
3553	0.606
3554	-0.181
3555	0.172
3556	0.304
3557	-0.347
3558	-0.453
3559	-1.125
3560	-0.078
3561	
3562	
3563	
3564	
3565	0.429
3566	0.186
3567	0.483
3568	0.257
3569	0.345
3570	0.461
3571	0.000
3572	2.339
3573	1.607
3574	
3575	
3576	
3577	
3578	
3579	
3580	
3581	
3582	
3583	
3584	
3585	0.298
3586	
3587	
3588	0.226
3589	
3590	0.079
3591	0.273
3592	0.615
3593	
3594	
3595	0.137
3596	
3597	
3598	
3599	-0.358
3600	0.086
3601	0.225
3602	
3603	0.113
3604	-0.626
3605	-0.132
3606	0.214
3607	-0.281
3608	-0.797
3609	-0.087
3610	-0.069
3611	-0.421
3612	
3613	0.287
3614	
3615	
3616	0.854
3617	0.062
3618	-0.567
3619	-0.130
3620	-0.026
3621	0.205
3622	0.396
3623	0.336
3624	0.601
3625	0.208
3626	0.726
3627	0.917
3628	
3629	1.025
3630	0.820
3631	0.475
3632	0.102
3633	0.103
3634	-0.285
3635	-0.288
3636	-0.217
3637	-0.764
3638	-0.156
3639	-0.295
3640	0.385
3641	0.769
3642	0.483
3643	-0.595
3644	-0.276
3645	-0.814
3646	0.066
3647	
3648	-0.101
3649	-0.366
3650	0.187
3651	0.937
3652	0.485
3653	0.102
3654	
3655	2.075
3656	
3657	
3658	
3659	
3660	0.596
3661	0.598
3662	
3663	0.322
3664	
3665	-0.069
3666	0.327
3667	-0.044
3668	-0.092
3669	-0.254
3670	0.278
3671	0.765
3672	0.040
3673	0.221
3674	1.204
3675	
3676	0.271
3677	
3678	
3679	
3680	0.018
3681	
3682	-0.321
3683	
3684	
3685	0.471
3686	-0.880
3687	-0.261
3688	-0.416
3689	0.384
3690	
3691	
3692	
3693	0.074
3694	0.744
3695	0.425
3696	
3697	
3698	0.228
3699	-0.872
3700	-0.600
3701	-1.042
3702	-0.650
3703	-0.035
3704	-0.591
3705	
3706	0.311
3707	-0.005
3708	-0.243
3709	0.410
3710	
3711	0.085
3712	-0.538
3713	-0.271
3714	-0.054
3715	0.240
3716	0.303
3717	0.642
3718	0.326
3719	
3720	
3721	
3722	0.441
3723	
3724	0.250
3725	1.268
3726	1.327
3727	2.613
3728	4.466
3729	-0.711
3730	1.691
3731	-0.202
3732	-1.401
3733	-1.035
3734	-1.427
3735	-1.165
3736	-1.043
3737	-0.134
3738	-0.896
3739	-0.846
3740	0.175
3741	-0.352
3742	0.655
3743	-0.390
3744	-0.262
3745	0.186
3746	0.000
3747	-0.268
3748	
3749	0.281
3750	-1.868
3751	-2.102
3752	-0.734
3753	-0.459
3754	-0.136
3755	-0.167
3756	
3757	
3758	
3759	
3760	
3761	
3762	0.673
3763	-0.143
3764	0.330
3765	-0.211
3766	-0.014
3767	
3768	0.000
3769	-0.078
3770	-0.377
3771	-0.921
3772	-1.016
3773	-0.355
3774	0.648
3775	-0.146
3776	0.293
3777	
3778	0.382
3779	0.321
3780	0.000
3781	0.166
3782	0.254
3783	0.385
3784	-0.267
3785	0.371
3786	-0.445
3787	-1.209
3788	-1.592
3789	-1.698
3790	-0.608
3791	-0.741
3792	-1.198
3793	-0.858
3794	-0.395
3795	-0.433
3796	
3797	
3798	
3799	
3800	
3801	-0.318
3802	-0.693
3803	0.347
3804	0.491
3805	0.098
3806	0.096
3807	0.203
3808	0.188
3809	-0.079
3810	0.343
3811	0.711
3812	
3813	-0.001
3814	0.157
3815	0.143
3816	-0.909
3817	-0.021
3818	0.028
3819	0.417
3820	0.763
3821	-0.318
3822	-0.294
3823	0.160
3824	0.730
3825	0.021
3826	0.252
3827	0.710
3828	0.622
3829	-0.438
3830	-0.023
3831	0.786
3832	0.083
3833	-0.430
3834	0.069
3835	-0.183
3836	-0.267
3837	-0.075
3838	-0.213
3839	-0.424
3840	0.157
3841	
3842	0.021
3843	0.445
3844	0.970
3845	0.702
3846	0.000
3847	-0.043
3848	-0.650
3849	
3850	0.146
3851	
3852	
3853	
3854	
3855	
3856	1.093
3857	1.954
3858	
3859	0.347
3860	-0.195
3861	0.473
3862	0.167
3863	0.128
3864	
3865	0.919
3866	0.074
3867	-0.073
3868	-1.492
3869	-0.802
3870	-0.756
3871	-0.833
3872	-0.074
3873	0.044
3874	
3875	
3876	0.147
3877	
3878	
3879	
3880	
3881	
3882	
3883	
3884	-0.193
3885	
3886	0.019
3887	0.073
3888	0.039
3889	
3890	0.297
3891	0.054
3892	-1.631
3893	
3894	-0.454
3895	0.063
3896	
3897	
3898	
3899	
3900	0.068
3901	
3902	
3903	
3904	
3905	-0.304
3906	
3907	
3908	-0.283
3909	-0.409
3910	
3911	0.109
3912	0.493
3913	0.142
3914	0.379
3915	-0.167
3916	0.249
3917	-0.650
3918	-0.412
3919	-1.407
3920	0.201
3921	
3922	
3923	
3924	-0.238
3925	-0.401
3926	-0.381
3927	1.556
3928	
3929	-0.304
3930	0.072
3931	-0.793
3932	-0.694
3933	0.913
3934	0.501
3935	-0.589
3936	-0.159
3937	-0.424
3938	-0.153
3939	0.000
3940	0.000
3941	0.000
3942	0.000
3943	
3944	
3945	0.000
3946	
3947	0.028
3948	
3949	-0.602
3950	-0.320
3951	
3952	
3953	-0.470
3954	-0.080
3955	-1.071
3956	0.271
3957	-0.675
3958	-2.313
3959	-1.443
3960	0.031
3961	-0.745
3962	-0.425
3963	0.240
3964	0.050
3965	-0.463
3966	-0.804
3967	0.373
3968	
3969	
3970	
3971	
3972	-0.168
3973	-0.553
3974	-0.242
3975	0.083
3976	
3977	
3978	
3979	
3980	-1.358
3981	-0.179
3982	-0.248
3983	-1.557
3984	-1.748
3985	-1.242
3986	
3987	-0.496
3988	0.000
3989	0.567
3990	
3991	-1.267
3992	-0.842
3993	-0.616
3994	-1.012
3995	0.260
3996	0.512
3997	0.088
3998	0.119
3999	-0.052
4000	-0.996
4001	-0.205
4002	
4003	-0.285
4004	-0.315
4005	0.000
4006	-0.978
4007	
4008	
4009	
4010	
4011	-0.206
4012	-0.321
4013	-0.485
4014	0.403
4015	-2.666
4016	-3.663
4017	-1.974
4018	1.197
4019	0.298
4020	-0.121
4021	-0.190
4022	0.780
4023	0.588
4024	0.447
4025	-1.844
4026	
4027	
4028	
4029	
4030	
4031	1.001
4032	-0.428
4033	0.228
4034	-1.857
4035	-0.492
4036	-1.467
4037	-0.187
4038	
4039	2.034
4040	0.701
4041	-1.431
4042	0.711
4043	0.148
4044	1.196
4045	0.436
4046	0.226
4047	-0.092
4048	-0.345
4049	-0.073
4050	-0.175
4051	0.938
4052	-0.022
4053	-0.036
4054	0.076
4055	1.021
4056	0.366
4057	-0.245
4058	-0.929
4059	0.204
4060	1.163
4061	1.306
4062	0.959
4063	0.171
4064	0.126
4065	0.417
4066	
4067	0.000
4068	-0.175
4069	-0.205
4070	0.012
4071	0.414
4072	-0.192
4073	
4074	
4075	
4076	-0.068
4077	-0.034
4078	0.996
4079	
4080	
4081	
4082	
4083	
4084	
4085	
4086	
4087	-0.175
4088	0.000
4089	
4090	-0.029
4091	-0.409
4092	0.111
4093	-0.019
4094	
4095	
4096	
4097	
4098	
4099	0.000
4100	
4101	-0.175
4102	
4103	-0.497
4104	
4105	
4106	
4107	-0.100
4108	-0.715
4109	-0.075
4110	-0.229
4111	0.150
4112	0.472
4113	0.163
4114	0.000
4115	-0.227
4116	-0.335
4117	0.549
4118	1.291
4119	0.545
4120	0.781
4121	0.269
4122	0.776
4123	1.384
4124	0.710
4125	0.362
4126	0.390
4127	0.252
4128	0.145
4129	0.219
4130	-0.007
4131	0.296
4132	-0.347
4133	-0.393
4134	
4135	0.262
4136	0.447
4137	-0.157
4138	0.762
4139	-0.300
4140	-0.033
4141	-0.069
4142	-0.800
4143	-1.399
4144	1.216
4145	0.032
4146	0.349
4147	0.371
4148	0.177
4149	0.390
4150	0.603
4151	-0.510
4152	-0.587
4153	-1.470
4154	-1.723
4155	-0.738
4156	
4157	-0.391
4158	-0.417
4159	-0.246
4160	0.000
4161	0.454
4162	0.019
4163	
4164	
4165	
4166	0.472
4167	0.018
4168	0.104
4169	-0.163
4170	-0.164
4171	-1.123
4172	-0.540
4173	-0.210
4174	-0.931
4175	-1.089
4176	-0.024
4177	0.000
4178	0.000
4179	-0.173
4180	-0.538
4181	
4182	
4183	-0.341
4184	-0.448
4185	-0.049
4186	
4187	0.427
4188	0.427
4189	1.319
4190	0.505
4191	0.235
4192	0.313
4193	
4194	
4195	
4196	
4197	
4198	
4199	0.119
4200	-0.937
4201	-0.700
4202	-0.289
4203	-0.494
4204	-0.165
4205	0.000
4206	0.700
4207	0.393
4208	-0.293
4209	0.000
4210	-0.256
4211	-0.127
4212	0.374
4213	0.772
4214	0.397
4215	-0.210
4216	-0.106
4217	0.089
4218	0.733
4219	-0.234
4220	0.741
4221	-0.118
4222	0.208
4223	0.127
4224	0.358
4225	0.149
4226	0.289
4227	-0.023
4228	
4229	0.193
4230	
4231	0.117
4232	-0.063
4233	0.836
4234	-0.505
4235	0.622
4236	0.353
4237	0.407
4238	0.348
4239	-0.043
4240	0.106
4241	0.170
4242	-1.330
4243	-1.004
4244	-0.939
4245	-1.402
4246	-0.178
4247	0.016
4248	-0.236
4249	-0.277
4250	-0.184
4251	0.119
4252	-0.524
4253	
4254	-1.340
4255	-0.344
4256	-0.307
4257	0.000
4258	0.546
4259	0.440
4260	1.494
4261	0.482
4262	0.459
4263	0.447
4264	0.440
4265	
4266	
4267	
4268	
4269	0.000
4270	
4271	-0.180
4272	0.000
4273	
4274	0.640
4275	0.001
4276	-0.212
4277	-0.331
4278	-0.024
4279	-1.082
4280	0.000
4281	-0.175
4282	-0.327
4283	0.209
4284	0.187
4285	-0.405
4286	-1.307
4287	-1.630
4288	-0.773
4289	-2.084
4290	-2.425
4291	-1.861
4292	-0.121
4293	-0.166
4294	-0.038
4295	0.316
4296	0.358
4297	0.240
4298	0.051
4299	
4300	0.171
4301	
4302	0.271
4303	0.545
4304	
4305	-0.112
4306	
4307	
4308	
4309	0.466
4310	0.005
4311	0.228
4312	1.280
4313	-0.046
4314	0.198
4315	-0.403
4316	0.381
4317	0.465
4318	0.013
4319	-0.022
4320	-0.218
4321	0.140
4322	-0.564
4323	-0.136
4324	1.410
4325	
4326	0.474
4327	-0.025
4328	0.091
4329	0.274
4330	0.063
4331	1.460
4332	1.642
4333	0.271
4334	-0.425
4335	-0.374
4336	-0.971
4337	-0.082
4338	-0.261
4339	0.849
4340	0.298
4341	0.347
4342	1.013
4343	0.353
4344	0.054
4345	-0.562
4346	-0.851
4347	
4348	-2.836
4349	-0.556
4350	-0.398
4351	0.951
4352	0.455
4353	0.037
4354	
4355	-0.702
4356	-0.258
4357	0.002
4358	-0.118
4359	
4360	0.284
4361	0.645
4362	0.695
4363	-0.383
4364	
4365	
4366	-0.111
4367	-0.858
4368	
4369	
4370	
4371	0.238
4372	-0.003
4373	-0.553
4374	-0.676
4375	-0.223
4376	-0.292
4377	1.271
4378	0.304
4379	-0.009
4380	-0.430
4381	1.286
4382	-0.137
4383	-0.835
4384	-1.541
4385	1.038
4386	0.068
4387	0.872
4388	-0.409
4389	0.000
4390	0.620
4391	0.560
4392	0.888
4393	0.714
4394	1.390
4395	0.711
4396	0.760
4397	0.945
4398	0.885
4399	0.499
4400	0.071
4401	0.318
4402	0.000
4403	0.062
4404	
4405	
