3601	-0.055
4119	-0.048
1129	-0.144
2784	-0.069
4043	1.574
316	-0.397
3723	-0.278
4239	-0.378
1320	-0.224
3202	0.257
4063	-0.094
330	-0.010
3753	-0.354
4268	-0.218
1564	-0.393
3228	-0.082
4399	-0.166
417	0.099
3903	-0.178
4322	-0.329
1581	-0.266
3357	0.387
25	0.126
504	-0.347
2037	-0.123
2505	-0.156
3182	-0.128
3552	-0.068
3630	0.150
4314	-0.618
2062	-0.174
2519	-0.229
3208	-0.235
3584	-0.238
3632	-0.158
4316	-0.390
2111	-0.250
2701	0.030
3225	-0.387
3615	-0.156
3634	-0.571
4318	-0.135
2215	-0.225
2817	-0.205
3250	-0.336
3620	-0.134
3785	-0.155
4320	-0.331
3751	-0.448
4034	-0.176
4288	-0.254
308	-0.262
715	-0.140
1318	-0.569
3849	-0.258
4036	-0.121
4290	-0.069
365	-0.205
770	-0.376
1440	-0.376
3899	-0.462
4104	-0.204
4292	0.180
486	-0.361
820	-0.176
1442	-0.401
3907	-0.230
4106	-0.268
4304	-0.346
491	-0.238
879	0.012
1451	-0.118
41	-0.157
429	-0.692
729	-0.662
977	-0.261
1226	-0.317
1474	-0.160
44	-0.260
431	-0.801
733	-0.408
979	-0.122
1241	0.380
1476	-0.372
80	-0.016
492	0.041
755	0.618
994	-0.375
1300	0.290
1588	-0.412
114	-0.208
617	0.037
894	-0.354
996	-0.006
1392	0.144
1611	-0.185
2741	0.361
3780	0.273
168	0.342
546	0.108
1031	-0.265
1718	0.097
2819	-0.123
3783	-0.476
170	-0.463
648	-0.379
1089	-0.502
1764	0.150
2822	-0.389
3987	-0.065
194	-0.235
680	0.003
1204	-0.209
1830	-0.035
2945	0.009
4112	0.158
237	0.198
852	-0.088
1272	-0.040
1866	0.135
3642	0.027
180	0.235
1395	-0.272
2917	0.341
121	-0.140
340	-0.015
3831	0.563
452	-0.070
1409	-0.224
3255	-0.430
171	-0.335
366	-0.236
4006	-0.246
494	-0.060
1661	0.488
3548	-0.149
207	0.167
384	0.148
4213	-0.033
1090	0.130
1912	0.055
3845	-0.050
219	-0.333
450	0.013
824	0.193
1033	-0.212
1309	-0.352
1449	0.363
1781	-0.078
2137	0.110
838	-0.062
1097	-0.303
1315	-0.230
1463	-0.151
1919	-0.286
2147	-0.140
859	-0.438
1134	-0.277
1325	-0.254
1498	0.014
2016	0.222
2221	-0.026
868	-0.204
1180	-0.065
1338	-0.047
1524	-0.090
2033	-0.057
2224	-0.015
426	-0.260
488	-0.207
542	-0.397
563	-0.276
624	-0.248
667	-0.409
443	-0.327
498	-0.127
544	-0.236
573	-0.536
627	-0.654
671	-0.396
445	-0.434
500	-0.251
547	-0.091
580	-0.220
631	0.319
682	-0.165
454	-0.035
502	-0.108
549	-0.499
597	1.064
637	-0.379
686	-0.306
1461	-0.044
1504	-0.367
1535	-0.219
1556	-0.451
1583	-0.246
1625	-0.226
1464	-0.235
1509	-0.410
1537	-0.097
1560	-0.365
1586	0.116
1627	-0.413
1473	-0.258
1511	-0.198
1541	-0.227
1563	-0.145
1591	-0.346
1629	-0.265
1481	-0.133
1517	-0.243
1545	-0.261
1566	-0.204
1596	-0.201
1631	-0.222
2301	0.094
2356	-0.312
2386	-0.365
2439	-0.234
2466	-0.508
2527	-0.085
2314	-0.275
2358	-0.316
2390	-0.175
2444	-0.388
2471	-0.324
2529	-0.371
2325	-0.207
2360	-0.195
2392	1.197
2446	-0.113
2474	-0.124
2535	-0.180
2332	-0.214
2362	-0.348
2398	-0.219
2448	-0.158
2485	-0.203
2544	-0.125
3348	-0.452
3392	-0.368
3434	-0.389
3483	-0.292
3522	0.029
3561	-0.400
3352	-0.363
3394	-0.420
3441	-0.299
3488	-0.351
3525	-0.079
3563	-0.219
3354	-0.280
3397	-0.302
3443	-0.201
3490	-0.239
3529	-0.325
3573	-0.166
3362	-0.172
3401	-0.079
3448	0.263
3492	-0.278
3533	-0.324
3581	-0.255
2442	-0.459
1873	-0.280
2265	-0.171
2974	-0.394
4280	-0.315
4124	-0.161
1947	-0.396
3622	-0.128
3624	-0.369
2346	-0.296
1387	-0.227
3484	-0.482
2525	-0.218
802	-0.124
2671	-0.140
3574	-0.110
2372	-0.227
2546	-0.290
2258	-0.106
1587	-0.296
1590	-0.363
1697	-0.345
1550	-0.021
1698	-0.231
100	-0.275
1740	0.048
2625	-0.348
1905	0.150
4286	0.269
2609	-0.223
2982	-0.093
3311	0.071
1378	-0.252
16	-0.312
2696	0.039
4317	-0.428
3188	-0.270
3939	-0.106
3618	-0.121
1540	0.000
352	-0.117
3692	-0.396
1450	-0.057
3275	-0.117
4009	-0.061
2621	-0.276
2905	-0.536
889	-0.686
929	-0.676
805	0.373
1497	-0.245
2067	-0.237
2577	-0.185
3105	-0.138
853	-0.313
1526	-0.252
2157	-0.169
2698	0.446
3163	-0.167
3662	-0.389
933	-0.144
1608	-0.063
2216	-0.047
2712	-0.241
3243	-0.023
3680	-0.275
1119	-0.277
1659	-0.174
2248	-0.295
2735	-0.274
3375	-0.210
1368	-0.306
2922	0.724
19	-0.292
408	-0.129
652	-0.205
2742	0.429
1505	-0.305
2956	-0.275
27	-0.115
411	-1.045
654	-0.254
4149	0.041
1999	-0.207
3358	-0.243
47	-0.229
449	-0.187
679	-0.139
163	0.386
2007	0.369
3644	-0.275
112	-0.553
484	-0.323
696	-0.224
1660	-0.487
2164	-0.464
2845	-0.370
3271	-0.303
3660	-0.157
4141	-0.103
1691	-0.290
2211	-0.188
2888	-0.322
3364	-0.243
3685	-0.234
4195	-0.222
1756	-0.322
2924	-0.061
3371	-0.120
3714	-0.181
4228	-0.223
2014	-0.115
2347	-0.195
2952	-0.410
3469	-0.362
3795	-0.335
4230	-0.235
1852	-0.164
2203	-0.376
2284	-1.079
2552	-0.360
2730	-0.222
2994	-0.244
2205	-0.370
2287	-0.706
2582	0.099
2749	-0.246
2996	-0.252
2133	-0.463
2208	-0.299
2289	-0.461
2718	-0.216
2770	-0.054
3062	-0.091
2193	-0.393
2242	-0.320
2465	1.115
2720	-0.222
2886	-0.241
3104	-0.459
2514	0.054
3053	-0.297
3234	0.181
3307	-0.991
3339	-0.319
3703	-0.221
2592	0.233
3064	-0.239
3259	-0.167
3309	-0.152
3341	-0.480
3775	0.053
2607	-0.208
3074	0.013
3288	0.062
3347	0.263
3860	0.067
2647	-0.269
3158	-0.420
3296	-0.228
3313	-0.466
3363	-0.104
3932	0.394
599	-0.365
772	-0.522
1701	-0.245
2113	-0.323
2491	-0.186
2751	-0.535
608	-0.411
825	-0.282
1757	-0.238
2188	-0.189
2502	-0.136
2762	-0.357
675	-0.073
969	-0.478
1850	-0.425
2302	-0.306
2523	-0.141
2764	-1.091
677	-0.054
1002	-0.222
1865	-0.020
2342	-0.292
2536	-0.308
2780	-0.441
2324	-0.313
2542	-0.316
2869	-0.341
3128	-0.270
3399	0.132
2355	-0.323
2558	-0.371
2872	-0.375
2997	-0.149
3173	-0.226
3475	0.019
2408	-0.267
2594	-0.135
2875	-0.313
3003	0.296
3222	-0.247
3531	-0.435
2418	-0.116
2668	-0.443
2881	-0.297
3011	0.639
3241	-0.392
3575	-0.344
716	-0.290
796	-0.320
835	-0.479
906	0.041
948	-0.258
992	-0.501
735	-0.336
843	-0.234
913	-0.315
959	-0.121
1001	-0.216
742	-0.756
806	-0.181
845	-0.294
917	-0.112
961	-0.514
1005	0.001
762	-0.250
808	-0.301
848	-0.357
920	-0.213
964	-0.167
1008	-0.151
1647	-0.204
1674	-0.374
1700	-0.441
1741	0.874
1769	-0.325
1792	-0.033
1649	-0.172
1678	0.383
1705	0.331
1743	-0.231
1775	-0.205
1794	-0.239
1654	-0.919
1681	1.683
1707	-0.245
1745	-0.306
1778	-0.988
1796	-0.210
1657	-0.231
1683	2.125
1721	-0.264
1750	-0.472
1782	-1.039
1798	-0.160
2584	-0.294
2645	-0.341
2670	-0.167
2745	-0.230
2777	0.005
2593	-0.328
2627	-0.449
2648	-0.226
2672	0.554
2747	-0.290
2781	-0.112
2596	-0.211
2629	-0.317
2650	-0.241
2674	0.735
2754	-0.369
2791	-0.227
2603	-0.418
2632	-0.263
2653	-0.262
2682	-0.411
2756	-0.408
2793	0.047
3611	-0.356
3688	-0.037
3762	-0.286
3826	-0.386
3861	-0.575
3914	-0.157
3614	-0.224
3690	-0.564
3776	-0.283
3833	0.002
3866	-0.379
3920	-0.055
3641	-0.243
3695	-0.359
3790	-0.496
3835	-0.096
3873	-0.498
3922	-0.003
3655	-0.187
3698	-0.316
3808	-0.279
3837	-0.362
3880	-0.495
3928	0.201
5	-0.297
669	-0.308
559	-0.307
771	-0.165
788	-0.286
790	-0.364
1544	-0.204
2028	-0.191
2063	-0.232
2103	-0.266
2046	-0.266
2084	-0.200
2631	0.124
2634	0.049
2880	-0.305
2630	-0.130
784	-0.325
1662	-0.392
2708	-0.162
3684	-0.380
582	-0.309
4300	-0.345
3793	-0.153
2237	-0.298
3988	0.180
465	-0.171
12	-0.194
2319	-0.267
724	-0.387
144	-0.389
3923	-0.111
863	0.185
38	-0.382
2367	-0.385
140	-0.361
40	-0.450
2470	-0.271
4089	-0.132
1719	-0.405
3612	-0.121
2710	-0.258
4114	-0.271
3841	-0.306
1879	-0.203
3360	-0.224
1353	-0.325
159	-0.438
338	-0.085
156	-0.158
1676	-0.349
561	-0.382
3108	-0.433
1188	-0.393
3721	-0.439
4198	-0.149
1130	-0.406
2786	-0.278
4062	0.154
318	-0.181
3752	-0.113
4265	-0.081
1334	0.095
3210	-0.015
4398	-0.105
346	-0.096
3902	-0.313
4296	-0.301
1580	-0.045
3229	-0.186
4401	0.387
447	-0.066
3904	-0.428
4323	0.038
1609	-0.111
3404	-0.154
162	-0.179
506	-0.213
2059	-0.258
2516	-0.012
3189	-0.025
3578	-0.402
3631	-0.037
4315	-0.352
2108	-0.245
2617	0.189
3224	-0.093
3613	-0.193
3633	-0.253
2134	-0.053
2813	-0.170
3249	-0.185
3619	0.086
3784	-0.325
4319	-0.253
2217	0.540
2865	-0.141
3251	-0.070
3621	-0.148
4392	0.113
3816	-0.397
4035	-0.644
4289	-0.300
353	-0.202
752	0.445
1336	-0.220
3897	-0.480
4077	-0.275
4291	0.334
367	-0.291
794	-0.204
1441	-0.225
3900	-0.231
4105	-0.096
4293	1.111
490	-0.165
842	-0.314
1443	-0.202
3909	-0.226
4111	0.035
4321	-0.250
511	-0.186
898	-0.358
1452	1.771
42	-0.265
430	-0.735
730	-0.304
978	-0.371
1227	-0.137
1475	-0.244
79	-0.263
432	-0.393
734	-0.370
993	-0.375
1276	0.005
113	-0.387
604	0.013
872	-0.155
995	-0.152
1380	0.014
115	-0.107
684	0.080
895	-0.263
997	-0.333
1415	-0.793
1612	-0.250
2798	-0.203
3782	-0.019
169	-0.342
642	0.004
1066	0.078
2820	-0.198
3982	-0.362
172	-0.166
651	-0.238
1127	0.009
1766	-0.023
2892	-0.276
236	-0.128
731	-0.069
1211	-0.020
1845	-0.184
3067	0.488
4113	-0.163
296	0.849
882	0.443
1427	-0.001
1876	-0.569
3648	0.039
185	0.084
1397	-0.072
3018	-0.262
160	-0.030
355	-0.045
4005	-0.322
476	-0.380
1412	-0.001
3256	0.012
200	-0.041
383	-0.300
4177	0.412
954	-0.083
1805	-0.312
3763	0.021
217	-0.258
419	0.458
4238	-0.259
1091	0.104
2220	-0.126
3846	-0.310
221	-0.327
451	-0.175
837	-0.148
1059	-0.084
1313	-0.106
1454	-0.159
1803	-0.334
2146	-0.148
847	-0.315
1118	-0.144
1321	-0.072
1478	0.404
1971	-0.407
2166	-0.107
865	0.348
1168	-0.063
1326	0.005
1501	-0.141
2031	0.062
2222	-0.116
870	-0.082
1198	-0.211
1525	0.019
2044	-0.022
2247	-0.120
442	-0.219
497	-0.151
543	-0.439
567	-0.080
625	-0.164
444	-0.162
499	-0.249
545	-0.109
579	-0.177
629	-0.195
681	-0.148
446	-0.263
501	-0.188
548	-0.232
581	-0.010
636	-0.259
685	-0.054
456	-0.330
505	-0.422
550	-0.328
598	-0.593
639	-0.062
690	-0.172
1462	-0.503
1506	-0.374
1536	-0.160
1559	-0.280
1585	-0.077
1626	-0.520
1470	-0.249
1510	-0.062
1561	-0.315
1589	-0.388
1628	-0.353
1477	-0.110
1516	-0.291
1565	-0.290
1593	-0.192
1630	-0.392
1488	-0.101
1518	-0.333
1546	-0.445
1567	-0.362
1598	-0.156
1632	-0.162
2305	-0.197
2357	-0.366
2389	-0.136
2443	-0.058
2467	-0.098
2528	-0.478
2317	-0.303
2359	-0.206
2391	0.072
2445	-0.376
2473	-0.201
2531	0.107
2331	-0.192
2361	-0.368
2395	-0.286
2447	-0.232
2475	0.126
2543	-0.159
2334	-0.305
2363	-0.247
2399	-0.184
2449	0.027
2493	-0.102
2548	-0.216
3351	-0.180
3393	-0.256
3439	-0.101
3485	-0.356
3524	-0.059
3562	-0.159
3353	-0.323
3395	-0.273
3442	-0.229
3489	-0.130
3527	-0.198
3570	-0.231
3356	-0.133
3400	0.194
3446	-0.170
3491	-0.339
3532	-0.532
3577	-0.276
3369	-0.273
3407	-0.156
3459	-0.241
3494	0.010
3534	-0.206
3582	-0.090
926	-0.041
1195	-0.432
3975	-0.389
3338	-0.143
62	-0.287
1854	-0.003
3230	-0.336
4160	-0.069
3665	-0.291
4335	0.081
873	-0.392
2056	-0.461
612	-0.195
1202	-0.505
2769	0.105
2644	-0.266
689	-0.321
130	-0.300
24	-0.160
2977	0.275
269	-0.136
2236	-0.221
2005	-0.201
1788	-0.067
1052	-0.242
34	-0.304
3875	-0.182
332	-0.317
1824	0.407
829	-0.288
890	-0.428
2477	-0.339
397	-0.142
4236	-0.276
2455	-0.290
3884	-0.400
618	-0.450
4308	-0.293
880	-0.071
2118	-0.277
325	-0.335
3172	0.025
77	-0.080
818	-0.245
2427	-0.386
836	-0.088
1512	-0.102
2140	-0.089
2664	0.046
3110	-0.168
3585	-0.177
900	-0.269
1595	-0.336
2163	0.007
2709	0.042
3226	-0.026
3674	0.320
986	-0.225
1618	0.005
2219	0.041
2734	-0.076
3292	0.113
1162	0.078
1770	-0.265
2299	0.072
2768	-0.182
3422	-0.185
3694	-0.193
1376	-0.255
2954	-0.231
20	0.008
409	-0.060
653	-0.240
3661	-0.346
1835	-0.158
3051	-0.022
45	0.032
448	-0.031
657	0.013
82	0.024
2004	-0.361
3597	-0.350
98	0.110
478	-0.013
692	0.149
297	0.162
2175	-0.037
3832	0.320
151	-0.058
495	-0.157
697	-0.103
1690	-0.279
2170	-0.112
2882	-0.265
3300	-0.213
3679	-0.230
4156	-0.308
1729	-0.141
2246	-0.150
2918	-0.148
3370	-0.164
3691	0.270
4227	-0.080
1801	-0.059
2322	-0.341
2950	-0.179
3402	0.109
3754	0.049
4229	0.082
2074	-0.047
2365	-0.425
2966	-0.280
3473	0.020
3874	-0.180
4231	-0.309
2204	-0.220
2285	-0.458
2579	-0.150
2731	-0.179
2995	-0.234
2029	-0.255
2206	-0.199
2288	-0.892
2713	0.440
3061	-0.277
2168	-0.186
2241	-0.093
2296	-0.296
2719	-0.184
2779	0.107
3103	-0.041
2194	-0.194
2243	-0.001
2469	-0.207
2721	-0.311
2895	-0.056
3115	0.072
2569	-0.193
3056	-0.230
3235	-0.010
3308	-0.211
3340	-0.512
3765	-0.106
2606	-0.327
3065	-0.079
3287	0.197
3310	0.097
3342	-0.230
3847	0.316
3129	-0.120
3294	-0.135
3312	-0.270
3349	-0.048
3871	-0.085
2697	-0.113
3165	-0.343
3297	-0.319
3314	-0.334
3384	0.086
3936	-0.272
600	-0.127
789	0.014
1702	0.108
2154	0.215
2501	0.332
2752	-0.449
610	0.092
1759	0.110
2239	-0.045
2521	0.236
2763	-1.016
676	-0.003
980	0.103
1851	-0.121
2308	-0.135
2530	-0.158
2765	-0.266
678	0.210
1009	-0.166
1872	-0.125
2379	-0.016
2538	-0.057
2808	-0.152
2330	-0.172
2545	-0.129
2871	-0.078
2978	-0.556
3160	0.284
3468	-0.063
2373	-0.124
2559	-0.092
2874	-0.112
3001	-0.031
3197	0.160
3530	0.153
2410	0.020
2657	0.046
2878	-0.187
3010	-0.008
3223	0.001
3553	0.940
2426	-0.200
2885	-0.154
3033	0.131
3253	0.225
3576	-0.139
725	-0.085
798	-0.081
841	-0.247
909	0.077
952	-0.074
999	0.038
736	-0.317
803	0.284
844	0.063
916	-0.027
960	-0.015
1003	-0.188
753	0.227
807	0.097
846	-0.031
919	-0.229
963	0.131
1007	-0.233
769	-0.393
813	-0.099
850	-0.071
921	0.142
965	0.212
1010	-0.324
1648	-0.008
1675	-0.050
1703	-0.137
1742	-0.001
1771	-0.094
1793	-0.093
1651	-0.278
1679	0.940
1706	0.401
1744	0.015
1777	-0.172
1795	0.120
1655	-0.559
1682	1.153
1720	-0.241
1747	0.092
1780	-0.573
1797	-0.134
1663	-0.327
1684	1.547
1722	-0.260
1751	-0.170
1783	1.485
1802	-0.096
2586	0.051
2626	-0.273
2646	-0.029
2746	-0.221
2778	-0.006
2595	0.203
2628	-0.207
2649	0.144
2673	1.639
2748	-0.034
2790	0.235
2602	-0.065
2651	-0.092
2680	-0.130
2755	-0.299
2792	-0.324
2604	-0.117
2654	-0.076
2683	-0.260
2757	-0.358
2794	-0.015
3689	-0.277
3764	-0.277
3827	0.039
3865	-0.219
3915	-0.094
3693	0.061
3777	-0.330
3834	0.108
3872	-0.198
3921	-0.190
3646	-0.189
3697	0.024
3807	-0.259
3836	-0.329
3925	-0.204
3656	-0.440
3705	-0.059
3810	-0.121
3838	-0.303
3886	-0.143
3937	-0.140
984	-0.175
792	-0.167
1138	-0.428
1161	-0.277
1375	-0.413
2225	-0.379
2420	-0.237
2350	-0.189
2320	-0.196
123	-0.425
819	0.099
688	-0.053
149	0.051
2180	-0.007
2161	-0.249
3026	-0.447
1472	-0.230
2259	-0.280
186	-0.199
4350	-0.142
3710	-0.490
14	-0.014
2321	-0.133
139	-0.170
3748	-0.272
39	-0.236
2368	-0.270
4079	-0.128
1715	-0.410
918	-0.179
54	-0.168
2679	0.088
184	-0.271
2318	-0.159
2838	-0.083
4298	-0.251
251	-0.316
2458	-0.325
3707	-0.316
1489	-0.168
148	-0.411
272	-0.158
1650	-0.478
1394	-0.440
871	0.659
2090	-0.255
2804	0.007
3127	-0.239
344	-0.110
1106	-0.255
2095	-0.748
2550	-0.359
2837	-0.236
348	-0.355
1521	-0.312
2132	-0.418
2706	-0.396
2901	0.058
3416	-0.780
351	-0.435
1613	-0.104
2160	-0.277
3418	-0.819
4294	-0.266
178	-0.311
532	-0.571
1215	-0.324
1925	-0.304
85	-0.337
181	-0.156
558	-0.406
938	-0.256
1377	-0.468
1937	-0.300
87	-0.326
196	-0.505
566	-0.537
941	-0.458
1433	-0.361
1939	-0.378
90	-0.358
222	-0.385
632	-0.044
943	-0.097
1502	-0.131
1944	-0.441
2422	-0.536
2796	-0.571
3175	-0.502
3436	-0.185
3493	-0.396
3667	-0.798
2424	-0.736
2829	-0.298
3206	-0.119
3451	-0.138
3528	-0.643
3669	-0.397
2480	0.174
2933	-0.697
3290	-0.047
3453	0.678
3541	-0.548
3682	-0.345
2568	-0.341
2943	-0.375
3328	-0.342
3455	0.084
3543	-0.582
3709	-0.220
1828	-0.490
1896	0.713
3179	-0.447
3556	-1.392
4150	-0.474
1840	-0.414
1916	-0.181
3264	-0.282
3673	-0.289
4354	-0.281
1874	-0.359
1941	-0.431
3291	0.280
3687	0.035
4359	-0.106
1881	-0.162
1943	-0.222
2686	-0.126
3462	-0.100
3908	1.417
531	-0.360
1842	-0.488
2580	-0.253
3322	-0.318
3778	-0.164
4351	-0.189
1343	-0.146
1861	0.188
2623	-0.432
3549	-0.342
3813	0.519
4362	-0.244
1413	-0.197
1961	-0.357
2669	-0.032
3639	-0.020
3863	-0.284
4396	0.025
1749	0.030
2068	-0.108
2733	-0.135
3645	0.909
4000	-0.030
143	-0.111
1960	-0.353
3008	0.121
3868	-0.233
4131	-0.171
522	-0.347
1982	0.309
3118	-0.211
3743	-0.371
3870	0.162
4254	-0.444
840	-0.229
2143	-0.227
3766	-0.218
4393	-0.378
910	0.024
2235	1.046
3281	-0.207
3768	0.091
3957	0.210
33	-0.937
1062	-0.852
2476	-0.216
827	-0.205
1992	-0.443
2688	0.250
3803	-0.169
4040	-0.187
496	-0.274
931	-0.539
2153	0.018
2947	0.149
3805	-0.381
11	-0.384
516	-0.303
1096	-0.373
2260	-0.148
3041	-0.322
3867	-0.658
126	0.546
520	-0.343
1210	-0.114
2262	-0.116
3187	0.028
3930	-0.289
210	-0.235
616	-0.167
191	-0.159
235	-0.233
280	-0.197
307	-0.242
358	-0.320
387	-0.531
195	-0.533
245	-0.117
283	-0.653
310	-0.645
360	-0.444
391	0.235
212	-0.123
248	-0.702
285	-0.187
317	-0.160
364	-0.509
393	-0.264
218	-0.388
250	-0.217
289	-0.345
320	-0.255
370	-0.249
395	-0.146
1219	-0.307
1273	-0.400
1333	-0.525
1364	-0.286
1396	-0.270
1428	-0.138
1233	-0.868
1280	-0.496
1340	-0.326
1366	-0.357
1399	-0.332
1432	-0.352
1239	-0.385
1285	-0.261
1342	-0.056
1369	-0.112
1401	-0.142
1436	-0.197
1248	-0.262
1295	-0.167
1346	-0.154
1373	-0.247
1403	-0.186
1438	-0.109
2076	-0.412
2112	-0.013
2145	-0.346
2207	-0.526
2250	-0.525
2034	-0.038
2081	-0.210
2119	-0.396
2158	-0.398
2214	-0.367
2256	-0.463
2043	-0.131
2121	-0.325
2165	-0.336
2266	0.614
2050	-0.269
2086	-0.285
2123	-0.366
2173	-0.279
2227	-0.291
2268	-0.362
3083	-0.382
3152	-0.370
3198	-0.351
3239	-0.355
3286	-0.394
3085	-0.384
3111	-0.440
3154	-0.459
3200	0.006
3242	-0.215
3293	-0.394
3087	-0.268
3113	-0.395
3156	-0.330
3205	0.126
3245	-0.287
3324	-0.542
3090	-0.339
3120	-0.315
3159	-0.387
3209	-0.219
3248	-0.135
3326	-0.601
4302	-0.416
4329	-0.368
4339	-0.372
4363	-0.105
4305	-0.433
4330	-0.432
4341	-0.454
4283	-0.297
4402	-0.353
4255	-0.425
4275	-0.311
4325	-0.382
4336	-0.392
4353	-0.128
4387	-0.440
3933	-0.074
4221	-0.186
4078	-0.004
3471	-0.264
4030	-0.180
3331	-0.220
2737	-0.450
4002	-0.080
2939	-0.331
2717	-0.294
4116	-0.399
257	-0.345
568	-0.254
1304	-0.312
1893	-0.429
2684	-0.044
4125	-0.343
264	-0.264
1306	-0.351
2030	-0.286
2861	-0.353
4264	-0.402
274	-0.309
737	-0.501
1308	-0.397
2089	-0.319
3044	-0.284
281	-0.213
739	-0.166
1345	-0.344
2292	-0.497
3218	0.096
810	-0.522
886	-0.238
1223	-0.506
1453	-0.387
1819	-0.770
2156	-0.284
891	0.591
1244	-1.419
1484	-0.334
1900	-0.312
2179	-0.620
831	-0.293
1015	-0.606
1246	-1.122
1486	-0.437
2240	-0.280
854	-0.289
1101	-0.945
1250	-0.416
1621	-0.497
2092	-0.812
2307	-0.448
36	-0.382
136	-0.452
462	-0.403
1076	-0.494
1429	-0.284
138	-0.327
473	0.477
958	2.452
1078	-0.231
1448	-0.165
188	-0.480
487	-0.391
1000	-0.072
1080	-0.228
1528	-0.388
229	-0.528
533	-0.347
1049	-0.711
1082	-0.272
1531	-0.632
3425	-0.438
3844	-0.393
4051	0.136
640	-0.107
1229	-0.266
3518	-0.393
3892	-0.962
4071	-0.440
60	-0.060
687	0.200
1237	-1.425
3604	-0.574
3894	-1.787
4073	-0.214
145	0.307
708	-0.153
1286	-0.398
3608	-0.378
3916	-0.131
4075	-0.382
760	-0.228
1348	-0.492
4147	-0.454
4386	-0.312
167	-0.227
1189	-0.295
1800	-0.244
2421	-0.445
4173	-0.104
1	-0.260
243	-0.285
1260	0.198
2018	-0.215
2472	-0.226
4175	0.051
3	-0.238
273	-0.410
1262	0.186
2020	0.297
2551	-0.180
4202	-0.554
31	-0.006
388	-0.229
1264	-0.087
2022	0.235
2598	-0.117
2965	-0.349
3214	-0.399
3801	-0.613
4098	-0.277
131	-0.036
596	-0.002
2988	-0.058
3388	-0.018
3825	-0.182
4100	-0.267
134	-0.477
630	-0.164
3133	-0.350
3437	-0.401
3941	-0.481
4102	-0.170
154	-0.120
750	-0.597
3135	-0.202
3449	-0.121
4014	0.274
4139	-0.311
414	-0.042
775	-0.545
3792	-0.393
4218	-0.457
623	-0.371
2825	-0.215
50	0.005
128	-0.170
3830	-0.154
4267	-0.285
951	-0.198
3028	-0.027
56	-0.235
132	-0.300
3862	-0.317
1061	0.911
4148	-0.277
58	-0.276
3879	-0.575
4303	-0.248
1558	-0.400
4225	-0.322
69	-0.288
158	-0.286
1024	-0.416
1053	-0.454
1105	-0.217
1135	-0.259
1155	-0.202
1179	-0.082
1027	-0.232
1056	-0.256
1108	0.169
1160	-0.274
1182	-0.210
1029	-0.373
1058	-0.286
1111	-0.322
1142	-0.513
1163	-0.316
1191	-0.368
1034	-0.311
1063	-0.301
1113	-0.356
1144	-0.217
1165	0.041
1193	-0.275
1820	-0.858
1844	-0.235
1875	-0.204
1930	-0.430
1964	-0.256
1990	-0.115
1822	-0.336
1847	0.608
1878	-0.174
1932	-0.479
1966	-0.391
1995	-0.282
1825	-0.349
1853	-0.585
1899	-0.391
1934	-0.323
1968	-0.317
1997	-0.272
1831	-0.150
1857	2.046
1903	-0.639
1936	-0.290
1970	-0.259
2000	-0.347
2833	-0.363
2870	-0.512
2928	-0.366
2962	-0.006
3007	-0.022
3037	-0.450
2846	-0.289
2876	-0.436
2932	-0.273
2969	-0.343
3012	1.361
3040	-0.024
2849	-0.386
2973	-0.226
3014	-0.352
3048	-0.342
2851	-0.329
2884	-0.376
2941	-0.506
2983	-0.571
3016	-0.501
3055	-0.398
3998	-0.380
4047	-0.456
4091	-0.215
4157	-0.446
4189	-0.326
4216	-0.240
4001	-0.267
4049	-0.283
4107	-0.306
4161	-0.227
4192	-0.342
4220	-0.269
4011	-0.450
4055	-0.462
4110	-0.172
4166	-0.294
4194	-0.210
4222	-0.532
4022	-0.413
4057	-0.261
4121	-0.584
4168	-0.336
4197	-0.471
4243	-2.188
1562	-0.138
3035	-0.212
4084	-0.296
2481	-0.379
3735	-0.242
3701	-0.400
3169	-0.419
385	-0.301
981	-0.412
1407	-0.494
2036	-0.100
3602	-0.442
3719	-0.371
1520	-0.235
49	-0.247
3678	-0.279
700	-0.208
2233	-0.324
2499	-0.382
2457	-0.315
2557	-0.303
4099	-0.022
3883	-0.324
2641	-0.311
3888	-0.259
2689	-0.071
324	-0.153
3774	0.231
3858	-0.352
4092	-0.140
590	-0.513
1030	-0.269
1265	-0.238
342	-0.273
904	-0.408
2091	-0.729
2805	-0.587
3132	-0.179
345	-0.202
1236	-0.198
2096	-0.893
2705	-0.250
2843	-0.245
3385	-0.005
349	-0.214
1594	-0.457
2151	-0.502
2707	-0.391
2902	-0.391
3417	-0.961
1617	-0.230
2167	-0.291
2714	-0.349
2979	-0.419
3519	0.100
4400	-0.775
179	-0.095
535	-0.748
1256	-0.811
1926	-0.203
86	-0.292
182	-0.401
565	-1.718
940	-0.373
1424	-0.185
1938	-0.384
88	-0.356
197	-0.263
942	-0.329
1471	-0.230
1940	-0.206
91	-0.193
240	-0.173
634	-0.199
957	-0.070
1507	-0.435
1945	-0.659
2423	-0.691
2801	-0.425
3204	0.003
3450	-0.156
3496	-0.287
3668	-0.391
2425	-0.721
2841	-0.348
3258	-0.271
3452	-0.266
3540	-0.520
3681	-0.220
2497	-2.427
2934	-0.604
3327	-0.391
3454	-0.493
3542	-0.545
3683	-0.511
2587	0.369
2964	-0.324
3329	-0.360
3456	-0.260
3544	-0.070
3722	-0.470
1829	-0.245
1897	0.586
2526	-0.195
3247	-0.149
3638	-0.284
4241	-0.403
1855	-0.289
1920	-0.415
2639	-0.306
3266	-0.302
3686	-0.222
4355	-0.278
1880	-0.256
1942	-0.115
2685	-0.045
3361	0.201
3706	0.054
4376	0.541
1882	-0.038
1981	0.458
2830	-0.320
3463	-0.057
3931	0.855
717	-0.315
1860	0.156
2616	2.814
3387	0.005
3811	-0.217
4361	-0.128
1350	-0.347
1863	-0.178
3635	-0.381
3822	-0.647
4372	-0.261
1633	-0.135
2002	-0.263
2699	1.252
3643	-0.347
3935	-0.174
59	-0.014
1913	-0.021
2184	-0.271
2831	-0.263
3652	-0.416
4052	-0.218
2011	-0.217
3117	-0.175
3708	-0.278
3869	-0.124
4133	-0.258
523	-0.563
2065	-0.236
3119	-0.118
3744	-0.281
3938	-0.475
4388	-0.096
888	-0.038
2234	-0.133
3237	-0.284
3767	-0.137
3940	-0.051
32	-1.245
945	-0.738
2312	-0.365
3359	-0.551
3769	0.353
3958	-0.719
1098	-0.118
2498	-0.479
849	-0.234
1993	-0.143
2907	-0.033
3804	-0.061
4390	0.057
509	-0.250
1064	0.856
2232	-0.034
2955	-0.140
3857	-0.104
46	-0.105
518	-0.113
1209	-0.018
2261	-0.127
3177	-0.340
3929	-0.138
129	-0.261
615	-0.201
1212	-0.127
2264	-0.199
3973	-0.249
323	-0.322
193	-0.241
239	-0.159
282	-0.264
309	-0.320
359	-0.440
389	0.026
209	0.079
246	-0.134
284	-0.108
315	-0.163
362	-0.335
392	-0.324
213	-0.144
249	-0.155
287	-0.496
319	-0.226
368	-0.344
394	-0.172
220	0.184
291	-0.380
321	-0.160
371	-0.590
402	-0.344
1228	-0.144
1279	-0.206
1337	-0.098
1365	-0.150
1398	-0.132
1431	-0.012
1234	0.216
1282	-0.560
1341	-0.305
1367	-0.201
1400	-0.024
1434	-0.018
1240	-0.125
1289	-0.182
1344	-0.171
1371	-0.243
1402	-0.329
1437	-0.075
1251	0.193
1299	0.057
1347	-0.140
1405	0.148
1445	-0.008
2032	-0.280
2080	0.086
2152	-0.167
2210	-0.128
2251	-0.124
2083	-0.222
2120	-0.220
2162	-0.226
2223	-0.246
2257	-0.305
2085	-0.343
2122	-0.241
2171	-0.289
2226	-0.246
2267	-0.196
2051	-0.188
2097	0.337
2124	-0.288
2174	-0.250
2228	-0.324
2270	-0.335
3084	-0.304
3109	-0.136
3153	0.106
3199	0.066
3240	-0.146
3289	0.077
3086	-0.200
3112	-0.169
3155	-0.255
3203	0.220
3244	0.018
3323	-0.266
3088	-0.155
3114	-0.353
3157	-0.223
3207	-0.282
3246	-0.187
3325	-0.350
3095	-0.318
3121	-0.272
3170	-0.622
3211	-0.323
3252	-0.105
3330	-0.190
4338	-0.006
4357	-0.085
4391	-0.151
4404	-0.076
4309	-0.254
4332	-0.159
4343	-0.284
4378	-0.285
4310	-0.282
4333	-0.234
4347	-0.123
2088	-0.131
4352	-0.218
701	-0.170
4277	-0.202
3482	-0.193
3378	-0.243
2739	-0.309
4029	0.131
3036	0.203
2732	-0.292
3675	-0.205
2873	-0.205
2700	-0.176
259	-0.227
569	-0.130
1305	-0.324
1894	-0.182
2860	-0.122
4191	-0.165
265	-0.134
656	-0.268
1307	-0.103
2082	0.019
4299	-0.129
275	-0.050
738	-0.113
1331	-0.045
2192	0.093
3045	-0.377
4327	0.139
299	-0.127
740	0.010
1351	-0.177
2313	-0.509
3444	-0.117
811	0.131
887	-0.085
1243	-0.736
1483	-0.148
1898	-0.118
2169	-0.420
830	-0.273
914	-0.432
1245	-0.846
1485	-0.031
1901	-0.022
832	-0.171
1051	0.891
1247	-0.209
1616	-0.031
1907	0.013
2306	0.146
855	0.144
1102	1.339
1252	1.046
1634	-0.133
2093	-1.144
2309	-0.136
37	-0.450
137	-0.242
464	-0.131
924	-0.173
1077	0.420
1430	0.027
141	-0.114
479	-0.021
990	-0.177
1079	-0.045
1482	1.045
51	0.010
192	0.088
530	-0.038
1048	-0.612
1081	-0.010
1530	0.084
83	-0.136
230	-0.350
534	-0.257
1054	-0.487
1083	-0.181
1532	0.038
3426	-0.328
3891	-0.304
4070	-0.019
4379	-0.035
650	-0.036
1235	-0.126
3583	0.085
3893	-0.208
4072	0.175
103	-0.065
706	0.157
1274	0.072
3605	-0.161
3895	-0.110
4074	-0.090
183	0.119
714	-0.040
1335	0.203
3731	-0.514
3919	0.188
4076	-0.208
214	-0.179
799	0.277
1349	-0.096
4171	0.458
4389	-0.119
242	0.077
1190	-0.261
1814	0.097
2468	0.043
4174	0.266
2	-0.114
1261	0.239
2019	0.419
2478	0.000
4200	0.059
4	-0.110
386	0.024
1263	-0.030
2021	0.494
2553	-0.067
4203	-0.146
71	0.314
390	-0.038
2023	0.235
2599	0.479
2976	0.169
3355	0.249
3821	-0.015
133	0.113
628	0.285
3131	-0.216
3403	-0.113
3926	0.200
4101	0.032
142	-0.063
638	0.142
3134	-0.047
3438	0.038
3945	0.052
4136	0.021
369	0.009
774	-0.140
3136	-0.174
3517	0.078
4015	0.000
4214	-0.026
415	0.000
776	-0.590
3812	-0.016
4266	0.051
950	-0.006
2826	0.100
55	0.103
3848	0.330
4269	0.232
989	-0.044
3183	-0.107
57	-0.141
147	0.213
3878	0.283
4297	0.192
1492	0.589
4224	-0.192
65	-0.207
157	-0.220
3881	-0.180
4306	-0.432
1597	-0.346
81	0.137
1025	0.233
1055	-0.245
1107	0.065
1137	0.212
1156	0.115
1181	0.368
1028	0.275
1057	0.111
1110	0.027
1141	0.188
1060	0.458
1112	0.545
1143	0.185
1164	0.437
1192	0.070
1035	-0.085
1065	0.056
1115	-0.187
1146	0.143
1166	0.286
1194	0.009
1821	0.130
1846	0.120
1877	-0.024
1931	-0.011
1965	0.113
1994	0.232
1848	1.493
1895	0.129
1933	0.052
1967	0.687
1996	-0.232
1826	-0.024
1856	1.498
1902	-0.323
1935	-0.179
1969	-0.024
1998	-0.098
1832	0.120
1858	0.442
1904	-0.121
1952	-0.102
1972	0.057
2001	-0.169
2834	0.587
2930	0.118
2963	0.202
3009	0.185
3039	0.055
2848	-0.017
2877	0.127
2936	-0.342
2971	0.108
3013	0.216
3042	-0.388
2850	0.023
2883	-0.109
2940	-0.160
2981	-0.132
3015	-0.305
3054	-0.099
2853	-0.072
2896	-0.180
2944	-0.193
2984	-0.058
3021	-0.320
3058	0.314
3999	0.047
4048	0.027
4103	0.095
4158	0.052
4190	-0.050
4217	-0.071
4050	-0.037
4108	-0.296
4162	-0.147
4193	-0.206
4012	-0.181
4056	0.024
4167	-0.046
4196	-0.015
4223	-0.105
4023	-0.117
4060	-0.279
4126	0.149
4176	-0.002
4199	-0.103
4247	-0.253
2722	-0.440
2925	-0.365
3946	-0.323
3461	-0.045
4246	-0.411
521	-0.297
2013	-0.188
3595	-0.197
3598	-0.380
2774	-0.342
271	-0.228
1207	-0.226
3696	-0.321
2500	-0.075
2549	-0.376
3885	-0.063
1522	-0.271
2687	-0.124
766	0.064
3990	-0.067
226	0.128
2690	-0.259
1200	-0.310
3526	-0.267
3905	-0.389
4324	-0.339
1739	0.972
3405	-0.090
208	-0.257
3565	-0.116
3949	-0.340
399	-0.360
2566	-0.246
3724	-0.318
3571	-0.444
3953	-0.314
439	0.095
2571	-0.386
3806	-0.273
290	-0.343
3588	-0.429
4090	-0.330
694	-0.357
2573	-0.046
3934	-0.469
300	-0.412
1946	-0.499
2218	-0.524
2893	-0.081
3265	-0.511
3794	-0.471
1948	-0.387
2328	-0.316
3046	-0.203
3428	0.038
3967	-0.453
1950	-0.203
2335	-0.344
3049	-0.532
3430	0.305
3626	-0.466
4169	-0.371
2010	-0.351
2351	-0.407
3144	-0.284
3432	-0.180
3628	-0.166
4312	-0.180
3725	-0.500
3917	-0.866
4120	-0.602
66	-0.370
513	-0.478
899	-0.340
3727	-0.564
3947	-0.575
4132	-0.718
70	-0.344
574	-0.384
949	-0.225
3747	-0.405
3981	-0.530
4208	-0.312
127	-0.133
577	-0.339
1242	-0.208
3749	-0.589
4032	-0.606
4242	-0.596
173	-0.205
655	0.123
1311	-0.406
939	-0.351
116	-0.535
720	-0.457
896	-0.274
998	-0.510
1416	-0.564
2069	-0.481
722	-1.971
903	0.316
1109	-0.057
1418	-0.659
2336	-0.504
288	-0.748
973	-0.515
1221	0.385
1466	-0.534
3215	-0.840
356	-0.397
727	-0.598
975	-0.426
1224	-0.406
1468	-0.390
2078	-0.227
3162	-0.273
4344	-0.475
405	-0.240
884	-0.584
1480	0.452
2159	0.382
4346	-0.386
437	0.112
893	0.272
1637	-0.035
2370	-0.279
3406	-0.228
23	-0.497
441	-0.121
922	-0.227
1714	-0.067
2576	-0.073
3649	-0.581
525	0.210
932	-0.084
1716	-0.180
4244	-2.146
1092	0.230
2316	-0.078
3918	-0.351
223	-0.114
2507	-0.393
1094	-0.114
2341	-0.255
4041	-0.165
262	-0.250
2518	-0.810
4382	1.285
1187	-0.376
2585	0.061
4069	-0.726
286	-0.312
2827	-0.493
4384	1.033
1278	-0.092
2836	-0.142
4249	-0.216
333	-0.361
626	-0.242
877	-0.463
1199	-0.169
1385	-0.449
1539	-0.176
2047	-0.214
658	-0.230
925	-0.052
1266	0.077
1680	1.056
2054	-0.391
801	0.066
956	-0.361
1287	-0.659
1408	-0.408
1695	-0.376
2064	-0.190
815	-0.268
1006	-0.340
1298	-0.136
1435	-0.354
1774	-0.219
2100	-0.194
407	-0.317
457	-0.223
510	-0.334
551	-0.558
601	-0.313
644	-0.142
412	-0.269
459	-0.473
515	-0.352
555	-0.280
607	-0.145
647	-0.383
418	-0.350
466	-0.281
524	-0.459
557	-1.004
613	-0.478
659	-0.061
424	-0.205
481	-0.238
528	-0.372
621	-0.009
662	-0.077
1446	-0.268
1519	-0.121
1547	-0.445
1568	-0.266
1599	-0.228
1491	-0.510
1572	-0.263
1601	-0.162
1456	-0.264
1495	-0.128
1527	-0.383
1552	-0.706
1576	-0.531
1606	-0.162
1458	-0.302
1500	-0.505
1533	-0.056
1554	-0.058
1578	-0.410
1614	0.633
2272	-0.260
2337	-0.297
2371	-0.208
2419	-0.230
2450	-0.165
2494	0.109
2274	-0.293
2343	-0.302
2375	-0.361
2456	-0.257
2504	-0.154
2286	-1.333
2377	-0.369
2432	-0.290
2459	-0.229
2513	0.117
2295	-0.023
2353	-0.251
2381	-0.111
2434	-0.426
2461	-0.260
2520	-0.091
3372	-0.427
3410	-0.451
3465	-0.454
3497	-0.371
3535	-0.209
3333	-0.547
3376	-0.406
3413	-0.374
3470	-0.493
3504	-0.200
3538	-0.335
3343	-0.102
3419	-0.286
3472	0.127
3509	0.788
3550	0.090
3345	-0.022
3382	-0.329
3421	-0.389
3481	-0.237
3511	0.022
3555	0.941
713	-0.236
2271	-0.272
10	-0.164
602	-0.349
2441	-0.037
1508	-0.297
3396	-0.260
3623	-0.157
314	-0.364
403	-0.266
2728	-0.385
2789	-0.040
2492	-0.353
2547	-0.298
2482	-0.305
663	-0.331
2661	-0.346
2430	-0.425
804	-0.415
18	-0.305
538	-0.491
1201	-0.564
1799	-0.303
2326	-0.369
2847	-0.431
3440	-0.124
571	-0.503
1314	-0.418
1914	-0.292
2382	-0.345
2855	-0.571
619	-0.506
1339	-0.316
1988	-0.592
2412	-0.207
2929	-0.364
3515	-0.100
705	-0.508
1422	-0.373
2537	-0.665
3520	-0.431
198	-0.598
357	-0.415
2291	-0.467
4020	-0.448
152	-0.090
576	-0.349
633	-0.557
503	-0.419
2338	-0.462
4159	-0.429
199	-0.291
585	1.367
780	-0.351
2506	-0.609
4234	-0.006
336	-2.100
588	-0.383
1615	-0.666
1220	-0.564
2605	-0.839
4364	-0.736
343	-0.433
1460	-0.522
2077	-0.515
2975	-0.534
3486	-0.450
3876	-0.355
1496	-0.465
2128	-0.443
3195	-0.605
3523	-0.439
4046	-0.610
1514	-0.637
2131	-0.662
2681	-0.569
3227	-0.580
3579	-0.887
4087	-0.765
1543	-0.410
2142	-0.652
2775	-0.787
3269	-0.558
3654	-0.168
4115	-0.808
2195	-0.604
2276	-0.904
2914	0.158
2197	-0.438
2278	-0.580
2483	-0.319
2724	-0.380
2926	0.257
1723	-0.050
2199	-0.648
2280	-0.642
2487	-0.696
2726	-0.750
2990	-0.666
1773	-0.474
2201	-0.456
2282	-0.719
2489	-0.337
2992	-0.338
2114	-0.346
2743	-0.347
3166	-0.602
3298	-0.548
3315	-0.749
3498	0.447
2190	-0.267
2785	-0.362
3168	-0.077
3301	-0.736
3317	-0.838
3559	-0.178
2890	-0.305
3185	-0.566
3303	-0.972
3319	-0.853
3590	-0.418
2400	-0.030
2908	-0.341
3305	-1.157
3321	-0.822
3636	-0.151
480	-0.166
1020	-0.239
2038	-0.315
2383	-0.222
2539	-0.126
507	-0.415
711	-0.099
1479	-1.073
2040	-0.886
2407	-0.356
2554	-0.257
512	-0.376
718	-0.551
1584	0.012
2042	-0.785
2463	-0.240
2662	-0.157
1603	-0.389
2049	-0.693
2479	0.379
2676	0.309
2254	-0.346
2429	-0.380
2711	-0.369
2887	-0.249
3038	-0.388
3260	-0.571
2263	-0.382
2511	-0.048
2738	-0.570
2899	0.230
3052	-0.450
3279	-0.101
2290	-0.999
2517	-0.506
2919	-0.263
3078	-0.446
3374	-0.368
2298	-0.308
2534	-0.339
2867	-0.420
2931	-0.434
3102	0.028
3380	-0.217
691	-0.280
816	-0.466
858	-0.273
923	0.045
966	-0.180
787	-0.362
927	-0.236
968	-0.118
703	-0.514
821	-0.082
881	0.522
936	-0.156
707	-0.127
833	-0.191
901	-0.335
946	-0.289
987	-0.106
1636	-0.099
1664	-0.282
1685	-0.402
1724	0.079
1752	-0.439
1784	0.696
1640	-0.175
1668	-0.366
1687	-0.737
1726	-0.384
1754	-0.362
1786	-0.523
1642	-0.170
1670	-0.389
1689	-0.396
1728	-0.242
1760	-0.303
1644	-0.584
1672	-0.445
1696	-0.341
1731	-0.333
1765	-0.128
1790	-0.347
2608	-0.635
2635	-0.114
2655	-0.268
2758	-0.413
2561	-0.605
2612	-0.104
2637	-0.385
2658	-0.258
2760	-0.247
2575	-0.207
2615	0.095
2640	-0.325
2660	0.029
2766	-0.559
2581	-0.097
2619	-0.345
2642	-0.337
2666	-0.189
2772	-0.192
3587	-0.243
3659	-0.360
3712	-0.447
3814	-0.308
3839	-0.345
3887	-0.248
3594	-0.243
3664	-0.438
3716	-0.483
3817	-0.325
3890	-0.312
3596	-0.423
3672	-0.363
3720	-0.609
3819	-0.559
3850	-0.301
3898	-0.281
3676	-0.350
3746	-0.361
3823	-0.314
3910	-0.195
105	-0.322
379	-0.362
876	0.002
1787	-0.114
2099	-0.423
2071	-0.172
2949	-0.451
2440	-0.021
124	0.068
2533	-0.380
3521	-0.390
3178	0.007
1084	-0.330
3076	-0.189
1653	-0.271
29	-0.397
1732	0.366
1808	-0.142
3586	-0.168
2144	-0.310
3433	0.026
4061	-0.067
3607	-0.154
295	-0.205
3564	-0.240
3906	-0.488
3650	-0.155
254	-0.273
3569	-0.303
3950	-0.424
400	-0.239
2570	-0.162
3779	-0.210
278	-0.182
3580	-0.373
4037	-0.708
683	0.148
2572	0.076
3911	-0.011
294	-0.193
3600	-0.065
4118	-0.113
695	-0.077
3961	-0.456
305	-0.516
2253	-0.553
3043	-0.383
3842	-0.256
1949	-0.409
2333	-0.261
3047	-0.380
3429	0.177
3625	-0.038
3972	-0.140
1951	-0.145
2339	-0.367
3142	-0.215
3431	-0.038
3627	-0.036
4233	-0.050
2035	-0.067
2435	-0.033
3145	-0.894
3506	-0.427
3629	-0.358
4313	-0.652
3726	-0.578
3927	-0.621
4123	-0.353
67	-0.534
572	-0.335
934	-0.224
3728	-0.218
3966	-0.262
4138	-0.458
122	-0.124
575	-0.232
970	0.058
4031	-0.218
4240	-0.405
155	-0.193
591	-0.089
1296	0.052
3750	-0.136
4033	-0.819
4287	-0.503
263	-0.630
660	-0.013
1312	-0.369
944	-0.826
118	-1.143
721	-1.599
902	-0.557
1017	0.268
1417	-0.098
2110	-0.549
211	-0.329
723	-1.530
972	-0.344
1136	-0.319
1465	-0.152
3143	-0.357
328	-0.350
726	-0.432
974	-0.317
1222	-0.095
1467	-0.033
8	-0.036
428	-0.725
728	-0.570
976	-0.565
1225	-0.195
1469	-0.576
2079	-0.069
3164	-0.635
4345	-0.571
406	-0.304
885	-0.220
1538	0.225
2369	-0.310
3295	-0.209
438	0.064
911	-0.392
1713	0.026
2509	0.026
26	-0.032
460	-0.233
930	-0.069
2597	0.644
3651	-0.153
161	-0.402
526	-0.280
953	-0.051
1717	-0.214
4245	-2.137
1093	-0.016
2323	0.555
4017	-0.215
260	-0.020
2508	-0.421
4381	1.584
1095	0.108
2563	0.077
4042	-0.054
268	-0.079
4383	0.820
1249	-0.100
2828	0.059
331	-0.579
3640	-0.229
175	-0.387
1288	0.022
2844	-0.312
120	-0.331
339	-0.008
646	-0.271
915	-0.129
1393	-0.044
1542	-0.170
2053	-0.054
800	0.420
955	0.053
1271	0.051
1406	-0.086
1692	-0.070
2055	-0.039
982	-0.306
1297	0.370
1411	-0.187
1746	-0.408
2070	-0.230
823	-0.081
1011	-0.114
1301	0.102
1444	-0.166
1776	-0.009
2104	0.026
410	-0.387
458	-0.319
514	-0.138
554	-0.144
645	-0.074
413	0.006
461	-0.220
519	-0.152
556	-0.247
609	-0.127
649	-0.075
423	-0.146
471	-0.106
527	-0.317
614	-0.173
661	-0.198
425	-0.155
483	-0.478
540	-0.316
562	-0.219
622	-0.075
1447	-0.267
1490	-0.303
1549	-0.187
1571	-0.128
1600	-0.138
1455	-0.188
1494	0.097
1523	-0.298
1551	-0.141
1573	-0.073
1604	0.098
1457	-0.093
1499	-0.131
1529	-0.200
1553	-0.165
1577	-0.176
1607	-0.291
1459	-0.232
1503	-0.244
1534	-0.492
1555	-0.173
1582	-0.221
1624	0.127
2273	-0.257
2340	-0.402
2374	-0.191
2451	-0.097
2503	0.017
2275	-0.281
2345	-0.208
2376	-0.196
2431	-0.011
2510	-0.153
2294	0.017
2352	-0.614
2378	-0.626
2433	-0.247
2460	-0.172
2515	0.045
2300	0.061
2354	-0.247
2384	-0.263
2437	-0.206
2462	-0.069
2524	-0.389
3332	-0.051
3373	-0.183
3411	-0.225
3466	-0.148
3499	-0.318
3537	-0.151
3337	-0.081
3377	-0.192
3414	-0.072
3507	-0.290
3546	-0.339
3344	-0.346
3381	-0.209
3420	-0.288
3474	-0.278
3510	0.651
3554	-0.042
3346	-0.201
3383	-0.277
3427	-0.180
3512	0.117
3557	-0.372
3770	0.164
4394	-0.321
4273	-0.213
247	-0.273
3715	-0.204
28	-0.352
1423	-0.267
2060	-0.336
3772	-0.306
375	-0.322
3479	-0.268
570	-0.240
1284	-0.016
1827	-0.163
2380	-0.184
2852	-0.030
3467	0.124
603	-0.183
1328	0.040
1987	-0.113
2409	0.014
2921	-0.110
3487	-0.061
620	0.058
1384	-0.064
2015	0.048
2428	0.007
3025	0.061
3516	0.510
768	0.218
1439	-0.179
2061	0.023
2556	-0.069
3060	-0.125
489	0.057
2327	-0.077
4109	-0.017
153	-0.096
584	2.793
786	0.361
643	0.679
2438	-0.070
4182	-0.087
587	0.089
878	0.021
2555	0.079
4360	0.201
341	0.052
589	0.273
1708	0.258
1258	0.642
2879	-0.221
7	-0.146
401	0.032
592	0.852
1487	0.280
2098	-0.234
3089	-0.235
3508	-0.165
3877	-0.568
1513	0.022
2129	-0.517
3201	0.306
3539	-0.004
4086	0.072
1515	0.076
2138	-0.088
2771	-0.054
3268	-0.087
4088	0.043
1592	0.257
2832	-0.211
3270	-0.377
3657	-0.036
4130	-0.016
2196	-0.223
2277	-0.109
2723	-0.163
2198	-0.141
2279	-0.329
2486	0.041
2725	0.027
2935	-0.014
1758	0.180
2200	-0.150
2281	0.061
2488	0.057
2727	-0.160
2991	0.094
1779	-0.037
2202	-0.342
2283	-0.706
2729	-0.145
2993	-0.144
2185	-0.054
2753	-0.547
3167	-0.583
3299	-0.161
3316	-0.556
3536	0.204
2209	0.212
2821	-0.192
3181	0.005
3302	0.024
3318	-0.362
3560	0.259
2385	0.150
2891	0.058
3186	-0.054
3304	-0.052
3320	-0.588
3591	-0.083
2490	0.016
3020	-0.461
3231	-0.255
3306	-0.627
3335	-0.007
3637	-0.456
482	0.041
693	-0.151
1302	-0.082
2039	0.093
2405	-0.165
2540	-0.028
508	0.144
712	0.296
1493	0.853
2041	-0.223
2413	0.006
517	0.236
756	0.487
1602	-0.092
2048	-0.038
2464	0.897
2675	0.488
564	0.266
767	0.264
1619	0.024
2066	-0.366
2484	0.049
2750	-0.287
2255	-0.283
2495	-0.114
2736	-0.203
2889	-0.021
3050	-0.245
3262	0.102
2269	-0.006
2512	0.111
2740	0.028
2912	-0.046
3073	0.947
2293	0.290
2532	-0.016
2776	0.190
2920	-0.033
3081	-0.305
3379	-0.048
2304	-0.167
2541	-0.082
2868	0.029
2972	0.055
3125	-0.187
3398	-0.039
699	0.036
773	0.012
817	-0.082
866	0.321
967	-0.174
702	-0.262
935	0.245
704	0.233
791	-0.205
822	0.024
897	0.574
937	-0.130
985	-0.236
710	0.121
793	-0.049
834	0.093
905	0.113
947	0.255
991	0.028
1639	-0.170
1667	-0.037
1686	-0.525
1725	0.217
1753	-0.006
1785	0.112
1641	0.057
1669	-0.125
1688	-0.060
1727	-0.173
1755	0.078
1643	-0.060
1671	-0.167
1694	-0.246
1730	-0.035
1762	-0.443
1789	-0.245
1645	-0.161
1673	-0.039
1699	-0.225
1733	-0.172
1768	-0.092
1791	-0.162
2560	0.044
2611	-0.066
2636	0.089
2656	0.064
2759	-0.004
2562	-0.151
2613	0.017
2638	-0.077
2659	0.037
2761	-0.357
2578	0.161
2618	-0.131
2665	0.933
2767	0.027
2583	0.047
2620	0.588
2643	0.068
2667	-0.269
2773	0.017
3593	-0.267
3663	0.000
3713	0.208
3815	-0.085
3840	-0.099
3889	-0.314
3717	0.060
3818	0.061
3843	-0.133
3896	0.003
3745	-0.258
3820	-0.182
3856	-0.108
3901	0.046
3606	-0.206
3677	-0.210
3755	0.041
3824	-0.018
3859	0.176
3913	0.004
1357	-0.187
2106	-0.205
97	-0.326
64	-0.260
89	-0.231
1099	-0.208
1804	-0.353
2182	-0.290
2797	-0.418
270	0.039
61	0.012
396	-0.244
1620	-0.064
2172	-0.320
2716	-0.238
2980	-0.628
63	-0.161
1734	-0.118
2388	-0.097
2788	-0.002
3075	-0.044
732	-0.131
1772	-0.112
2799	-0.056
3077	-0.042
758	0.055
2045	-0.034
2453	-0.068
2802	-0.133
3092	-0.322
3445	-0.338
92	-0.633
241	-0.451
635	-0.329
983	-0.246
3558	-0.156
106	-0.295
363	-0.170
741	-0.220
1038	0.085
4271	-0.191
404	-0.287
814	0.014
1040	-0.007
1892	-0.193
4284	-0.332
453	0.102
869	-0.102
1042	-0.083
1923	-0.055
2310	-0.602
2610	-0.290
2968	-0.280
3334	-0.235
3457	-0.648
3566	-0.182
2387	-0.319
2677	-0.289
2987	-0.113
3350	0.002
3460	0.247
3568	-0.224
2406	-0.026
2702	0.090
3006	0.741
3408	-0.169
3477	-0.312
3603	0.066
2416	-0.184
2704	-0.196
3116	-0.506
3415	-0.254
3653	-0.045
1557	-0.210
1883	-0.238
2835	-0.231
3464	-0.491
1569	-0.187
1885	0.015
3017	-0.248
3501	-0.213
3989	-0.048
1575	-0.224
1887	-0.108
3057	-0.104
3503	-0.229
1656	-1.017
1889	-0.003
3150	0.179
3514	0.133
4142	0.664
1360	-0.153
2212	-0.262
2894	-0.132
3699	-0.099
4058	1.335
361	0.038
1652	0.059
2231	-0.017
2961	-0.066
4170	-0.043
398	0.000
1712	-0.006
2411	-0.375
3030	-0.046
3704	-0.308
4201	-0.092
422	0.154
2565	0.175
3261	-0.464
3741	-0.001
4348	-0.085
797	0.017
2600	-0.345
3389	-0.324
3959	0.012
99	0.063
1131	0.170
4013	-0.041
125	0.249
1232	-0.030
4024	0.095
337	-1.319
1281	-0.387
2913	0.265
3670	0.005
3828	0.104
4054	0.402
474	-0.247
1658	0.094
777	-0.367
1270	-0.047
3368	-0.127
3974	-0.187
781	-0.010
1635	0.099
2311	0.019
3447	0.317
3991	0.252
350	0.253
783	0.383
3551	0.113
3993	0.392
420	0.211
785	0.484
1812	-0.032
2564	0.168
3781	0.279
3997	0.117
485	0.175
164	-0.205
224	-0.368
253	-0.216
292	-0.155
322	-0.302
373	-0.193
174	-0.569
227	-0.024
258	-0.153
327	-0.121
376	0.111
177	0.197
231	0.736
267	-0.082
301	0.033
189	0.167
233	0.182
277	-0.004
303	0.024
335	-0.102
382	-0.025
1253	0.019
1310	-0.063
1352	0.059
1381	0.053
1203	0.202
1255	-0.087
1317	-0.033
1355	0.135
1383	0.010
1414	0.125
1206	-0.222
1259	0.454
1322	0.242
1388	-0.054
1420	0.073
1213	0.059
1268	-0.127
1330	0.087
1359	-0.093
1390	-0.133
1425	0.113
2003	-0.120
2052	-0.126
2125	-0.421
2176	-0.580
2229	-0.083
2006	-0.108
2102	0.035
2127	0.155
2178	0.020
2012	-0.048
2105	-0.034
2135	-0.155
2183	0.024
2238	-0.067
2017	-0.017
2073	0.043
2107	-0.356
2139	-0.011
2187	0.027
2245	-0.168
3059	-0.216
3096	-0.161
3122	0.007
3180	-0.209
3216	-0.306
3254	0.251
3068	0.041
3098	0.272
3126	0.039
3190	-0.190
3219	0.202
3263	0.030
3071	0.228
3100	0.073
3146	-0.223
3192	0.301
3221	0.108
3280	-0.156
3080	-0.024
3106	0.063
3149	-0.130
3194	-0.052
3233	0.056
3284	0.157
4248	0.154
4261	-0.138
4278	-0.087
4301	-0.190
4326	-0.171
4250	-0.133
4262	0.009
4279	-0.067
4367	1.837
4307	-0.223
4331	-0.076
4342	-0.066
4377	-0.086
4403	-0.300
4256	-0.080
4276	0.006
4295	0.032
3964	-0.289
3943	-0.233
4340	-0.073
372	-0.073
988	-0.239
2349	-0.402
3791	-0.019
4366	0.047
537	0.036
1139	-0.145
1370	-0.129
3912	-0.079
21	0.136
541	-0.041
1145	0.093
1374	0.036
2614	0.153
3954	-0.063
252	-0.020
553	-0.572
1158	-0.218
1548	-0.391
2624	-0.140
698	-0.142
856	-0.055
1123	-0.145
1290	-0.255
1709	0.004
2094	-1.260
751	-0.125
860	-0.870
1125	-0.267
1292	0.333
1711	-0.197
2116	-0.056
763	-0.530
862	-0.115
1186	-0.551
1294	-0.311
1737	-0.123
2148	-0.157
765	-0.168
864	-0.030
1217	-0.259
1329	-0.571
1817	-0.423
2150	-0.407
4337	-0.374
84	-0.298
304	-0.198
578	-0.450
1068	-0.251
1174	-0.576
93	0.031
312	-0.362
606	0.061
1070	-0.060
1176	-0.743
15	-0.281
95	-0.112
377	0.007
812	1.730
1072	-0.030
1283	0.567
111	-0.262
433	-0.345
867	-0.222
1074	-0.284
1379	-0.056
3147	-0.540
3732	-0.842
3924	-0.154
215	-0.421
892	0.613
3365	0.028
3734	-0.757
3951	-0.096
354	0.061
962	-0.016
3367	-0.261
3736	-0.896
3956	-0.145
4151	-0.064
467	0.078
3423	-0.002
3738	-0.616
4004	-0.279
4153	-0.073
472	-0.022
1183	1.051
3965	-0.367
4207	-0.304
72	0.522
674	0.354
1275	-0.487
2024	0.318
3983	-0.131
4235	0.043
74	0.699
828	-0.405
1605	-0.146
2026	0.558
3985	-0.528
4260	0.285
76	-0.031
908	0.409
1704	0.000
2329	0.063
4021	-0.028
4373	-0.251
78	0.067
1004	0.677
1761	-0.972
2366	0.050
2842	-0.067
3137	-0.083
3617	0.279
4016	-0.068
4226	-0.260
421	0.123
2904	0.030
3139	0.025
3730	0.358
4237	0.053
529	0.205
2927	0.220
3141	-0.005
3787	0.219
4094	0.275
48	-0.140
586	1.263
2938	0.334
3212	-0.121
3789	-0.116
4096	0.070
68	-0.249
594	1.102
3589	0.270
3882	-0.104
1823	-0.104
6	0.224
3647	-0.311
4358	0.121
2252	-0.289
13	0.063
101	0.081
3962	-0.352
4374	0.316
2744	-0.005
3718	-0.267
4081	-0.094
108	0.031
2783	0.150
30	-0.082
119	0.218
1012	0.007
1036	-0.020
1067	-0.035
1116	0.295
1147	0.053
1167	0.274
1016	0.512
1044	0.047
1086	-0.168
1120	-0.015
1149	0.154
1170	0.080
1019	-0.191
1046	0.282
1088	0.164
1122	-0.121
1151	0.033
1172	-0.020
1022	-0.108
1050	0.531
1103	0.329
1132	-0.235
1153	0.091
1177	0.168
1806	0.057
1833	0.069
1859	-0.034
1906	-0.163
1953	0.179
1973	4.192
1809	0.099
1836	-0.017
1864	0.308
1915	-0.224
1956	0.160
1976	0.009
1811	-0.129
1838	0.065
1868	0.098
1918	0.039
1958	0.233
1979	0.067
1815	-0.011
1841	0.004
1870	0.022
1928	0.029
1962	0.047
1983	0.063
2795	0.015
2854	0.017
2897	0.063
2946	0.024
2985	0.075
3022	0.044
2807	0.040
2857	0.042
2900	0.060
2989	0.048
3024	0.048
2810	0.080
2859	0.036
2909	0.020
2953	0.045
2999	0.081
3029	-0.024
2812	0.036
2863	0.017
2915	0.079
2959	0.057
3002	0.039
3034	0.050
4026	0.122
4127	0.427
4178	-0.072
4204	-0.153
3948	-0.172
4028	0.121
4065	-0.047
4135	0.462
4180	0.063
4206	0.314
3963	0.080
4067	-0.129
4144	-0.161
4183	-0.071
4210	0.044
4044	0.300
4146	0.186
4185	0.024
4212	0.182
4085	-0.319
912	-0.284
1257	-0.038
1148	-0.279
1834	-0.203
1014	-0.158
135	-0.312
1622	-0.198
2297	0.013
2787	-0.140
3032	-0.010
1735	-0.105
146	0.215
757	0.059
1927	0.340
2452	-0.116
2800	-0.106
3091	-0.185
759	0.166
2087	-0.163
2454	-0.017
2803	-0.063
3094	-0.027
3505	-0.158
96	-0.391
261	-0.343
641	-0.018
1037	0.182
1677	-0.330
4172	0.092
107	-0.324
381	-0.182
795	-0.021
1039	-0.055
1891	-0.302
435	0.570
839	0.109
1041	-0.018
1922	-0.124
4285	0.066
150	0.092
463	0.075
874	-0.034
1185	0.232
1924	0.247
2344	-0.161
2663	-0.305
2970	-0.017
3336	-0.556
3458	-0.332
3567	-0.359
2393	-0.618
2678	-0.601
3005	1.106
3391	-0.223
3476	0.043
3599	0.057
2415	-0.281
2703	-0.082
3093	-0.247
3409	-0.035
3478	-0.035
3609	0.280
2417	0.362
2715	0.103
3161	0.026
3435	-0.054
3480	0.075
3666	0.236
1884	-0.098
2840	0.039
3495	0.740
3942	0.377
1570	-0.298
1886	-0.066
3502	-0.188
4082	0.087
1646	0.687
1888	-0.152
3072	-0.095
3513	-0.045
4137	0.247
1890	0.062
3547	0.101
4143	0.516
1610	0.266
2213	0.066
2916	-0.056
3700	0.029
4059	0.326
3019	-0.207
3702	0.059
4187	0.249
416	0.199
1763	-0.028
2496	-0.329
3066	-0.336
3740	-0.110
4259	0.122
779	0.681
2567	0.034
3283	0.129
3742	-0.342
4349	-0.003
1159	0.205
2601	-0.008
3390	-0.263
3771	0.092
3960	-0.095
104	-0.017
2818	-0.884
3572	0.392
3773	0.034
4019	0.273
238	-0.298
1238	-0.078
2839	-0.200
3616	0.105
3809	0.093
4053	0.048
469	0.222
1623	0.335
2957	0.287
3671	0.009
3829	-0.502
4117	-0.002
477	0.062
1849	-0.177
778	-0.178
1277	-0.145
2303	0.202
3412	-0.074
782	0.421
1638	-0.182
2315	-0.036
3500	0.181
3992	0.216
374	0.183
2436	0.140
3610	0.489
3994	0.658
434	0.213
826	0.221
1991	-0.148
2574	-0.223
3802	0.050
4039	-0.044
493	0.259
165	0.103
225	-0.040
255	-0.129
293	-0.121
326	0.170
176	-0.329
228	-0.039
266	0.006
298	-0.128
329	-0.004
378	0.185
187	-0.102
232	0.139
276	0.099
302	-0.050
334	0.019
380	-0.009
190	-0.185
234	0.046
279	-0.266
306	-0.012
347	-0.199
1196	0.001
1254	-0.039
1316	0.058
1354	0.208
1382	0.090
1410	0.216
1205	0.306
1319	0.101
1356	0.323
1419	0.233
1208	0.186
1267	0.288
1327	0.073
1358	0.329
1389	0.211
1214	0.235
1269	0.093
1332	0.188
1361	0.137
1391	0.364
1426	0.331
2057	0.258
2101	0.015
2126	0.077
2177	0.273
2230	0.074
2008	0.266
2130	0.129
2181	-0.230
2072	0.051
2136	0.431
2186	-0.056
2244	0.012
2027	-0.853
2075	-0.210
2109	0.130
2141	0.072
2191	0.021
2249	0.233
3063	0.138
3097	0.495
3124	-0.121
3184	-0.075
3217	0.005
3257	-0.013
3070	0.668
3099	0.382
3130	-0.212
3191	-0.118
3220	0.002
3267	0.386
3079	0.023
3101	0.025
3148	0.010
3193	0.225
3232	0.111
3282	0.170
3082	0.102
3107	0.103
3151	-0.030
3196	-0.030
3238	0.175
3285	0.097
4405	0.046
4251	0.122
4263	0.159
4281	-0.008
4395	0.041
4252	0.133
4272	0.115
4282	0.356
4397	0.145
4253	0.285
4274	0.138
4380	0.374
4311	0.200
4385	0.195
4257	0.353
3944	-0.231
3711	0.078
4365	-0.239
468	0.042
1026	0.087
1362	-0.300
2394	0.061
539	0.083
1140	-0.159
1372	0.024
22	-0.195
552	0.213
1157	-0.050
1404	-0.001
2622	0.536
3995	0.207
256	-0.100
560	0.220
1303	-0.034
1579	-0.153
2633	-0.120
709	-0.045
857	-0.270
1124	-0.287
1291	-0.031
1710	0.374
2115	-0.028
761	-0.090
861	-0.570
1126	-0.025
1293	-0.176
1736	-0.210
2117	0.099
764	-0.213
1216	-0.478
1323	-0.034
1738	0.088
2149	-0.171
809	-0.029
875	0.312
1218	0.090
1363	-0.229
1818	-0.176
2155	0.249
4356	-0.109
311	-0.015
605	0.833
1069	-0.104
1175	-0.221
94	-0.211
313	-0.102
719	-0.292
1071	-0.197
1197	-0.130
110	0.029
427	-0.245
851	-0.092
1073	-0.093
1324	0.250
35	-0.032
436	-0.268
1075	-0.097
1421	-0.014
3236	-0.422
3733	-0.684
3366	-0.190
3952	-0.359
4122	-0.189
440	0.021
3386	-0.061
3737	-0.897
4003	-0.175
4152	-0.028
470	0.313
1114	0.400
3424	-0.086
3739	-0.749
4025	0.279
4154	-0.255
611	-0.115
1184	1.746
3980	-0.060
4219	0.170
73	0.691
754	0.503
1386	-0.248
2025	0.556
3984	-0.062
4258	-0.016
75	-0.274
907	0.438
1693	0.154
2058	0.103
3986	-0.052
4328	-0.037
928	0.542
1748	0.354
2364	0.206
4129	0.286
4375	0.135
166	0.150
1767	0.041
2414	-0.536
2903	-0.220
3138	-0.078
3729	0.044
4018	0.034
4232	0.241
475	0.050
3140	-0.012
3786	-0.228
4093	0.175
9	0.068
583	0.700
2937	0.110
3176	0.178
3788	0.202
4095	0.234
52	0.125
593	1.404
2942	0.256
3213	-0.093
3800	0.030
4097	0.201
109	0.235
595	2.003
3592	0.302
4334	0.134
2009	1.310
4371	0.033
2522	0.069
17	0.046
102	0.437
4080	-0.068
53	0.254
2782	0.014
117	0.061
4186	-0.047
2823	-0.049
43	-0.077
1013	0.205
1043	0.029
1085	-0.113
1117	0.161
1169	0.266
1018	1.148
1045	-0.098
1087	-0.092
1121	0.218
1150	0.289
1171	-0.584
1021	0.033
1047	0.100
1100	0.136
1128	0.209
1152	0.136
1173	0.296
1023	0.062
1104	0.066
1133	0.016
1154	0.127
1178	1.646
1807	0.112
1862	0.069
1908	0.331
1955	0.460
1974	0.295
1810	-0.036
1837	0.040
1867	0.184
1917	0.320
1957	0.447
1978	-0.303
1813	0.078
1839	0.043
1869	0.106
1921	0.062
1959	0.022
1980	0.189
1816	0.036
1843	-0.119
1871	0.091
1929	-0.138
1963	0.220
1985	-0.335
2806	-0.233
2856	0.064
2898	0.205
2948	0.104
2986	0.082
3023	0.105
2809	-0.043
2858	-0.118
2906	0.255
2951	0.069
2998	0.184
3027	0.224
2811	-0.108
2862	0.011
2910	-0.066
2958	0.440
3000	0.075
3031	0.323
2824	-0.014
2866	-0.248
2923	0.065
2960	-0.026
3004	0.501
4027	0.073
4064	0.006
4128	0.106
4179	0.610
4205	0.171
3955	-0.513
4066	0.160
4140	0.151
4181	-0.063
4209	0.144
4038	0.016
4068	-0.426
4145	-0.117
4184	-0.050
4211	0.223
3996	0.049
4045	0.188
4083	-0.059
4155	0.225
4188	0.077
4215	0.159
