1	0.007
2	0.207
3	0.437
4	0.277
5	-0.003
6	0.097
7	0.327
8	-0.283
9	-0.373
10	-0.063
11	-0.023
12	-0.283
13	-0.003
14	-0.093
15	-0.113
16	-0.423
17	-0.003
18	-0.273
19	-0.383
20	-0.133
22	0.257
23	0.137
24	0.467
25	0.227
26	0.687
27	0.047
28	-0.193
29	-0.093
30	-0.143
31	0.697
32	0.057
33	-0.013
34	0.077
35	-0.123
36	-0.003
37	-0.193
38	0.047
39	0.137
40	0.187
41	0.047
42	-0.223
43	0.427
44	-0.423
45	-0.403
46	-0.103
47	-0.103
48	0.437
49	-0.303
50	0.447
51	-0.383
52	-0.093
53	-0.133
54	0.057
55	-0.293
56	0.037
57	-0.153
58	-0.313
59	0.307
60	-0.383
61	-0.113
62	0.087
63	-0.113
64	0.117
65	-0.033
66	-0.193
67	-0.173
68	-0.143
69	-0.013
70	0.367
71	-0.173
72	-0.023
73	0.067
74	0.307
75	-0.243
76	-0.083
77	0.087
78	-0.163
79	-0.353
80	0.107
81	-0.413
82	0.117
83	-0.523
84	0.267
85	-0.033
86	-0.213
87	-0.263
88	-0.113
89	-0.623
90	-0.083
91	0.247
92	-0.123
93	-0.023
94	-0.403
95	-0.103
96	0.047
97	-0.423
98	-0.863
99	2.537
100	-0.813
101	-0.473
102	-0.423
103	-0.243
104	-0.023
105	0.097
106	-0.263
107	-1.233
108	0.277
109	-0.153
110	-0.013
111	-0.333
112	-0.093
113	-0.193
114	-0.053
115	0.057
116	-0.093
117	-0.363
118	0.307
119	-0.813
120	0.067
121	-0.383
122	-0.093
123	-0.153
124	-0.243
125	0.107
126	-0.173
127	-0.033
128	-0.003
129	-0.223
130	-0.083
131	-0.033
132	-0.013
133	-0.043
134	0.217
135	-0.083
136	-0.033
137	-0.093
138	-0.443
139	-0.123
140	0.227
141	-1.553
142	-0.173
143	0.007
144	0.047
145	-0.463
146	0.447
147	0.267
148	-0.103
149	-0.083
150	0.297
151	-0.173
152	0.207
153	-0.443
154	-0.113
155	-0.513
156	-0.103
157	-0.103
158	0.417
159	-0.063
160	-0.073
161	-0.333
162	0.067
163	-0.623
164	0.087
165	-0.293
166	0.297
167	0.037
168	0.167
169	0.157
170	0.517
171	0.097
172	0.097
173	0.117
174	-0.183
175	0.037
176	0.167
177	-0.483
178	-0.233
179	-0.323
180	0.157
181	-0.513
182	-0.223
183	-0.203
184	0.307
185	-0.303
186	-0.013
187	-0.183
188	0.277
189	0.357
190	0.017
191	-0.023
192	0.517
193	-0.103
194	-0.173
195	-0.193
196	0.017
197	-1.193
198	-1.083
199	-0.683
200	0.007
201	-0.103
202	-0.073
203	-0.433
204	0.487
205	0.077
206	0.067
207	-0.213
208	-0.023
209	-0.083
210	-0.383
211	0.047
212	-0.833
213	-0.103
214	-0.013
215	-0.443
216	-0.333
217	0.097
218	0.107
219	-0.123
220	0.087
221	0.027
222	-0.133
223	0.387
224	-0.123
225	-0.193
226	0.437
227	0.277
228	-0.013
229	-0.123
230	-0.123
231	-0.603
232	-0.353
233	-0.363
234	-0.243
235	-0.493
236	0.027
237	-0.303
238	0.157
239	-0.073
240	0.477
241	-0.173
242	-0.123
243	-0.313
244	0.047
245	-0.033
246	-0.143
247	0.467
248	-0.313
249	-0.483
250	-0.053
251	-0.113
252	-0.293
253	-0.023
254	-0.403
255	0.097
256	0.087
257	-0.113
258	0.087
259	-0.073
260	0.027
261	0.077
262	-0.113
263	-0.403
264	-0.443
265	-0.903
266	0.337
267	0.217
268	-0.053
269	0.157
270	0.317
271	0.177
272	-0.013
273	-0.143
274	0.137
275	0.187
276	0.277
277	0.397
278	-0.263
279	0.367
281	0.377
282	-1.683
283	-0.483
284	-1.073
285	-0.473
286	-0.553
287	-0.053
288	-0.693
289	-0.413
290	-0.563
291	-0.473
292	-0.343
293	-0.083
294	-0.243
295	-0.113
296	-0.343
297	-0.043
298	-0.203
299	0.127
300	0.097
301	0.037
302	-0.123
303	-0.283
304	0.087
305	0.147
306	-0.313
307	-0.163
308	-0.083
309	-0.163
310	-0.393
311	-0.093
312	-0.293
313	-0.313
314	0.047
315	0.297
316	0.167
317	0.537
318	0.107
319	0.377
320	-0.373
321	0.307
322	0.017
323	0.037
324	0.107
325	0.137
326	-0.313
327	0.067
328	-0.403
329	-0.103
330	-0.273
331	-0.223
332	-0.523
333	-0.383
334	-0.303
335	0.187
336	-0.573
337	-0.223
338	0.127
339	-0.063
340	-0.203
341	-0.053
342	-0.103
343	-0.043
344	-0.433
345	-0.083
346	-0.133
347	0.017
348	-0.193
349	-0.283
350	-2.193
351	-1.703
352	-1.013
353	-0.253
354	-0.393
355	0.437
356	-0.153
357	-0.153
358	-0.323
359	0.147
360	-0.063
361	-0.003
362	-0.383
363	-0.213
364	-0.473
365	-0.053
366	0.177
367	0.017
368	-0.213
369	1.007
370	-0.143
371	0.087
372	-0.503
373	0.067
374	0.067
375	-0.023
376	-0.343
377	-0.163
378	-0.453
379	0.017
380	-0.143
381	0.267
382	0.137
383	0.667
384	0.157
385	0.317
386	-0.353
387	0.057
388	-0.363
389	0.117
390	-0.193
391	0.537
392	0.517
393	0.137
394	0.117
395	0.117
396	-0.283
397	0.167
398	-0.243
399	0.147
400	-0.133
401	-0.223
402	-0.303
403	0.187
404	-0.263
405	0.097
406	0.957
407	-0.133
408	-0.293
409	-0.123
410	-0.073
411	0.217
412	0.137
413	0.057
414	0.117
415	0.027
416	0.337
417	-0.393
418	0.187
419	0.287
420	0.047
421	0.307
422	0.387
423	0.327
424	-0.193
425	-0.233
426	-0.453
427	-0.323
428	-0.243
429	-0.303
430	-0.113
431	0.257
432	1.197
433	0.407
434	-0.273
435	-0.003
436	-0.023
437	0.257
438	-0.003
439	0.237
440	0.197
441	-0.083
442	-0.563
443	0.137
444	0.097
445	0.227
446	0.287
447	-0.003
448	-0.063
449	0.217
450	-0.253
451	-0.003
452	-0.063
453	-0.043
454	0.067
455	0.137
456	-0.023
457	-0.053
458	-0.353
459	-0.623
460	0.527
461	0.227
462	0.007
463	0.277
464	-0.523
465	0.287
466	-0.213
467	-0.283
468	-0.073
469	-1.103
470	-0.273
471	-0.053
472	-0.073
473	0.007
474	0.017
475	0.067
476	-0.373
477	0.147
478	-0.003
479	0.357
480	-0.093
481	-0.633
482	0.227
483	0.567
484	0.927
485	-0.303
486	1.107
487	-0.323
488	0.577
489	-0.143
490	-0.163
491	0.117
492	0.047
493	0.157
494	0.417
495	-0.313
496	0.337
497	0.147
498	0.127
499	0.547
500	-0.183
501	0.947
502	0.457
503	0.027
504	0.197
505	0.337
506	-0.013
507	-0.293
508	-0.023
509	0.227
510	1.137
511	0.327
512	1.147
513	0.067
514	0.697
515	0.057
516	0.187
517	0.677
518	0.247
519	0.037
520	-0.353
521	-0.003
522	0.147
523	-0.313
524	-0.123
525	-0.093
526	-0.313
527	1.007
528	0.327
529	0.137
530	0.067
531	0.047
532	-0.123
533	1.067
534	-0.103
535	0.267
536	-0.323
537	0.457
538	0.387
539	0.287
540	0.017
541	0.677
542	0.477
543	0.327
544	0.597
545	-0.293
546	-0.053
547	0.267
548	-0.233
549	-0.043
550	-0.793
551	0.117
552	0.037
553	0.107
554	0.047
555	-0.443
556	0.717
557	-0.083
558	0.327
559	-0.093
560	-0.103
561	0.107
562	-0.543
563	-0.113
564	0.317
565	-0.353
566	-0.333
567	-0.183
568	-0.453
569	0.177
570	0.237
571	-0.363
572	-0.693
573	-0.273
574	-0.893
575	-0.343
576	-0.193
577	0.117
578	-0.113
579	0.247
580	0.407
581	0.297
582	-0.433
583	1.397
584	0.457
585	0.287
586	0.037
587	-0.203
588	0.127
589	0.647
590	0.077
591	-0.423
592	-0.363
593	0.187
594	-0.073
595	0.107
596	-0.223
597	-0.223
598	-0.343
599	0.127
600	-0.343
601	0.017
602	-0.153
603	0.057
604	-0.013
605	-0.013
606	-0.013
607	0.157
608	-0.043
609	-0.043
610	0.817
611	0.587
612	0.937
613	0.987
614	-0.063
615	0.177
616	-0.223
617	0.177
618	-0.203
619	0.147
620	-0.373
621	-0.313
622	-0.153
623	0.267
624	0.127
625	0.907
626	0.007
627	1.147
628	0.757
629	0.307
630	0.337
631	0.597
632	0.197
633	0.477
634	-0.343
635	-0.193
636	-0.293
637	0.127
638	0.007
639	-0.003
640	-0.183
641	-0.393
642	-0.613
643	0.237
644	-0.143
645	0.297
646	-0.053
647	-0.093
648	-0.213
649	0.107
650	-0.133
651	0.747
652	0.587
653	0.397
654	0.217
655	0.227
656	-0.123
657	0.097
658	-0.273
659	0.577
660	0.287
661	0.637
662	0.817
663	0.387
664	0.097
665	-0.103
666	0.107
667	0.317
668	-0.833
669	-0.133
670	-0.113
671	0.077
672	-0.543
673	-0.183
674	-0.053
675	0.127
676	-0.143
677	0.297
678	0.067
679	0.157
680	0.657
681	-0.113
682	-0.003
683	0.137
684	0.187
685	0.217
686	-0.303
687	-0.293
688	-0.223
689	-0.063
690	0.197
691	0.017
692	-0.093
693	0.207
694	0.157
695	0.447
696	0.097
697	0.387
698	0.017
699	0.007
700	0.197
701	0.227
702	0.297
703	0.397
704	0.017
705	0.097
706	0.017
707	0.007
708	0.027
709	-0.083
710	0.087
711	0.177
712	-0.343
713	0.197
714	-0.423
715	-0.233
716	-0.233
717	-0.163
718	-0.203
719	0.227
720	-0.053
721	-0.043
722	0.157
723	0.127
724	-0.003
725	-0.013
726	-0.373
727	0.407
728	-0.273
729	0.137
730	-0.013
731	-0.133
732	-0.233
733	0.577
734	-0.013
735	-0.413
736	0.317
737	-0.053
738	-0.523
739	0.137
740	-0.003
741	-0.313
742	-0.623
743	-0.023
744	0.327
745	-0.083
746	-0.333
747	-0.173
748	0.747
749	0.397
751	-0.243
752	0.017
753	-0.183
754	0.297
755	0.187
756	0.087
757	-0.053
758	0.157
759	0.117
760	-0.153
761	-0.383
762	-0.253
763	-0.503
764	-0.183
765	-0.163
766	-0.153
767	0.097
768	-0.033
769	-0.313
770	-0.173
771	-0.223
772	-0.133
773	-0.063
774	-0.083
775	0.117
776	0.107
777	0.147
778	0.417
779	0.027
780	-0.053
781	-0.023
782	-0.043
783	-0.353
784	-0.283
785	-0.383
786	-0.093
787	0.117
788	0.187
789	-0.313
790	-0.083
791	-0.173
792	0.277
793	-0.143
794	0.087
795	-0.173
797	0.117
798	0.157
799	0.187
800	-0.153
801	-0.073
802	-0.133
803	0.087
804	-0.713
805	0.047
806	-0.113
807	0.097
808	0.217
809	0.057
810	-0.063
811	0.157
812	0.057
813	0.277
814	-0.023
815	-0.053
816	0.007
817	0.327
818	-0.153
819	-0.183
820	-0.003
821	-0.143
822	-0.003
823	-0.373
824	-0.213
825	0.047
826	0.097
827	0.077
828	-0.063
829	-0.453
830	0.267
831	0.007
832	0.027
833	0.297
834	-0.283
835	-0.223
836	0.527
837	0.547
838	0.317
840	0.167
841	0.247
842	-0.083
843	0.087
844	0.227
845	0.457
846	0.017
847	0.287
848	0.087
849	0.187
850	0.037
851	-0.463
852	0.287
853	-0.183
854	0.117
855	0.137
856	0.287
857	0.027
858	-0.423
859	-0.493
860	-0.173
861	-0.153
862	0.427
863	-0.403
864	-0.223
865	-0.263
866	-0.083
867	0.057
868	-0.573
869	-0.123
870	0.117
871	0.127
872	-0.123
873	0.387
874	0.217
875	-0.093
876	1.317
877	0.287
878	-0.073
879	0.327
880	-0.073
881	0.177
882	0.097
883	-0.183
884	0.737
885	-0.203
886	0.127
887	-0.353
888	-0.263
889	-0.333
890	-0.043
891	0.287
892	0.007
893	0.447
894	0.087
895	-0.453
896	-0.063
897	0.147
898	0.107
899	-0.283
900	0.087
901	-0.683
902	0.217
903	-0.543
904	-0.063
905	-0.313
906	0.267
907	-0.163
908	-0.073
909	-0.313
910	-0.293
911	-0.193
912	-0.103
913	-0.503
914	0.337
915	-0.033
916	-0.173
917	0.067
918	-0.123
919	-0.053
920	-0.073
921	-0.043
922	0.307
923	-0.153
924	0.007
925	-0.383
926	-0.393
927	-0.403
928	-0.043
929	-0.033
930	-0.133
931	-0.493
932	-0.163
933	-0.443
934	-0.123
935	-0.213
936	-0.673
937	-0.333
938	0.337
939	-0.323
940	0.197
941	0.137
942	-0.303
943	-0.343
944	-0.173
945	-0.523
946	-0.083
947	-0.033
948	-0.203
949	-0.143
950	-0.223
951	-0.043
952	0.257
953	-0.093
954	0.157
955	-0.223
956	-0.203
957	-0.373
958	-0.153
959	-0.243
960	0.207
961	-0.153
962	-0.103
963	0.117
964	-0.653
965	-0.163
966	0.017
967	-0.153
968	-0.273
969	-0.113
970	-0.023
971	-0.173
972	-0.003
973	-0.203
974	-0.363
975	-0.203
976	-0.143
977	-0.213
978	-0.623
979	-0.413
980	-0.123
981	-0.233
982	-0.003
983	-0.353
985	-0.363
986	-0.443
988	-0.063
989	-0.263
990	-0.103
991	-0.223
992	-0.073
993	-0.223
994	-0.563
995	-0.123
996	-0.363
997	-0.043
998	-0.013
999	0.007
1000	0.287
1001	0.377
1002	0.987
1003	0.207
1004	0.037
1005	-0.133
1006	0.587
1007	-0.423
1008	-0.043
1009	-0.783
1010	0.097
1011	-0.173
1012	0.117
1013	0.217
1014	0.197
1015	-0.083
1016	0.477
1017	0.197
1018	1.117
1019	-0.043
1020	0.867
1021	-0.273
1022	-0.013
1023	-0.043
1024	-0.393
1025	-0.063
1026	0.017
1027	-0.113
1028	0.057
1029	0.067
1030	-0.403
1031	-0.323
1032	0.537
1033	0.307
1034	-0.163
1035	-0.113
1036	-0.023
1037	-0.153
1038	0.077
1039	-0.033
1040	-0.273
1041	-0.123
1042	0.357
1043	-0.293
1044	0.217
1045	0.217
1046	-0.083
1047	-0.533
1048	-0.093
1049	0.267
1050	-0.363
1051	-0.013
1052	-0.063
1053	-0.013
1054	-0.023
1055	0.087
1056	0.887
1057	-0.543
1058	-0.313
1059	-0.173
1060	-0.203
1061	-0.373
1062	-0.093
1063	-0.443
1064	-0.333
1065	-0.203
1066	0.047
1067	0.197
1068	-0.003
1069	0.077
1070	0.307
1071	-0.063
1072	-0.173
1073	0.437
1074	0.697
1075	0.367
1077	-0.353
1078	-0.733
1079	-0.533
1080	-0.503
1081	-0.833
1082	0.407
1083	-0.053
1084	0.047
1085	-0.063
1086	-0.413
1087	0.157
1088	-0.453
1089	0.367
1090	-0.323
1091	0.297
1092	0.027
1093	0.217
1094	0.207
1095	0.137
1097	0.227
1098	-0.253
1099	-0.433
1100	0.497
1102	-0.493
1103	-0.133
1104	-0.143
1105	0.127
1106	-0.403
1107	-0.213
1108	-0.603
1109	-0.613
1110	-0.123
1111	0.207
1112	-0.243
1113	0.027
1114	-0.043
1115	0.407
1116	-0.193
1117	-0.103
1118	-0.423
1119	-0.433
1120	0.407
1121	0.187
1122	-0.223
1123	-0.063
1124	0.347
1125	-0.083
1126	-0.723
1127	-0.023
1128	-0.293
1129	0.027
1130	-0.333
1131	-0.123
1132	0.027
1133	0.077
1134	-0.233
1135	0.067
1136	-0.483
1137	-0.243
1138	-0.163
1139	0.117
1140	-1.183
1141	-0.593
1142	-0.333
1143	0.087
1144	-0.903
1145	0.117
1146	-0.243
1147	-0.393
1148	-0.383
1149	0.087
1150	-0.333
1151	0.087
1152	-0.263
1153	0.067
1154	-0.383
1155	-0.263
1156	-0.233
1157	-0.203
1158	-0.533
1159	0.147
1160	-0.463
1161	0.317
1162	-0.073
1163	-0.113
1164	-0.143
1165	-0.343
1166	-0.293
1167	0.077
1168	-0.083
1169	0.017
1170	0.607
1171	0.087
1172	0.267
1173	0.097
1174	0.217
1175	-0.003
1176	0.257
1177	0.037
1178	-0.173
1179	0.047
1180	0.277
1181	0.507
1182	0.067
1183	0.347
1184	0.247
1185	0.027
1186	0.177
1187	0.437
1188	0.267
1189	-0.063
1190	0.527
1191	0.417
1192	0.367
1193	0.357
1194	0.097
1195	0.177
1196	-0.173
1197	0.307
1198	0.097
1199	0.097
1200	-0.113
1201	-0.143
1202	0.027
1203	0.257
1204	-0.173
1205	-0.313
1206	-0.203
1207	0.217
1208	0.137
1209	0.027
1210	0.157
1211	0.277
1212	-0.083
1213	0.157
1214	0.307
1215	-0.273
1216	0.037
1217	-0.273
1218	0.227
1219	0.217
1220	-0.003
1221	0.217
1222	0.097
1223	0.237
1224	0.417
1225	0.687
1226	0.057
1227	0.097
1228	-0.113
1229	-0.103
1230	0.527
1231	-0.693
1232	0.197
1233	0.297
1234	0.047
1235	0.167
1236	0.217
1237	-0.073
1238	-0.063
1239	0.027
1240	0.077
1241	-0.053
1242	-0.273
1243	0.227
1244	-0.163
1245	0.287
1246	0.037
1247	0.127
1248	0.437
1249	-0.113
1250	-0.213
1251	0.447
1252	-0.043
1253	0.637
1254	-0.093
1255	-0.573
1256	-0.083
1257	-0.193
1258	-0.683
1259	0.437
1260	-0.553
1261	-0.043
1262	0.267
1263	-0.123
1264	-0.413
1265	0.117
1266	-0.243
1267	-0.023
1268	-0.123
1269	-0.063
1270	-0.383
1271	-0.493
1272	-0.573
1273	-0.113
1274	0.407
1275	-0.183
1276	-0.153
1277	-0.153
1278	-0.173
1279	0.127
1280	-0.483
1281	0.037
1282	-0.003
1283	-0.043
1284	-0.013
1285	0.267
1286	0.187
1287	0.117
1288	0.107
1289	0.197
1290	-0.073
1291	-0.093
1292	0.037
1293	-0.063
1294	-0.383
1295	-0.523
1296	-0.663
1297	0.127
1298	-0.143
1299	-0.283
1300	-0.173
1301	-0.093
1302	-0.653
1303	0.067
1304	-0.053
1305	0.057
1306	-0.213
1307	0.017
1308	0.067
1309	0.057
1310	-0.163
1311	0.077
1312	-0.133
1313	-0.103
1314	-0.533
1315	-0.143
1316	-0.463
1317	-0.283
1318	-0.603
1319	-0.513
1320	-0.623
1321	-0.013
1322	0.367
1323	0.077
1324	0.307
1325	0.157
1326	-0.483
1327	-0.403
1328	-0.103
1329	0.327
1330	0.247
1331	0.047
1332	0.317
1333	0.017
1334	-0.443
1335	0.127
1336	-0.083
1337	-0.013
1338	-0.163
1339	0.017
1340	-0.143
1341	-0.093
1342	-0.523
1343	-0.223
1344	-0.553
1345	-0.353
1346	-0.423
1347	0.037
1348	-0.213
1349	0.357
1350	-0.023
1351	0.907
1352	-0.283
1353	0.047
1354	0.797
1355	-0.073
1356	0.407
1357	0.187
1358	-0.103
1359	0.587
1360	-0.163
1361	0.087
1362	0.107
1363	0.117
1364	-0.073
1365	0.807
1366	0.907
1367	0.257
1368	-0.233
1369	-0.123
1370	-0.243
1371	-0.473
1372	-0.313
1373	-0.343
1374	-0.183
1375	0.237
1376	-0.293
1377	-0.083
1378	-0.373
1379	-0.103
1380	0.067
1381	0.007
1382	0.287
1383	0.127
1384	-0.163
1385	0.277
1386	-0.163
1387	-0.233
1388	0.697
1389	1.287
1390	-0.063
1391	0.177
1392	-0.243
1393	0.057
1394	-0.113
1395	0.297
1396	0.257
1397	0.267
1398	-0.213
1399	0.137
1400	-0.143
1401	0.077
1402	-0.383
1403	-0.113
1404	-0.023
1405	0.207
1406	-0.093
1407	0.157
1408	0.257
1409	-0.013
1410	-0.143
1411	0.127
1412	0.297
1413	0.127
1414	-0.073
1415	-0.033
1416	-0.063
1417	0.097
1418	-0.173
1419	-0.073
1420	-0.233
1421	-0.193
1422	-0.143
1423	0.377
1424	-0.113
1425	-0.123
1426	-0.223
1427	-0.313
1428	-0.113
1429	-0.053
1430	0.277
1431	0.407
1432	0.157
1433	-0.003
1434	-0.203
1435	0.077
1436	-0.183
1437	-0.433
1438	-0.313
1439	0.087
1440	-0.083
1441	-0.033
1442	-0.053
1443	-0.033
1444	0.527
1445	1.667
1446	-0.023
1447	-0.173
1448	-0.363
1449	-0.243
1450	0.217
1451	1.017
1452	-0.263
1453	0.707
1454	-0.053
1455	-0.233
1456	-0.153
1457	-0.153
1458	0.037
1459	-0.363
1460	0.257
1462	0.347
1463	0.507
1465	0.047
1466	-0.423
1467	0.197
1468	-0.113
1469	-0.103
1470	-0.553
1471	-0.003
1472	-0.563
1473	-0.343
1474	-0.463
1475	-0.533
1476	-0.233
1477	1.247
1478	1.307
1479	-0.123
1480	0.197
1481	0.557
1482	-0.253
1483	-0.713
1484	-0.383
1485	-0.003
1486	0.317
1487	-0.323
1488	-0.203
1489	0.027
1490	-0.373
1491	-0.403
1492	0.127
1493	-0.083
1494	-0.183
1495	-0.413
1496	0.037
1497	-0.053
1498	-0.153
1499	0.017
1500	-0.513
1501	0.107
1502	-0.113
1503	0.187
1504	0.227
1505	-0.053
1506	0.197
1507	0.517
1508	0.387
1509	1.167
1510	-0.423
1511	0.087
1512	-0.103
1513	-0.303
1514	-0.133
1515	-0.103
1516	-0.513
1517	-0.163
1518	-0.023
1519	-0.363
1520	-0.183
1521	-0.103
1522	-0.033
1523	-0.013
1524	0.297
1525	0.687
1526	-0.153
1527	0.337
1528	-0.013
1529	0.367
1530	-0.113
1531	0.267
1532	-0.033
1533	-0.223
1534	-0.033
1535	-0.063
1536	-0.073
1537	0.407
1538	-0.333
1539	0.047
1540	-0.353
1541	0.027
1542	-0.183
1543	0.127
1544	-0.063
1545	0.207
1546	-0.053
1547	0.057
1548	-0.513
1549	-0.153
1550	0.017
1551	0.217
1552	-0.233
1553	-0.273
1554	-0.363
1555	-0.533
1556	-0.363
1557	0.767
1558	-0.663
1559	-0.213
1560	0.047
1561	-0.183
1562	0.057
1563	0.077
1564	0.667
1565	0.047
1566	0.167
1567	0.207
1568	-0.313
1569	-0.123
1570	-0.083
1571	0.587
1572	0.267
1573	0.087
1574	-0.033
1575	0.037
1576	-0.113
1577	-0.063
1578	0.207
1579	-0.023
1580	0.277
1581	1.457
1582	0.617
1583	0.437
1584	-0.023
1585	-0.063
1586	-0.013
1587	-0.023
1588	-0.143
1589	0.117
1590	-0.223
1591	-0.093
1592	-0.323
1593	-0.123
1594	-0.073
1595	-0.423
1596	0.557
1597	0.097
1598	0.007
1599	-0.253
1600	-0.033
1601	0.037
1602	0.297
1603	0.557
1604	0.047
1605	-0.153
1606	1.377
1607	1.267
1608	0.797
1609	0.447
1610	0.047
1611	-0.033
1612	-0.233
1613	-0.423
1614	-0.083
1615	-0.373
1616	-0.293
1617	0.077
1618	0.007
1619	-0.053
1620	-0.263
1621	0.047
1622	0.217
1623	0.377
1624	-0.053
1625	0.047
1626	-0.273
1627	-0.013
1628	0.047
1629	-0.203
1630	-0.363
1631	0.237
1632	-0.023
1633	0.177
1634	-0.053
1635	-0.023
1636	-0.053
1637	0.527
1638	-0.113
1639	0.027
1640	0.077
1641	0.057
1642	-0.063
1643	0.387
1644	0.047
1645	-0.383
1646	0.467
1647	-0.413
1648	0.117
1649	-0.103
1650	-0.343
1651	0.527
1652	0.037
1653	-0.223
1654	-0.383
1655	-0.213
1656	0.417
1657	0.397
1658	0.047
1659	0.317
1660	-0.783
1661	-0.063
1662	-0.263
1663	0.107
1664	0.697
1665	0.337
1666	0.327
1667	0.567
1668	0.897
1669	1.477
1670	0.487
1671	0.467
1672	-0.093
1673	-0.003
1674	-0.403
1675	-0.063
1676	-0.153
1677	0.797
1678	-0.263
1679	-0.393
1680	-0.083
1681	-0.393
1682	0.127
1683	0.307
1684	-0.313
1685	0.097
1686	-0.013
1687	0.097
1688	-0.183
1689	0.377
1690	-0.123
1691	0.107
1692	-0.123
1693	0.157
1694	-0.043
1695	-0.083
1696	0.007
1697	-0.413
1698	-0.793
1699	-1.053
1700	0.077
1701	0.437
1702	0.717
1703	0.357
1704	0.197
1705	0.487
1706	0.227
1707	0.147
1708	-0.303
1709	0.047
1710	-0.103
1711	-0.123
1712	-0.213
1713	-0.023
1714	-0.353
1715	0.157
1716	-0.543
1717	-0.033
1718	-0.093
1719	-0.103
1720	-0.003
1721	0.127
1722	-0.003
1723	-0.273
1724	0.367
1725	0.327
1726	0.267
1727	-0.043
1728	-0.203
1729	0.287
1730	-0.373
1731	-0.453
1732	-0.153
1733	0.257
1734	-0.333
1735	0.327
1736	-0.163
1737	-0.003
1738	-0.343
1739	-0.153
1740	-0.233
1741	-0.063
1742	-0.163
1743	-0.053
1744	-0.513
1745	-1.253
1746	-0.083
1747	-0.213
1748	-0.123
1749	0.027
1750	-0.403
1751	0.087
1752	-0.033
1753	0.257
1754	-0.033
1755	-0.323
1756	-0.673
1757	0.097
1758	-0.093
1759	0.187
1760	-0.013
1761	0.167
1762	-0.393
1763	0.097
1764	0.137
1765	0.247
1767	0.687
1768	-0.313
1769	-0.153
1770	0.167
1771	0.177
1772	0.347
1773	0.247
1774	0.137
1775	-0.023
1776	0.167
1777	-0.203
1778	0.067
1779	-0.153
1780	0.227
1781	0.307
1782	0.117
1783	-0.033
1784	-0.383
1785	0.357
1786	0.157
1787	-0.063
1788	0.317
1789	-0.623
1790	-0.043
1791	-0.213
1792	-0.583
1793	0.107
1794	0.037
1795	-0.393
1796	-0.243
1797	-0.403
1798	-0.053
1799	0.337
1800	0.257
1801	-0.133
1802	0.287
1803	-0.393
1804	-0.313
1805	0.137
1806	0.217
1807	-0.543
1808	-0.223
1809	-0.203
1810	-0.103
1811	-0.333
1812	0.407
1813	0.027
1814	0.167
1815	-0.133
1816	0.447
1817	-0.283
1818	-0.063
1819	-0.903
1820	0.097
1821	-0.093
1822	-0.053
1823	-0.213
1824	-0.173
1825	0.137
1826	-1.413
1827	0.097
1828	0.207
1829	0.267
1830	-0.693
1832	0.087
1833	-0.163
1834	0.157
1835	-0.173
1836	-0.183
1837	0.137
1838	-0.133
1839	-0.003
1840	-0.253
1841	0.197
1842	-0.023
1843	0.047
1844	-0.073
1845	-0.193
1846	-0.533
1847	-0.113
1848	0.187
1849	-0.023
1850	-0.013
1851	0.007
1852	-0.063
1853	-0.013
1854	0.697
1855	-0.043
1856	0.187
1857	0.267
1858	-0.263
1859	0.547
1860	-0.103
1861	0.247
1862	0.017
1863	0.107
1864	-0.203
1865	-0.283
1866	0.187
1867	0.157
1868	-1.203
1869	-0.023
1870	-0.313
1871	0.037
1872	-0.323
1873	0.247
1874	-0.003
1875	-0.023
1876	-0.133
1877	0.067
1878	-0.243
1879	0.037
1880	-0.293
1881	-0.233
1882	-0.183
1883	0.027
1884	0.097
1885	0.437
1886	-0.003
1887	-0.333
1888	-0.353
1889	-0.293
1890	-0.193
1891	0.137
1892	-0.013
1893	0.197
1894	-0.583
1895	0.257
1896	0.027
1897	0.267
1898	-0.013
1899	0.127
1900	-0.073
1901	0.567
1902	-0.163
1903	-0.233
1904	-0.383
1905	0.587
1906	-0.213
1907	-0.113
1908	-0.343
1909	-0.123
1910	-0.443
1911	-0.013
1912	0.077
1913	0.287
1914	0.047
1915	-0.003
1916	0.007
1917	-0.033
1918	0.477
1919	0.617
1920	-0.033
1921	0.037
1922	-0.763
1923	-0.613
1924	-0.363
1925	-0.153
1926	-0.783
1927	-0.313
1928	-0.363
1929	0.027
1930	-0.573
1931	-0.223
1933	-0.123
1934	-0.133
1935	-0.213
1936	0.177
1937	-0.263
1938	0.317
1939	0.297
1940	-0.163
1941	0.437
1942	0.907
1943	-0.193
1944	0.277
1945	-0.103
1946	-0.013
1947	-0.403
1948	0.297
1949	-0.253
1950	0.007
1951	-0.013
1952	-0.103
1953	-0.143
1954	0.067
1955	-0.153
1956	0.547
1957	0.197
1958	0.197
1959	-0.243
1960	0.087
1961	-0.473
1962	0.607
1963	0.097
1964	-0.083
1965	0.917
1966	0.247
1967	0.107
1968	0.147
1969	-0.023
1970	-0.533
1971	-0.103
1972	-0.323
1973	-0.263
1974	0.167
1975	0.097
1976	-0.083
1977	-0.253
1978	0.087
1979	-0.073
1980	-0.013
1981	-0.103
1982	0.227
1983	-0.023
1984	-0.023
1985	-0.003
1986	-0.013
1987	0.037
1988	-0.143
1989	-0.273
1990	-0.093
1991	0.067
1992	-0.093
1993	-0.433
1994	-0.203
1995	-0.553
1996	-0.423
1997	-0.563
1998	-0.193
1999	0.007
2000	0.047
2001	0.097
2002	0.017
2003	0.207
2004	0.027
2005	-0.023
2006	-0.193
2007	-0.143
2008	0.337
2009	-0.083
2010	0.097
2011	-0.943
2012	-0.653
2013	0.187
2014	-0.053
2015	-0.283
2016	-0.143
2017	0.017
2018	-0.203
2019	-0.083
2020	-0.523
2021	-0.953
2022	-1.543
2023	-1.023
2024	0.617
2025	-0.153
2026	0.107
2027	-0.253
2028	0.087
2029	-0.153
2030	0.087
2031	-0.303
2032	-0.033
2033	-0.363
2034	0.557
2035	-0.343
2036	-0.003
2037	0.337
2038	0.837
2039	-0.233
2040	-0.163
2041	0.017
2042	-0.313
2043	-0.023
2044	-1.503
2045	-2.673
2046	-4.483
2047	-1.783
2048	0.687
2049	-0.303
2050	-0.253
2051	-0.153
2052	-0.033
2053	-0.283
2054	0.157
2055	-0.333
2056	-0.433
2057	-0.233
2058	0.127
2059	0.247
2060	0.247
2061	-0.033
2062	0.037
2063	-0.063
2064	0.277
2065	-0.493
2066	-0.023
2067	-0.013
2068	-0.413
2069	-0.303
2070	-1.713
2071	-2.203
2072	-1.913
2073	-1.753
2074	-0.373
2075	-0.223
2076	0.057
2077	-0.073
2078	0.147
2079	0.367
2080	0.397
2081	-0.343
2082	0.037
2083	0.087
2084	0.217
2085	0.207
2086	0.247
2087	0.567
2088	-0.213
2089	0.197
2090	0.307
2091	-0.133
2092	-0.193
2093	-0.313
2094	-0.023
2095	-0.393
2096	-0.363
2097	-0.453
2099	-0.083
2100	-0.213
2101	0.217
2102	-0.063
2103	-0.143
2104	-0.003
2105	-0.013
2106	-0.013
2107	-0.423
2108	-0.193
2109	0.187
2110	-0.543
2111	0.187
2112	-0.343
2113	-0.103
2114	-0.023
2115	0.677
2116	-0.043
2117	-0.033
2118	0.197
2119	0.617
2120	0.297
2121	0.067
2122	-0.453
2123	-0.223
2124	-0.313
2125	-0.203
2126	-0.153
2127	0.557
2128	-0.363
2129	0.157
2130	0.237
2131	-0.663
2132	0.077
2133	0.087
2134	-0.153
2135	0.107
2136	0.177
2137	0.317
2138	0.337
2139	0.347
2140	0.257
2141	0.227
2142	0.257
2143	0.007
2144	-0.103
2145	0.077
2146	-0.213
2147	0.297
2148	0.447
2149	-0.053
2150	0.307
2151	0.087
2152	0.077
2153	1.197
2154	-0.093
2155	-0.043
2156	-0.133
2157	-0.013
2158	-0.093
2159	0.067
2160	0.357
2161	0.057
2162	0.077
2163	0.077
2164	0.207
2165	0.487
2166	-0.273
2167	0.167
2168	0.137
2169	0.617
2170	-0.293
2171	0.277
2172	-0.113
2173	-0.093
2174	0.517
2175	0.317
2176	1.607
2177	0.727
2178	0.407
2179	0.327
2180	-0.173
2181	0.237
2182	0.027
2183	0.007
2184	0.047
2185	0.267
2186	-0.133
2187	-0.213
2188	0.287
2189	0.097
2190	-0.123
2191	0.067
2192	-0.323
2193	-0.343
2194	0.297
2195	-0.103
2196	-0.033
2197	0.197
2198	-0.093
2199	0.437
2200	0.147
2201	0.087
2202	0.007
2203	0.277
2204	-0.023
2205	0.157
2206	0.287
2207	-0.093
2208	0.317
2209	0.247
2210	-0.293
2211	-0.043
2212	-0.093
2213	0.347
2214	0.077
2215	0.187
2216	-0.383
2217	0.147
2218	-0.413
2219	0.167
2220	-0.333
2221	0.507
2222	-0.073
2223	1.007
2224	0.527
2225	0.057
2226	0.167
2227	0.127
2228	-0.083
2229	0.037
2230	0.727
2231	-0.483
2232	-0.073
2233	0.127
2234	-0.533
2235	-0.123
2236	-0.213
2237	0.297
2238	-0.293
2239	-0.153
2240	-0.763
2241	0.287
2242	-0.233
2243	-0.273
2244	0.057
2245	-0.043
2246	-0.013
2247	0.257
2248	-0.113
2249	-0.303
2250	-0.663
2251	-0.363
2252	0.217
2253	-0.153
2254	0.097
2255	-0.023
2256	0.077
2257	0.217
2258	0.027
2259	0.257
2260	0.217
2261	0.407
2262	0.137
2263	0.297
2264	0.007
2265	0.027
2266	-0.363
2267	-0.053
2268	-0.333
2269	0.187
2270	-0.173
2271	0.537
2272	0.317
2273	-0.053
2274	-0.113
2275	-0.013
2276	-0.223
2277	-0.253
2278	0.077
2279	0.287
2280	-0.053
2281	-0.063
2282	-0.063
2283	-0.323
2284	-0.143
2285	0.037
2286	-0.403
2287	-0.123
2288	-0.023
2289	0.027
2290	-0.363
2291	-0.213
2292	-0.123
2293	-0.083
2294	-0.133
2295	-0.163
2296	-0.183
2297	-0.013
2298	-0.223
2299	-0.053
2300	0.027
2301	-0.343
2302	-0.053
2303	-0.103
2304	-0.083
2305	-0.553
2306	-0.313
2307	0.007
2308	-0.073
2309	-0.053
2310	-0.503
2311	-0.373
2312	-0.323
2313	-0.233
2314	-0.503
2315	-0.543
2316	0.137
2317	-0.153
2318	-0.153
2319	0.037
2320	-0.203
2321	0.317
2322	0.027
2323	0.267
2324	0.017
2325	0.467
2326	-0.063
2327	-0.363
2328	0.277
2329	0.367
2330	0.337
2331	-0.343
2332	0.277
2333	-0.103
2334	0.107
2335	0.237
2336	0.047
2337	-0.003
2338	-0.123
2339	-0.123
2340	-0.043
2341	0.097
2342	-0.023
2343	0.027
2344	-0.033
2345	0.577
2346	0.107
2347	0.347
2348	0.137
2349	-0.253
2350	0.367
2351	0.367
2352	-0.023
2353	0.467
2354	0.047
2355	0.027
2356	0.067
2357	-0.023
2358	-0.233
2359	-0.083
2360	0.257
2361	0.077
2362	0.147
2363	0.217
2364	-0.183
2365	0.197
2366	-0.313
2367	-0.273
2368	-0.333
2369	0.047
2370	0.027
2371	-0.043
2372	0.047
2373	-0.013
2374	0.177
2375	-0.173
2376	-0.053
2377	-0.053
2378	-0.153
2379	0.747
2380	-0.093
2381	0.237
2382	-0.263
2383	0.237
2384	-0.123
2385	0.517
2386	0.057
2387	0.037
2388	0.857
2389	0.097
2390	0.057
2391	0.307
2392	0.867
2393	0.307
2394	-0.163
2395	0.027
2396	-0.033
2397	-0.003
2398	0.137
2399	0.017
2400	0.207
2401	0.007
2402	-0.193
2403	0.087
2404	0.097
2405	0.447
2406	-0.003
2407	0.317
2408	0.117
2409	0.707
2410	0.637
2411	0.247
2412	0.887
2413	-0.373
2414	-0.433
2415	-0.023
2416	-0.303
2417	0.517
2418	-0.133
2419	-0.233
2420	-0.623
2421	-0.183
2422	0.767
2423	-0.313
2424	0.117
2425	0.197
2426	0.107
2427	-0.033
2428	0.127
2429	0.727
2430	-0.103
2431	0.027
2432	-0.193
2433	-0.173
2434	0.447
2435	-0.123
2436	-0.293
2437	0.297
2438	-0.433
2439	-0.263
2440	-0.353
2441	-0.253
2442	-0.063
2443	-0.323
2444	-1.653
2445	-1.223
2446	-0.083
2447	-0.163
2448	-0.493
2449	0.227
2450	-0.103
2451	-0.123
2452	0.247
2453	-0.323
2454	-0.273
2455	1.477
2456	-0.183
2457	-0.033
2458	-0.413
2459	0.227
2460	-0.193
2461	0.447
2462	0.067
2463	-0.153
2464	-0.333
2465	0.097
2466	0.017
2467	0.147
2468	0.077
2469	0.047
2470	-0.563
2471	-0.523
2472	-0.123
2473	0.447
2474	-0.013
2475	0.227
2476	-0.173
2477	-0.303
2478	0.007
2479	1.087
2480	-0.103
2481	-0.143
2482	-1.453
2483	-0.613
2484	0.547
2485	0.027
2486	-0.063
2487	-0.033
2488	0.207
2489	-0.043
2490	0.017
2491	-0.153
2492	-0.833
2493	-0.303
2494	-0.113
2495	-0.173
2496	-0.033
2497	0.487
2498	-0.203
2499	-0.223
2500	-0.263
2501	0.487
2502	-0.043
2503	0.797
2504	-0.023
2505	0.277
2506	0.277
2507	0.057
2508	-0.273
2509	0.177
2510	-0.393
2511	-0.133
2512	0.107
2513	0.167
2514	-0.053
2515	-0.023
2516	0.047
2517	-0.033
2518	0.587
2519	0.227
2520	0.077
2521	0.267
2522	-0.053
2523	-0.013
2524	-0.123
2525	0.067
2526	-0.153
2527	0.567
2528	-0.103
2529	-0.193
2530	-0.503
2531	0.077
2532	-0.123
2533	-0.053
2534	-0.203
2535	-0.563
2536	-0.183
2537	-0.583
2538	0.187
2539	0.517
2540	0.507
2541	0.667
2542	-0.223
2543	-0.563
2544	0.107
2545	0.067
2546	0.297
2547	-0.073
2548	0.037
2549	0.227
2550	-0.363
2551	-0.193
2552	-0.313
2553	0.417
2554	-0.083
2555	0.387
2556	0.767
2557	-0.163
2558	0.427
2559	0.427
2560	0.037
2561	0.157
2562	0.017
2563	0.467
2564	0.097
2565	0.337
2566	0.797
2567	-0.243
2568	0.067
2569	-0.043
2570	-0.153
2571	-0.203
2572	0.627
2573	0.447
2574	-0.093
2575	0.157
2576	-0.103
2577	-0.143
2578	-0.433
2579	0.177
2580	0.467
2581	-0.143
2582	0.127
2583	0.177
2584	-0.363
2585	-0.043
2586	0.267
2587	0.427
2588	-0.063
2589	0.447
2590	0.017
2591	-0.213
2592	0.267
2593	-0.073
2594	-0.123
2595	0.247
2596	-0.273
2597	0.127
2598	-0.163
2599	0.037
2600	-0.043
2601	0.417
2602	-0.363
2603	-0.233
2604	-0.753
2605	0.147
2606	-0.463
2607	0.557
2608	-0.073
2609	0.777
2610	0.147
2611	0.417
2612	0.097
2613	0.227
2614	-0.083
2615	-0.003
2616	-0.083
2617	0.047
2618	-0.053
2619	-0.043
2620	0.147
2621	-0.113
2622	-0.223
2623	-0.163
2624	-0.393
2625	0.037
2626	-0.363
2627	0.287
2628	-0.463
2629	-0.323
2630	-0.433
2631	-0.063
2632	0.357
2633	0.287
2634	-0.143
2635	-0.323
2636	-0.373
2637	0.357
2638	0.337
2639	-2.323
2640	-1.163
2641	0.017
2642	-2.253
2643	-0.403
2644	-2.783
2645	-0.003
2646	-0.453
2647	-0.403
2648	-0.263
2649	-0.223
2650	0.207
2651	-0.373
2652	0.097
2653	-0.303
2654	-0.033
2655	0.177
2656	-0.103
2657	0.347
2658	0.417
2659	-0.083
2660	0.017
2661	0.077
2662	-0.073
2663	-0.003
2664	-0.003
2665	-0.183
2666	0.167
2667	0.127
2668	0.047
2669	-0.123
2670	-0.133
2671	0.037
2672	0.257
2673	1.117
2674	0.257
2675	-0.263
2676	-0.103
2677	-0.143
2678	-0.083
2679	-0.353
2680	-0.523
2681	0.817
2682	0.377
2683	-0.003
2684	1.037
2685	0.527
2686	0.217
2687	0.157
2688	-0.203
2689	0.207
2690	0.037
2691	-0.193
2692	-0.183
2693	0.627
2694	0.137
2695	-0.183
2696	0.107
2697	0.387
2698	0.217
2699	-0.243
2700	-0.443
2701	-0.123
2702	-0.253
2703	0.067
2704	-0.683
2705	0.387
2706	0.217
2707	0.407
2708	0.167
2709	-0.073
2710	0.217
2711	0.707
2712	-0.103
2713	0.927
2714	1.137
2715	0.407
2716	0.007
2717	0.257
2718	0.087
2719	-0.063
2720	-0.053
2721	0.037
2722	-0.023
2723	-0.943
2724	0.087
2725	-0.143
2726	-1.523
2727	-0.473
2728	0.357
2729	-0.073
2730	-0.343
2731	-0.053
2732	-0.203
2733	0.247
2734	0.047
2735	0.847
2736	0.587
2737	0.567
2738	0.267
2739	0.047
2740	-0.173
2741	0.597
2742	0.237
2743	0.837
2744	0.287
2745	0.307
2746	-0.073
2747	0.347
2748	-0.033
2749	0.247
2750	-0.283
2751	0.247
2752	0.607
2753	-0.083
2754	-0.293
2755	1.167
2756	-0.153
2757	0.527
2759	0.077
2760	0.587
2761	-0.503
2762	0.197
2763	0.037
2764	0.377
2765	-0.113
2766	0.187
2767	-0.003
2768	-0.353
2769	-0.053
2770	0.487
2771	0.227
2772	0.417
2773	-0.293
2774	-0.033
2775	-0.113
2776	-0.003
2777	0.097
2778	-0.033
2779	0.587
2780	0.247
2781	0.187
2782	-0.353
2783	0.127
2784	-0.193
2785	0.187
2786	0.217
2787	0.227
2788	-0.413
2789	-0.043
2790	-0.203
2791	-0.403
2792	-0.373
2793	0.007
2794	0.717
2795	-0.063
2796	0.487
2797	-0.503
2798	0.127
2799	0.447
2800	0.107
2801	-0.153
2802	0.307
2803	-0.083
2804	0.097
2805	0.517
2806	-0.353
2807	-0.683
2808	0.377
2809	-0.023
2810	0.437
2811	-0.173
2812	0.207
2813	-0.083
2814	0.217
2815	-0.053
2816	0.207
2817	0.197
2818	0.147
2819	0.227
2820	-0.383
2821	-0.253
2822	0.487
2823	-0.363
2824	-0.133
2825	-0.133
2826	-0.133
2827	0.057
2828	0.037
2829	-0.323
2830	0.067
2831	-0.233
2832	0.107
2833	-0.373
2834	0.177
2835	-0.123
2836	0.237
2837	0.167
2838	0.097
2839	0.087
2840	0.157
2841	-0.143
2842	0.847
2843	0.137
2844	-0.073
2845	0.527
2846	0.437
2847	-0.343
2848	0.357
2849	0.087
2850	0.007
2851	0.077
2852	0.117
2853	-0.113
2854	0.197
2855	-0.303
2856	-0.143
2857	0.117
2858	-0.233
2859	-0.343
2860	0.247
2861	0.177
2862	0.177
2863	0.367
2864	0.197
2865	-0.363
2866	-0.333
2867	-0.363
2868	-0.043
2869	-0.193
2870	-0.473
2871	-0.233
2872	0.467
2873	-0.083
2874	0.467
2875	-0.053
2876	-0.163
2877	0.007
2878	-0.013
2879	0.337
2880	0.267
2881	0.017
2882	0.117
2883	-0.093
2884	0.217
2885	-0.263
2886	-0.303
2887	-0.213
2888	0.697
2889	-0.423
2890	-0.033
2891	-0.313
2892	0.447
2893	0.147
2894	-0.153
2895	-0.553
2896	0.047
2897	0.247
2898	0.257
2899	-0.343
2900	0.467
2901	1.177
2902	-0.143
2903	-0.203
2904	0.767
2905	-0.063
2906	0.237
2907	-0.353
2908	0.007
2909	0.257
2910	-0.433
2911	1.137
2912	-0.193
2913	0.187
2914	0.177
2915	0.367
2916	-0.063
2917	-0.143
2918	0.157
2919	0.217
2920	0.027
2921	-0.043
2922	0.227
2923	-0.543
2924	0.657
2925	0.237
2926	0.227
2927	-0.013
2928	0.287
2929	0.057
2930	0.107
2931	-0.073
2932	0.417
2933	0.117
2934	0.107
2935	0.197
2936	-0.333
2937	-0.413
2938	0.477
2939	0.337
2940	0.677
2941	0.307
2942	-0.083
2943	0.377
2944	-0.073
2945	-0.123
2946	0.107
2947	-0.123
2948	-0.003
2949	-0.053
2950	-0.233
2951	0.107
2952	-0.013
2953	-0.333
2954	-0.083
2955	0.197
2956	-0.133
2957	0.487
2958	-0.323
2959	-0.283
2960	-0.163
2961	-0.253
2962	0.027
2963	0.037
2964	0.337
2965	0.167
2966	0.387
2967	0.077
2968	0.277
2969	-0.153
2970	0.197
2971	0.147
2972	0.407
2973	0.387
2974	0.307
2975	0.147
2976	-0.083
2977	0.267
2978	0.097
2979	0.287
2980	0.277
2981	-0.143
2982	0.827
2983	0.327
2984	-0.173
2985	0.037
2986	0.097
2987	-0.293
2988	-0.383
2989	-0.213
2990	-0.023
2991	-0.193
2992	0.827
2993	0.327
2994	0.037
2995	0.037
2996	0.317
2997	0.247
2998	0.437
2999	0.047
3000	0.107
3001	-0.393
3002	0.437
3003	-0.013
3004	0.567
3005	0.087
3006	0.567
3007	-0.213
3008	0.107
3009	-0.463
3010	-0.513
3011	-0.263
3012	0.377
3013	-0.353
3014	-0.133
3015	-0.503
3016	-0.133
3017	0.297
3018	0.117
3019	-0.283
3020	0.047
3021	0.157
3022	0.307
3023	0.097
3024	-0.363
3025	0.317
3026	-0.143
3027	-0.083
3028	0.757
3029	0.007
3030	0.027
3031	-0.293
3032	-0.073
3033	-0.583
3034	-0.623
3035	-0.293
3036	-0.533
3037	-0.673
3038	-0.043
3039	-0.463
3040	0.027
3041	-0.073
3042	-0.343
3043	-0.213
3044	-0.043
3045	0.277
3046	-0.313
3047	-0.253
3048	0.167
3049	0.497
3050	-0.293
3051	0.227
3052	0.217
3053	0.057
3054	0.247
3055	-0.453
3056	0.377
3057	-0.063
3058	0.167
3059	0.117
3060	-0.083
3061	-0.373
3062	-0.453
3063	-0.073
3064	0.227
3065	-0.093
3066	-0.143
3067	-0.273
3068	-0.233
3069	-0.443
3070	0.037
3071	-0.013
3072	-0.023
3073	-0.283
3074	-0.043
3075	0.207
3076	-0.473
3077	-0.103
3078	0.197
3079	-0.263
3080	-0.123
3081	-0.173
3082	-0.013
3083	-0.403
3084	-0.103
3085	-0.093
3086	0.087
3087	-0.263
3088	-0.263
3089	0.117
3090	0.537
3091	0.077
3092	0.097
3093	0.147
3094	-0.123
3095	0.117
3096	-0.193
3097	-0.133
3098	-0.023
3099	-0.003
3100	-0.663
3101	-0.753
3102	-0.723
3103	-0.953
3104	-0.863
3105	-1.153
3106	-1.053
3107	-0.243
3108	0.207
3109	-0.533
3110	-0.283
3111	-0.863
3112	-0.123
3113	-0.193
3114	-0.323
3115	0.087
3116	0.057
3117	0.087
3118	0.007
3119	0.217
3120	0.007
3121	0.197
3122	-0.013
3123	-0.073
3124	-0.193
3125	-0.043
3126	0.037
3127	-0.163
3128	0.067
3129	0.047
3130	0.057
3131	-0.153
3132	0.067
3133	-0.123
3134	-0.173
3135	-0.153
3136	-0.093
3137	-0.243
3138	-0.183
3139	-0.253
3140	-0.073
3141	-0.073
3142	-0.343
3143	-0.103
3144	-1.613
3145	-0.203
3146	-0.013
3147	-3.203
3148	-1.863
3149	-1.023
3150	-0.863
3151	-0.993
3152	0.677
3153	0.367
3154	0.587
3155	-0.063
3156	-0.443
3157	-1.263
3158	-0.363
3159	-0.183
3160	0.147
3161	-0.253
3162	0.357
3163	-0.363
3164	-0.273
3165	-0.283
3166	0.027
3167	-0.173
3168	0.147
3169	-0.303
3170	-0.223
3171	-0.173
3172	0.097
3173	-0.223
3174	-0.153
3175	0.097
3176	-0.083
3177	-0.643
3178	-0.703
3179	-0.413
3180	0.017
3181	-0.163
3182	-0.073
3183	-0.063
3184	0.497
3185	-0.013
3186	0.667
3187	0.307
3188	0.277
3189	-0.013
3190	-0.163
3191	-0.333
3192	0.227
3193	-0.503
3194	-0.363
3195	-0.403
3196	-0.083
3197	0.147
3198	-0.133
3199	0.397
3200	0.077
3201	-0.103
3202	-0.143
3203	-0.123
3204	-0.133
3205	-0.303
3206	-0.163
3207	-0.413
3208	0.287
3209	-0.043
3210	-0.463
3211	-0.273
3212	0.047
3213	-0.303
3214	0.047
3215	-0.473
3216	0.197
3217	-0.153
3218	-0.423
3219	-0.233
3220	0.267
3221	0.047
3222	-0.023
3223	-0.313
3224	0.367
3225	0.447
3226	0.097
3227	-0.153
3228	-0.343
3229	-0.143
3230	-0.033
3231	-0.043
3232	-0.243
3233	-0.013
3234	0.517
3235	-0.653
3236	0.807
3237	1.087
3238	0.097
3239	-0.063
3240	-0.383
3241	-0.463
3242	0.407
3243	0.007
3244	0.467
3245	0.597
3246	-0.063
3247	0.367
3248	0.197
3249	-0.203
3250	0.067
3251	-0.053
3252	-0.283
3253	-0.153
3254	-0.063
3255	-0.163
3256	0.097
3257	-0.553
3258	-0.283
3259	0.017
3260	0.077
3261	-0.163
3262	0.237
3263	-0.103
3264	0.537
3265	-0.543
3266	-0.273
3267	-0.193
3268	-0.313
3269	-0.523
3270	-0.413
3271	-0.383
3272	0.167
3273	0.237
3274	0.207
3275	0.947
3276	0.647
3277	0.857
3278	0.567
3279	-0.183
3280	0.267
3281	0.527
3282	0.447
3283	0.477
3284	0.037
3285	0.837
3286	-0.093
3287	-0.233
3288	1.457
3289	-0.493
3290	-0.323
3291	-0.113
3292	0.637
3293	0.277
3294	0.497
3295	-0.093
3296	0.087
3297	-0.503
3298	-0.113
3299	-0.013
3300	-0.253
3301	-0.313
3302	0.517
3303	0.007
3304	-0.123
3305	-0.253
3306	0.137
3307	-0.303
3308	0.337
3309	-0.583
3310	0.357
3311	-0.323
3312	0.427
3313	0.187
3314	0.417
3315	0.217
3316	0.227
3317	0.707
3318	0.217
3319	-0.073
3320	0.037
3321	-0.013
3322	0.287
3323	0.007
3324	1.047
3325	-0.063
3326	-0.233
3327	-0.433
3328	-0.203
3329	-0.143
3330	0.417
3331	0.207
3332	0.147
3333	-0.103
3334	-0.013
3335	-0.463
3336	-0.023
3337	-0.123
3338	-0.053
3339	0.187
3340	-0.183
3341	-0.053
3342	0.117
3343	-0.273
3344	-0.123
3345	1.427
3346	0.297
3347	-0.283
3348	0.527
3349	-0.163
3350	-0.073
3351	-0.333
3352	0.067
3353	-0.053
3354	0.657
3355	0.287
3356	0.047
3357	-0.173
3358	0.217
3359	0.527
3360	-0.093
3362	0.117
3363	0.907
3365	0.217
3366	-0.043
3367	0.027
3368	0.087
3369	-0.133
3370	0.017
3371	0.157
3372	0.517
3373	0.367
3374	0.297
3375	-0.023
3376	-0.033
3377	-0.143
3378	-0.083
3379	0.207
3380	0.077
3381	0.117
3382	0.307
3383	-0.043
3384	-0.163
3385	0.117
3386	1.047
3387	-0.323
3388	-0.323
3389	-0.083
3390	-0.173
3391	0.357
3392	0.077
3393	0.177
3394	0.187
3395	-0.113
3396	0.107
3397	-0.213
3398	0.007
3399	-0.393
3400	-0.023
3401	-0.063
3402	-0.213
3403	0.817
3404	1.887
3405	-0.203
3406	0.067
3407	0.677
3408	0.177
3409	0.017
3410	0.407
3411	-0.333
3412	0.437
3413	0.297
3414	0.497
3415	0.217
3416	0.147
3417	0.017
3418	-0.133
3419	-0.303
3420	-0.223
3421	0.597
3422	-0.113
3423	-0.243
3424	0.317
3425	-0.423
3426	-0.303
3427	-0.403
3428	0.547
3429	0.377
3430	0.417
3431	-0.033
3432	0.257
3433	0.407
3434	0.287
3435	-0.063
3436	-0.573
3437	-0.143
3438	0.057
3439	0.157
3440	0.407
3441	0.077
3442	-0.023
3443	0.067
3444	0.017
3445	-0.173
3446	-0.273
3447	-0.053
3448	0.327
3449	-0.353
3450	-0.373
3451	-0.163
3452	0.167
3453	-0.013
3454	0.407
3455	0.227
3456	-0.173
3457	0.087
3458	-0.273
3459	0.937
3460	0.877
3461	-0.083
3462	0.077
3463	-0.093
3464	-0.003
3465	-0.223
3466	0.017
3467	-0.233
3468	0.297
3469	-0.383
3470	-0.153
3471	-0.263
3472	-0.223
3473	-0.193
3474	0.277
3475	-0.443
3476	-0.133
3477	-0.223
3478	-0.183
3479	-0.313
3480	-0.163
3481	-0.303
3482	-1.033
3483	-0.343
3484	0.237
3485	-0.043
3486	0.067
3487	-0.203
3488	0.417
3489	0.237
3490	0.117
3491	0.257
3492	0.127
3493	0.007
3494	0.037
3495	0.127
3496	0.417
3497	-0.063
3498	0.327
3499	-0.263
3500	0.647
3501	0.177
3502	-0.003
3503	-0.183
3504	0.367
3505	-0.123
3506	0.487
3507	0.287
3508	0.207
3509	-0.273
3510	0.037
3511	-0.523
3512	0.057
3513	-0.233
3514	-0.323
3515	-0.273
3516	0.097
3517	0.007
3518	-0.203
3519	0.297
3520	0.487
3521	0.077
3522	-0.103
3523	-0.593
3524	0.207
3525	0.177
3526	1.357
3528	0.757
3529	0.317
3530	0.047
3531	0.787
3532	0.487
3533	0.017
3534	0.217
3537	-0.333
3538	0.127
3539	-0.043
3540	0.147
3541	-0.073
3542	0.637
3543	0.047
3544	-0.063
3545	0.217
3546	0.227
3547	0.017
3548	-0.023
3549	-0.063
3550	-0.333
3551	-0.023
3552	-0.283
3553	0.497
3554	0.077
3555	0.047
3556	0.387
3557	-0.083
3558	-0.313
3559	-0.063
3560	0.247
3561	-0.003
3562	-0.163
3563	-0.083
3564	-0.083
3565	0.087
3566	-0.113
3567	0.017
3568	0.107
3569	-0.163
3570	-0.063
3571	0.507
3572	0.147
3573	0.037
3574	-0.053
3575	0.187
3576	-0.253
3577	0.427
3578	0.077
3579	0.427
3580	0.067
3581	-0.143
3582	-0.053
3583	-0.033
3584	0.297
3585	0.027
3586	0.127
3587	0.247
3588	0.247
3589	0.197
3590	-0.123
3591	-0.183
3592	-0.183
3593	-0.143
3594	-0.173
3595	0.057
3596	-0.023
3597	0.247
3598	-0.473
3599	0.067
3600	-0.273
3601	-0.013
3602	-0.163
3603	-0.063
3604	0.237
3605	0.057
3606	0.327
3607	0.227
3608	-0.023
3609	0.097
3610	-0.393
3611	0.577
3612	-0.073
3613	-0.303
3614	-0.253
3615	-0.343
3616	-0.063
3617	0.327
3619	0.037
3620	1.467
3621	-0.193
3622	0.717
3623	0.017
3624	0.147
3625	-0.013
3626	0.807
3627	0.487
3628	0.027
3629	0.197
3630	0.187
3631	-0.073
3632	-0.173
3633	-0.163
3634	0.677
3635	0.757
3636	0.467
3637	-0.003
3638	-0.183
3639	-0.333
3640	-0.183
3641	-0.073
3642	0.207
3643	0.217
3644	-0.063
3645	0.087
3646	0.457
3647	0.187
3648	-0.093
3649	0.247
3650	0.247
3651	0.107
3652	-0.353
3653	0.537
3654	-0.183
3655	-0.303
3656	0.257
3657	0.067
3658	-0.033
3659	0.597
3660	0.047
3661	-0.043
3662	-0.163
3663	-0.093
3664	-0.183
3665	0.117
3666	-0.113
3667	0.247
3668	-0.033
3669	-0.303
3670	-0.003
3671	0.107
3672	0.417
3673	-0.103
3674	-0.473
3675	0.547
3676	0.467
3677	-0.003
3678	1.337
3679	0.767
3680	0.227
3681	0.247
3682	0.047
3683	-0.073
3684	-0.243
3685	-0.263
3686	-0.133
3687	-0.093
3688	-0.023
3689	-0.253
3690	0.047
3691	0.197
3692	0.317
3693	0.157
3694	0.117
3695	-0.033
3696	0.367
3697	0.017
3698	-0.103
3699	-0.203
3700	-0.033
3701	0.297
3702	0.287
3703	-0.023
3704	0.537
3705	-0.393
3706	-0.473
3707	0.007
3708	0.207
3709	1.787
3710	-0.193
3711	-0.683
3712	0.217
3713	-0.403
3714	0.067
3715	-0.413
3716	0.507
3717	0.007
3718	0.117
3719	-0.273
3720	0.207
3721	-0.263
3722	-0.363
3723	0.177
3724	0.137
3725	0.737
3726	1.217
3727	0.527
3728	0.477
3729	-0.243
3730	0.107
3731	0.577
3732	-0.163
3733	-0.473
3734	0.607
3735	0.337
3736	0.587
3737	-0.303
3738	0.027
3739	-0.113
3740	0.367
3741	-0.513
3742	-0.263
3743	-0.783
3744	0.057
3745	-0.283
3746	0.527
3747	-0.073
3748	-0.173
3749	-0.173
3750	-0.093
3751	-0.543
3752	-0.053
3753	0.197
3754	-0.003
3755	-0.183
3756	-0.063
3757	-0.523
3758	-0.173
3759	-0.303
3760	0.177
3761	0.337
3762	0.217
3763	0.297
3764	-0.293
3765	-0.793
3766	0.017
3767	0.017
3768	0.327
3769	-0.013
3770	0.197
3771	-0.003
3772	-0.073
3773	-0.373
3774	0.317
3775	0.827
3776	0.537
3777	0.227
3778	-0.313
3779	-0.513
3780	-0.193
3781	0.237
3782	-0.073
3783	-0.443
3784	-0.263
3785	-0.203
3786	0.127
3787	-0.103
3788	-0.023
3789	-0.603
3790	0.077
3791	-0.133
3792	0.337
3793	-0.203
3794	0.127
3795	0.177
3796	-0.103
3797	-0.493
3798	0.297
3799	-0.193
3800	0.087
3801	0.797
3802	-0.003
3803	-0.223
3804	-0.313
3805	-0.323
3806	0.177
3807	-0.613
3808	-0.213
3809	-0.143
3810	0.037
3811	-0.353
3812	-0.013
3813	-0.213
3814	0.267
3815	-0.393
3816	0.027
3817	-0.193
3818	0.007
3819	-0.233
3820	-0.173
3821	0.047
3822	-0.053
3823	0.137
3824	-0.093
3825	-0.283
3826	0.577
3827	0.017
3828	-0.253
3829	0.227
3830	0.597
3831	-0.173
3832	-0.013
3833	-0.433
3834	-0.293
3835	-0.043
3836	0.057
3837	-0.393
3838	-0.123
3839	-0.393
3840	0.047
3841	-0.273
3842	-0.183
3843	-0.063
3844	0.017
3845	-0.253
3846	0.347
3847	0.217
3848	0.907
3849	0.337
3850	-0.003
3851	-0.193
3852	-0.143
3853	0.067
3854	0.077
3855	-0.193
3856	-0.053
3857	-0.123
3858	-0.303
3859	-0.213
3860	0.347
3861	0.107
3862	0.177
3863	-0.013
3864	-0.943
3865	0.227
3866	-0.103
3867	-0.033
3868	0.187
3869	-0.333
3870	0.047
3871	-0.363
3872	-0.313
3873	0.327
3874	0.247
3875	-0.323
3876	-0.283
3877	-0.583
3878	0.177
3879	0.447
3880	0.467
3881	-0.283
3882	-0.473
3883	-0.093
3884	0.397
3885	0.417
3886	0.197
3887	-0.243
3888	-0.023
3889	-0.043
3890	-0.143
3891	-0.333
3892	-0.303
3893	-0.403
3894	-0.093
3895	0.617
3896	0.277
3897	0.217
3898	0.377
3899	-0.143
3900	0.377
3901	0.147
3902	0.187
3903	0.577
3904	0.337
3905	-0.043
3906	0.077
3907	-0.003
3908	0.197
3909	-0.053
3910	0.197
3911	-0.273
3912	-0.033
3913	-0.163
3914	-0.263
3915	0.507
3916	1.267
3917	0.267
3918	0.437
3919	0.017
3920	0.667
3921	0.067
3922	0.317
3923	-0.103
3924	0.107
3925	0.077
3926	0.047
3927	0.267
3928	0.217
3929	1.107
3930	0.237
3931	0.137
3932	0.287
3933	-0.053
3934	0.187
3935	-0.113
3936	-0.713
3937	-0.283
3938	0.367
3939	-0.333
3940	0.457
3941	-0.273
3942	0.377
3943	0.057
3944	0.337
3945	0.627
3946	0.137
3947	0.687
3948	-0.083
3949	0.097
3950	-0.003
3951	0.217
3952	0.247
3953	-0.333
3954	-0.033
3955	-0.143
3956	0.497
3957	0.207
3958	0.087
1464	0.257
3959	0.547
3960	-0.133
3961	-0.163
3962	-0.233
3963	-0.293
3964	-0.033
3965	0.467
3966	-0.223
3967	0.297
3968	0.047
3969	0.337
3970	-0.213
1766	0.127
3971	0.047
3972	0.037
3973	-0.393
3974	0.017
3975	0.217
3976	0.367
3977	0.017
3978	0.367
3979	0.577
3980	0.137
3981	0.007
1932	0.177
3982	-0.423
3983	-0.083
3984	-0.343
3985	0.267
3986	-0.813
3987	-0.173
3988	0.097
3989	-0.203
3990	-0.533
3991	0.647
3992	-0.203
3993	-0.083
3994	0.337
2098	-0.243
3995	0.007
3996	0.107
3997	0.547
3998	0.577
3999	0.057
4000	-0.173
4001	0.927
4002	0.147
4003	-0.163
4004	0.237
4005	-0.183
4006	-0.193
4007	-0.163
4008	0.287
4009	-0.543
4010	0.237
4011	-0.193
4012	-0.083
4013	-0.073
4014	-0.143
4015	0.107
4016	0.007
4017	1.697
4018	0.447
4019	1.217
4020	0.007
4021	1.157
4022	0.037
4023	-0.143
4024	0.217
4025	-0.303
4026	0.337
4027	-0.443
4028	0.097
2758	0.187
4029	0.307
4030	-0.303
4031	0.287
4032	0.457
4033	0.027
4034	0.547
4035	-0.033
4036	0.267
4037	0.027
4038	-0.483
4039	0.147
4040	-0.053
4041	-0.033
4042	0.037
4043	-0.303
4044	0.107
4045	1.097
4046	-0.123
4047	-0.313
4048	-0.303
4049	-0.313
4050	-0.253
4051	0.027
4052	0.147
4053	0.007
4054	-0.093
4055	-0.013
4056	0.277
4057	-0.223
4058	0.567
4059	0.177
4060	0.027
4061	-0.113
4062	-0.053
4063	0.377
4064	-0.873
3361	-0.443
3364	-0.283
4065	0.127
4066	0.047
4067	0.377
4068	0.927
4069	0.077
3527	0.397
4070	0.157
4071	-0.203
4072	0.267
3618	0.807
4073	0.137
4074	0.067
4075	-0.133
4076	-0.013
4077	-0.303
4078	0.287
4079	0.157
4080	0.017
4081	0.587
4082	0.037
4083	0.737
4084	-0.213
4085	-0.013
4086	0.207
4087	-0.033
4088	0.127
4089	0.027
4090	-0.193
21	-0.203
4091	-0.273
4092	0.037
4093	-0.083
4094	0.107
4095	-0.313
4096	-0.003
4097	-0.323
4098	0.567
4099	0.107
4100	-0.123
4101	0.067
4102	-0.133
4103	-0.143
4104	0.467
4105	0.197
4106	0.047
4107	0.337
4108	0.497
4109	0.217
4110	-1.453
4111	0.017
4112	0.087
4113	-0.243
4114	1.137
4115	0.197
4116	-0.023
4117	0.467
4118	0.677
796	-0.063
4119	-0.113
4120	0.507
4121	-0.133
839	-0.173
4122	0.227
4123	-0.463
4124	0.497
4125	-0.353
4126	0.107
4127	-0.203
4128	0.427
4129	0.917
987	0.177
4130	0.857
4131	0.107
4132	-0.293
4133	0.057
4134	-0.103
4135	0.597
1076	0.637
4136	-0.053
4137	-0.083
1101	0.487
4138	-0.003
4139	-0.073
4140	-0.203
4141	-0.013
4142	-0.023
4143	-0.383
4144	0.337
4145	0.077
4146	0.117
984	0.227
1096	0.397
4147	0.237
4148	0.017
4149	0.067
4150	0.317
4151	0.307
4152	-0.183
4153	0.007
4154	-0.593
4155	0.317
4156	-0.283
4157	0.787
4158	-0.243
4159	0.297
4160	-0.323
4161	-0.013
4162	-0.083
4163	0.597
4164	0.427
4165	-0.063
4166	-0.163
4167	0.227
4168	-0.403
4169	0.067
4170	-0.223
4171	-0.033
280	0.127
4172	0.327
4173	-0.503
4174	-0.253
4175	0.037
4176	-0.123
4177	0.437
4178	-0.063
4179	0.277
4180	0.357
4181	0.197
4182	-0.233
750	0.277
4183	0.247
4184	0.167
4185	0.067
4186	0.057
4187	-0.053
4188	-0.243
4189	-0.233
4190	0.227
4191	0.247
4192	-0.173
4193	-0.103
4194	-0.163
4195	0.957
4196	0.897
4197	-0.273
4198	0.237
4199	-0.033
4200	-0.073
4201	0.017
4202	-0.033
4203	-0.273
4204	-0.133
4205	0.127
4206	0.037
4207	-0.113
4208	0.197
4209	0.967
4210	-0.073
4211	-0.083
4212	-0.633
4213	0.267
4214	-0.233
4215	-0.463
4216	0.927
4217	0.037
4218	-0.093
4219	-0.423
4220	0.217
4221	0.677
4222	0.597
4223	-0.103
4224	-0.043
4225	-0.163
4226	-0.123
4227	-0.053
4228	0.257
4229	0.047
4230	0.367
4231	-0.203
4232	0.067
4233	0.287
4234	-0.033
4235	0.137
4236	0.417
4237	0.447
4238	-0.043
4239	0.877
4240	-0.083
4241	0.467
4242	-0.113
4243	0.027
4244	0.017
4245	0.277
4246	0.077
3535	0.237
3536	0.217
4247	-0.033
4248	0.787
4249	0.237
4250	-0.443
4251	0.227
4252	0.097
4253	-0.143
4254	-0.063
4255	0.077
4256	-0.373
4257	0.057
4258	0.537
4259	0.187
4260	0.177
1831	-0.213
4261	0.397
4262	-2.073
4263	-0.593
4264	0.267
4265	0.277
4266	0.067
4267	0.097
4268	0.317
4269	-0.053
4270	0.347
4271	-0.313
4272	0.197
4273	0.167
4274	0.237
4275	0.227
4276	0.377
4277	0.387
4278	-0.293
4279	0.317
4280	0.017
4281	-0.023
4282	0.037
4283	-0.343
1461	0.637
4284	0.067
4285	0.847
4286	0.347
4287	0.317
4288	0.667
4289	0.777
4290	0.557
4291	-0.123
4292	0.137
4293	0.887
4294	0.067
4295	0.247
