1	0.324
2	0.064
3	-0.006
4	0.144
5	-0.116
6	0.204
7	-0.036
8	0.054
9	0.404
10	0.364
11	0.294
12	0.154
13	0.084
14	0.184
15	-0.146
16	0.384
17	0.384
18	0.044
19	-0.256
20	0.184
22	-0.216
23	-0.246
24	-0.096
25	-0.106
26	-0.116
27	0.104
28	0.304
29	0.364
30	0.104
31	-0.386
32	0.034
33	0.124
34	0.234
35	0.114
36	0.304
37	-0.046
38	-0.016
39	-0.096
40	-0.276
41	-0.086
42	0.014
43	-0.476
44	0.174
45	0.084
46	-0.096
47	-0.236
48	-0.016
49	0.154
50	-0.176
51	0.204
52	0.294
53	0.104
54	-0.406
55	-0.116
56	-0.266
57	-0.026
58	-0.256
59	-0.396
60	-0.316
61	0.114
62	-0.136
63	-0.026
64	-0.106
65	-0.306
66	0.214
67	-0.016
68	0.124
69	0.144
70	-0.026
71	0.054
72	0.244
73	0.274
74	0.074
75	-0.126
76	0.144
77	0.344
78	0.224
79	-0.146
80	0.364
81	0.134
82	0.104
83	-0.296
84	0.404
85	0.024
86	0.324
87	0.044
88	0.004
89	0.214
90	0.044
91	-0.056
92	-0.096
93	0.054
94	-0.276
95	0.324
96	-0.016
97	-0.016
98	0.534
99	0.554
100	0.444
101	0.224
102	0.444
103	0.524
104	0.074
105	-0.266
106	0.124
107	0.614
108	0.094
109	0.224
110	0.044
111	-0.076
112	0.084
113	-0.016
114	-0.366
115	-0.066
116	-0.236
117	0.294
118	-0.056
119	0.484
120	-0.036
121	-0.066
122	0.194
123	-0.116
124	-0.196
125	-0.006
126	0.154
127	0.094
128	0.174
129	0.014
130	0.094
131	-0.156
132	0.094
133	0.164
134	-0.316
135	-0.016
136	-0.086
137	0.014
138	0.224
139	0.084
140	-0.086
141	0.494
142	-0.056
143	-0.126
144	-0.256
145	0.064
146	-0.326
147	0.104
148	0.194
149	0.064
150	0.004
151	0.184
152	-0.016
153	0.394
154	0.024
155	-0.126
156	0.114
157	0.214
158	0.004
159	-0.126
160	0.304
161	0.474
162	0.294
163	0.084
164	0.094
165	-0.046
166	-0.146
167	-0.226
168	-0.036
169	-0.056
170	-0.276
171	-0.056
172	0.164
173	0.064
174	0.284
175	0.054
176	0.064
177	0.094
178	0.234
179	0.234
180	-0.096
181	0.294
182	0.144
183	0.554
184	-0.096
185	0.004
186	-0.086
187	-0.086
188	-0.056
189	0.044
190	0.044
191	-0.226
192	-0.236
193	-0.006
194	0.024
195	0.044
196	-0.006
197	0.184
198	0.424
199	0.284
200	0.124
201	0.324
202	0.004
203	0.034
204	-0.286
205	0.274
206	0.134
207	-0.046
208	0.004
209	0.074
210	-0.196
211	-0.076
212	0.344
213	0.014
214	-0.046
215	0.204
216	-0.086
217	-0.086
218	-0.016
219	0.134
220	0.114
221	0.124
222	-0.196
223	-0.066
224	-0.016
225	-0.146
226	-0.146
227	-0.116
228	-0.126
229	-0.446
230	0.014
231	-0.106
232	0.014
233	0.024
234	-0.086
235	0.124
236	0.004
237	0.034
238	0.184
239	-0.106
240	-0.266
241	0.384
242	0.154
243	0.154
244	0.114
245	0.084
246	0.054
247	-0.016
248	0.264
249	0.234
250	0.234
251	0.144
252	-0.016
253	0.054
254	-0.206
255	-0.416
256	-0.116
257	0.234
258	0.084
259	-0.106
260	0.154
261	-0.106
262	0.074
263	0.154
264	-0.066
265	0.074
266	-0.036
267	-0.096
268	0.004
269	-0.286
270	-0.356
271	-0.336
272	0.104
273	0.084
274	-0.366
275	-0.096
276	-0.196
277	-0.286
278	-0.116
279	0.014
281	0.094
282	1.074
283	0.434
284	0.764
285	0.514
286	0.554
287	0.464
288	0.484
289	0.384
290	0.304
291	0.244
292	0.474
293	0.204
294	0.474
295	0.184
296	-0.176
297	-0.126
298	-0.006
299	0.224
300	-0.116
301	-0.066
302	0.114
303	0.034
304	-0.296
305	0.074
306	0.574
307	0.324
308	-0.126
309	0.064
310	0.074
311	0.124
312	0.054
313	0.134
314	-0.066
315	-0.386
316	-0.096
317	-0.456
318	-0.016
319	-0.426
320	-0.106
321	0.234
322	-0.256
323	-0.026
324	-0.236
325	-0.106
326	0.244
327	-0.176
328	-0.016
329	-0.066
330	-0.156
331	-0.026
332	0.124
333	0.114
334	-0.056
335	0.194
336	0.314
337	0.174
338	0.354
339	-0.216
340	0.474
341	-0.146
342	-0.136
343	0.124
344	0.004
345	0.104
346	0.164
347	0.554
348	0.234
349	-0.036
350	0.514
351	0.344
352	0.424
353	0.064
354	-0.116
355	-0.026
356	0.274
357	0.574
358	-0.276
359	-0.286
360	0.274
361	0.114
362	-0.046
363	0.434
364	0.134
365	0.214
366	0.124
367	-0.106
368	0.304
369	-0.066
370	-0.086
371	0.024
372	0.084
373	-0.196
374	0.204
375	-0.116
376	0.104
377	-0.156
378	-0.176
379	0.074
380	0.124
381	-0.366
382	-0.126
383	-0.206
384	0.164
385	-0.356
386	-0.046
387	0.034
388	-0.236
389	0.204
390	0.144
391	-0.196
392	-0.296
393	0.224
394	-0.166
395	-0.066
396	0.044
397	-0.176
398	0.194
399	0.174
400	-0.286
401	0.154
402	-0.056
403	0.134
404	0.544
405	0.254
406	-0.686
407	-0.146
408	0.114
409	0.074
410	0.104
411	-0.076
412	0.044
413	0.184
414	0.134
415	0.114
416	-0.016
417	-0.296
418	0.044
419	-0.156
420	0.084
421	-0.096
422	-0.046
423	-0.026
424	0.184
425	0.104
426	0.164
427	0.134
428	0.054
429	0.064
430	0.084
431	-0.166
432	-0.376
433	0.034
434	0.234
435	0.164
436	0.374
437	0.034
438	0.214
439	-0.266
440	-0.066
441	0.094
442	0.504
443	0.124
444	0.864
445	0.054
446	0.134
447	0.014
448	0.204
449	0.184
450	0.034
451	0.004
452	0.214
453	0.194
454	-0.186
455	-0.086
456	-0.066
457	0.084
458	-0.076
459	0.344
460	-0.306
461	-0.236
462	0.464
463	-0.006
464	0.144
465	0.554
466	0.434
467	0.134
468	-0.026
469	0.364
470	-0.046
471	-0.006
472	0.124
473	0.094
474	-0.106
475	0.014
476	-0.006
477	-0.086
478	0.064
479	-0.076
480	0.164
481	0.324
482	-0.116
483	-0.256
484	-0.216
485	0.344
486	-0.136
487	0.304
488	0.184
489	-0.076
490	-0.056
491	0.104
492	-0.026
493	0.094
494	-0.136
495	-0.296
496	-0.426
497	-0.156
498	-0.106
499	-0.156
500	0.104
501	-0.126
502	0.174
503	0.014
504	0.074
505	-0.126
506	-0.046
507	0.154
508	0.094
509	-0.016
510	-0.696
511	-0.046
512	-0.016
513	0.184
514	0.094
515	0.234
516	0.154
517	0.274
518	-0.206
519	-0.016
520	0.004
521	0.234
522	-0.156
523	-0.126
524	0.164
525	-0.046
526	-0.196
527	0.154
528	0.244
529	0.174
530	0.254
531	0.104
532	0.144
533	0.164
534	0.334
535	-0.026
536	0.404
537	-0.186
538	-0.476
539	-0.026
540	0.194
541	-0.106
542	0.204
543	-0.066
544	0.184
545	0.244
546	0.204
547	0.074
548	0.124
549	-0.086
550	0.244
551	-0.066
552	0.094
553	0.064
554	0.094
555	-0.266
556	-0.126
557	0.064
558	0.124
559	0.014
560	0.334
561	-0.136
562	0.134
563	0.054
564	0.004
565	-0.176
566	0.094
567	0.244
568	0.224
569	0.054
570	-0.006
571	0.064
572	0.314
573	-0.076
574	0.454
575	0.004
576	0.034
577	0.034
578	0.244
579	-0.316
580	-0.206
581	-0.146
582	0.124
583	-0.216
584	-0.026
585	-0.146
586	0.244
587	-0.026
588	0.124
589	-0.336
590	0.164
591	-0.006
592	0.294
593	0.044
594	-0.016
595	0.234
596	-0.066
597	0.084
598	-0.136
599	-0.056
600	0.434
601	0.264
602	-0.426
603	0.284
604	0.114
605	-0.046
606	-0.156
607	-0.046
608	0.004
609	-0.186
610	-0.306
611	-0.206
612	0.134
613	-0.366
614	-0.156
615	0.044
616	0.044
617	0.214
618	0.004
619	-0.056
620	-0.266
621	0.114
622	0.034
623	-0.096
624	-0.386
625	-0.226
626	-0.066
627	0.354
628	-0.076
629	-0.116
630	0.034
631	-0.046
632	-0.056
633	-0.066
634	0.224
635	0.074
636	-0.086
637	-0.146
638	-0.036
639	-0.226
640	0.534
641	0.024
642	0.204
643	-0.206
644	-0.106
645	-0.526
646	-0.186
647	-0.176
648	-0.036
649	0.164
650	-0.146
651	-0.026
652	-0.186
653	-0.206
654	0.224
655	-0.086
656	-0.016
657	0.354
658	0.014
659	-0.026
660	0.154
661	-0.266
662	-0.166
663	-0.226
664	-0.036
665	-0.126
666	0.104
667	-0.106
668	-0.176
669	0.194
670	0.074
671	-0.046
672	-0.006
673	0.284
674	-0.156
675	-0.116
676	-0.136
677	0.004
678	0.094
679	-0.026
680	-0.216
681	0.214
682	0.184
683	0.174
684	-0.056
685	-0.066
686	0.124
687	0.654
688	0.204
689	-0.086
690	-0.046
691	-0.136
692	0.114
693	-0.176
694	-0.306
695	-0.406
696	-0.336
697	-0.466
698	-0.136
699	-0.106
700	0.244
701	-0.126
702	-0.226
703	-0.096
704	-0.046
705	-0.066
706	-0.136
707	-0.076
708	-0.186
709	-0.266
710	-0.056
711	-0.386
712	-0.306
713	-0.106
714	0.034
715	0.114
716	-0.066
717	-0.196
718	-0.136
719	-0.256
720	-0.076
721	-0.106
722	-0.126
723	-0.136
724	-0.036
725	-0.076
726	0.194
727	0.004
728	0.084
729	-0.096
730	-0.176
731	-0.356
732	0.054
733	-0.056
734	0.224
735	-0.026
736	-0.346
737	-0.186
738	-0.216
739	-0.116
740	-0.156
741	-0.316
742	0.004
743	0.004
744	-0.216
745	-0.016
746	-0.106
747	-0.046
748	-0.016
749	-0.156
751	0.294
752	0.114
753	0.084
754	-0.086
755	-0.376
756	-0.006
757	0.064
758	0.654
759	-0.036
760	0.154
761	0.154
762	0.244
763	0.244
764	0.294
765	-0.116
766	0.004
767	-0.046
768	-0.106
769	0.094
770	-0.036
771	0.004
772	0.164
773	0.074
774	0.084
775	0.024
776	-0.056
777	0.094
778	-0.016
779	0.004
780	0.054
781	-0.076
782	-0.036
783	0.204
784	0.194
785	0.164
786	0.024
787	-0.206
788	-0.046
789	0.224
790	0.104
791	-0.056
792	0.134
793	0.114
794	0.054
795	0.134
797	-0.336
798	0.094
799	-0.066
800	0.024
801	0.204
802	0.354
803	0.014
804	-0.496
805	-0.026
806	-0.116
807	-0.166
808	0.354
809	0.284
810	0.184
811	-0.006
812	0.154
813	-0.056
814	-0.226
815	-0.146
816	0.154
817	-0.016
818	0.224
819	0.214
820	-0.006
821	-0.096
822	0.134
823	-0.156
824	0.324
825	0.024
826	0.304
827	0.314
828	0.364
829	-0.586
830	-0.236
831	-0.216
832	0.004
833	-0.256
834	-0.086
835	0.344
836	-0.166
837	0.084
838	-0.146
840	-0.036
841	-0.176
842	0.204
843	-0.046
844	-0.136
845	-0.126
846	0.014
847	0.024
848	-0.106
849	0.194
850	-0.116
851	0.404
852	-0.096
853	0.064
854	-0.116
855	-0.136
856	-0.036
857	0.004
858	-0.026
859	0.034
860	-0.196
861	0.014
862	-0.116
863	0.154
864	-0.206
865	-0.306
866	-0.016
867	-0.006
868	0.004
869	0.094
870	0.004
871	0.074
872	0.214
873	0.194
874	0.054
875	0.194
876	-0.196
877	-0.106
878	0.154
879	0.144
880	0.154
881	0.134
882	-0.106
883	0.694
884	-0.096
885	-0.226
886	-0.236
887	0.124
888	0.074
889	0.144
890	-0.166
891	-0.136
892	-0.116
893	-0.216
894	-0.136
895	0.024
896	0.224
897	0.014
898	0.134
899	0.184
900	-0.096
901	0.514
902	0.254
903	0.134
904	0.204
905	0.084
906	0.144
907	0.064
908	0.114
909	-0.146
910	0.214
911	0.154
912	-0.126
913	-0.226
914	-0.386
915	-0.226
916	0.144
917	0.114
918	0.214
919	0.254
920	-0.006
921	-0.166
922	0.044
923	-0.036
924	0.264
925	0.294
926	-0.136
927	-0.126
928	0.114
929	-0.026
930	-0.006
931	-0.076
932	0.154
933	0.294
934	0.294
935	0.174
936	0.194
937	0.214
938	-0.226
939	0.124
940	0.024
941	0.244
942	0.044
943	0.284
944	0.214
945	0.324
946	0.094
947	-0.136
948	0.444
949	0.124
950	-0.196
951	0.354
952	-0.146
953	0.114
954	-0.116
955	-0.036
956	-0.166
957	0.164
958	0.024
959	0.224
960	0.094
961	0.154
962	0.084
963	0.014
964	-0.396
965	-0.106
966	-0.096
967	-0.486
968	-0.796
969	-0.186
970	-0.386
971	-0.296
972	0.134
973	-1.166
974	-0.736
975	-0.596
976	-0.346
977	-0.386
978	-0.096
979	-0.736
980	-0.936
981	-0.176
982	-0.346
983	-0.916
985	-0.146
986	-0.516
988	-0.766
989	0.244
990	-0.336
991	-0.296
992	-0.246
993	-0.196
994	-0.846
995	-0.266
996	-0.786
997	-0.136
998	-0.306
999	-0.206
1000	-0.046
1001	-0.056
1002	-0.166
1003	0.254
1004	-0.126
1005	-0.066
1006	-0.326
1007	-0.216
1008	-0.196
1009	0.014
1010	-0.066
1011	-0.146
1012	0.024
1013	0.424
1014	-0.136
1015	-0.186
1016	-0.116
1017	0.084
1018	-0.206
1019	0.074
1020	-0.766
1021	0.144
1022	0.214
1023	0.054
1024	0.234
1025	0.154
1026	0.044
1027	0.074
1028	-0.246
1029	-0.256
1030	-0.016
1031	0.174
1032	0.044
1033	0.004
1034	-0.456
1035	-0.156
1036	-0.026
1037	-0.056
1038	0.184
1039	0.174
1040	0.284
1041	-0.026
1042	-0.256
1043	0.074
1044	0.284
1045	0.514
1046	0.304
1047	-0.046
1048	0.224
1049	0.054
1050	0.504
1051	-0.006
1052	-0.086
1053	0.104
1054	0.054
1055	-0.186
1056	-0.066
1057	-0.106
1058	-0.116
1059	-0.006
1060	-0.026
1061	-0.106
1062	-0.126
1063	0.134
1064	0.184
1065	0.054
1066	-0.006
1067	-0.286
1068	0.074
1069	0.154
1070	-0.126
1071	-0.136
1072	-0.066
1073	0.264
1074	-0.206
1075	-0.056
1077	-0.006
1078	0.274
1079	0.094
1080	0.674
1081	0.374
1082	-0.176
1083	-0.176
1084	-0.716
1085	-0.146
1086	0.204
1087	-0.166
1088	0.284
1089	-0.246
1090	0.254
1091	0.124
1092	-0.136
1093	-0.056
1094	-0.046
1095	0.184
1097	-0.006
1098	-0.106
1099	-0.016
1100	-0.056
1102	0.484
1103	0.134
1104	0.064
1105	-0.086
1106	0.204
1107	0.004
1108	0.324
1109	0.334
1110	-0.016
1111	-0.016
1112	0.134
1113	0.064
1114	-0.136
1115	0.104
1116	0.114
1117	-0.096
1118	0.194
1119	0.274
1120	-0.346
1121	0.024
1122	0.094
1123	-0.136
1124	0.134
1125	0.084
1126	0.034
1127	-0.036
1128	0.004
1129	-0.116
1130	-0.116
1131	0.054
1132	-0.156
1133	-0.026
1134	0.094
1135	0.064
1136	0.244
1137	0.004
1138	0.264
1139	-0.186
1140	0.164
1141	-0.146
1142	0.324
1143	-0.186
1144	-0.196
1145	0.814
1146	-0.056
1147	0.364
1148	0.324
1149	0.084
1150	0.074
1151	-0.106
1152	0.064
1153	-0.246
1154	0.144
1155	-0.216
1156	-0.326
1157	0.394
1158	-0.006
1159	-0.076
1160	0.464
1161	-0.186
1162	-0.166
1163	0.194
1164	0.004
1165	0.034
1166	0.324
1167	0.004
1168	0.214
1169	0.014
1170	0.004
1171	0.184
1172	-0.106
1173	-0.026
1174	0.014
1175	0.114
1176	-0.076
1177	0.044
1178	-0.046
1179	0.024
1180	-0.216
1181	-0.046
1182	-0.056
1183	-0.096
1184	-0.106
1185	-0.046
1186	-0.146
1187	-0.016
1188	0.324
1189	-0.106
1190	-0.286
1191	-0.196
1192	-0.266
1193	-0.216
1194	0.294
1195	0.054
1196	-0.106
1197	0.134
1198	0.004
1199	0.154
1200	0.044
1201	0.084
1202	-0.106
1203	-0.116
1204	0.034
1205	0.574
1206	0.574
1207	0.314
1208	0.454
1209	0.074
1210	0.374
1211	-0.276
1212	0.064
1213	0.044
1214	0.334
1215	-0.166
1216	0.144
1217	-0.276
1218	0.044
1219	0.554
1220	0.134
1221	0.134
1222	0.094
1223	-0.106
1224	-0.126
1225	-0.536
1226	-0.196
1227	0.034
1228	-0.196
1229	0.094
1230	-0.446
1231	0.274
1232	0.074
1233	-0.186
1234	-0.576
1235	0.054
1236	0.574
1237	0.014
1238	-0.006
1239	0.144
1240	-0.096
1241	0.074
1242	0.274
1243	-0.136
1244	0.254
1245	-0.056
1246	0.134
1247	0.024
1248	-0.226
1249	-0.156
1250	0.144
1251	-0.136
1252	0.264
1253	-0.126
1254	0.184
1255	0.234
1256	0.074
1257	0.024
1258	0.204
1259	0.224
1260	-0.166
1261	0.094
1262	-0.226
1263	0.074
1264	-0.086
1265	0.064
1266	-0.156
1267	-0.116
1268	-0.126
1269	0.054
1270	0.414
1271	0.264
1272	0.354
1273	-0.176
1274	0.234
1275	-0.366
1276	0.184
1277	0.134
1278	0.194
1279	-0.086
1280	0.244
1281	-0.036
1282	0.074
1283	0.034
1284	0.014
1285	-0.086
1286	0.114
1287	-0.046
1288	-0.056
1289	0.214
1290	0.364
1291	0.054
1292	-0.016
1293	-0.016
1294	-0.126
1295	0.094
1296	0.514
1297	0.054
1298	0.184
1299	0.024
1300	0.044
1301	0.064
1302	0.214
1303	0.084
1304	-0.056
1305	0.204
1306	0.184
1307	-0.136
1308	-0.176
1309	-0.026
1310	0.144
1311	0.164
1312	0.334
1313	0.194
1314	0.434
1315	0.434
1316	0.534
1317	0.374
1318	0.164
1319	0.274
1320	0.234
1321	0.214
1322	-0.086
1323	0.044
1324	-0.006
1325	-0.096
1326	0.304
1327	0.444
1328	0.024
1329	-0.066
1330	-0.116
1331	-0.226
1332	0.014
1333	0.014
1334	0.204
1335	0.264
1336	0.084
1337	-0.106
1338	-0.056
1339	0.024
1340	0.094
1341	-0.296
1342	0.094
1343	0.334
1344	0.424
1345	0.214
1346	0.224
1347	0.064
1348	0.054
1349	0.164
1350	0.024
1351	0.084
1352	0.014
1353	-0.016
1354	-0.136
1355	0.004
1356	0.144
1357	-0.106
1358	0.004
1359	-0.126
1360	0.094
1361	-0.106
1362	0.054
1363	-0.066
1364	-0.116
1365	-0.326
1366	-0.086
1367	0.014
1368	0.084
1369	-0.066
1370	0.264
1371	0.414
1372	0.124
1373	0.114
1374	-0.076
1375	-0.276
1376	-0.136
1377	0.034
1378	0.054
1379	0.164
1380	-0.106
1381	-0.026
1382	0.024
1383	-0.016
1384	0.244
1385	-0.096
1386	0.104
1387	0.084
1388	-0.056
1389	-0.706
1390	0.194
1391	-0.286
1392	-0.256
1393	-0.176
1394	-0.216
1395	-0.146
1396	-0.046
1397	0.264
1398	0.054
1399	0.254
1400	0.254
1401	-0.246
1402	0.034
1403	0.234
1404	0.244
1405	0.074
1406	0.344
1407	0.324
1408	0.174
1409	-0.076
1410	0.014
1411	0.324
1412	-0.036
1413	-0.216
1414	-0.206
1415	0.094
1416	-0.136
1417	-0.026
1418	0.004
1419	0.064
1420	0.204
1421	0.124
1422	-0.846
1423	-0.296
1424	-0.166
1425	-0.046
1426	0.194
1427	-0.126
1428	-0.146
1429	0.304
1430	-0.016
1431	-0.006
1432	0.064
1433	-0.086
1434	0.364
1435	0.094
1436	0.174
1437	0.304
1438	0.284
1439	-0.036
1440	0.024
1441	-0.136
1442	0.234
1443	-0.246
1444	-0.246
1445	-0.296
1446	-0.026
1447	-0.046
1448	-0.046
1449	-0.176
1450	-0.036
1451	-0.696
1452	0.184
1453	0.314
1454	-0.096
1455	0.014
1456	0.084
1457	0.044
1458	-0.146
1459	0.254
1460	0.004
1462	-0.006
1463	0.234
1465	-0.086
1466	-0.076
1467	-0.226
1468	0.064
1469	0.014
1470	0.114
1471	-0.076
1472	0.314
1473	0.114
1474	0.094
1475	0.114
1476	0.044
1477	-0.146
1478	-0.306
1479	0.124
1480	-0.146
1481	-0.296
1482	0.274
1483	0.214
1484	0.034
1485	-0.136
1486	0.144
1487	0.394
1488	-0.066
1489	-0.296
1490	-0.276
1491	0.054
1492	-0.026
1493	0.104
1494	-0.066
1495	-0.096
1496	-0.126
1497	0.064
1498	-0.046
1499	-0.066
1500	0.104
1501	-0.026
1502	0.064
1503	0.074
1504	0.194
1505	0.184
1506	-0.326
1507	-0.206
1508	-0.206
1509	-0.276
1510	0.274
1511	0.144
1512	0.174
1513	0.484
1514	0.214
1515	0.214
1516	0.154
1517	0.014
1518	-0.026
1519	0.084
1520	0.084
1521	0.064
1522	-0.126
1523	-0.166
1524	-0.256
1525	-0.486
1526	-0.046
1527	0.024
1528	-0.006
1529	-0.116
1530	0.354
1531	-0.216
1532	-0.016
1533	0.374
1534	0.044
1535	-0.146
1536	0.134
1537	-0.396
1538	0.224
1539	-0.256
1540	-0.146
1541	-0.046
1542	-0.026
1543	-0.126
1544	0.024
1545	-0.286
1546	-0.086
1547	-0.956
1548	-0.296
1549	-0.156
1550	0.004
1551	0.284
1552	0.104
1553	-0.106
1554	-0.116
1555	0.314
1556	0.064
1557	0.044
1558	-0.316
1559	0.154
1560	0.774
1561	-0.256
1562	-0.276
1563	-0.036
1564	-0.616
1565	0.094
1566	0.004
1567	-0.016
1568	0.204
1569	-0.216
1570	-0.286
1571	-0.186
1572	-0.156
1573	0.114
1574	0.104
1575	-0.016
1576	0.234
1577	0.174
1578	-0.086
1579	0.054
1580	0.014
1581	0.164
1582	0.084
1583	-0.066
1584	0.364
1585	-0.146
1586	0.134
1587	0.254
1588	0.114
1589	0.094
1590	0.054
1591	0.134
1592	0.154
1593	0.364
1594	0.454
1595	-0.276
1596	-0.256
1597	0.094
1598	0.184
1599	0.484
1600	0.274
1601	-0.076
1602	-0.086
1603	-0.046
1604	0.214
1605	0.084
1606	-0.816
1607	-0.436
1608	-0.366
1609	-0.406
1610	-0.156
1611	-0.026
1612	0.244
1613	0.234
1614	-0.036
1615	0.134
1616	-0.116
1617	0.134
1618	-0.046
1619	0.104
1620	0.034
1621	0.054
1622	0.124
1623	0.134
1624	0.244
1625	0.354
1626	0.454
1627	0.124
1628	0.164
1629	-0.006
1630	-0.166
1631	-0.066
1632	-0.146
1633	0.194
1634	0.194
1635	0.274
1636	0.184
1637	-0.396
1638	-0.056
1639	0.104
1640	0.014
1641	-0.096
1642	0.074
1643	-0.086
1644	0.084
1645	0.164
1646	0.134
1647	-0.126
1648	-0.226
1649	0.134
1650	0.204
1651	-0.346
1652	0.114
1653	0.074
1654	0.204
1655	0.104
1656	-0.066
1657	-0.446
1658	-0.236
1659	0.054
1660	-0.336
1661	0.134
1662	-0.006
1663	-0.366
1664	-0.566
1665	-0.566
1666	-0.376
1667	-0.346
1668	-0.546
1669	-0.166
1670	-0.306
1671	-0.126
1672	-0.026
1673	-0.016
1674	-0.146
1675	0.094
1676	0.154
1677	-0.296
1678	0.174
1679	-0.236
1680	0.064
1681	-0.276
1682	-0.206
1683	-0.196
1684	-0.056
1685	0.004
1686	0.034
1687	-0.036
1688	0.094
1689	0.014
1690	-0.006
1691	0.064
1692	0.104
1693	0.154
1694	-0.066
1695	-0.016
1696	0.074
1697	0.404
1698	0.284
1699	0.424
1700	0.354
1701	-0.206
1702	-1.026
1703	-0.036
1704	0.074
1705	-0.226
1706	0.124
1707	-0.166
1708	-0.086
1709	0.244
1710	0.174
1711	0.044
1712	0.114
1713	0.034
1714	0.224
1715	-0.106
1716	0.014
1717	0.004
1718	0.244
1719	0.354
1720	0.034
1721	-0.096
1722	0.184
1723	-0.116
1724	0.284
1725	0.084
1726	0.064
1727	0.014
1728	-0.026
1729	-0.056
1730	-0.156
1731	0.144
1732	0.034
1733	-0.066
1734	0.324
1735	0.184
1736	0.084
1737	0.014
1738	0.254
1739	0.044
1740	-0.046
1741	0.024
1742	0.204
1743	-0.026
1744	0.524
1745	0.284
1746	-0.056
1747	-0.006
1748	0.264
1749	0.244
1750	0.024
1751	0.214
1752	-0.266
1753	-0.236
1754	0.004
1755	0.004
1756	-0.396
1757	-0.086
1758	0.044
1759	-0.046
1760	0.144
1761	-0.186
1762	0.154
1763	0.084
1764	-0.076
1765	0.174
1767	-0.436
1768	-0.326
1769	0.064
1770	-0.146
1771	-0.346
1772	0.104
1773	-0.006
1774	0.104
1775	-0.116
1776	-0.096
1777	0.034
1778	-0.016
1779	-0.136
1780	-0.196
1781	-0.286
1782	0.094
1783	-0.036
1784	0.174
1785	-0.396
1786	-0.056
1787	-0.006
1788	-0.376
1789	-0.406
1790	0.344
1791	0.204
1792	0.524
1793	0.174
1794	-0.086
1795	0.344
1796	0.094
1797	0.404
1798	0.094
1799	-0.166
1800	0.034
1801	-0.106
1802	-0.076
1803	-0.006
1804	-0.136
1805	0.484
1806	0.234
1807	0.054
1808	0.014
1809	0.034
1810	0.074
1811	0.064
1812	-0.186
1813	-0.006
1814	-0.056
1815	-0.046
1816	-0.166
1817	-0.086
1818	-0.306
1819	-2.406
1820	-2.196
1821	-0.626
1822	-0.016
1823	0.254
1824	0.204
1825	-0.016
1826	0.104
1827	-0.396
1828	-0.376
1829	-0.306
1830	-0.566
1832	0.074
1833	0.034
1834	-0.076
1835	0.084
1836	0.124
1837	-0.076
1838	0.024
1839	-0.076
1840	0.194
1841	-0.156
1842	0.144
1843	-0.096
1844	0.044
1845	0.234
1846	0.354
1847	-0.136
1848	0.094
1849	0.204
1850	0.054
1851	-0.186
1852	-0.256
1853	-0.226
1854	-0.386
1855	0.214
1856	-0.336
1857	-0.166
1858	-0.006
1859	-0.036
1860	-0.306
1861	-0.446
1862	-0.176
1863	-0.176
1864	0.214
1865	-0.116
1866	0.114
1867	0.104
1868	-0.426
1869	-0.056
1870	0.144
1871	-0.036
1872	0.064
1873	-0.026
1874	-0.296
1875	-0.136
1876	-0.056
1877	-0.066
1878	0.004
1879	-0.016
1880	0.034
1881	0.004
1882	-0.036
1883	0.194
1884	-0.076
1885	-0.076
1886	0.364
1887	0.304
1888	-0.016
1889	0.094
1890	0.134
1891	0.034
1892	0.024
1893	-0.156
1894	0.114
1895	-0.136
1896	-0.026
1897	-0.076
1898	0.194
1899	-0.166
1900	-0.236
1901	-0.376
1902	0.134
1903	-0.126
1904	0.294
1905	-0.296
1906	-0.136
1907	-0.316
1908	-0.076
1909	-0.186
1910	0.034
1911	0.014
1912	0.174
1913	0.014
1914	-0.106
1915	0.204
1916	0.204
1917	0.224
1918	-0.156
1919	-0.446
1920	-0.136
1921	0.064
1922	0.184
1923	0.154
1924	0.044
1925	0.104
1926	0.244
1927	-0.206
1928	-0.176
1929	0.174
1930	0.034
1931	0.284
1933	0.194
1934	0.124
1935	-0.006
1936	-0.066
1937	0.224
1938	0.074
1939	-0.106
1940	0.234
1941	0.054
1942	-0.296
1943	0.344
1944	-0.086
1945	0.074
1946	0.034
1947	0.294
1948	-0.076
1949	-0.006
1950	0.074
1951	-0.126
1952	0.074
1953	0.124
1954	-0.006
1955	-0.006
1956	-0.106
1957	-0.066
1958	-0.176
1959	-0.056
1960	0.124
1961	-0.216
1962	-0.146
1963	-0.136
1964	0.224
1965	-0.386
1966	-0.426
1967	-0.126
1968	0.124
1969	-0.006
1970	0.374
1971	0.144
1972	0.354
1973	-0.166
1974	-0.166
1975	-0.216
1976	-0.066
1977	0.174
1978	-0.056
1979	-0.056
1980	-0.086
1981	0.114
1982	-0.166
1983	0.054
1984	0.034
1985	-0.066
1986	0.204
1987	0.004
1988	-0.166
1989	0.104
1990	0.124
1991	0.024
1992	-0.076
1993	0.204
1994	-0.026
1995	0.624
1996	-0.306
1997	-0.136
1998	0.374
1999	-0.016
2000	0.014
2001	0.094
2002	0.154
2003	0.164
2004	-0.136
2005	-0.126
2006	-0.006
2007	-0.066
2008	-0.136
2009	0.154
2010	0.134
2011	0.124
2012	0.434
2013	-0.216
2014	0.074
2015	-0.096
2016	0.224
2017	0.024
2018	0.204
2019	0.194
2020	0.164
2021	0.264
2022	0.224
2023	0.074
2024	-0.336
2025	0.154
2026	-0.096
2027	-0.096
2028	-0.286
2029	0.134
2030	0.034
2031	0.144
2032	0.164
2033	0.194
2034	-0.086
2035	0.224
2036	-0.106
2037	-0.496
2038	-0.266
2039	-0.076
2040	-0.026
2041	-0.226
2042	0.204
2043	0.104
2044	0.294
2045	0.194
2046	0.444
2047	0.334
2048	-0.016
2049	0.134
2050	-0.076
2051	-0.096
2052	-0.086
2053	-0.036
2054	0.024
2055	0.374
2056	0.314
2057	0.274
2058	0.014
2059	-0.026
2060	-1.576
2061	0.094
2062	-0.126
2063	0.344
2064	-0.016
2065	0.274
2066	0.044
2067	0.154
2068	0.354
2069	-0.016
2070	0.524
2071	0.934
2072	0.864
2073	0.784
2074	0.414
2075	0.144
2076	0.184
2077	0.004
2078	-0.026
2079	0.004
2080	-0.056
2081	-0.156
2082	0.054
2083	-0.186
2084	0.044
2085	-0.176
2086	-0.086
2087	-0.146
2088	0.084
2089	-0.016
2090	0.014
2091	-0.276
2092	-0.206
2093	0.044
2094	0.194
2095	0.364
2096	-0.166
2097	0.084
2099	-0.126
2100	-0.016
2101	-0.166
2102	0.054
2103	0.284
2104	-0.066
2105	0.024
2106	-0.096
2107	0.224
2108	0.184
2109	0.134
2110	0.214
2111	0.094
2112	0.084
2113	0.154
2114	-0.086
2115	-0.106
2116	-0.006
2117	0.024
2118	-0.266
2119	-0.476
2120	-0.516
2121	-0.116
2122	0.034
2123	0.314
2124	0.084
2125	0.264
2126	-0.116
2127	-0.246
2128	-0.116
2129	-0.056
2130	-0.246
2131	0.264
2132	-0.046
2133	0.224
2134	-0.276
2135	-0.206
2136	-0.166
2137	-0.406
2138	-0.236
2139	0.094
2140	-0.146
2141	-0.296
2142	-0.196
2143	0.084
2144	-0.136
2145	-0.086
2146	-0.096
2147	0.064
2148	-0.506
2149	-0.066
2150	-0.066
2151	0.064
2152	-0.046
2153	-0.666
2154	-0.276
2155	0.014
2156	0.184
2157	0.034
2158	-0.026
2159	-0.066
2160	-0.146
2161	-0.136
2162	0.434
2163	-0.066
2164	0.054
2165	0.044
2166	-0.106
2167	0.064
2168	0.104
2169	-0.246
2170	0.144
2171	-0.096
2172	-0.036
2173	-0.246
2174	-0.506
2175	-0.126
2176	-0.606
2177	-0.186
2178	-0.036
2179	-0.126
2180	0.094
2181	-0.136
2182	0.014
2183	0.154
2184	-0.006
2185	-0.146
2186	0.564
2187	-0.176
2188	0.034
2189	-0.116
2190	-0.126
2191	-0.146
2192	0.274
2193	0.324
2194	-0.226
2195	-0.166
2196	-0.026
2197	0.064
2198	-0.076
2199	-0.286
2200	-0.156
2201	-0.096
2202	-0.006
2203	-0.096
2204	0.344
2205	0.084
2206	-0.116
2207	0.084
2208	0.154
2209	0.164
2210	0.284
2211	0.444
2212	0.514
2213	-0.246
2214	-0.306
2215	0.054
2216	0.154
2217	0.074
2218	-0.146
2219	-0.016
2220	0.134
2221	-0.116
2222	-0.096
2223	-0.056
2224	-0.096
2225	0.034
2226	-0.046
2227	-0.186
2228	0.134
2229	-0.136
2230	-0.256
2231	0.344
2232	0.094
2233	0.134
2234	0.184
2235	-0.016
2236	0.124
2237	-0.026
2238	0.004
2239	-0.016
2240	0.104
2241	-0.216
2242	-0.186
2243	-0.146
2244	-0.206
2245	-0.166
2246	-0.166
2247	-0.096
2248	-0.046
2249	0.024
2250	0.324
2251	0.214
2252	-0.136
2253	-0.116
2254	-0.056
2255	-0.056
2256	-0.136
2257	-0.076
2258	-0.196
2259	0.014
2260	0.184
2261	-0.106
2262	-0.406
2263	-0.246
2264	-0.266
2265	-0.046
2266	-0.326
2267	0.174
2268	-0.176
2269	-0.336
2270	0.054
2271	-0.146
2272	-0.286
2273	0.054
2274	0.014
2275	-0.066
2276	-0.066
2277	-0.346
2278	0.164
2279	-0.106
2280	0.024
2281	0.154
2282	0.214
2283	-0.286
2284	0.224
2285	0.034
2286	0.014
2287	-0.136
2288	-0.026
2289	-0.036
2290	-0.216
2291	-0.396
2292	-0.126
2293	-0.146
2294	-0.166
2295	0.144
2296	-0.076
2297	-0.046
2298	0.054
2299	0.154
2300	0.104
2301	0.094
2302	0.214
2303	0.704
2304	0.154
2305	0.354
2306	0.244
2307	-0.166
2308	0.024
2309	-0.086
2310	-0.046
2311	-0.036
2312	0.084
2313	0.094
2314	0.034
2315	0.094
2316	-0.056
2317	-0.316
2318	-0.486
2319	0.054
2320	-0.126
2321	-0.156
2322	0.134
2323	0.084
2324	-0.166
2325	-0.076
2326	0.054
2327	-0.256
2328	-0.026
2329	-0.116
2330	0.034
2331	-0.226
2332	0.024
2333	-0.086
2334	0.124
2335	-0.176
2336	-0.066
2337	-0.146
2338	0.054
2339	0.284
2340	0.054
2341	-0.186
2342	-0.016
2343	0.274
2344	0.004
2345	-0.266
2346	0.104
2347	-0.236
2348	-0.296
2349	-0.286
2350	-0.006
2351	0.124
2352	0.134
2353	-0.066
2354	-0.086
2355	0.164
2356	-0.156
2357	-0.056
2358	-0.126
2359	0.004
2360	-0.376
2361	-0.006
2362	0.384
2363	0.214
2364	-0.096
2365	-0.046
2366	0.254
2367	0.394
2368	0.084
2369	0.604
2370	-0.066
2371	0.114
2372	0.234
2373	-0.236
2374	-0.326
2375	0.094
2376	0.064
2377	0.184
2378	-0.146
2379	-0.266
2380	0.084
2381	0.074
2382	0.084
2383	0.114
2384	0.064
2385	-0.136
2386	0.304
2387	0.494
2388	0.104
2389	0.074
2390	-0.136
2391	-0.086
2392	-0.176
2393	-0.226
2394	0.184
2395	-0.036
2396	0.044
2397	0.174
2398	0.104
2399	-0.056
2400	-0.066
2401	0.114
2402	-0.166
2403	-0.176
2404	-0.086
2405	-0.416
2406	-0.136
2407	-0.106
2408	-0.186
2409	-0.406
2410	-0.346
2411	-0.066
2412	-0.576
2413	0.174
2414	-0.226
2415	0.314
2416	0.154
2417	-0.386
2418	0.214
2419	-0.066
2420	0.184
2421	0.084
2422	0.004
2423	0.034
2424	-0.176
2425	-0.336
2426	-0.166
2427	-0.106
2428	-0.396
2429	-0.226
2430	0.254
2431	-0.196
2432	0.054
2433	0.104
2434	-0.316
2435	-0.206
2436	-0.176
2437	-0.116
2438	-0.186
2439	-0.036
2440	0.524
2441	-0.316
2442	0.244
2443	0.224
2444	0.804
2445	0.654
2446	0.114
2447	0.094
2448	-0.146
2449	-0.046
2450	0.224
2451	-0.056
2452	0.004
2453	0.234
2454	0.174
2455	-0.446
2456	0.044
2457	-0.106
2458	-0.316
2459	-0.156
2460	0.054
2461	-0.656
2462	0.334
2463	-0.106
2464	0.304
2465	0.274
2466	0.014
2467	-0.096
2468	0.334
2469	0.234
2470	0.414
2471	0.334
2472	-0.116
2473	-0.116
2474	-0.046
2475	-0.266
2476	0.274
2477	0.144
2478	0.274
2479	0.404
2480	0.024
2481	0.104
2482	0.744
2483	0.394
2484	-0.016
2485	0.354
2486	0.014
2487	0.044
2488	-0.046
2489	0.194
2490	0.244
2491	0.114
2492	0.474
2493	0.104
2494	0.064
2495	0.164
2496	-0.066
2497	0.054
2498	-0.036
2499	0.074
2500	-0.066
2501	-0.576
2502	-0.096
2503	-0.276
2504	-0.036
2505	-0.686
2506	-0.036
2507	0.074
2508	0.174
2509	0.044
2510	0.444
2511	-0.106
2512	0.034
2513	-0.106
2514	-0.146
2515	0.064
2516	-0.186
2517	-0.126
2518	-0.296
2519	0.094
2520	-0.086
2521	-0.116
2522	-0.106
2523	0.244
2524	0.124
2525	0.234
2526	-0.066
2527	-0.216
2528	0.054
2529	-0.146
2530	-0.266
2531	0.074
2532	-0.046
2533	-0.266
2534	-0.156
2535	0.334
2536	-0.086
2537	-0.106
2538	-0.006
2539	-0.006
2540	-0.076
2541	-0.266
2542	0.104
2543	0.294
2544	-0.086
2545	0.134
2546	0.054
2547	0.324
2548	0.124
2549	-0.066
2550	-0.196
2551	-0.246
2552	0.134
2553	-0.056
2554	-0.046
2555	-0.256
2556	-0.156
2557	-0.226
2558	-0.656
2559	0.024
2560	-0.026
2561	0.064
2562	0.004
2563	-0.166
2564	-0.086
2565	-0.006
2566	-0.346
2567	-0.226
2568	0.014
2569	0.204
2570	-0.236
2571	0.344
2572	0.224
2573	-0.786
2574	-0.186
2575	-0.326
2576	0.004
2577	-0.086
2578	-0.186
2579	0.094
2580	-0.076
2581	-0.036
2582	0.094
2583	0.154
2584	0.084
2585	0.244
2586	-0.036
2587	-0.056
2588	-0.046
2589	0.024
2590	0.054
2591	-0.236
2592	0.024
2593	0.114
2594	0.154
2595	-0.166
2596	-0.126
2597	-0.066
2598	-0.246
2599	0.114
2600	-0.166
2601	-0.166
2602	0.074
2603	0.264
2604	0.154
2605	-0.066
2606	0.334
2607	0.284
2608	-0.106
2609	-0.046
2610	-0.076
2611	-0.046
2612	0.254
2613	-0.126
2614	-0.076
2615	0.204
2616	0.274
2617	0.304
2618	0.094
2619	-0.006
2620	0.054
2621	-0.046
2622	-0.196
2623	0.014
2624	0.354
2625	-0.096
2626	0.084
2627	0.164
2628	0.244
2629	-0.026
2630	-0.136
2631	-0.006
2632	-0.186
2633	-0.146
2634	-0.166
2635	-0.136
2636	-0.016
2637	-0.256
2638	-0.046
2639	0.394
2640	0.184
2641	0.644
2642	0.294
2643	-0.066
2644	0.514
2645	0.194
2646	0.254
2647	0.154
2648	-0.276
2649	-0.076
2650	-0.156
2651	-0.356
2652	-0.246
2653	-0.116
2654	-0.306
2655	-0.076
2656	-0.126
2657	-0.336
2658	-0.356
2659	-0.086
2660	-0.076
2661	-0.086
2662	0.114
2663	-0.036
2664	-0.076
2665	0.044
2666	-0.046
2667	0.104
2668	-0.106
2669	-0.166
2670	-0.026
2671	-0.206
2672	-0.176
2673	-0.336
2674	-0.336
2675	0.284
2676	-0.356
2677	-0.136
2678	0.204
2679	0.194
2680	0.154
2681	-0.076
2682	-0.356
2683	-0.066
2684	-0.526
2685	-0.016
2686	-0.016
2687	-0.026
2688	0.374
2689	0.064
2690	0.254
2691	0.104
2692	0.134
2693	-0.376
2694	-0.026
2695	-0.166
2696	-0.016
2697	-0.146
2698	0.094
2699	-0.066
2700	0.114
2701	0.024
2702	0.124
2703	0.044
2704	0.244
2705	0.004
2706	-0.116
2707	-0.066
2708	-0.056
2709	0.144
2710	0.024
2711	-0.046
2712	0.134
2713	-0.416
2714	-0.266
2715	-0.196
2716	-0.076
2717	0.004
2718	-0.346
2719	0.084
2720	-0.066
2721	-0.016
2722	-0.156
2723	0.644
2724	-0.426
2725	0.204
2726	0.404
2727	0.294
2728	-0.046
2729	0.124
2730	0.154
2731	0.104
2732	0.374
2733	0.064
2734	0.094
2735	-0.096
2736	-0.046
2737	-0.316
2738	-0.006
2739	0.174
2740	-0.236
2741	-0.226
2742	-0.216
2743	-0.126
2744	-0.056
2745	0.024
2746	0.044
2747	-0.336
2748	-0.076
2749	-0.136
2750	0.004
2751	-0.016
2752	-0.296
2753	0.004
2754	-0.086
2755	-0.096
2756	0.054
2757	-0.256
2759	-0.096
2760	0.004
2761	0.024
2762	0.044
2763	-0.156
2764	-0.416
2765	-0.166
2766	-0.066
2767	-0.106
2768	-0.056
2769	-0.036
2770	-0.226
2771	0.004
2772	0.014
2773	-0.076
2774	-0.086
2775	-0.296
2776	-0.176
2777	-0.206
2778	0.094
2779	-0.396
2780	-0.066
2781	-0.006
2782	0.054
2783	-0.206
2784	0.074
2785	-0.156
2786	-0.316
2787	-0.026
2788	-0.036
2789	0.074
2790	0.124
2791	-0.266
2792	0.154
2793	-0.036
2794	-1.016
2795	-0.156
2796	-0.336
2797	0.044
2798	-0.016
2799	-0.246
2800	-0.356
2801	-0.076
2802	-0.046
2803	0.014
2804	0.174
2805	-0.066
2806	0.194
2807	0.254
2808	-0.146
2809	0.104
2810	-0.116
2811	-0.236
2812	-0.016
2813	-0.096
2814	0.204
2815	0.094
2816	-0.096
2817	-0.036
2818	-0.196
2819	-0.266
2820	-0.276
2821	0.234
2822	-0.116
2823	0.364
2824	0.244
2825	0.154
2826	0.064
2827	0.594
2828	0.184
2829	-0.116
2830	0.014
2831	0.214
2832	-0.086
2833	-0.356
2834	-0.056
2835	0.054
2836	-0.296
2837	-0.066
2838	-0.196
2839	-0.146
2840	0.094
2841	-0.126
2842	0.134
2843	-0.066
2844	-0.046
2845	0.004
2846	-0.236
2847	-0.276
2848	-0.006
2849	-0.086
2850	0.164
2851	0.334
2852	0.184
2853	0.404
2854	0.084
2855	0.134
2856	-0.096
2857	-0.116
2858	-0.106
2859	0.314
2860	0.084
2861	0.004
2862	-0.266
2863	0.024
2864	-0.216
2865	0.114
2866	0.104
2867	0.224
2868	0.064
2869	-0.006
2870	-0.316
2871	-0.106
2872	-0.536
2873	0.324
2874	-0.006
2875	0.104
2876	0.104
2877	0.174
2878	0.274
2879	0.224
2880	0.014
2881	0.004
2882	-0.196
2883	0.044
2884	0.074
2885	0.114
2886	0.204
2887	0.244
2888	-0.306
2889	0.114
2890	-0.136
2891	-0.296
2892	-0.726
2893	-0.156
2894	0.194
2895	0.254
2896	0.434
2897	0.104
2898	0.124
2899	0.034
2900	0.024
2901	-0.256
2902	-0.286
2903	0.034
2904	-0.316
2905	-0.256
2906	-0.206
2907	-0.116
2908	-0.236
2909	-0.146
2910	-0.096
2911	0.214
2912	-0.116
2913	0.034
2914	0.064
2915	-0.116
2916	0.134
2917	0.154
2918	-0.356
2919	0.024
2920	0.024
2921	-0.256
2922	-0.196
2923	-0.156
2924	-0.066
2925	-0.186
2926	-0.016
2927	-0.116
2928	-0.196
2929	-0.176
2930	0.034
2931	0.114
2932	-0.186
2933	-0.226
2934	0.014
2935	0.114
2936	-0.106
2937	-0.066
2938	0.064
2939	-0.596
2940	-0.226
2941	-0.106
2942	-0.016
2943	-0.336
2944	-0.186
2945	-0.226
2946	-0.186
2947	-0.036
2948	0.294
2949	0.144
2950	0.314
2951	0.064
2952	0.314
2953	0.204
2954	0.394
2955	0.054
2956	0.204
2957	-0.156
2958	0.264
2959	0.194
2960	-0.136
2961	0.224
2962	0.094
2963	0.224
2964	0.184
2965	0.004
2966	-0.206
2967	-0.006
2968	-0.286
2969	-0.226
2970	-0.126
2971	0.154
2972	-0.146
2973	-0.456
2974	-0.196
2975	0.064
2976	-0.036
2977	-0.076
2978	0.164
2979	-0.056
2980	-0.116
2981	0.194
2982	-0.156
2983	0.034
2984	0.054
2985	0.094
2986	0.054
2987	0.194
2988	0.244
2989	0.164
2990	0.054
2991	0.024
2992	-0.096
2993	-0.156
2994	-0.176
2995	-0.026
2996	0.154
2997	-0.196
2998	-0.206
2999	-0.106
3000	0.044
3001	0.224
3002	0.044
3003	-0.156
3004	-0.566
3005	-0.246
3006	-0.376
3007	1.004
3008	-0.276
3009	0.164
3010	0.334
3011	-0.016
3012	0.014
3013	-0.106
3014	-0.076
3015	-0.226
3016	-0.216
3017	-0.146
3018	-0.096
3019	0.174
3020	-0.176
3021	0.254
3022	-0.316
3023	-0.146
3024	-0.276
3025	0.064
3026	0.424
3027	0.114
3028	-0.256
3029	-0.106
3030	-0.046
3031	0.084
3032	-0.056
3033	0.284
3034	0.084
3035	0.214
3036	0.084
3037	0.224
3038	-0.036
3039	0.404
3040	0.054
3041	0.144
3042	-0.046
3043	0.044
3044	-0.156
3045	-0.226
3046	-0.086
3047	0.024
3048	0.024
3049	-0.226
3050	0.154
3051	-0.046
3052	-0.206
3053	0.134
3054	-0.126
3055	0.184
3056	-0.296
3057	-0.266
3058	-0.126
3059	-0.186
3060	0.024
3061	1.004
3062	-0.076
3063	-0.036
3064	-0.056
3065	-0.026
3066	0.014
3067	0.274
3068	0.274
3069	0.284
3070	-0.066
3071	0.124
3072	0.004
3073	0.214
3074	-0.086
3075	0.004
3076	0.354
3077	0.104
3078	0.104
3079	-0.186
3080	-0.136
3081	0.224
3082	0.374
3083	-0.016
3084	0.044
3085	-0.256
3086	0.094
3087	0.134
3088	0.084
3089	0.104
3090	-0.136
3091	-0.206
3092	0.084
3093	-0.406
3094	0.194
3095	0.164
3096	-0.256
3097	0.264
3098	0.214
3099	0.104
3100	0.444
3101	0.404
3102	0.244
3103	0.074
3104	0.194
3105	0.364
3106	0.324
3107	0.124
3108	-0.126
3109	0.334
3110	0.154
3111	0.404
3112	-0.236
3113	-0.006
3114	-0.316
3115	-0.026
3116	0.004
3117	0.014
3118	0.064
3119	-0.146
3120	-0.086
3121	-0.156
3122	0.104
3123	-0.136
3124	-0.076
3125	0.104
3126	0.024
3127	-0.036
3128	0.074
3129	0.034
3130	-0.006
3131	0.184
3132	0.094
3133	-0.026
3134	0.244
3135	0.284
3136	0.014
3137	0.214
3138	0.134
3139	-0.316
3140	0.294
3141	0.214
3142	-0.216
3143	0.294
3144	0.444
3145	0.984
3146	0.214
3147	0.614
3148	0.334
3149	0.544
3150	0.294
3151	0.104
3152	-0.636
3153	0.284
3154	-0.286
3155	0.234
3156	0.504
3157	0.454
3158	-0.186
3159	-0.036
3160	-0.146
3161	-0.516
3162	0.134
3163	0.284
3164	0.334
3165	-0.086
3166	0.254
3167	0.174
3168	0.244
3169	0.414
3170	0.264
3171	0.404
3172	0.314
3173	-0.276
3174	0.444
3175	0.214
3176	0.544
3177	0.044
3178	-0.056
3179	0.034
3180	-0.106
3181	0.124
3182	0.274
3183	0.244
3184	-0.306
3185	0.074
3186	-0.266
3187	0.094
3188	-0.166
3189	-0.106
3190	-0.006
3191	-0.166
3192	-0.026
3193	0.314
3194	0.214
3195	0.304
3196	-0.106
3197	0.164
3198	-0.136
3199	-0.276
3200	0.194
3201	-0.176
3202	0.134
3203	-0.186
3204	0.154
3205	0.204
3206	0.314
3207	0.014
3208	0.554
3209	0.114
3210	0.364
3211	-0.006
3212	-0.006
3213	-0.166
3214	0.144
3215	0.064
3216	0.054
3217	0.074
3218	-0.056
3219	-0.206
3220	-0.126
3221	-0.076
3222	0.174
3223	0.054
3224	-0.146
3225	-0.256
3226	-0.076
3227	0.084
3228	-0.026
3229	-0.296
3230	0.184
3231	-0.056
3232	0.064
3233	0.064
3234	0.024
3235	0.164
3236	-0.396
3237	-0.146
3238	0.224
3239	0.374
3240	0.314
3241	0.084
3242	0.024
3243	0.094
3244	-0.076
3245	-0.236
3246	-0.026
3247	-0.156
3248	0.084
3249	0.064
3250	-0.036
3251	-0.036
3252	0.144
3253	0.094
3254	0.064
3255	-0.106
3256	0.104
3257	0.014
3258	0.184
3259	0.044
3260	-0.046
3261	0.054
3262	0.004
3263	0.034
3264	-0.146
3265	0.134
3266	0.224
3267	0.284
3268	0.044
3269	0.444
3270	-0.196
3271	0.074
3272	0.004
3273	0.094
3274	0.024
3275	-0.256
3276	-0.186
3277	-0.876
3278	-0.226
3279	-0.046
3280	-0.236
3281	-0.286
3282	-0.076
3283	0.144
3284	-0.076
3285	0.154
3286	-0.686
3287	-0.276
3288	-0.246
3289	0.484
3290	0.094
3291	-0.166
3292	-0.116
3293	-0.336
3294	-0.226
3295	0.024
3296	-0.056
3297	0.134
3298	0.174
3299	-0.066
3300	0.174
3301	0.164
3302	-0.236
3303	-0.016
3304	0.074
3305	0.024
3306	0.224
3307	-0.146
3308	-0.176
3309	0.134
3310	-0.106
3311	-0.336
3312	-0.376
3313	-0.016
3314	-0.016
3315	0.044
3316	0.244
3317	0.184
3318	-0.076
3319	0.014
3320	-0.146
3321	-0.326
3322	0.054
3323	-0.096
3324	-0.646
3325	-0.186
3326	-0.186
3327	-0.026
3328	0.004
3329	-0.106
3330	-0.026
3331	-0.176
3332	0.204
3333	0.264
3334	0.054
3335	0.244
3336	0.264
3337	0.254
3338	0.144
3339	-0.006
3340	-0.216
3341	-0.116
3342	-0.166
3343	0.124
3344	-0.056
3345	-0.306
3346	0.064
3347	-0.026
3348	-0.076
3349	-0.286
3350	0.024
3351	0.464
3352	0.334
3353	0.044
3354	-0.116
3355	0.044
3356	0.234
3357	0.164
3358	-0.146
3359	-0.076
3360	0.644
3362	0.004
3363	-0.006
3365	-0.216
3366	0.264
3367	-0.046
3368	0.104
3369	-0.016
3370	-0.116
3371	-0.176
3372	-0.166
3373	-0.356
3374	-0.136
3375	0.004
3376	-0.226
3377	-0.126
3378	-0.426
3379	-0.026
3380	-0.226
3381	0.044
3382	-0.206
3383	0.074
3384	0.004
3385	-0.096
3386	-0.216
3387	-0.076
3388	-0.156
3389	0.204
3390	0.164
3391	0.084
3392	-0.176
3393	-0.196
3394	-0.146
3395	0.014
3396	-0.116
3397	-0.086
3398	0.194
3399	0.134
3400	-0.166
3401	-0.206
3402	-0.066
3403	0.234
3404	0.124
3405	0.034
3406	0.004
3407	-0.396
3408	-0.286
3409	-0.086
3410	-0.066
3411	0.224
3412	-0.086
3413	-0.266
3414	-0.276
3415	-0.206
3416	-0.006
3417	-0.136
3418	0.054
3419	-0.116
3420	0.044
3421	-0.756
3422	0.174
3423	-0.226
3424	-0.136
3425	0.004
3426	-0.056
3427	0.234
3428	-0.456
3429	0.134
3430	-0.106
3431	0.144
3432	-0.096
3433	-0.416
3434	0.044
3435	-0.236
3436	0.024
3437	0.044
3438	0.094
3439	-0.076
3440	-0.346
3441	0.014
3442	-0.206
3443	0.074
3444	-0.206
3445	0.114
3446	0.154
3447	0.164
3448	-0.736
3449	0.144
3450	0.024
3451	-0.126
3452	0.074
3453	0.084
3454	-0.006
3455	-0.246
3456	-0.106
3457	-0.106
3458	-0.456
3459	-0.186
3460	-0.246
3461	0.024
3462	-0.066
3463	-0.106
3464	-0.176
3465	-0.266
3466	-0.076
3467	0.084
3468	-0.166
3469	0.284
3470	-0.016
3471	0.054
3472	0.154
3473	0.214
3474	-0.266
3475	-0.106
3476	0.114
3477	-0.096
3478	0.144
3479	0.234
3480	0.204
3481	0.064
3482	0.484
3483	0.434
3484	0.194
3485	0.234
3486	0.284
3487	0.064
3488	-0.096
3489	-0.086
3490	-0.036
3491	0.384
3492	0.144
3493	-0.136
3494	-0.046
3495	0.004
3496	-0.076
3497	0.574
3498	-0.126
3499	0.134
3500	-0.146
3501	0.294
3502	0.044
3503	0.144
3504	-0.066
3505	-0.196
3506	-0.726
3507	-0.056
3508	-0.036
3509	0.324
3510	-0.036
3511	-0.226
3512	-0.146
3513	-0.066
3514	0.154
3515	0.004
3516	-0.246
3517	0.014
3518	0.044
3519	-0.166
3520	-0.106
3521	-0.076
3522	-0.026
3523	0.504
3524	-0.136
3525	0.094
3526	-0.216
3528	-0.096
3529	-0.176
3530	-0.216
3531	-0.376
3532	-0.156
3533	-0.136
3534	0.214
3537	-0.296
3538	-0.086
3539	0.024
3540	0.154
3541	0.094
3542	-0.216
3543	0.174
3544	-0.046
3545	-0.156
3546	-0.236
3547	-0.136
3548	-0.086
3549	0.124
3550	0.064
3551	-0.126
3552	0.264
3553	-0.246
3554	0.064
3555	0.584
3556	-0.046
3557	-0.016
3558	-0.246
3559	-0.046
3560	-0.056
3561	0.234
3562	-0.456
3563	0.094
3564	0.204
3565	0.174
3566	0.254
3567	-0.026
3568	-0.196
3569	-0.266
3570	-0.016
3571	-0.196
3572	-0.046
3573	-0.176
3574	-0.086
3575	0.054
3576	0.324
3577	-0.066
3578	0.004
3579	-0.266
3580	0.334
3581	0.034
3582	0.074
3583	-0.006
3584	0.084
3585	0.074
3586	-0.086
3587	-0.106
3588	-0.166
3589	-0.116
3590	-0.086
3591	-0.126
3592	0.134
3593	0.084
3594	0.084
3595	0.044
3596	-0.186
3597	-0.346
3598	-0.386
3599	0.044
3600	0.024
3601	0.154
3602	0.054
3603	-0.236
3604	-0.026
3605	-0.116
3606	-0.176
3607	-0.176
3608	-0.176
3609	0.084
3610	0.114
3611	0.094
3612	0.024
3613	-0.046
3614	0.064
3615	-0.096
3616	-0.176
3617	0.174
3619	-0.066
3620	-0.536
3621	-0.296
3622	-0.136
3623	-0.046
3624	-0.196
3625	0.244
3626	-0.246
3627	0.154
3628	0.034
3629	0.174
3630	0.064
3631	0.344
3632	-0.156
3633	0.104
3634	-0.136
3635	-0.006
3636	-0.086
3637	-0.196
3638	-0.066
3639	-0.556
3640	0.134
3641	-0.016
3642	0.354
3643	0.414
3644	-0.026
3645	-0.176
3646	-0.276
3647	-0.026
3648	-0.216
3649	0.004
3650	-0.086
3651	-0.306
3652	0.154
3653	-0.146
3654	-0.056
3655	0.114
3656	-0.156
3657	-0.006
3658	0.144
3659	0.044
3660	0.244
3661	0.174
3662	-0.026
3663	-0.086
3664	0.124
3665	-0.036
3666	0.464
3667	-0.106
3668	0.144
3669	-0.016
3670	-0.246
3671	-0.336
3672	0.044
3673	0.124
3674	0.384
3675	-0.056
3676	0.224
3677	-0.306
3678	0.164
3679	0.104
3680	-0.056
3681	0.044
3682	0.074
3683	0.154
3684	0.054
3685	0.174
3686	0.134
3687	0.214
3688	0.214
3689	-0.226
3690	-0.076
3691	-0.376
3692	0.214
3693	-0.206
3694	-0.186
3695	0.014
3696	-0.046
3697	-0.116
3698	0.244
3699	0.164
3700	-0.006
3701	0.164
3702	-0.016
3703	0.034
3704	-0.476
3705	0.394
3706	0.254
3707	0.084
3708	-0.086
3709	-0.606
3710	-0.036
3711	-0.176
3712	-0.076
3713	-0.056
3714	-0.036
3715	0.024
3716	0.094
3717	0.004
3718	0.054
3719	-0.106
3720	0.004
3721	0.284
3722	0.244
3723	0.044
3724	-0.006
3725	0.094
3726	-0.266
3727	-0.106
3728	-0.416
3729	0.054
3730	0.074
3731	0.314
3732	0.024
3733	0.254
3734	-0.106
3735	-0.226
3736	-0.296
3737	-0.146
3738	-0.066
3739	-0.456
3740	-0.336
3741	-0.016
3742	0.054
3743	0.114
3744	-0.126
3745	-0.016
3746	-0.166
3747	0.244
3748	-0.016
3749	0.104
3750	0.214
3751	0.384
3752	-0.056
3753	0.154
3754	0.224
3755	0.304
3756	-0.126
3757	0.074
3758	0.054
3759	0.004
3760	-0.006
3761	-0.156
3762	0.174
3763	-0.176
3764	0.214
3765	0.194
3766	-0.036
3767	-0.416
3768	-0.016
3769	-0.106
3770	-0.026
3771	0.074
3772	0.264
3773	0.214
3774	0.044
3775	0.164
3776	-0.076
3777	-0.026
3778	0.284
3779	0.404
3780	0.214
3781	0.334
3782	0.114
3783	0.194
3784	-0.276
3785	0.014
3786	-0.306
3787	-0.026
3788	-0.216
3789	0.044
3790	-0.056
3791	0.064
3792	-0.176
3793	0.004
3794	0.024
3795	0.004
3796	-0.306
3797	0.214
3798	-0.056
3799	-0.166
3800	-0.046
3801	-0.216
3802	0.004
3803	0.024
3804	-0.066
3805	0.164
3806	0.254
3807	0.374
3808	0.154
3809	-0.126
3810	0.004
3811	-0.096
3812	-0.316
3813	-0.016
3814	-0.426
3815	0.074
3816	-0.076
3817	0.154
3818	-0.016
3819	0.414
3820	0.184
3821	0.084
3822	-0.056
3823	0.024
3824	0.084
3825	0.034
3826	-0.476
3827	0.274
3828	-0.176
3829	-0.026
3830	-0.236
3831	-0.106
3832	-0.056
3833	0.024
3834	0.174
3835	-0.026
3836	-0.256
3837	-0.096
3838	0.034
3839	-0.046
3840	0.044
3841	0.314
3842	0.284
3843	0.154
3844	-0.116
3845	0.054
3846	0.004
3847	-0.476
3848	-0.226
3849	-0.096
3850	0.124
3851	0.334
3852	0.184
3853	-0.146
3854	0.014
3855	-0.086
3856	0.054
3857	-0.086
3858	0.134
3859	0.054
3860	-0.106
3861	0.104
3862	-0.026
3863	-0.056
3864	0.234
3865	0.204
3866	-0.206
3867	0.074
3868	0.274
3869	0.454
3870	0.144
3871	0.384
3872	-0.246
3873	-0.176
3874	0.024
3875	0.324
3876	0.274
3877	0.374
3878	-0.066
3879	0.064
3880	-0.466
3881	-0.076
3882	-0.066
3883	-0.196
3884	-0.066
3885	-0.486
3886	-0.146
3887	0.014
3888	-0.026
3889	0.084
3890	0.334
3891	0.114
3892	0.364
3893	0.444
3894	0.124
3895	-0.326
3896	-0.046
3897	0.004
3898	0.044
3899	-0.106
3900	0.204
3901	0.044
3902	0.004
3903	-0.566
3904	-0.296
3905	-0.076
3906	-0.176
3907	0.104
3908	0.014
3909	-0.026
3910	-0.076
3911	0.004
3912	-0.156
3913	-0.136
3914	-0.036
3915	-0.216
3916	-0.276
3917	-0.066
3918	0.004
3919	-0.176
3920	-0.336
3921	-0.296
3922	-0.286
3923	-0.126
3924	0.114
3925	-0.096
3926	-0.156
3927	-0.126
3928	0.254
3929	-0.606
3930	0.024
3931	-0.056
3932	-0.176
3933	0.114
3934	0.034
3935	0.094
3936	0.354
3937	0.354
3938	-0.196
3939	-0.226
3940	-0.136
3941	0.184
3942	0.064
3943	0.104
3944	-0.066
3945	-0.256
3946	-0.016
3947	-0.456
3948	-0.056
3949	-0.446
3950	0.134
3951	0.004
3952	-0.046
3953	0.264
3954	0.134
3955	0.014
3956	0.214
3957	0.074
3958	0.084
1464	-0.206
3959	-0.216
3960	0.114
3961	0.004
3962	0.014
3963	-0.296
3964	0.184
3965	-0.006
3966	0.084
3967	0.244
3968	-0.096
3969	0.124
3970	0.284
1766	0.214
3971	0.174
3972	-0.006
3973	0.164
3974	0.004
3975	0.004
3976	-0.196
3977	-0.016
3978	0.064
3979	-0.256
3980	0.084
3981	0.714
1932	0.984
3982	-0.086
3983	-0.256
3984	-0.006
3985	-0.086
3986	0.144
3987	0.004
3988	0.194
3989	0.084
3990	-0.196
3991	-0.296
3992	0.004
3993	-0.146
3994	-0.376
2098	-0.016
3995	0.134
3996	-0.346
3997	-0.276
3998	-0.596
3999	-0.186
4000	-0.206
4001	-0.396
4002	-0.086
4003	-0.156
4004	0.254
4005	-0.176
4006	-0.196
4007	-0.236
4008	0.074
4009	0.064
4010	-0.036
4011	0.224
4012	0.034
4013	0.674
4014	0.544
4015	0.304
4016	-0.396
4017	-0.976
4018	-0.186
4019	-0.626
4020	-0.056
4021	-0.416
4022	0.104
4023	-0.036
4024	-0.016
4025	-0.076
4026	-0.656
4027	0.054
4028	0.114
2758	-0.046
4029	0.124
4030	-0.196
4031	-0.546
4032	0.054
4033	0.184
4034	0.184
4035	0.414
4036	0.044
4037	-0.116
4038	-0.016
4039	-0.086
4040	0.174
4041	0.064
4042	-0.016
4043	-0.026
4044	0.004
4045	-1.246
4046	0.784
4047	-0.006
4048	0.224
4049	0.174
4050	0.354
4051	0.034
4052	-0.046
4053	-0.186
4054	-0.126
4055	-0.266
4056	-0.326
4057	0.004
4058	-0.256
4059	-0.146
4060	0.074
4061	-0.276
4062	-0.256
4063	-0.126
4064	-0.476
3361	0.604
3364	-0.336
4065	0.104
4066	-0.186
4067	-0.166
4068	-0.186
4069	-0.296
3527	-0.216
4070	0.334
4071	0.304
4072	-0.046
3618	-0.106
4073	0.094
4074	-0.176
4075	-0.086
4076	-0.056
4077	-0.046
4078	0.204
4079	-0.016
4080	0.164
4081	0.024
4082	0.194
4083	-0.046
4084	-0.226
4085	0.074
4086	-0.126
4087	0.084
4088	-0.446
4089	0.534
4090	0.024
21	0.104
4091	0.144
4092	0.034
4093	0.324
4094	0.204
4095	-0.146
4096	-0.476
4097	-0.346
4098	0.004
4099	-0.456
4100	0.344
4101	0.024
4102	0.374
4103	0.494
4104	0.124
4105	-0.096
4106	0.144
4107	-0.346
4108	-0.086
4109	-0.346
4110	0.394
4111	-0.336
4112	-0.116
4113	-0.366
4114	-0.566
4115	-0.216
4116	-0.286
4117	-0.536
4118	-0.236
796	0.074
4119	0.724
4120	0.094
4121	-0.266
839	0.214
4122	-0.026
4123	-0.266
4124	0.084
4125	-0.186
4126	-0.186
4127	0.094
4128	-0.336
4129	0.004
987	-0.266
4130	-0.296
4131	-0.086
4132	0.274
4133	-0.016
4134	0.034
4135	-0.106
1076	-0.246
4136	0.204
4137	0.674
1101	-0.096
4138	-0.186
4139	-0.296
4140	-0.226
4141	-0.296
4142	0.084
4143	0.164
4144	-0.056
4145	0.134
4146	0.054
984	0.244
1096	0.254
4147	-0.156
4148	-0.186
4149	-0.156
4150	-0.746
4151	0.434
4152	-0.076
4153	-0.066
4154	-0.156
4155	-0.526
4156	-0.096
4157	-2.646
4158	-0.276
4159	0.034
4160	-0.136
4161	-0.156
4162	-0.036
4163	0.364
4164	0.454
4165	0.264
4166	-0.166
4167	0.164
4168	0.294
4169	-0.096
4170	0.044
4171	0.184
280	-0.146
4172	-0.086
4173	0.204
4174	-0.106
4175	0.294
4176	0.224
4177	-0.366
4178	-0.096
4179	-0.376
4180	-0.056
4181	-0.276
4182	-0.076
750	-0.226
4183	0.004
4184	-0.126
4185	0.054
4186	0.174
4187	0.214
4188	-0.176
4189	-0.316
4190	-0.296
4191	-0.056
4192	-0.156
4193	-0.156
4194	-0.036
4195	-0.396
4196	-0.786
4197	-0.126
4198	-0.206
4199	-0.106
4200	-0.076
4201	-0.056
4202	-0.186
4203	0.064
4204	-0.086
4205	0.574
4206	-0.106
4207	-0.316
4208	0.074
4209	-0.006
4210	0.374
4211	-0.176
4212	-0.046
4213	-1.646
4214	-0.256
4215	1.064
4216	-0.596
4217	-0.226
4218	-0.236
4219	-0.466
4220	0.234
4221	0.154
4222	-0.416
4223	-0.086
4224	-0.136
4225	-0.246
4226	-0.046
4227	-0.156
4228	-0.146
4229	-0.086
4230	0.314
4231	-0.316
4232	0.204
4233	-0.266
4234	-0.086
4235	-0.036
4236	-0.376
4237	-0.156
4238	-0.176
4239	-0.976
4240	0.074
4241	-0.166
4242	-0.316
4243	0.164
4244	-0.296
4245	-0.136
4246	-0.286
3535	0.224
3536	0.274
4247	-0.146
4248	-0.286
4249	-0.196
4250	-0.326
4251	0.084
4252	0.244
4253	0.274
4254	0.084
4255	-0.386
4256	-0.596
4257	-0.476
4258	-0.066
4259	-0.226
4260	-0.056
1831	-0.246
4261	0.074
4262	0.514
4263	-0.276
4264	-0.306
4265	-0.086
4266	0.274
4267	-0.126
4268	-0.136
4269	-0.306
4270	0.044
4271	-0.046
4272	-0.196
4273	0.064
4274	0.054
4275	0.064
4276	0.084
4277	-0.106
4278	0.304
4279	-0.096
4280	0.184
4281	0.084
4282	-0.076
4283	-0.146
1461	0.034
4284	-0.036
4285	-0.026
4286	-0.026
4287	0.144
4288	0.144
4289	0.124
4290	-0.096
4291	-0.286
4292	-0.056
4293	-0.456
4294	0.064
4295	0.124
