1	-0.4651
2	-3.364
3	-3.03
4	-2.448
5	
6	0.1703
7	0.2406
8	0.8224
9	0.6947
10	0.3108
11	0.07646
12	0.05897
13	-0.0179
14	1.247
15	0.3975
16	0.6829
17	0.6177
18	-0.01206
19	-0.1614
20	0.1247
21	0.5646
22	0.3827
23	0.6789
24	
25	1.314
26	1.019
27	0.5459
28	
29	
30	0.1453
31	-0.7749
32	2.787
33	2.047
34	0.7871
35	0.2426
36	0.1211
37	0.4262
38	1.177
39	0.3876
40	-0.0249
41	-0.04885
42	0.02182
43	-0.08216
44	-0.09077
45	0.06399
46	0.117
47	0.09606
48	1.106
49	0.9375
50	0.6892
51	1.278
52	
53	-0.0643
54	
55	0.3969
56	0.05893
57	-0.05672
58	-0.2216
59	
60	0.6049
61	-0.2161
62	-0.01007
63	-0.1389
64	-0.2639
65	0.06039
66	-0.4586
67	-1.204
68	-1.451
69	1.008
70	-0.003979
71	-2.896
72	-2.234
73	-3.194
74	-3.284
75	-0.6988
76	-0.2164
77	-2.516
78	-2.386
79	-0.1559
80	
81	0.9619
82	0.7613
83	
84	0.3025
85	1.43
86	0.9813
87	
88	0.4437
89	
90	0.1849
91	0.1805
92	0.234
93	0.2041
94	0.3216
95	0.002402
96	0.9844
97	
98	-0.2047
99	0.1496
100	
101	0.2208
102	0.8649
103	0.9328
104	1.017
105	
106	0.7301
107	
108	-0.1018
109	0.4336
110	0.1167
111	-0.2955
112	-2.222
113	-1.096
114	-1.396
115	-1.258
116	-0.575
117	0.05235
118	-2.094
119	1.114
120	-1.26
121	-1.59
122	-0.2196
123	
124	
125	0.4685
126	-0.1416
127	0.1728
128	0.009232
129	-0.0668
130	-0.2659
131	-0.09463
132	0.304
133	0.2154
134	-0.06565
135	-0.06091
136	-0.2378
137	-0.107
138	-0.1422
139	
140	-0.3011
141	0.1016
142	1.314
143	1.198
144	
145	0.01046
146	0.1778
147	0.6077
148	
149	
150	-3.151
151	-0.3254
152	-0.3189
153	0.1918
154	0.6001
155	0.2132
156	
157	-0.1311
158	0.1303
159	
160	0.09152
161	0.7679
162	
163	-0.3601
164	0.3858
165	-0.1395
166	-0.3997
167	1.513
168	0.8782
169	0.3407
170	0.1988
171	1.574
172	1.202
173	1.013
174	1.074
175	0.1159
176	0.6278
177	0.5379
178	0.8449
179	0.7958
180	0.417
181	0.5988
182	0.4466
183	0.4744
184	0.6744
185	0.3365
186	-0.139
187	-0.07713
188	0.5884
189	0.2209
190	0.942
191	0.9478
192	0.4725
193	0.7078
194	1.315
195	1.208
196	1.722
197	-2.615
198	-1.723
199	-1.09
200	0.715
201	
202	
203	
204	
205	
206	
207	0.117
208	0.2834
209	0.3696
210	0.1643
211	-0.9014
212	-0.1901
213	0.4351
214	0.2938
215	0.894
216	
217	0.107
218	-0.03618
219	0.1833
220	-1.098
221	-0.591
222	0.3038
223	0.6716
224	0.0861
225	-0.1624
226	-0.7037
227	-0.05068
228	-0.1927
229	-0.09243
230	-0.06144
231	0.6934
232	0.2649
233	0.07402
234	-0.1884
235	-0.03968
236	0.04184
237	1.104
238	1.325
239	1.191
240	-0.2577
241	-0.1085
242	0.2017
243	0.2384
244	
245	0.2398
246	0.1153
247	0.0388
248	0.4039
249	0.115
250	-0.2098
251	0.02199
252	-0.05709
253	0.4052
254	0.2769
255	0.3602
256	0.395
257	0.3203
258	0.4173
259	0.3392
260	-0.3093
261	-0.5046
262	0.04618
263	-0.0412
264	0.5119
265	0.4811
266	-0.1635
267	-0.02226
268	0.05659
269	
270	-0.4977
271	
272	0.2029
273	-2.11
274	0.4443
275	0.4835
276	0.006986
277	-0.08891
278	-0.2424
279	-0.2726
280	0.3248
281	-0.1983
282	0.08324
283	0.05789
284	-0.2287
285	-0.05311
286	-0.4407
287	0.1473
288	0.3513
289	0.1291
290	0.1968
291	-0.02595
292	-0.1888
293	-0.6248
294	
295	
296	-0.09623
297	-0.03586
298	0.5057
299	0.3791
300	0.1557
301	-0.3381
302	-0.05791
303	0.2297
304	-0.6245
305	-0.168
306	0.2061
307	0.1872
308	0.4873
309	0.08767
310	0.1616
311	-0.5323
312	-0.8291
313	-0.7384
314	
315	-0.7961
316	0.00238
317	-0.06341
318	-0.1898
319	-0.09151
320	-0.06614
321	0.008786
322	
323	-0.04995
324	
325	-1.388
326	-0.2425
327	0.495
328	0.0551
329	-0.8858
330	-0.1694
331	-0.01409
332	
333	
334	-0.2687
335	-0.04082
336	-1.381
337	-0.5146
338	
339	-0.0494
340	-0.0191
341	-0.4434
342	-0.1177
343	-0.3278
344	0.2314
345	0.7175
346	-0.5758
347	-0.3144
348	-0.09912
349	-0.2054
350	-0.2922
351	-0.04472
352	-0.186
353	-0.01726
354	0.7315
355	0.3758
356	0.7566
357	0.4236
358	-0.2218
359	0.0901
360	0.1928
361	0.5918
362	0.3552
363	0.03353
364	-0.1113
365	-0.2971
366	-0.1924
367	-0.1534
368	-0.04299
369	0.6762
370	0.01195
371	0.5447
372	0.4465
373	0.3761
374	-0.1425
375	
376	0.3187
377	0.003792
378	
379	0.08648
380	-0.1895
381	0.4039
382	-0.1757
383	-0.6797
384	-0.2513
385	0.04084
386	0.215
387	0.2218
388	-0.2987
389	-0.1527
390	-0.08627
391	-0.07065
392	-0.2633
393	1.287
394	0.04269
395	0.1739
396	0.07071
397	1.197
398	1.336
399	0.1603
400	-0.07534
401	-0.1599
402	-0.0113
403	
404	-0.04281
405	-0.0204
406	-0.2966
407	-0.02462
408	-0.06978
409	-0.2517
410	0.1308
411	-0.844
412	0.03695
413	0.7698
414	1.25
415	1.06
416	1.415
417	0.8343
418	0.1568
419	-0.5661
420	0.7652
421	0.9033
422	1.043
423	0.9047
424	0.5593
425	0.3942
426	0.8111
427	0.317
428	-1.834
429	-2.754
430	-2.94
431	-3.289
432	-2.632
433	0.246
434	0.2282
435	-0.5357
436	0.8823
437	0.7862
438	0.7318
439	1.254
440	0.09917
441	0.1051
442	-0.0111
443	-0.2334
444	0.4863
445	-0.3201
446	0.01875
447	0.09932
448	0.14
449	0.0528
450	1.022
451	
452	0.4775
453	-1.925
454	0.09323
455	
456	-0.04932
457	0.2081
458	-0.6324
459	-0.1089
460	0.09399
461	0.1326
462	0.1144
463	
464	0.03726
465	
466	0.4622
467	0.2708
468	-0.1909
469	0.1968
470	0.8092
471	0.298
472	0.5394
473	1.186
474	1.823
475	0.3527
476	-0.2352
477	0.04109
478	-0.4539
479	-0.03888
480	-0.2967
481	0.4207
482	0.4042
483	-0.1486
484	0.09316
485	-0.1502
486	-0.1019
487	-0.1214
488	0.2318
489	-0.3549
490	0.5697
491	0.4034
492	0.3553
493	0.06602
494	-0.1429
495	-0.1319
496	0.03803
497	
498	-0.3699
499	0.1448
500	
501	0.05845
502	0.09071
503	1.224
504	-0.1409
505	-0.003481
506	-0.1209
507	-0.3606
508	-0.4261
509	-0.1891
510	-0.1043
511	-0.1074
512	-0.1627
513	-0.005599
514	-0.1617
515	-0.3337
516	-0.1274
517	-0.2807
518	-0.05368
519	-0.1282
520	-0.1179
521	-0.1582
522	-1.8
523	-0.8949
524	0.6439
525	0.6194
526	0.8064
527	0.346
528	0.03427
529	0.6828
530	-0.1321
531	-0.2753
532	0.0618
533	-0.1424
534	-0.4554
535	0.06631
536	
537	0.2982
538	-0.2567
539	0.1879
540	0.4365
541	0.3155
542	0.1725
543	0.1203
544	-0.02319
545	-0.09902
546	0.1615
547	-0.02966
548	-0.03405
549	-0.04676
550	-0.035
551	-0.06775
552	0.3511
553	-1.933
554	-0.001366
555	-0.05855
556	-0.143
557	-0.185
558	-0.1388
559	0.01473
560	-0.1715
561	-0.02727
562	0.01509
563	-0.05307
564	1.767
565	-2.203
566	-0.06068
567	0.2239
568	0.7092
569	0.3167
570	-0.04267
571	-0.1339
572	-2.598
573	-1.703
574	-0.431
575	-0.5409
576	-0.07977
577	0.4463
578	0.2983
579	-0.01229
580	-0.08804
581	-0.6524
582	0.6812
583	-0.4096
584	-2.609
585	-1.477
586	-1.657
587	-0.3453
588	-0.5235
589	-0.7724
590	-0.1076
591	-0.4734
592	-1.466
593	
594	-2.536
595	-1.506
596	-0.6348
597	-0.5369
598	-0.7809
599	-0.4819
600	-0.9376
601	-0.1067
602	0.01217
603	-0.2009
604	-0.05925
605	-1.208
606	-0.7282
607	0.4218
608	-0.2608
609	-0.2768
610	-0.2802
611	0.6178
612	-0.0736
613	-0.133
614	-0.1328
615	0.1605
616	-0.06929
617	-0.06675
618	0.05642
619	0.07165
620	0.1136
621	0.4303
622	0.1586
623	0.2105
624	0.2279
625	-0.06611
626	-0.08481
627	0.9333
628	1.283
629	0.2005
630	1.736
631	-0.007597
632	1.283
633	1.027
634	-0.01617
635	0.4548
636	0.7307
637	0.438
638	0.1713
639	0.2349
640	0.4742
641	0.2156
642	0.5587
643	-0.8635
644	-0.01419
645	-0.1651
646	-0.148
647	
648	0.0376
649	-0.1303
650	0.04686
651	0.1904
652	-0.4432
653	-0.4265
654	-0.3313
655	
656	0.4879
657	
658	1.035
659	0.3197
660	
661	0.1438
662	-0.1223
663	0.6829
664	
665	
666	
667	0.4145
668	
669	0.2313
670	
671	0.4169
672	
673	
674	-0.9985
675	0.3943
676	0.6055
677	0.2553
678	0.2858
679	-0.2845
680	1.274
681	-0.009384
682	0.1161
683	0.2297
684	0.7521
685	0.8682
686	0.2873
687	0.4918
688	-0.369
689	-0.07968
690	-0.2045
691	-0.09932
692	-0.1755
693	-0.3516
694	0.1697
695	0.2007
696	0.2749
697	0.2367
698	0.5039
699	-0.3166
700	
701	0.1556
702	-0.06701
703	0.09138
704	-0.1608
705	-0.1608
706	0.007397
707	-0.2074
708	-0.0913
709	-0.3628
710	-0.6736
711	-1.006
712	-0.7076
713	-0.1342
714	0.44
715	0.7104
716	-0.03158
717	0.06793
718	-0.2448
719	-0.05252
720	-3.838
721	
722	-2.472
723	-2.604
724	-1.283
725	0.4699
726	-2.892
727	-2.075
728	-2.515
729	-2.825
730	0.2902
731	0.07017
732	
733	1.894
734	1.859
735	1.122
736	0.6878
737	0.5058
738	0.2946
739	0.4174
740	-0.0314
741	-0.9412
742	0.4451
743	
744	
745	
746	
747	
748	
749	
750	-2.24
751	-1.217
752	-0.3554
753	-0.5605
754	-1.681
755	-1.434
756	-0.7196
757	-0.4319
758	0.1568
759	-0.04435
760	-1.439
761	-0.007235
762	
763	-0.4705
764	-0.3313
765	-0.3051
766	0.7637
767	-0.5949
768	-0.233
769	-0.09331
770	
771	
772	-0.03082
773	-0.3155
774	-1.187
775	-2.157
776	-0.9238
777	-1.393
778	-1.652
779	0.8869
780	-0.003205
781	-0.06058
782	-0.2647
783	-0.03823
784	-0.06594
785	-0.1694
786	-0.3107
787	-0.2758
788	-0.1323
789	-0.3057
790	-0.3681
791	-0.04425
792	-0.2766
793	-0.03628
794	0.2608
795	-0.2025
796	0.3529
797	-0.4677
798	0.1037
799	0.3732
800	
801	-2.506
802	-0.3676
803	-0.3438
804	
805	-0.7881
806	-0.4968
807	0.246
808	-0.04601
809	1.941
810	2.388
811	2.205
812	-0.6567
813	0.06923
814	0.8645
815	0.2985
816	-0.2783
817	-0.06713
818	0.134
819	
820	-0.3296
821	
822	0.03421
823	0.05905
824	0.004795
825	-0.2304
826	0.6797
827	0.6006
828	-1.611
829	-0.6501
830	-1.676
831	-0.6544
832	-1.018
833	-0.124
834	-0.1527
835	-0.1485
836	-1.112
837	-0.2817
838	-0.4104
839	-0.5511
840	0.2708
841	0.2197
842	-0.03355
843	-0.08159
844	-0.1819
845	-0.4914
846	-0.0403
847	0.08206
848	0.6165
849	-0.04277
850	0.3101
851	0.5307
852	0.8294
853	0.922
854	-1.899
855	-1.781
856	-0.5868
857	-0.5937
858	-0.06614
859	0.08569
860	-3.256
861	-0.7277
862	-0.5613
863	
864	-0.4033
865	-0.906
866	-0.2866
867	-0.1755
868	0.3237
869	-0.4277
870	-0.4079
871	-1.438
872	1.566
873	0.7298
874	-0.6744
875	-0.2078
876	0.1057
877	0.378
878	-0.5039
879	-0.3095
880	-0.6822
881	-0.9452
882	-0.3963
883	
884	1.41
885	0.02544
886	-0.4977
887	-0.09054
888	0.1612
889	
890	-1.266
891	-0.07704
892	-0.2166
893	1.255
894	2.049
895	1.068
896	1.166
897	-1.262
898	1.358
899	0.1038
900	-0.01835
901	-0.2554
902	1.247
903	2.149
904	0.9622
905	-0.9228
906	-0.5117
907	-1.598
908	-1.914
909	-0.06769
910	1.665
911	0.07101
912	
913	
914	-0.03083
915	-0.1639
916	0.05109
917	0.2223
918	0.5535
919	0.1193
920	0.2432
921	1.079
922	0.4243
923	0.4485
924	0.5947
925	0.6852
926	0.4372
927	0.01539
928	-1.006
929	-4.397
930	0.4613
931	0.3657
932	0.6369
933	0.04515
934	-0.2432
935	-0.227
936	-0.4003
937	-0.1496
938	
939	
940	-0.4684
941	-0.03703
942	0.04341
943	-0.08307
944	-0.182
945	1.317
946	-0.3017
947	-0.3776
948	0.5726
949	0.634
950	0.2718
951	0.8709
952	0.4619
953	-1.703
954	-0.415
955	0.1704
956	-0.1787
957	0.04293
958	-0.04635
959	-0.01668
960	-0.004473
961	-0.04472
962	0.3582
963	-0.4149
964	-0.1815
965	-0.0523
966	0.1862
967	0.8489
968	-0.5694
969	0.51
970	-1.389
971	
972	1.997
973	2.322
974	0.7554
975	0.9735
976	0.6914
977	0.9176
978	2.267
979	1.562
980	0.9848
981	0.04623
982	-0.07204
983	-0.1871
984	0.09419
985	-0.2175
986	-0.1034
987	-0.1643
988	0.439
989	0.07198
990	
991	
992	0.5178
993	0.4514
994	0.4326
995	0.3853
996	0.03332
997	0.01761
998	0.3071
999	0.4161
1000	0.9186
1001	0.07204
1002	-0.9692
1003	-0.5429
1004	-1.799
1005	-0.13
1006	-0.157
1007	-0.1749
1008	-0.06729
1009	-0.0862
1010	0.05176
1011	-0.156
1012	-0.2241
1013	0.2793
1014	
1015	-0.7452
1016	-0.5236
1017	-0.9091
1018	-2.124
1019	
1020	-1.562
1021	-0.2284
1022	-0.2024
1023	-0.364
1024	-0.07691
1025	0.009725
1026	0.5041
1027	0.6838
1028	0.2637
1029	-0.08535
1030	
1031	
1032	
1033	-0.9988
1034	0.5481
1035	0.8622
1036	0.1281
1037	-0.8455
1038	-0.8931
1039	-0.7013
1040	-0.5487
1041	-0.3712
1042	-0.2612
1043	-0.1696
1044	-0.295
1045	-0.464
1046	-0.09954
1047	-0.1343
1048	1.052
1049	0.686
1050	-0.8375
1051	-0.9456
1052	0.1403
1053	0.6334
1054	0.9352
1055	-1.197
1056	-1.805
1057	-0.08409
1058	-0.07906
1059	-0.2263
1060	0.4934
1061	-0.02328
1062	0.9518
1063	0.2697
1064	-0.8778
1065	0.4107
1066	0.4493
1067	0.145
1068	0.4739
1069	-0.0736
1070	-0.7854
1071	-0.7182
1072	-0.4588
1073	-0.8102
1074	-0.7032
1075	-0.4118
1076	-0.2358
1077	0.02132
1078	0.05233
1079	-0.02451
1080	-0.1864
1081	0.01341
1082	-1.402
1083	-1.177
1084	
1085	0.07335
1086	0.497
1087	-0.5237
1088	-0.05626
1089	0.008776
1090	0.8001
1091	0.5477
1092	0.3545
1093	0.5561
1094	0.5717
1095	1.103
1096	
1097	0.1804
1098	0.432
1099	0.7209
1100	-0.05309
1101	-0.4037
1102	-0.7914
1103	0.1218
1104	0.3476
1105	0.8711
1106	0.9616
1107	1.06
1108	0.4531
1109	0.8373
1110	-0.03654
1111	0.1402
1112	0.512
1113	-0.5901
1114	0.8103
1115	-0.03337
1116	-0.3851
1117	-0.05505
1118	-0.003984
1119	-0.02213
1120	0.2005
1121	-0.1804
1122	-0.2026
1123	-2.109
1124	-0.9085
1125	-0.8052
1126	-0.5317
1127	0.8165
1128	0.09475
1129	-0.1489
1130	-0.3946
1131	-0.2478
1132	0.3332
1133	0.6448
1134	0.9191
1135	0.6361
1136	-2.513
1137	0.01661
1138	0.0819
1139	-0.2616
1140	-0.1807
1141	0.03911
1142	-0.2406
1143	-0.2946
1144	-0.2749
1145	0.05855
1146	-0.07023
1147	-0.1654
1148	-0.07025
1149	-0.2584
1150	0.02876
1151	-0.03546
1152	-0.06912
1153	-0.1857
1154	-0.1516
1155	-0.08918
1156	-0.1187
1157	-0.08455
1158	-0.1888
1159	-0.08542
1160	
1161	-0.2304
1162	0.1119
1163	-0.5878
1164	-0.7305
1165	-0.2519
1166	-0.04424
1167	-0.02997
1168	-0.01216
1169	-0.09921
1170	0.1265
1171	0.5604
1172	0.7439
1173	-0.1132
1174	-0.1394
1175	0.2213
1176	0.9413
1177	0.01366
1178	-0.3759
1179	
1180	-0.2253
1181	-0.03805
1182	
1183	-0.06349
1184	0.02638
1185	0.02295
1186	0.1461
1187	0.4248
1188	-0.3795
1189	-1.413
1190	-0.7048
1191	0.1225
1192	-0.3465
1193	0.1051
1194	-1.66
1195	-0.537
1196	
1197	-0.6503
1198	-0.3746
1199	-0.5922
1200	0.02387
1201	0.04978
1202	-0.1757
1203	1.087
1204	0.6166
1205	-0.907
1206	1.095
1207	
1208	0.9091
1209	
1210	0.8732
1211	0.3234
1212	0.2599
1213	0.07275
1214	-0.1179
1215	1.09
1216	-1.162
1217	-0.6505
1218	-0.4056
1219	0.3009
1220	0.1951
1221	0.2249
1222	-0.1407
1223	0.497
1224	-0.3053
1225	0.7921
1226	0.2983
1227	0.1785
1228	0.1288
1229	0.288
1230	
1231	
1232	-0.009884
1233	0.5394
1234	0.05504
1235	-0.3279
1236	0.2269
1237	0.1429
1238	-0.09091
1239	0.06507
1240	-0.2087
1241	-0.2163
1242	
1243	0.2744
1244	0.2152
1245	0.314
1246	0.4865
1247	0.7411
1248	0.01969
1249	-0.1324
1250	0.6054
1251	-0.3046
1252	-1.372
1253	0.3482
1254	-0.04394
1255	0.6477
1256	0.8055
1257	-0.5697
1258	-0.3984
1259	-1.032
1260	-2.738
1261	-2.799
1262	-2.718
1263	-3.158
1264	-3.132
1265	-0.0786
1266	0.5329
1267	-0.01528
1268	-0.3134
1269	-0.8145
1270	0.3556
1271	0.08185
1272	0.8309
1273	1.675
1274	0.1729
1275	-0.8598
1276	-2.108
1277	0.7896
1278	0.04821
1279	0.1949
1280	0.2532
1281	1.293
1282	0.9117
1283	-0.6404
1284	-0.3203
1285	-0.4214
1286	0.2807
1287	-2.596
1288	0.5289
1289	-0.3284
1290	0.1347
1291	0.004654
1292	-0.3762
1293	-0.1354
1294	0.2135
1295	0.6947
1296	-0.4865
1297	-2.147
1298	-1.473
1299	-0.3956
1300	-1.791
1301	-1.731
1302	-1.096
1303	-0.05052
1304	-0.4192
1305	-0.03864
1306	-0.1055
1307	0.1579
1308	-0.004215
1309	0.06866
1310	-0.2739
1311	-0.3079
1312	-0.1932
1313	-0.1664
1314	-0.5381
1315	0.06844
1316	0.02413
1317	-0.2875
1318	-0.03625
1319	-0.212
1320	0.3704
1321	-0.0179
1322	0.1613
1323	0.8329
1324	-0.9901
1325	0.4552
1326	0.2062
1327	-0.6603
1328	0.008026
1329	0.1983
1330	0.9828
1331	0.3949
1332	-0.9537
1333	0.2852
1334	0.9966
1335	0.1644
1336	-0.06593
1337	-0.1427
1338	-0.308
1339	-0.7594
1340	0.1806
1341	-0.4468
1342	0.5595
1343	
1344	0.3081
1345	-1.458
1346	-0.04822
1347	-0.1458
1348	
1349	0.1144
1350	-0.0131
1351	-0.01519
1352	-0.1393
1353	-0.07134
1354	-0.5327
1355	0.003107
1356	0.6942
1357	-0.2865
1358	-0.2931
1359	-0.3496
1360	-0.3709
1361	-0.3066
1362	0.03622
1363	0.5317
1364	-0.03749
1365	-0.07011
1366	-0.2722
1367	-0.04944
1368	-0.2507
1369	0.06052
1370	0.3604
1371	-0.06316
1372	-0.01837
1373	-0.1477
1374	-0.3512
1375	-0.3251
1376	-0.4486
1377	0.1207
1378	0.558
1379	1.61
1380	1.947
1381	0.2039
1382	-0.08203
1383	-0.04507
1384	-0.9414
1385	-0.3701
1386	0.002267
1387	-0.05955
1388	-0.348
1389	-0.6456
1390	-0.2034
1391	-0.4768
1392	-0.3359
1393	-0.3948
1394	
1395	
1396	-0.3698
1397	-0.09253
1398	-0.2386
1399	-0.1671
1400	-0.4451
1401	-0.1517
1402	0.4658
1403	0.1016
1404	0.3644
1405	0.1744
1406	-0.6708
1407	-0.008868
1408	-0.2986
1409	-0.452
1410	-0.2032
1411	-0.07734
1412	-0.3271
1413	0.5122
1414	-0.04608
1415	-1.321
1416	0.1541
1417	1.398
1418	-0.5802
1419	-0.4477
1420	-0.498
1421	-0.6407
1422	-1.907
1423	
1424	
1425	-0.524
1426	-0.04086
1427	0.2161
1428	-0.5446
1429	0.2467
1430	0.7451
1431	-0.8377
1432	
1433	-0.2123
1434	0.4046
1435	0.07322
1436	-0.5629
1437	-0.2045
1438	-0.08764
1439	-0.09629
1440	-0.3559
1441	-0.3008
1442	-0.2867
1443	-0.2481
1444	-0.04738
1445	-0.02934
1446	0.5268
1447	0.4755
1448	-0.6913
1449	-0.8688
1450	0.4511
1451	
1452	-2.637
1453	-0.2178
1454	-0.2642
1455	-0.183
1456	0.1081
1457	-0.1041
1458	-0.2991
1459	-0.1313
1460	0.07546
1461	-0.5992
1462	-0.1207
1463	0.1424
1464	0.3965
1465	-0.1546
1466	-0.0955
1467	-0.4095
1468	-0.4504
1469	-0.2039
1470	-0.8706
1471	
1472	
1473	0.1712
1474	0.1018
1475	0.771
1476	-0.01511
1477	0.04435
1478	-1.018
1479	0.3814
1480	-1.263
1481	-1.72
1482	-1.513
1483	0.1749
1484	-0.2477
1485	0.0505
1486	-0.001702
1487	-0.2801
1488	-0.1342
1489	-0.2423
1490	-0.499
1491	1.067
1492	-0.5764
1493	-0.7604
1494	
1495	-0.9458
1496	-0.3418
1497	-0.7368
1498	-0.4821
1499	-0.06122
1500	-0.3984
1501	0.01446
1502	-0.3474
1503	-0.236
1504	-0.3904
1505	-1.012
1506	-0.2276
1507	0.4529
1508	0.156
1509	0.2875
1510	0.1938
1511	-0.2083
1512	-0.1273
1513	-0.1828
1514	-0.1955
1515	-0.3881
1516	-0.1947
1517	-0.5631
1518	-0.2977
1519	-0.3752
1520	
1521	0.2332
1522	
1523	0.4267
1524	0.2667
1525	-0.2198
1526	0.2868
1527	-0.1081
1528	1.075
1529	0.3058
1530	0.4886
1531	0.2356
1532	0.09126
1533	-0.4136
1534	-0.205
1535	0.08281
1536	
1537	
1538	-0.239
1539	0.5813
1540	1.083
1541	2.876
1542	0.9947
1543	0.02079
1544	-0.3811
1545	-0.3869
1546	-0.07919
1547	-0.2022
1548	-0.1618
1549	-0.06001
1550	-0.07132
1551	0.0497
1552	-0.2533
1553	-0.02966
1554	-0.2012
1555	-0.4043
1556	-0.2105
1557	-0.06282
1558	0.2059
1559	0.01919
1560	-0.05554
1561	0.2005
1562	-0.06137
1563	0.1584
1564	0.02427
1565	-0.01141
1566	-1.109
1567	0.003264
1568	-0.4438
1569	-0.3208
1570	0.7174
1571	-0.148
1572	-0.2857
1573	0.01284
1574	
1575	
1576	-0.1161
1577	-0.1938
1578	0.6182
1579	-0.1096
1580	-0.1651
1581	-0.1214
1582	0.4445
1583	0.6097
1584	0.07637
1585	-0.1094
1586	-0.5515
1587	1.602
1588	3.562
1589	1.926
1590	2.164
1591	1.231
1592	1.795
1593	1.191
1594	-0.01103
1595	
1596	-0.06024
1597	0.002034
1598	-0.2766
1599	-0.1295
1600	-0.06957
1601	-0.471
1602	-1.696
1603	
1604	0.4408
1605	-0.2203
1606	-0.4692
1607	-0.4358
1608	-0.4574
1609	-0.256
1610	-0.2387
1611	
1612	-0.9717
1613	0.8726
1614	-0.7163
1615	-0.2948
1616	-0.03822
1617	-0.02319
1618	0.3766
1619	
1620	-0.201
1621	-0.103
1622	0.1992
1623	0.8874
1624	-0.1139
1625	0.4608
1626	0.2009
1627	-0.06062
1628	-0.2664
1629	-0.4553
1630	-0.386
1631	-0.8312
1632	-0.1659
1633	-0.02868
1634	2.203
1635	-0.9045
1636	1.221
1637	1.199
1638	1.064
1639	-0.04907
1640	-0.01672
1641	0.05369
1642	0.6161
1643	-0.07734
1644	-0.1532
1645	0.06626
1646	-0.6946
1647	-0.1217
1648	0.5951
1649	0.2438
1650	0.1955
1651	-0.1372
1652	0.3193
1653	0.1484
1654	-0.1401
1655	1.19
1656	0.53
1657	-0.1419
1658	-0.5557
1659	0.07715
1660	0.5217
1661	1.33
1662	
1663	0.02151
1664	0.604
1665	
1666	
1667	-0.563
1668	-0.3146
1669	-0.2334
1670	-0.1116
1671	-0.0903
1672	-0.1502
1673	-0.007227
1674	-0.8839
1675	-1.09
1676	0.3839
1677	0.1676
1678	-1.084
1679	-0.2852
1680	-1.378
1681	-1.358
1682	-0.4043
1683	-1.763
1684	-0.5928
1685	-0.1336
1686	-1.987
1687	-2.34
1688	0.2299
1689	-0.2607
1690	-0.07887
1691	-0.8418
1692	-0.08986
1693	-0.2332
1694	-0.4887
1695	-0.4634
1696	-0.321
1697	-0.2927
1698	0.2948
1699	-0.1326
1700	0.07183
1701	-0.1992
1702	-0.1129
1703	-0.08559
1704	0.5631
1705	-0.542
1706	-0.3408
1707	-0.01988
1708	-0.3928
1709	0.007139
1710	0.4072
1711	0.3005
1712	0.4781
1713	-0.682
1714	-0.496
1715	0.1627
1716	-0.01449
1717	0.1784
1718	0.142
1719	
1720	0.04908
1721	-0.3512
1722	1.029
1723	-0.03521
1724	-1.507
1725	-0.4564
1726	0.1409
1727	0.3077
1728	-0.1507
1729	-1.375
1730	-0.3359
1731	-0.1498
1732	-2.41
1733	-0.1926
1734	-0.197
1735	-0.07887
1736	-0.04668
1737	-0.3283
1738	-0.392
1739	-1.295
1740	-0.4671
1741	0.02002
1742	-0.4078
1743	-0.7291
1744	-0.06516
1745	-0.276
1746	-0.1681
1747	0.00392
1748	-0.07082
1749	0.5042
1750	0.5745
1751	0.7276
1752	0.1808
1753	0.2783
1754	0.9301
1755	0.5486
1756	-0.247
1757	-0.3633
1758	-0.2638
1759	-0.1897
1760	-0.6063
1761	-3.232
1762	-0.3287
1763	1.104
1764	1.188
1765	-0.9668
1766	0.1773
1767	-0.04855
1768	-0.2583
1769	-0.06927
1770	0.09991
1771	0.08373
1772	-0.5595
1773	-0.6087
1774	-0.3891
1775	-0.097
1776	-0.2082
1777	-2.494
1778	-1.821
1779	0.3527
1780	0.3306
1781	-0.3223
1782	1.026
1783	-1.526
1784	-1.012
1785	-0.05088
1786	-0.1749
1787	0.05247
1788	0.3293
1789	0.2291
1790	0.3543
1791	-0.01627
1792	-0.1108
1793	0.3172
1794	0.7492
1795	-1.197
1796	0.1326
1797	-0.06011
1798	0.2037
1799	-0.5835
1800	-0.2104
1801	-0.1363
1802	-0.1395
1803	-0.4037
1804	0.3221
1805	-0.4326
1806	-0.6228
1807	-0.1283
1808	0.6134
1809	0.4483
1810	-0.4542
1811	0.9476
1812	0.3828
1813	0.1671
1814	2.425
1815	0.06383
1816	0.05335
1817	-0.2558
1818	-0.09485
1819	-0.04575
1820	-0.05457
1821	0.1899
1822	0.06786
1823	-0.5621
1824	-0.9954
1825	0.00993
1826	0.1372
1827	0.4995
1828	0.4913
1829	-0.3418
1830	0.5875
1831	0.6285
1832	-0.5698
1833	-0.2192
1834	-0.05451
1835	-0.2182
1836	-1.964
1837	0.06902
1838	0.08282
1839	-0.08338
1840	-0.8834
1841	-0.8318
1842	-0.02334
1843	0.413
1844	-0.3478
1845	-0.2039
1846	-0.05806
1847	-0.7596
1848	0.2793
1849	-1.65
1850	0.896
1851	0.1916
1852	0.1205
1853	0.05007
1854	0.6329
1855	-0.1452
1856	0.5023
1857	-0.1652
1858	0.1457
1859	0.2301
1860	0.5044
1861	0.6391
1862	-0.1228
1863	-0.1859
1864	-0.4194
1865	-0.4311
1866	-0.3696
1867	0.08107
1868	0.3278
1869	0.2067
1870	0.4146
1871	0.2048
1872	0.01919
1873	0.09071
1874	-0.6105
1875	-0.5886
1876	1.312
1877	0.1204
1878	-0.3723
1879	-0.3313
1880	-0.5528
1881	-1.917
1882	-1.341
1883	-1.148
1884	-1.105
1885	-1.829
1886	-1.588
1887	-2.134
1888	-2.214
1889	-1.245
1890	-0.295
1891	-0.7229
1892	-0.6851
1893	0.3919
1894	0.3256
1895	-0.006763
1896	-1.198
1897	-1.266
1898	-0.01522
1899	-0.07994
1900	-0.1405
1901	-0.1125
1902	-0.4078
1903	0.08105
1904	-0.1234
1905	1.274
1906	0.07475
1907	0.5001
1908	0.3738
1909	
1910	
1911	
1912	0.09506
1913	0.9457
1914	1.534
1915	0.9529
1916	-0.2717
1917	-0.6013
1918	-0.5861
1919	-1.328
1920	-2.186
1921	-0.7116
1922	-0.8891
1923	-3.359
1924	-2.181
1925	-0.9774
1926	-1.055
1927	-0.9129
1928	-0.1117
1929	0.1689
1930	0.4405
1931	-0.01425
1932	-0.5651
1933	0.1623
1934	-0.4083
1935	-0.07889
1936	0.1906
1937	0.1774
1938	-0.5937
1939	-0.6109
1940	-0.4879
1941	-0.3107
1942	-0.1972
1943	-1.182
1944	-0.3578
1945	-0.3509
1946	-0.1277
1947	-0.04267
1948	0.01673
1949	-0.1821
1950	0.05714
1951	-0.3585
1952	0.7282
1953	-0.4746
1954	
1955	-0.3075
1956	-0.04061
1957	-0.2377
1958	-0.4101
1959	0.4524
1960	0.535
1961	0.924
1962	0.6871
1963	0.1739
1964	-0.8327
1965	-0.123
1966	0.08544
1967	-1.502
1968	-0.4582
1969	0.002166
1970	-0.5177
1971	-0.6072
1972	-0.4507
1973	-0.3518
1974	-0.1469
1975	
1976	-0.6121
1977	
1978	
1979	0.07
1980	-0.2539
1981	-0.7491
1982	-0.7842
1983	0.9196
1984	
1985	0.00253
1986	
1987	-0.7102
1988	0.01661
1989	
1990	-0.1729
1991	-0.1492
1992	-0.1205
1993	-0.0505
1994	0.3875
1995	0.2191
1996	0.585
1997	-0.05673
1998	-0.06545
1999	0.09244
2000	1.72
2001	1.747
2002	1.001
2003	
2004	0.03408
2005	
2006	
2007	0.08136
2008	0.03915
2009	-0.1672
2010	0.8121
2011	0.1175
2012	-1.52
2013	-1.038
2014	-0.9318
2015	0.04834
2016	0.6759
2017	-0.192
2018	
2019	-2.664
2020	-2.117
2021	-2.342
2022	-1.928
2023	-1.761
2024	-1.616
2025	-1.801
2026	-1.912
2027	0.0854
2028	-0.1028
2029	1.108
2030	0.4638
2031	-0.3901
2032	-0.2063
2033	-0.1418
2034	-0.3771
2035	-0.1466
2036	
2037	-0.00568
2038	0.03064
2039	-0.1268
2040	-0.01963
2041	0.2426
2042	0.6766
2043	0.01544
2044	-0.07013
2045	-0.1136
2046	-0.03095
2047	-0.1713
2048	-0.3518
2049	-0.37
2050	-0.1014
2051	0.1269
2052	-0.1749
2053	
2054	-0.2287
2055	0.01661
2056	-0.09892
2057	-0.1993
2058	-0.1657
2059	-0.04796
2060	
2061	-0.4594
2062	-0.05854
2063	0.05123
2064	0.8516
2065	0.5057
2066	1.617
2067	
2068	0.06948
2069	-0.2844
2070	-0.0314
2071	-0.154
2072	-0.2924
2073	-0.1923
2074	0.3148
2075	0.02976
2076	0.03329
2077	0.1411
2078	-0.007999
2079	0.2237
2080	-1.588
2081	-0.8375
2082	0.6943
2083	0.2007
2084	0.02315
2085	
2086	-0.5399
2087	-0.2868
2088	0.6066
2089	0.4334
2090	-0.2734
2091	-2.39
2092	-1.743
2093	-2.257
2094	-1.966
2095	-2.132
2096	-2.578
2097	-1.476
2098	-0.352
2099	-0.2611
2100	0.3536
2101	0.1715
2102	-0.1345
2103	-1.579
2104	-1.455
2105	0.05286
2106	-0.2858
2107	1.217
2108	
2109	-0.2046
2110	0.1451
2111	
2112	
2113	0.9227
2114	-0.1637
2115	-0.1836
2116	0.01983
2117	0.05525
2118	0.05216
2119	-0.1142
2120	-0.1166
2121	-0.004418
2122	0.006351
2123	-0.04789
2124	0.0358
2125	-0.2422
2126	-0.05475
2127	-0.2716
2128	-0.3397
2129	-0.5311
2130	-0.03396
2131	-1.098
2132	-0.05357
2133	-1.235
2134	0.4039
2135	-0.2014
2136	-0.1243
2137	-0.724
2138	-0.4225
2139	-0.03808
2140	-0.06396
2141	0.2291
2142	1.142
2143	0.5395
2144	0.104
2145	0.06657
2146	-0.05442
2147	0.03444
2148	-0.0727
2149	-0.5511
2150	-1.167
2151	-0.1345
2152	-0.3009
2153	-1.403
2154	-1.433
2155	-2.341
2156	-2.093
2157	0.3119
2158	0.7403
2159	-0.1864
2160	0.08036
2161	0.04158
2162	
2163	-0.07172
2164	0.004479
2165	0.015
2166	-0.1753
2167	-1.07
2168	-0.9081
2169	-1.835
2170	0.01661
2171	0.3504
2172	-0.8683
2173	0.7664
2174	-0.06444
2175	-0.07429
2176	0.03591
2177	-0.08159
2178	-0.06963
2179	0.07712
2180	0.07496
2181	
2182	0.6006
2183	0.6183
2184	0.4297
2185	-0.3136
2186	0.3448
2187	0.03869
2188	-0.1512
2189	
2190	0.004535
2191	-0.1363
2192	0.3623
2193	0.7248
2194	-0.0134
2195	-0.06155
2196	-0.1677
2197	-0.04041
2198	-0.3212
2199	0.0005773
2200	0.04479
2201	-0.06086
2202	-0.1354
2203	-0.496
2204	-0.2782
2205	-0.2501
2206	-1.309
2207	-0.2333
2208	-1.489
2209	1.722
2210	-1.162
2211	-1.151
2212	0.2569
2213	0.02016
2214	0.5944
2215	0.7796
2216	0.1529
2217	0.3549
2218	-0.08627
2219	-0.001335
2220	0.05889
2221	0.1574
2222	-0.1035
2223	0.07387
2224	0.03441
2225	-0.05464
2226	-0.06774
2227	0.07564
2228	-0.1526
2229	
2230	-0.05732
2231	1.205
2232	-0.2071
2233	-0.0844
2234	0.1505
2235	0.1823
2236	-0.162
2237	0.05411
2238	-0.01792
2239	0.09598
2240	-0.2244
2241	0.06339
2242	0.209
2243	1.605
2244	-0.2293
2245	-0.1066
2246	-0.01249
2247	0.4492
2248	-0.1115
2249	0.1812
2250	0.2807
2251	0.009147
2252	
2253	-0.2459
2254	-0.6019
2255	-0.6476
2256	-0.1051
2257	-0.06138
2258	-0.1024
2259	-0.5034
2260	0.3267
2261	0.8476
2262	0.8086
2263	0.6934
2264	0.9573
2265	0.3538
2266	-1.508
2267	-0.04978
2268	0.4151
2269	-0.3627
2270	-0.1975
2271	-0.1872
2272	-0.004996
2273	-0.1927
2274	-0.05323
2275	-0.1109
2276	-1.077
2277	-0.9841
2278	-1.144
2279	-1.086
2280	-0.551
2281	-0.1641
2282	-0.6916
2283	-0.831
2284	-0.6403
2285	-0.8316
2286	-1.091
2287	-0.5634
2288	-0.5412
2289	-0.2485
2290	0.6462
2291	0.09696
2292	0.01354
2293	-0.4026
2294	-0.1492
2295	-0.524
2296	0.9837
2297	2.705
2298	0.8579
2299	1.222
2300	0.9238
2301	-0.2572
2302	-0.1094
2303	-1.217
2304	-0.8768
2305	-0.2797
2306	-0.9918
2307	-0.7331
2308	-0.3446
2309	-2.639
2310	-1.995
2311	-0.03611
2312	-1.629
2313	-0.654
2314	1.306
2315	1.223
2316	0.7007
2317	
2318	
2319	
2320	0.4191
2321	0.704
2322	
2323	0.8487
2324	1.65
2325	0.5918
2326	-0.6159
2327	-0.07735
2328	0.1513
2329	-0.01807
2330	0.9053
2331	0.6036
2332	0.2386
2333	-0.04141
2334	-0.162
2335	0.07057
2336	-0.1165
2337	-0.05807
2338	-0.1529
2339	
2340	-0.02143
2341	-0.5115
2342	-0.5559
2343	
2344	-0.9143
2345	-0.1096
2346	1.014
2347	-0.1964
2348	
2349	0.3089
2350	-0.2128
2351	-0.2045
2352	-0.1228
2353	-0.04643
2354	-0.06066
2355	-0.08407
2356	0.01891
2357	-0.1504
2358	0.009113
2359	
2360	-0.3089
2361	-0.05714
2362	
2363	-0.03944
2364	0.09848
2365	
2366	-0.01598
2367	-0.2392
2368	0.01884
2369	0.2463
2370	0.558
2371	0.06462
2372	-0.01059
2373	0.2143
2374	0.03516
2375	0.6771
2376	
2377	-0.119
2378	-0.04882
2379	-0.5188
2380	-0.1021
2381	0.1332
2382	0.3029
2383	
2384	-0.1741
2385	-0.3499
2386	-0.09154
2387	-0.1246
2388	-0.4223
2389	-0.05329
2390	-0.286
2391	-0.4084
2392	-0.9921
2393	0.234
2394	0.7121
2395	0.4004
2396	
2397	
2398	-0.04403
2399	-0.004465
2400	1.49
2401	
2402	
2403	
2404	
2405	-0.0167
2406	0.572
2407	-0.2013
2408	-0.04181
2409	-0.06669
2410	0.315
2411	-0.149
2412	0.1415
2413	0.8134
2414	-2.026
2415	-0.05812
2416	0.3036
2417	-0.3333
2418	-0.1549
2419	0.1026
2420	-0.7393
2421	-1.85
2422	-2.774
2423	-1.392
2424	-1.515
2425	-2.685
2426	-0.02972
2427	0.1392
2428	-0.1252
2429	-0.1813
2430	0.0548
2431	
2432	0.1612
2433	-0.1591
2434	-0.2211
2435	0.4597
2436	0.3546
2437	0.02928
2438	
2439	-0.1166
2440	1.565
2441	-0.08075
2442	-0.1301
2443	0.3855
2444	
2445	-0.06416
2446	
2447	-0.03561
2448	-0.1921
2449	-0.1622
2450	-0.1571
2451	-0.04019
2452	-0.2397
2453	-0.2307
2454	-0.2253
2455	
2456	
2457	-0.1102
2458	
2459	-0.2978
2460	-0.1997
2461	-0.1156
2462	-0.01596
2463	-1.923
2464	-1.74
2465	-1.833
2466	-0.007436
2467	1.104
2468	0.4425
2469	1.33
2470	0.3838
2471	-0.2636
2472	-0.2818
2473	0.5451
2474	0.5402
2475	0.4684
2476	-0.8551
2477	0.809
2478	0.5333
2479	-0.2141
2480	0.2744
2481	0.1435
2482	0.007958
2483	
2484	-0.3026
2485	0.00642
2486	-0.2013
2487	0.1384
2488	-0.1567
2489	-0.1577
2490	0.06383
2491	0.1635
2492	
2493	0.08663
2494	0.001507
2495	-0.06137
2496	0.9696
2497	1.368
2498	1.836
2499	
2500	
2501	0.2814
2502	0.2029
2503	0.004479
2504	0.2203
2505	0.04331
2506	-0.2879
2507	1.267
2508	0.968
2509	1.616
2510	0.1608
2511	-0.5014
2512	0.1411
2513	-0.08674
2514	0.329
2515	-0.04076
2516	0.2858
2517	-0.3015
2518	-1.443
2519	0.2088
2520	
2521	0.7217
2522	0.23
2523	
2524	0.4487
2525	2.154
2526	0.6005
2527	0.7575
2528	-0.2219
2529	-0.619
2530	-0.4877
2531	-0.06792
2532	0.9082
2533	0.9358
2534	0.08069
2535	0.03755
2536	-0.237
2537	-0.7582
2538	-0.06886
2539	-0.1869
2540	-0.37
2541	-0.1793
2542	-0.01015
2543	-0.5602
2544	0.001814
2545	-0.05074
2546	-0.2626
2547	
2548	-0.1191
2549	-0.1861
2550	0.06307
2551	-0.5463
2552	0.3806
2553	0.3471
2554	0.05739
2555	0.5475
2556	0.221
2557	-1.869
2558	0.4314
2559	0.8636
2560	0.3858
2561	0.3434
2562	0.4617
2563	0.3282
2564	0.09409
2565	0.4393
2566	1.06
2567	0.7129
2568	0.2716
2569	0.4497
2570	-0.007677
2571	0.9144
2572	0.4219
2573	0.3018
2574	-0.96
2575	0.1014
2576	0.2011
2577	0.04547
2578	0.2963
2579	1.024
2580	0.6716
2581	0.6115
2582	-0.06022
2583	-0.04075
2584	0.347
2585	0.1718
2586	-0.1476
2587	-1.872
2588	
2589	
2590	
2591	
2592	1.264
2593	0.2693
2594	0.07228
2595	0.4988
2596	-0.2658
2597	-1.689
2598	-0.375
2599	-2.555
2600	-1.393
2601	-2.13
2602	0.001071
2603	
2604	0.4515
2605	1.261
2606	0.06452
2607	0.7505
2608	0.9987
2609	0.2982
2610	1.28
2611	-0.04382
2612	-0.1338
2613	-0.2229
2614	1.175
2615	0.295
2616	0.1317
2617	0.5833
2618	0.743
2619	0.1635
2620	0.9971
2621	
2622	0.3234
2623	0.1638
2624	-0.1482
2625	
2626	-0.1825
2627	
2628	1.166
2629	
2630	0.8963
2631	
2632	-0.1136
2633	0.02879
2634	
2635	-0.1529
2636	-0.1097
2637	-0.393
2638	0.1814
2639	0.1273
2640	-0.2251
2641	-0.326
2642	-0.1474
2643	-0.06679
2644	0.1093
2645	0.05335
2646	0.2229
2647	
2648	0.02051
2649	0.1314
2650	0.1456
2651	0.2492
2652	
2653	0.00238
2654	-0.04443
2655	-0.1671
2656	-0.1011
2657	-0.1055
2658	-0.3091
2659	-1.083
2660	-0.9338
2661	-0.4609
2662	-0.5943
2663	-0.9256
2664	-0.3289
2665	-1.497
2666	-0.6158
2667	0.06247
2668	0.09653
2669	
2670	0.7566
2671	-0.09658
2672	-1.059
2673	-0.9049
2674	-0.9533
2675	-1.445
2676	-1.129
2677	-0.4145
2678	-0.7018
2679	-1.278
2680	0.3345
2681	0.2978
2682	0.1893
2683	-0.05386
2684	0.9322
2685	0.86
2686	0.6138
2687	-0.1362
2688	0.6226
2689	0.343
2690	0.6623
2691	
2692	
2693	
2694	
2695	
2696	0.5763
2697	1.151
2698	0.2948
2699	0.287
2700	-0.03893
2701	0.5639
2702	-0.4822
2703	-0.4485
2704	
2705	-0.3092
2706	-0.06509
2707	0.6934
2708	
2709	0.006407
2710	
2711	-0.04364
2712	1.55
2713	0.1761
2714	0.06417
2715	-0.1797
2716	0.1152
2717	0.05499
2718	0.06263
2719	0.2384
2720	-0.08822
2721	1.554
2722	-0.1258
2723	-0.08871
2724	-0.1361
2725	-0.06383
2726	0.9746
2727	2.223
2728	1.745
2729	2.508
2730	1.655
2731	0.9218
2732	0.3047
2733	0.8313
2734	0.09291
2735	-0.08861
2736	-0.1793
2737	0.04173
2738	-0.1101
2739	-0.09711
2740	-0.06738
2741	-0.6638
2742	0.1061
2743	0.9809
2744	1.448
2745	1.465
2746	0.7159
2747	1.422
2748	1.319
2749	
2750	-2.548
2751	-2.943
2752	-2.432
2753	1.164
2754	0.006918
2755	0.07536
2756	0.03501
2757	0.01625
2758	-0.1096
2759	-0.2626
2760	-0.05894
2761	-0.235
2762	-2.8
2763	-3.545
2764	-3.13
2765	
2766	0.6132
2767	-0.07193
2768	0.1434
2769	0.1844
2770	-0.07497
2771	-0.2068
2772	-0.2948
2773	-0.09735
2774	-0.01685
2775	0.2808
2776	-0.1502
2777	0.6213
2778	
2779	0.6369
2780	1.751
2781	1.129
2782	1.038
2783	0.6896
2784	0.9987
2785	0.5235
2786	0.8471
2787	0.02925
2788	0.05271
2789	
2790	0.07525
2791	
2792	0.4312
2793	0.5146
2794	0.3774
2795	0.3194
2796	0.266
2797	-0.006877
2798	0.6867
2799	-0.4171
2800	-0.4269
2801	-0.1267
2802	-0.08689
2803	-0.08733
2804	-0.08283
2805	0.1087
2806	-0.1725
2807	-0.1405
2808	0.1103
2809	-0.9687
2810	1.105
2811	0.4972
2812	0.3945
2813	0.6117
2814	
2815	
2816	
2817	
2818	-2.21
2819	0.2504
2820	1.284
2821	0.1289
2822	
2823	0.2286
2824	-0.07581
2825	0.0439
2826	0.05233
2827	0.2434
2828	0.1211
2829	1.199
2830	0.7843
2831	0.1276
2832	-0.02966
2833	-0.06488
2834	-0.1437
2835	0.147
2836	0.02843
2837	0.3204
2838	-1.377
2839	-0.1881
2840	-0.4507
2841	-0.1787
2842	
2843	-0.01083
2844	-0.7635
2845	0.8241
2846	-0.05846
2847	0.8852
2848	0.282
2849	
2850	0.05552
2851	
2852	-0.2253
2853	0.1046
2854	-0.1504
2855	-0.09411
2856	0.1106
2857	0.006656
2858	-0.08002
2859	
2860	0.6107
2861	0.1757
2862	-0.1184
2863	0.04327
2864	
2865	-0.04047
2866	-0.05161
2867	-0.3577
2868	-0.8891
2869	-0.06719
2870	-0.07258
2871	0.1299
2872	-0.1384
2873	0.09276
2874	0.1102
2875	0.1819
2876	-0.03807
2877	0.4586
2878	0.01432
2879	-0.253
2880	-0.5663
2881	0.1383
2882	0.04686
2883	0.1438
2884	-0.04727
2885	0.04491
2886	0.2242
2887	
2888	-0.139
2889	0.2348
2890	0.5139
2891	0.4006
2892	0.653
2893	0.2963
2894	0.9861
2895	1.12
2896	1.014
2897	0.3856
2898	0.4749
2899	0.4576
2900	0.2004
2901	0.5108
2902	0.09985
2903	-0.1383
2904	-0.1851
2905	0.4186
2906	1.168
2907	1.291
2908	1.04
2909	1.131
2910	0.6406
2911	
2912	1.194
2913	-2.677
2914	0.4373
2915	-0.04668
2916	-0.4435
2917	0.1089
2918	0.00812
2919	-0.01893
2920	0.2472
2921	-0.07187
2922	1.541
2923	0.6725
2924	0.2037
2925	0.3485
2926	0.4667
2927	0.5902
2928	0.7429
2929	0.5883
2930	0.0492
2931	-0.2582
2932	-0.1376
2933	-0.01278
2934	-0.04507
2935	0.6588
2936	-0.09874
2937	0.2689
2938	0.03173
2939	0.0576
2940	0.259
2941	-0.584
2942	-0.7857
2943	-0.4905
2944	1.002
2945	0.3926
2946	1.099
2947	0.8383
2948	-0.07708
2949	0.06876
2950	0.01687
2951	1.233
2952	0.4999
2953	0.5716
2954	0.7907
2955	0.8595
2956	-0.1884
2957	1.203
2958	0.7816
2959	0.2981
2960	0.0591
2961	0.1833
2962	-0.09622
2963	-0.01566
2964	-0.1791
2965	-0.6214
2966	0.1892
2967	
2968	0.1766
2969	0.6246
2970	-0.2618
2971	-0.0737
2972	-0.3433
2973	-0.3271
2974	
2975	-0.3804
2976	-0.4861
2977	0.01219
2978	-0.1806
2979	-0.2994
2980	-0.6354
2981	0.01953
2982	0.3966
2983	0.551
2984	-0.02056
2985	0.04387
2986	-0.08417
2987	0.05232
2988	0.8422
2989	-0.6291
2990	0.7749
2991	0.43
2992	0.8209
2993	0.9295
2994	0.5998
2995	0.8425
2996	1.338
2997	2.837
2998	0.06954
2999	-0.1503
3000	-0.185
3001	-0.4737
3002	-0.5402
3003	-0.8503
3004	-0.3341
3005	-1.223
3006	-1.628
3007	-0.8719
3008	-1.591
3009	0.3747
3010	0.3612
3011	0.6059
3012	-0.5973
3013	-0.01417
3014	0.01635
3015	-0.2767
3016	-0.1846
3017	0.3713
3018	0.1128
3019	1.013
3020	0.491
3021	0.5179
3022	-0.1604
3023	0.3432
3024	-0.1599
3025	0.002689
3026	0.03205
3027	0.1238
3028	0.7316
3029	0.2164
3030	0.9965
3031	0.7936
3032	0.8887
3033	0.7344
3034	0.9645
3035	-0.01815
3036	0.2554
3037	0.2049
3038	-0.0261
3039	0.2437
3040	-0.2377
3041	-0.5724
3042	1.082
3043	-0.156
3044	0.1233
3045	0.3192
3046	0.1603
3047	-0.1788
3048	-0.1233
3049	-0.5285
3050	-1.096
3051	0.3128
3052	1.054
3053	0.2465
3054	0.4179
3055	1.113
3056	0.8885
3057	0.4913
3058	0.4604
3059	0.3885
3060	-0.3558
3061	0.05025
3062	0.1512
3063	1.199
3064	1.133
3065	1.268
3066	0.7675
3067	0.5524
3068	-0.7035
3069	
3070	-0.897
3071	-0.5762
3072	-0.6212
3073	-2.414
3074	-0.4271
3075	0.6908
3076	
3077	-0.1676
3078	-0.1102
3079	
3080	
3081	-0.3262
3082	0.3049
3083	0.2333
3084	0.09194
3085	0.3843
3086	0.0817
3087	0.04022
3088	-0.2072
3089	-2.17
3090	0.1367
3091	0.1982
3092	-0.05699
3093	-0.2309
3094	0.6297
3095	-0.09113
3096	0.1278
3097	-0.4996
3098	-0.513
3099	-0.1393
3100	-0.1873
3101	0.1129
3102	-0.8614
3103	0.3082
3104	0.04857
3105	0.7639
3106	0.4076
3107	-0.6346
3108	0.561
3109	0.0195
3110	0.131
3111	0.09111
3112	0.1733
3113	0.06809
3114	0.2344
3115	
3116	0.03708
3117	-0.1003
3118	
3119	0.01492
3120	-0.09479
3121	-0.1322
3122	0.02854
3123	
3124	0.008799
3125	-0.2087
3126	-0.1936
3127	0.004715
3128	-0.05649
3129	0.545
3130	0.2408
3131	0.5527
3132	-0.06229
3133	-0.2341
3134	-0.2498
3135	-0.3018
3136	0.1047
3137	
3138	-0.09658
3139	
3140	0.007846
3141	-0.05207
3142	0.04186
3143	-0.1192
3144	
3145	0.4132
3146	0.4582
3147	0.2024
3148	0.3601
3149	0.3281
3150	0.4213
3151	0.8438
3152	0.3571
3153	-0.5437
3154	-0.0577
3155	0.4788
3156	1.432
3157	1.092
3158	0.5573
3159	0.6864
3160	-0.7002
3161	-0.3173
3162	-0.7639
3163	1.118
3164	0.3254
3165	0.3913
3166	-0.3027
3167	-0.586
3168	-0.6713
3169	-0.106
3170	0.1911
3171	
3172	-3.169
3173	-0.08767
3174	
3175	1.111
3176	0.8144
3177	1.546
3178	0.2037
3179	-0.04823
3180	
3181	-0.7175
3182	
3183	-0.5377
3184	-0.2735
3185	-0.1502
3186	-0.1344
3187	0.7472
3188	
3189	0.1136
3190	0.15
3191	0.04625
3192	-0.2358
3193	0.06705
3194	0.06879
3195	0.3717
3196	0.3564
3197	1.133
3198	0.6858
3199	0.7392
3200	0.351
3201	0.3589
3202	0.64
3203	0.5802
3204	0.5057
3205	1.082
3206	0.3828
3207	-0.09349
3208	0.5207
3209	0.5261
3210	0.3882
3211	-0.04097
3212	-2.717
3213	-2.035
3214	-0.01675
3215	-0.01154
3216	0.2389
3217	0.1257
3218	0.4124
3219	0.02992
3220	0.8188
3221	-0.294
3222	0.05586
3223	0.04008
3224	-0.1125
3225	-0.1341
3226	0.5423
3227	0.5227
3228	1.436
3229	1.143
3230	0.5709
3231	0.7519
3232	-0.3678
3233	0.2377
3234	0.01079
3235	0.5666
3236	-2.398
3237	0.1124
3238	1.685
3239	0.008948
3240	0.0149
3241	-0.01145
3242	0.04702
3243	0.4926
3244	0.8704
3245	0.7221
3246	0.5269
3247	0.6482
3248	0.6566
3249	0.398
3250	1.17
3251	1.022
3252	0.1274
3253	0.8615
3254	0.2744
3255	0.8266
3256	1.026
3257	-0.09482
3258	-0.08369
3259	0.1107
3260	0.5962
3261	0.2218
3262	-0.1579
3263	-0.07578
3264	-0.09731
3265	0.06537
3266	0.05015
3267	-0.09191
3268	-0.413
3269	0.08784
3270	-0.03001
3271	0.2293
3272	
3273	
3274	
3275	
3276	
3277	
3278	
3279	-0.05522
3280	-0.2572
3281	-0.3069
3282	-0.1557
3283	0.2366
3284	-0.1079
3285	-0.03929
3286	0.2943
3287	0.7862
3288	0.6551
3289	0.5661
3290	0.6739
3291	
3292	0.2672
3293	0.5341
3294	0.3019
3295	0.8032
3296	0.6466
3297	0.7849
3298	0.5357
3299	-0.2783
3300	0.5344
3301	0.2497
3302	-0.0284
3303	0.02228
3304	0.06786
3305	0.3442
3306	0.5384
3307	0.6877
3308	0.7041
3309	
3310	0.4737
3311	
3312	
3313	0.08351
3314	0.09847
3315	0.23
3316	0.01922
3317	-0.09815
3318	0.2777
3319	0.3336
3320	0.04588
3321	0.2871
3322	0.1115
3323	0.04173
3324	0.01482
3325	0.07805
3326	-0.05838
3327	-0.02454
3328	-0.04333
3329	-0.03767
3330	0.06891
3331	
3332	-0.09846
3333	0.06251
3334	0.09181
3335	0.03702
3336	-0.6082
3337	-0.5255
3338	
3339	0.1827
3340	0.484
3341	0.1703
3342	0.5139
3343	1.214
3344	0.5671
3345	1.291
3346	1.062
3347	0.7629
3348	1.32
3349	
3350	-0.6088
3351	-0.4745
3352	0.8449
3353	0.4323
3354	0.3461
3355	0.3179
3356	0.2942
3357	0.805
3358	0.8204
3359	-1.373
3360	0.2131
3361	-0.1087
3362	-0.006472
3363	0.3781
3364	0.2766
3365	
3366	0.04066
3367	-0.09538
3368	0.07595
3369	-0.06558
3370	-0.05516
3371	-0.2008
3372	-0.07167
3373	-0.01565
3374	-0.01577
3375	0.3549
3376	-0.06912
3377	-0.1888
3378	-0.1201
3379	0.0214
3380	-0.2745
3381	
3382	0.02233
3383	-0.2698
3384	1.252
3385	0.7869
3386	0.9398
3387	0.6414
3388	0.4594
3389	0.7097
3390	0.1085
3391	-0.097
3392	-0.0004348
3393	-0.006723
3394	0.05543
3395	-0.09352
3396	-0.1618
3397	0.366
3398	-0.04434
3399	1.294
3400	0.6055
3401	0.5411
3402	0.3357
3403	0.251
3404	0.9549
3405	0.5864
3406	
3407	0.6928
3408	-1.249
3409	-0.3615
3410	0.1401
3411	0.02875
3412	0.3582
3413	0.4426
3414	0.8836
3415	-0.1642
3416	-0.6365
3417	-1.112
3418	-1.247
3419	0.02624
3420	
3421	-0.1237
3422	0.2564
3423	0.2356
3424	0.2062
3425	0.01604
3426	
3427	
3428	-0.4356
3429	-0.7534
3430	-0.545
3431	-0.2589
3432	-0.2301
3433	-2.047
3434	0.1102
3435	-0.09534
3436	0.534
3437	-0.1207
3438	0.9253
3439	0.1974
3440	0.3255
3441	-0.191
3442	-0.1522
3443	-0.1084
3444	0.4585
3445	0.6198
3446	0.1874
3447	-1.368
3448	-0.08935
3449	0.4466
3450	-0.5405
3451	-0.2129
3452	-0.4351
3453	-1.114
3454	-2.579
3455	
3456	-2.16
3457	-2.17
3458	-3.779
3459	0.4026
3460	-4.482
3461	0.9864
3462	0.5706
3463	0.7115
3464	0.8754
3465	0.4162
3466	0.1345
3467	-0.1328
3468	0.3372
3469	2.154
3470	1.798
3471	0.01276
3472	1.107
3473	0.2746
3474	-0.0149
3475	0.03189
3476	1.457
3477	1.16
3478	0.7149
3479	1.419
3480	0.8043
3481	0.7676
3482	0.5605
3483	-0.02052
3484	
3485	-0.3667
3486	-0.5808
3487	-0.4923
3488	-0.1135
3489	-0.1303
3490	-0.1263
3491	-0.1232
3492	0.2258
3493	1.039
3494	-0.07261
3495	-0.7534
3496	1.313
3497	0.1102
3498	0.5269
3499	0.8793
3500	0.4862
3501	-0.01113
3502	-0.1614
3503	0.0005317
3504	0.2104
3505	0.3686
3506	1.036
3507	0.7002
3508	0.7532
3509	1.183
3510	1.436
3511	0.6647
3512	0.827
3513	0.69
3514	1.63
3515	0.2487
3516	0.7571
3517	-0.3962
3518	0.00392
3519	-0.4561
3520	-0.05958
3521	0.04317
3522	-0.0233
3523	-3.154
3524	-0.5087
3525	-0.9941
3526	1.303
3527	1.063
3528	-1.359
3529	0.5539
3530	0.3784
3531	0.04412
3532	0.001441
3533	0.1294
3534	-0.0326
3535	-0.135
3536	0.5008
3537	0.09438
3538	-0.2454
3539	-0.906
3540	-2.649
3541	-2.044
3542	-1.579
3543	-1.778
3544	-3.8
3545	
3546	0.5871
3547	0.4938
3548	0.1428
3549	0.2041
3550	0.0472
3551	0.1862
3552	1.462
3553	-0.08147
3554	0.7378
3555	-1.069
3556	0.6987
3557	-0.1144
3558	0.03242
3559	0.308
3560	0.3604
3561	
3562	-0.06035
3563	
3564	-0.07786
3565	-0.1847
3566	-0.008327
3567	-0.4794
3568	0.04978
3569	-0.04493
3570	-0.472
3571	-0.1799
3572	-0.982
3573	-0.2633
3574	
3575	-0.04106
3576	-0.06203
3577	-0.1029
3578	
3579	-0.4954
3580	-0.132
3581	0.04844
3582	0.03773
3583	0.07536
3584	0.1661
3585	0.6962
3586	
3587	-0.3564
3588	-0.5625
3589	-0.08179
3590	0.9652
3591	1.158
3592	-0.3508
3593	
3594	
3595	0.392
3596	
3597	
3598	
3599	-0.1208
3600	-0.05899
3601	0.3819
3602	
3603	-0.08326
3604	-0.388
3605	-0.9241
3606	1.225
3607	0.411
3608	1.177
3609	-0.03544
3610	-0.04583
3611	
3612	
3613	1.679
3614	
3615	
3616	1.507
3617	1.985
3618	0.2028
3619	1.461
3620	1.177
3621	1.006
3622	0.04477
3623	-0.1969
3624	0.03447
3625	-0.08212
3626	-0.2312
3627	0.04215
3628	
3629	-0.00446
3630	0.1853
3631	0.1653
3632	0.337
3633	0.9066
3634	0.9023
3635	1.388
3636	-0.01765
3637	0.294
3638	0.01033
3639	0.8169
3640	0.9836
3641	1.028
3642	1.123
3643	1.464
3644	1.447
3645	-1.086
3646	0.4324
3647	
3648	1.4
3649	1.036
3650	1.225
3651	1.412
3652	1.451
3653	0.1152
3654	
3655	-0.3359
3656	
3657	-0.04291
3658	
3659	
3660	0.05537
3661	-2.817
3662	
3663	0.03248
3664	
3665	-0.0000308
3666	-0.5623
3667	0.05728
3668	-0.05157
3669	-0.115
3670	-1.236
3671	-3.458
3672	-0.4413
3673	0.9394
3674	1.37
3675	
3676	-0.2639
3677	-0.03799
3678	
3679	0.01453
3680	-0.1766
3681	
3682	0.03924
3683	0.159
3684	-0.1189
3685	0.0179
3686	0.3708
3687	0.6075
3688	1.083
3689	1.108
3690	
3691	0.03126
3692	0.04856
3693	0.09599
3694	0.06164
3695	-0.04181
3696	
3697	
3698	0.4499
3699	1.674
3700	0.8345
3701	0.8728
3702	0.9479
3703	0.2798
3704	0.7528
3705	
3706	1.208
3707	-0.1803
3708	0.08978
3709	-0.0658
3710	
3711	0.6333
3712	1.287
3713	0.1728
3714	-0.2973
3715	0.1895
3716	-0.2834
3717	-0.1619
3718	0.1055
3719	-0.238
3720	-0.1704
3721	
3722	1.073
3723	-0.2009
3724	-0.204
3725	-0.5545
3726	-0.3425
3727	-0.09543
3728	-0.2708
3729	0.3648
3730	
3731	0.1122
3732	-0.2247
3733	0.4304
3734	0.08725
3735	-0.3354
3736	0.5601
3737	-0.1518
3738	0.4358
3739	0.2087
3740	0.8023
3741	0.4271
3742	0.6727
3743	0.6272
3744	-0.1414
3745	1.257
3746	0.657
3747	0.2413
3748	
3749	-0.3737
3750	-0.1911
3751	-0.2534
3752	0.3979
3753	0.2008
3754	0.9877
3755	0.9777
3756	
3757	
3758	
3759	
3760	
3761	
3762	1.052
3763	0.7445
3764	0.8728
3765	0.6402
3766	-0.6454
3767	-2.932
3768	-1.882
3769	-1.048
3770	-1.283
3771	-1.685
3772	-1.115
3773	0.2731
3774	-3.804
3775	1.504
3776	0.2771
3777	
3778	0.563
3779	0.3594
3780	0.2744
3781	0.3725
3782	0.4791
3783	1.026
3784	0.6031
3785	0.704
3786	0.61
3787	0.5103
3788	0.7265
3789	0.4874
3790	0.6674
3791	0.7315
3792	0.4378
3793	0.3208
3794	0.2279
3795	-0.8622
3796	
3797	
3798	
3799	
3800	0.08958
3801	0.03899
3802	-0.0575
3803	0.1372
3804	0.753
3805	0.4486
3806	1.354
3807	0.8738
3808	0.453
3809	0.7584
3810	1.058
3811	0.7912
3812	
3813	0.8175
3814	-0.05224
3815	0.1861
3816	-0.1151
3817	-0.2187
3818	-0.1448
3819	-0.244
3820	-0.63
3821	1.375
3822	1.432
3823	-0.08685
3824	-0.3606
3825	1.269
3826	0.9703
3827	-0.4087
3828	-0.7421
3829	-4.042
3830	-2.486
3831	0.6524
3832	0.1851
3833	0.6155
3834	0.7539
3835	0.925
3836	0.5372
3837	0.5886
3838	1.192
3839	0.4991
3840	1.071
3841	
3842	1.011
3843	0.6935
3844	0.6101
3845	0.3687
3846	-0.4846
3847	-0.05424
3848	0.4348
3849	
3850	0.457
3851	
3852	
3853	
3854	
3855	
3856	0.283
3857	0.5096
3858	
3859	0.6108
3860	0.5185
3861	-0.05001
3862	0.03716
3863	1.063
3864	
3865	1.226
3866	0.5209
3867	0.9052
3868	2.355
3869	3.079
3870	2.287
3871	0.8429
3872	-0.0956
3873	0.3886
3874	-0.08038
3875	0.06279
3876	-0.152
3877	-0.124
3878	0.005534
3879	-0.02861
3880	
3881	
3882	-0.2515
3883	
3884	-0.1366
3885	
3886	0.1737
3887	0.008964
3888	0.05683
3889	
3890	
3891	0.5531
3892	0.08199
3893	
3894	-1.052
3895	0.5477
3896	-0.06555
3897	-0.01273
3898	0.01231
3899	0.02568
3900	0.01976
3901	-0.09458
3902	0.03565
3903	-0.2084
3904	-0.01535
3905	-0.05163
3906	-0.04181
3907	-0.06637
3908	-3.363
3909	-0.07691
3910	
3911	0.4376
3912	0.2047
3913	-1.478
3914	-1.347
3915	-0.1823
3916	0.3855
3917	-1.731
3918	0.2259
3919	0.9189
3920	0.7666
3921	
3922	
3923	
3924	1.102
3925	1.538
3926	0.7
3927	-0.07171
3928	
3929	-0.3759
3930	0.1087
3931	1.091
3932	0.8354
3933	0.1662
3934	0.2885
3935	1.118
3936	-0.1424
3937	0.5371
3938	0.7202
3939	-0.9896
3940	-0.7256
3941	-2.882
3942	-1.094
3943	0.2833
3944	0.04141
3945	0.8616
3946	
3947	0.1474
3948	
3949	-0.3273
3950	0.02115
3951	-0.03707
3952	-0.0744
3953	0.1298
3954	0.3811
3955	0.3515
3956	-1.76
3957	-1.038
3958	-2.76
3959	-1.931
3960	-2.76
3961	0.441
3962	-1.115
3963	0.199
3964	0.2388
3965	0.7605
3966	0.1663
3967	1.21
3968	
3969	
3970	
3971	
3972	1.494
3973	1.094
3974	-0.03859
3975	-0.1525
3976	
3977	
3978	
3979	
3980	0.09324
3981	0.3614
3982	0.4268
3983	0.8995
3984	0.3561
3985	0.191
3986	
3987	0.1421
3988	0.2468
3989	0.1816
3990	-2.05
3991	-2.577
3992	-2.767
3993	-1.686
3994	-3.668
3995	-0.8968
3996	0.5068
3997	0.2768
3998	0.5338
3999	0.4655
4000	0.7376
4001	0.1775
4002	
4003	0.1309
4004	0.3504
4005	-0.7276
4006	-1.401
4007	
4008	
4009	
4010	
4011	0.1126
4012	0.2891
4013	-2.393
4014	-3.273
4015	-3.216
4016	-2.434
4017	-0.5972
4018	0.5515
4019	-1.746
4020	-0.2426
4021	1.125
4022	0.02516
4023	0.09033
4024	-1.075
4025	0.5671
4026	-0.1149
4027	0.03408
4028	-0.0739
4029	
4030	
4031	-0.1397
4032	-0.4756
4033	-0.2575
4034	
4035	-1.045
4036	-1.601
4037	-0.8944
4038	-0.1021
4039	-0.03651
4040	-0.2367
4041	1.504
4042	0.1036
4043	0.6031
4044	0.456
4045	0.5847
4046	0.3051
4047	-0.06358
4048	-0.02266
4049	0.4231
4050	0.1641
4051	-0.6119
4052	1.232
4053	0.845
4054	-1.349
4055	-0.0288
4056	0.8633
4057	0.07155
4058	1.422
4059	0.7664
4060	0.9804
4061	0.05954
4062	-0.1215
4063	0.2375
4064	-1.089
4065	-0.2533
4066	-0.1229
4067	-0.5754
4068	-0.419
4069	-1.78
4070	0.4002
4071	0.3785
4072	0.2072
4073	0.1849
4074	0.0534
4075	-0.0168
4076	0.101
4077	0.009215
4078	-0.07555
4079	
4080	-0.168
4081	-0.07892
4082	-0.2879
4083	-0.03562
4084	
4085	
4086	-0.3058
4087	-0.5211
4088	-0.313
4089	
4090	-0.1095
4091	0.0004129
4092	0.1308
4093	0.3422
4094	-0.1597
4095	
4096	-0.4667
4097	0.02142
4098	-0.1831
4099	-0.1789
4100	-0.03515
4101	-0.1284
4102	-0.2459
4103	0.1187
4104	0.01798
4105	-0.131
4106	-0.1796
4107	-0.5181
4108	0.008643
4109	-0.8909
4110	-0.855
4111	-0.04945
4112	0.3373
4113	0.1231
4114	0.6169
4115	2.754
4116	3.496
4117	1.886
4118	-0.2251
4119	0.01007
4120	0.4487
4121	-0.1061
4122	1.818
4123	0.7411
4124	0.3103
4125	0.748
4126	0.06476
4127	-0.3945
4128	0.1714
4129	3.215
4130	3
4131	1.356
4132	3.117
4133	2.088
4134	
4135	0.0933
4136	0.07143
4137	-0.06098
4138	0.8159
4139	2.308
4140	0.02601
4141	-0.3111
4142	0.6271
4143	0.876
4144	-0.7627
4145	-0.05634
4146	0.6807
4147	1.103
4148	0.1472
4149	-0.6428
4150	1.219
4151	0.8556
4152	1.787
4153	2.545
4154	2.606
4155	0.1739
4156	0.1289
4157	0.1989
4158	0.09753
4159	0.004601
4160	-0.1237
4161	0.2673
4162	0.8961
4163	
4164	
4165	
4166	1.475
4167	-0.002163
4168	0.3552
4169	0.6975
4170	0.9266
4171	0.5769
4172	0.7137
4173	0.7095
4174	0.3441
4175	0.2328
4176	0.283
4177	0.2813
4178	-0.2932
4179	-0.1902
4180	0.05713
4181	
4182	-0.09315
4183	-0.2164
4184	-0.1406
4185	-0.2012
4186	-0.006787
4187	-0.1494
4188	0.02339
4189	-0.1183
4190	0.1383
4191	0.3762
4192	-0.04772
4193	0.05555
4194	-0.02792
4195	-0.0623
4196	0.6638
4197	-0.06223
4198	
4199	-0.1384
4200	0.5952
4201	0.2603
4202	-0.1185
4203	-0.01394
4204	-0.2259
4205	0.1844
4206	0.5114
4207	0.5448
4208	-0.7197
4209	1.89
4210	-0.2905
4211	-0.3664
4212	-0.05095
4213	-0.1113
4214	-0.257
4215	-0.07075
4216	-0.02319
4217	-0.2135
4218	0.1045
4219	-0.3404
4220	0.4561
4221	0.2657
4222	0.5421
4223	0.6925
4224	-0.06544
4225	0.1297
4226	0.8464
4227	-0.09652
4228	0.00749
4229	0.03417
4230	-0.05665
4231	0.1455
4232	0.9053
4233	1.065
4234	0.4175
4235	0.6333
4236	0.2763
4237	1.219
4238	2.351
4239	-0.1575
4240	-0.5088
4241	0.0959
4242	-1.418
4243	1.123
4244	0.6513
4245	0.6311
4246	0.3739
4247	0.3967
4248	
4249	
4250	-0.2676
4251	-0.01927
4252	-0.1182
4253	
4254	-2.31
4255	0.6571
4256	-0.1212
4257	-0.3591
4258	0.7015
4259	0.612
4260	0.5176
4261	-0.03586
4262	0.1374
4263	0.08843
4264	0.0203
4265	-0.2249
4266	-0.08198
4267	-0.1302
4268	-0.1335
4269	-0.2379
4270	
4271	-0.0172
4272	0.005868
4273	
4274	-0.02574
4275	0.8619
4276	0.1527
4277	-0.04346
4278	0.4112
4279	-0.3977
4280	-0.3221
4281	-0.2133
4282	-0.2821
4283	0.06957
4284	0.4455
4285	-0.2356
4286	-0.1089
4287	-0.5934
4288	-0.4692
4289	-0.9945
4290	-1.498
4291	-2.616
4292	-0.7463
4293	-1.141
4294	0.5034
4295	0.559
4296	0.05392
4297	-0.07767
4298	-0.1726
4299	0.01425
4300	0.166
4301	-0.04712
4302	0.1139
4303	0.08138
4304	
4305	0.01462
4306	0.03045
4307	0.1564
4308	0.1258
4309	-0.2318
4310	-0.2018
4311	0.05495
4312	-0.4311
4313	-0.1619
4314	-0.3273
4315	0.09086
4316	0.1992
4317	-0.04205
4318	0.05791
4319	-0.1235
4320	0.1428
4321	-0.1535
4322	-0.1222
4323	0.02502
4324	0.5155
4325	-0.06576
4326	0.6501
4327	0.9765
4328	0.582
4329	0.1847
4330	0.1474
4331	0.2883
4332	-0.02153
4333	0.2246
4334	0.5102
4335	1.12
4336	-0.1537
4337	-0.2199
4338	0.05948
4339	-0.1403
4340	-0.3551
4341	-0.1228
4342	-0.1711
4343	0.1012
4344	0.02717
4345	0.9936
4346	0.5905
4347	-0.05314
4348	0.4133
4349	0.2298
4350	1.263
4351	0.4483
4352	0.03705
4353	-0.1758
4354	
4355	-1.262
4356	-0.9708
4357	-0.4892
4358	-0.1682
4359	
4360	0.4737
4361	0.5411
4362	0.5814
4363	-0.2868
4364	-0.3338
4365	0.005723
4366	-0.1942
4367	-3.103
4368	
4369	
4370	
4371	1.517
4372	1.951
4373	1.532
4374	0.7942
4375	0.6529
4376	-2.315
4377	0.4209
4378	0.243
4379	0.7432
4380	1.387
4381	0.4635
4382	-0.1092
4383	0.6504
4384	0.5637
4385	0.3439
4386	0.4142
4387	0.06314
4388	0.2938
4389	0.3995
4390	0.3013
4391	0.8125
4392	0.1569
4393	0.4982
4394	0.3924
4395	0.8011
4396	1.357
4397	-0.2078
4398	-0.04872
4399	-0.03964
4400	0.005441
4401	1.825
4402	0.7108
4403	0.259
4404	
4405	
