1	-0.1047	0.93
2	-0.1844	0.88
3	0.7398	1.67
4	0.0286	1.02
5	0.6508	1.57
6	3.1667	8.98
7	0.0704	1.05
8	1.0909	2.13
9	-2.7370	0.15
10	-2.4739	0.18
11		
12	-2.7370	0.15
13	-2.4739	0.18
14	-2.3959	0.19
15	-1.4739	0.36
16	0.7225	1.65
17	-3.1844	0.11
18	-2.8365	0.14
19	-3.4739	0.09
20	-3.1844	0.11
21	-4.0589	0.06
22	-1.8365	0.28
23	-2.5564	0.17
24	-2.7370	0.15
25	3.5311	11.56
26	3.1342	8.78
27	2.7290	6.63
28	0.2987	1.23
29	0.6960	1.62
30	1.3730	2.59
31	1.5850	3.00
32	2.0738	4.21
33	1.4699	2.77
34	1.1043	2.15
35	2.8237	7.08
36	3.9828	15.81
37	-2.5564	0.17
38	2.1667	4.49
39	4.5091	22.77
40	-0.1520	0.90
41	-3.8365	0.07
42	-4.3219	0.05
43	-3.0589	0.12
44	-1.8365	0.28
45	-5.0589	0.03
46	-3.0589	0.12
47	0.7312	1.66
48	0.0000	1.00
49	0.1890	1.14
50	0.0566	1.04
51	1.4383	2.71
52	1.7093	3.27
53	-1.5564	0.34
54	3.4276	10.76
55	-1.7859	0.29
56	0.3219	1.25
57	-1.2515	0.42
58	1.1570	2.23
59	-0.8625	0.55
60	-0.5564	0.68
61	2.1210	4.35
62	-0.5353	0.69
63	-3.8365	0.07
64	-2.9434	0.13
65	-3.8365	0.07
66	-3.6439	0.08
67	-2.4739	0.18
68	-1.3959	0.38
69	-0.0439	0.97
70	-2.7370	0.15
71	-3.6439	0.08
72	5.1679	35.95
73		
74	-0.7370	0.60
75	-1.6897	0.31
76	-1.7370	0.30
77	-1.8890	0.27
78	-1.7859	0.29
79	-2.1203	0.23
80	-1.0291	0.49
81	-3.3219	0.10
82	-2.8365	0.14
83	-3.8365	0.07
84	-2.5564	0.17
85		
86	-3.8365	0.07
87	-4.6439	0.04
88	-3.6439	0.08
89	-4.3219	0.05
90	-1.6897	0.31
91	-4.0589	0.06
92	-3.8365	0.07
93	-3.1844	0.11
94	-3.6439	0.08
95	-3.4739	0.09
96	-3.6439	0.08
97	-3.3219	0.10
98	-4.0589	0.06
99	-3.4739	0.09
100	-4.0589	0.06
101	-3.4739	0.09
102	-3.8365	0.07
103	-2.7370	0.15
104	-2.3219	0.20
105	-4.3219	0.05
106	-2.9434	0.13
107	-1.8365	0.28
108	-2.4739	0.18
109	-1.8890	0.27
110	2.3161	4.98
111	2.0807	4.23
112	-2.0000	0.25
113	0.7824	1.72
114	1.9373	3.83
115	0.3674	1.29
116	1.1043	2.15
117	-3.1844	0.11
118	-1.2863	0.41
119	-1.0893	0.47
120	-0.2863	0.82
121		
122	1.6135	3.06
123	-0.6666	0.63
124	0.8560	1.81
125	0.7312	1.66
126	-0.0893	0.94
127	-0.8110	0.57
128	2.5261	5.76
129	2.9579	7.77
130	-0.1844	0.88
131	0.3561	1.28
132	-1.3585	0.39
133	-2.4739	0.18
134	3.4621	11.02
135	2.2016	4.60
136	-3.3219	0.10
137	-2.4739	0.18
138	-5.0589	0.03
139	-4.3219	0.05
140	-3.8365	0.07
141	-3.4739	0.09
142	-4.3219	0.05
143	-2.8365	0.14
144	-4.6439	0.04
145	-0.8625	0.55
146	-4.3219	0.05
147	-3.0589	0.12
148	-1.7370	0.30
149	-3.4739	0.09
150	-3.6439	0.08
151	-4.6439	0.04
152	-5.6439	0.02
153	-3.4739	0.09
154	-4.0589	0.06
155	-3.6439	0.08
156	-5.0589	0.03
157	-2.7370	0.15
158	-3.1844	0.11
159	-2.4739	0.18
160	-3.8365	0.07
161	0.0286	1.02
162	-1.3585	0.39
163	-3.0589	0.12
164	-4.6439	0.04
165	2.4330	5.40
166	-0.9434	0.52
167	1.2987	2.46
168	1.6645	3.17
169	1.4803	2.79
170	0.9030	1.87
171	-0.3040	0.81
172	-1.3959	0.38
173	-0.1047	0.93
174	-2.5564	0.17
175	-2.5564	0.17
176	-2.0589	0.24
177	-0.4739	0.72
178	-3.0589	0.12
179	-5.0589	0.03
180	-2.0589	0.24
181	-2.5564	0.17
182	-3.4739	0.09
183	-3.6439	0.08
184	-3.8365	0.07
185	-4.3219	0.05
186	-3.8365	0.07
187	0.8156	1.76
188	-3.4739	0.09
189	2.8339	7.13
190		
191	-0.2009	0.87
192	-2.0589	0.24
193	-2.4739	0.18
194	-4.0589	0.06
195	-2.8365	0.14
196	-4.0589	0.06
197	-4.6439	0.04
198	-4.3219	0.05
199	-3.1844	0.11
200	-3.1844	0.11
201	-2.1203	0.23
202	-3.1844	0.11
203	-1.7370	0.30
204	-1.5564	0.34
205	-1.7859	0.29
206	-1.2176	0.43
207	-3.8365	0.07
208	-1.4739	0.36
209	-1.3585	0.39
210	1.0286	2.04
211	0.9635	1.95
212	4.1069	17.23
213	2.0179	4.05
214	1.7991	3.48
215	1.8074	3.50
216	0.6960	1.62
217	-0.4344	0.74
218	-0.9714	0.51
219	-1.6897	0.31
220	-1.2863	0.41
221	-1.8365	0.28
222	-0.3585	0.78
223	-3.4739	0.09
224	-2.0589	0.24
225	-2.3959	0.19
226	-2.7370	0.15
227	-2.9434	0.13
228	-1.7859	0.29
229	-0.5146	0.70
230	-1.8890	0.27
231	-0.6439	0.64
232	-2.5564	0.17
233	-1.0893	0.47
234	-2.0000	0.25
235	-1.2515	0.42
236	-1.3219	0.40
237	-2.0000	0.25
238	-3.4739	0.09
239	-0.3040	0.81
240	-3.8365	0.07
241	-3.1844	0.11
242	-1.1844	0.44
243	2.2048	4.61
244	1.3785	2.60
245	0.6229	1.54
246	0.4222	1.34
247	-0.5564	0.68
248	1.2079	2.31
249	-0.5995	0.66
250	0.0000	1.00
251	-0.2345	0.85
252	-0.3771	0.77
253	0.0426	1.03
254	0.0286	1.02
255	-0.0439	0.97
256	0.3448	1.27
257	1.0704	2.10
258	1.8520	3.61
259	3.2570	9.56
260	0.4114	1.33
261	0.0426	1.03
262	-1.4739	0.36
263	0.6960	1.62
264	-1.2176	0.43
265	-0.3219	0.80
266	-0.2176	0.86
267	-2.7370	0.15
268	-2.9434	0.13
269	-2.5564	0.17
270	-0.6439	0.64
271	0.5361	1.45
272	0.0704	1.05
273	-3.0589	0.12
274	-3.4739	0.09
275	-0.8625	0.55
276	1.3674	2.58
277	4.0934	17.07
278	4.1293	17.50
279	3.1603	8.94
280	-1.3959	0.38
281	-2.1203	0.23
282	-1.3959	0.38
283	2.8797	7.36
284	1.2810	2.43
285	2.4410	5.43
286	-0.0740	0.95
287	-1.5564	0.34
288	-0.5146	0.70
289	-0.0439	0.97
290	0.6690	1.59
291	0.1890	1.14
292	-0.0145	0.99
293	-0.5995	0.66
294	0.6960	1.62
295	1.2630	2.40
296	0.7485	1.68
297	-1.3585	0.39
298	0.3219	1.25
299	-1.2176	0.43
300	-2.8365	0.14
301	-3.8365	0.07
302	-2.7370	0.15
303	-0.0740	0.95
304	-1.1520	0.45
305	-0.8110	0.57
306	0.1635	1.12
307	-1.4344	0.37
308	-0.2345	0.85
309		
310	0.4957	1.41
311	-0.8890	0.54
312	2.4276	5.38
313	0.7312	1.66
314	0.1763	1.13
315	-0.7131	0.61
316	0.4436	1.36
317	-0.0145	0.99
318	0.5261	1.44
319	0.6960	1.62
320	0.0566	1.04
321	0.0286	1.02
322	-4.0589	0.06
323	-2.1844	0.22
324	-2.7370	0.15
325	-4.0589	0.06
326	-2.8365	0.14
327	-1.5564	0.34
328	1.1827	2.27
329	-1.1520	0.45
330	-1.4344	0.37
331	1.2079	2.31
332	-0.6666	0.63
333	-2.5564	0.17
334	-0.3219	0.80
335	-1.3219	0.40
336	-0.3771	0.77
337	0.4542	1.37
338	-1.9434	0.26
339	0.1763	1.13
340	-0.6215	0.65
341	1.4906	2.81
342	-1.0893	0.47
343	-0.2515	0.84
344	3.8460	14.38
345	3.7887	13.82
346	2.7845	6.89
347	1.4542	2.74
348	0.3334	1.26
349	0.0286	1.02
350	1.1953	2.29
351	1.2327	2.35
352	1.2570	2.39
353	1.6508	3.14
354	1.5261	2.88
355	2.1953	4.58
356	2.2839	4.87
357	-0.0893	0.94
358	-1.2515	0.42
359	-0.3771	0.77
360	2.1570	4.46
361	-1.6439	0.32
362	-1.1520	0.45
363	-0.7859	0.58
364	-0.8365	0.56
365	-1.3585	0.39
366	2.0036	4.01
367	1.1177	2.17
368	1.3391	2.53
369	-0.5564	0.68
370	0.1375	1.10
371	0.3103	1.24
372	0.8156	1.76
373	-0.7859	0.58
374	-0.1520	0.90
375	-0.1681	0.89
376	-0.0145	0.99
377	0.4854	1.40
378	0.6599	1.58
379		
380		
381		
382	-0.9159	0.53
383	-1.7859	0.29
384	-2.1844	0.22
385	0.5460	1.46
386	-1.0893	0.47
387	1.3448	2.54
388	-1.1844	0.44
389	4.3118	19.86
390	-1.0000	0.50
391	0.1506	1.11
392		
393	-0.9159	0.53
394	-2.8365	0.14
395	-2.8365	0.14
396	-2.3959	0.19
397	-2.1203	0.23
398	-3.4739	0.09
399	-1.6897	0.31
400	-2.3959	0.19
401	-4.0589	0.06
402	0.3448	1.27
403	-3.1844	0.11
404	-4.6439	0.04
405	-4.3219	0.05
406	-4.6439	0.04
407	-3.4739	0.09
408	-3.6439	0.08
409	-3.8365	0.07
410	-4.3219	0.05
411	-4.3219	0.05
412	-3.1844	0.11
413	-2.9434	0.13
414	-2.9434	0.13
415	-2.4739	0.18
416	-2.5564	0.17
417	-2.1844	0.22
418	-3.3219	0.10
419	-2.8365	0.14
420	-2.6439	0.16
421	-2.0000	0.25
422	-0.7370	0.60
423	0.1506	1.11
424	-0.8625	0.55
425	-4.3219	0.05
426	-5.0589	0.03
427	-3.0589	0.12
428	-2.3219	0.20
429	-4.6439	0.04
430	-4.6439	0.04
431	-3.6439	0.08
432	-2.5564	0.17
433	-1.8890	0.27
434	-3.6439	0.08
435	-3.3219	0.10
436	-2.6439	0.16
437	-1.8365	0.28
438	-1.1203	0.46
439	-1.6439	0.32
440	-2.4739	0.18
441	-0.0145	0.99
442	-1.4739	0.36
443	0.0841	1.06
444	-2.0000	0.25
445	-2.3959	0.19
446	-3.4739	0.09
447	0.9855	1.98
448	-0.0439	0.97
449	-0.3219	0.80
450	0.4114	1.33
451	-2.5564	0.17
452	0.5656	1.48
453	-0.4540	0.73
454		
455	-2.6439	0.16
456	-3.1844	0.11
457	0.1243	1.09
458	-2.5564	0.17
459	1.5311	2.89
460	-5.0589	0.03
461	7.7432	214.25
462	-2.6439	0.16
463	-2.9434	0.13
464	-3.8365	0.07
465	-4.0589	0.06
466	-2.8365	0.14
467	-3.8365	0.07
468	-3.4739	0.09
469	-4.6439	0.04
470	-4.3219	0.05
471	-3.6439	0.08
472	-5.6439	0.02
473	-4.0589	0.06
474	-5.0589	0.03
475	-3.6439	0.08
476	-3.4739	0.09
477	-1.6897	0.31
478	-3.4739	0.09
479	-4.0589	0.06
480	-3.6439	0.08
481	-2.8365	0.14
482	-3.4739	0.09
483	-4.6439	0.04
484	-4.0589	0.06
485	-5.6439	0.02
486		
487	-3.1844	0.11
488	-2.8365	0.14
489	-1.2515	0.42
490	-1.9434	0.26
491	-1.3959	0.38
492	-2.1203	0.23
493	1.3448	2.54
494	-0.5353	0.69
495	-0.7859	0.58
496	-0.6897	0.62
497	-2.4739	0.18
498	-3.1844	0.11
499	-1.6897	0.31
500	-0.0439	0.97
501	2.1210	4.35
502	-1.4344	0.37
503	-1.9434	0.26
504	-2.3219	0.20
505	-2.0000	0.25
506	0.5945	1.51
507	-3.0589	0.12
508	-4.3219	0.05
509	-0.5995	0.66
510	-1.3219	0.40
511	-2.0589	0.24
512	-1.1520	0.45
513	-0.8890	0.54
514	-0.6439	0.64
515	1.4751	2.78
516	-1.4739	0.36
517	1.4751	2.78
518		
519	0.6871	1.61
520	-1.6439	0.32
521	0.5753	1.49
522	0.0286	1.02
523	0.7049	1.63
524	0.1763	1.13
525	-0.6666	0.63
526	0.2510	1.19
527	0.0566	1.04
528	-0.4540	0.73
529	-0.9434	0.52
530	-1.3585	0.39
531	-1.0291	0.49
532	-1.1844	0.44
533	-0.2345	0.85
534	-1.0893	0.47
535	0.1763	1.13
536	-0.5353	0.69
537	2.7803	6.87
538	4.2869	19.52
539	0.3785	1.30
540	0.7049	1.63
541	1.7181	3.29
542	2.2898	4.89
543	2.9579	7.77
544	2.2869	4.88
545	1.3785	2.60
546	-0.2009	0.87
547	-1.1844	0.44
548	1.6645	3.17
549	3.3730	10.36
550	0.1763	1.13
551	-1.2515	0.42
552	1.4489	2.73
553	1.3045	2.47
554	3.0215	8.12
555	3.2824	9.73
556	1.9598	3.89
557	1.4222	2.68
558	-0.0589	0.96
559	0.9030	1.87
560	0.4854	1.40
561	0.5850	1.50
562	0.8156	1.76
563	0.5558	1.47
564	-2.5564	0.17
565	-3.0589	0.12
566	-2.5564	0.17
567	-3.4739	0.09
568	-2.1844	0.22
569	-3.1844	0.11
570	-3.8365	0.07
571	-0.6666	0.63
572	0.6871	1.61
573	0.5656	1.48
574	-1.6897	0.31
575	0.6599	1.58
576	-3.8365	0.07
577	-3.1844	0.11
578	2.0738	4.21
579	2.4594	5.50
580	2.7377	6.67
581	2.8278	7.10
582	2.2079	4.62
583	-0.9714	0.51
584	-0.4739	0.72
585	1.7312	3.32
586	2.8197	7.06
587	2.6135	6.12
588	3.0993	8.57
589	1.6781	3.20
590	2.5361	5.80
591	0.6781	1.60
592	-2.0589	0.24
593	-1.4344	0.37
594	-1.1844	0.44
595	-2.4739	0.18
596	-0.1844	0.88
597	-1.3959	0.38
598	-0.6439	0.64
599	-1.7859	0.29
600	-1.8365	0.28
601	-2.1844	0.22
602	0.0144	1.01
603	-2.7370	0.15
604	-0.8365	0.56
605	3.2479	9.50
606	-1.4739	0.36
607	0.6781	1.60
608	-2.1203	0.23
609	0.3674	1.29
610	0.6508	1.57
611	2.1210	4.35
612	-0.1361	0.91
613	-0.9434	0.52
614	0.5850	1.50
615	0.1890	1.14
616		
617	0.1635	1.12
618	1.5898	3.01
619	-0.5778	0.67
620		
621	-0.4540	0.73
622	-0.6897	0.62
623	1.0772	2.11
624	-1.5146	0.35
625	-0.5564	0.68
626	-0.2009	0.87
627	2.5656	5.92
628		
629	3.1326	8.77
630	3.6519	12.57
631	6.1839	72.70
632	1.8914	3.71
633	2.8520	7.22
634	0.4005	1.32
635	-1.7370	0.30
636	0.4647	1.38
637	-0.7859	0.58
638	-2.1844	0.22
639	-0.6666	0.63
640	-0.8365	0.56
641	-0.9434	0.52
642	-4.0589	0.06
643		
644	-0.5353	0.69
645	0.0000	1.00
646	0.4957	1.41
647	1.0704	2.10
648	-2.7370	0.15
649	-1.8890	0.27
650	-0.5353	0.69
651	-1.5146	0.35
652	-0.5778	0.67
653	-0.1203	0.92
654	-0.5995	0.66
655	-2.4739	0.18
656	5.9916	63.63
657	-1.9434	0.26
658	-2.5564	0.17
659	-0.0740	0.95
660	-2.5564	0.17
661	-3.1844	0.11
662	-0.9159	0.53
663	-4.0589	0.06
664	-4.3219	0.05
665	-4.6439	0.04
666	-5.0589	0.03
667	-5.0589	0.03
668	-1.5995	0.33
669	-6.6439	0.01
670	-4.3219	0.05
671	-5.0589	0.03
672	-4.6439	0.04
673	-4.6439	0.04
674	-1.9434	0.26
675	-4.3219	0.05
676	-4.0589	0.06
677	-4.0589	0.06
678	-5.0589	0.03
679	-5.0589	0.03
680	-2.6439	0.16
681	-1.3219	0.40
682	-1.6439	0.32
683	6.3927	84.02
684	1.0356	2.05
685	-0.3401	0.79
686	-2.7370	0.15
687		
688	-3.6439	0.08
689	-2.9434	0.13
690	-0.6897	0.62
691	-0.3771	0.77
692	0.3334	1.26
693	-1.7859	0.29
694	-1.5146	0.35
695	-3.4739	0.09
696	-3.4739	0.09
697	1.0144	2.02
698	-1.2515	0.42
699	1.6554	3.15
700	-2.9434	0.13
701	-1.2176	0.43
702		
703	-3.0589	0.12
704	-4.0589	0.06
705	-2.7370	0.15
706	-1.1844	0.44
707	-2.8365	0.14
708	-2.0000	0.25
709	-3.1844	0.11
710	-1.5564	0.34
711	-0.8890	0.54
712	2.1177	4.34
713	-2.6439	0.16
714	-2.9434	0.13
715	-2.9434	0.13
716	-4.0589	0.06
717	-1.5564	0.34
718	-0.0291	0.98
719	-1.2863	0.41
720	6.3957	84.20
721	-3.0589	0.12
722	-1.6439	0.32
723	-2.1203	0.23
724	-1.7859	0.29
725	-2.2515	0.21
726	-1.4739	0.36
727	-1.9434	0.26
728	0.3448	1.27
729	-1.5995	0.33
730	-1.5995	0.33
731	0.1375	1.10
732	0.1890	1.14
733	-0.5146	0.70
734	0.8237	1.77
735	0.1110	1.08
736	1.7908	3.46
737	2.1144	4.33
738	2.0426	4.12
739		
740	2.7824	6.88
741	0.6871	1.61
742	0.2016	1.15
743	-0.6439	0.64
744	4.5103	22.79
745	-1.7859	0.29
746	-1.2176	0.43
747	-0.3401	0.79
748	1.0976	2.14
749	0.7824	1.72
750	0.9336	1.91
751	1.5850	3.00
752	-1.3585	0.39
753	0.7137	1.64
754	0.5261	1.44
755		
756	-0.0893	0.94
757	-0.6666	0.63
758	-0.9714	0.51
759	-2.0589	0.24
760	-3.0589	0.12
761	-0.2009	0.87
762	-0.2688	0.83
763	4.6502	25.11
764	3.3074	9.90
765	-4.6439	0.04
766	-2.9434	0.13
767	-2.8365	0.14
768	-1.5564	0.34
769	3.6159	12.26
770	-1.5146	0.35
771	0.0976	1.07
772	1.4594	2.75
773	-2.6439	0.16
774	-0.9159	0.53
775	-3.4739	0.09
776	-4.6439	0.04
777	-3.6439	0.08
778	-3.3219	0.10
779	-2.1844	0.22
780	-4.6439	0.04
781	-2.1203	0.23
782	-3.4739	0.09
783	-3.0589	0.12
784	-0.5778	0.67
785	4.0644	16.73
786	0.0976	1.07
787	-1.2515	0.42
788	1.5509	2.93
789	1.2869	2.44
790	-0.4150	0.75
791	0.0841	1.06
792	2.7071	6.53
793	1.0144	2.02
794	2.1177	4.34
795	0.2630	1.20
796	-0.2345	0.85
797	1.6781	3.20
798	0.7740	1.71
799	-0.7859	0.58
800	-0.8625	0.55
801	-0.6439	0.64
802	-0.2345	0.85
803	-0.2863	0.82
804	1.5801	2.99
805	1.9819	3.95
806	-2.1203	0.23
807	-3.0589	0.12
808	0.4436	1.36
809	-0.6897	0.62
810	1.5160	2.86
811	-1.7859	0.29
812	-4.3219	0.05
813	-4.3219	0.05
814	-4.0589	0.06
815	-4.0589	0.06
816	4.6328	24.81
817	-0.7370	0.60
818	0.3896	1.31
819	-0.7859	0.58
820	-0.2863	0.82
821	-0.9714	0.51
822	0.6508	1.57
823	-0.0740	0.95
824	1.2079	2.31
825	1.7137	3.28
826	1.4005	2.64
827	2.4195	5.35
828	6.3289	80.39
829	-1.3219	0.40
830		
831		
832		
833		
834		
835		
836		
837	-1.1520	0.45
838	-0.8110	0.57
839	-1.0000	0.50
840	-0.6897	0.62
841	0.5460	1.46
842	-0.0589	0.96
843	-0.0291	0.98
844	-1.8890	0.27
845	-2.4739	0.18
846	-1.2515	0.42
847	-2.8365	0.14
848	-3.4739	0.09
849	-1.7859	0.29
850	1.3391	2.53
851	1.6554	3.15
852	-0.4540	0.73
853	-1.2863	0.41
854	0.7312	1.66
855	0.9486	1.93
856	-0.9434	0.52
857	-1.3959	0.38
858	-2.4739	0.18
859	-2.2515	0.21
860	-0.7612	0.59
861	-0.8365	0.56
862	-2.2515	0.21
863	-3.4739	0.09
864	-2.3959	0.19
865	-1.1520	0.45
866	3.8639	14.56
867	-0.1520	0.90
868	-1.0893	0.47
869	-0.6666	0.63
870	-0.3219	0.80
871	-0.2345	0.85
872	-0.6897	0.62
873	-0.7859	0.58
874	-1.0291	0.49
875	-1.3585	0.39
876	-3.3219	0.10
877	-4.3219	0.05
878	-5.0589	0.03
879	-4.3219	0.05
880	-4.0589	0.06
881	-4.3219	0.05
882	-4.6439	0.04
883	1.4854	2.80
884	-4.6439	0.04
885	-3.4739	0.09
886	-1.1203	0.46
887	-1.0000	0.50
888	-1.0589	0.48
889	1.5558	2.94
890	2.0566	4.16
891	1.8718	3.66
892	2.3448	5.08
893	1.6415	3.12
894	1.5509	2.93
895	1.5607	2.95
896	1.5110	2.85
897	2.1010	4.29
898	1.6736	3.19
899	2.2203	4.66
900	2.0807	4.23
901	2.8094	7.01
902	3.2265	9.36
903	2.7049	6.52
904	0.9030	1.87
905	0.2750	1.21
906	0.4114	1.33
907	0.4542	1.37
908	1.5945	3.02
909	1.6369	3.11
910	2.8699	7.31
911	0.6960	1.62
912		
913		
914		
915		
916		
917	-2.3959	0.19
918	-0.7612	0.59
919	-0.7131	0.61
920	3.3248	10.02
921	0.7225	1.65
922	0.8400	1.79
923	-4.6439	0.04
924	-3.8365	0.07
925	-3.6439	0.08
926	-4.0589	0.06
927	-5.6439	0.02
928	-3.8365	0.07
929	-3.3219	0.10
930	-3.1844	0.11
931	-2.0000	0.25
932	-1.0589	0.48
933	-1.2863	0.41
934	2.1731	4.51
935	-0.9159	0.53
936	-0.5146	0.70
937	-0.2345	0.85
938	2.6182	6.14
939	-3.8365	0.07
940	-0.7612	0.59
941	0.4751	1.39
942	2.0461	4.13
943	1.2388	2.36
944	1.1953	2.29
945	-0.5778	0.67
946	-0.4941	0.71
947	0.5361	1.45
948	0.2016	1.15
949	-0.3771	0.77
950	0.4222	1.34
951	-0.1047	0.93
952	-0.8890	0.54
953	-1.2863	0.41
954	0.5460	1.46
955	-3.0589	0.12
956	-3.1844	0.11
957	-3.3219	0.10
958	-3.6439	0.08
959	-1.6897	0.31
960	-0.6215	0.65
961	-1.1203	0.46
962	1.0566	2.08
963	-1.7370	0.30
964	-0.4941	0.71
965	0.1243	1.09
966	-0.5564	0.68
967	-0.2176	0.86
968	-0.8110	0.57
969	1.0000	2.00
970	-5.0589	0.03
971	-5.0589	0.03
972	-5.6439	0.02
973	-1.6897	0.31
974	-2.9434	0.13
975	-1.3219	0.40
976	0.8237	1.77
977	-1.2863	0.41
978	-1.4739	0.36
979	-0.0439	0.97
980	0.1375	1.10
981	0.3448	1.27
982	1.2388	2.36
983	-0.8625	0.55
984	-0.6215	0.65
985	0.3219	1.25
986	-0.3401	0.79
987	-0.6666	0.63
988	-2.0000	0.25
989	-0.1047	0.93
990	0.0144	1.01
991	0.6041	1.52
992	3.9718	15.69
993	-1.5146	0.35
994	3.7137	13.12
995	-1.8890	0.27
996	-0.8625	0.55
997	-1.3959	0.38
998	1.0841	2.12
999	1.1440	2.21
1000	-4.0589	0.06
1001	-1.8365	0.28
1002	-2.3219	0.20
1003	-2.1844	0.22
1004	0.2265	1.17
1005	-1.3959	0.38
1006	-2.8365	0.14
1007	-2.1844	0.22
1008	0.9486	1.93
1009	-0.1203	0.92
1010	-1.0589	0.48
1011	-1.8890	0.27
1012	-2.6439	0.16
1013	-1.9434	0.26
1014	-2.1844	0.22
1015	-1.6439	0.32
1016	0.9107	1.88
1017	4.4310	21.57
1018	-2.6439	0.16
1019	-2.8365	0.14
1020	-4.0589	0.06
1021	-4.6439	0.04
1022	-4.0589	0.06
1023	-3.8365	0.07
1024	-4.3219	0.05
1025	3.2675	9.63
1026	-1.1844	0.44
1027	-2.9434	0.13
1028	0.1506	1.11
1029	0.4751	1.39
1030	-0.6666	0.63
1031	-0.8890	0.54
1032	-1.8365	0.28
1033	-1.2515	0.42
1034	-1.9434	0.26
1035	-2.0589	0.24
1036	-0.3585	0.78
1037	-0.3771	0.77
1038	1.9449	3.85
1039	-1.0000	0.50
1040	-1.2515	0.42
1041	-1.3219	0.40
1042	-1.1844	0.44
1043	-1.4344	0.37
1044	-2.1844	0.22
1045	-3.6439	0.08
1046	-2.0000	0.25
1047	-1.5995	0.33
1048	-2.5564	0.17
1049	-3.8365	0.07
1050	-1.3585	0.39
1051	-3.4739	0.09
1052	4.8485	28.81
1053	1.4005	2.64
1054	1.3840	2.61
1055	2.8217	7.07
1056	3.1811	9.07
1057	2.2987	4.92
1058	0.8953	1.86
1059	0.5460	1.46
1060	2.0772	4.22
1061	0.4751	1.39
1062	2.4087	5.31
1063	0.6871	1.61
1064	2.0072	4.02
1065	0.3561	1.28
1066	3.1699	9.00
1067	1.8278	3.55
1068	1.6960	3.24
1069	1.9709	3.92
1070	1.7527	3.37
1071	-0.0439	0.97
1072	-2.3959	0.19
1073	-2.5564	0.17
1074	-3.4739	0.09
1075	-4.0589	0.06
1076	-1.8890	0.27
1077	-2.5564	0.17
1078	0.6781	1.60
1079	2.7803	6.87
1080	0.1635	1.12
1081	3.3219	10.00
1082	-1.1844	0.44
1083	0.6415	1.56
1084	1.1375	2.20
1085	-1.3585	0.39
1086	-0.2176	0.86
1087	0.4751	1.39
1088	-0.8890	0.54
1089	-1.1203	0.46
1090	-2.8365	0.14
1091	1.9891	3.97
1092	1.6462	3.13
1093	1.2141	2.32
1094	1.1375	2.20
1095	-1.7859	0.29
1096	-0.4344	0.74
1097	0.0704	1.05
1098	-1.3219	0.40
1099	2.7049	6.52
1100	-0.6666	0.63
1101	1.0215	2.03
1102	-2.2515	0.21
1103	-3.4739	0.09
1104	1.9745	3.93
1105	1.7268	3.31
1106	1.2388	2.36
1107	1.3103	2.48
1108	-0.5146	0.70
1109	-1.5995	0.33
1110	-0.4540	0.73
1111	-1.1203	0.46
1112	-1.6439	0.32
1113	-1.7859	0.29
1114	-1.3585	0.39
1115	-0.0589	0.96
1116	2.2510	4.76
1117	0.2388	1.18
1118	-0.3585	0.78
1119	1.5160	2.86
1120	2.4673	5.53
1121	2.7634	6.79
1122	-1.7859	0.29
1123	-2.0589	0.24
1124	-0.3585	0.78
1125		
1126	-1.8890	0.27
1127	-1.5995	0.33
1128	-0.9714	0.51
1129	2.0426	4.12
1130	2.4249	5.37
1131	1.0635	2.09
1132	0.6960	1.62
1133	-1.1844	0.44
1134	-0.7370	0.60
1135	0.3448	1.27
1136	1.1177	2.17
1137	2.2630	4.80
1138	1.5509	2.93
1139	1.8197	3.53
1140	0.8400	1.79
1141	2.3190	4.99
1142	0.8074	1.75
1143	2.4303	5.39
1144	0.0426	1.03
1145		
1146	0.0000	1.00
1147	-1.4344	0.37
1148	-3.1844	0.11
1149	1.2265	2.34
1150	-1.0000	0.50
1151	-2.4739	0.18
1152	1.5945	3.02
1153	1.6915	3.23
1154	0.3334	1.26
1155	0.4647	1.38
1156	-1.9434	0.26
1157	-0.4540	0.73
1158	-1.3585	0.39
1159	-1.4739	0.36
1160	0.8319	1.78
1161	5.1064	34.45
1162	1.2630	2.40
1163	-1.3219	0.40
1164	-0.3585	0.78
1165	-0.4540	0.73
1166	-1.8365	0.28
1167	0.8953	1.86
1168	0.5558	1.47
1169	1.6554	3.15
1170	0.6690	1.59
1171	0.3785	1.30
1172	0.2141	1.16
1173	0.5945	1.51
1174		
1175	0.6041	1.52
1176	0.8400	1.79
1177	1.3561	2.56
1178	1.1570	2.23
1179	1.1953	2.29
1180	0.0426	1.03
1181	1.5410	2.91
1182	-2.7370	0.15
1183	-3.8365	0.07
1184	-4.0589	0.06
1185	1.6781	3.20
1186	-1.0589	0.48
1187	6.0431	65.94
1188	-4.3219	0.05
1189	-4.3219	0.05
1190	-4.0589	0.06
1191	-3.8365	0.07
1192	-0.7859	0.58
1193	1.0772	2.11
1194	-2.9434	0.13
1195	-3.4739	0.09
1196	-4.0589	0.06
1197	-3.8365	0.07
1198	-2.2515	0.21
1199	-0.5564	0.68
1200	-0.7370	0.60
1201	-3.4739	0.09
1202	-3.4739	0.09
1203	-4.0589	0.06
1204	-1.0000	0.50
1205	-0.8625	0.55
1206	-0.5995	0.66
1207	-2.7370	0.15
1208	-4.6439	0.04
1209	-4.0589	0.06
1210	-4.6439	0.04
1211	-4.3219	0.05
1212	-4.3219	0.05
1213	-4.3219	0.05
1214	-4.0589	0.06
1215	-3.3219	0.10
1216	-2.8365	0.14
1217	-2.5564	0.17
1218	-3.3219	0.10
1219	-4.3219	0.05
1220	-5.0589	0.03
1221	-4.6439	0.04
1222	-4.0589	0.06
1223	-5.6439	0.02
1224	-4.6439	0.04
1225	-2.8365	0.14
1226	-2.1844	0.22
1227	-2.6439	0.16
1228	-2.7370	0.15
1229	-0.3771	0.77
1230	-0.5146	0.70
1231	-2.9434	0.13
1232	-3.6439	0.08
1233	-3.1844	0.11
1234	-3.4739	0.09
1235	-3.3219	0.10
1236	-3.4739	0.09
1237	-4.0589	0.06
1238	-1.5146	0.35
1239	-2.0000	0.25
1240	-3.8365	0.07
1241	-1.1203	0.46
1242	-2.9434	0.13
1243	-1.6897	0.31
1244	-1.8890	0.27
1245	0.5460	1.46
1246	0.6323	1.55
1247	-0.7859	0.58
1248	0.7570	1.69
1249	-1.5564	0.34
1250	-0.7370	0.60
1251	0.7740	1.71
1252	-0.9434	0.52
1253	0.0426	1.03
1254	-1.2863	0.41
1255	0.2750	1.21
1256	1.5945	3.02
1257	0.0144	1.01
1258	0.5558	1.47
1259	5.1542	35.61
1260	0.6229	1.54
1261	-1.7370	0.30
1262	-1.5146	0.35
1263	-0.6666	0.63
1264	-0.7131	0.61
1265	-0.0291	0.98
1266	-1.6439	0.32
1267	0.8718	1.83
1268	1.8560	3.62
1269	-0.0893	0.94
1270	-2.1203	0.23
1271	-1.6897	0.31
1272	-0.5995	0.66
1273	0.2630	1.20
1274	0.4005	1.32
1275		
1276	-2.3219	0.20
1277	-0.5778	0.67
1278	-4.0589	0.06
1279	-4.0589	0.06
1280	-1.0000	0.50
1281	1.5945	3.02
1282	-0.2345	0.85
1283	-0.2345	0.85
1284	-1.1520	0.45
1285	-1.5146	0.35
1286	-2.8365	0.14
1287	-2.3959	0.19
1288	0.4854	1.40
1289	-3.8365	0.07
1290	-4.0589	0.06
1291	-1.3959	0.38
1292	-4.0589	0.06
1293	-2.6439	0.16
1294	-2.7370	0.15
1295	-1.7859	0.29
1296	-2.6439	0.16
1297	-4.0589	0.06
1298	-2.1844	0.22
1299	-2.7370	0.15
1300	-3.3219	0.10
1301	-2.8365	0.14
1302	-4.0589	0.06
1303	1.1699	2.25
1304	1.3618	2.57
1305	1.3277	2.51
1306	-0.3959	0.76
1307	-1.5995	0.33
1308	-1.6897	0.31
1309	-1.7370	0.30
1310	0.8400	1.79
1311	4.1473	17.72
1312	4.1473	17.72
1313	3.5423	11.65
1314	3.3896	10.48
1315	4.2133	18.55
1316	-0.5564	0.68
1317	0.2265	1.17
1318	0.0841	1.06
1319	0.9184	1.89
1320	0.2510	1.19
1321	-0.2176	0.86
1322	-4.0589	0.06
1323	-3.0589	0.12
1324	-5.0589	0.03
1325	-5.6439	0.02
1326	-5.6439	0.02
1327	-4.0589	0.06
1328	-2.3959	0.19
1329		
1330	-0.4941	0.71
1331	0.1635	1.12
1332	-0.0439	0.97
1333	-0.4150	0.75
1334	0.0841	1.06
1335	-3.6439	0.08
1336	-4.6439	0.04
1337	-4.6439	0.04
1338	-5.0589	0.03
1339	-4.6439	0.04
1340	-1.6897	0.31
1341	-2.9434	0.13
1342	1.5607	2.95
1343	-3.1844	0.11
1344	0.0976	1.07
1345	-0.2688	0.83
1346		
1347	-2.6439	0.16
1348	0.4330	1.35
1349	0.1763	1.13
1350	-0.1047	0.93
1351	-0.1047	0.93
1352	-0.8625	0.55
1353	-0.7131	0.61
1354	0.2750	1.21
1355	-0.3771	0.77
1356	-1.5146	0.35
1357	-2.9434	0.13
1358	-3.4739	0.09
1359	-1.0893	0.47
1360	-1.0589	0.48
1361	2.9373	7.66
1362	-0.3040	0.81
1363	0.9260	1.90
1364	1.9486	3.86
1365	0.8797	1.84
1366	-1.5995	0.33
1367	0.1763	1.13
1368	-0.1520	0.90
1369	-0.5146	0.70
1370	-1.0893	0.47
1371	0.1506	1.11
1372	0.3674	1.29
1373	-1.3959	0.38
1374	-0.2176	0.86
1375	-0.1844	0.88
1376	0.0286	1.02
1377	0.2750	1.21
1378	-0.1203	0.92
1379	0.2750	1.21
1380	-0.6897	0.62
1381	-0.9434	0.52
1382	-0.3401	0.79
1383	0.2630	1.20
1384	-0.0589	0.96
1385	1.6462	3.13
1386	0.7225	1.65
1387	-0.6215	0.65
1388	-0.6215	0.65
1389	-0.5778	0.67
1390	-0.3219	0.80
1391	2.8718	7.32
1392	3.1276	8.74
1393	0.1110	1.08
1394	2.7312	6.64
1395	1.4957	2.82
1396	2.1667	4.49
1397	4.4168	21.36
1398	5.0184	32.41
1399	4.0117	16.13
1400	-0.3040	0.81
1401	-0.0145	0.99
1402	1.6781	3.20
1403	0.0566	1.04
1404	1.0566	2.08
1405	1.9336	3.82
1406	-0.6215	0.65
1407		
1408	1.4436	2.72
1409		
1410	1.5705	2.97
1411	0.9709	1.96
1412	-0.1361	0.91
1413	-0.0145	0.99
1414		
1415	0.9030	1.87
1416	1.1506	2.22
1417	-0.6897	0.62
1418	0.1635	1.12
1419	1.7004	3.25
1420	-1.2515	0.42
1421	-1.0291	0.49
1422	-0.4344	0.74
1423	-1.2176	0.43
1424	-1.3959	0.38
1425	-0.8625	0.55
1426	-0.7612	0.59
1427	-0.2345	0.85
1428	0.4751	1.39
1429	-0.1047	0.93
1430	-1.5146	0.35
1431	-0.5778	0.67
1432	-0.2009	0.87
1433	2.6758	6.39
1434	-3.0589	0.12
1435	0.2630	1.20
1436	0.2750	1.21
1437	1.8156	3.52
1438	0.3561	1.28
1439	-0.7612	0.59
1440	-0.7370	0.60
1441	0.9635	1.95
1442	-1.4344	0.37
1443	-2.1203	0.23
1444	-1.0000	0.50
1445	2.0807	4.23
1446	-2.4739	0.18
1447	-5.6439	0.02
1448	-0.4150	0.75
1449	0.0426	1.03
1450	-1.4344	0.37
1451	-0.6897	0.62
1452	-3.3219	0.10
1453	-0.1844	0.88
1454		
1455	0.7824	1.72
1456	0.2987	1.23
1457	-1.9434	0.26
1458	1.6645	3.17
1459	-2.5564	0.17
1460	-2.3219	0.20
1461		
1462	-1.4344	0.37
1463	-1.3959	0.38
1464	-3.8365	0.07
1465	-3.6439	0.08
1466	-2.3959	0.19
1467	-2.7370	0.15
1468	-2.0000	0.25
1469	-2.0000	0.25
1470		
1471	-2.3219	0.20
1472	-2.6439	0.16
1473	-1.0291	0.49
1474	-1.4739	0.36
1475	0.4647	1.38
1476	-2.0000	0.25
1477	-1.6897	0.31
1478	-1.7859	0.29
1479	-0.0439	0.97
1480	-2.3959	0.19
1481	-1.9434	0.26
1482	-2.7370	0.15
1483	1.3785	2.60
1484	0.1110	1.08
1485	1.3840	2.61
1486	0.5361	1.45
1487	-1.5146	0.35
1488	-1.6897	0.31
1489	-1.4739	0.36
1490	-1.7370	0.30
1491	-0.6439	0.64
1492	-0.7131	0.61
1493	-1.0893	0.47
1494	-1.5564	0.34
1495	1.5410	2.91
1496	3.1243	8.72
1497	2.2660	4.81
1498	-2.4739	0.18
1499	-0.9714	0.51
1500	0.4330	1.35
1501	4.5059	22.72
1502	0.8718	1.83
1503	1.0215	2.03
1504	-1.0893	0.47
1505	-0.8110	0.57
1506	-1.0893	0.47
1507	0.4330	1.35
1508	-0.1203	0.92
1509	-0.2345	0.85
1510	3.0687	8.39
1511	0.5656	1.48
1512	0.7225	1.65
1513	-1.1844	0.44
1514	-3.0589	0.12
1515	-3.4739	0.09
1516	-3.4739	0.09
1517	-3.3219	0.10
1518	-2.9434	0.13
1519	-3.3219	0.10
1520	-1.4344	0.37
1521	-0.2515	0.84
1522	0.4330	1.35
1523	2.6462	6.26
1524	-1.6439	0.32
1525	-3.4739	0.09
1526	-2.3219	0.20
1527	-2.1844	0.22
1528	-3.3219	0.10
1529	-1.1844	0.44
1530	1.5211	2.87
1531	-1.7370	0.30
1532	-0.4739	0.72
1533	-0.2176	0.86
1534	-0.1047	0.93
1535	-0.5353	0.69
1536	1.1440	2.21
1537	0.5261	1.44
1538	1.6826	3.21
1539	-0.8890	0.54
1540	-2.1203	0.23
1541	-3.8365	0.07
1542	-2.3959	0.19
1543	-0.3771	0.77
1544		
1545	-1.5564	0.34
1546	2.2510	4.76
1547	5.0734	33.67
1548	5.3688	41.32
1549	4.3291	20.10
1550	1.3448	2.54
1551	1.0976	2.14
1552	3.0179	8.10
1553	-0.9434	0.52
1554	-1.0589	0.48
1555	-1.3219	0.40
1556	-1.5564	0.34
1557	-0.5995	0.66
1558	0.7137	1.64
1559	0.4542	1.37
1560	-0.1681	0.89
1561	-1.0893	0.47
1562	-1.5146	0.35
1563	0.8237	1.77
1564	-2.7370	0.15
1565	-1.7370	0.30
1566	-4.0589	0.06
1567	-3.4739	0.09
1568	-3.6439	0.08
1569	-4.6439	0.04
1570	-3.8365	0.07
1571	-4.6439	0.04
1572	-2.8365	0.14
1573	-4.3219	0.05
1574	-5.6439	0.02
1575		
1576	-5.6439	0.02
1577	-4.0589	0.06
1578	1.4647	2.76
1579	0.2510	1.19
1580	-0.4540	0.73
1581	2.1440	4.42
1582	-1.3585	0.39
1583	0.1506	1.11
1584	0.2388	1.18
1585	0.6415	1.56
1586	0.2265	1.17
1587	0.1243	1.09
1588	-0.1520	0.90
1589	0.0704	1.05
1590	1.6415	3.12
1591	2.2869	4.88
1592	6.7049	104.32
1593	2.2388	4.72
1594	-2.1844	0.22
1595	-3.3219	0.10
1596	-4.3219	0.05
1597	-3.8365	0.07
1598	0.2987	1.23
1599	1.0286	2.04
1600	2.7991	6.96
1601	-0.5995	0.66
1602	-1.0893	0.47
1603	-0.5146	0.70
1604	1.3840	2.61
1605	-1.3219	0.40
1606	-2.3959	0.19
1607	-3.6439	0.08
1608	-5.6439	0.02
1609	-3.8365	0.07
1610	-5.0589	0.03
1611	-3.4739	0.09
1612	-3.0589	0.12
1613	-3.8365	0.07
1614	-3.3219	0.10
1615	-2.8365	0.14
1616	-4.0589	0.06
1617	-4.0589	0.06
1618	-3.6439	0.08
1619	-4.6439	0.04
1620	-5.0589	0.03
1621	-3.6439	0.08
1622	-2.1844	0.22
1623	-2.7370	0.15
1624	-3.3219	0.10
1625	-5.0589	0.03
1626	-3.6439	0.08
1627	-3.3219	0.10
1628	-4.0589	0.06
1629	-1.7370	0.30
1630	-5.0589	0.03
1631	-1.5564	0.34
1632	-3.1844	0.11
1633	-3.1844	0.11
1634	-3.8365	0.07
1635	-1.8365	0.28
1636	-4.0589	0.06
1637	-3.1844	0.11
1638	-5.6439	0.02
1639	-4.0589	0.06
1640		
1641		
1642	-0.6439	0.64
1643	-0.0145	0.99
1644	0.2987	1.23
1645	-0.8890	0.54
1646	-2.1203	0.23
1647	0.7398	1.67
1648	2.9982	7.99
1649	0.8319	1.78
1650	2.2660	4.81
1651	0.8797	1.84
1652	0.7485	1.68
1653	-1.3219	0.40
1654	-0.4739	0.72
1655	-2.4739	0.18
1656	0.1110	1.08
1657	2.3306	5.03
1658	0.0566	1.04
1659	-1.1520	0.45
1660	-0.7131	0.61
1661	2.6848	6.43
1662	6.2627	76.78
1663	-0.1520	0.90
1664	-0.9159	0.53
1665	0.3785	1.30
1666	2.2203	4.66
1667	1.0215	2.03
1668	2.1922	4.57
1669	2.0144	4.04
1670	-0.3771	0.77
1671	-0.3959	0.76
1672	0.2388	1.18
1673	-0.3219	0.80
1674		
1675	0.9561	1.94
1676	0.5361	1.45
1677	1.3730	2.59
1678	1.3785	2.60
1679	0.2016	1.15
1680	1.0215	2.03
1681	-1.4344	0.37
1682	-0.9159	0.53
1683	1.1699	2.25
1684	-0.0439	0.97
1685	1.2810	2.43
1686	1.1440	2.21
1687	6.5339	92.66
1688	-2.8365	0.14
1689	-3.8365	0.07
1690	-2.0589	0.24
1691	-4.3219	0.05
1692	-2.3959	0.19
1693	0.3896	1.31
1694	-0.7859	0.58
1695	-1.4739	0.36
1696	0.4647	1.38
1697	0.6781	1.60
1698	0.6960	1.62
1699	-1.7370	0.30
1700	-0.3401	0.79
1701	-0.2688	0.83
1702	0.9928	1.99
1703	-1.0291	0.49
1704	0.6415	1.56
1705	-2.7370	0.15
1706	-0.7131	0.61
1707	1.9298	3.81
1708	-0.8890	0.54
1709	0.2869	1.22
1710	-0.4150	0.75
1711	-1.0589	0.48
1712	-1.3959	0.38
1713	-0.4540	0.73
1714	-0.2515	0.84
1715	-0.5146	0.70
1716	-2.3959	0.19
1717	-2.7370	0.15
1718	-1.1844	0.44
1719	-3.8365	0.07
1720	0.2265	1.17
1721	-0.7859	0.58
1722	0.8156	1.76
1723	1.2203	2.33
1724	-2.7370	0.15
1725	-5.0589	0.03
1726	-3.4739	0.09
1727	-4.6439	0.04
1728	-3.3219	0.10
1729	-1.3959	0.38
1730	-0.3959	0.76
1731	0.7824	1.72
1732	-2.4739	0.18
1733	0.8639	1.82
1734	-2.2515	0.21
1735	-1.3219	0.40
1736	-2.8365	0.14
1737	-1.5564	0.34
1738	-2.2515	0.21
1739	-3.1844	0.11
1740	-3.3219	0.10
1741	-0.8890	0.54
1742	-1.5995	0.33
1743	-2.7370	0.15
1744	-0.8365	0.56
1745	-0.5995	0.66
1746	-1.1203	0.46
1747	-1.0893	0.47
1748	-4.0589	0.06
1749	-2.7370	0.15
1750	-3.8365	0.07
1751	-3.6439	0.08
1752	-4.3219	0.05
1753	-3.6439	0.08
1754	-3.8365	0.07
1755	-2.0000	0.25
1756	-0.9434	0.52
1757	-0.3219	0.80
1758	-1.9434	0.26
1759	-1.4739	0.36
1760	-1.7859	0.29
1761	-1.2863	0.41
1762	-1.0291	0.49
1763	-1.6897	0.31
1764	-4.3219	0.05
1765	-1.6439	0.32
1766	-4.3219	0.05
1767	-5.0589	0.03
1768	-4.6439	0.04
1769	-4.6439	0.04
1770	-2.9434	0.13
1771	-3.6439	0.08
1772	-2.8365	0.14
1773	-2.1844	0.22
1774	-2.0589	0.24
1775	-1.0291	0.49
1776	-3.4739	0.09
1777	-4.6439	0.04
1778	-3.3219	0.10
1779	-2.3959	0.19
1780	-3.4739	0.09
1781	-2.8365	0.14
1782	-2.0589	0.24
1783	-2.9434	0.13
1784	-2.5564	0.17
1785	-2.6439	0.16
1786	-3.0589	0.12
1787	1.4594	2.75
1788	-0.7859	0.58
1789	-0.2009	0.87
1790	3.0461	8.26
1791	-0.3771	0.77
1792	0.6229	1.54
1793	-1.1520	0.45
1794	-0.6439	0.64
1795	-0.6666	0.63
1796	-0.9159	0.53
1797	-1.8365	0.28
1798	5.0409	32.92
1799	0.0286	1.02
1800	-0.4344	0.74
1801	-1.2176	0.43
1802	-3.0589	0.12
1803	-2.1844	0.22
1804	-3.1844	0.11
1805	-4.3219	0.05
1806	-2.2515	0.21
1807	-0.8890	0.54
1808	-0.4150	0.75
1809	1.0909	2.13
1810	0.4751	1.39
1811	-1.5564	0.34
1812	0.2141	1.16
1813	-1.5564	0.34
1814	-2.1203	0.23
1815	0.2510	1.19
1816	-1.3219	0.40
1817	-1.1520	0.45
1818	-0.3040	0.81
1819	-2.1203	0.23
1820	1.8600	3.63
1821	-1.3959	0.38
1822	-0.4344	0.74
1823	-0.1681	0.89
1824	-1.1520	0.45
1825	-1.9434	0.26
1826	-1.8890	0.27
1827	-2.0589	0.24
1828	-4.0589	0.06
1829	-1.4739	0.36
1830	-2.0000	0.25
1831	-2.7370	0.15
1832	-3.0589	0.12
1833	-0.8110	0.57
1834	-0.9714	0.51
1835	-2.5564	0.17
1836	-2.3959	0.19
1837	-1.0589	0.48
1838	-1.6897	0.31
1839	-2.5564	0.17
1840	-2.9434	0.13
1841	-2.9434	0.13
1842	-1.7859	0.29
1843	-3.4739	0.09
1844	-3.0589	0.12
1845	-2.5564	0.17
1846	-5.6439	0.02
1847	-4.3219	0.05
1848	-0.5778	0.67
1849	-0.6439	0.64
1850	0.0976	1.07
1851	-1.4344	0.37
1852	-2.5564	0.17
1853	-2.3219	0.20
1854	-0.0893	0.94
1855	-0.8890	0.54
1856	-3.8365	0.07
1857	-5.0589	0.03
1858	-6.6439	0.01
1859	-4.0589	0.06
1860	-3.3219	0.10
1861	-5.6439	0.02
1862	-5.0589	0.03
1863	-5.6439	0.02
1864	-5.6439	0.02
1865	-0.9159	0.53
1866	-1.6439	0.32
1867	-0.6215	0.65
1868	-0.5146	0.70
1869	-0.9159	0.53
1870	-0.8890	0.54
1871	-1.0893	0.47
1872	-1.3585	0.39
1873	-1.4344	0.37
1874	0.6323	1.55
1875	0.3219	1.25
1876	1.4647	2.76
1877	1.3840	2.61
1878	-0.0145	0.99
1879	-0.0589	0.96
1880	2.3248	5.01
1881	-0.2176	0.86
1882	-1.0000	0.50
1883	0.3785	1.30
1884	-0.6439	0.64
1885	-4.0589	0.06
1886	-3.3219	0.10
1887	-1.6439	0.32
1888	1.0772	2.11
1889	2.5558	5.88
1890	3.1473	8.86
1891	0.4957	1.41
1892	-2.4739	0.18
1893	-1.5995	0.33
1894	-1.6897	0.31
1895	-2.5564	0.17
1896	-4.6439	0.04
1897	-5.6439	0.02
1898	-4.6439	0.04
1899	-5.6439	0.02
1900	-5.6439	0.02
1901	-1.0000	0.50
1902	-2.0589	0.24
1903	-2.5564	0.17
1904	-2.0000	0.25
1905	-1.7370	0.30
1906	-1.5564	0.34
1907	-1.7859	0.29
1908	0.2141	1.16
1909	0.1763	1.13
1910	0.2510	1.19
1911	2.0738	4.21
1912	0.7824	1.72
1913	-0.5995	0.66
1914	-1.2515	0.42
1915	-0.6666	0.63
1916	-0.5995	0.66
1917	0.5850	1.50
1918	0.2987	1.23
1919	1.8520	3.61
1920	-2.5564	0.17
1921	-1.5564	0.34
1922	-1.7859	0.29
1923	-2.3219	0.20
1924	-0.8625	0.55
1925	-0.6215	0.65
1926	-0.0439	0.97
1927	-3.4739	0.09
1928	-1.8365	0.28
1929	-1.5995	0.33
1930	1.5558	2.94
1931	-2.7370	0.15
1932	0.7908	1.73
1933	-2.7370	0.15
1934	0.2869	1.22
1935	2.0461	4.13
1936	0.0566	1.04
1937	0.5460	1.46
1938	0.7655	1.70
1939	2.8600	7.26
1940	0.5850	1.50
1941	0.8156	1.76
1942	0.4647	1.38
1943	1.6135	3.06
1944	0.5656	1.48
1945	0.7740	1.71
1946	-0.1520	0.90
1947	-1.2863	0.41
1948	0.8718	1.83
1949	0.4542	1.37
1950	0.5850	1.50
1951	0.0566	1.04
1952	0.1635	1.12
1953	-3.4739	0.09
1954	1.9928	3.98
1955	2.5632	5.91
1956	1.8440	3.59
1957	2.2265	4.68
1958	1.6736	3.19
1959	-1.1844	0.44
1960	-1.5146	0.35
1961	-0.0893	0.94
1962	3.6241	12.33
1963	-1.0000	0.50
1964	-0.2176	0.86
1965	0.7225	1.65
1966	0.2141	1.16
1967	-0.1361	0.91
1968	0.4751	1.39
1969	-1.6897	0.31
1970	-0.1047	0.93
1971	-2.3219	0.20
1972	-1.0000	0.50
1973	-1.2515	0.42
1974	-0.9159	0.53
1975	-2.4739	0.18
1976	-0.4941	0.71
1977	-0.5564	0.68
1978	-0.7859	0.58
1979	0.8797	1.84
1980	-1.3219	0.40
1981	2.9523	7.74
1982	1.8359	3.57
1983	-0.4150	0.75
1984	0.0976	1.07
1985	-0.4150	0.75
1986	0.4222	1.34
1987		
1988		
1989	-0.6897	0.62
1990	-2.7370	0.15
1991	-1.7859	0.29
1992	-3.3219	0.10
1993	-3.8365	0.07
1994	-3.1844	0.11
1995	-3.6439	0.08
1996	-3.8365	0.07
1997	-2.0589	0.24
1998	-0.2515	0.84
1999	-0.9159	0.53
2000	0.4330	1.35
2001	0.4114	1.33
2002	-0.2515	0.84
2003	3.4182	10.69
2004	0.0144	1.01
2005	0.0000	1.00
2006	-0.8625	0.55
2007	2.7004	6.50
2008	0.3334	1.26
2009	0.8156	1.76
2010	1.8914	3.71
2011	2.4330	5.40
2012	3.2913	9.79
2013	3.6679	12.71
2014	6.2203	74.56
2015	0.8560	1.81
2016	1.4330	2.70
2017	-1.3585	0.39
2018	-4.6439	0.04
2019	-4.0589	0.06
2020	-2.5564	0.17
2021	-3.6439	0.08
2022	-2.8365	0.14
2023	-2.5564	0.17
2024	-2.8365	0.14
2025	-3.3219	0.10
2026	-2.7370	0.15
2027	-4.0589	0.06
2028	-1.8890	0.27
2029	-2.2515	0.21
2030	-0.0291	0.98
2031	1.4005	2.64
2032	-0.1203	0.92
2033	3.2913	9.79
2034	-1.6439	0.32
2035	-0.9434	0.52
2036	-0.7612	0.59
2037	0.6508	1.57
2038	-0.9434	0.52
2039	0.1506	1.11
2040	1.8520	3.61
2041	0.8156	1.76
2042	-0.8890	0.54
2043	-0.2688	0.83
2044	-0.2009	0.87
2045	1.0144	2.02
2046	0.5361	1.45
2047	0.7655	1.70
2048	1.2928	2.45
2049	0.8875	1.85
2050	-0.4150	0.75
2051	0.5656	1.48
2052	0.1243	1.09
2053	-1.2176	0.43
2054	-1.1203	0.46
2055	-1.2863	0.41
2056	-0.2515	0.84
2057	-1.4344	0.37
2058	-0.1520	0.90
2059	-0.0893	0.94
2060	-0.7859	0.58
2061	0.8639	1.82
2062	0.0841	1.06
2063	2.1985	4.59
2064	-1.5995	0.33
2065	-0.7859	0.58
2066	-1.5564	0.34
2067	0.6323	1.55
2068	0.9030	1.87
2069	-0.0291	0.98
2070	-2.6439	0.16
2071	-1.7370	0.30
2072	-1.0000	0.50
2073	-1.7370	0.30
2074	3.5993	12.12
2075	2.7442	6.70
2076	1.2449	2.37
2077	2.1077	4.31
2078	-2.3959	0.19
2079	0.5753	1.49
2080	-2.0000	0.25
2081	0.9928	1.99
2082	0.7570	1.69
2083	2.5993	6.06
2084	0.3219	1.25
2085	-1.0589	0.48
2086	-1.2515	0.42
2087	-1.5995	0.33
2088	1.8359	3.57
2089	-0.3771	0.77
2090	-1.9434	0.26
2091	-0.2345	0.85
2092	-0.5995	0.66
2093	-2.9434	0.13
2094	-3.6439	0.08
2095	-2.0589	0.24
2096	-1.8365	0.28
2097	-2.0589	0.24
2098	-4.6439	0.04
2099	-4.0589	0.06
2100	-4.0589	0.06
2101	-2.0589	0.24
2102	-4.0589	0.06
2103	-1.0589	0.48
2104	0.4436	1.36
2105	-0.7370	0.60
2106	-4.3219	0.05
2107	-0.9159	0.53
2108	-4.6439	0.04
2109	-3.8365	0.07
2110	-4.6439	0.04
2111	-5.0589	0.03
2112	-3.8365	0.07
2113	0.6871	1.61
2114	-0.0145	0.99
2115	-0.8625	0.55
2116	-0.3219	0.80
2117	-0.0291	0.98
2118	-0.9159	0.53
2119	-1.6439	0.32
2120	-0.0893	0.94
2121	-0.0740	0.95
2122	0.1243	1.09
2123	1.2570	2.39
2124	1.7049	3.26
2125	-2.4739	0.18
2126	0.4957	1.41
2127		
2128	-1.8890	0.27
2129	0.1243	1.09
2130	-1.8890	0.27
2131	0.8074	1.75
2132	-0.7612	0.59
2133	0.1763	1.13
2134	0.2016	1.15
2135	0.4854	1.40
2136	0.1506	1.11
2137	-0.3401	0.79
2138	-0.6897	0.62
2139	-5.0589	0.03
2140	-2.6439	0.16
2141	1.1763	2.26
2142	0.7655	1.70
2143	1.7949	3.47
2144	2.2418	4.73
2145	-0.7612	0.59
2146	-1.0291	0.49
2147	0.2016	1.15
2148	-0.7859	0.58
2149	-0.7859	0.58
2150	0.3219	1.25
2151	-3.3219	0.10
2152	-0.0291	0.98
2153	-3.3219	0.10
2154	-1.3219	0.40
2155	-0.1681	0.89
2156		
2157	-2.0589	0.24
2158	-2.5564	0.17
2159	0.4751	1.39
2160	1.0072	2.01
2161	0.3561	1.28
2162	-0.2345	0.85
2163	0.2750	1.21
2164	-0.1844	0.88
2165	0.2630	1.20
2166	-0.2688	0.83
2167	-0.8625	0.55
2168	0.0000	1.00
2169	1.5509	2.93
2170	-0.6666	0.63
2171	1.4276	2.69
2172	1.5993	3.03
2173	1.0976	2.14
2174	2.5607	5.90
2175	-0.7859	0.58
2176	-0.5564	0.68
2177	-0.4941	0.71
2178	-3.4739	0.09
2179	-0.9714	0.51
2180	0.9030	1.87
2181	-0.7612	0.59
2182	-0.6897	0.62
2183	1.9449	3.85
2184	-0.4540	0.73
2185	-2.5564	0.17
2186	-1.7370	0.30
2187		
2188		
2189		
2190	-0.0589	0.96
2191	-0.6666	0.63
2192	1.5361	2.90
2193	-1.2863	0.41
2194	0.3674	1.29
2195	-0.6666	0.63
2196	-0.2515	0.84
2197	-1.4739	0.36
2198	-0.0589	0.96
2199	-0.1361	0.91
2200	0.3448	1.27
2201	-0.4739	0.72
2202	0.8875	1.85
2203	-0.9159	0.53
2204	-1.0000	0.50
2205	1.9672	3.91
2206	2.3219	5.00
2207	2.2957	4.91
2208	-0.1844	0.88
2209	1.1827	2.27
2210	0.2265	1.17
2211	2.8972	7.45
2212	2.3103	4.96
2213	-0.5995	0.66
2214	-1.9434	0.26
2215	-0.1047	0.93
2216	-0.0145	0.99
2217	0.9561	1.94
2218	-0.1520	0.90
2219	-0.1681	0.89
2220	-0.1844	0.88
2221	0.3785	1.30
2222	1.2928	2.45
2223	-0.3585	0.78
2224	0.0426	1.03
2225	0.5850	1.50
2226	0.1375	1.10
2227	-0.4941	0.71
2228	-0.8365	0.56
2229	-2.5564	0.17
2230	-3.0589	0.12
2231	0.6781	1.60
2232	0.5361	1.45
2233	0.0566	1.04
2234	0.0286	1.02
2235	-0.8365	0.56
2236	2.2449	4.74
2237	-0.7370	0.60
2238	-2.1203	0.23
2239	-1.8365	0.28
2240	-0.9714	0.51
2241	-1.3585	0.39
2242	-1.8365	0.28
2243	-1.2176	0.43
2244	0.2987	1.23
2245	0.5850	1.50
2246	2.0391	4.11
2247	-1.1203	0.46
2248	-2.0589	0.24
2249		
2250	1.1635	2.24
2251	-2.3959	0.19
2252		
2253	-1.1520	0.45
2254	-3.8365	0.07
2255	-4.3219	0.05
2256	-4.6439	0.04
2257		
2258	-1.1844	0.44
2259	-1.5146	0.35
2260	-1.7859	0.29
2261		
2262	-1.8890	0.27
2263		
2264	0.2987	1.23
2265	3.0514	8.29
2266	-1.8890	0.27
2267	1.7137	3.28
2268	-0.0439	0.97
2269	0.1243	1.09
2270	-1.5146	0.35
2271	-0.8110	0.57
2272	-3.6439	0.08
2273	0.9184	1.89
2274	2.2630	4.80
2275	-0.0291	0.98
2276	-0.3585	0.78
2277	-2.2515	0.21
2278	-1.4344	0.37
2279	0.1375	1.10
2280	-0.5995	0.66
2281	0.5850	1.50
2282	-0.9714	0.51
2283	1.3045	2.47
2284	1.7698	3.41
2285	-3.1844	0.11
2286	-1.2515	0.42
2287		
2288	-2.4739	0.18
2289	-2.8365	0.14
2290	-3.1844	0.11
2291	-3.8365	0.07
2292	-2.5564	0.17
2293	1.3785	2.60
2294	-3.6439	0.08
2295	-3.8365	0.07
2296	-0.9714	0.51
2297	-2.6439	0.16
2298	-2.8365	0.14
2299	-2.6439	0.16
2300	-2.8365	0.14
2301	-2.0000	0.25
2302	-2.5564	0.17
2303	-2.2515	0.21
2304	6.3661	82.49
2305	-3.8365	0.07
2306	-3.1844	0.11
2307	-4.3219	0.05
2308	-2.6439	0.16
2309	-3.1844	0.11
2310	-3.1844	0.11
2311	-0.6215	0.65
2312	3.4222	10.72
2313	0.0841	1.06
2314	0.5059	1.42
2315	-1.2176	0.43
2316	-0.8110	0.57
2317	-0.1681	0.89
2318	2.3702	5.17
2319	-2.1844	0.22
2320	-0.4150	0.75
2321	0.4647	1.38
2322	1.1506	2.22
2323	0.8875	1.85
2324	2.9203	7.57
2325	-1.4344	0.37
2326	-1.4739	0.36
2327	-0.7612	0.59
2328	-1.3585	0.39
2329	-0.8625	0.55
2330	-0.1361	0.91
2331	1.2141	2.32
2332	0.4647	1.38
2333	-2.2515	0.21
2334	2.2630	4.80
2335	-0.5564	0.68
2336	-0.2688	0.83
2337	-0.7131	0.61
2338	-0.0893	0.94
2339	-1.1203	0.46
2340	-0.3401	0.79
2341	-0.8110	0.57
2342	-0.9714	0.51
2343	1.2987	2.46
2344	1.0566	2.08
2345	2.3618	5.14
2346	1.3785	2.60
2347	0.0000	1.00
2348	-0.5146	0.70
2349	1.1110	2.16
2350	0.5656	1.48
2351	0.9561	1.94
2352	-2.7370	0.15
2353	7.3057	158.21
2354	-3.8365	0.07
2355	-3.1844	0.11
2356	-4.6439	0.04
2357	-3.6439	0.08
2358		
2359		
2360		
2361		
2362	-3.1844	0.11
2363	-2.2515	0.21
2364	-3.1844	0.11
2365	-4.0589	0.06
2366	-3.8365	0.07
2367	-3.8365	0.07
2368	-5.6439	0.02
2369	-4.0589	0.06
2370	3.7687	13.63
2371	-4.0589	0.06
2372	-4.3219	0.05
2373	-4.6439	0.04
2374	-4.6439	0.04
2375	1.3103	2.48
2376	-0.3401	0.79
2377	1.4005	2.64
2378	1.1309	2.19
2379	-2.2515	0.21
2380	-0.6439	0.64
2381	1.4957	2.82
2382	-0.6215	0.65
2383	-2.3219	0.20
2384	-2.7370	0.15
2385	-2.8365	0.14
2386	-0.9159	0.53
2387	-0.0893	0.94
2388	-3.4739	0.09
2389	-3.1844	0.11
2390	-2.6439	0.16
2391	-3.1844	0.11
2392	-0.4150	0.75
2393	-3.8365	0.07
2394	1.1635	2.24
2395	-1.1520	0.45
2396	0.0426	1.03
2397	1.1309	2.19
2398	-3.4739	0.09
2399	-0.7131	0.61
2400	-0.1844	0.88
2401	6.5616	94.46
2402	-0.4739	0.72
2403	0.4330	1.35
2404	0.3674	1.29
2405	-5.6439	0.02
2406	-4.3219	0.05
2407	-4.6439	0.04
2408	-3.0589	0.12
2409	0.8639	1.82
2410	0.4542	1.37
2411	0.0976	1.07
2412	-2.9434	0.13
2413	-2.9434	0.13
2414	-0.4739	0.72
2415	-2.1203	0.23
2416	-2.1844	0.22
2417	-0.1681	0.89
2418	1.0772	2.11
2419	1.1506	2.22
2420	0.5656	1.48
2421	-1.3959	0.38
2422	-0.2863	0.82
2423	-0.5778	0.67
2424	-1.5995	0.33
2425	-1.3585	0.39
2426	-0.3040	0.81
2427	-1.1203	0.46
2428	-0.3401	0.79
2429	-0.5564	0.68
2430	-2.8365	0.14
2431	-1.2515	0.42
2432	-2.1844	0.22
2433	-1.3219	0.40
2434	-2.5564	0.17
2435	-2.6439	0.16
2436	-2.0000	0.25
2437	-2.9434	0.13
2438	-2.2515	0.21
2439	0.0000	1.00
2440	-1.2515	0.42
2441	-0.5353	0.69
2442	-1.0291	0.49
2443		
2444	-2.3959	0.19
2445	-0.9159	0.53
2446	0.0704	1.05
2447	-4.0589	0.06
2448	-4.3219	0.05
2449	-0.8890	0.54
2450	-2.8365	0.14
2451	-1.3585	0.39
2452	0.2630	1.20
2453		
2454	0.4647	1.38
2455		
2456	-1.2515	0.42
2457	-2.5564	0.17
2458	-4.3219	0.05
2459	-2.8365	0.14
2460	2.0286	4.08
2461	0.4751	1.39
2462	0.9709	1.96
2463	-0.9159	0.53
2464	-0.7859	0.58
2465	0.1375	1.10
2466	6.0781	67.56
2467	3.4209	10.71
2468	-2.9434	0.13
2469	-4.3219	0.05
2470	-3.4739	0.09
2471		
2472	-1.5146	0.35
2473	-1.5146	0.35
2474	1.8836	3.69
2475	1.4906	2.81
2476	-1.7370	0.30
2477	-2.6439	0.16
2478	-0.6897	0.62
2479	-2.2515	0.21
2480	0.7485	1.68
2481	3.1619	8.95
2482	-1.6897	0.31
2483	-1.3959	0.38
2484	-1.7859	0.29
2485	2.6112	6.11
2486	-0.2688	0.83
2487	0.2987	1.23
2488	0.6041	1.52
2489	-1.1520	0.45
2490		
2491	-2.3219	0.20
2492	-3.3219	0.10
2493	-0.9434	0.52
2494	-4.6439	0.04
2495	-4.3219	0.05
2496	-4.0589	0.06
2497	-2.9434	0.13
2498	-3.3219	0.10
2499	-2.8365	0.14
2500	-4.0589	0.06
2501	-4.0589	0.06
2502	-2.5564	0.17
2503	-2.9434	0.13
2504	-3.4739	0.09
2505	-3.8365	0.07
2506	-3.3219	0.10
2507	-2.6439	0.16
2508	-5.0589	0.03
2509	1.0909	2.13
2510		
2511	-0.4941	0.71
2512	1.3391	2.53
2513		
2514	1.0566	2.08
2515		
2516	0.3103	1.24
2517	-0.4540	0.73
2518	-1.2176	0.43
2519	-0.6897	0.62
2520		
2521	-1.6897	0.31
2522	-1.7859	0.29
2523	-1.5146	0.35
2524	2.1827	4.54
2525	0.5160	1.43
2526	0.3896	1.31
2527	2.4060	5.30
2528	-0.1520	0.90
2529	3.7060	13.05
2530	4.2411	18.91
2531	-1.1520	0.45
2532	0.7908	1.73
2533	-1.3585	0.39
2534	0.4957	1.41
2535	-4.0589	0.06
2536	-3.1844	0.11
2537	-2.9434	0.13
2538	-0.3040	0.81
2539	1.1177	2.17
2540	0.6781	1.60
2541	-1.0589	0.48
2542	-1.5995	0.33
2543	-1.2515	0.42
2544	3.5435	11.66
2545	2.5509	5.86
2546	3.3161	9.96
2547	3.0942	8.54
2548	3.0479	8.27
2549	-1.2863	0.41
2550	-1.8365	0.28
2551	-2.3219	0.20
2552	-1.3219	0.40
2553	-2.0000	0.25
2554	-1.7370	0.30
2555	-0.8625	0.55
2556	0.7485	1.68
2557	-1.0000	0.50
2558	0.1375	1.10
2559	0.1506	1.11
2560	0.0566	1.04
2561	0.9107	1.88
2562	-0.2515	0.84
2563	0.2265	1.17
2564	-0.2863	0.82
2565	1.0072	2.01
2566	2.0108	4.03
2567	0.1890	1.14
2568	0.6508	1.57
2569	0.9107	1.88
2570	-0.1047	0.93
2571	0.3334	1.26
2572	-0.5564	0.68
2573	1.5160	2.86
2574	-1.3585	0.39
2575	-1.5146	0.35
2576	-0.5146	0.70
2577	-2.7370	0.15
2578	0.3334	1.26
2579	1.4854	2.80
2580	2.7761	6.85
2581	2.0250	4.07
2582	1.6554	3.15
2583	1.4114	2.66
2584	1.6229	3.08
2585	2.1342	4.39
2586	2.2234	4.67
2587	2.2839	4.87
2588	1.7782	3.43
2589	2.7377	6.67
2590	3.2203	9.32
2591	-1.8365	0.28
2592	0.8560	1.81
2593	-0.8365	0.56
2594	-0.5146	0.70
2595	-0.4941	0.71
2596	1.5850	3.00
2597	0.6871	1.61
2598	1.9672	3.91
2599	2.0286	4.08
2600	1.9964	3.99
2601	-2.0000	0.25
2602	-1.6897	0.31
2603	-3.4739	0.09
2604	-3.8365	0.07
2605	-2.4739	0.18
2606	-1.8365	0.28
2607	-0.9159	0.53
2608	-0.2863	0.82
2609	-0.4540	0.73
2610	-0.7859	0.58
2611	-0.4739	0.72
2612	-0.3585	0.78
2613	-0.7370	0.60
2614	-0.6897	0.62
2615	1.6554	3.15
2616	1.5311	2.89
2617	1.5993	3.03
2618	0.9336	1.91
2619	-1.6439	0.32
2620	-0.3401	0.79
2621	0.1763	1.13
2622	-2.7370	0.15
2623	-2.7370	0.15
2624	-3.1844	0.11
2625	-0.9714	0.51
2626	-0.5564	0.68
2627	0.7398	1.67
2628	1.7570	3.38
2629	0.7570	1.69
2630	2.0566	4.16
2631	1.7181	3.29
2632	0.9336	1.91
2633	0.5945	1.51
2634	0.2016	1.15
2635	-0.3959	0.76
2636	-1.0291	0.49
2637	-0.9714	0.51
2638	-1.5146	0.35
2639	-3.6439	0.08
2640	-1.9434	0.26
2641	-3.1844	0.11
2642	2.2660	4.81
2643	-0.1520	0.90
2644	1.2869	2.44
2645	-0.4344	0.74
2646	-1.2176	0.43
2647	-0.3771	0.77
2648	0.8480	1.80
2649	-0.5353	0.69
2650	0.1763	1.13
2651	1.6960	3.24
2652		
2653	-2.0589	0.24
2654	-2.1203	0.23
2655	2.6982	6.49
2656	-0.7131	0.61
2657	0.6781	1.60
2658	-0.9434	0.52
2659		
2660	-2.9434	0.13
2661	-1.0893	0.47
2662	-3.4739	0.09
2663	-2.5564	0.17
2664	-0.4540	0.73
2665	1.6182	3.07
2666	-1.5564	0.34
2667	0.1890	1.14
2668	0.0144	1.01
2669	-1.3959	0.38
2670	-1.0893	0.47
2671	-0.5146	0.70
2672	-0.0589	0.96
2673	-0.3040	0.81
2674	0.2141	1.16
2675	-1.7859	0.29
2676		
2677		
2678	-0.5995	0.66
2679	-0.2688	0.83
2680	1.5656	2.96
2681		
2682		
2683		
2684		
2685	-4.3219	0.05
2686	-4.0589	0.06
2687	-4.3219	0.05
2688	-4.0589	0.06
2689	-2.9434	0.13
2690	-1.1844	0.44
2691	-0.0589	0.96
2692	-0.1361	0.91
2693	0.0000	1.00
2694		
2695	-0.3771	0.77
2696	0.9030	1.87
2697	2.4383	5.42
2698	2.1795	4.53
2699	3.5033	11.34
2700	-1.1520	0.45
2701	-1.2515	0.42
2702	-1.8365	0.28
2703	-1.5564	0.34
2704	-1.3959	0.38
2705	-1.8365	0.28
2706	-1.2863	0.41
2707	-3.6439	0.08
2708	-1.8365	0.28
2709	-1.5564	0.34
2710	-2.4739	0.18
2711	2.4647	5.52
2712	0.2016	1.15
2713	-1.0291	0.49
2714	0.3219	1.25
2715	-0.5995	0.66
2716	-0.5146	0.70
2717	0.0000	1.00
2718	-1.6897	0.31
2719	-2.8365	0.14
2720	3.6993	12.99
2721	1.7655	3.40
2722	0.7312	1.66
2723	-0.5778	0.67
2724	2.8797	7.36
2725	-0.4150	0.75
2726	-0.5778	0.67
2727		
2728	1.5110	2.85
2729	2.6508	6.28
2730	-0.1681	0.89
2731	-0.1520	0.90
2732		
2733	-1.0893	0.47
2734	-1.6439	0.32
2735	-1.7370	0.30
2736	-2.4739	0.18
2737	-2.1203	0.23
2738	-1.7370	0.30
2739	0.3674	1.29
2740	-0.4941	0.71
2741	-0.0291	0.98
2742	-0.4739	0.72
2743	-0.9714	0.51
2744	-0.6666	0.63
2745	-3.3219	0.10
2746	-0.3771	0.77
2747	-3.1844	0.11
2748	-3.1844	0.11
2749	-2.6439	0.16
2750	-1.9434	0.26
2751		
2752	-2.4739	0.18
2753	0.4222	1.34
2754	0.4542	1.37
2755	6.0032	64.14
2756	0.4542	1.37
2757	0.9184	1.89
2758	-0.3771	0.77
2759	1.9598	3.89
2760	2.4168	5.34
2761	0.3674	1.29
2762	0.6690	1.59
2763	-0.3585	0.78
2764	-0.1681	0.89
2765	-0.2688	0.83
2766	0.0841	1.06
2767	-0.2863	0.82
2768	-0.7131	0.61
2769	0.9928	1.99
2770	-0.1047	0.93
2771	-0.5778	0.67
2772	-0.8110	0.57
2773	-0.5995	0.66
2774	-2.6439	0.16
2775	-2.3219	0.20
2776	-0.8365	0.56
2777	0.3448	1.27
2778	0.5850	1.50
2779	0.2016	1.15
2780	-0.7370	0.60
2781	-1.8890	0.27
2782	-1.1844	0.44
2783	2.3161	4.98
2784	2.2388	4.72
2785	0.0976	1.07
2786	-3.8365	0.07
2787	-2.3219	0.20
2788	0.7225	1.65
2789	-1.0589	0.48
2790		
2791	-5.0589	0.03
2792	0.6041	1.52
2793	0.8875	1.85
2794	1.8836	3.69
2795	2.0566	4.16
2796	1.6871	3.22
2797	2.7049	6.52
2798	3.2555	9.55
2799	2.7527	6.74
2800	2.7071	6.53
2801	-0.8365	0.56
2802	-1.2176	0.43
2803	0.1243	1.09
2804	-0.3401	0.79
2805	-1.2863	0.41
2806	0.7137	1.64
2807	0.6871	1.61
2808	-2.3219	0.20
2809	-0.1047	0.93
2810	0.9928	1.99
2811	1.3618	2.57
2812	0.9260	1.90
2813	1.9855	3.96
2814	1.8875	3.70
2815	2.3978	5.27
2816	3.9146	15.08
2817	1.9709	3.92
2818	4.2118	18.53
2819	2.5135	5.71
2820	2.1077	4.31
2821	-1.6897	0.31
2822	0.7312	1.66
2823	0.9709	1.96
2824	2.5534	5.87
2825	-1.2176	0.43
2826	-1.6897	0.31
2827	-0.8625	0.55
2828	-1.0893	0.47
2829	0.9107	1.88
2830	1.3391	2.53
2831	-2.8365	0.14
2832	-1.6897	0.31
2833	-0.1047	0.93
2834	-1.0291	0.49
2835	-1.1520	0.45
2836	-0.9714	0.51
2837	-2.5564	0.17
2838	0.1890	1.14
2839	0.8319	1.78
2840	-0.8625	0.55
2841	-0.4941	0.71
2842	-0.7370	0.60
2843	-0.9714	0.51
2844	-0.0589	0.96
2845	-2.6439	0.16
2846	-0.4739	0.72
2847	1.8278	3.55
2848	-1.8890	0.27
2849	-2.8365	0.14
2850	-2.4739	0.18
2851	-2.4739	0.18
2852	-4.0589	0.06
2853	-4.0589	0.06
2854	-0.2009	0.87
2855	-0.6897	0.62
2856	-0.8365	0.56
2857	1.0976	2.14
2858	2.5059	5.68
2859	1.5211	2.87
2860	0.5261	1.44
2861	0.4114	1.33
2862	-4.3219	0.05
2863	-0.8110	0.57
2864	-2.0000	0.25
2865	-4.0589	0.06
2866	-4.0589	0.06
2867	-3.4739	0.09
2868	-2.3959	0.19
2869		
2870	-4.6439	0.04
2871	-3.8365	0.07
2872	-4.0589	0.06
2873	-4.0589	0.06
2874	-2.0000	0.25
2875	-3.6439	0.08
2876	-3.8365	0.07
2877	-4.0589	0.06
2878	-2.9434	0.13
2879	-4.6439	0.04
2880	-2.9434	0.13
2881	-3.1844	0.11
2882	-4.0589	0.06
2883	-3.3219	0.10
2884	-2.2515	0.21
2885	-3.4739	0.09
2886	-3.4739	0.09
2887		
2888	-2.8365	0.14
2889	-3.4739	0.09
2890	-4.6439	0.04
2891	-4.0589	0.06
2892	-4.0589	0.06
2893	-2.7370	0.15
2894	-2.8365	0.14
2895	-4.0589	0.06
2896	-3.3219	0.10
2897	-0.8890	0.54
2898	-4.0589	0.06
2899	-3.4739	0.09
2900	-3.1844	0.11
2901	-3.3219	0.10
2902	-3.4739	0.09
2903	-2.9434	0.13
2904	-1.4739	0.36
2905		
2906	-4.3219	0.05
2907	-5.0589	0.03
2908	-1.5995	0.33
2909	-4.3219	0.05
2910	-2.0000	0.25
2911	-0.6215	0.65
2912	-0.6215	0.65
2913	-3.1844	0.11
2914	-4.0589	0.06
2915	-4.3219	0.05
2916	-4.0589	0.06
2917	-2.9434	0.13
2918	0.7398	1.67
2919	-1.7859	0.29
2920	0.0704	1.05
2921		
2922	-3.4739	0.09
2923	-4.6439	0.04
2924	-4.3219	0.05
2925	-3.1844	0.11
2926	-2.9434	0.13
2927	0.9030	1.87
2928	-0.0740	0.95
2929	2.5033	5.67
2930	2.1953	4.58
2931	-2.5564	0.17
2932	-1.7859	0.29
2933	0.4005	1.32
2934	-1.3585	0.39
2935	-1.1844	0.44
2936	1.9411	3.84
2937	2.9011	7.47
2938	-0.6215	0.65
2939	0.2388	1.18
2940	0.4957	1.41
2941	-1.6897	0.31
2942	-0.7131	0.61
2943	0.1763	1.13
2944	-1.2515	0.42
2945	-0.9159	0.53
2946	-0.5778	0.67
2947		
2948	1.8074	3.50
2949	1.3618	2.57
2950	-0.1047	0.93
2951	-0.0439	0.97
2952	0.2750	1.21
2953	5.7214	52.76
2954		
2955	-0.4739	0.72
2956	-2.0000	0.25
2957	-1.0893	0.47
2958	-0.7131	0.61
2959	-1.6439	0.32
2960	-2.8365	0.14
2961	4.0435	16.49
2962	2.2449	4.74
2963	3.2972	9.83
2964	5.4744	44.46
2965	2.9146	7.54
2966	0.5361	1.45
2967	-1.3219	0.40
2968	-1.6439	0.32
2969	-2.6439	0.16
2970	2.4303	5.39
2971	-0.5146	0.70
2972	-1.6897	0.31
2973	-1.4739	0.36
2974	-1.5564	0.34
2975	1.0215	2.03
2976	1.4330	2.70
2977	2.2016	4.60
2978	0.7908	1.73
2979		
2980	-2.3959	0.19
2981	-3.6439	0.08
2982	-1.5995	0.33
2983	5.5619	47.24
2984	8.3351	322.94
2985	-0.9159	0.53
2986	-2.8365	0.14
2987	-4.0589	0.06
2988	-3.6439	0.08
2989	-2.0589	0.24
2990	-4.0589	0.06
2991	-3.1844	0.11
2992	-4.0589	0.06
2993	-2.2515	0.21
2994	-3.0589	0.12
2995	-0.4941	0.71
2996	-1.7859	0.29
2997	-2.6439	0.16
2998	-3.8365	0.07
2999	-4.6439	0.04
3000	-4.6439	0.04
3001	-5.0589	0.03
3002	-4.6439	0.04
3003	-5.6439	0.02
3004	-2.7370	0.15
3005	-3.6439	0.08
3006	-3.1844	0.11
3007	-3.0589	0.12
3008	-4.0589	0.06
3009	-3.6439	0.08
3010	-4.6439	0.04
3011	-4.0589	0.06
3012	-4.0589	0.06
3013	-0.9434	0.52
3014	-2.3219	0.20
3015	-3.8365	0.07
3016	-5.6439	0.02
3017	-5.0589	0.03
3018	-5.6439	0.02
3019	-5.6439	0.02
3020	-5.6439	0.02
3021	-4.0589	0.06
3022	-4.6439	0.04
3023	1.0072	2.01
3024	-2.0000	0.25
3025	2.3132	4.97
3026	-1.5995	0.33
3027	-1.6439	0.32
3028	-5.6439	0.02
3029	-3.4739	0.09
3030	0.7137	1.64
3031	3.8084	14.01
3032	-2.7370	0.15
3033	3.1440	8.84
3034	2.0635	4.18
3035	-1.7370	0.30
3036	1.7782	3.43
3037	0.6323	1.55
3038	-2.3959	0.19
3039	-1.5146	0.35
3040	-3.1844	0.11
3041	-2.3219	0.20
3042	-2.1844	0.22
3043	-1.5146	0.35
3044	-4.0589	0.06
3045	-0.7131	0.61
3046	-0.5353	0.69
3047	-1.5564	0.34
3048	-3.0589	0.12
3049	-3.4739	0.09
3050	-3.3219	0.10
3051	-4.0589	0.06
3052	-2.1844	0.22
3053	-1.8365	0.28
3054	-3.1844	0.11
3055	-5.6439	0.02
3056	-5.0589	0.03
3057	-5.0589	0.03
3058	-4.6439	0.04
3059	-5.6439	0.02
3060	-5.6439	0.02
3061	-5.6439	0.02
3062	-5.0589	0.03
3063	-1.8890	0.27
3064	-5.0589	0.03
3065	-3.3219	0.10
3066	-2.3219	0.20
3067	-2.5564	0.17
3068	-1.4344	0.37
3069	-2.5564	0.17
3070	-3.1844	0.11
3071	-1.5146	0.35
3072	1.7949	3.47
3073	2.4489	5.46
3074	-2.4739	0.18
3075	-2.4739	0.18
3076	-2.9434	0.13
3077	-3.3219	0.10
3078	-2.9434	0.13
3079	-3.4739	0.09
3080	-2.9434	0.13
3081	-2.3219	0.20
3082	-1.9434	0.26
3083	-2.1203	0.23
3084	-0.5146	0.70
3085	-0.3585	0.78
3086	-2.3959	0.19
3087	-2.9434	0.13
3088	-1.6897	0.31
3089	-3.8365	0.07
3090	-2.8365	0.14
3091	-2.3959	0.19
3092	-3.4739	0.09
3093	-3.0589	0.12
3094	-2.3959	0.19
3095	-2.6439	0.16
3096	-3.6439	0.08
3097	-0.3959	0.76
3098	1.7049	3.26
3099	-0.4540	0.73
3100	-0.7370	0.60
3101	-0.6215	0.65
3102	0.8718	1.83
3103	1.7312	3.32
3104	0.9855	1.98
3105	2.3045	4.94
3106	-0.6897	0.62
3107	-3.1844	0.11
3108	-2.7370	0.15
3109	-2.9434	0.13
3110	-1.0291	0.49
3111	-1.4739	0.36
3112	2.2570	4.78
3113	0.7049	1.63
3114	-0.2688	0.83
3115	-0.1681	0.89
3116		
3117	-2.0589	0.24
3118	-0.0589	0.96
3119	-0.8365	0.56
3120	-1.7370	0.30
3121	-3.1844	0.11
3122	0.4751	1.39
3123	1.0496	2.07
3124	0.3674	1.29
3125	0.8319	1.78
3126		
3127		
3128		
3129		
3130		
3131	2.9467	7.71
3132	1.7866	3.45
3133	-2.5564	0.17
3134	1.8237	3.54
3135	-0.3401	0.79
3136	-1.5995	0.33
3137	-4.6439	0.04
3138	-4.0589	0.06
3139	-2.3959	0.19
3140	-2.1203	0.23
3141	-3.3219	0.10
3142	-0.0893	0.94
3143	-0.8890	0.54
3144	-1.0000	0.50
3145	-2.7370	0.15
3146	-2.3959	0.19
3147	-0.6897	0.62
3148	-3.1844	0.11
3149	-2.0000	0.25
3150	0.1890	1.14
3151	-2.4739	0.18
3152	-3.0589	0.12
3153	-2.0589	0.24
3154	-3.0589	0.12
3155	-3.3219	0.10
3156	-3.1844	0.11
3157	-2.8365	0.14
3158	-2.3959	0.19
3159	-0.8890	0.54
3160	2.0566	4.16
3161	1.3618	2.57
3162	0.7570	1.69
3163	0.1890	1.14
3164	-1.9434	0.26
3165	-2.4739	0.18
3166	-1.9434	0.26
3167	-1.6897	0.31
3168	-1.3959	0.38
3169	-2.4739	0.18
3170	-2.6439	0.16
3171	-3.3219	0.10
3172	-2.1203	0.23
3173	-1.3959	0.38
3174	-1.0000	0.50
3175	5.7487	53.77
3176	-0.7859	0.58
3177	-1.3219	0.40
3178	-0.2176	0.86
3179	0.2141	1.16
3180	0.5558	1.47
3181	-0.7859	0.58
3182	-0.2863	0.82
3183	0.7137	1.64
3184	-5.0589	0.03
3185	-1.0589	0.48
3186	-1.7859	0.29
3187	-0.4150	0.75
3188	0.3219	1.25
3189	-1.4344	0.37
3190	0.6323	1.55
3191	0.5558	1.47
3192	0.4436	1.36
3193	-0.1047	0.93
3194	-4.6439	0.04
3195	-4.3219	0.05
3196	-3.1844	0.11
3197	-3.3219	0.10
3198		
3199	-1.8365	0.28
3200	-1.3219	0.40
3201	-1.2863	0.41
3202	0.4114	1.33
3203	-1.4344	0.37
3204	-2.7370	0.15
3205	-3.1844	0.11
3206	-1.8365	0.28
3207	-1.5146	0.35
3208	-2.7370	0.15
3209	-2.1203	0.23
3210	-1.7859	0.29
3211	-3.6439	0.08
3212	-1.5146	0.35
3213	-1.3585	0.39
3214	-2.1844	0.22
3215	-3.4739	0.09
3216	-3.8365	0.07
3217	-0.0893	0.94
3218	-3.6439	0.08
3219	-3.3219	0.10
3220	-4.6439	0.04
3221	-2.9434	0.13
3222	-1.5146	0.35
3223	-3.8365	0.07
3224	-3.8365	0.07
3225	-2.9434	0.13
3226	-4.3219	0.05
3227	-4.0589	0.06
3228	-1.7370	0.30
3229	-1.2863	0.41
3230	-5.0589	0.03
3231	-2.7370	0.15
3232	-2.0000	0.25
3233	2.7698	6.82
3234	1.5311	2.89
3235	0.0286	1.02
3236	0.7655	1.70
3237	0.9855	1.98
3238	0.1375	1.10
3239	0.7655	1.70
3240	1.0909	2.13
3241	-2.0000	0.25
3242	-2.1844	0.22
3243	-2.6439	0.16
3244	-3.6439	0.08
3245	4.7934	27.73
3246	-2.7370	0.15
3247	-2.9434	0.13
3248	-2.9434	0.13
3249	-2.5564	0.17
3250	-2.5564	0.17
3251	-2.8365	0.14
3252	-3.0589	0.12
3253	-3.6439	0.08
3254	-3.3219	0.10
3255	-2.3219	0.20
3256	-3.0589	0.12
3257	-0.2863	0.82
3258	1.4594	2.75
3259	-1.1520	0.45
3260	0.4330	1.35
3261	2.5033	5.67
3262	1.7049	3.26
3263	-0.5778	0.67
3264	-1.1520	0.45
3265	0.0704	1.05
3266	0.0566	1.04
3267	-1.9434	0.26
3268	-2.0589	0.24
3269	-2.5564	0.17
3270	-3.1844	0.11
3271	-2.3959	0.19
3272	-3.4739	0.09
3273	-3.3219	0.10
3274	-0.6897	0.62
3275	-1.4739	0.36
3276	-0.9714	0.51
3277	-1.0893	0.47
3278	6.2852	77.99
3279	-0.0740	0.95
3280	-0.7370	0.60
3281	0.3103	1.24
3282	0.8560	1.81
3283	0.5460	1.46
3284	0.3448	1.27
3285	-2.0000	0.25
3286	-3.6439	0.08
3287	-2.8365	0.14
3288	-3.4739	0.09
3289	-2.7370	0.15
3290	-3.1844	0.11
3291	-3.1844	0.11
3292	-2.3219	0.20
3293	0.6599	1.58
3294	-0.0145	0.99
3295	-0.9159	0.53
3296	2.9467	7.71
3297	-1.5146	0.35
3298	-2.4739	0.18
3299	-2.8365	0.14
3300	-0.6666	0.63
3301	0.1110	1.08
3302		
3303		
3304	-1.1203	0.46
3305	1.1440	2.21
3306	-0.8625	0.55
3307		
3308	-0.3585	0.78
3309	-1.5564	0.34
3310	-1.0589	0.48
3311	-1.4344	0.37
3312	-2.5564	0.17
3313	-2.3219	0.20
3314	-3.0589	0.12
3315	0.2141	1.16
3316	1.4542	2.74
3317	0.4647	1.38
3318	1.7268	3.31
3319	-1.4344	0.37
3320	-0.3401	0.79
3321	-0.0893	0.94
3322	-0.4540	0.73
3323	-1.1520	0.45
3324	-1.5564	0.34
3325	-1.5564	0.34
3326	-1.3959	0.38
3327	-0.8625	0.55
3328	-2.3219	0.20
3329	-0.8365	0.56
3330	-3.0589	0.12
3331	-3.8365	0.07
3332	-1.5146	0.35
3333	-2.8365	0.14
3334	-0.3401	0.79
3335	-1.8365	0.28
3336	-1.6439	0.32
3337	-0.1203	0.92
3338	-1.2863	0.41
3339	-1.0589	0.48
3340	-2.3219	0.20
3341	-3.8365	0.07
3342	-3.1844	0.11
3343	-4.0589	0.06
3344	-4.3219	0.05
3345	-4.0589	0.06
3346	-3.8365	0.07
3347	-1.3219	0.40
3348	-0.4344	0.74
3349	-0.0145	0.99
3350	-3.4739	0.09
3351	-4.0589	0.06
3352	-1.3219	0.40
3353		
3354	0.2869	1.22
3355	-0.3401	0.79
3356	1.2203	2.33
3357	2.4195	5.35
3358	2.4168	5.34
3359	0.3674	1.29
3360	-0.3040	0.81
3361	-1.1520	0.45
3362	-0.0589	0.96
3363	-0.0145	0.99
3364	0.4222	1.34
3365	-0.2345	0.85
3366	0.1890	1.14
3367	-1.3219	0.40
3368	-1.1203	0.46
3369	-5.0589	0.03
3370	-0.3219	0.80
3371	0.8875	1.85
3372	0.5160	1.43
3373	0.0704	1.05
3374	0.6323	1.55
3375	0.4647	1.38
3376	0.7824	1.72
3377	2.1408	4.41
3378	0.6960	1.62
3379	-1.4344	0.37
3380	1.0426	2.06
3381	-1.2863	0.41
3382	-0.0740	0.95
3383	-0.5995	0.66
3384	-0.0291	0.98
3385	1.9373	3.83
3386	3.2234	9.34
3387		
3388	0.2750	1.21
3389	-1.3959	0.38
3390	-0.6439	0.64
3391	-0.2345	0.85
3392	-2.3219	0.20
3393	-2.5564	0.17
3394	1.1506	2.22
3395	0.4751	1.39
3396	0.4330	1.35
3397	0.7824	1.72
3398	-3.4739	0.09
3399	-3.8365	0.07
3400	-1.1520	0.45
3401	-4.0589	0.06
3402	-4.6439	0.04
3403	0.2987	1.23
3404	-0.5995	0.66
3405	0.5753	1.49
3406	0.1506	1.11
3407	0.3334	1.26
3408	-0.3401	0.79
3409	2.3074	4.95
3410	-0.0145	0.99
3411	-0.2009	0.87
3412	-0.9159	0.53
3413	-1.6897	0.31
3414	1.5211	2.87
3415	0.2987	1.23
3416	0.2750	1.21
3417	-0.3219	0.80
3418	-1.2176	0.43
3419	-3.3219	0.10
3420	-3.4739	0.09
3421		
3422	-1.2176	0.43
3423	-0.5995	0.66
3424	1.4276	2.69
3425	0.3219	1.25
3426	-0.2176	0.86
3427	-3.4739	0.09
3428	-0.8110	0.57
3429	0.4647	1.38
3430	1.4436	2.72
3431	1.4906	2.81
3432	-0.6897	0.62
3433	0.2750	1.21
3434	0.5261	1.44
3435	-0.6666	0.63
3436	-2.3959	0.19
3437	-2.3959	0.19
3438	-3.1844	0.11
3439		
3440	-3.6439	0.08
3441	-2.5564	0.17
3442	-1.5564	0.34
3443	-1.2176	0.43
3444	-2.3219	0.20
3445	-2.3219	0.20
3446	-4.0589	0.06
3447	-5.6439	0.02
3448	-4.3219	0.05
3449	-3.6439	0.08
3450	-3.8365	0.07
3451	-5.0589	0.03
3452	-2.6439	0.16
3453	-3.8365	0.07
3454	-3.3219	0.10
3455	0.2630	1.20
3456	-1.9434	0.26
3457	-1.4344	0.37
3458	-2.3219	0.20
3459	-1.9434	0.26
3460	-2.8365	0.14
3461	-1.3959	0.38
3462	-0.1361	0.91
3463	0.2869	1.22
3464	-0.9714	0.51
3465	-2.2515	0.21
3466	0.5261	1.44
3467	-1.1203	0.46
3468	-0.3771	0.77
3469	1.7613	3.39
3470	1.9069	3.75
3471	0.4751	1.39
3472	1.1506	2.22
3473	1.6323	3.10
3474	1.3840	2.61
3475	-1.2515	0.42
3476	-0.9434	0.52
3477	-0.5778	0.67
3478	-1.0893	0.47
3479	-1.9434	0.26
3480	-1.1520	0.45
3481	1.0144	2.02
3482	0.8400	1.79
3483	2.8440	7.18
3484	1.5008	2.83
3485	-1.3585	0.39
3486	1.7991	3.48
3487	-1.3219	0.40
3488	-1.0893	0.47
3489	0.2265	1.17
3490	-4.0589	0.06
3491	-1.4344	0.37
3492	0.1635	1.12
3493	-4.0589	0.06
3494	-3.6439	0.08
3495	-1.2176	0.43
3496	0.8718	1.83
3497	1.3161	2.49
3498	-1.0291	0.49
3499	-2.3959	0.19
3500	0.1890	1.14
3501		
3502		
3503		
3504		
3505	-1.5146	0.35
3506	-0.5146	0.70
3507	4.2743	19.35
3508	1.0635	2.09
3509	-0.3219	0.80
3510	1.2079	2.31
3511	-0.0740	0.95
3512	-1.1203	0.46
3513	0.0704	1.05
3514	0.4854	1.40
3515	0.1110	1.08
3516	-2.8365	0.14
3517	-0.7859	0.58
3518	-4.0589	0.06
3519	-4.6439	0.04
3520	-4.6439	0.04
3521	-2.1203	0.23
3522	1.5059	2.84
3523	0.8797	1.84
3524	3.2585	9.57
3525	-3.4739	0.09
3526	-3.1844	0.11
3527	-0.2345	0.85
3528	-1.4739	0.36
3529	-0.8890	0.54
3530	-0.2345	0.85
3531	-0.8110	0.57
3532	0.1635	1.12
3533	0.1243	1.09
3534	0.0976	1.07
3535	-0.1520	0.90
3536	3.8689	14.61
3537	4.4209	21.42
3538		
3539	0.5059	1.42
3540	1.8278	3.55
3541	1.2810	2.43
3542		
3543	-0.0740	0.95
3544	0.0976	1.07
3545	-1.8890	0.27
3546	-1.0000	0.50
3547	-1.8890	0.27
3548	-2.0000	0.25
3549	-3.1844	0.11
3550	0.4957	1.41
3551	-1.0893	0.47
3552	-1.9434	0.26
3553	-1.5995	0.33
3554	-0.0145	0.99
3555	-0.1047	0.93
3556	0.4114	1.33
3557	0.2630	1.20
3558	3.5423	11.65
3559	3.0215	8.12
3560	2.6690	6.36
3561	1.2265	2.34
3562	-2.3219	0.20
3563	-1.2515	0.42
3564	-1.0291	0.49
3565	0.7137	1.64
3566	-1.1203	0.46
3567	-2.2515	0.21
3568	-0.6666	0.63
3569	-1.4739	0.36
3570	-3.0589	0.12
3571	-0.4941	0.71
3572	-1.5564	0.34
3573	-1.5146	0.35
3574	-1.2863	0.41
3575	-1.6439	0.32
3576	-2.0589	0.24
3577	-2.5564	0.17
3578	5.0828	33.89
3579	7.7011	208.09
3580	-2.0000	0.25
3581	-2.3959	0.19
3582	-2.8365	0.14
3583	-3.8365	0.07
3584	-1.1844	0.44
3585	-1.4739	0.36
3586	-5.0589	0.03
3587	-4.0589	0.06
3588	-5.0589	0.03
3589	-1.4739	0.36
3590	-3.4739	0.09
3591	-3.6439	0.08
3592	5.9217	60.62
3593	-5.0589	0.03
3594	-3.3219	0.10
3595	-1.0000	0.50
3596	0.8156	1.76
3597	0.1110	1.08
3598	-0.6666	0.63
3599	0.1763	1.13
3600	0.8237	1.77
3601	1.4276	2.69
3602	0.8639	1.82
3603	1.4330	2.70
3604	0.7049	1.63
3605	1.0704	2.10
3606	2.0600	4.17
3607	2.9873	7.93
3608	-1.7370	0.30
3609	-1.4739	0.36
3610	-1.5995	0.33
3611	-4.0589	0.06
3612	-3.3219	0.10
3613	-1.9434	0.26
3614	1.7866	3.45
3615	3.8268	14.19
3616	1.4060	2.65
3617	1.8480	3.60
3618	2.4383	5.42
3619	-0.1047	0.93
3620	2.6182	6.14
3621	3.0807	8.46
3622	2.4356	5.41
3623		
3624	1.8639	3.64
3625	-1.3585	0.39
3626		
3627	2.7398	6.68
3628	1.3161	2.49
3629	0.5945	1.51
3630	3.3533	10.22
3631	2.7071	6.53
3632	1.6645	3.17
3633	0.7740	1.71
3634	-0.3040	0.81
3635	2.7845	6.89
3636	0.0426	1.03
3637	2.3277	5.02
3638	4.2180	18.61
3639	1.0704	2.10
3640	-1.7859	0.29
3641	0.0976	1.07
3642	-0.2176	0.86
3643	0.8400	1.79
3644	0.9184	1.89
3645	0.5558	1.47
3646	0.0000	1.00
3647	-0.1681	0.89
3648	-0.6215	0.65
3649	-0.1681	0.89
3650	0.4436	1.36
3651	0.6960	1.62
3652	0.6229	1.54
3653	0.0286	1.02
3654	1.2630	2.40
3655	0.8797	1.84
3656	3.5286	11.54
3657	-0.1203	0.92
3658	-0.8890	0.54
3659	1.6508	3.14
3660	0.2750	1.21
3661	-0.1047	0.93
3662	-0.0291	0.98
3663	-0.9159	0.53
3664	-1.3219	0.40
3665	-1.7370	0.30
3666	-1.1203	0.46
3667	-1.4344	0.37
3668	-2.8365	0.14
3669	-0.7859	0.58
3670	-0.7612	0.59
3671	-0.5146	0.70
3672	-0.7612	0.59
3673	-0.3585	0.78
3674	-1.4739	0.36
3675	0.1243	1.09
3676	-2.0589	0.24
3677	0.2141	1.16
3678	1.8237	3.54
3679	2.6915	6.46
3680	-0.5995	0.66
3681	3.4790	11.15
3682	3.8953	14.88
3683	-0.6666	0.63
3684	0.8953	1.86
3685	0.2510	1.19
3686	0.6871	1.61
3687	-0.9434	0.52
3688	-1.5995	0.33
3689	-3.4739	0.09
3690	-2.5564	0.17
3691	-0.6666	0.63
3692	-3.3219	0.10
3693	-3.1844	0.11
3694	-2.9434	0.13
3695	-4.0589	0.06
3696	-1.0893	0.47
3697	0.0144	1.01
3698		
3699	3.3813	10.42
3700	0.8400	1.79
3701	0.4005	1.32
3702	2.8379	7.15
3703	3.0126	8.07
3704	-1.7859	0.29
3705	-1.7859	0.29
3706	-0.5353	0.69
3707		
3708		
3709	0.5059	1.42
3710	-0.2345	0.85
3711	0.1635	1.12
3712	1.9030	3.74
3713	1.2690	2.41
3714		
3715	1.8074	3.50
3716	1.9782	3.94
3717	-1.0291	0.49
3718	1.0000	2.00
3719	-1.3219	0.40
3720	-0.6666	0.63
3721	1.8480	3.60
3722	2.2570	4.78
3723	-0.2863	0.82
3724	-0.0439	0.97
3725	-1.5146	0.35
3726	2.5753	5.96
3727	3.3923	10.50
3728	-1.8890	0.27
3729	-1.3219	0.40
3730	-3.1844	0.11
3731	-3.1844	0.11
3732	-3.4739	0.09
3733	-0.9434	0.52
3734	-1.5564	0.34
3735	-0.0439	0.97
3736		
3737		
3738	-0.1203	0.92
3739	0.2265	1.17
3740	0.0144	1.01
3741	0.0426	1.03
3742	0.5059	1.42
3743	2.0600	4.17
3744	-0.3040	0.81
3745	1.0704	2.10
3746	0.6041	1.52
3747	-0.2863	0.82
3748	-0.0893	0.94
3749	1.3674	2.58
3750	-0.0291	0.98
3751	-0.3040	0.81
3752	-0.3219	0.80
3753	2.1276	4.37
3754	4.0400	16.45
3755	4.0241	16.27
3756	2.9891	7.94
3757	5.0548	33.24
3758	3.3854	10.45
3759	3.2126	9.27
3760	4.6294	24.75
3761	3.2449	9.48
3762	4.6456	25.03
3763	3.2357	9.42
3764	3.2585	9.57
3765	5.1231	34.85
3766	3.4289	10.77
3767	3.5607	11.80
3768	3.7687	13.63
3769	3.5910	12.05
3770	4.1914	18.27
3771	3.3434	10.15
3772	3.4816	11.17
3773	3.3334	10.08
3774	4.8037	27.93
3775	3.0807	8.46
3776	3.2479	9.50
3777	3.5668	11.85
3778	3.8400	14.32
3779	4.9910	31.80
3780	2.6713	6.37
3781	-0.3219	0.80
3782	1.9635	3.90
3783	0.7049	1.63
3784	1.1827	2.27
3785	5.7474	53.72
3786	2.9709	7.84
3787	3.0548	8.31
3788	2.7740	6.84
3789	0.4751	1.39
3790	0.0286	1.02
3791	0.4330	1.35
3792	-0.3040	0.81
3793		
3794	1.0496	2.07
3795	-0.9434	0.52
3796	1.8600	3.63
3797	-0.2345	0.85
3798	-1.4344	0.37
3799	-1.2515	0.42
3800	-1.4344	0.37
3801	-0.7131	0.61
3802	0.4005	1.32
3803	-0.8365	0.56
3804	-0.8110	0.57
3805	-0.9159	0.53
3806	-0.1047	0.93
3807	1.2869	2.44
3808	-1.5564	0.34
3809	0.9486	1.93
3810	1.4751	2.78
3811	-0.7612	0.59
3812	-0.3585	0.78
3813	0.3219	1.25
3814	0.3334	1.26
3815	1.1570	2.23
3816	-2.1203	0.23
3817	-1.5995	0.33
3818	-3.4739	0.09
3819	-0.5353	0.69
3820	-4.0589	0.06
3821	-1.7370	0.30
3822	-0.3401	0.79
3823	1.1699	2.25
3824	0.9260	1.90
3825	1.4005	2.64
3826	0.4114	1.33
3827	2.6112	6.11
3828	1.6088	3.05
3829	2.4303	5.39
3830	-1.6897	0.31
3831	-1.7370	0.30
3832	-2.8365	0.14
3833	-2.9434	0.13
3834	-4.0589	0.06
3835	-3.0589	0.12
3836	-1.6897	0.31
3837	-2.0589	0.24
3838	0.0841	1.06
3839	-0.9159	0.53
3840	-0.0145	0.99
3841	0.2510	1.19
3842	0.7049	1.63
3843	-2.0000	0.25
3844	2.1859	4.55
3845	0.3448	1.27
3846	-0.4540	0.73
3847	2.1890	4.56
3848	-0.6666	0.63
3849		
3850	0.1243	1.09
3851	1.5410	2.91
3852	1.2630	2.40
3853	1.8115	3.51
3854	-1.6439	0.32
3855	-1.6897	0.31
3856	-0.4739	0.72
3857	-0.9159	0.53
3858	2.5801	5.98
3859	-1.8365	0.28
3860	-0.3401	0.79
3861	-2.0589	0.24
3862	-0.5995	0.66
3863	0.2510	1.19
3864	0.6135	1.53
3865	-0.6666	0.63
3866	-1.2176	0.43
3867		
3868	-2.2515	0.21
3869	-0.4540	0.73
3870	0.1243	1.09
3871	1.5945	3.02
3872	0.5059	1.42
3873	4.3406	20.26
3874	0.2987	1.23
3875	-2.3219	0.20
3876	-3.8365	0.07
3877	0.6871	1.61
3878	-3.3219	0.10
3879	-2.1844	0.22
3880	-1.0291	0.49
3881	0.4330	1.35
3882	1.8679	3.65
3883	0.7655	1.70
3884	0.8639	1.82
3885	-0.0740	0.95
3886	0.9260	1.90
3887	-2.8365	0.14
3888	-2.5564	0.17
3889	-3.0589	0.12
3890	-3.1844	0.11
3891	-2.8365	0.14
3892	-0.2688	0.83
3893	-2.3959	0.19
3894	-1.9434	0.26
3895	-2.3959	0.19
3896	5.4124	42.59
3897	-0.2009	0.87
3898	-5.0589	0.03
3899	-3.0589	0.12
3900	-0.9714	0.51
3901	2.9184	7.56
3902	0.7908	1.73
3903	-2.1844	0.22
3904	-2.0589	0.24
3905	-2.0000	0.25
3906	-1.1844	0.44
3907	-0.5353	0.69
3908	-0.3959	0.76
3909	1.2570	2.39
3910	-1.4739	0.36
3911	-1.8890	0.27
3912	-1.5995	0.33
3913	-1.2176	0.43
3914	-0.7131	0.61
3915	-0.7612	0.59
3916	-0.5353	0.69
3917	-1.8365	0.28
3918	3.3462	10.17
3919	-0.1047	0.93
3920	0.0000	1.00
3921	-0.5995	0.66
3922	-1.0893	0.47
3923	-1.0000	0.50
3924	-1.5146	0.35
3925	0.1635	1.12
3926	-1.7859	0.29
3927	-0.8625	0.55
3928	0.1375	1.10
3929	-1.0893	0.47
3930	1.0772	2.11
3931	-1.3959	0.38
3932	-1.0589	0.48
3933	0.2869	1.22
3934	0.5361	1.45
3935	-0.5146	0.70
3936		
3937	-0.6215	0.65
3938	2.1144	4.33
3939	-0.4150	0.75
3940		
3941	2.4983	5.65
3942	4.2479	19.00
3943	4.3646	20.60
3944	0.0000	1.00
3945	0.8718	1.83
3946	1.5656	2.96
3947	-1.1203	0.46
3948	1.0144	2.02
3949	0.4330	1.35
3950	-0.7859	0.58
3951	-3.1844	0.11
3952	-3.8365	0.07
3953	-3.8365	0.07
3954	-3.1844	0.11
3955	1.2141	2.32
3956	-0.8890	0.54
3957	-4.0589	0.06
3958	-3.0589	0.12
3959	-1.8890	0.27
3960	-1.7859	0.29
3961	-0.4344	0.74
3962	0.5656	1.48
3963	-0.4941	0.71
3964	-0.8365	0.56
3965	0.2141	1.16
3966	2.0286	4.08
3967	-1.0589	0.48
3968	-0.0740	0.95
3969	-0.5564	0.68
3970	-0.7370	0.60
3971	-1.3585	0.39
3972	-1.1203	0.46
3973	-0.3040	0.81
3974	-1.0000	0.50
3975	-0.3219	0.80
3976	-1.1203	0.46
3977	-2.0000	0.25
3978	-3.3219	0.10
3979	-2.9434	0.13
3980	-2.1844	0.22
3981	-2.5564	0.17
3982	-2.3959	0.19
3983	-2.5564	0.17
3984	0.3219	1.25
3985	-2.7370	0.15
3986	-2.2515	0.21
3987	-2.2515	0.21
3988		
3989	-1.7370	0.30
3990	1.4330	2.70
3991	0.5945	1.51
3992	-3.4739	0.09
3993	-2.0000	0.25
3994	0.4542	1.37
3995	-1.5146	0.35
3996	-1.2863	0.41
3997	-1.2863	0.41
3998	-2.3959	0.19
3999	-1.1520	0.45
4000	-1.3585	0.39
4001	0.4005	1.32
4002	2.0321	4.09
4003	4.7939	27.74
4004	-0.9714	0.51
4005	-1.0589	0.48
4006	-1.4739	0.36
4007	-3.4739	0.09
4008	-3.0589	0.12
4009	0.0566	1.04
4010	0.1110	1.08
4011	-2.4739	0.18
4012	-3.3219	0.10
4013	-3.3219	0.10
4014	-2.5564	0.17
4015	-3.4739	0.09
4016	-2.6439	0.16
4017	0.3334	1.26
4018	-3.3219	0.10
4019	-2.4739	0.18
4020	0.0976	1.07
4021	-1.0589	0.48
4022	-4.6439	0.04
4023	-4.3219	0.05
4024	-5.0589	0.03
4025	-4.3219	0.05
4026	-4.6439	0.04
4027	-5.0589	0.03
4028	-4.0589	0.06
4029	-2.3959	0.19
4030	-4.6439	0.04
4031	-2.8365	0.14
4032	-2.7370	0.15
4033	-2.1844	0.22
4034	1.6645	3.17
4035	-1.0589	0.48
4036	-0.7859	0.58
4037	-0.2009	0.87
4038	0.1506	1.11
4039	-1.7859	0.29
4040	0.6508	1.57
4041	2.6323	6.20
4042	3.1922	9.14
4043	3.8982	14.91
4044	0.7137	1.64
4045	-4.6439	0.04
4046		
4047	-3.0589	0.12
4048	-1.5564	0.34
4049	-1.5564	0.34
4050	-0.7859	0.58
4051	-1.1520	0.45
4052	-1.7370	0.30
4053	-4.3219	0.05
4054	-2.2515	0.21
4055	0.5850	1.50
4056	1.4114	2.66
4057	1.8319	3.56
4058	1.4542	2.74
4059	1.8319	3.56
4060	0.1243	1.09
4061	-0.0439	0.97
4062	-0.7131	0.61
4063	-3.6439	0.08
4064	0.6229	1.54
4065	0.0976	1.07
4066	2.4383	5.42
4067	1.9184	3.78
4068	-1.0291	0.49
4069	-1.3959	0.38
4070	-0.5353	0.69
4071	-1.6897	0.31
4072	-2.2515	0.21
4073	-2.6439	0.16
4074	-1.9434	0.26
4075	-1.7859	0.29
4076	-0.6666	0.63
4077	-1.2176	0.43
4078	-1.2176	0.43
4079	-0.8890	0.54
4080	-0.4150	0.75
4081	-0.2009	0.87
4082	-0.7612	0.59
4083	1.9891	3.97
4084	4.1035	17.19
4085	4.4777	22.28
4086	-1.5995	0.33
4087	-0.4941	0.71
4088	0.1243	1.09
4089	1.4005	2.64
4090	-1.2515	0.42
4091	-0.3401	0.79
4092	-0.0740	0.95
4093	-2.6439	0.16
4094	-2.3959	0.19
4095	-3.0589	0.12
4096	-2.4739	0.18
4097	1.2750	2.42
4098	1.3561	2.56
4099	0.6599	1.58
4100	0.2630	1.20
4101	-0.6215	0.65
4102	-0.5146	0.70
4103	0.2265	1.17
4104	-2.3219	0.20
4105	-2.3219	0.20
4106	-4.6439	0.04
4107	-4.6439	0.04
4108		
4109	-3.8365	0.07
4110	-1.9434	0.26
4111	-1.7370	0.30
4112	-1.8890	0.27
4113	-5.0589	0.03
4114	1.5460	2.92
4115	-3.4739	0.09
4116	-1.7370	0.30
4117	-2.4739	0.18
4118	-2.1203	0.23
4119	-0.8625	0.55
4120	-2.4739	0.18
4121	-2.6439	0.16
4122	-1.2176	0.43
4123	-3.4739	0.09
4124	-2.0000	0.25
4125	-3.6439	0.08
4126	-3.4739	0.09
4127	-4.0589	0.06
4128	-2.7370	0.15
4129	-3.3219	0.10
4130	-2.5564	0.17
4131	-0.6666	0.63
4132	-1.4344	0.37
4133	-1.8890	0.27
4134	-0.1844	0.88
4135	-0.0145	0.99
4136	-2.7370	0.15
4137	-5.6439	0.02
4138	-4.0589	0.06
4139	-3.3219	0.10
4140	-2.1203	0.23
4141	-2.6439	0.16
4142	-1.2515	0.42
4143	-1.1520	0.45
4144	2.4276	5.38
4145	-0.5778	0.67
4146	1.8797	3.68
4147	-0.9714	0.51
4148	-3.4739	0.09
4149	-3.4739	0.09
4150	-2.4739	0.18
4151	-2.2515	0.21
4152	-0.5353	0.69
4153	-1.5995	0.33
4154	-3.8365	0.07
4155	-0.3219	0.80
4156	1.3896	2.62
4157	0.8074	1.75
4158		
4159	-1.0291	0.49
4160	-0.5778	0.67
4161	-1.7859	0.29
4162	-2.5564	0.17
4163	-3.4739	0.09
4164	-3.0589	0.12
4165	-1.9434	0.26
4166	-1.0291	0.49
4167	-0.7131	0.61
4168	0.2141	1.16
4169	-1.2863	0.41
4170	0.3896	1.31
4171	5.2188	37.24
4172	4.8207	28.26
4173	0.6690	1.59
4174	0.1635	1.12
4175		
4176	-0.9434	0.52
4177	0.2141	1.16
4178		
4179		
4180		
4181		
4182		
4183	0.4751	1.39
4184	-2.8365	0.14
4185	-2.3959	0.19
4186	-4.6439	0.04
4187	-0.1361	0.91
4188	-1.2515	0.42
4189	-2.8365	0.14
4190	-4.0589	0.06
4191	-3.3219	0.10
4192	-2.7370	0.15
4193	-1.3959	0.38
4194	0.1890	1.14
4195	-2.6439	0.16
4196	-2.6439	0.16
4197	0.0000	1.00
4198	1.1440	2.21
4199	1.1043	2.15
4200	-0.8110	0.57
4201	1.4330	2.70
4202	0.6135	1.53
4203	3.4463	10.90
4204	1.1827	2.27
4205	0.6871	1.61
4206	3.2824	9.73
4207	-0.7370	0.60
4208	-2.7370	0.15
4209	-1.2515	0.42
4210	-4.0589	0.06
4211	-2.8365	0.14
4212	0.2987	1.23
4213	-2.5564	0.17
4214	-0.4739	0.72
4215	-1.0291	0.49
4216	-1.7370	0.30
4217	-1.3219	0.40
4218	-1.5146	0.35
4219	-1.4739	0.36
4220	-1.8365	0.28
4221	-0.8890	0.54
4222	-2.5564	0.17
4223	-4.0589	0.06
4224	-3.1844	0.11
4225	-0.2515	0.84
4226	0.0566	1.04
4227	-1.7859	0.29
4228	1.5898	3.01
4229	2.7312	6.64
4230	1.6645	3.17
4231	4.4283	21.53
4232	2.1342	4.39
4233	2.5135	5.71
4234	2.4087	5.31
4235	2.6323	6.20
4236	1.0909	2.13
4237	-1.5564	0.34
4238	-0.6439	0.64
4239	0.2265	1.17
4240	-1.8365	0.28
4241	-0.9714	0.51
4242	-1.6897	0.31
4243	-2.1203	0.23
4244	-0.5146	0.70
4245	-1.7859	0.29
4246	-3.3219	0.10
4247	-2.4739	0.18
4248	0.4957	1.41
4249	-0.6897	0.62
4250	-1.5564	0.34
4251	-1.3219	0.40
4252	-0.1844	0.88
4253		
4254	8.1683	287.68
4255		
4256		
4257	1.2265	2.34
4258	2.0738	4.21
4259	0.4854	1.40
4260	2.0321	4.09
4261	-0.9714	0.51
4262	-0.3771	0.77
4263	2.1827	4.54
4264	0.4330	1.35
4265	-0.0740	0.95
4266	0.1110	1.08
4267	1.7570	3.38
4268	2.2510	4.76
4269	-2.5564	0.17
4270	0.2869	1.22
4271	0.4647	1.38
4272	-1.2176	0.43
4273	-0.9159	0.53
4274	0.8953	1.86
4275	0.6690	1.59
4276	2.6645	6.34
4277		
4278	2.9964	7.98
4279	2.6622	6.33
4280	1.2327	2.35
4281	1.0772	2.11
4282	1.1890	2.28
4283	0.7740	1.71
4284	3.1763	9.04
4285	0.5160	1.43
4286	1.6088	3.05
4287	1.8953	3.72
4288	1.6915	3.23
4289	-0.0740	0.95
4290	1.8797	3.68
4291	0.8480	1.80
4292		
4293		
4294		
4295		
4296	-0.5146	0.70
4297	1.1763	2.26
4298	1.1827	2.27
4299	2.4114	5.32
4300	1.3840	2.61
4301	1.9819	3.95
4302	2.0566	4.16
4303	3.3001	9.85
4304	2.5945	6.04
4305	2.1110	4.32
4306	-2.1844	0.22
4307	3.5705	11.88
4308	1.8953	3.72
4309	1.8875	3.70
4310	1.0841	2.12
4311	1.0566	2.08
4312	1.3277	2.51
4313	5.8086	56.05
4314	2.7803	6.87
4315	1.5460	2.92
4316	1.8115	3.51
4317	1.5850	3.00
4318	0.9635	1.95
4319	1.2203	2.33
4320	4.6820	25.67
4321	1.2203	2.33
4322	0.7398	1.67
4323	0.9486	1.93
4324	4.8293	28.43
4325	-2.6439	0.16
4326	1.6871	3.22
4327	-0.6215	0.65
4328	0.4957	1.41
4329	-0.0740	0.95
4330	1.6462	3.13
4331	1.3277	2.51
4332	0.7824	1.72
4333	1.5509	2.93
4334	1.0356	2.05
4335	0.1763	1.13
4336	2.7845	6.89
4337	1.0704	2.10
4338	0.6041	1.52
4339	0.0000	1.00
4340	0.6599	1.58
4341	0.7312	1.66
4342	0.9855	1.98
4343	0.9928	1.99
4344	0.1635	1.12
4345	-0.3771	0.77
4346	-0.6439	0.64
4347	0.8639	1.82
4348	0.3103	1.24
4349	0.8480	1.80
4350	2.5311	5.78
4351	2.2141	4.64
4352		
4353	0.0000	1.00
4354	-0.1520	0.90
4355	-0.0589	0.96
4356	0.0000	1.00
4357	0.4436	1.36
4358	-1.5146	0.35
4359	-0.2176	0.86
4360	0.9928	1.99
4361	-0.7131	0.61
4362	4.7751	27.38
4363	0.4957	1.41
4364	0.8639	1.82
4365	-0.5146	0.70
4366	-0.0740	0.95
4367	1.5460	2.92
4368	-0.1361	0.91
4369	1.8115	3.51
4370	-3.4739	0.09
4371	-3.1844	0.11
4372	-4.6439	0.04
4373	-2.0000	0.25
4374	-3.6439	0.08
4375	-5.0589	0.03
4376	-4.3219	0.05
4377	-5.0589	0.03
4378	-5.0589	0.03
4379	-1.9434	0.26
4380	-3.6439	0.08
4381	-3.1844	0.11
4382	-2.7370	0.15
4383	-2.1844	0.22
4384	-4.3219	0.05
4385	-3.0589	0.12
4386	-3.6439	0.08
4387	-0.1520	0.90
4388	-0.2345	0.85
4389	-0.7612	0.59
4390	-0.6666	0.63
4391	-0.5353	0.69
4392	-1.7370	0.30
4393	-1.9434	0.26
4394	-3.0589	0.12
4395	-0.7370	0.60
4396	0.0841	1.06
4397	1.1110	2.16
4398	1.8639	3.64
4399	1.6323	3.10
4400	-0.5778	0.67
4401	-2.4739	0.18
4402	-4.6439	0.04
4403	-2.9434	0.13
4404	-1.6897	0.31
4405	-1.8365	0.28
4406	-0.2515	0.84
4407	-0.3959	0.76
4408	-2.8365	0.14
4409	-4.3219	0.05
4410	-5.0589	0.03
4411	-4.0589	0.06
4412	-3.4739	0.09
4413	2.1667	4.49
4414	-4.0589	0.06
4415	-2.8365	0.14
4416	-3.1844	0.11
4417	-4.0589	0.06
4418	0.7398	1.67
4419	-1.0291	0.49
4420	-1.1844	0.44
4421	0.2016	1.15
4422	0.4542	1.37
4423	0.1890	1.14
4424	-0.6215	0.65
4425	-0.0145	0.99
4426	1.6960	3.24
4427	-2.0000	0.25
4428	-1.2863	0.41
4429	-0.2863	0.82
4430	-3.6439	0.08
4431	-3.8365	0.07
4432	-1.5146	0.35
4433	-1.0893	0.47
4434	-2.4739	0.18
4435	-1.5995	0.33
4436	-3.1844	0.11
4437	-2.2515	0.21
4438	-2.1203	0.23
4439	-3.0589	0.12
4440	-2.0000	0.25
4441	-2.4739	0.18
4442	-3.1844	0.11
4443	-2.1203	0.23
4444	-1.6897	0.31
4445	-1.3219	0.40
4446	-1.1844	0.44
4447	1.8679	3.65
4448	-1.4739	0.36
4449	0.0000	1.00
4450	0.7225	1.65
4451	-0.1203	0.92
4452	3.6611	12.65
4453	2.1763	4.52
4454	3.7420	13.38
4455	3.8992	14.92
4456	2.6064	6.09
4457	3.2645	9.61
4458	-1.0893	0.47
4459	1.6915	3.23
4460	1.8237	3.54
4461	0.1375	1.10
4462	-0.1361	0.91
4463	-0.9434	0.52
4464	2.7761	6.85
4465	4.1667	17.96
4466	-0.8625	0.55
4467	-2.7370	0.15
4468	1.4803	2.79
4469	-0.8365	0.56
4470	-1.3585	0.39
4471	-3.3219	0.10
4472	-2.3959	0.19
4473	-2.7370	0.15
4474	0.0000	1.00
4475	2.2296	4.69
4476	-1.2515	0.42
4477		
4478		
4479	0.3674	1.29
4480	-2.0589	0.24
4481	-0.5995	0.66
4482	-3.3219	0.10
4483	-2.1844	0.22
4484	0.0286	1.02
4485	0.8560	1.81
4486	-0.2863	0.82
4487	-1.0589	0.48
4488	0.3561	1.28
4489	-0.7131	0.61
4490	-0.3585	0.78
4491	1.1309	2.19
4492	1.1506	2.22
4493	1.2203	2.33
4494	0.0841	1.06
4495		
4496	1.2869	2.44
4497	1.0144	2.02
4498	-0.0145	0.99
4499	0.0000	1.00
4500	-1.0000	0.50
4501	-0.2515	0.84
4502	-1.0000	0.50
4503		
4504	-0.2345	0.85
4505		
4506		
4507	0.9411	1.92
4508	0.5261	1.44
4509	-0.9434	0.52
4510	-0.8625	0.55
4511	-0.1681	0.89
4512		
4513		
4514		
4515		
4516	3.7060	13.05
4517	2.9542	7.75
4518	2.1859	4.55
4519	3.8943	14.87
4520	3.6645	12.68
4521	4.2001	18.38
4522	4.8212	28.27
4523	3.1227	8.71
4524	1.3896	2.62
4525	-0.5995	0.66
4526	-1.2176	0.43
4527	-4.0589	0.06
4528	-1.5146	0.35
4529	-3.4739	0.09
4530	-2.8365	0.14
4531	-2.5564	0.17
4532	-2.1844	0.22
4533	-2.8365	0.14
4534	-0.1681	0.89
4535	-1.1203	0.46
4536	0.3219	1.25
4537	1.1506	2.22
4538	0.2016	1.15
4539	-0.2009	0.87
4540	3.3951	10.52
4541	2.6088	6.10
4542	5.2498	38.05
4543	0.7824	1.72
4544	0.8237	1.77
4545	0.2388	1.18
4546	0.4114	1.33
4547		
4548	1.3391	2.53
4549	-1.4344	0.37
4550	0.0841	1.06
4551	1.1243	2.18
4552	-0.6215	0.65
4553	-0.9714	0.51
4554	1.0909	2.13
4555	-1.1203	0.46
4556	-0.1361	0.91
4557	0.0000	1.00
4558	-0.3771	0.77
4559	-1.0589	0.48
4560	-0.6897	0.62
4561	1.2750	2.42
4562	-1.3219	0.40
4563	-4.3219	0.05
4564	-5.0589	0.03
4565	-4.6439	0.04
4566	-4.6439	0.04
4567	-4.3219	0.05
4568	-4.6439	0.04
4569	-3.6439	0.08
4570	-3.1844	0.11
4571	-4.0589	0.06
4572	-1.9434	0.26
4573	-1.5995	0.33
4574	-3.3219	0.10
4575	-2.7370	0.15
4576	-2.4739	0.18
4577	-3.0589	0.12
4578	-3.1844	0.11
4579	-3.6439	0.08
4580	-4.0589	0.06
4581	-1.8890	0.27
4582	-3.8365	0.07
4583	-3.8365	0.07
4584	-3.6439	0.08
4585	-3.6439	0.08
4586	-0.5995	0.66
4587	-1.0291	0.49
4588	0.3334	1.26
4589	-0.8365	0.56
4590	-4.3219	0.05
4591	-3.1844	0.11
4592	-1.8365	0.28
4593	-0.3401	0.79
4594	-1.7370	0.30
4595	-2.7370	0.15
4596	-2.5564	0.17
4597	0.3219	1.25
4598		
4599	-2.5564	0.17
4600	-1.1844	0.44
4601	2.2203	4.66
4602	0.2265	1.17
4603	0.3561	1.28
4604	-0.5995	0.66
4605	1.1506	2.22
4606	-1.3585	0.39
4607	1.4276	2.69
4608	3.4222	10.72
4609	-0.1203	0.92
4610	-2.3219	0.20
4611	-0.1681	0.89
4612	0.1890	1.14
4613	0.2510	1.19
4614	-0.5995	0.66
4615	0.1375	1.10
4616	-0.4941	0.71
4617	-0.0291	0.98
4618	0.5460	1.46
4619	0.5850	1.50
4620	-0.0893	0.94
4621	-0.8625	0.55
4622	1.0000	2.00
4623	0.9855	1.98
4624	0.7312	1.66
4625		
4626	-3.4739	0.09
4627	-2.2515	0.21
4628	-4.0589	0.06
4629	-3.6439	0.08
4630	-2.3219	0.20
4631	-4.3219	0.05
4632	-0.7370	0.60
4633	-3.3219	0.10
4634	1.1243	2.18
4635	-2.3959	0.19
4636	0.8953	1.86
4637	-0.7859	0.58
4638	-1.3959	0.38
4639	-1.4344	0.37
4640	-4.3219	0.05
4641	-3.6439	0.08
4642	-2.9434	0.13
4643	-3.3219	0.10
4644		
4645	-1.9434	0.26
4646	-1.5564	0.34
4647	-1.5146	0.35
4648	-2.8365	0.14
4649	-1.5564	0.34
4650	-0.8625	0.55
4651	-2.8365	0.14
4652	-3.6439	0.08
4653	-3.1844	0.11
4654	-0.1844	0.88
4655	-1.5995	0.33
4656	-1.2515	0.42
4657	-2.3219	0.20
4658	-1.1520	0.45
4659	0.4751	1.39
4660	-0.0145	0.99
4661	1.9635	3.90
4662	2.7225	6.60
4663	1.4168	2.67
4664	-1.0000	0.50
4665	-3.0589	0.12
4666	-1.8365	0.28
4667	-1.9434	0.26
4668	-2.5564	0.17
4669	-1.1844	0.44
4670	-3.4739	0.09
4671	-2.7370	0.15
4672	-0.8365	0.56
4673	-1.0291	0.49
4674	-2.6439	0.16
4675	-3.6439	0.08
4676	-2.6439	0.16
4677	-0.7859	0.58
4678	-0.5564	0.68
4679	-0.0893	0.94
4680	0.0841	1.06
4681	-3.0589	0.12
4682	-4.6439	0.04
4683	-1.6897	0.31
4684	-4.0589	0.06
4685	-2.1203	0.23
4686	-3.0589	0.12
4687	-4.6439	0.04
4688	-0.7859	0.58
4689	-1.3959	0.38
4690	-0.7859	0.58
4691	-1.5564	0.34
4692	-1.3585	0.39
4693	-1.6439	0.32
4694		
4695	-0.9434	0.52
4696	-1.7370	0.30
4697	-0.8625	0.55
4698	2.0670	4.19
4699	3.5223	11.49
4700	0.5059	1.42
4701	-0.4344	0.74
4702	3.7279	13.25
4703	3.1260	8.73
4704	1.2869	2.44
4705	-2.0589	0.24
4706	-0.6666	0.63
4707	1.8679	3.65
4708	0.0426	1.03
4709	3.4944	11.27
4710	-0.5778	0.67
4711	0.0144	1.01
4712	-1.0893	0.47
4713	0.8875	1.85
4714	0.8400	1.79
4715	0.8074	1.75
4716	1.7225	3.30
4717	-0.8110	0.57
4718	-3.3219	0.10
4719	-1.3585	0.39
4720	-1.7859	0.29
4721	0.5059	1.42
4722	-0.2515	0.84
4723	-0.3585	0.78
4724	0.0000	1.00
4725		
4726		
4727		
4728	-0.4739	0.72
4729	-0.0740	0.95
4730	1.0772	2.11
4731	0.6508	1.57
4732	0.4542	1.37
4733	2.5729	5.95
4734	3.5993	12.12
4735	1.9745	3.93
4736	1.5993	3.03
4737	1.6645	3.17
4738	-0.4739	0.72
4739	2.2720	4.83
4740	1.1635	2.24
4741	0.9855	1.98
4742	0.3219	1.25
4743	-2.9434	0.13
4744	-2.6439	0.16
4745	-3.6439	0.08
4746	-3.8365	0.07
4747	-3.6439	0.08
4748	-1.2515	0.42
4749	-2.9434	0.13
4750	-0.1681	0.89
4751	2.0875	4.25
4752	1.6415	3.12
4753	-0.0589	0.96
4754	-1.5564	0.34
4755	-3.4739	0.09
4756	-3.6439	0.08
4757	-1.9434	0.26
4758	-1.9434	0.26
4759	-2.0000	0.25
4760	-2.0000	0.25
4761	-2.1844	0.22
4762	-1.5564	0.34
4763	-0.7370	0.60
4764	4.5033	22.68
4765	3.4303	10.78
4766	4.0712	16.81
4767	3.5777	11.94
4768	-1.8365	0.28
4769	0.5261	1.44
4770	0.4222	1.34
4771	-0.1203	0.92
4772	-1.1203	0.46
4773	-2.6439	0.16
4774	-2.6439	0.16
4775	-0.4739	0.72
4776	-0.8625	0.55
4777	0.6323	1.55
4778	-0.1203	0.92
4779	1.8520	3.61
4780	-0.4739	0.72
4781	-0.8110	0.57
4782	-0.7370	0.60
4783	0.0286	1.02
4784	0.3785	1.30
4785	-2.7370	0.15
4786	-2.4739	0.18
4787	3.1953	9.16
4788	1.2750	2.42
4789	0.1890	1.14
4790	-0.0589	0.96
4791	-3.1844	0.11
4792	-2.5564	0.17
4793	-1.8365	0.28
4794	-3.3219	0.10
4795	-3.0589	0.12
4796	-3.6439	0.08
4797	-3.8365	0.07
4798	-2.1844	0.22
4799	-3.8365	0.07
4800	-1.7370	0.30
4801	-1.5146	0.35
4802	-3.4739	0.09
4803	1.7312	3.32
4804	-3.6439	0.08
4805	-2.8365	0.14
4806	1.5801	2.99
4807	-3.3219	0.10
4808	-3.6439	0.08
4809	-1.3219	0.40
4810	2.0036	4.01
4811	-0.2176	0.86
4812	-0.2009	0.87
4813	-1.9434	0.26
4814	-2.0000	0.25
4815	-2.7370	0.15
4816		
4817	-3.8365	0.07
4818	-3.4739	0.09
4819	-3.0589	0.12
4820	-3.8365	0.07
4821	-2.3959	0.19
4822	-1.2515	0.42
4823	-1.3959	0.38
4824	-1.1203	0.46
4825	-1.1203	0.46
4826	-0.4150	0.75
4827	-3.1844	0.11
4828	-1.1203	0.46
4829	2.8217	7.07
4830	-2.2515	0.21
4831	-0.5995	0.66
4832	1.4751	2.78
4833	-0.4739	0.72
4834	-0.4941	0.71
4835	-0.9714	0.51
4836	-1.5564	0.34
4837	-0.9714	0.51
4838	-0.6897	0.62
4839	-0.8365	0.56
4840	-0.5353	0.69
4841	-0.0439	0.97
4842	-0.5778	0.67
4843	-1.8890	0.27
4844	-1.5564	0.34
4845	2.3702	5.17
4846	1.5705	2.97
4847	-0.6215	0.65
4848	-4.0589	0.06
4849	-2.0589	0.24
4850	-3.6439	0.08
4851		
4852	0.5753	1.49
4853	0.1375	1.10
4854	-0.2009	0.87
4855	0.8953	1.86
4856	1.1440	2.21
4857	-0.1520	0.90
4858	-0.4941	0.71
4859	-2.7370	0.15
4860	-1.5995	0.33
4861	-1.8365	0.28
4862	-3.8365	0.07
4863	-2.5564	0.17
4864	-1.4344	0.37
4865		
4866	-2.0000	0.25
4867	-2.7370	0.15
4868	-0.7859	0.58
4869	-1.5146	0.35
4870	-1.5564	0.34
4871	-1.9434	0.26
4872	-1.5146	0.35
4873	-1.1203	0.46
4874	-2.1844	0.22
4875	-1.6439	0.32
4876	-1.5564	0.34
4877	-0.7370	0.60
4878	-2.0589	0.24
4879	-1.5995	0.33
4880	-4.0589	0.06
4881	-0.7859	0.58
4882	-2.2515	0.21
4883	-2.1203	0.23
4884	-2.3959	0.19
4885	-0.5564	0.68
4886	-2.6439	0.16
4887	-3.8365	0.07
4888	-1.9434	0.26
4889	-2.0589	0.24
4890	-0.5564	0.68
4891	-0.3219	0.80
4892	-1.2863	0.41
4893	-1.7370	0.30
4894	-2.3219	0.20
4895	-2.1203	0.23
4896	-1.4739	0.36
4897	-1.1520	0.45
4898	-2.4739	0.18
4899	-2.9434	0.13
4900	-4.3219	0.05
4901	-1.3219	0.40
4902	-0.7612	0.59
4903	-1.1520	0.45
4904	-1.5995	0.33
4905	-2.3959	0.19
4906	-0.6215	0.65
4907	-0.6897	0.62
4908	-1.6439	0.32
4909	4.5928	24.13
4910	-2.3959	0.19
4911	-4.0589	0.06
4912	-1.1203	0.46
4913	-0.7370	0.60
4914	-2.2515	0.21
4915	-3.0589	0.12
4916	-2.7370	0.15
4917	-4.0589	0.06
4918	-3.8365	0.07
4919	-3.8365	0.07
4920	-3.1844	0.11
4921	-0.0893	0.94
4922	-1.3585	0.39
4923	6.5030	90.70
4924	-0.1520	0.90
4925	-2.7370	0.15
4926	-2.5564	0.17
4927	-4.6439	0.04
4928	-4.0589	0.06
4929	-1.5146	0.35
4930	-0.6439	0.64
4931	-1.7370	0.30
4932	-1.3585	0.39
4933		
4934		
4935		
4936	-0.0439	0.97
4937	0.5558	1.47
4938	-0.2345	0.85
4939	0.5160	1.43
4940	0.5850	1.50
4941	3.3060	9.89
4942	3.5753	11.92
4943	-0.4344	0.74
4944	-1.2863	0.41
4945	-0.8625	0.55
4946	-0.6215	0.65
4947	0.4957	1.41
4948	-0.0439	0.97
4949	2.0215	4.06
4950	1.8359	3.57
4951	-1.5995	0.33
4952	-2.3959	0.19
4953	-3.3219	0.10
4954	-1.8365	0.28
4955	-2.5564	0.17
4956	-1.6439	0.32
4957	-2.0000	0.25
4958	0.1890	1.14
4959	-0.5995	0.66
4960	1.9672	3.91
4961	0.2869	1.22
4962	-1.0893	0.47
4963	-0.3771	0.77
4964	-0.8110	0.57
4965	-0.0740	0.95
4966	0.6508	1.57
4967	-0.5564	0.68
4968	-0.5995	0.66
4969	-2.0589	0.24
4970	-3.4739	0.09
4971	-3.8365	0.07
4972	-4.6439	0.04
4973	-4.3219	0.05
4974	-3.0589	0.12
4975		
4976	-4.3219	0.05
4977	-2.2515	0.21
4978	-0.7370	0.60
4979	2.7004	6.50
4980	2.3757	5.19
4981	-1.9434	0.26
4982		
4983	-3.8365	0.07
4984	-3.6439	0.08
4985	-0.9714	0.51
4986	-2.0589	0.24
4987	-3.6439	0.08
4988	-3.1844	0.11
4989	-3.8365	0.07
4990	-3.3219	0.10
4991	-3.1844	0.11
4992	-2.9434	0.13
4993	-4.0589	0.06
4994	-3.1844	0.11
4995	-4.6439	0.04
4996	-3.4739	0.09
4997	-3.8365	0.07
4998	-1.5564	0.34
4999	-4.3219	0.05
5000	-3.8365	0.07
5001	-4.6439	0.04
5002	-2.8365	0.14
5003	-3.4739	0.09
5004	-3.6439	0.08
5005	-3.1844	0.11
5006	-2.6439	0.16
5007	-4.6439	0.04
5008	-2.9434	0.13
5009	-3.8365	0.07
5010	-4.0589	0.06
5011	-2.1203	0.23
5012	-2.6439	0.16
5013	0.0566	1.04
5014	-1.7859	0.29
5015	-2.0000	0.25
5016	-2.9434	0.13
5017	-3.6439	0.08
5018	-3.1844	0.11
5019	-3.6439	0.08
5020	-1.8890	0.27
5021	-2.0589	0.24
5022	-3.6439	0.08
5023	-1.1844	0.44
5024	-1.0000	0.50
5025	-3.3219	0.10
5026	-5.0589	0.03
5027	-4.3219	0.05
5028	-4.6439	0.04
5029	-4.3219	0.05
5030	-4.0589	0.06
5031	1.7093	3.27
5032	0.9030	1.87
5033	-2.4739	0.18
5034	-1.4344	0.37
5035	-2.2515	0.21
5036	-4.6439	0.04
5037	-1.6897	0.31
5038	-2.5564	0.17
5039	-3.6439	0.08
5040	-3.8365	0.07
5041	-1.7859	0.29
5042	-1.7859	0.29
5043	-4.0589	0.06
5044	-3.8365	0.07
5045	-3.6439	0.08
5046	-0.5353	0.69
5047	-1.3219	0.40
5048	-3.3219	0.10
5049	0.6041	1.52
5050	-0.8890	0.54
5051	-1.5995	0.33
5052	-2.4739	0.18
5053	-3.6439	0.08
5054	3.0179	8.10
5055	-3.3219	0.10
5056	-1.5146	0.35
5057	-0.7859	0.58
5058	-1.1520	0.45
5059	-3.4739	0.09
5060	-4.6439	0.04
5061	-2.0589	0.24
5062	1.7181	3.29
5063	-1.1844	0.44
5064	-3.4739	0.09
5065	-2.0000	0.25
5066	0.5460	1.46
5067	1.1243	2.18
5068	-0.1047	0.93
5069	-2.3219	0.20
5070	-2.0589	0.24
5071	0.9635	1.95
5072	-4.0589	0.06
5073	-3.6439	0.08
5074	-0.2009	0.87
5075	-0.2863	0.82
5076	-0.1047	0.93
5077	0.7312	1.66
5078	1.2016	2.30
5079	1.6276	3.09
5080	0.2016	1.15
5081	-2.3959	0.19
5082	-3.0589	0.12
5083	-2.7370	0.15
5084	-2.5564	0.17
5085	-2.8365	0.14
5086	-1.6439	0.32
5087	-2.3219	0.20
5088	-2.3959	0.19
5089	-2.9434	0.13
5090	-1.7859	0.29
5091	-2.5564	0.17
5092	-1.5995	0.33
5093	-0.5564	0.68
5094	-1.2515	0.42
5095	-1.8365	0.28
5096	-0.0589	0.96
5097	-2.1203	0.23
5098	-4.6439	0.04
5099	-2.2515	0.21
5100	-1.2863	0.41
5101	-3.1844	0.11
5102	-4.6439	0.04
5103	-0.0589	0.96
5104	-5.0589	0.03
5105	-3.8365	0.07
5106	-4.3219	0.05
5107	-3.6439	0.08
5108	-4.6439	0.04
5109	-2.5564	0.17
5110	-4.6439	0.04
5111	-1.3959	0.38
5112	-4.6439	0.04
5113	-4.3219	0.05
5114	-5.6439	0.02
5115	-4.3219	0.05
5116	-4.0589	0.06
5117	-1.2176	0.43
5118	-5.0589	0.03
5119	-4.3219	0.05
5120	-5.6439	0.02
5121	-4.3219	0.05
5122	-5.0589	0.03
5123	-5.6439	0.02
5124	-4.6439	0.04
5125	-4.6439	0.04
5126	-3.6439	0.08
5127	-5.6439	0.02
5128	-5.0589	0.03
5129	-5.6439	0.02
5130	-1.2176	0.43
5131	-5.0589	0.03
5132	-5.6439	0.02
5133	-3.8365	0.07
5134	-1.9434	0.26
5135	-1.3959	0.38
5136	-4.3219	0.05
5137	-4.6439	0.04
5138	-3.6439	0.08
5139	-4.3219	0.05
5140	-3.0589	0.12
5141	-4.0589	0.06
5142	-5.0589	0.03
5143	2.4195	5.35
5144	3.8094	14.02
5145	-0.7131	0.61
5146	-1.9434	0.26
5147	-0.7612	0.59
5148	-0.8365	0.56
5149	-1.2863	0.41
5150	-0.6897	0.62
5151	-1.6897	0.31
5152	-1.8890	0.27
5153	2.4489	5.46
5154	1.9928	3.98
5155	-1.0893	0.47
5156	-0.7859	0.58
5157	-0.9159	0.53
5158	-1.4344	0.37
5159	-4.0589	0.06
5160	-1.5146	0.35
5161	-1.6439	0.32
5162	-1.0291	0.49
5163	-1.4344	0.37
5164	1.1440	2.21
5165	-1.1844	0.44
5166	-1.1520	0.45
5167	-0.8110	0.57
5168	-0.8625	0.55
5169	-0.9714	0.51
5170	-1.2863	0.41
5171	0.1110	1.08
5172	-1.2515	0.42
5173	-1.5146	0.35
5174	2.3674	5.16
5175	1.0704	2.10
5176	1.5945	3.02
5177	1.9561	3.88
5178	-0.6666	0.63
5179	-1.2176	0.43
5180	0.4854	1.40
5181	-0.2176	0.86
5182	-0.9714	0.51
5183	-0.2009	0.87
5184	0.3219	1.25
5185	-2.5564	0.17
5186	-1.7859	0.29
5187	0.7398	1.67
5188	0.0000	1.00
5189	-1.5146	0.35
5190	-2.1844	0.22
5191	-4.3219	0.05
5192	-2.4739	0.18
5193	-1.7370	0.30
5194	-2.1844	0.22
5195	-1.5995	0.33
5196	-1.3959	0.38
5197	-1.1203	0.46
5198	-2.1844	0.22
5199	-2.7370	0.15
5200	-0.5353	0.69
5201	-1.8890	0.27
5202	-3.1844	0.11
5203	0.8560	1.81
5204	-0.2688	0.83
5205	0.6135	1.53
5206	-2.5564	0.17
5207	-2.7370	0.15
5208	-1.4739	0.36
5209	-1.4344	0.37
5210	1.6781	3.20
5211	-2.5564	0.17
5212	3.8570	14.49
5213		
5214		
5215		
5216		
5217		
5218		
5219		
5220		
5221		
5222		
5223		
5224		
5225		
5226		
5227		
5228		
5229		
5230		
5231		
5232		
5233		
5234		
5235		
5236		
5237		
5238		
5239		
5240		
5241		
5242		
5243		
5244		
5245		
5246		
5247		
5248		
5249		
5250		
5251		
5252		
5253		
5254		
5255		
5256		
5257		
5258		
5259		
5260		
5261		
5262		
5263		
5264		
5265		
5266		
5267		
5268		
5269		
5270		
5271		
5272		
5273		
5274		
5275		
5276		
5277		
5278		
5279		
5280		
5281		
5282		
5283		
5284		
5285		
5286		
5287		
5288		
5289		
5290		
5291		
5292		
5293		
5294		
5295		
5296		
5297		
5298		
5299		
5300		
5301		
5302		
5303		
5304		
5305		
5306		
5307		
5308		
5309		
5310		
5311		
5312		
5313		
5314		
5315		
5316		
5317		
5318		
5319		
5320		
5321		
5322		
5323		
5324		
5325		
5326		
5327		
5328		
5329		
5330		
5331		
5332		
5333		
5334		
5335		
5336		
5337		
5338		
5339		
5340		
5341		
5342		
5343		
5344		
5345		
5346		
5347		
5348		
5349		
5350		
5351		
5352		
5353		
5354		
5355		
5356		
5357		
5358		
5359		
5360		
5361		
5362		
5363		
5364		
5365		
5366		
5367		
5368		
5369		
5370		
5371		
5372		
5373		
5374		
5375		
5376		
5377		
5378		
5379		
5380		
5381		
5382		
5383		
5384		
5385		
5386		
5387		
5388		
5389		
5390		
5391		
5392		
5393		
5394		
5395		
5396		
5397		
5398		
5399		
5400		
5401		
5402		
5403		
5404		
5405		
5406		
5407		
5408		
5409		
5410		
5411		
5412		
5413		
5414		
5415		
5416		
5417		
5418		
5419		
5420		
5421		
5422		
5423		
5424		
5425		
5426		
5427		
5428		
5429		
5430		
5431		
5432		
5433		
5434		
5435		
5436		
5437		
5438		
5439		
5440		
5441		
5442		
5443		
5444		
5445		
5446		
5447		
5448		
5449		
5450		
5451		
5452		
5453		
5454		
5455		
5456		
5457		
5458		
5459		
5460		
5461		
5462		
5463		
5464		
5465		
5466		
5467		
5468		
5469		
5470		
5471		
5472		
5473		
5474		
5475		
5476		
5477		
5478		
5479		
5480		
5481		
5482		
5483		
5484		
5485		
5486		
5487		
5488		
5489		
5490		
5491		
5492		
5493		
5494		
5495		
5496		
5497		
5498		
5499		
5500		
5501		
5502		
5503		
5504		
5505		
5506		
5507		
5508		
5509		
5510		
5511		
5512		
5513		
5514		
5515		
5516		
5517		
5518		
5519		
5520		
5521		
5522		
5523		
5524		
5525		
5526		
5527		
5528		
5529		
5530		
5531		
5532		
5533		
5534		
5535		
5536		
5537		
5538		
5539		
5540		
5541		
5542		
5543		
5544		
5545		
5546		
5547		
5548		
5549		
5550		
5551		
5552		
5553		
5554		
5555		
5556		
5557		
5558		
5559		
5560		
5561		
5562		
5563		
5564		
5565		
5566		
5567		
5568		
5569		
