3176	-.567
865	-.468
3172	-.96
2599	-.254
288	.051
866	-.337
863	-.483
2595	-.288
286	-.157
284	-.163
3173	-.651
3177	-.362
862	-.359
864	-.809
2600	-.851
2596	.294
285	.257
3174	.261
3178	-.645
287	-.318
2597	-1.065
283	-.044
3175	-.621
2598	-.714
861	-.279
554	1.471
1132	
555	
1133	
556	
1134	
557	1.471
1135	2.056
558	
1136	
559	
1137	
1421	-.114
1710	
1999	
2288	
1422	
1711	1.056
2000	
2289	
1423	
1712	1.471
2001	
2290	
1424	
1713	
2002	
2291	
1425	
1714	
2003	
2292	
1426	
1715	
2004	
2293	-.529
2866	
3444	1.471
2867	
3445	
2868	
3446	
2869	
3447	
2870	
3448	
2871	
3449	
3733	
4022	
4311	
4600	.471
3734	
4023	1.056
4312	
4601	
3735	
4024	
4313	
4602	
3736	
4025	
4314	-.858
4603	
3737	
4026	
4315	
4604	
3738	
4027	
4316	
4605	
560	
1138	
561	2.056
1139	
562	-.529
1140	-1.114
563	
1141	
564	
1142	
565	
1143	
1427	
1716	
2005	
2294	
1428	
1717	
2006	
2295	1.471
1429	
1718	
2007	
2296	
1430	.471
1719	
2008	
2297	-.015
1431	
1720	
2009	
2298	
1432	
1721	
2010	
2299	
2872	
3450	
2873	
3451	
2874	
3452	
2875	
3453	
2876	
3454	
2877	
3455	
3739	
4028	
4317	
4606	
3740	-1.529
4029	
4318	
4607	-1.114
3741	
4030	
4319	
4608	
3742	-.266
4031	
4320	
4609	
3743	
4032	
4321	
4610	
3744	
4033	
4322	
4611	
566	
1144	
567	
1145	
568	
1146	
569	
1147	
570	
1148	
571	
1149	
1433	
1722	
2011	
2300	
1434	
1723	
2012	
2301	1.056
1435	.471
1724	
2013	
2302	
1436	
1725	.471
2014	
2303	
1437	
1726	.886
2015	.471
2304	.471
1438	2.056
1727	
2016	
2305	
2878	
3456	
2879	
3457	
2880	
3458	
2881	
3459	.471
2882	
3460	
2883	
3461	
3745	
4034	
4323	
4612	
3746	
4035	
4324	.471
4613	
3747	
4036	
4325	
4614	
3748	2.056
4037	
4326	.886
4615	
3749	
4038	
4327	
4616	
3750	
4039	
4328	
4617	
572	
1150	
573	
1151	-.529
574	
1152	.471
575	
1153	
576	
1154	
577	
1155	
1439	
1728	
2017	
2306	
1440	
1729	
2018	.471
2307	
1441	1.056
1730	1.471
2019	
2308	
1442	
1731	
2020	
2309	
1443	
1732	
2021	
2310	
1444	
1733	1.056
2022	1.056
2311	.471
2884	
3462	
2885	
3463	
2886	
3464	
2887	.471
3465	-.851
2888	
3466	
2889	1.471
3467	
3751	
4040	
4329	
4618	
3752	
4041	
4330	
4619	
3753	
4042	
4331	
4620	
3754	
4043	.471
4332	
4621	
3755	
4044	
4333	
4622	
3756	
4045	-1.944
4334	
4623	
2571	.136
3149	-.491
2572	1.227
3150	-.435
2573	-.307
3151	.06
2574	-.148
3152	-.386
2575	-.384
3153	.149
2576	-.332
3154	-.082
530	.413
1108	.131
531	.304
1109	.484
852	.291
532	.288
1110	-.307
533	.626
1111	-1.076
534	.117
275	.117
1112	.131
535	.139
853	-.102
1113	.872
2594	.106
2842	-.149
3420	-.154
2843	-.692
3421	-.295
2844	-.148
3422	-.114
2845	.011
3423	.19
2846	-.005
276	.523
3424	.054
2847	-.039
3425	.382
536	.159
1114	.101
537	.084
1115	-.316
538	.071
1116	.052
539	.149
1117	-.307
540	.195
1118	.08
541	-.953
1119	-.077
2848	.335
854	.287
2583	.417
3426	-.224
2849	-.307
3427	.108
2850	.045
3428	-.157
2851	1.161
3429	-1.529
2852	.204
3161	-.069
3430	-.011
2853	-.03
3431	.411
542	-.114
1120	-.33
543	.042
1121	-.337
2584	-.109
544	.452
1122	1.812
545	.537
1123	.015
546	.201
1124	-1.133
547	-1.126
1125	.591
2854	-.998
3162	.353
3432	.121
2855	.333
3433	-1.181
2856	-.008
3434	.237
2857	-.008
3435	.642
2858	-.512
3436	-.023
2859	.94
3437	-.023
548	.001
2585	.219
1126	.28
549	.092
1127	-.128
3163	.291
550	.371
1128	.313
551	.302
1129	-.165
552	.572
1130	.04
553	.693
1131	.808
2860	-.407
3438	.525
2861	-.03
3439	-.078
2862	.039
3440	-.053
2863	-.328
3441	.471
2864	.108
3442	-.303
2865	-.944
3443	-.263
1686	.008
2264	.017
1687	-.072
2265	.211
1688	.09
2266	.061
1689	.492
2267	1.287
1690	.268
2268	-.201
1691	.133
2269	-.375
3998	.093
4576	-1.114
2586	-.288
3999	-.162
4577	.572
4000	1.146
4578	-.788
4001	-.091
3164	-.046
4579	-.631
4002	.786
4580	.625
4003	.445
4581	-.032
1692	.203
2270	-.414
2587	-.428
1693	.149
2271	.072
1694	-.696
3165	.01
2272	-.86
1695	-.173
2273	.509
2588	-.034
1696	.288
2274	.12
1697	-.028
2275	-.359
4004	-.326
4582	-.292
4005	-.298
4583	-.33
4006	.464
3166	.186
4584	-3.053
4007	.03
4585	-.756
4008	-.011
4586	-.665
4009	-.277
4587	-.209
1698	.026
2276	-.044
1699	1.015
2277	-1.989
1700	.02
2278	
277	.217
1701	.048
2279	-.288
1702	.204
2280	.361
855	.033
1703	.108
278	.39
2281	.035
4010	-.1
4588	-.166
856	.518
4011	.674
4589	.325
279	1.056
4012	.115
4590	-.093
4013	.131
4591	-.076
4014	-.093
4592	-1.114
857	.186
4015	.435
4593	.259
1704	.035
2282	.063
1705	.035
2283	.078
1706	.41
2284	.189
1707	.23
280	.604
2285	.16
1708	-.447
2286	-.23
1709	-.19
2287	1.01
4016	-.078
4594	-1.962
858	.097
4017	-.027
4595	-.114
4018	.367
4596	.657
4019	-.055
4597	-.255
4020	-.092
4598	-.44
4021	-.699
4599	-1.273
1397	-.016
1975	-.071
1398	.017
1976	.385
1399	.533
1977	-.126
1400	.021
1978	.24
1401	-.171
1979	-.109
1402	-.861
1980	-.455
3709	
4287	-.078
3710	-.139
4288	-.213
3711	-.099
281	.588
4289	.233
3712	-.266
859	-.196
4290	-.17
3713	.525
4291	.171
282	.241
3714	.471
4292	-.269
1403	.086
1981	.098
1404	-.165
1982	-.057
1405	.356
1983	-.242
860	-.06
1406	.255
1984	.525
1407	.492
1985	-.086
1408	.383
1986	.355
3715	-.722
4293	-.329
3716	-.307
2589	-.095
4294	-.223
3717	.203
4295	-.305
3718	.116
4296	-.13
3719	.196
4297	.103
3720	-.135
4298	.255
1409	.195
1987	1.241
1410	.359
1988	.031
1411	.176
1989	2.569
1412	.541
1990	-.001
1413	.018
3167	.529
1991	.543
1414	-.051
1992	.348
3721	-.414
4299	-.002
3722	.404
4300	.734
3723	2.541
4301	.144
3724	-.015
4302	.534
3725	-.251
4303	-.809
3726	
4304	.145
1415	1.287
1993	.731
1416	.401
1994	-.042
1417	.619
1995	.659
1418	-.146
1996	.158
1419	.564
1997	.278
1420	.056
1998	.155
3727	.132
2590	-.281
4305	.112
3728	-.108
4306	-.212
3729	-.202
4307	.333
3730	-.225
4308	.065
3731	-.783
4309	.743
3732	
4310	.072
265	.291
843	-.951
266	.434
844	.123
3168	.176
2591	.069
267	-.209
845	1.521
268	-.234
846	-.141
269	.03
847	.274
270	1.435
848	.119
2577	1.716
3169	1.585
3155	-.221
2578	-.137
2592	-.224
3170	.245
3156	-.032
2593	-.672
2579	-.211
3157	-1.391
2580	.255
3158	-.216
2581	.502
3159	-.387
2582	.44
3160	-.506
271	.091
849	.772
272	.193
850	-.086
273	.174
3171	.254
851	-.35
274	.221
1	.23
579	-.511
2	-1.722
580	.648
3	.183
581	-.423
4	-.694
582	.505
5	.066
583	-.046
6	-.042
584	-.147
2313	.235
2891	-.445
2314	-.077
2892	-.196
2315	-.491
2893	.063
2316	-.108
2894	.34
2317	-.084
2895	-.404
2318	-.431
2896	-.822
7	-.529
585	.442
8	.713
586	
9	.203
587	.158
10	.373
588	-.155
11	-.529
589	-.167
12	-.285
590	-.159
2319	-.217
2897	.144
2320	-.186
2898	-.597
2321	-.054
2899	-.566
2322	-.185
2900	-.197
2323	-.613
2901	-.817
2324	.084
2902	-.086
13	.131
591	-.21
14	-.562
592	-.155
15	1.203
593	.492
16	.173
594	-.186
17	-1.193
595	-1.269
18	-.385
596	-.059
2325	.095
2903	-.197
2326	-.547
2904	.69
2327	.342
2905	-.157
2328	-.377
2906	.213
2329	-.288
2907	.094
2330	-.057
2908	-.069
19	-.241
597	.087
20	.049
598	.188
21	.154
599	-.13
22	2.196
600	1.724
23	1.506
601	1.331
24	.33
602	-.089
2331	.443
2909	.102
2332	.255
2910	.234
2333	.005
2911	-.023
2334	-.198
2912	.197
2335	-.037
2913	.24
2336	-.036
2914	-.687
290	-.011
868	-.273
291	-.032
869	.071
292	-.092
870	-.077
293	-.157
871	.106
294	-.44
872	-.588
295	-.179
873	-.254
2602	-.053
3180	-.418
2603	-.761
3181	-1.038
2604	-.731
3182	-.908
2605	-.596
3183	.172
2606	-.072
3184	-.39
2607	.252
3185	-.047
296	-.221
874	-.092
297	.078
875	.216
298	.228
876	-.097
299	-.315
877	-.266
300	-1.258
878	-.042
301	.154
879	.346
2608	-.631
3186	-.122
2609	.257
3187	-.385
2610	1.169
3188	-.207
2611	-.258
3189	-.095
2612	-.18
3190	-.475
2613	-.509
3191	-.712
302	.078
880	-.712
303	-.619
881	-.224
304	-.009
882	.065
305	.208
883	-.483
306	.141
884	-.246
307	.113
885	-.135
2614	-1.06
3192	-.764
2615	.004
3193	
2616	-.613
3194	
2617	.164
3195	-.002
2618	.134
3196	-1.085
2619	-.276
3197	-.634
308	-.963
886	-1.71
309	-.9
887	-.94
310	-.79
888	-1.462
311	.346
889	-.153
312	-.079
890	-.329
313	-1.128
891	-.307
2620	-.242
3198	-.473
2621	-.757
3199	-.487
2622	-.377
3200	.208
2623	-.304
3201	.136
2624	.26
3202	1.6
2625	-.22
3203	-.262
1446	-1.436
2024	-1.539
1447	-.998
2025	-1.131
1448	.548
2026	.146
1449	-.181
2027	.115
1450	.985
2028	-.162
1451	-.08
2029	-.295
3758	.248
4336	.888
3759	-.139
4337	-.19
3760	-.198
4338	-.097
3761	-.26
4339	-.895
3762	-1.047
4340	-.228
3763	-.425
4341	-1.312
1452	.513
2030	.019
1453	-.266
2031	-.212
1454	.449
2032	-.513
1455	-.188
2033	-.095
1456	-.001
2034	.163
1457	-.251
2035	.484
3764	-.459
4342	-.974
3765	-.237
4343	.133
3766	-.418
4344	-.273
3767	.169
4345	-.478
3768	.452
4346	-.346
3769	.555
4347	-1.266
1458	-.151
2036	-.371
1459	-.363
2037	.395
1460	-.599
2038	.154
1461	.14
2039	-.498
1462	.233
2040	-.082
1463	-.114
2041	.454
3770	-.114
4348	1.174
3771	1.292
4349	.631
3772	.611
4350	-.383
3773	-.027
4351	-1.629
3774	-.46
4352	-.271
3775	-.202
4353	-.803
1464	.21
2042	-.169
1465	.224
2043	-.228
1466	-.159
2044	.134
1467	.583
2045	-.678
1468	.248
2046	-.058
1469	-.273
2047	.11
3776	-.089
4354	.087
3777	-.032
4355	-.155
3778	-.015
4356	.488
3779	-.261
4357	-.167
3780	-.706
4358	-1.22
3781	-.131
4359	.416
1157	-1.162
1735	-.605
1158	-.16
1736	-.138
1159	.432
1737	.521
1160	-.108
1738	-.127
1161	.33
1739	-.231
1162	-.278
1740	.204
3469	-.743
4047	-.26
3470	-.257
4048	-.579
3471	-.357
4049	-.693
3472	.02
4050	.312
3473	-.175
4051	-.054
3474	-.354
4052	-.505
1163	-.412
1741	-.18
1164	.358
1742	-.409
1165	-.43
1743	-.387
1166	.016
1744	-.301
1167	-.55
1745	-.695
1168	-.364
1746	-.507
3475	-.416
4053	.028
3476	-.693
4054	.719
3477	.266
4055	.324
3478	-.506
4056	-.592
3479	.035
4057	
3480	-.14
4058	-.03
1169	-.317
1747	-.153
1170	-.655
1748	.182
1171	-.02
1749	-.6
1172	-1.387
1750	-1.082
1173	-.19
1751	.288
1174	1.184
1752	.231
3481	-.273
4059	-.299
3482	-.015
4060	-.239
3483	-.189
4061	-.592
3484	-.261
4062	.278
3485	-.386
4063	-.174
3486	-.44
4064	-.285
1175	-.122
1753	.267
1176	.097
1754	.626
1177	-.165
1755	-.617
1178	.05
1756	.037
1179	-.493
1757	-.095
1180	1.308
1758	-.293
3487	.112
4065	-.035
3488	.121
4066	-.659
3489	-.266
4067	-.341
3490	-.438
4068	-1.33
3491	-.906
4069	-1.026
3492	-.22
4070	-1.118
25	.199
603	-.001
26	.311
604	.387
27	-.1
605	-.784
28	.206
606	.583
29	-.496
607	-.057
30	-.266
608	-.291
2337	.412
2915	-.138
2338	.178
2916	.17
2339	.075
2917	-.32
2340	.347
2918	-1.371
2341	-1.257
2919	-.318
2342	.237
2920	-.388
31	-.298
609	.355
32	.72
610	.701
33	.306
611	-.044
34	.056
612	-.311
35	-.072
613	.123
36	.399
614	.471
2343	-.231
2921	-.176
2344	.047
2922	.04
2345	.018
2923	.493
2346	-.17
2924	-.107
2347	.031
2925	-1.157
2348	-.26
2926	-.114
37	-.167
615	.217
38	.118
616	.04
39	-.224
617	
40	.599
618	.598
41	.239
619	.705
42	.278
620	.007
2349	-.048
2927	-.255
2350	.031
2928	.056
2351	-.286
2929	.049
2352	-.114
2930	.208
2353	-.394
2931	.009
2354	-.006
2932	-.344
43	.369
621	.208
44	.062
622	.315
45	.127
623	-.094
46	.356
624	-.108
47	.225
625	-.153
48	-.025
626	.171
2355	-.29
2933	.023
2356	.883
2934	-.015
2357	.039
2935	1.03
2358	.366
2936	.755
2359	.688
2937	.507
2360	-.566
2938	.967
314	-.295
892	-.37
315	.727
893	-.109
316	-.033
894	-.02
317	.069
895	-.015
318	-.1
896	.575
319	.118
897	-.187
2626	-.203
3204	-.363
2627	.113
3205	-.198
2628	-.136
3206	-.767
2629	-.342
3207	-.626
2630	1.026
3208	.156
2631	-.296
3209	-.365
320	.245
898	-.224
321	-.298
899	-.434
322	.128
900	-.955
323	-.105
901	-1.483
324	.13
902	-.21
325	-.276
903	-.386
2632	-.318
3210	-1.851
2633	-.29
3211	1.056
2634	-.201
3212	-.752
2635	-.055
3213	-2.529
2636	-.242
3214	.213
2637	-.281
3215	-.433
326	.168
904	.127
327	-.254
905	.115
328	-.09
906	.325
329	.729
907	-.312
330	.353
908	.094
331	-.051
909	-.125
2638	-.486
3216	-.418
2639	.016
3217	-.248
2640	-.102
3218	-.517
2641	.067
3219	-.081
2642	.505
3220	1.07
2643	.066
3221	.315
332	-.012
910	-.29
333	.06
911	-.261
334	.257
912	.099
335	.593
913	-.829
336	.357
914	.423
337	.655
915	-.805
2644	-.151
3222	-.236
2645	-.204
3223	-.086
2646	2.977
3224	2.262
2647	.999
3225	1.43
2648	.349
3226	1.056
2649	.933
3227	-1.279
1470	-.041
2048	-.321
1471	.007
2049	.088
1472	.484
2050	.494
1473	.007
2051	.175
1474	.048
2052	.302
1475	.229
2053	-.111
3782	-.587
4360	-.106
3783	.193
4361	-.316
3784	.805
4362	-.333
3785	-.558
4363	-1.259
3786	-.253
4364	-1.015
3787	-.321
4365	-.547
1476	-.554
2054	.203
1477	-.207
2055	.171
1478	-.049
2056	-.147
1479	-.321
2057	-1.478
1480	-.889
2058	-1.78
1481	-1.208
2059	-1.406
3788	-2.023
4366	-1.773
3789	-.328
4367	-.181
3790	-.092
4368	.401
3791	.035
4369	-.125
3792	-.278
4370	-.555
3793	.152
4371	-.474
1482	-.516
2060	-.933
1483	-1.223
2061	.77
1484	-.028
2062	-.015
1485	.039
2063	-.301
1486	-.114
2064	-.062
1487	-.081
2065	-.215
3794	-.354
4372	-.522
3795	-.29
4373	-.233
3796	-.152
4374	-.464
3797	.195
4375	-.131
3798	-.311
4376	.228
3799	-.465
4377	-.099
1488	-.022
2066	-.214
1489	.283
2067	.816
1490	.437
2068	.72
1491	.735
2069	1.327
1492	1.497
2070	.155
1493	.06
2071	.311
3800	.236
4378	.116
3801	-.147
4379	-.846
3802	-.054
4380	-.48
3803	-.049
4381	-.5
3804	-.036
4382	-.207
3805	.284
4383	-1.038
1181	-.337
1759	.22
1182	.517
1760	-.149
1183	-1.047
1761	-.72
1184	-.048
1762	-.204
1185	-.366
1763	.919
1186	-.688
1764	-.179
3493	-.249
4071	-.48
3494	-.192
4072	-.246
3495	-.622
4073	-.024
3496	-.07
4074	-.114
3497	-.786
4075	-.698
3498	-.505
4076	-.622
1187	.205
1765	.021
1188	-.172
1766	-.324
1189	-.122
1767	-.253
1190	-.1
1768	-.509
1191	-.502
1769	-.124
1192	.181
1770	.331
3499	-.35
4077	.116
3500	.184
4078	-.205
3501	-.253
4079	-.12
3502	.171
4080	-.303
3503	-.381
4081	-.359
3504	.45
4082	.073
1193	-.188
1771	-.711
1194	-.299
1772	.163
1195	-.167
1773	-.266
1196	-.337
1774	-.037
1197	.619
1775	.325
1198	.448
1776	-.088
3505	.096
4083	.461
3506	.431
4084	.452
3507	-.474
4085	-1.777
3508	-.046
4086	-.124
3509	-.04
4087	.025
3510	-.3
4088	.389
1199	-.311
1777	-.382
1200	-.417
1778	-1.213
1201	-.099
1779	.471
1202	-.236
1780	.347
1203	.448
1781	-.331
1204	-.49
1782	-.452
3511	-.367
4089	.263
3512	-.207
4090	.393
3513	-.493
4091	-.015
3514	-.439
4092	-.419
3515	.085
4093	.15
3516	.192
4094	-.347
49	-.254
627	-.108
50	.004
628	-.489
51	-.331
629	-.137
52	.123
630	.227
53	-.142
631	-.337
54	.08
632	-.273
2361	-.032
2939	-.328
2362	-.337
2940	-.067
2363	-.569
2941	-.002
2364	-.057
2942	.651
2365	-.008
2943	.354
2366	.596
2944	.734
55	.141
633	-.337
56	.046
634	.122
57	.217
635	-.118
58	-.302
636	.138
59	-.017
637	.046
60	-.426
638	.415
2367	.979
2945	.149
2368	-.077
2946	-.096
2369	.186
2947	.714
2370	.023
2948	.135
2371	.371
2949	-.514
2372	-.529
2950	-.068
61	-.221
639	.422
62	-.028
640	.156
63	.017
641	-.214
64	.717
642	.002
65	-.03
643	.984
66	-.032
644	-.422
2373	-.434
2951	.056
2374	.177
2952	.151
2375	.036
2953	.834
2376	.353
2954	-.109
2377	-.167
2955	-.083
2378	.127
2956	.048
67	1.16
645	-.201
68	-.266
646	-.037
69	-.29
647	1.615
70	2.477
648	1.77
71	.719
649	.767
72	.158
650	.471
2379	.323
2957	.354
2380	.296
2958	.047
2381	.471
2959	-.017
2382	-.101
2960	.021
2383	-.501
2961	.638
2384	-.036
2962	.825
338	.1
916	-.159
339	.041
917	-.501
340	-.048
918	-.003
341	.128
919	.539
342	.25
920	.509
343	-.026
921	-.283
2650	.452
3228	1.122
2651	-.28
3229	-1.366
2652	.313
3230	-1.425
2653	-.756
3231	.464
2654	.825
3232	.341
2655	.09
3233	-.61
344	.044
922	-.355
345	.062
923	-.05
346	.108
924	-.574
347	-.1
925	-.043
348	.077
926	.979
349	.192
927	.085
2656	.028
3234	-.001
2657	.056
3235	-.384
2658	.158
3236	.538
2659	-.304
3237	-.851
2660	1.355
3238	.409
2661	-.164
3239	-.649
350	-.079
928	.03
351	-.004
929	.137
352	.389
930	-.192
353	.212
931	.214
354	.569
932	.641
355	.183
933	-.549
2662	-.252
3240	-.086
2663	-.465
3241	.136
2664	-.044
3242	-.205
2665	.561
3243	.805
2666	.144
3244	-.913
2667	-.353
3245	-1.76
356	-.174
934	.081
357	-.083
935	.178
358	.227
936	.294
359	.095
937	.143
360	.067
938	.439
361	-.296
939	.011
2668	-.284
3246	
2669	.077
3247	-.561
2670	.145
3248	-.042
2671	-.08
3249	.156
2672	.03
3250	.077
2673	-.157
3251	-.26
1494	.509
2072	-3.387
1495	-.015
2073	-.404
1496	.001
2074	-.358
1497	.449
2075	.047
1498	-1.221
2076	-1.966
1499	-.032
2077	.908
3806	-.655
4384	-.519
3807	-.253
4385	.136
3808	1.471
4386	-.529
3809	.056
4387	-1.342
3810	.048
4388	-.639
3811	-.613
4389	.01
1500	.486
2078	.256
1501	-.102
2079	-.056
1502	.471
2080	.357
1503	-.224
2081	.571
1504	-.252
2082	-.153
1505	.189
2083	-.203
3812	.2
4390	-.224
3813	-.442
4391	.339
3814	-.26
4392	-.67
3815	-.442
4393	.205
3816	-.401
4394	-.071
3817	-.107
4395	-.731
1506	.281
2084	-.234
1507	-.48
2085	-.44
1508	-.025
2086	.328
1509	.022
2087	-.046
1510	-.355
2088	-1.041
1511	-.304
2089	-.832
3818	1.162
4396	-.128
3819	-.093
4397	-.418
3820	-.185
4398	-.588
3821	-.125
4399	-1.851
3822	-.567
4400	-.667
3823	.663
4401	-4.173
1512	.259
2090	-2.371
1513	-.371
2091	-1.717
1514	-.133
2092	-.337
1515	.55
2093	.536
1516	.108
2094	.025
1517	.157
2095	.164
3824	.423
4402	-.148
3825	.233
4403	-.181
3826	-.246
4404	-.455
3827	-.055
4405	-.278
3828	.188
4406	.595
3829	.202
4407	.705
1205	-.877
1783	-.739
1206	-.044
1784	-.809
1207	-.318
1785	-.922
1208	-1.007
1786	.159
1209	-.829
1787	-.236
1210	-.607
1788	-.612
3517	.056
4095	-.693
3518	-1.307
4096	.366
3519	-.513
4097	-1.529
3520	-.034
4098	-1.266
3521	-.219
4099	-1.015
3522	-1.529
4100	-.529
1211	.189
1789	-.752
1212	-.851
1790	-.962
1213	.069
1791	-.687
1214	-.636
1792	-.404
1215	-.415
1793	-1.024
1216	-.875
1794	.085
3523	-.591
4101	-.246
3524	-.107
4102	.021
3525	1.01
4103	-.006
3526	-.28
4104	.118
3527	-.92
4105	
3528	.171
4106	-.085
1217	-.148
1795	.056
1218	-.032
1796	-.48
1219	.274
1797	.082
1220	1.086
1798	.224
1221	-.141
1799	.418
1222	-.008
1800	.141
3529	-1.114
4107	-.377
3530	-1.414
4108	-.359
3531	-.676
4109	-.185
3532	-.05
4110	.261
3533	-.284
4111	-.832
3534	-.072
4112	-.147
1223	-.079
1801	-.157
1224	-.02
1802	-.825
1225	-.999
1803	-.818
1226	.151
1804	.388
1227	.815
1805	.492
1228	.199
1806	.065
3535	-.216
4113	.542
3536	-.116
4114	-.328
3537	-.052
4115	-.207
3538	-.377
4116	-.079
3539	-.114
4117	.654
3540	.178
4118	.092
73	-.167
651	.226
74	.369
652	.587
75	-.37
653	-.041
76	.025
654	-.023
77	.416
655	-.028
78	-.102
656	-.752
2385	-.4
2963	-.349
2386	.455
2964	2.44
2387	1.611
2965	-.118
2388	-.667
2966	.088
2389	-.152
2967	.687
2390	.483
2968	.935
79	.518
657	.301
80	-.129
658	-.412
81	-.16
659	-1.283
82	-.627
660	-1.025
83	-1.055
661	.052
84	.115
662	.16
2391	.171
2969	-.254
2392	-.563
2970	.334
2393	.003
2971	1.551
2394	.214
2972	-.568
2395	-1.004
2973	-.936
2396	-.029
2974	-.121
85	.049
663	.403
86	.018
664	-.018
87	.048
665	.995
88	.328
666	-.007
89	.372
667	.287
90	.426
668	.343
2397	.203
2975	-.088
2398	-.404
2976	-.563
2399	.168
2977	.284
2400	-.234
2978	.151
2401	.097
2979	.039
2402	.107
2980	.168
91	.752
669	.119
92	.536
670	.253
93	.496
671	.213
94	-.535
672	-.195
95	-.219
673	.194
96	.047
674	-.044
2403	-.412
2981	-.293
2404	.086
2982	-.328
2405	-.61
2983	-.202
2406	-.006
2984	.276
2407	.557
2985	.146
2408	.157
2986	.213
362	-.243
940	.191
363	-.975
941	-1.207
364	.167
942	-.179
365	.156
943	-.046
366	.765
944	.659
367	.063
945	-.276
2674	.335
3252	.294
2675	-.248
3253	.208
2676	.288
3254	-.282
2677	.173
3255	-.259
2678	-.005
3256	-.145
2679	-.335
3257	-.944
368	-.221
946	.391
369	.328
947	-.213
370	-.297
948	-.575
371	-.159
949	-1.162
372	-.763
950	-.28
373	.154
951	-.629
2680	1.6
3258	-.071
2681	-.032
3259	.139
2682	.056
3260	-.194
2683	.011
3261	.163
2684	.039
3262	-1.09
2685	-.202
3263	-2.815
374	.56
952	-.005
375	-.088
953	.399
376	.248
954	-.127
377	.848
955	.255
378	.01
956	.035
379	-.114
957	-.29
2686	-.779
3264	-2.133
2687	-1.593
3265	-.632
2688	-.055
3266	.084
2689	-.801
3267	-.091
2690	.086
3268	-.192
2691	-.321
3269	-.139
380	.402
958	.164
381	-.035
959	.222
382	.452
960	.343
383	1.177
961	-.272
384	.495
962	.218
385	.429
963	.345
2692	-.309
3270	-.198
2693	-.075
3271	-.102
2694	-.333
3272	-.571
2695	.265
3273	-.226
2696	.051
3274	-.036
2697	.471
3275	.505
1518	-.383
2096	.246
1519	.154
2097	-.546
1520	-.554
2098	-.193
1521	-.21
2099	-.411
1522	.159
2100	.556
1523	.613
2101	-.121
3830	-.018
4408	-.529
3831	-.075
4409	-.385
3832	-.506
4410	-.425
3833	-.198
4411	.018
3834	-.412
4412	-.624
3835	.115
4413	-.93
1524	-.633
2102	-1.565
1525	-.23
2103	.117
1526	-.151
2104	.181
1527	.943
2105	.354
1528	.667
2106	-.711
1529	.93
2107	-.781
3836	-1.61
4414	-2.277
3837	.075
4415	-.047
3838	-.042
4416	-.261
3839	.688
4417	-.25
3840	.149
4418	.031
3841	-.001
4419	.399
1530	-.025
2108	-1.414
1531	.32
2109	.239
1532	.562
2110	.314
1533	-.359
2111	-.31
1534	-.515
2112	-.049
1535	.103
2113	.021
3842	.3
4420	-.869
3843	-.06
4421	-.425
3844	-.645
4422	-.588
3845	-.337
4423	-.342
3846	-.382
4424	-.276
3847	-.077
4425	-.172
1536	-.054
2114	-.574
1537	-.328
2115	.204
1538	-.128
2116	.129
1539	-.173
2117	.153
1540	.048
2118	-.293
1541	-.266
2119	-.575
3848	-.436
4426	-.192
3849	-.302
4427	-.074
3850	.03
4428	.046
3851	-.47
4429	.116
3852	.248
4430	-.58
3853	.183
4431	-.569
1229	-.283
1807	.134
1230	-.015
1808	-.645
1231	-.082
1809	-.084
1232	-.136
1810	.114
1233	-.098
1811	-.198
1234	-.411
1812	-.345
3541	-.432
4119	-.133
3542	-.357
4120	.426
3543	.422
4121	-.209
3544	-.037
4122	.471
3545	.689
4123	.566
3546	.089
4124	.192
1235	.165
1813	.374
1236	-.281
1814	-.114
1237	.471
1815	.22
1238	1
1816	1.513
1239	.456
1817	-.001
1240	.896
1818	.176
3547	-.312
4125	-.212
3548	-.373
4126	-.109
3549	-.087
4127	-1.226
3550	-1.42
4128	-.49
3551	.2
4129	.363
3552	.112
4130	-.039
1241	-.06
1819	-.063
1242	.32
1820	-.767
1243	-.515
1821	-.856
1244	-.318
1822	-.56
1245	.098
1823	.882
1246	.643
1824	.804
3553	.751
4131	-.248
3554	-.194
4132	.038
3555	.358
4133	-.328
3556	.342
4134	-.082
3557	-.09
4135	-.055
3558	.307
4136	-.054
1247	.278
1825	.388
1248	.271
1826	.793
1249	.173
1827	.017
1250	.085
1828	.149
1251	-.24
1829	-.261
1252	-.385
1830	.035
3559	-.042
4137	.154
3560	-.422
4138	.349
3561	-.145
4139	
3562	-1.105
4140	-.177
3563	-.89
4141	-.653
3564	.376
4142	.038
97	.052
675	-.089
98	.154
676	.556
99	-.041
677	.607
100	.053
678	-.431
101	-.307
679	-.02
102	-.696
680	.582
2409	-.444
2987	-.667
2410	-.268
2988	-.186
2411	-.286
2989	-.089
2412	-.192
2990	.241
2413	-.316
2991	.379
2414	.116
2992	.153
103	.02
681	-.134
104	-.176
682	-.337
105	.062
683	-1.664
106	.231
684	-.01
107	-.278
685	.133
108	.22
686	.431
2415	.056
2993	.645
2416	-.035
2994	.31
2417	-.053
2995	-.133
2418	-.067
2996	.025
2419	.234
2997	-.039
2420	-.035
2998	.873
109	.543
687	.801
110	.833
688	.413
111	.36
689	0
112	-.204
690	.408
113	.697
691	.679
114	.7
692	.362
2421	.497
2999	.586
2422	.408
3000	.59
2423	.29
3001	.222
2424	-.125
3002	-.167
2425	.251
3003	-.204
2426	-.156
3004	.168
115	.33
693	.061
116	-.425
694	-.449
117	-.443
695	-1.23
118	.223
696	.132
119	.549
697	.015
120	.149
698	.268
2427	.429
3005	.744
2428	1.227
3006	-.219
2429	.045
3007	-.412
2430	.721
3008	1
2431	.011
3009	.145
2432	-.072
3010	-.389
386	.352
964	.082
387	.445
965	.244
388	.535
966	.1
389	-.883
967	-.237
390	-.215
968	-.102
391	-.159
969	-.394
2698	.413
3276	-.349
2699	.44
3277	-.505
2700	.458
3278	-.733
2701	.036
3279	-.077
2702	.126
3280	-.97
2703	.092
3281	-2.899
392	-.015
970	-.139
393	-.496
971	.527
394	.065
972	-.3
395	-.569
973	-.03
396	-.565
974	-.398
397	-.114
975	-.266
2704	-.246
3282	.771
2705	.689
3283	-.512
2706	-.114
3284	.052
2707	.364
3285	-.297
2708	-.293
3286	.064
2709	-.931
3287	-.439
398	.008
976	.353
399	-.101
977	.002
400	.083
978	-.291
401	-.155
979	-.369
402	-.414
980	-1.661
403	.038
981	-.661
2710	-.105
3288	-.312
2711	-.396
3289	-.699
2712	-1.949
3290	-1.892
2713	-.936
3291	-.554
2714	-.792
3292	.152
2715	.494
3293	-.567
404	.201
982	.711
405	.6
983	-.486
406	-.121
984	-.372
407	-.124
985	-1.114
408	-.093
986	
409	-.154
987	-.141
2716	-.188
3294	-.883
2717	-.464
3295	-1.607
2718	-.447
3296	-.875
2719	-.655
3297	.558
2720	.38
3298	
2721	.239
3299	-.198
1542	-.453
2120	.563
1543	.384
2121	.305
1544	.337
2122	-.566
1545	1.335
2123	.136
1546	-.153
2124	-.529
1547	-.154
2125	-.518
3854	-.003
4432	.234
3855	-.085
4433	.613
3856	-.263
4434	-.572
3857	.283
4435	.351
3858	1.025
4436	.493
3859	-.057
4437	-.419
1548	.006
2126	-.032
1549	-.114
2127	-.021
1550	.162
2128	.484
1551	.417
2129	.119
1552	.083
2130	.348
1553	-.302
2131	-.745
3860	-.085
4438	.072
3861	.073
4439	.408
3862	-.185
4440	-.377
3863	.066
4441	-.074
3864	.371
4442	.129
3865	-.058
4443	-.432
1554	.333
2132	.492
1555	.602
2133	.021
1556	.426
2134	.286
1557	.21
2135	.013
1558	-.381
2136	-1.206
1559	-1.055
2137	-3.739
3866	-.529
4444	-.837
3867	.231
4445	-.173
3868	.177
4446	-.133
3869	.14
4447	.251
3870	.299
4448	.623
3871	.719
4449	-1.142
1560	.55
2138	.577
1561	-.147
2139	.613
1562	.237
2140	-.181
1563	-.109
2141	.399
1564	-.192
2142	.624
1565	.246
2143	-.246
3872	.348
4450	.503
3873	.382
4451	-.404
3874	-.009
4452	-.087
3875	.341
4453	-.699
3876	-.127
4454	-.214
3877	.007
4455	-.358
1253	.105
1831	-.266
1254	.016
1832	.449
1255	1.866
1833	.422
1256	.345
1834	.793
1257	.861
1835	3.097
1258	.49
1836	.751
3565	-.048
4143	-.091
3566	-.286
4144	.174
3567	-.185
4145	-.007
3568	-.185
4146	.095
3569	.51
4147	1.257
3570	-.444
4148	-.2
1259	.113
1837	-1.114
1260	-.355
1838	.202
1261	.082
1839	.092
1262	.231
1840	.689
1263	.046
1841	-.186
1264	.04
1842	.01
3571	-.711
4149	-.046
3572	-.207
4150	-.361
3573	-.492
4151	-.647
3574	-.629
4152	-.685
3575	-.181
4153	-.529
3576	.134
4154	-.01
1265	.011
1843	.547
1266	.455
1844	-.418
1267	.213
1845	.544
1268	.252
1846	.112
1269	.202
1847	.056
1270	-.446
1848	-.248
3577	1.112
4155	-.834
3578	-.64
4156	-.89
3579	-1.087
4157	-.108
3580	-.447
4158	-.127
3581	-1.044
4159	-.51
3582	-.331
4160	.139
1271	-.162
1849	-.244
1272	-.404
1850	-.529
1273	.007
1851	1.225
1274	-.001
1852	-.148
1275	-.073
1853	-.575
1276	.061
1854	1.707
3583	3.386
4161	.301
3584	-1.099
4162	-.996
3585	.339
4163	.001
3586	-.567
4164	-.46
3587	.416
4165	-.384
3588	-.464
4166	-.303
121	-.065
699	.667
122	.309
700	.195
123	.421
701	.24
124	.112
702	.348
125	1.576
703	.158
126	.089
704	-.324
2433	0
3011	-.181
2434	.042
3012	.214
2435	-.43
3013	-.075
2436	.134
3014	-.012
2437	-.123
3015	.705
2438	.801
3016	-.203
127	.395
705	.16
128	.043
706	.435
129	.199
707	1.368
130	.433
708	.313
131	.158
709	.504
132	1.026
710	.186
2439	.134
3017	.03
2440	.383
3018	.092
2441	-.114
3019	-.114
2442	-.096
3020	.228
2443	-.323
3021	-.256
2444	-1.198
3022	-.001
133	-.177
711	-.174
134	.085
712	-.114
135	-.201
713	-.047
136	.333
714	.36
137	.397
715	.726
138	-.114
716	.623
2445	-.136
3023	-.295
2446	-.276
3024	-.224
2447	.044
3025	.196
2448	-1.457
3026	.786
2449	-.078
3027	.173
2450	.177
3028	.524
139	.779
717	.328
140	.712
718	2.426
141	1.123
719	.43
142	-.146
720	.282
143	-.025
721	.159
144	.497
722	1.801
2451	1.965
3029	.879
2452	2.675
3030	.328
2453	-.207
3031	-.332
2454	.149
3032	.278
2455	-.074
3033	.26
2456	-.422
3034	1.056
410	.576
988	.518
411	.432
989	.935
412	.18
990	.317
413	.22
991	.216
414	.08
992	-.24
415	.067
993	1.372
2722	2.127
3300	4.719
2723	4.127
3301	3.696
2724	.117
3302	.583
2725	.525
3303	.286
2726	.158
3304	-.551
2727	-.079
3305	.009
416	.58
994	.052
417	.984
995	.193
418	-.032
996	-.221
419	.076
997	-.823
420	.033
998	.606
421	.324
999	.039
2728	.6
3306	-.571
2729	.644
3307	.45
2730	1.065
3308	-.323
2731	.006
3309	-.445
2732	.308
3310	-.517
2733	.303
3311	-1.295
422	.023
1000	-.065
423	.195
1001	-.259
424	.868
1002	-.246
425	-.072
1003	-.588
426	.366
1004	-.91
427	.108
1005	.097
2734	1.048
3312	-1.499
2735	.014
3313	-.123
2736	-.268
3314	-.944
2737	-.765
3315	-1.742
2738	.199
3316	-.261
2739	-.295
3317	-.307
428	.232
1006	.177
429	.599
1007	-.538
430	.166
1008	.445
431	-.173
1009	.076
432	.134
1010	.028
433	-.073
1011	.137
2740	-.372
3318	-1.061
2741	.214
3319	.378
2742	-.093
3320	.042
2743	-.16
3321	-.246
2744	.549
3322	.715
2745	1.045
3323	.144
1566	.04
2144	-.054
1567	-.055
2145	.694
1568	.194
2146	-.537
1569	.038
2147	.068
1570	.86
2148	.316
1571	.584
2149	-.142
3878	.022
4456	-.002
3879	-.074
4457	.319
3880	.615
4458	.049
3881	.031
4459	-.59
3882	-.01
4460	-.032
3883	.075
4461	-.091
1572	.104
2150	.106
1573	.75
2151	-.122
1574	-.022
2152	-.368
1575	.046
2153	-.104
1576	.191
2154	-1.015
1577	-.314
2155	-.567
3884	-.644
4462	-.462
3885	-.167
4463	-.529
3886	-.065
4464	-.792
3887	-.374
4465	-.56
3888	.048
4466	-.556
3889	.001
4467	-.725
1578	-.359
2156	-1.242
1579	.194
2157	-.141
1580	.008
2158	-1.114
1581	.076
2159	.393
1582	-.114
2160	1.079
1583	.023
2161	-.138
3890	-.125
4468	.221
3891	-.293
4469	-.207
3892	-.293
4470	-.655
3893	.038
4471	-.369
3894	.064
4472	-.086
3895	-.114
4473	.043
1584	.181
2162	-.133
1585	-.021
2163	.261
1586	-.15
2164	.002
1587	-.416
2165	-.134
1588	-.129
2166	.103
1589	.359
2167	-.107
3896	.161
4474	-.726
3897	.98
4475	.234
3898	.364
4476	.649
3899	.112
4477	.035
3900	-.24
4478	-.053
3901	.104
4479	.614
1277	-.48
1855	.24
1278	1.258
1856	.224
1279	.015
1857	-.202
1280	-.124
1858	-.436
1281	-.252
1859	.056
1282	.108
1860	-.268
3589	-.053
4167	.244
3590	-.266
4168	-.032
3591	.137
4169	-.103
3592	-.114
4170	-.042
3593	-.237
4171	.036
3594	-.495
4172	.303
1283	-.489
1861	.075
1284	-.29
1862	-.288
1285	.149
1863	.924
1286	-.266
1864	-.081
1287	-.22
1865	.3
1288	-1.699
1866	-.414
3595	-.587
4173	-1.455
3596	-.316
4174	-.458
3597	-.974
4175	-1.08
3598	-1.547
4176	-.063
3599	-.301
4177	.114
3600	-.305
4178	-.052
1289	.25
1867	-.198
1290	-1.051
1868	-.28
1291	-.956
1869	-1.07
1292	.273
1870	-.089
1293	-.002
1871	-.057
1294	-.146
1872	.003
3601	-.3
4179	-.227
3602	.102
4180	-.382
3603	-.042
4181	-.475
3604	-.426
4182	-.015
3605	.134
4183	1.044
3606	.161
4184	.264
1295	.588
1873	.019
1296	-.377
1874	.235
1297	-.144
1875	-.261
1298	.17
1876	-.307
1299	.613
1877	.171
1300	.076
1878	-.223
3607	-.361
4185	-.452
3608	-.19
4186	.368
3609	.048
4187	.393
3610	.041
4188	.674
3611	.875
4189	.065
3612	-.554
4190	.125
145	.598
723	.556
146	-.035
724	.003
147	-.397
725	.119
148	-.154
726	-.021
149	-.008
727	.001
150	.155
728	-.298
2457	-.216
3035	.168
2458	-.447
3036	-.329
2459	-.295
3037	.105
2460	-.131
3038	.179
2461	-.151
3039	.298
2462	.216
3040	-.313
151	.022
729	.144
152	-.499
730	.183
153	.001
731	-.586
154	-.238
732	.323
155	-.944
733	-.299
156	-.442
734	-.207
2463	-.139
3041	.092
2464	-.377
3042	.52
2465	.183
3043	-.907
2466	-1
3044	-.956
2467	-.962
3045	-.161
2468	-.297
3046	-.884
157	.435
735	.101
158	.35
736	.138
159	.203
737	1.818
160	.666
738	.141
161	-.217
739	-.136
162	-.096
740	-.069
2469	-.487
3047	-.416
2470	-.033
3048	-.015
2471	.128
3049	.144
2472	.322
3050	-.058
2473	.55
3051	.32
2474	.003
3052	-.722
163	-1.053
741	-.198
164	-.427
742	-.426
165	-.295
743	-.363
166	-.414
744	-.114
167	.227
745	-.529
168	-.436
746	.145
2475	.056
3053	-.044
2476	.589
3054	.397
2477	.291
3055	-.489
2478	-.005
3056	.581
2479	-1.095
3057	-.641
2480	-.394
3058	-.489
434	.083
1012	-.484
435	-.004
1013	.106
436	.706
1014	.028
437	-.114
1015	-.377
438	-.342
1016	-.584
439	.412
1017	.307
2746	.22
3324	-.25
2747	-.053
3325	.142
2748	.202
3326	-.694
2749	-.24
3327	-.086
2750	.735
3328	-.6
2751	.16
3329	.119
440	-.622
1018	-.944
441	-.166
1019	1.094
442	.946
1020	.482
443	.944
1021	.371
444	.471
1022	-.202
445	-.234
1023	.897
2752	-.047
3330	-.958
2753	-.129
3331	.285
2754	.214
3332	.326
2755	.089
3333	.636
2756	.147
3334	-.167
2757	-.479
3335	.135
446	-.283
1024	-1.428
447	.471
1025	.179
448	.317
1026	.445
449	.651
1027	.005
450	-.609
1028	.342
451	-.019
1029	.619
2758	.661
3336	.006
2759	.074
3337	.216
2760	.277
3338	.234
2761	-.033
3339	-.513
2762	.063
3340	.158
2763	.004
3341	1.381
452	-.157
1030	-.39
453	-.187
1031	-.444
454	.527
1032	.679
455	.41
1033	-.03
456	.164
1034	.303
457	.548
1035	.226
2764	-.178
3342	.272
2765	.591
3343	-.529
2766	.269
3344	-.024
2767	-.16
3345	-2.23
2768	-.122
3346	-.283
2769	.423
3347	.644
1590	-.578
2168	-.353
1591	-.346
2169	-.202
1592	.049
2170	-.529
1593	-.146
2171	-.088
1594	.437
2172	-.077
1595	.103
2173	-1.237
3902	.072
4480	-.071
3903	.369
4481	-.077
3904	-.414
4482	-.062
3905	-.529
4483	-.239
3906	.032
4484	-.321
3907	.219
4485	-.377
1596	.007
2174	-.722
1597	.033
2175	-.411
1598	.378
2176	-1.151
1599	3.628
2177	1.349
1600	.717
2178	4.003
1601	2.821
2179	3.776
3908	1.418
4486	3.364
3909	2.132
4487	-.096
3910	.416
4488	.257
3911	.81
4489	-.015
3912	.208
4490	.781
3913	.359
4491	.744
1602	.655
2180	.135
1603	.471
2181	.227
1604	1.228
2182	.223
1605	.836
2183	.059
1606	.204
2184	-.167
1607	.028
2185	.118
3914	.163
4492	-.266
3915	.418
4493	.605
3916	.809
4494	-.173
3917	.277
4495	.339
3918	.223
4496	-.102
3919	.471
4497	.029
1608	.471
2186	-.184
1609	.001
2187	.238
1610	.717
2188	-1.065
1611	-.01
2189	1.069
1612	.05
2190	-.35
1613	.259
2191	-.377
3920	-.188
4498	-.725
3921	-.021
4499	-1.022
3922	-.641
4500	-.398
3923	-.008
4501	-1.337
3924	-.307
4502	-.295
3925	-.091
4503	.684
1301	.806
1879	.602
1302	.198
1880	.406
1303	.257
1881	-.559
1304	.017
1882	-.251
1305	-.188
1883	-.207
1306	.287
1884	.19
3613	-.04
4191	.041
3614	-.077
4192	-.062
3615	-.101
4193	-.05
3616	-.151
4194	1.845
3617	1.502
4195	.056
3618	1.135
4196	.371
1307	.185
1885	.039
1308	.008
1886	-.163
1309	-.539
1887	.321
1310	-.196
1888	.298
1311	.269
1889	-.136
1312	.094
1890	.328
3619	.189
4197	.596
3620	.764
4198	-.068
3621	-.384
4199	-.134
3622	.471
4200	.335
3623	-.356
4201	.049
3624	.181
4202	-.154
1313	-.565
1891	.094
1314	-.07
1892	.032
1315	.194
1893	-.354
1316	-.17
1894	-.215
1317	.149
1895	-.347
1318	.404
1896	.261
3625	.612
4203	.178
3626	-.307
4204	-.359
3627	-.06
4205	.163
3628	-.061
4206	-.45
3629	-.211
4207	-.436
3630	-.692
4208	-.236
1319	.025
1897	.364
1320	-.266
1898	-.126
1321	-.333
1899	.062
1322	-.015
1900	.328
1323	.105
1901	-.001
1324	.04
1902	.126
3631	.773
4209	.216
3632	.587
4210	.123
3633	.788
4211	.014
3634	-.295
4212	-.493
3635	-.401
4213	-.634
3636	-.077
4214	-.298
169	.149
747	.018
170	.434
748	.498
171	.484
749	2.012
172	.16
750	1.087
173	-.114
751	.626
174	1.373
752	1.077
2481	-.177
3059	.121
2482	.279
3060	.557
2483	.602
3061	.099
2484	.471
3062	-.265
2485	.007
3063	1.395
2486	.688
3064	.165
175	.045
753	.489
176	.051
754	.495
177	.269
755	.767
178	-.187
756	-.473
179	-1.086
757	.006
180	.113
758	1.072
2487	.837
3065	.36
2488	-.06
3066	.405
2489	.104
3067	-.003
2490	.063
3068	-.086
2491	-.181
3069	-.342
2492	-.815
3070	-.419
181	-1.152
759	.156
182	-.072
760	.136
183	.343
761	-.015
184	.514
762	1.334
185	.931
763	-.249
186	-.667
764	-.015
2493	.342
3071	-.32
2494	-.062
3072	-.136
2495	-.135
3073	.224
2496	.149
3074	-.422
2497	-.908
3075	-.511
2498	-.215
3076	-.556
187	-.157
765	-.148
188	.334
766	1.304
189	.073
767	-.093
190	-.086
768	.187
191	-.007
769	-.068
192	.073
770	.049
2499	.048
3077	.052
2500	-.217
3078	.137
2501	1.135
3079	.168
2502	-.603
3080	1.807
2503	-.018
3081	-.074
2504	-.14
3082	1.832
458	.513
1036	-.491
459	.149
1037	.175
460	.088
1038	-.164
461	-1.371
1039	.198
462	.626
1040	.204
463	.035
1041	-.404
2770	.114
3348	-.512
2771	-.223
3349	
2772	.092
3350	-.027
2773	-.077
3351	.018
2774	-.007
3352	-.104
2775	.118
3353	-.04
464	.118
1042	-.043
465	.01
1043	-.398
466	.132
1044	.232
467	.056
1045	-.419
468	-.325
1046	-.588
469	-.426
1047	.006
2776	-.548
3354	-.744
2777	.134
3355	-.034
2778	.601
3356	.437
2779	.488
3357	.471
2780	-.246
3358	.856
2781	-.093
3359	-.136
470	.509
1048	-.491
471	-.171
1049	.183
472	.198
1050	.227
473	.7
1051	.402
474	.513
1052	.303
475	.375
1053	.234
2782	-.033
3360	-.455
2783	.387
3361	-.436
2784	.073
3362	-.16
2785	1.045
3363	-.181
2786	.332
3364	-.752
2787	-.394
3365	-.769
476	-.474
1054	-.179
477	.061
1055	-.083
478	.155
1056	-.065
479	.292
1057	-.266
480	-.178
1058	-.06
481	.395
1059	.404
2788	-.022
3366	-.815
2789	.395
3367	-.243
2790	.174
3368	-.029
2791	.096
3369	.471
2792	-.035
3370	.51
2793	.75
3371	.303
1614	.056
2192	-1.922
1615	-.174
2193	
1616	-.33
2194	.228
1617	-.006
2195	-.106
1618	.061
2196	-1.936
1619	-.888
2197	-.329
3926	-.554
4504	-3.114
3927	.163
4505	
3928	-.194
4506	-.254
3929	-.392
4507	.058
3930	-.19
4508	-.373
3931	-.046
4509	-.645
1620	-.59
2198	.051
1621	.275
2199	-.047
1622	-.823
2200	.531
1623	.114
2201	.19
1624	.252
2202	.301
1625	-.223
2203	.11
3932	-.02
4510	-.225
3933	-.084
4511	.956
3934	-.757
4512	.085
3935	-.677
4513	-1.004
3936	.011
4514	-.5
3937	-.106
4515	-.562
1626	.088
2204	-.453
1627	.008
2205	-.646
1628	-.263
2206	-2.989
1629	-.266
2207	
1630	-.224
2208	.214
1631	.096
2209	1.189
3938	-.398
4516	-.529
3939	-.266
4517	-.449
3940	-.203
4518	-1.087
3941	-.28
4519	-.047
3942	-.411
4520	-.19
3943	.471
4521	1.112
1632	.627
2210	.544
1633	.654
2211	1.223
1634	1.099
2212	.369
1635	-.178
2213	.213
1636	-.096
2214	.022
1637	-.034
2215	.333
3944	.521
4522	-.144
3945	.225
4523	-.049
3946	.459
4524	-.106
3947	-.058
4525	-.174
3948	-.215
4526	-.411
3949	.168
4527	-.1
1325	-.125
1903	.686
1326	.895
1904	-.107
1327	-.134
1905	.22
1328	.199
1906	.226
1329	.062
1907	.377
1330	.281
1908	.495
3637	-.426
4215	-.962
3638	.065
4216	-.202
3639	.1
4217	-.613
3640	-.105
4218	-.015
3641	-.022
4219	-.262
3642	-.181
4220	.327
1331	-1.001
1909	.174
1332	-.015
1910	-.093
1333	.108
1911	-.243
1334	-.105
1912	.866
1335	1.471
1913	-.228
1336	.045
1914	.648
3643	-.015
4221	-.015
3644	.712
4222	1.069
3645	-.07
4223	-.082
3646	-.387
4224	-.066
3647	-.058
4225	-.568
3648	-1.264
4226	-.724
1337	
1915	1.768
1338	-.06
1916	-.382
1339	.056
1917	.075
1340	.243
1918	.386
1341	.078
1919	-.001
1342	.004
1920	.042
3649	.064
4227	-.195
3650	-.307
4228	-.498
3651	-.752
4229	-.851
3652	-1.215
4230	-.788
3653	-.931
4231	-.123
3654	-.983
4232	-.498
1343	-.231
1921	.043
1344	.084
1922	-.105
1345	-.021
1923	.236
1346	-.343
1924	.062
1347	.088
1925	.508
1348	.584
1926	.199
3655	-.212
4233	-.509
3656	-.783
4234	-.13
3657	.063
4235	-.138
3658	-.455
4236	-.049
3659	-.6
4237	-.151
3660	-.207
4238	-.184
193	.286
771	.045
194	.108
772	-.214
195	-.134
773	.056
196	.381
774	.011
197	.366
775	.111
198	-.137
776	-.181
2505	.726
3083	.378
2506	-.188
3084	.373
2507	.331
3085	-.099
2508	-.464
3086	-.458
2509	-.529
3087	-.557
2510	.077
3088	-.772
199	.092
777	.149
200	.237
778	.067
201	1.13
779	.783
202	.131
780	.506
203	.51
781	.336
204	-.009
782	.364
2511	-.266
3089	-.266
2512	-.396
3090	-.731
2513	-.284
3091	.138
2514	-.058
3092	-.349
2515	-.581
3093	-.631
2516	-1.273
3094	-.844
205	-.207
783	-.052
206	.326
784	-.114
207	.29
785	.342
208	2.648
786	.78
209	.8
787	3.703
210	4.153
788	1.538
2517	1.812
3095	2.418
2518	1.115
3096	.18
2519	-.211
3097	.098
2520	.391
3098	.555
2521	.266
3099	.115
2522	-.096
3100	-.736
211	-.443
789	-.571
212	-1.092
790	-.771
213	-1.102
791	-1.209
214	-1.001
792	-.332
215	-.605
793	-.593
216	-.911
794	-.694
2523	-1.635
3101	.139
2524	.023
3102	.041
2525	-.164
3103	.16
2526	-.377
3104	.648
2527	.197
3105	-.266
2528	.85
3106	-.019
482	-.163
1060	-.427
483	.007
1061	.009
484	.544
1062	-.369
485	-.053
1063	-.133
486	-.032
1064	.235
487	-.037
1065	.233
2794	-.6
3372	.219
2795	.248
3373	-.07
2796	.256
3374	-.091
2797	.259
3375	.366
2798	.352
3376	-.216
2799	.146
3377	.028
488	.292
1066	.501
489	-.038
1067	-.009
490	.616
1068	-.787
491	.023
1069	-.763
492	.237
1070	-.783
493	1.108
1071	.503
2800	.188
3378	.72
2801	-.162
3379	-.289
2802	-.784
3380	-.788
2803	-.257
3381	-.398
2804	-.222
3382	-.146
2805	-.278
3383	.103
494	.171
1072	.011
495	-.348
1073	.074
496	.591
1074	.4
497	.863
1075	-.186
498	.143
1076	-.068
499	.315
1077	-.242
2806	-.774
3384	.017
2807	-.187
3385	-.419
2808	-.252
3386	.102
2809	-.391
3387	-.445
2810	.248
3388	-.129
2811	-.259
3389	-.211
500	.096
1078	.188
501	-.074
1079	-.619
502	.02
1080	-1.461
503	-.032
1081	.014
504	.758
1082	.631
505	.738
1083	1.911
2812	.019
3390	-.394
2813	-.529
3391	-.354
2814	-.492
3392	-1.79
2815	-.4
3393	-1.922
2816	-.251
3394	-.487
2817	.143
3395	-.752
1638	-.529
2216	-.588
1639	.052
2217	.005
1640	-.207
2218	-.6
1641	.202
2219	.27
1642	-.171
2220	-.352
1643	1.287
2221	-.944
3950	-.192
4528	-.174
3951	-.357
4529	.021
3952	-.464
4530	-2.284
3953	-.451
4531	-.023
3954	-.057
4532	.197
3955	.152
4533	-.603
1644	.302
2222	-.009
1645	.239
2223	.548
1646	.471
2224	.003
1647	.648
2225	-1.307
1648	-.133
2226	
1649	-.114
2227	.84
3956	-.015
4534	.586
3957	-.207
4535	-.989
3958	-.114
4536	
3959	-.015
4537	-.77
3960	.226
4538	
3961	.033
4539	-.137
1650	-.14
2228	-.454
1651	.141
2229	.643
1652	-.187
2230	-1.679
1653	.127
2231	.495
1654	1.177
2232	-.044
1655	.181
2233	.561
3962	.031
4540	-.147
3963	-.29
4541	-.211
3964	.274
4542	-.292
3965	.135
4543	-.475
3966	.136
4544	-.185
3967	-.396
4545	-.106
1656	.159
2234	-.036
1657	-.054
2235	.266
1658	.243
2236	-.007
1659	-.029
2237	-.023
1660	-.274
2238	-.361
1661	.154
2239	-1.114
3968	-.176
4546	-.693
3969	-.093
4547	
3970	-.157
4548	-.023
3971	.471
4549	.471
3972	.03
4550	-.33
3973	-.491
4551	-1.272
1349	.116
1927	-.244
1350	-.784
1928	-.093
1351	3.095
1929	3.215
1352	.076
1930	.248
1353	-.322
1931	-.466
1354	-.564
1932	.007
3661	.021
4239	.171
3662	.159
4240	-.306
3663	-.907
4241	-.323
3664	-.081
4242	.151
3665	-.071
4243	-.118
3666	1.023
4244	.321
1355	.511
1933	1.95
1356	-.083
1934	.144
1357	.181
1935	-.114
1358	.233
1936	-.257
1359	-.049
1937	-.035
1360	-.037
1938	-.433
3667	-.167
4245	-.019
3668	-.177
4246	-.036
3669	-.464
4247	-.332
3670	.001
4248	-.422
3671	-.093
4249	-1.032
3672	-.624
4250	-.377
1361	-.607
1939	-.035
1362	-.019
1940	.027
1363	.074
1941	-.851
1364	-.186
1942	-.026
1365	-.84
1943	-.202
1366	-.188
1944	.471
3673	-.172
4251	.092
3674	-.455
4252	-.114
3675	-.363
4253	-.821
3676	.677
4254	.1
3677	-.137
4255	.639
3678	-.137
4256	.056
1367	.328
1945	.641
1368	.323
1946	2.419
1369	.023
1947	-.054
1370	.1
1948	-.06
1371	-.683
1949	-.406
1372	.295
1950	.145
3679	.062
4257	-.699
3680	-.699
4258	-.251
3681	-.989
4259	-.346
3682	-.284
4260	.139
3683	.092
4261	.163
3684	-.136
4262	.05
217	-.435
795	-.263
218	-.011
796	.232
219	.17
797	.316
220	.349
798	-.084
221	-.342
799	.284
222	.328
800	-.091
2529	.38
3107	-.385
2530	-.146
3108	-.114
2531	-.242
3109	-.074
2532	-.13
3110	-.331
2533	-1.431
3111	-.444
2534	-1.159
3112	-.319
223	-.129
801	.095
224	.312
802	.461
225	.341
803	-.075
226	-1.34
804	.044
227	-.198
805	-.153
228	.273
806	.081
2535	-.16
3113	-.574
2536	-.333
3114	-.496
2537	-.297
3115	-.103
2538	-.542
3116	-.369
2539	.032
3117	-.011
2540	.027
3118	.218
229	.163
807	-.104
230	-.011
808	-.054
231	-.295
809	-.337
232	.063
810	.369
233	.208
811	.064
234	1.568
812	.498
2541	.282
3119	-.101
2542	-.157
3120	.237
2543	.347
3121	.05
2544	-.06
3122	.853
2545	-.044
3123	.482
2546	.765
3124	-.359
235	.227
813	.618
236	.9
814	.28
237	.648
815	.584
238	.54
816	.195
239	.471
817	.181
240	.449
818	.158
2547	-.062
3125	-.07
2548	.298
3126	.373
2549	.204
3127	.558
2550	.384
3128	.305
2551	-.133
3129	-.044
2552	.509
3130	.075
506	-.131
1084	-.17
507	-.23
1085	-.038
508	.333
1086	-.752
509	-.044
1087	.065
510	-.002
1088	-1.114
511	.257
1089	-.197
2818	-.114
3396	-.989
2819	-.139
3397	-.382
2820	.76
3398	.575
2821	.381
3399	-.244
2822	.265
3400	.357
2823	-.019
3401	.025
512	-.196
1090	.179
513	.037
1091	.298
514	1.125
1092	.621
515	.065
1093	.159
516	-.093
1094	-.447
517	-1.27
1095	-.457
2824	-.24
3402	.399
2825	-.356
3403	.061
2826	.156
3404	-.098
2827	.047
3405	.638
2828	-.97
3406	-.288
2829	.446
3407	-.316
518	.152
1096	.065
519	1.208
1097	-.344
520	-.056
1098	-.41
521	-.079
1099	-.065
522	-.038
1100	.571
523	.042
1101	-.778
2830	-.262
3408	-.063
2831	-.171
3409	-.071
2832	.655
3410	-.611
2833	-1.089
3411	-1.115
2834	-.048
3412	-.518
2835	-.013
3413	-.581
524	.195
1102	.189
525	.341
1103	.218
526	.182
1104	-.307
527	-.271
1105	-.989
528	.101
1106	-.119
529	.144
1107	.687
2836	-.052
3414	-.136
2837	-.154
3415	-.175
2838	.717
3416	.901
2839	-.22
3417	-.547
2840	.086
3418	.107
2841	-.26
3419	-1.588
1662	.236
2240	1.371
1663	.085
2241	-.23
1664	.505
2242	.828
1665	.03
2243	-1.645
1666	.131
2244	-2.699
1667	-.007
2245	-.076
3974	.03
4552	-.928
3975	-.164
4553	-.178
3976	.033
4554	-.505
3977	-.551
4555	-4.114
3978	-1.055
4556	-1.851
3979	-.667
4557	-.181
1668	.518
2246	.409
1669	.763
2247	.232
1670	.006
2248	-.047
1671	-.033
2249	-.193
1672	1.188
2250	-.762
1673	.729
2251	.26
3980	.152
4558	.214
3981	-.556
4559	-.06
3982	-.32
4560	-.565
3983	-.377
4561	-.688
3984	-.038
4562	-.324
3985	-.876
4563	-.553
1674	-.237
2252	-.498
1675	-.207
2253	-.141
1676	.274
2254	-.21
1677	-.76
2255	-.939
1678	.291
2256	.71
1679	.3
2257	-.223
3986	.051
4564	-1.196
3987	-.187
4565	-.9
3988	-.149
4566	-.87
3989	-.3
4567	-2.364
3990	-.009
4568	-.195
3991	.188
4569	.492
1680	.131
2258	-1.355
1681	.056
2259	-.177
1682	.026
2260	-.153
1683	-.835
2261	-2.173
1684	-.773
2262	-.292
1685	-.257
2263	.071
3992	-.266
4570	.123
3993	.08
4571	-.098
3994	.866
4572	-.271
3995	-.034
4573	-.246
3996	.319
4574	.202
3997	.287
4575	.199
1373	-.266
1951	.099
1374	.775
1952	.531
1375	.315
1953	.108
1376	-.1
1954	.103
1377	.488
1955	.654
1378	-.326
1956	.873
3685	.4
4263	-.103
3686	.23
4264	-.577
3687	-.757
4265	-.266
3688	.03
4266	-.188
3689	-.241
4267	-.371
3690	-.477
4268	-.651
1379	.424
1957	1.48
1380	-.03
1958	.107
1381	.278
1959	-.054
1382	.075
1960	.477
1383	.729
1961	.612
1384	.471
1962	-.165
3691	-.067
4269	.052
3692	-1.529
4270	-.163
3693	-.612
4271	-.593
3694	-.651
4272	-.684
3695	-.349
4273	-.148
3696	.111
4274	-.499
1385	.012
1963	-.095
1386	.183
1964	-.202
1387	-.19
1965	-.153
1388	-.661
1966	.003
1389	-.451
1967	-.463
1390	.245
1968	-.205
3697	-.066
4275	.517
3698	-.374
4276	-.217
3699	-1.032
4277	-.121
3700	-.187
4278	-.081
3701	-1.192
4279	-.625
3702	.04
4280	.447
1391	.674
1969	.379
1392	.317
1970	.713
1393	-.297
1971	-.63
1394	.043
1972	-.183
1395	-.3
1973	-.409
1396	-.169
1974	.221
3703	-.071
4281	-.487
3704	-.276
4282	.118
3705	.268
4283	-.161
3706	-.08
4284	.304
3707	.816
4285	.052
3708	1.335
4286	
241	2.122
819	.994
242	.489
820	.112
243	.637
821	-.011
244	.335
822	.696
245	-.37
823	.056
246	.056
824	.18
2553	.471
3131	.352
2554	.793
3132	.174
2555	.389
3133	-.519
2556	-.429
3134	.156
2557	-.139
3135	1.511
2558	.312
3136	-.015
247	.446
825	.292
248	.71
826	.561
249	.304
827	-.002
250	-.008
828	.52
251	.385
829	-.694
252	-.796
830	-.092
2559	-.59
3137	.717
2560	-.079
3138	-.546
2561	-.201
3139	-.331
2562	-.291
3140	-.258
2563	-.167
3141	-.28
2564	-.989
3142	-.261
253	-.42
831	-.173
254	-.217
832	.073
255	-.053
833	-.044
256	.273
834	.956
257	.056
835	.088
258	-.399
836	.022
2565	.349
3143	.181
2566	.575
3144	-.022
2567	-.178
3145	-.024
2568	.015
3146	.156
2569	-.159
3147	-.373
2570	.119
3148	-.305
259	.253
837	.028
260	-.19
838	.285
261	1.321
839	.345
262	.542
840	-.19
263	-.004
841	.084
264	.517
842	.737
