3176	-.565
865	-1.287
3172	-1.056
2599	-.268
288	-.086
866	-.504
863	-1.118
2595	-.954
286	-.108
284	-.302
3173	-.781
3177	-.454
862	-.674
864	-2.346
2600	-2.14
2596	.128
285	.191
3174	-.19
3178	-.855
287	-.215
2597	-1.194
283	.179
3175	-.536
2598	-.713
861	-.632
554	.561
1132	
555	
1133	.145
556	.561
1134	
557	
1135	
558	-.439
1136	1.561
559	.976
1137	
1421	-.439
1710	
1999	1.145
2288	-1.024
1422	
1711	-.439
2000	
2289	.561
1423	
1712	
2001	.561
2290	.145
1424	
1713	
2002	
2291	
1425	
1714	
2003	
2292	
1426	
1715	
2004	
2293	
2866	
3444	
2867	
3445	
2868	
3446	
2869	
3447	
2870	.561
3448	
2871	
3449	
3733	
4022	
4311	
4600	
3734	
4023	
4312	
4601	.561
3735	
4024	
4313	
4602	
3736	
4025	
4314	
4603	.561
3737	
4026	
4315	
4604	
3738	.561
4027	
4316	
4605	.561
560	
1138	.561
561	
1139	
562	
1140	
563	
1141	-.439
564	
1142	
565	
1143	
1427	
1716	
2005	
2294	
1428	
1717	
2006	
2295	
1429	
1718	
2007	
2296	
1430	.561
1719	
2008	-.439
2297	
1431	
1720	
2009	
2298	
1432	
1721	
2010	.561
2299	
2872	
3450	
2873	
3451	
2874	
3452	
2875	
3453	
2876	
3454	1.145
2877	
3455	
3739	
4028	.561
4317	
4606	
3740	
4029	-1.024
4318	.561
4607	.561
3741	
4030	
4319	
4608	.561
3742	
4031	
4320	
4609	
3743	
4032	
4321	
4610	
3744	
4033	
4322	
4611	
566	
1144	
567	
1145	
568	
1146	.239
569	
1147	
570	
1148	
571	-1.024
1149	
1433	
1722	
2011	
2300	
1434	
1723	
2012	-.439
2301	
1435	
1724	
2013	
2302	1.561
1436	
1725	-1.439
2014	
2303	
1437	
1726	
2015	
2304	
1438	
1727	.075
2016	-.439
2305	
2878	
3456	
2879	
3457	
2880	
3458	
2881	
3459	
2882	
3460	
2883	
3461	
3745	
4034	.561
4323	
4612	
3746	
4035	
4324	
4613	
3747	
4036	
4325	
4614	
3748	1.145
4037	
4326	
4615	
3749	
4038	
4327	
4616	
3750	.561
4039	
4328	
4617	
572	
1150	
573	
1151	
574	
1152	
575	
1153	
576	
1154	
577	
1155	
1439	
1728	
2017	
2306	
1440	
1729	
2018	
2307	
1441	
1730	
2019	
2308	
1442	
1731	
2020	
2309	
1443	
1732	
2021	
2310	
1444	
1733	
2022	
2311	
2884	.561
3462	
2885	
3463	1.145
2886	
3464	
2887	
3465	
2888	
3466	
2889	
3467	
3751	1.261
4040	-.761
4329	
4618	
3752	
4041	
4330	
4619	
3753	-1.439
4042	
4331	
4620	
3754	-.855
4043	
4332	
4621	
3755	
4044	
4333	
4622	
3756	
4045	
4334	.561
4623	
2571	.009
3149	-.345
2572	1.19
3150	-.162
2573	-.49
3151	.168
2574	-.259
3152	-.411
2575	-.131
3153	-.012
2576	-.186
3154	-.107
530	.295
1108	.2
531	.099
1109	.463
852	.349
532	.07
1110	-.954
533	1.271
1111	-.677
534	.023
275	.012
1112	-.073
535	-.083
853	-.168
1113	.976
2594	.165
2842	-.136
3420	.064
2843	-.761
3421	-.236
2844	-.27
3422	-.158
2845	-.059
3423	.084
2846	-.13
276	.295
3424	.099
2847	.008
3425	.095
536	-.238
1114	-.119
537	-.007
1115	-.439
538	.055
1116	-.031
539	.374
1117	-.706
540	.352
1118	.145
541	-1.111
1119	-.184
2848	.379
854	.409
2583	.469
3426	.04
2849	-.367
3427	-.517
2850	-.004
3428	-.457
2851	.841
3429	-.802
2852	.187
3161	-.044
3430	.168
2853	-.037
3431	-.054
542	-.077
1120	-.872
543	-.085
1121	
2584	.051
544	.291
1122	5.175
545	.279
1123	-.001
546	-.058
1124	-.312
547	-.403
1125	.358
2854	.178
3162	-.309
3432	.382
2855	.176
3433	
2856	-.061
3434	.294
2857	-.123
3435	.246
2858	-.452
3436	-.181
2859	.97
3437	-.397
548	.055
2585	.336
1126	.208
549	-.073
1127	-.228
3163	.212
550	.176
1128	.248
551	.237
1129	-.198
552	.325
1130	-.729
553	.382
1131	-.21
2860	-.424
3438	.744
2861	.179
3439	-.024
2862	-.03
3440	.001
2863	-.317
3441	.29
2864	-.046
3442	-.385
2865	-.49
3443	-.203
1686	-.124
2264	-.112
1687	-.348
2265	.061
1688	.11
2266	-.003
1689	.561
2267	1.363
1690	.201
2268	-.194
1691	.056
2269	-.353
3998	-.054
4576	-.439
2586	-.31
3999	-.392
4577	.81
4000	.793
4578	-.544
4001	-.084
3164	-.287
4579	-.571
4002	.803
4580	.434
4003	.734
4581	-.078
1692	.016
2270	-.208
2587	-.153
1693	.217
2271	-.281
1694	-1.033
3165	.142
2272	-.603
1695	-.439
2273	.459
2588	.293
1696	.085
2274	.145
1697	-.2
2275	-.166
4004	-.123
4582	-.267
4005	-.162
4583	-.015
4006	.356
3166	.309
4584	-.954
4007	.049
4585	-.333
4008	.161
4586	-.475
4009	-.176
4587	.065
1698	-.247
2276	-.108
1699	.925
2277	
1700	-.125
2278	
277	.243
1701	-.083
2279	-.413
1702	.492
2280	-.01
855	.115
1703	.07
278	.547
2281	.009
4010	.065
4588	-.021
856	.178
4011	.595
4589	.337
279	1.903
4012	.15
4590	-.009
4013	.242
4591	-.193
4014	-.02
4592	-.539
857	.075
4015	.503
4593	-.001
1704	-.024
2282	.085
1705	1.468
2283	.024
1706	.296
2284	-.024
1707	.216
280	.314
2285	.216
1708	-.88
2286	-.143
1709	-.509
2287	1.264
4016	.023
4594	-.662
858	-.019
4017	.047
4595	-.085
4018	.613
4596	.784
4019	-.058
4597	-.309
4020	.155
4598	-.247
4021	-.383
4599	-.637
1397	-.031
1975	-.125
1398	.028
1976	.664
1399	.469
1977	.123
1400	.034
1978	.043
1401	-.1
1979	.001
1402	-.057
1980	-.378
3709	-.899
4287	.194
3710	.157
4288	.042
3711	.001
281	.401
4289	.145
3712	.081
859	-.04
4290	-.389
3713	.732
4291	.164
282	.099
3714	.317
4292	-.322
1403	.119
1981	.023
1404	-.013
1982	-.096
1405	.201
1983	-.27
860	-.121
1406	.283
1984	.338
1407	.435
1985	-.163
1408	.509
1986	-.096
3715	-.698
4293	-.662
3716	-.194
2589	.013
4294	-.199
3717	.266
4295	-.339
3718	.118
4296	-.037
3719	.217
4297	.074
3720	-.018
4298	-.02
1409	-.1
1987	.715
1410	.69
1988	-.04
1411	.073
1989	.744
1412	.687
1990	.362
1413	.188
3167	.423
1991	.206
1414	-.135
1992	.248
3721	-.097
4299	-.197
3722	.491
4300	.288
3723	3.746
4301	.067
3724	.249
4302	.972
3725	.544
4303	-.321
3726	-.479
4304	.724
1415	1.062
1993	.168
1416	.37
1994	.151
1417	.66
1995	.407
1418	-.106
1996	.066
1419	.433
1997	.186
1420	-.038
1998	.013
3727	.746
2590	.116
4305	.267
3728	.044
4306	.02
3729	-.077
4307	.251
3730	-.09
4308	.429
3731	-.341
4309	.699
3732	-1.024
4310	.132
265	.248
843	-1.272
266	.561
844	-.071
3168	.066
2591	-.004
267	-.089
845	.286
268	-.196
846	-.312
269	-.102
847	.246
270	1.692
848	-.098
2577	1.572
3169	1.2
3155	-.247
2578	-.097
2592	-.27
3170	.082
3156	-.134
2593	-.345
2579	-.036
3157	-.619
2580	.046
3158	-.161
2581	.022
3159	-.748
2582	.628
3160	-.639
271	.207
849	.508
272	.363
850	.092
273	-.109
3171	.162
851	-.401
274	.032
1	.028
579	-.349
2	-2.162
580	-.276
3	-.129
581	-.423
4	-.774
582	.534
5	.197
583	-.04
6	-.189
584	-.439
2313	.336
2891	-.631
2314	-.214
2892	-.335
2315	-.432
2893	-.119
2316	.077
2894	.199
2317	.056
2895	-.453
2318	-.328
2896	-.827
7	-.498
585	.256
8	.665
586	.114
9	.154
587	-.153
10	.124
588	-.546
11	-.6
589	-.597
12	-.267
590	-.048
2319	-.045
2897	-.055
2320	-.16
2898	-.846
2321	-.001
2899	-.535
2322	-.056
2900	-.247
2323	-.302
2901	-.63
2324	.321
2902	-.11
13	.14
591	-.198
14	-.725
592	-.371
15	1.49
593	.983
16	.795
594	.341
17	-.974
595	-1.432
18	-.155
596	-.153
2325	.147
2903	-.278
2326	-.845
2904	.013
2327	.101
2905	.054
2328	-.396
2906	.243
2329	-.459
2907	-.122
2330	-.171
2908	.048
19	-.206
597	.022
20	-.365
598	.09
21	-.131
599	-.151
22	2.73
600	2.328
23	1.577
601	1.362
24	.324
602	-.192
2331	.278
2909	.075
2332	.079
2910	.151
2333	.357
2911	-.181
2334	.213
2912	.193
2335	-.205
2913	.103
2336	-.075
2914	-.987
290	.004
868	-.387
291	-.135
869	.086
292	-.191
870	-.214
293	-.156
871	.094
294	-.507
872	-1.152
295	-.129
873	-.198
2602	-.217
3180	-.367
2603	-1.099
3181	-.541
2604	-.918
3182	-1.044
2605	-.957
3183	-.319
2606	-.223
3184	-.417
2607	.192
3185	-.263
296	-.473
874	-.484
297	-.15
875	.011
298	.429
876	-.134
299	-.047
877	-.507
300	-1.294
878	-.058
301	.067
879	-.024
2608	-.344
3186	-.319
2609	.382
3187	-.286
2610	1.042
3188	-.291
2611	.09
3189	-.311
2612	.168
3190	-.495
2613	-.029
3191	-.335
302	.132
880	-.64
303	-.458
881	-.32
304	.097
882	-.006
305	.115
883	-1.247
306	.136
884	-.546
307	.082
885	-.017
2614	-.506
3192	-.513
2615	-.017
3193	-2.064
2616	-.524
3194	-1.662
2617	.094
3195	.554
2618	.007
3196	-1.176
2619	-.641
3197	-.597
308	-1.052
886	-2.333
309	-.773
887	-.685
310	-.934
888	-2.024
311	.142
889	-.221
312	-.124
890	-.506
313	-1.131
891	-.411
2620	-.341
3198	-.815
2621	-.46
3199	-.352
2622	-.534
3200	-.279
2623	-.21
3201	.042
2624	.199
3202	.64
2625	-.287
3203	-.159
1446	-.726
2024	-1.098
1447	-.967
2025	-.85
1448	.336
2026	.165
1449	-.012
2027	.093
1450	.867
2028	-.452
1451	-.265
2029	-.557
3758	.021
4336	.289
3759	-.067
4337	-.237
3760	-.142
4338	-.191
3761	.26
4339	-.505
3762	-.682
4340	-.168
3763	-.211
4341	-1.602
1452	.223
2030	-.094
1453	.246
2031	-.058
1454	.361
2032	-1.099
1455	-.599
2033	-.083
1456	-.077
2034	.092
1457	-.314
2035	.303
3764	-.221
4342	-1.024
3765	-.19
4343	-.251
3766	.046
4344	-.348
3767	.202
4345	-.408
3768	.201
4346	-.165
3769	.577
4347	-1.597
1458	-.195
2036	-.335
1459	-.466
2037	-.015
1460	-.749
2038	-.507
1461	.016
2039	-.319
1462	.255
2040	-.147
1463	-.113
2041	.083
3770	-.319
4348	1.112
3771	1.594
4349	.646
3772	.593
4350	-.59
3773	-.076
4351	-4.247
3774	-.224
4352	-1.009
3775	-.019
4353	-1.024
1464	.327
2042	-.346
1465	.347
2043	-.133
1466	.001
2044	.218
1467	.128
2045	-.793
1468	.207
2046	-.304
1469	-.374
2047	.012
3776	-.176
4354	-.137
3777	-.207
4355	-.135
3778	-.015
4356	.456
3779	-.102
4357	-.153
3780	-.408
4358	-1.138
3781	.088
4359	-.099
1157	-1.649
1735	-.761
1158	-.314
1736	.036
1159	1.039
1737	.552
1160	-.072
1738	-.128
1161	.174
1739	-.148
1162	.278
1740	.319
3469	-.527
4047	-.292
3470	.06
4048	-.509
3471	-.225
4049	-.716
3472	.938
4050	.098
3473	-.247
4051	-.005
3474	-.252
4052	-.283
1163	-.302
1741	-.329
1164	-.231
1742	-.121
1165	-.418
1743	-.293
1166	.047
1744	-.285
1167	-.423
1745	-.645
1168	.051
1746	-1.024
3475	-.336
4053	.297
3476	-.215
4054	.041
3477	-.306
4055	.121
3478	-.645
4056	-.457
3479	-.064
4057	.081
3480	-.211
4058	-.367
1169	.199
1747	-.142
1170	-.098
1748	.369
1171	.063
1749	-1.061
1172	-1.056
1750	-1.034
1173	-.133
1751	-.412
1174	.149
1752	-.118
3481	.085
4059	-.281
3482	-.263
4060	-.282
3483	.367
4061	-.727
3484	.005
4062	.362
3485	-.176
4063	-.211
3486	-.769
4064	-.536
1175	.014
1753	.368
1176	.003
1754	.561
1177	-.027
1755	-.312
1178	.305
1756	-.033
1179	-.539
1757	-.061
1180	.876
1758	-.167
3487	.112
4065	-.031
3488	.094
4066	-.558
3489	.08
4067	.403
3490	-.174
4068	-.77
3491	-.796
4069	-.662
3492	-.78
4070	-.688
25	.008
603	-.101
26	.4
604	.133
27	.03
605	-.144
28	-.069
606	.52
29	-.324
607	-.024
30	-.118
608	-.439
2337	.351
2915	-.381
2338	.164
2916	.068
2339	.225
2917	-.328
2340	.291
2918	-1.042
2341	-1.527
2919	-.563
2342	.14
2920	-.439
31	-.439
609	.449
32	.79
610	.526
33	.316
611	-.092
34	-.052
612	-.41
35	-.475
613	.255
36	.013
614	.391
2343	-.065
2921	-.078
2344	.515
2922	-.145
2345	-.165
2923	.323
2346	-.235
2924	-.154
2347	.39
2925	-.867
2348	.078
2926	.151
37	.033
615	.225
38	.099
616	-.011
39	-.073
617	-.131
40	.279
618	.342
41	.213
619	.439
42	.218
620	-.072
2349	.225
2927	-.34
2350	.318
2928	.173
2351	-.389
2929	-.21
2352	.128
2930	.028
2353	-.298
2931	-.01
2354	-.063
2932	-.508
43	.225
621	-.077
44	.225
622	.177
45	.288
623	.067
46	.428
624	-.125
47	.308
625	.112
48	.423
626	.188
2355	.051
2933	-.097
2356	.873
2934	-.128
2357	.078
2935	1.283
2358	.671
2936	.526
2359	.616
2937	.087
2360	-.304
2938	.983
314	-.265
892	-.311
315	.799
893	-.128
316	-.143
894	-.469
317	.002
895	-.71
318	-.241
896	.364
319	-.017
897	-.49
2626	-.226
3204	-.243
2627	.121
3205	.118
2628	-.058
3206	-.494
2629	-.408
3207	-.22
2630	1.08
3208	.008
2631	.02
3209	-.152
320	.051
898	-.497
321	-.68
899	-1.051
322	.005
900	-.577
323	-.322
901	
324	.116
902	-.349
325	-.685
903	-.889
2632	-.211
3210	-1.07
2633	-.319
3211	-.056
2634	-.543
3212	-.439
2635	-.019
3213	-1.068
2636	.01
3214	.131
2637	-.122
3215	-.254
326	.159
904	.041
327	-.439
905	.138
328	-.095
906	.109
329	.639
907	-.387
330	.269
908	.035
331	-.192
909	-.279
2638	-.423
3216	-.737
2639	.032
3217	-.272
2640	-.097
3218	-.639
2641	.363
3219	-.149
2642	.166
3220	1.205
2643	-.287
3221	.029
332	.054
910	-.539
333	-.012
911	-.743
334	.249
912	-.031
335	.686
913	
336	.037
914	.217
337	.398
915	
2644	.117
3222	.097
2645	.419
3223	-.138
2646	3.849
3224	2.043
2647	1.936
3225	1.447
2648	.53
3226	1.087
2649	.227
3227	-.585
1470	-.066
2048	-.411
1471	-.167
2049	-.082
1472	-.001
2050	-.391
1473	-.173
2051	-.092
1474	.004
2052	.601
1475	.463
2053	-.03
3782	-.376
4360	-.171
3783	.027
4361	-.387
3784	.771
4362	-.689
3785	-.615
4363	-1.085
3786	-.28
4364	-1.118
3787	-.427
4365	-.708
1476	-.312
2054	.155
1477	-.551
2055	.379
1478	.238
2056	-.221
1479	-.311
2057	-4.866
1480	-.841
2058	-1.777
1481	-.957
2059	-.978
3788	-1.631
4366	-1.339
3789	-.468
4367	-.726
3790	.124
4368	.578
3791	.406
4369	.064
3792	.257
4370	-.372
3793	-.491
4371	-.529
1482	-.458
2060	-.816
1483	-.781
2061	.561
1484	-.054
2062	-.089
1485	-.066
2063	-.287
1486	-.05
2064	-.172
1487	-.141
2065	-.033
3794	-.121
4372	-.432
3795	-.08
4373	-.389
3796	.088
4374	-.645
3797	.323
4375	-.072
3798	-.384
4376	.265
3799	-.252
4377	-.047
1488	.083
2066	-.294
1489	.019
2067	.588
1490	.272
2068	.327
1491	.172
2069	-.14
1492	.169
2070	.062
1493	.014
2071	.247
3800	.223
4378	.069
3801	-.094
4379	-.534
3802	-.12
4380	-.599
3803	-.27
4381	-.715
3804	-.341
4382	-1.176
3805	-.042
4383	-1.052
1181	-.247
1759	.172
1182	.357
1760	.016
1183	-1.006
1761	-.674
1184	.167
1762	-.153
1185	-.365
1763	.106
1186	-.919
1764	-.605
3493	-.657
4071	-.733
3494	-.232
4072	-.361
3495	-.591
4073	-.024
3496	.158
4074	-.133
3497	-.69
4075	-.616
3498	-.531
4076	-.619
1187	.251
1765	-.101
1188	-.49
1766	-.494
1189	-.065
1767	-.119
1190	-.282
1768	-.64
1191	-.998
1769	-.278
1192	.312
1770	.356
3499	.084
4077	-.099
3500	.546
4078	-.277
3501	-.082
4079	-.241
3502	.008
4080	-.405
3503	-.413
4081	-.637
3504	.294
4082	.056
1193	-.113
1771	-.533
1194	-.335
1772	.191
1195	-.855
1773	-.496
1196	-.563
1774	.266
1197	.485
1775	.244
1198	.747
1776	.173
3505	.112
4083	.404
3506	.467
4084	.475
3507	-.167
4085	-1.27
3508	.513
4086	.21
3509	.163
4087	.117
3510	.101
4088	.338
1199	-.278
1777	-.439
1200	.402
1778	-.35
1201	.169
1779	.15
1202	-.603
1780	.113
1203	.297
1781	-.439
1204	-.469
1782	-.53
3511	-.439
4089	.004
3512	.066
4090	.287
3513	-.169
4091	.048
3514	-.69
4092	-.531
3515	.624
4093	-.104
3516	.33
4094	-.494
49	-.439
627	-.188
50	-.087
628	-.648
51	-.176
629	-.092
52	-.287
630	.113
53	-.472
631	-.563
54	-.055
632	-.133
2361	.013
2939	-.507
2362	-.159
2940	-.268
2363	-.703
2941	-.14
2364	-.028
2942	.57
2365	-.15
2943	.028
2366	-.15
2944	.046
55	-.308
633	-.627
56	.028
634	.199
57	.124
635	-.169
58	-.52
636	.147
59	.165
637	-.118
60	-.53
638	.29
2367	1.799
2945	-.024
2368	-.007
2946	-.439
2369	.441
2947	.435
2370	-.036
2948	.017
2371	.653
2949	-.327
2372	.134
2950	-.167
61	-.008
639	.161
62	.015
640	.05
63	.162
641	-.182
64	1.247
642	.943
65	.083
643	.608
66	.226
644	-.868
2373	-.257
2951	-.002
2374	.087
2952	.167
2375	-.018
2953	.379
2376	.495
2954	-.105
2377	-.138
2955	-.146
2378	-.121
2956	-.211
67	.824
645	-.333
68	-.533
646	-.143
69	-.787
647	.776
70	1.415
648	.931
71	.12
649	.265
72	-.729
650	-.162
2379	.276
2957	.548
2380	.355
2958	.034
2381	.431
2959	-.057
2382	.395
2960	.984
2383	-.508
2961	.302
2384	.229
2962	.897
338	.189
916	-.318
339	.081
917	-.916
340	-.062
918	-.535
341	.202
919	.681
342	.162
920	.172
343	-.073
921	-.68
2650	.347
3228	1.504
2651	-.121
3229	-.484
2652	.228
3230	-.674
2653	-.814
3231	.465
2654	2.411
3232	.95
2655	.009
3233	-.681
344	.134
922	-.263
345	.123
923	-.014
346	-.024
924	-.931
347	-.194
925	.147
348	.037
926	.279
349	.13
927	-.024
2656	-.122
3234	-.047
2657	-.04
3235	-.372
2658	.713
3236	.454
2659	-.024
3237	-.593
2660	1.236
3238	.028
2661	-.165
3239	-.715
350	-.427
928	-.384
351	-.263
929	-.109
352	.277
930	-2.118
353	.178
931	-1.314
354	.443
932	.2
355	.125
933	-1.068
2662	-.518
3240	-.351
2663	-.591
3241	-.295
2664	-.217
3242	-.274
2665	.487
3243	.602
2666	.284
3244	-.391
2667	-.339
3245	-.525
356	-.324
934	-.15
357	-.21
935	-1.818
358	-.055
936	.098
359	.07
937	-.065
360	.05
938	.178
361	.075
939	-.082
2668	-.359
3246	
2669	.424
3247	-.251
2670	.09
3248	.086
2671	-.188
3249	-.024
2672	.062
3250	-.602
2673	-.13
3251	-.252
1494	.304
2072	-1.409
1495	-.113
2073	-.527
1496	.02
2074	-.297
1497	.331
2075	-.168
1498	-.054
2076	-.601
1499	-.287
2077	.647
3806	-.506
4384	-.235
3807	.014
4385	-.027
3808	1.121
4386	-.392
3809	-.046
4387	-.977
3810	-.082
4388	-.247
3811	-.165
4389	.261
1500	.606
2078	.428
1501	.425
2079	-.489
1502	.247
2080	-.267
1503	-.163
2081	.213
1504	-.408
2082	-.118
1505	.097
2083	-.089
3812	.553
4390	.522
3813	-.399
4391	.338
3814	-.163
4392	-.318
3815	.148
4393	.153
3816	-.342
4394	-.111
3817	-.075
4395	-.913
1506	.055
2084	-.078
1507	-.455
2085	-.325
1508	.067
2086	-.016
1509	.162
2087	-.028
1510	-.377
2088	-1.761
1511	-.454
2089	-1.976
3818	1.251
4396	-.099
3819	-.046
4397	-.93
3820	-.144
4398	-.38
3821	-.128
4399	-2.247
3822	-.439
4400	-.648
3823	.524
4401	
1512	.035
2090	
1513	-.466
2091	
1514	.13
2092	-.439
1515	.495
2093	.357
1516	.039
2094	-.02
1517	.002
2095	-.015
3824	.488
4402	-.641
3825	.282
4403	-.314
3826	-.125
4404	-.413
3827	-.132
4405	-.302
3828	.109
4406	.319
3829	.529
4407	.561
1205	-.976
1783	-1.403
1206	-.198
1784	-.984
1207	-.683
1785	-1.176
1208	-2.287
1786	.036
1209	-1.818
1787	-.662
1210	-.674
1788	-1.818
3517	.124
4095	-.88
3518	-1.224
4096	.317
3519	-.244
4097	-2.247
3520	-.265
4098	-1.024
3521	-.095
4099	-1.387
3522	-1.872
4100	-.832
1211	.18
1789	-1.577
1212	-1.555
1790	-1.297
1213	-.214
1791	-.739
1214	-1.068
1792	-.194
1215	-.331
1793	-.809
1216	-.791
1794	.239
3523	-.836
4101	-.261
3524	-.356
4102	-.122
3525	.911
4103	.198
3526	-.191
4104	.142
3527	-.428
4105	.058
3528	.386
4106	-.127
1217	.228
1795	.179
1218	-.07
1796	-.394
1219	.259
1797	.191
1220	1.513
1798	.049
1221	-.118
1799	.328
1222	.104
1800	.162
3529	-.907
4107	-.413
3530	-.917
4108	-.272
3531	-1.012
4109	-.342
3532	-.156
4110	.093
3533	-.15
4111	-.89
3534	.149
4112	-.237
1223	-.303
1801	-.221
1224	.021
1802	-.809
1225	.375
1803	.275
1226	.222
1804	.106
1227	.531
1805	.228
1228	.019
1806	-.1
3535	0
4113	.382
3536	.207
4114	-.584
3537	-.234
4115	.122
3538	-.484
4116	-.102
3539	-.077
4117	.561
3540	.239
4118	.189
73	-.176
651	.18
74	.383
652	.43
75	-.394
653	-.394
76	.221
654	.211
77	.353
655	.043
78	.073
656	-.925
2385	-.439
2963	-.452
2386	.624
2964	1.7
2387	1.487
2965	-.07
2388	-.256
2966	.493
2389	.364
2967	.541
2390	.683
2968	.682
79	.934
657	.273
80	-.068
658	-.308
81	-.439
659	-1.309
82	-.746
660	-.748
83	-.593
661	.046
84	.219
662	.08
2391	.617
2969	-.23
2392	-.092
2970	.454
2393	.239
2971	1.823
2394	1.594
2972	.459
2395	.25
2973	-.029
2396	.156
2974	-.21
85	.171
663	.369
86	-.272
664	.136
87	.091
665	1.162
88	.796
666	.166
89	.414
667	.332
90	.434
668	.265
2397	.229
2975	-.271
2398	-.063
2976	-.41
2399	.139
2977	.573
2400	-.011
2978	-.323
2401	1.203
2979	.184
2402	.241
2980	.273
91	.526
669	.094
92	.393
670	.131
93	.549
671	-.053
94	-.205
672	.014
95	.107
673	.122
96	-.051
674	-.176
2403	-.251
2981	-.411
2404	.25
2982	.13
2405	.164
2983	-.038
2406	.144
2984	.209
2407	.957
2985	-.024
2408	.001
2986	-.045
362	-.212
940	.115
363	-.908
941	-1.083
364	.158
942	-.063
365	.106
943	.049
366	.459
944	.058
367	-.005
945	-1.672
2674	.438
3252	.141
2675	.016
3253	.058
2676	.392
3254	-.213
2677	-.002
3255	-.287
2678	.05
3256	-.14
2679	-.478
3257	-1.167
368	-.489
946	.126
369	.273
947	-1.51
370	-.376
948	-1.595
371	-.295
949	
372	-.859
950	-.416
373	.224
951	.374
2680	.234
3258	-.327
2681	-.158
3259	-.192
2682	.01
3260	-.237
2683	-.006
3261	-.007
2684	-.057
3262	-.855
2685	-.327
3263	-.086
374	.157
952	-.388
375	-.255
953	.094
376	.174
954	-.118
377	.752
955	.585
378	.284
956	.104
379	.095
957	-.14
2686	-.777
3264	-1.993
2687	-1.403
3265	-.568
2688	-.218
3266	-.314
2689	-.324
3267	-.263
2690	.057
3268	-.231
2691	-.417
3269	-.092
380	.382
958	.065
381	.096
959	.354
382	.257
960	.207
383	.897
961	-.295
384	.583
962	-.185
385	.282
963	-.068
2692	.143
3270	-.257
2693	-.141
3271	-.145
2694	-.561
3272	-.698
2695	.372
3273	-.116
2696	-.024
3274	.028
2697	1.499
3275	1.154
1518	-.466
2096	.231
1519	-.075
2097	-.52
1520	-.544
2098	-.155
1521	-.083
2099	-.255
1522	.383
2100	.444
1523	.461
2101	-.13
3830	.234
4408	-.304
3831	.03
4409	-.261
3832	-.287
4410	-.283
3833	.044
4411	.093
3834	-.116
4412	-.281
3835	.07
4413	-1.002
1524	-.655
2102	-1.394
1525	.362
2103	-.015
1526	-.252
2104	-.247
1527	.337
2105	.239
1528	.7
2106	-1.187
1529	.69
2107	-1.855
3836	-2.14
4414	-3.058
3837	.165
4415	-.088
3838	.065
4416	-.247
3839	1.065
4417	.178
3840	.767
4418	-.051
3841	.068
4419	.487
1530	-.016
2108	-2.044
1531	.391
2109	-.21
1532	.192
2110	.032
1533	-.273
2111	-.305
1534	-.921
2112	.008
1535	-.099
2113	-.176
3842	.108
4420	-1.378
3843	-.205
4421	-.456
3844	-.811
4422	-.777
3845	.063
4423	-.267
3846	-.237
4424	-.328
3847	.387
4425	-.001
1536	-.115
2114	-.372
1537	-.128
2115	.229
1538	-.218
2116	.115
1539	.705
2117	.414
1540	-.115
2118	-.251
1541	-.287
2119	-.121
3848	-.62
4426	-.305
3849	-.551
4427	-.544
3850	.326
4428	.163
3851	-.212
4429	.126
3852	.405
4430	-.677
3853	.761
4431	-.413
1229	-.001
1807	.194
1230	.547
1808	-.011
1231	-.061
1809	-.194
1232	-.024
1810	.379
1233	-.107
1811	-.211
1234	-.082
1812	-.513
3541	-.396
4119	-.354
3542	-.297
4120	.404
3543	.976
4121	-.035
3544	-.136
4122	.107
3545	.996
4123	.544
3546	.162
4124	.133
1235	.142
1813	-.031
1236	-.463
1814	-.357
1237	.357
1815	-.038
1238	.307
1816	.371
1239	.397
1817	.075
1240	1.387
1818	.141
3547	-.307
4125	-.292
3548	-.456
4126	-.121
3549	-.247
4127	-.644
3550	-.959
4128	-.328
3551	.538
4129	.222
3552	.373
4130	-.065
1241	.014
1819	.002
1242	.217
1820	-.618
1243	-.033
1821	-.467
1244	-.17
1822	-.363
1245	.189
1823	.418
1246	.055
1824	.441
3553	.615
4131	-.551
3554	-.055
4132	.122
3555	.2
4133	.229
3556	.539
4134	.134
3557	-.059
4135	-.064
3558	.227
4136	.163
1247	.355
1825	.367
1248	.36
1826	.766
1249	.377
1827	-.004
1250	.254
1828	.013
1251	-.133
1829	-.351
1252	-.314
1830	.109
3559	-.02
4137	-.024
3560	-.349
4138	.193
3561	-.189
4139	-.237
3562	-1.705
4140	.023
3563	-.458
4141	-.421
3564	.694
4142	.154
97	.12
675	-.229
98	.012
676	.213
99	.248
677	.971
100	.181
678	-.279
101	-.197
679	-.076
102	-.749
680	.412
2409	-.462
2987	-1.024
2410	.048
2988	-.24
2411	-.471
2989	-.176
2412	-.089
2990	.257
2413	-.016
2991	.573
2414	.46
2992	.248
103	-.162
681	-.046
104	-.539
682	-.306
105	.18
683	-1.65
106	.321
684	.075
107	-.369
685	.106
108	.137
686	.216
2415	-.263
2993	.451
2416	-.109
2994	-.113
2417	-.148
2995	-.439
2418	.124
2996	.068
2419	.288
2997	-.017
2420	.044
2998	.585
109	.37
687	.186
110	.69
688	.127
111	.605
689	-.009
112	.119
690	1.223
113	-.045
691	.503
114	.845
692	.657
2421	1.144
2999	.306
2422	.629
3000	.821
2423	.677
3001	.289
2424	.141
3002	.014
2425	-.018
3003	-.195
2426	-.004
3004	.234
115	.42
693	.069
116	-.049
694	-.232
117	-.328
695	-1.502
118	.166
696	.06
119	.753
697	-.034
120	-.205
698	.412
2427	1.231
3005	.625
2428	1.304
3006	-.056
2429	.213
3007	-.132
2430	.32
3008	.161
2431	.391
3009	.157
2432	-.174
3010	-.297
386	.139
964	-.713
387	.412
965	.514
388	.594
966	-.439
389	-.361
967	-1.49
390	.415
968	.51
391	.473
969	-.687
2698	.269
3276	-.674
2699	.77
3277	-.213
2700	.138
3278	-.237
2701	-.205
3279	1.359
2702	1.534
3280	.288
2703	.782
3281	-.176
392	.347
970	.247
393	-.527
971	.225
394	.2
972	-.34
395	-.674
973	-.314
396	-.439
974	-.439
397	.033
975	-.385
2704	.003
3282	-.473
2705	.168
3283	-.531
2706	-.172
3284	-.127
2707	.119
3285	-.372
2708	-.01
3286	.072
2709	-.938
3287	-.439
398	-.063
976	-.387
399	-.148
977	-.124
400	.115
978	-.408
401	-.192
979	-.414
402	-.055
980	-1.889
403	-.169
981	-3.649
2710	-.113
3288	-.255
2711	-.491
3289	-.687
2712	-2.065
3290	-1.475
2713	-1.202
3291	-.439
2714	-.761
3292	.078
2715	.657
3293	-.126
404	-.165
982	.407
405	.574
983	-1.147
406	-.137
984	-1.265
407	-.319
985	
408	-.264
986	
409	-.533
987	-.163
2716	-.569
3294	-.408
2717	-.27
3295	-.806
2718	-.24
3296	-.509
2719	-.383
3297	-.205
2720	.043
3298	
2721	.046
3299	-.138
1542	-.405
2120	.538
1543	.415
2121	.275
1544	-.062
2122	-.541
1545	1.134
2123	-.247
1546	-.166
2124	-.487
1547	-.238
2125	-.046
3854	.194
4432	.201
3855	-.095
4433	.733
3856	-.128
4434	-.49
3857	.482
4435	.343
3858	.699
4436	.331
3859	.298
4437	-.111
1548	.398
2126	-.137
1549	.002
2127	-.08
1550	.269
2128	.606
1551	.434
2129	-.118
1552	.112
2130	.236
1553	-.034
2131	-.105
3860	.155
4438	.015
3861	.21
4439	.29
3862	-.017
4440	-.411
3863	-.114
4441	-.024
3864	.156
4442	-.043
3865	-.172
4443	-.211
1554	.205
2132	.213
1555	.511
2133	.016
1556	.513
2134	.152
1557	.153
2135	-.049
1558	-.545
2136	-1.019
1559	-1.125
2137	-3.705
3866	-.181
4444	-.555
3867	.415
4445	-.172
3868	.219
4446	-.087
3869	-.294
4447	-.344
3870	-.056
4448	-.135
3871	.404
4449	-1.535
1560	.484
2138	.547
1561	-.105
2139	.371
1562	.204
2140	-.624
1563	-.277
2141	.374
1564	-.21
2142	.609
1565	.049
2143	-.2
3872	.462
4450	.49
3873	.524
4451	-.012
3874	-.099
4452	.03
3875	.215
4453	-1.439
3876	-.011
4454	-.276
3877	.104
4455	-.118
1253	.059
1831	-.259
1254	.03
1832	.561
1255	3.094
1833	.512
1256	.387
1834	.779
1257	1.276
1835	2.897
1258	.456
1836	.422
3565	.255
4143	-.082
3566	.132
4144	.186
3567	-.118
4145	.067
3568	.189
4146	.193
3569	.769
4147	1.096
3570	.016
4148	-.117
1259	.169
1837	-1.198
1260	-.247
1838	.252
1261	.015
1839	.098
1262	.209
1840	.747
1263	-.019
1841	.004
1264	-.139
1842	.098
3571	-.416
4149	-.05
3572	-.065
4150	-.361
3573	.047
4151	-.149
3574	-.059
4152	-.816
3575	-.42
4153	-.691
3576	.213
4154	-.15
1265	-.248
1843	.753
1266	.733
1844	-.217
1267	.229
1845	.561
1268	.289
1846	.039
1269	.341
1847	-.08
1270	.319
1848	.653
3577	.729
4155	-.029
3578	.542
4156	.333
3579	-.118
4157	.451
3580	-.178
4158	-.231
3581	-1.095
4159	-.761
3582	-.118
4160	.113
1271	-.439
1849	-.081
1272	-.187
1850	-.183
1273	.11
1851	.135
1274	-.169
1852	-.152
1275	-.144
1853	-.344
1276	.232
1854	2.218
3583	4.093
4161	.278
3584	-1.314
4162	-.965
3585	.222
4163	-.062
3586	-.46
4164	-.399
3587	.316
4165	-.208
3588	-.132
4166	-.171
121	-.641
699	.589
122	.368
700	.194
123	.446
701	.216
124	-.05
702	.282
125	1.204
703	.067
126	.054
704	-.184
2433	-.03
3011	-.328
2434	-.217
3012	.006
2435	.016
3013	.088
2436	.485
3014	.019
2437	.003
3015	.516
2438	.972
3016	.028
127	.514
705	.071
128	-.039
706	-.128
129	.14
707	1.433
130	.613
708	.369
131	.402
709	.618
132	1.108
710	.371
2439	.375
3017	.07
2440	.334
3018	-.05
2441	-.21
3019	.077
2442	.013
3020	.145
2443	-.346
3021	-.365
2444	-1.159
3022	-.1
133	-.074
711	-.253
134	.122
712	-.118
135	-.097
713	-.077
136	.377
714	.017
137	.091
715	.685
138	-.217
716	.902
2445	-.131
3023	-.685
2446	-.12
3024	-.19
2447	-.129
3025	-.118
2448	-1.553
3026	.297
2449	.248
3027	.352
2450	.604
3028	.808
139	.913
717	.367
140	.802
718	2.726
141	2.231
719	.574
142	.153
720	.163
143	.132
721	.216
144	1.182
722	2.1
2451	3.253
3029	.784
2452	3.352
3030	.317
2453	-.562
3031	-.48
2454	.043
3032	.067
2455	.11
3033	-.021
2456	-.498
3034	.406
410	.264
988	.12
411	.592
989	.757
412	.459
990	.535
413	.106
991	.16
414	.048
992	-.838
415	.023
993	1.297
2722	3.249
3300	4.614
2723	3.969
3301	4.082
2724	.455
3302	.287
2725	.526
3303	.152
2726	.292
3304	-.46
2727	-.169
3305	-.049
416	.561
994	.105
417	.654
995	-.205
418	-.016
996	-.09
419	-.033
997	-.255
420	.038
998	.275
421	.223
999	-.746
2728	.04
3306	-.235
2729	.815
3307	.179
2730	1.034
3308	-.162
2731	.027
3309	-.319
2732	.625
3310	-.266
2733	.271
3311	-1.314
422	.091
1000	-.028
423	.226
1001	-.072
424	1.018
1002	-.075
425	-.074
1003	-1.832
426	.173
1004	-.801
427	-.13
1005	-.118
2734	.87
3312	-.838
2735	.041
3313	.123
2736	-.011
3314	-.717
2737	-.862
3315	-1.682
2738	-1.361
3316	-.264
2739	-.326
3317	-.297
428	-.03
1006	.193
429	.48
1007	-.459
430	.083
1008	.279
431	-.22
1009	.087
432	.25
1010	-.04
433	.026
1011	.012
2740	-.529
3318	-1.225
2741	-.201
3319	-.137
2742	-.094
3320	-.015
2743	-.083
3321	-.265
2744	.402
3322	.403
2745	.904
3323	.203
1566	.069
2144	-.243
1567	.273
2145	.411
1568	.501
2146	-.353
1569	.215
2147	.054
1570	.476
2148	.112
1571	.667
2149	.692
3878	.021
4456	-.014
3879	-.271
4457	.087
3880	.971
4458	.211
3881	.106
4459	-.405
3882	-.039
4460	-.148
3883	.122
4461	-.08
1572	.045
2150	.015
1573	.662
2151	-.132
1574	.148
2152	-.271
1575	.276
2153	.001
1576	.355
2154	-1.064
1577	.967
2155	.794
3884	.545
4462	.715
3885	.506
4463	-.439
3886	.082
4464	-.693
3887	-.179
4465	-.777
3888	-.136
4466	-.466
3889	-.083
4467	-.373
1578	-.264
2156	-.548
1579	.184
2157	-.091
1580	-.045
2158	-.396
1581	-.056
2159	-1.314
1582	-.287
2160	.733
1583	.158
2161	-.168
3890	.038
4468	-.254
3891	.145
4469	.101
3892	-.24
4470	
3893	.205
4471	-.388
3894	.219
4472	-.279
3895	-.058
4473	-.024
1584	.218
2162	-.223
1585	.358
2163	.075
1586	-.073
2164	.006
1587	.54
2165	-.082
1588	.117
2166	-.002
1589	.397
2167	-.15
3896	.149
4474	-.439
3897	1.008
4475	-.018
3898	.216
4476	.348
3899	.464
4477	.01
3900	.132
4478	-.048
3901	.098
4479	.527
1277	-.309
1855	.361
1278	.628
1856	.234
1279	.022
1857	.073
1280	-.272
1858	-.024
1281	.322
1859	.451
1282	.129
1860	-.121
3589	.034
4167	.029
3590	-.195
4168	-.135
3591	.07
4169	-.179
3592	-.028
4170	.094
3593	-.2
4171	-.12
3594	-.541
4172	.317
1283	-.2
1861	.255
1284	-.235
1862	-.009
1285	.373
1863	.402
1286	-.293
1864	.015
1287	-.569
1865	.132
1288	-1.359
1866	-.471
3595	-.585
4173	-1.575
3596	-.786
4174	-.614
3597	-1.346
4175	-1.195
3598	-1.685
4176	.045
3599	-.241
4177	.128
3600	.062
4178	-.065
1289	.17
1867	.01
1290	-1.12
1868	-.024
1291	-1.137
1869	-1.154
1292	.082
1870	-.168
1293	.157
1871	-.245
1294	.061
1872	.088
3601	-.162
4179	-.235
3602	.353
4180	-.512
3603	.128
4181	-.416
3604	-.024
4182	-.19
3605	.431
4183	.841
3606	.371
4184	.337
1295	.867
1873	.384
1296	-.336
1874	.272
1297	-.302
1875	.02
1298	-.046
1876	-.145
1299	.835
1877	.403
1300	.396
1878	.183
3607	-.497
4185	-.392
3608	.287
4186	.591
3609	.255
4187	.366
3610	.26
4188	.441
3611	1.087
4189	-.071
3612	-.57
4190	.061
145	.239
723	.396
146	-.069
724	-.205
147	-.357
725	-.135
148	-.176
726	.139
149	.132
727	.016
150	.433
728	-.439
2457	-.236
3035	-.073
2458	-.217
3036	-.176
2459	-.228
3037	.134
2460	-.074
3038	-.029
2461	-.05
3039	.194
2462	.194
3040	-.153
151	.49
729	-.007
152	.22
730	.071
153	.184
731	-.59
154	-.4
732	.23
155	-4.194
733	-.474
156	-.842
734	-.083
2463	.016
3041	.053
2464	-.251
3042	.168
2465	.521
3043	-.191
2466	.179
3044	-.606
2467	-1.102
3045	-.393
2468	-.451
3046	-.82
157	.034
735	-.159
158	.222
736	-.051
159	.607
737	1.13
160	.481
738	-.068
161	-.322
739	-.235
162	-.2
740	-.142
2469	-.569
3047	-.273
2470	-.162
3048	-.054
2471	.346
3049	-.06
2472	.655
3050	-.096
2473	.618
3051	.323
2474	.015
3052	-.326
163	-.79
741	-.166
164	-.408
742	-.261
165	.128
743	-.041
166	.066
744	-.206
167	.29
745	.385
168	-.201
746	-.024
2475	.075
3053	-.215
2476	-.172
3054	-.041
2477	.144
3055	-.236
2478	.09
3056	.897
2479	-1.142
3057	-.473
2480	-.221
3058	-.415
434	.002
1012	-.308
435	-.036
1013	.264
436	.854
1014	.083
437	-.357
1015	-.632
438	-.355
1016	-.382
439	.37
1017	.301
2746	.421
3324	-.089
2747	-.024
3325	.074
2748	.075
3326	-.627
2749	.034
3327	-.039
2750	.712
3328	-.417
2751	.17
3329	-.163
440	-.818
1018	-2.899
441	.047
1019	2.549
442	2.125
1020	.465
443	.886
1021	.322
444	.234
1022	-.439
445	-.324
1023	.473
2752	
3330	-1.054
2753	-.363
3331	.323
2754	.356
3332	.538
2755	.114
3333	.09
2756	.572
3334	-.257
2757	-.383
3335	.016
446	.045
1024	-1.186
447	.9
1025	.075
448	.422
1026	.743
449	.954
1027	.145
450	-.353
1028	.223
451	.016
1029	.343
2758	.415
3336	.145
2759	-.07
3337	.294
2760	.43
3338	-.188
2761	.264
3339	-.338
2762	.102
3340	-.287
2763	.095
3341	.709
452	.003
1030	-.439
453	-.112
1031	-.131
454	.728
1032	.522
455	.273
1033	-.13
456	-.024
1034	-.051
457	.631
1035	-.011
2764	-.131
3342	.16
2765	.609
3343	-.184
2766	.348
3344	-.027
2767	-.247
3345	-3.761
2768	-.383
3346	-.167
2769	.479
3347	.602
1590	-.779
2168	-.2
1591	-.27
2169	-.247
1592	.136
2170	-.439
1593	-.387
2171	.057
1594	.332
2172	-.224
1595	.297
2173	-.827
3902	.337
4480	-.005
3903	.65
4481	-.198
3904	-.389
4482	.256
3905	-.558
4483	-.015
3906	.145
4484	-.107
3907	.248
4485	-.169
1596	-.112
2174	-.416
1597	.027
2175	-.041
1598	.431
2176	-.549
1599	4.072
2177	1.286
1600	1.539
2178	4.138
1601	3.602
2179	3.635
3908	2.358
4486	3.853
3909	2.74
4487	.054
3910	.86
4488	.275
3911	.749
4489	.022
3912	.182
4490	.71
3913	.477
4491	.786
1602	.419
2180	.064
1603	.174
2181	.043
1604	1.239
2182	-.129
1605	.473
2183	.059
1606	.106
2184	-.068
1607	-.226
2185	.293
3914	.201
4492	-.197
3915	.448
4493	.282
3916	.815
4494	-.473
3917	.265
4495	-.047
3918	.164
4496	-.016
3919	.571
4497	-.096
1608	.276
2186	.203
1609	-.073
2187	.21
1610	.358
2188	-.739
1611	-.006
2189	1.213
1612	.035
2190	-.076
1613	.275
2191	-.287
3920	-.003
4498	-.528
3921	-.003
4499	-.88
3922	-.858
4500	-.281
3923	.129
4501	-1.118
3924	-.291
4502	-.498
3925	-.142
4503	-.097
1301	.753
1879	.437
1302	.205
1880	.159
1303	.07
1881	-.544
1304	.27
1882	-.465
1305	-.106
1883	-.409
1306	.348
1884	.125
3613	-.014
4191	-.017
3614	.132
4192	.184
3615	-.134
4193	0
3616	-.23
4194	1.325
3617	1.094
4195	.521
3618	.937
4196	.584
1307	.1
1885	-.051
1308	.122
1886	-.082
1309	-.648
1887	.203
1310	-.25
1888	.32
1311	.051
1889	-.149
1312	-.115
1890	.386
3619	.192
4197	.547
3620	.766
4198	.11
3621	-.2
4199	-.112
3622	.009
4200	.293
3623	-.14
4201	.189
3624	.292
4202	-.063
1313	-.744
1891	.036
1314	-.094
1892	-.15
1315	-.114
1893	-.419
1316	-.176
1894	-.215
1317	-.041
1895	-.199
1318	.447
1896	.243
3625	.84
4203	.209
3626	-.273
4204	-.561
3627	-.414
4205	.064
3628	.123
4206	-.327
3629	-.103
4207	-.305
3630	-.98
4208	.008
1319	.132
1897	.157
1320	-.225
1898	.17
1321	-.021
1899	.109
1322	.245
1900	.317
1323	.092
1901	.018
1324	.139
1902	.154
3631	.301
4209	.653
3632	.082
4210	.585
3633	1.35
4211	.043
3634	-.164
4212	-.279
3635	-.278
4213	-.738
3636	-.173
4214	-.143
169	-.024
747	-.131
170	.525
748	.532
171	.359
749	1.395
172	-.577
750	1.076
173	-.269
751	.615
174	.976
752	1.025
2481	.009
3059	.018
2482	.432
3060	.33
2483	1.052
3061	.081
2484	.36
3062	.16
2485	.101
3063	.615
2486	
3064	.115
175	-.019
753	.331
176	.187
754	.314
177	.179
755	.458
178	-.125
756	-.225
179	-1.283
757	.021
180	-.213
758	.791
2487	
3065	.314
2488	-.081
3066	.187
2489	.151
3067	-.136
2490	.113
3068	.079
2491	.486
3069	-.365
2492	-1.118
3070	-.713
181	-1.314
759	.107
182	-.013
760	.303
183	.75
761	-.015
184	.061
762	.46
185	-.028
763	-.166
186	-.976
764	.106
2493	.311
3071	-.211
2494	.204
3072	-.239
2495	.01
3073	.517
2496	.139
3074	-.777
2497	-.967
3075	-.639
2498	-.169
3076	-.615
187	-.276
765	-.134
188	-.13
766	.924
189	.198
767	-.159
190	-.368
768	.261
191	.051
769	-.05
192	.104
770	.247
2499	.347
3077	-.15
2500	-.018
3078	.003
2501	1.323
3079	.593
2502	.05
3080	3.197
2503	.425
3081	.034
2504	.1
3082	1.782
458	.4
1036	
459	.209
1037	
460	-.256
1038	-.304
461	-1.01
1039	.154
462	.472
1040	.287
463	.043
1041	-.555
2770	.003
3348	-.228
2771	.024
3349	-2.761
2772	.235
3350	-.093
2773	0
3351	-.156
2774	.368
3352	-.251
2775	.061
3353	-.287
464	.08
1042	.057
465	.066
1043	-.818
466	-.009
1044	-.308
467	.054
1045	-.309
468	-.246
1046	-1.024
469	-.504
1047	-.093
2776	-.588
3354	-.512
2777	.145
3355	-.143
2778	.262
3356	-.112
2779	.13
3357	.017
2780	-.48
3358	.99
2781	-.151
3359	-.194
470	.409
1048	-.599
471	-.372
1049	.332
472	-.051
1050	.299
473	.572
1051	.288
474	-.024
1052	-.037
475	.181
1053	.381
2782	.111
3360	-.176
2783	.145
3361	-.439
2784	.026
3362	-.102
2785	
3363	-.899
2786	.218
3364	-.369
2787	-.061
3365	-.761
476	-.528
1054	-.221
477	.191
1055	-.159
478	.16
1056	-.129
479	.219
1057	-.19
480	-.487
1058	-.265
481	-.056
1059	.477
2788	.434
3366	-.662
2789	.533
3367	-.258
2790	.087
3368	-.212
2791	.079
3369	.443
2792	-.024
3370	.113
2793	.584
3371	.008
1614	.012
2192	-.818
1615	-.261
2193	-4.14
1616	-.194
2194	.132
1617	-.147
2195	-.118
1618	-.06
2196	-1.69
1619	-1.513
2197	-.617
3926	-1.312
4504	
3927	.189
4505	
3928	.073
4506	-.109
3929	-.157
4507	.117
3930	-.323
4508	-.291
3931	.03
4509	-.799
1620	-.459
2198	.096
1621	.43
2199	-.041
1622	-.797
2200	.421
1623	.069
2201	-.185
1624	.157
2202	-.087
1625	-.327
2203	.152
3932	.674
4510	-.063
3933	-.034
4511	.876
3934	-.813
4512	-.457
3935	-.721
4513	-.961
3936	-.263
4514	-.439
3937	.123
4515	-.405
1626	.174
2204	-.097
1627	.001
2205	-.237
1628	.01
2206	-1.14
1629	-.512
2207	
1630	-.23
2208	-.01
1631	.002
2209	.534
3938	-.095
4516	-.243
3939	-.281
4517	-.351
3940	-.041
4518	-.713
3941	.182
4519	.306
3942	-.37
4520	-.04
3943	.262
4521	.219
1632	1.491
2210	.102
1633	.297
2211	.325
1634	.517
2212	-.238
1635	-.176
2213	.124
1636	.178
2214	-.072
1637	.101
2215	-.517
3944	.261
4522	-.641
3945	-.077
4523	-.145
3946	.113
4524	-.204
3947	.049
4525	-.161
3948	-.192
4526	-.703
3949	-.05
4527	-.21
1325	-.074
1903	.525
1326	.604
1904	-.049
1327	-.115
1905	.034
1328	.014
1906	.34
1329	.204
1907	.647
1330	.291
1908	.788
3637	-.3
4215	-1.095
3638	.202
4216	-.258
3639	-.186
4217	-.341
3640	-.044
4218	.106
3641	-.217
4219	-.285
3642	-.174
4220	.554
1331	-1.007
1909	.098
1332	-.014
1910	.111
1333	.204
1911	.062
1334	.166
1912	.358
1335	.239
1913	-.249
1336	.08
1914	.703
3643	.542
4221	-.118
3644	.543
4222	.736
3645	-.165
4223	.215
3646	.003
4224	.064
3647	-.076
4225	-.506
3648	-1.292
4226	-.034
1337	-.096
1915	1.806
1338	-.056
1916	-.194
1339	-.14
1917	.186
1340	1.195
1918	.075
1341	.092
1919	-.517
1342	.054
1920	-.089
3649	.331
4227	-.191
3650	-.868
4228	-.427
3651	-1.044
4229	-.761
3652	-.982
4230	-.651
3653	-.861
4231	.011
3654	-.367
4232	-.088
1343	-.155
1921	.197
1344	.132
1922	-.327
1345	-.073
1923	-.102
1346	.048
1924	-.039
1347	.182
1925	.185
1348	.209
1926	-.165
3655	-.105
4233	-.561
3656	-.599
4234	.013
3657	.008
4235	.096
3658	-.265
4236	-.02
3659	-.498
4237	-.21
3660	-.571
4238	-.199
193	.037
771	.005
194	.159
772	-.247
195	.043
773	.141
196	.313
774	.4
197	.485
775	.003
198	-.297
776	-.213
2505	.963
3083	.004
2506	.191
3084	.334
2507	.318
3085	.095
2508	-.1
3086	-.439
2509	-.703
3087	-.643
2510	.175
3088	-.656
199	-.016
777	-.236
200	.189
778	-.019
201	1.165
779	.709
202	.161
780	.335
203	.477
781	.429
204	.008
782	.43
2511	-.609
3089	-.561
2512	-.439
3090	-.662
2513	-.399
3091	-.265
2514	.26
3092	-.329
2515	.136
3093	-.329
2516	-1.098
3094	-.835
205	-.501
783	-.106
206	.267
784	-.164
207	.207
785	.719
208	3.855
786	.972
209	.969
787	3.787
210	4.63
788	2.03
2517	3.315
3095	3.441
2518	1.906
3096	.394
2519	-.046
3097	.045
2520	1.407
3098	1.322
2521	.477
3099	.041
2522	-.01
3100	-.509
211	-.756
789	-.782
212	-.931
790	-.786
213	-1.48
791	-1.273
214	-1.128
792	-.33
215	-.583
793	-.771
216	-1.113
794	-.575
2523	-1.916
3101	-.03
2524	.087
3102	.158
2525	-.003
3103	.136
2526	-1.102
3104	.385
2527	-.161
3105	-.35
2528	.684
3106	.02
482	-.166
1060	-1.128
483	-.07
1061	.168
484	.096
1062	-.818
485	.003
1063	-.475
486	-.352
1064	.207
487	-.095
1065	.017
2794	-.624
3372	-.044
2795	-.024
3373	-.17
2796	.271
3374	-.242
2797	.259
3375	-.04
2798	.561
3376	-.214
2799	.078
3377	.073
488	.358
1066	.407
489	-.321
1067	-.118
490	.567
1068	-.984
491	.008
1069	-1.761
492	.078
1070	
493	.78
1071	.13
2800	.274
3378	-.52
2801	-.134
3379	-.192
2802	-.736
3380	-.219
2803	.092
3381	-.497
2804	-.148
3382	-.527
2805	-.235
3383	.144
494	.269
1072	-.06
495	-.15
1073	.106
496	.278
1074	.263
497	.662
1075	.091
498	.118
1076	-.187
499	.16
1077	-.565
2806	-1.656
3384	-.275
2807	-.179
3385	-.57
2808	-.008
3386	.204
2809	.067
3387	-.277
2810	.368
3388	-.115
2811	-.302
3389	.181
500	-.04
1078	.051
501	-.066
1079	-.739
502	.073
1080	-1.071
503	-.053
1081	.325
504	.344
1082	.348
505	-.044
1083	-.176
2812	.103
3390	-.201
2813	-.349
3391	-.343
2814	-.181
3392	-1.15
2815	-.285
3393	-1.509
2816	-.265
3394	-.364
2817	-.183
3395	-.616
1638	-.959
2216	-.67
1639	-.39
2217	-.07
1640	-.135
2218	-.415
1641	.088
2219	.073
1642	-.213
2220	-.336
1643	1.443
2221	-.533
3950	.023
4528	-.087
3951	-.555
4529	.021
3952	-.593
4530	-2.662
3953	-.539
4531	-.168
3954	-.144
4532	.28
3955	-.043
4533	-.649
1644	.495
2222	-.032
1645	.09
2223	.582
1646	.717
2224	.008
1647	.972
2225	-2.14
1648	-.276
2226	-1.761
1649	-.439
2227	.082
3956	.024
4534	-.198
3957	-.176
4535	-1.555
3958	-.192
4536	-.591
3959	.092
4537	-.527
3960	.912
4538	
3961	.555
4539	.071
1650	-.009
2228	-.247
1651	.064
2229	.649
1652	-.126
2230	-1.916
1653	-.118
2231	.626
1654	.772
2232	-.268
1655	-.032
2233	.295
3962	.039
4540	-.059
3963	-.1
4541	-.102
3964	-.077
4542	-.772
3965	-.086
4543	-.307
3966	-.123
4544	-.522
3967	-.68
4545	-.263
1656	.049
2234	-.152
1657	-.192
2235	.093
1658	.041
2236	.14
1659	-.172
2237	-.05
1660	-.276
2238	.003
1661	.395
2239	-1.439
3968	-.343
4546	-.568
3969	-.147
4547	-1.855
3970	-.129
4548	-.165
3971	.634
4549	.287
3972	.039
4550	-.092
3973	-.609
4551	-.972
1349	.201
1927	-.085
1350	-.732
1928	-.431
1351	1.55
1929	1.282
1352	.149
1930	-.19
1353	-.331
1931	-.013
1354	-.478
1932	.094
3661	.095
4239	.144
3662	.033
4240	.334
3663	-.311
4241	-.031
3664	.082
4242	.366
3665	.399
4243	-.084
3666	.639
4244	.06
1355	.38
1933	.908
1356	-.058
1934	.043
1357	.178
1935	-.181
1358	-.229
1936	-.408
1359	-.044
1937	-.241
1360	-.182
1938	-.524
3667	-.171
4245	-.105
3668	.008
4246	.036
3669	-.152
4247	-.41
3670	.02
4248	-.392
3671	-.024
4249	-1.144
3672	-.031
4250	-.314
1361	-.844
1939	-.017
1362	-.061
1940	-.092
1363	-.02
1941	-.59
1364	-.16
1942	-.255
1365	-.899
1943	-.563
1366	.158
1944	.354
3673	-.087
4251	.165
3674	-.135
4252	.248
3675	-.075
4253	-.694
3676	.505
4254	-.071
3677	-.171
4255	.348
3678	-.23
4256	-.102
1367	1.393
1945	1.082
1368	-.208
1946	1.719
1369	-.208
1947	-.21
1370	.128
1948	-.131
1371	-.821
1949	-.176
1372	.309
1950	-.024
3679	-.021
4257	-.158
3680	-.632
4258	-.323
3681	-1.292
4259	.326
3682	-.212
4260	.208
3683	.267
4261	.027
3684	-.255
4262	.056
217	-.314
795	-.154
218	.444
796	.547
219	.373
797	.604
220	.33
798	.084
221	-.159
799	.096
222	.205
800	-.21
2529	-.247
3107	-.188
2530	-.167
3108	.229
2531	-.17
3109	-.049
2532	.091
3110	-.369
2533	-.617
3111	.023
2534	-.942
3112	-.075
223	-.196
801	0
224	.162
802	.98
225	.186
803	-.094
226	-.912
804	.042
227	-.101
805	-.205
228	.12
806	.181
2535	-.287
3113	-.502
2536	-.103
3114	-.369
2537	-.129
3115	-.048
2538	.05
3116	-.35
2539	-.064
3117	.115
2540	.191
3118	.16
229	.03
807	-.217
230	-.049
808	-.25
231	-.22
809	-.252
232	-.077
810	.24
233	.07
811	-.068
234	.522
812	.314
2541	-.056
3119	-.461
2542	.108
3120	.18
2543	.32
3121	.004
2544	-.129
3122	.88
2545	.051
3123	.16
2546	.106
3124	-.261
235	.067
813	-.044
236	.426
814	.06
237	.536
815	.246
238	.424
816	.174
239	.261
817	.051
240	.248
818	.186
2547	-.033
3125	-.295
2548	.275
3126	.07
2549	.164
3127	-.065
2550	.664
3128	.106
2551	-.04
3129	-.327
2552	.101
3130	.13
506	-.137
1084	-.003
507	-.309
1085	-1.077
508	.391
1086	-3.247
509	-.162
1087	-.406
510	-.003
1088	
511	.291
1089	-.247
2818	-.352
3396	-.742
2819	-.683
3397	-.383
2820	.213
3398	-.265
2821	.006
3399	-.598
2822	.118
3400	-.167
2823	.057
3401	-.015
512	-.138
1090	.185
513	-.007
1091	.008
514	.942
1092	.252
515	-.004
1093	.366
516	-.198
1094	-.575
517	-1.256
1095	-.439
2824	-.171
3402	.659
2825	-.242
3403	.005
2826	.173
3404	-.213
2827	.034
3405	-.062
2828	-.933
3406	-.069
2829	.582
3407	-.242
518	.083
1096	.131
519	1.106
1097	-.467
520	-.148
1098	-.581
521	-.098
1099	-.318
522	.092
1100	.115
523	.155
1101	-.015
2830	.108
3408	.472
2831	.681
3409	.413
2832	.379
3410	-.77
2833	-.009
3411	.057
2834	.138
3412	-.336
2835	-.275
3413	-.271
524	.208
1102	.368
525	.459
1103	.404
526	.252
1104	-3.247
527	-.06
1105	-.824
528	.234
1106	-.101
529	.166
1107	.533
2836	-.011
3414	-.078
2837	-.233
3415	.055
2838	.257
3416	.623
2839	-.148
3417	-.589
2840	.415
3418	.271
2841	-.329
3419	-.802
1662	-.24
2240	-.577
1663	.207
2241	.015
1664	.287
2242	.664
1665	.069
2243	-2.346
1666	.049
2244	-.71
1667	-.032
2245	-.009
3974	.063
4552	-.696
3975	-.136
4553	-.031
3976	.065
4554	-.305
3977	-.444
4555	-2.072
3978	-.588
4556	-1.546
3979	-.384
4557	-.539
1668	.397
2246	.069
1669	.681
2247	.122
1670	-.061
2248	.166
1671	-.064
2249	-.132
1672	.155
2250	-.761
1673	.853
2251	.274
3980	.048
4558	-.078
3981	-.744
4559	-.242
3982	-.367
4560	-.278
3983	-.279
4561	-.271
3984	.114
4562	-.069
3985	-.611
4563	-.372
1674	-.523
2252	-.299
1675	-.305
2253	-.085
1676	-.013
2254	-.214
1677	-.508
2255	-.51
1678	.675
2256	.455
1679	.338
2257	.508
3986	-.195
4564	-.693
3987	-.459
4565	-.351
3988	-.132
4566	-.914
3989	-.282
4567	-2.407
3990	.236
4568	.133
3991	.411
4569	.237
1680	-.135
2258	-.687
1681	-.078
2259	.026
1682	-.05
2260	.095
1683	-.962
2261	-1.319
1684	-.351
2262	-.312
1685	-.262
2263	.034
3992	-.118
4570	-.182
3993	.092
4571	-.311
3994	.63
4572	-.256
3995	.189
4573	-.232
3996	.175
4574	-.001
3997	.361
4575	-.007
1373	-.27
1951	-.123
1374	.908
1952	.315
1375	.32
1953	-.136
1376	-.147
1954	-.333
1377	.528
1955	.249
1378	-.357
1956	.561
3685	.28
4263	-.054
3686	-.1
4264	-.637
3687	-.513
4265	-.292
3688	.175
4266	-.321
3689	.014
4267	-.392
3690	-.328
4268	-.125
1379	.509
1957	1.487
1380	-.033
1958	-.193
1381	.383
1959	-.006
1382	.318
1960	.509
1383	.738
1961	.514
1384	.807
1962	-.171
3691	.035
4269	.448
3692	-.276
4270	.052
3693	-.356
4271	-.512
3694	-.583
4272	-.439
3695	-.469
4273	-.008
3696	.334
4274	-.205
1385	-.051
1963	-.131
1386	.24
1964	-.418
1387	-.171
1965	-.183
1388	-.636
1966	.387
1389	-.297
1967	-.319
1390	.08
1968	-.138
3697	-.044
4275	.283
3698	-.452
4276	-.05
3699	-.785
4277	-.295
3700	-.314
4278	.145
3701	-1.054
4279	-.331
3702	.161
4280	.371
1391	.561
1969	.35
1392	.472
1970	.321
1393	-.149
1971	-.314
1394	.062
1972	-.273
1395	.001
1973	-.314
1396	.091
1974	.096
3703	.136
4281	-.258
3704	-.265
4282	.088
3705	.324
4283	-.169
3706	.205
4284	.338
3707	.269
4285	.097
3708	.464
4286	.448
241	1.597
819	.638
242	.364
820	.019
243	.428
821	.337
244	.338
822	.502
245	-.241
823	.145
246	.021
824	.141
2553	.205
3131	.765
2554	.8
3132	-.078
2555	.106
3133	-.614
2556	.006
3134	-.33
2557	-.589
3135	-.355
2558	-.344
3136	-.324
247	.155
825	.138
248	.756
826	.186
249	-.12
827	-.168
250	-.316
828	.223
251	.11
829	-.555
252	-.556
830	-.358
2559	-.744
3137	-.119
2560	-.125
3138	-.617
2561	-.345
3139	-.477
2562	-.173
3140	-.299
2563	-.334
3141	-.27
2564	-.626
3142	-.202
253	-.254
831	-.024
254	.168
832	.145
255	.282
833	-.073
256	-.257
834	.514
257	.063
835	.051
258	-.372
836	.109
2565	.47
3143	-.546
2566	.278
3144	-.077
2567	-.037
3145	-.237
2568	.209
3146	-.081
2569	-.511
3147	-.355
2570	.064
3148	-.296
259	.263
837	.1
260	-.118
838	.246
261	.684
839	-.292
262	.018
840	-.371
263	-.534
841	-.058
264	.426
842	.662
