3176	-1.327
865	-1.295
3172	-1.327
2599	-.182
288	-.387
866	-1.956
863	-1.243
2595	-1.578
286	-.482
284	-.336
3173	-1.121
3177	-.564
862	-1.166
864	-1.274
2600	-1.549
2596	-1.209
285	.045
3174	.46
3178	-1.898
287	-.985
2597	-1.281
283	-.527
3175	-.783
2598	-.959
861	-1.032
554	
1132	.58
555	.094
1133	-2.005
556	
1134	-.005
557	
1135	-1.742
558	-1.346
1136	1.58
559	
1137	
1421	-1.228
1710	-.42
1999	-.278
2288	-1.005
1422	
1711	
2000	.58
2289	
1423	-.42
1712	-3.327
2001	-2.005
2290	.995
1424	
1713	
2002	
2291	
1425	
1714	-1.005
2003	-1.157
2292	-1.295
1426	
1715	
2004	
2293	
2866	-1.228
3444	-1.42
2867	-2.42
3445	
2868	-.42
3446	
2869	-3.327
3447	-1.268
2870	
3448	-2.88
2871	
3449	
3733	
4022	-.643
4311	-.742
4600	
3734	
4023	
4312	
4601	
3735	
4024	
4313	-2.005
4602	-2.42
3736	.58
4025	
4314	-1.59
4603	-.42
3737	
4026	
4315	
4604	
3738	
4027	
4316	
4605	
560	
1138	-2.742
561	-.157
1139	
562	-.742
1140	
563	
1141	
564	-2.59
1142	
565	
1143	
1427	
1716	
2005	-1.42
2294	
1428	
1717	
2006	
2295	.58
1429	-2.88
1718	
2007	
2296	
1430	
1719	-1.42
2008	-2.228
2297	-1.005
1431	
1720	
2009	-1.228
2298	
1432	
1721	
2010	
2299	.58
2872	
3450	
2873	
3451	
2874	
3452	-1.59
2875	.165
3453	
2876	-1.88
3454	
2877	.58
3455	.258
3739	
4028	-2.835
4317	-.835
4606	
3740	-1.295
4029	-2.813
4318	-1.121
4607	
3741	
4030	
4319	-2.88
4608	-2.88
3742	-2.536
4031	-1.157
4320	-2.228
4609	-1.742
3743	
4032	
4321	-.835
4610	-3.228
3744	-1.295
4033	-2.88
4322	-2.228
4611	
566	-1.005
1144	-2.186
567	
1145	-1.157
568	-1.923
1146	
569	
1147	-.742
570	
1148	-.789
571	
1149	-1.956
1433	-2.228
1722	-3.121
2011	-1.42
2300	-1.295
1434	-1.157
1723	-2.228
2012	
2301	
1435	-2.789
1724	-2.643
2013	
2302	-3.278
1436	-.157
1725	
2014	
2303	
1437	
1726	-1.742
2015	-1.835
2304	
1438	-2.083
1727	
2016	1.58
2305	
2878	
3456	.995
2879	-1.42
3457	
2880	
3458	
2881	
3459	
2882	
3460	
2883	-.7
3461	
3745	
4034	1.58
4323	-1.121
4612	-.42
3746	
4035	
4324	
4613	
3747	-.295
4036	-2.59
4325	
4614	2.58
3748	
4037	
4326	-.59
4615	1.165
3749	-.42
4038	-.42
4327	-1.157
4616	
3750	-1.072
4039	
4328	
4617	-.742
572	
1150	-.783
573	
1151	
574	
1152	-.643
575	
1153	
576	
1154	-2.42
577	
1155	-.42
1439	
1728	-1.005
2017	-.59
2306	
1440	
1729	
2018	
2307	
1441	
1730	-1.005
2019	
2308	-.42
1442	
1731	
2020	
2309	
1443	
1732	
2021	
2310	
1444	-2.88
1733	-.683
2022	
2311	-2.228
2884	
3462	-1.88
2885	
3463	
2886	
3464	-1.742
2887	
3465	
2888	-2.228
3466	
2889	-1.536
3467	
3751	-.204
4040	-.005
4329	-2.005
4618	.58
3752	-.228
4041	-.212
4330	
4619	.58
3753	-.005
4042	.059
4331	
4620	.58
3754	-.268
4043	-1.005
4332	-1.005
4621	-.42
3755	-1.742
4044	-.567
4333	1.58
4622	-1.005
3756	-1.42
4045	.165
4334	-.066
4623	-1.59
2571	.396
3149	-.135
2572	1.696
3150	-.472
2573	-.716
3151	-.04
2574	-.04
3152	-.368
2575	-.555
3153	.302
2576	-.408
3154	.216
530	.91
1108	.34
531	.182
1109	.456
852	-.084
532	.177
1110	-.75
533	.636
1111	-1.857
534	.562
275	-.42
1112	-.215
535	.774
853	-.576
1113	2.986
2594	.228
2842	-.371
3420	-.244
2843	-1.074
3421	-.89
2844	.114
3422	.82
2845	-.157
3423	.352
2846	-.357
276	.601
3424	.292
2847	-.472
3425	1.43
536	.218
1114	.363
537	.064
1115	-1.218
538	.477
1116	-.244
539	.687
1117	.815
540	.203
1118	.369
541	-1.949
1119	.025
2848	.391
854	.431
2583	.422
3426	.751
2849	-.852
3427	.58
2850	.043
3428	-.194
2851	1.261
3429	-1.237
2852	.323
3161	.535
3430	-.176
2853	.573
3431	.911
542	.207
1120	-.22
543	.238
1121	-.096
2584	-.34
544	.86
1122	.255
545	1.04
1123	-.138
546	.407
1124	-2.598
547	-2.383
1125	.963
2854	-1.837
3162	.886
3432	.364
2855	.952
3433	1.267
2856	.049
3434	.862
2857	.302
3435	.244
2858	-.89
3436	.487
2859	1.034
3437	.142
548	.17
2585	.804
1126	.146
549	-.352
1127	-.476
3163	.138
550	1.359
1128	.357
551	.635
1129	-.004
552	.571
1130	.028
553	.981
1131	1.947
2860	-1.884
3438	.878
2861	.119
3439	-.852
2862	.147
3440	.212
2863	-.535
3441	.407
2864	-.216
3442	.478
2865	-1.035
3443	-.792
1686	-.044
2264	.114
1687	.451
2265	.297
1688	-.354
2266	.214
1689	.243
2267	1.394
1690	.623
2268	-.417
1691	-.016
2269	-.053
3998	.095
4576	.064
2586	.145
3999	.176
4577	.121
4000	1.329
4578	-.466
4001	.037
3164	.523
4579	-1.665
4002	1.457
4580	.821
4003	.696
4581	.973
1692	1.031
2270	-.37
2587	.001
1693	-.089
2271	-.455
1694	-1.195
3165	-.05
2272	-1.444
1695	.159
2273	.623
2588	1.2
1696	.518
2274	.146
1697	.194
2275	-.731
4004	.052
4582	.628
4005	-.139
4583	.365
4006	.55
3166	-.43
4584	-.476
4007	-.028
4585	-1.116
4008	.562
4586	-1.234
4009	-.498
4587	-.36
1698	.064
2276	.503
1699	1.692
2277	.186
1700	.39
2278	-.42
277	.248
1701	.047
2279	.461
1702	.446
2280	.865
855	.001
1703	.26
278	1.193
2281	-.489
4010	.231
4588	-.532
856	1.09
4011	.053
4589	-.463
279	2.653
4012	-.167
4590	.306
4013	.486
4591	.012
4014	-.346
4592	-.408
857	.126
4015	.786
4593	2.461
1704	.035
2282	.179
1705	-.738
2283	-.239
1706	.747
2284	.298
1707	.126
280	1.487
2285	1.049
1708	-1.42
2286	-.322
1709	-.342
2287	.92
4016	.007
4594	-.121
858	.223
4017	.159
4595	-.277
4018	1.395
4596	.51
4019	-.095
4597	.389
4020	1.427
4598	-.269
4021	-.36
4599	-.133
1397	.018
1975	-.187
1398	-.267
1976	-.164
1399	1.038
1977	-.144
1400	.032
1978	-.249
1401	-.257
1979	-.596
1402	-.307
1980	-.302
3709	-.938
4287	-.287
3710	.051
4288	.019
3711	.243
281	.929
4289	-.249
3712	-.22
859	-.392
4290	-.519
3713	1.328
4291	.276
282	.393
3714	.576
4292	-.056
1403	.048
1981	.031
1404	.288
1982	.152
1405	.144
1983	-.42
860	.566
1406	.604
1984	.733
1407	1.13
1985	-.279
1408	.318
1986	1.09
3715	-.448
4293	.348
3716	-.02
2589	.372
4294	-.577
3717	.263
4295	-.439
3718	.373
4296	.131
3719	.494
4297	.744
3720	.832
4298	.315
1409	1.088
1987	1.393
1410	.953
1988	.123
1411	.281
1989	3.17
1412	.754
1990	-.442
1413	.28
3167	1.385
1991	.018
1414	.115
1992	.514
3721	-.06
4299	-.347
3722	1.446
4300	.145
3723	4.527
4301	.591
3724	2.039
4302	-.149
3725	.615
4303	-.388
3726	.964
4304	-.019
1415	1.312
1993	1.718
1416	1.137
1994	.06
1417	.545
1995	1.366
1418	-.476
1996	-.141
1419	.411
1997	-.72
1420	.514
1998	.088
3727	.74
2590	.143
4305	.272
3728	.017
4306	.488
3729	.084
4307	.836
3730	.606
4308	.733
3731	.122
4309	-.361
3732	-.657
4310	.906
265	.345
843	-1.7
266	1.2
844	.448
3168	-.183
2591	.109
267	-.718
845	2.462
268	.07
846	-.548
269	.097
847	.596
270	1.683
848	.155
2577	2.573
3169	2.287
3155	-.235
2578	-.056
2592	.123
3170	-.178
3156	.038
2593	-.372
2579	.146
3157	-1.617
2580	.132
3158	.064
2581	.93
3159	-.481
2582	.738
3160	.042
271	.445
849	.977
272	.673
850	-.45
273	.198
3171	.751
851	-1.513
274	.183
1	-.092
579	-.841
2	-.213
580	-1.076
3	-.267
581	-.921
4	-.554
582	.814
5	-.044
583	-.131
6	.233
584	-.166
2313	.11
2891	-.847
2314	-.37
2892	-.85
2315	.068
2893	-.251
2316	-.011
2894	.287
2317	.016
2895	-.287
2318	-.259
2896	-.459
7	-.455
585	.485
8	.452
586	.291
9	.094
587	.262
10	.305
588	-1.254
11	-1.447
589	-1.195
12	-.791
590	-.329
2319	.202
2897	.8
2320	-.256
2898	-1.267
2321	-.181
2899	-.876
2322	-.365
2900	.046
2323	-.639
2901	-1.251
2324	.211
2902	.34
13	.183
591	-.394
14	-.779
592	-.672
15	.883
593	-.041
16	-.435
594	-.835
17	-1.581
595	-2.782
18	-.908
596	-.243
2325	.271
2903	-.138
2326	-.854
2904	1.463
2327	1.203
2905	-.587
2328	-.096
2906	.186
2329	-.316
2907	-.052
2330	-.368
2908	-.271
19	-.428
597	-.312
20	-.414
598	.4
21	.414
599	-.293
22	4.087
600	3.664
23	1.958
601	2.042
24	.44
602	.162
2331	-.274
2909	-.033
2332	.391
2910	-.204
2333	.374
2911	.445
2334	-.055
2912	.05
2335	-.093
2913	.263
2336	-.42
2914	-.408
290	-.285
868	-.876
291	-.228
869	-.461
292	-.125
870	.117
293	-.102
871	-.269
294	-.428
872	-.844
295	-.565
873	-.64
2602	.161
3180	-.49
2603	-1.627
3181	-1.458
2604	-1.251
3182	-1.483
2605	-1.125
3183	1.497
2606	-.131
3184	-.357
2607	-.056
3185	.125
296	.763
874	-.252
297	-.246
875	-.084
298	.388
876	-.327
299	-.503
877	-.41
300	-2.72
878	-.58
301	.073
879	-.253
2608	-.184
3186	.007
2609	.672
3187	.338
2610	1.886
3188	.077
2611	.747
3189	-.271
2612	.215
3190	-.512
2613	-.466
3191	-.736
302	-.493
880	-1.211
303	-.558
881	-.795
304	-.21
882	-.147
305	.922
883	-.361
306	-.317
884	-.527
307	-.82
885	-1.085
2614	-1.289
3192	-.596
2615	-.331
3193	-.353
2616	-.725
3194	-.558
2617	-.191
3195	-.466
2618	.017
3196	-1.419
2619	-1.305
3197	-1.416
308	-1.334
886	-2.086
309	-1.847
887	-2.36
310	-1.977
888	-1.586
311	.316
889	-.855
312	-.225
890	-.888
313	-1.341
891	-.673
2620	.264
3198	.552
2621	-.808
3199	-1.056
2622	-.625
3200	.794
2623	.279
3201	.397
2624	.33
3202	1.402
2625	.319
3203	-.116
1446	-.64
2024	-2.009
1447	-1.233
2025	-1.533
1448	.686
2026	.201
1449	.043
2027	.37
1450	1.41
2028	-.505
1451	-.408
2029	-.331
3758	.237
4336	1.162
3759	.288
4337	-.291
3760	-.46
4338	-.422
3761	.354
4339	-.957
3762	-1.633
4340	-.589
3763	.082
4341	-2.547
1452	1.131
2030	.051
1453	-.316
2031	-.419
1454	.965
2032	-.845
1455	-.313
2033	-.227
1456	-.112
2034	.908
1457	.348
2035	-.063
3764	.441
4342	-.537
3765	.243
4343	.247
3766	.703
4344	1.098
3767	.905
4345	.482
3768	-.12
4346	-.402
3769	1.463
4347	-.505
1458	-.383
2036	-.178
1459	-.182
2037	1.158
1460	-1.103
2038	.232
1461	.222
2039	-.827
1462	.343
2040	-.3
1463	-.059
2041	.67
3770	.404
4348	.593
3771	1.008
4349	.333
3772	.971
4350	-.012
3773	.258
4351	-.733
3774	-.34
4352	.004
3775	-.189
4353	-1.044
1464	.398
2042	-.282
1465	.163
2043	-.004
1466	-.407
2044	.233
1467	.299
2045	-.996
1468	-.042
2046	.121
1469	-.352
2047	-.147
3776	-.486
4354	-.301
3777	-.012
4355	.48
3778	.574
4356	.308
3779	-.714
4357	-.655
3780	-.371
4358	-.081
3781	.057
4359	.039
1157	-1.023
1735	-.249
1158	.271
1736	-.137
1159	1.379
1737	.353
1160	.153
1738	-.457
1161	.509
1739	-.363
1162	-.417
1740	.15
3469	.187
4047	-.29
3470	.557
4048	-1.173
3471	-.163
4049	-.785
3472	.137
4050	1.331
3473	-.075
4051	.785
3474	-.287
4052	.223
1163	-.081
1741	-.268
1164	-.119
1742	-.684
1165	-.295
1743	-.836
1166	.152
1744	-.409
1167	-.423
1745	-.898
1168	-.887
1746	-.565
3475	-.16
4053	.25
3476	-.09
4054	2.47
3477	1.419
4055	.235
3478	-.632
4056	-1.23
3479	-.032
4057	.956
3480	.155
4058	.652
1169	-.712
1747	-.446
1170	-.47
1748	.375
1171	1.018
1749	-.324
1172	-1.606
1750	-1.614
1173	-.474
1751	.434
1174	2.621
1752	.573
3481	-.112
4059	-.267
3482	-.308
4060	-.245
3483	-.083
4061	-.598
3484	.372
4062	1.477
3485	-.281
4063	.543
3486	-.303
4064	.037
1175	-.537
1753	.254
1176	.033
1754	1.208
1177	-.696
1755	-1.087
1178	-.206
1756	-.389
1179	-.734
1757	-.051
1180	1.504
1758	-.482
3487	.798
4065	.022
3488	.469
4066	-.724
3489	.163
4067	-.917
3490	-.826
4068	-1.904
3491	-1.62
4069	-1.627
3492	-1.425
4070	-2.373
25	.971
603	-.293
26	.254
604	.201
27	-.132
605	-1.551
28	-1.328
606	.042
29	-.875
607	-.689
30	-.712
608	-.728
2337	.633
2915	.2
2338	.253
2916	.004
2339	.503
2917	-.875
2340	.284
2918	-2.074
2341	-1.661
2919	-.403
2342	.197
2920	-.076
31	-.533
609	.499
32	1.104
610	.418
33	.171
611	-.257
34	.091
612	-.193
35	.079
613	-.313
36	.154
614	.474
2343	.12
2921	.179
2344	-.062
2922	-.82
2345	-.288
2923	-.155
2346	-.282
2924	-.781
2347	.219
2925	-1.764
2348	-.065
2926	-.242
37	-.24
615	-.38
38	-.5
616	.065
39	.343
617	-.365
40	.478
618	-.18
41	.445
619	.478
42	.512
620	-.299
2349	-.12
2927	-.14
2350	.35
2928	.156
2351	-.037
2929	-.428
2352	-.373
2930	.637
2353	-.263
2931	.056
2354	-.36
2932	-.506
43	.217
621	-.011
44	.19
622	.392
45	-.135
623	-.028
46	.1
624	-.259
47	.281
625	-.084
48	-.133
626	-.508
2355	-.287
2933	-.063
2356	1.598
2934	.031
2357	.443
2935	1.254
2358	.172
2936	1.305
2359	1.077
2937	.397
2360	-.984
2938	.909
314	-.893
892	-1.047
315	.828
893	-.036
316	.084
894	-.059
317	-.233
895	-.948
318	-.325
896	-.069
319	0
897	-.677
2626	-.238
3204	-.36
2627	-.02
3205	-.38
2628	-.11
3206	-1.232
2629	-.258
3207	-.344
2630	1.041
3208	.499
2631	-.206
3209	-.496
320	.114
898	-.881
321	-.833
899	-.733
322	.006
900	-1.89
323	-.391
901	-1.087
324	-.48
902	-.996
325	-.43
903	-.837
2632	-.171
3210	-.738
2633	-1.419
3211	.652
2634	.13
3212	.065
2635	-.305
3213	.022
2636	-.001
3214	-.355
2637	-.444
3215	-.883
326	-.381
904	.271
327	-.42
905	-.306
328	-.856
906	-.262
329	.924
907	-.385
330	.348
908	.111
331	-.657
909	-.625
2638	-.507
3216	-.708
2639	.123
3217	-.377
2640	.028
3218	-.267
2641	.011
3219	-.099
2642	.808
3220	.617
2643	.307
3221	.407
332	-.199
910	-.734
333	.206
911	-.895
334	.173
912	-.052
335	.751
913	-.558
336	-.023
914	.387
337	.965
915	-.7
2644	-.073
3222	-.824
2645	.271
3223	.56
2646	3.26
3224	3.623
2647	2.393
3225	2.841
2648	.787
3226	3.326
2649	2.131
3227	-.495
1470	-.089
2048	-.425
1471	.205
2049	.483
1472	1.35
2050	.724
1473	-.562
2051	.128
1474	.008
2052	-.143
1475	-.076
2053	-.964
3782	-.737
4360	-.368
3783	1.168
4361	.123
3784	.494
4362	.192
3785	-.331
4363	-1.223
3786	-.95
4364	-1.551
3787	-.533
4365	-.973
1476	-.745
2054	.097
1477	-.055
2055	-.473
1478	-.373
2056	-.706
1479	-.719
2057	-1.346
1480	-1.251
2058	-1.949
1481	-1.665
2059	-1.94
3788	-2.33
4366	-2.51
3789	.82
4367	.576
3790	.2
4368	.023
3791	-.003
4369	-.556
3792	-.514
4370	-.933
3793	-.934
4371	-.981
1482	-1.089
2060	-1.17
1483	-1.625
2061	.686
1484	.139
2062	-.426
1485	.076
2063	-.251
1486	-.222
2064	-.314
1487	-.276
2065	-.239
3794	-.614
4372	-.861
3795	.398
4373	.029
3796	.407
4374	.541
3797	-.08
4375	-.173
3798	-.515
4376	.727
3799	-.189
4377	.012
1488	-.045
2066	.39
1489	.609
2067	.535
1490	1.211
2068	.982
1491	1.569
2069	1.497
1492	2.643
2070	1.262
1493	-.351
2071	.412
3800	.394
4378	.662
3801	-.188
4379	-1.263
3802	-.825
4380	-.111
3803	.083
4381	-.191
3804	.329
4382	1.225
3805	.98
4383	-.082
1181	-.697
1759	.574
1182	.849
1760	.083
1183	-1.567
1761	-.663
1184	-.462
1762	-.09
1185	-.791
1763	1.265
1186	.285
1764	.11
3493	-.146
4071	-.31
3494	-.002
4072	.059
3495	-.085
4073	.495
3496	.317
4074	.36
3497	-.769
4075	-.809
3498	-.564
4076	-.516
1187	-.048
1765	.024
1188	-.291
1766	-.29
1189	-.096
1767	-.826
1190	.137
1768	-1.367
1191	-.61
1769	.476
1192	.596
1770	.972
3499	-.048
4077	.228
3500	1.27
4078	.025
3501	.255
4079	-.129
3502	-.051
4080	-.61
3503	-.36
4081	.366
3504	.246
4082	-.091
1193	.505
1771	-.868
1194	-.175
1772	1.867
1195	.135
1773	-.671
1196	-.411
1774	-.39
1197	.315
1775	.5
1198	.146
1776	-.166
3505	-.481
4083	.52
3506	.41
4084	0
3507	-.617
4085	-2.427
3508	-.055
4086	.007
3509	.376
4087	-.881
3510	-.603
4088	.506
1199	-.397
1777	-.598
1200	-.838
1778	-1.491
1201	-.442
1779	1.123
1202	-.472
1780	.645
1203	.481
1781	-.255
1204	-.404
1782	-.645
3511	-.537
4089	.119
3512	.092
4090	.259
3513	-.097
4091	-.276
3514	-.639
4092	-1.516
3515	.398
4093	1.092
3516	1.189
4094	-.122
49	-.473
627	-.64
50	-.402
628	-1.046
51	-.745
629	-.495
52	.113
630	.172
53	-.128
631	-.442
54	-.444
632	-.464
2361	-.389
2939	-.812
2362	-.726
2940	.333
2363	-.904
2941	-.248
2364	-.198
2942	1.041
2365	.264
2943	.776
2366	.786
2944	1.841
55	.356
633	-.144
56	.175
634	.296
57	-.034
635	-.714
58	-.61
636	-.146
59	-.299
637	.221
60	-.361
638	-.308
2367	1.109
2945	.594
2368	.236
2946	.738
2369	.719
2947	.58
2370	.3
2948	.136
2371	.689
2949	-1.089
2372	-.563
2950	.011
61	-.171
639	.557
62	.245
640	-.207
63	-.163
641	-.88
64	.914
642	-.093
65	.159
643	2.361
66	.283
644	-.196
2373	-.492
2951	.242
2374	-.106
2952	.941
2375	.271
2953	1.873
2376	.605
2954	.274
2377	-.124
2955	.09
2378	.599
2956	.205
67	1.833
645	.19
68	-.3
646	.21
69	-.005
647	2.499
70	3.791
648	3.344
71	2.419
649	2.48
72	.492
650	-.209
2379	.351
2957	-.243
2380	.089
2958	-.239
2381	.554
2959	-.498
2382	-.198
2960	-.495
2383	-.649
2961	.084
2384	-.111
2962	.231
338	.434
916	-.658
339	-.689
917	-1.048
340	-.028
918	.373
341	-.137
919	.375
342	.106
920	.57
343	.408
921	-.531
2650	.752
3228	.457
2651	-.493
3229	.099
2652	.657
3230	-.484
2653	-1.251
3231	.2
2654	1.961
3232	.854
2655	.145
3233	-1.393
344	.512
922	-.958
345	.346
923	-.225
346	-.413
924	-.703
347	-.258
925	-.124
348	.2
926	.682
349	.093
927	-.241
2656	-.169
3234	-.067
2657	.153
3235	-.485
2658	.404
3236	-.232
2659	-1.025
3237	-1.408
2660	.847
3238	-.192
2661	-.245
3239	-.825
350	-.511
928	.312
351	-.228
929	-.134
352	.93
930	-.124
353	-.015
931	1.018
354	1.707
932	.603
355	.162
933	-.526
2662	-1.119
3240	.248
2663	-.504
3241	.243
2664	.043
3242	-.242
2665	.118
3243	.49
2666	.091
3244	-1.625
2667	-.577
3245	-1.476
356	-.793
934	-.495
357	-.081
935	.22
358	.376
936	-.515
359	-.02
937	-.068
360	-.192
938	.058
361	-.211
939	-.364
2668	-.166
3246	-1.006
2669	-.389
3247	-1.289
2670	-.023
3248	-.023
2671	.044
3249	.644
2672	-.027
3250	.337
2673	.114
3251	-.06
1494	.621
2072	-1.005
1495	-.498
2073	.288
1496	-.098
2074	-.313
1497	.898
2075	-.226
1498	-1.748
2076	-2.201
1499	-.312
2077	-.296
3806	-.85
4384	-.784
3807	-.521
4385	.425
3808	2.268
4386	-.839
3809	-.613
4387	-1.451
3810	.157
4388	-.982
3811	-.225
4389	-.442
1500	.991
2078	.364
1501	-.263
2079	-.119
1502	.389
2080	.546
1503	.31
2081	.093
1504	-.157
2082	-.354
1505	.122
2083	-.34
3812	.51
4390	-.298
3813	-.689
4391	.382
3814	-.643
4392	-.922
3815	-.4
4393	.683
3816	-.135
4394	-.092
3817	.522
4395	-.388
1506	-.008
2084	-.75
1507	-.854
2085	-.519
1508	-.634
2086	.525
1509	-.022
2087	-.124
1510	-1.107
2088	-1.136
1511	-.944
2089	-.503
3818	1.084
4396	-.122
3819	.085
4397	-.116
3820	.23
4398	-.297
3821	-.188
4399	-.937
3822	-.709
4400	-.076
3823	.515
4401	-.635
1512	-.011
2090	-1.321
1513	-1.453
2091	-1.162
1514	-.006
2092	-.674
1515	.271
2093	-.137
1516	.263
2094	.208
1517	.462
2095	.966
3824	1.313
4402	.061
3825	1.004
4403	.256
3826	-.259
4404	.281
3827	.186
4405	.669
3828	1.017
4406	1.101
3829	.99
4407	1.234
1205	-1.578
1783	-2.181
1206	-.447
1784	-1.396
1207	-1.763
1785	-2.495
1208	-1.618
1786	-1.117
1209	-1.45
1787	-.867
1210	-1.579
1788	-2.175
3517	-.182
4095	-.67
3518	-1.742
4096	-.835
3519	-.597
4097	-2.253
3520	-1.201
4098	-1.88
3521	-.25
4099	-1.637
3522	-1.07
4100	-1.935
1211	-.188
1789	-1.71
1212	-1.794
1790	-2.198
1213	-.694
1791	-1.446
1214	-2.799
1792	-.963
1215	-.457
1793	-.38
1216	-1.287
1794	-1.234
3523	-.877
4101	.369
3524	-.279
4102	.222
3525	1.662
4103	.531
3526	-.22
4104	.513
3527	-.057
4105	-.199
3528	.506
4106	.086
1217	-.179
1795	-.843
1218	.218
1796	-.048
1219	-.015
1797	.025
1220	1.216
1798	-.208
1221	-.494
1799	-.562
1222	.536
1800	-.179
3529	-1.056
4107	-1.191
3530	-1.508
4108	.001
3531	-1.26
4109	-.882
3532	.026
4110	.48
3533	-.544
4111	-1.264
3534	.92
4112	.007
1223	-.837
1801	-.468
1224	-.487
1802	-1.382
1225	-.73
1803	-1.346
1226	.167
1804	.788
1227	1.369
1805	.948
1228	-.008
1806	.413
3535	.021
4113	.212
3536	-.107
4114	.154
3537	-.401
4115	-.509
3538	-.512
4116	.524
3539	.332
4117	.924
3540	.329
4118	.704
73	-.357
651	-.005
74	.211
652	.272
75	-1.548
653	-2.645
76	-.186
654	-.232
77	.64
655	-.403
78	-.336
656	-.549
2385	-.436
2963	-.738
2386	.918
2964	3.295
2387	3.506
2965	-.024
2388	.155
2966	.333
2389	-.041
2967	.834
2390	.981
2968	1.875
79	.285
657	1.032
80	-.244
658	-1.527
81	-.764
659	-2.555
82	-1.536
660	-2.019
83	-1.62
661	.222
84	.199
662	-.196
2391	-.331
2969	-.678
2392	-.604
2970	1.046
2393	.035
2971	1.481
2394	.453
2972	-.878
2395	-1.29
2973	-.984
2396	-.194
2974	.136
85	.529
663	.46
86	.113
664	-.256
87	-.298
665	1.128
88	.224
666	-.186
89	.306
667	.382
90	.144
668	.025
2397	.369
2975	-.44
2398	-.565
2976	-.612
2399	-.026
2977	.091
2400	.026
2978	-1.413
2401	.421
2979	.376
2402	-.095
2980	.411
91	.667
669	-.046
92	.61
670	.646
93	.899
671	.228
94	-.303
672	-.125
95	-.485
673	.216
96	.274
674	-.271
2403	-.33
2981	-.395
2404	.354
2982	-.735
2405	-.783
2983	-1.21
2406	.732
2984	.338
2407	1.162
2985	.404
2408	.414
2986	.012
362	-.205
940	.566
363	-2.041
941	-1.972
364	-.027
942	-.143
365	.259
943	.061
366	1.022
944	1.474
367	.135
945	-.59
2674	.304
3252	.354
2675	-.201
3253	.71
2676	.071
3254	-.391
2677	.879
3255	-.2
2678	-.49
3256	.068
2679	-1.205
3257	-.866
368	-.645
946	.003
369	.386
947	-.384
370	-.978
948	-1.334
371	-1.153
949	-1.198
372	-1.505
950	-.738
373	-.225
951	-1.304
2680	1.494
3258	.604
2681	-.025
3259	.495
2682	.02
3260	-.242
2683	.568
3261	.695
2684	.234
3262	-.499
2685	-.486
3263	-.549
374	.204
952	-.41
375	.052
953	-.094
376	.208
954	-.127
377	.934
955	-.401
378	-.275
956	-.753
379	-.438
957	-1.208
2686	-1.361
3264	-1.987
2687	-1.662
3265	-1.064
2688	-.355
3266	.552
2689	-.123
3267	-.059
2690	.175
3268	-.062
2691	-.217
3269	.349
380	.259
958	.15
381	-.141
959	-.056
382	.376
960	.87
383	.549
961	-.619
384	.439
962	.94
385	.568
963	.716
2692	.385
3270	-.132
2693	-.231
3271	-.235
2694	-.41
3272	-.799
2695	-.401
3273	-.368
2696	-.247
3274	.311
2697	1.092
3275	.571
1518	-.11
2096	-.077
1519	.23
2097	-.882
1520	-1.055
2098	-1.125
1521	-.726
2099	-.785
1522	.152
2100	.633
1523	.715
2101	-.114
3830	-.312
4408	-.61
3831	.146
4409	.32
3832	-.534
4410	-.347
3833	.067
4411	.768
3834	-.835
4412	-1.334
3835	-.206
4413	-.992
1524	-1.327
2102	-1.695
1525	.02
2103	.622
1526	-1.315
2104	.477
1527	1.168
2105	.33
1528	1.096
2106	-.644
1529	.665
2107	-.254
3836	-3.112
4414	-2.981
3837	.43
4415	.117
3838	.056
4416	-.232
3839	.319
4417	-.316
3840	.525
4418	.833
3841	.162
4419	.72
1530	-.085
2108	-.664
1531	.546
2109	.64
1532	1.014
2110	-.278
1533	-.294
2111	-.479
1534	-.948
2112	-.245
1535	.044
2113	-.555
3842	.18
4420	-.977
3843	-.191
4421	-.806
3844	-.965
4422	-.448
3845	-.181
4423	-.304
3846	-.261
4424	-.364
3847	.124
4425	-.204
1536	-.204
2114	-1.283
1537	-.617
2115	.362
1538	.489
2116	-.122
1539	-.368
2117	.755
1540	-.006
2118	-.502
1541	-.574
2119	-1.179
3848	-.775
4426	-.151
3849	-1.058
4427	.05
3850	.016
4428	-.591
3851	-.606
4429	.036
3852	.595
4430	-.315
3853	.626
4431	-.478
1229	-.638
1807	.476
1230	.102
1808	.103
1231	-.686
1809	-.044
1232	-.334
1810	.003
1233	-.379
1811	-.284
1234	-.309
1812	-.061
3541	-.228
4119	.126
3542	-.593
4120	.396
3543	.596
4121	-.261
3544	-.014
4122	.57
3545	1.112
4123	.282
3546	.695
4124	-.164
1235	.42
1813	.056
1236	-.204
1814	-.235
1237	.574
1815	.289
1238	2.016
1816	2.303
1239	.292
1817	.29
1240	1.192
1818	-.214
3547	.285
4125	-.664
3548	-.372
4126	-.532
3549	-.618
4127	-1.303
3550	-1.713
4128	-1.041
3551	.715
4129	.27
3552	.453
4130	-.135
1241	-.406
1819	.029
1242	.091
1820	-1.29
1243	-.716
1821	-.993
1244	-.656
1822	-.574
1245	-.138
1823	.319
1246	.878
1824	1.047
3553	2.728
4131	.718
3554	.725
4132	.296
3555	.27
4133	.183
3556	.102
4134	.046
3557	-.003
4135	.27
3558	.36
4136	.488
1247	.389
1825	.746
1248	.617
1826	.948
1249	.342
1827	.148
1250	0
1828	.443
1251	-.261
1829	-.852
1252	-.605
1830	-.059
3559	.063
4137	.562
3560	-.093
4138	.183
3561	-.7
4139	-.766
3562	-1.698
4140	-.52
3563	-.74
4141	-1.472
3564	1.191
4142	.155
97	-.181
675	-.552
98	.739
676	.679
99	-.172
677	1.143
100	-.367
678	-1.005
101	-.795
679	-.485
102	-1.376
680	.131
2409	-.454
2987	-.928
2410	-.211
2988	-.32
2411	-.632
2989	.071
2412	-.088
2990	.433
2413	.001
2991	.343
2414	.222
2992	.181
103	.158
681	.198
104	-1.087
682	-.911
105	-.456
683	-3.242
106	.273
684	-.156
107	-.493
685	-.537
108	-.475
686	.028
2415	-.635
2993	.701
2416	-.441
2994	.208
2417	.054
2995	-.022
2418	-.207
2996	.143
2419	.332
2997	-.067
2420	.237
2998	1.87
109	.665
687	1.049
110	.606
688	.332
111	.045
689	-.824
112	-.333
690	.646
113	.908
691	.497
114	1.065
692	.035
2421	.667
2999	.571
2422	1.261
3000	.599
2423	.607
3001	.052
2424	.007
3002	-.259
2425	-.246
3003	-.836
2426	.108
3004	-.221
115	.396
693	-.377
116	-.549
694	-1.045
117	-1.139
695	-2.053
118	.331
696	.24
119	.378
697	-.396
120	-.319
698	.819
2427	1.916
3005	2.239
2428	1.977
3006	.139
2429	.519
3007	-.737
2430	.999
3008	1.16
2431	.049
3009	-.612
2432	-.156
3010	-.737
386	.195
964	-.326
387	.529
965	-.109
388	.665
966	-.339
389	-1.302
967	-.292
390	-.803
968	-.584
391	-.766
969	-.107
2698	.801
3276	.478
2699	.733
3277	.05
2700	-.15
3278	-.886
2701	.149
3279	.688
2702	.278
3280	-.279
2703	.052
3281	-.497
392	-.479
970	-1.056
393	-.803
971	1.251
394	-.768
972	-1.233
395	-.816
973	-.069
396	-1.005
974	-.815
397	-.452
975	-.372
2704	.58
3282	-.226
2705	-.18
3283	-.769
2706	.273
3284	.274
2707	.291
3285	-.357
2708	-.959
3286	-.794
2709	-1.241
3287	-1.256
398	-.75
976	.453
399	-.141
977	.248
400	-.184
978	-1.063
401	-.757
979	-.518
402	-.863
980	-2.228
403	.125
981	-.639
2710	-.016
3288	-.277
2711	-.827
3289	-.953
2712	-3.313
3290	-2.313
2713	-1.135
3291	-1.72
2714	-1.764
3292	.343
2715	.459
3293	-.382
404	.602
982	1.121
405	.459
983	-.937
406	-.554
984	-.594
407	-.693
985	-.691
408	-1.221
986	-1.298
409	-.865
987	-.566
2716	-.847
3294	-1.131
2717	-.561
3295	-.33
2718	-.069
3296	-.329
2719	-.288
3297	.657
2720	1.443
3298	.355
2721	.023
3299	-.419
1542	-.581
2120	.487
1543	.04
2121	.05
1544	.031
2122	-.82
1545	1.292
2123	.395
1546	.243
2124	-.212
1547	-.532
2125	-1.136
3854	-.213
4432	.813
3855	-.323
4433	.433
3856	-.207
4434	-.165
3857	.308
4435	.313
3858	1.101
4436	1.607
3859	-.037
4437	.22
1548	.353
2126	-.088
1549	-.467
2127	-.16
1550	.217
2128	.591
1551	.962
2129	-.197
1552	.213
2130	.596
1553	.481
2131	-1.79
3860	-.117
4438	.511
3861	.643
4439	1.142
3862	.08
4440	-.153
3863	.237
4441	.509
3864	.918
4442	.612
3865	-.211
4443	-.302
1554	.352
2132	.511
1555	.655
2133	-.296
1556	.668
2134	.135
1557	-.255
2135	-.436
1558	-1.154
2136	-1.086
1559	-1.438
2137	-4.249
3866	-.709
4444	-1.227
3867	.666
4445	.635
3868	.466
4446	.243
3869	.694
4447	.349
3870	.147
4448	1.789
3871	1.576
4449	.263
1560	1.201
2138	.943
1561	.066
2139	.763
1562	.435
2140	.145
1563	.351
2141	.059
1564	.613
2142	-.27
1565	.194
2143	-.768
3872	.731
4450	.998
3873	1.426
4451	-.111
3874	.446
4452	.744
3875	.311
4453	-.248
3876	-.123
4454	-.595
3877	-.224
4455	.39
1253	.174
1831	-.197
1254	-.234
1832	1.086
1255	3.459
1833	1.717
1256	1.287
1834	3.187
1257	3.309
1835	4.684
1258	.58
1836	.743
3565	.461
4143	.221
3566	.578
4144	.278
3567	.179
4145	-.18
3568	.052
4146	.937
3569	.853
4147	1.202
3570	-.388
4148	-.318
1259	-.293
1837	-1.223
1260	-.493
1838	.464
1261	.105
1839	-.306
1262	.004
1840	1.278
1263	-.334
1841	-.478
1264	.129
1842	.485
3571	-.556
4149	.132
3572	-.047
4150	-.928
3573	-.012
4151	-.73
3574	-.295
4152	-1.046
3575	-.65
4153	-1.049
3576	.311
4154	.152
1265	-.329
1843	.596
1266	.663
1844	-.545
1267	.883
1845	.532
1268	.24
1846	.261
1269	.284
1847	.134
1270	-.934
1848	-.806
3577	.967
4155	-1.272
3578	-.604
4156	-1.265
3579	-.831
4157	-.772
3580	-.51
4158	-.633
3581	-.737
4159	-1.237
3582	-.073
4160	1.122
1271	-.336
1849	-.039
1272	-.333
1850	-.156
1273	.22
1851	1.543
1274	.495
1852	-.226
1275	-.575
1853	-.751
1276	.382
1854	3.123
3583	4.74
4161	1.014
3584	-1.287
4162	-1.132
3585	.742
4163	.326
3586	-.466
4164	-.404
3587	.466
4165	.115
3588	-.426
4166	-.75
121	.141
699	1.471
122	.341
700	.755
123	.438
701	-.12
124	.22
702	.539
125	2.186
703	.417
126	-.142
704	-.937
2433	-.375
3011	-.438
2434	-.151
3012	.303
2435	-.157
3013	.276
2436	.648
3014	-.002
2437	.11
3015	1.24
2438	1.18
3016	-.473
127	.02
705	.468
128	.096
706	-.045
129	.134
707	1.351
130	.654
708	.187
131	-.07
709	.473
132	.454
710	.066
2439	-.324
3017	-.074
2440	.461
3018	.438
2441	-.117
3019	-.555
2442	-.126
3020	.562
2443	-.268
3021	-.077
2444	-.187
3022	-.528
133	-.793
711	-.514
134	-.558
712	-.493
135	-.436
713	-.305
136	.302
714	.45
137	.357
715	.531
138	-.433
716	.139
2445	-.349
3023	-.415
2446	-.035
3024	-.664
2447	.939
3025	.71
2448	-2.233
3026	2.461
2449	.57
3027	.632
2450	.532
3028	.415
139	.651
717	.499
140	1.049
718	3.48
141	2.816
719	.693
142	.355
720	-.143
143	-.31
721	-.454
144	2.608
722	3.128
2451	3.675
3029	1.734
2452	4.398
3030	.659
2453	-.653
3031	-.743
2454	1.017
3032	1.355
2455	.25
3033	.155
2456	-.677
3034	1.796
410	.942
988	.359
411	.975
989	.857
412	.044
990	.464
413	.491
991	-.045
414	.171
992	-.391
415	.144
993	3.267
2722	5.045
3300	6.524
2723	5.188
3301	4.982
2724	.206
3302	1.319
2725	.827
3303	.904
2726	.127
3304	-1.1
2727	.023
3305	.229
416	.683
994	.663
417	1.122
995	-.011
418	.024
996	-.427
419	-.089
997	-1.12
420	.204
998	.789
421	.332
999	.021
2728	1.165
3306	-1.441
2729	.216
3307	1.59
2730	1.557
3308	-.183
2731	-.101
3309	-.506
2732	-.182
3310	-1.004
2733	.371
3311	.184
422	.667
1000	-.331
423	-.168
1001	-.719
424	1.835
1002	-.324
425	.245
1003	-.701
426	.771
1004	-1.283
427	.339
1005	.275
2734	1.092
3312	-.45
2735	-.264
3313	-1.141
2736	.067
3314	-1.335
2737	-1.965
3315	-1.64
2738	-1.299
3316	-.599
2739	.033
3317	-.14
428	.42
1006	-.259
429	.182
1007	-1.01
430	.267
1008	.076
431	-.501
1009	-.14
432	-.025
1010	.038
433	.339
1011	.104
2740	-1.869
3318	-1.551
2741	.166
3319	.168
2742	.143
3320	.453
2743	.052
3321	.209
2744	.702
3322	.864
2745	.774
3323	-.038
1566	.063
2144	-.318
1567	.319
2145	1.316
1568	.035
2146	-1.091
1569	-.432
2147	-.791
1570	1.033
2148	.353
1571	.574
2149	-1.054
3878	.28
4456	.141
3879	-.769
4457	.308
3880	1.579
4458	.278
3881	.288
4459	-1.101
3882	-.282
4460	.011
3883	-.227
4461	.154
1572	.457
2150	.573
1573	.442
2151	-.182
1574	.197
2152	-.651
1575	-.036
2153	-.448
1576	.094
2154	-.738
1577	-.158
2155	-1.173
3884	-.817
4462	-.915
3885	-.37
4463	-.721
3886	.244
4464	-.012
3887	.027
4465	-.809
3888	-.311
4466	.294
3889	.079
4467	-.702
1578	-.787
2156	-1.126
1579	-.126
2157	-.4
1580	-.178
2158	-.529
1581	.246
2159	.432
1582	-.595
2160	1.692
1583	-.664
2161	-.281
3890	1.002
4468	.942
3891	-.473
4469	-.022
3892	-.541
4470	1.531
3893	.487
4471	-.129
3894	.251
4472	.032
3895	.384
4473	-.233
1584	.729
2162	.486
1585	-.209
2163	1.214
1586	.003
2164	.131
1587	-.098
2165	-.023
1588	-.605
2166	-.011
1589	1.282
2167	.16
3896	.079
4474	-.802
3897	1.289
4475	.49
3898	.321
4476	.603
3899	.234
4477	.872
3900	-.493
4478	-.633
3901	.014
4479	.962
1277	-.22
1855	.26
1278	1.118
1856	.574
1279	.153
1857	.035
1280	-1.102
1858	-.263
1281	-.444
1859	.518
1282	-.083
1860	-.662
3589	.231
4167	-.129
3590	.079
4168	-.079
3591	.083
4169	.376
3592	.436
4170	.132
3593	.013
4171	.776
3594	-.229
4172	.714
1283	-.581
1861	-.275
1284	-.58
1862	-.438
1285	.116
1863	1.182
1286	-.25
1864	-.25
1287	-.577
1865	.574
1288	-2.271
1866	-1.113
3595	-.102
4173	-2.207
3596	-.845
4174	-1.4
3597	-.788
4175	-2.537
3598	-2.114
4176	-.467
3599	-.164
4177	.802
3600	.375
4178	.071
1289	.489
1867	-.149
1290	-1.824
1868	-1.451
1291	-1.402
1869	-1.997
1292	.429
1870	-.043
1293	.584
1871	-.301
1294	-.136
1872	.151
3601	.438
4179	-.039
3602	1.42
4180	.503
3603	.597
4181	-.427
3604	.32
4182	.716
3605	.9
4183	1.439
3606	.341
4184	.536
1295	.438
1873	-.356
1296	-.443
1874	1.195
1297	-.271
1875	-.733
1298	-.274
1876	-.328
1299	1.096
1877	-.059
1300	-.069
1878	-.061
3607	-.426
4185	-.747
3608	-.21
4186	.252
3609	.292
4187	.382
3610	.247
4188	.501
3611	1.546
4189	-.186
3612	-.629
4190	.247
145	-.193
723	.998
146	.042
724	-.022
147	-.401
725	-.082
148	.035
726	.255
149	-.042
727	-.158
150	-.218
728	-.692
2457	-.605
3035	-.496
2458	-.335
3036	.113
2459	.145
3037	.568
2460	.383
3038	.098
2461	.069
3039	.46
2462	-.236
3040	-.495
151	-.328
729	.019
152	-.691
730	.273
153	-.055
731	-.998
154	-.574
732	-.012
155	-1.553
733	-1.212
156	-.717
734	.013
2463	.342
3041	.435
2464	-.267
3042	.76
2465	.167
3043	-1.075
2466	-1.281
3044	-1.422
2467	-1.177
3045	-1.567
2468	-.861
3046	-.491
157	-.377
735	.119
158	.436
736	.058
159	.03
737	2.801
160	1.209
738	-.187
161	-.228
739	-.205
162	.466
740	-.463
2469	-.206
3047	.462
2470	.022
3048	.073
2471	.574
3049	.128
2472	.836
3050	.911
2473	.893
3051	.927
2474	.025
3052	-.94
163	-1.64
741	-.477
164	-.906
742	-.947
165	-1.232
743	-1.186
166	-1.556
744	-.42
167	-.178
745	-1.428
168	-1.164
746	.597
2475	.166
3053	.064
2476	.614
3054	.303
2477	.642
3055	-.671
2478	-.198
3056	.588
2479	-1.581
3057	-.689
2480	-.186
3058	-.888
434	-.045
1012	-.721
435	-.133
1013	-.393
436	.587
1014	-.12
437	-.175
1015	-.677
438	-1.214
1016	-1.267
439	-.545
1017	-.467
2746	.57
3324	-.138
2747	.501
3325	.773
2748	-.311
3326	-1.138
2749	.029
3327	.394
2750	1.237
3328	.049
2751	.299
3329	.176
440	-1.098
1018	-1.069
441	-.512
1019	.469
442	.785
1020	.381
443	1.117
1021	.478
444	.454
1022	-.582
445	-.623
1023	1.636
2752	.014
3330	-.06
2753	-.457
3331	.027
2754	.055
3332	-.529
2755	.232
3333	.204
2756	-.016
3334	-.481
2757	-.527
3335	.199
446	.465
1024	-.746
447	.681
1025	.15
448	.411
1026	.365
449	1.135
1027	.267
450	-.984
1028	.386
451	-.067
1029	.011
2758	.544
3336	-.351
2759	-.102
3337	-.106
2760	.83
3338	.675
2761	-.125
3339	-.819
2762	.249
3340	.457
2763	.285
3341	1.401
452	-.325
1030	-.846
453	-.815
1031	-.777
454	-.287
1032	.431
455	.491
1033	-.054
456	-.109
1034	-.179
457	.319
1035	.303
2764	-.882
3342	
2765	.329
3343	
2766	.642
3344	.398
2767	-.578
3345	.101
2768	-.207
3346	-.37
2769	.61
3347	.272
1590	-1.915
2168	-1.71
1591	-.189
2169	-.05
1592	.127
2170	.072
1593	-.38
2171	-.783
1594	.421
2172	-.224
1595	-.065
2173	-.866
3902	.016
4480	.292
3903	.783
4481	.003
3904	-1.197
4482	-1.225
3905	-1.171
4483	-.462
3906	-.112
4484	-.405
3907	.349
4485	.296
1596	.223
2174	-.217
1597	.041
2175	-.105
1598	.321
2176	.068
1599	5.144
2177	2.923
1600	3.789
2178	5.998
1601	5.588
2179	5.042
3908	4.16
4486	4.089
3909	3.508
4487	-.318
3910	.463
4488	-.567
3911	.475
4489	-.172
3912	-.078
4490	.269
3913	.78
4491	.849
1602	1.604
2180	.715
1603	.666
2181	.388
1604	1.906
2182	.633
1605	.702
2183	.002
1606	.501
2184	-.781
1607	.065
2185	-.236
3914	.114
4492	-.113
3915	.841
4493	1.959
3916	1.378
4494	.784
3917	.65
4495	1.287
3918	.805
4496	1.172
3919	.727
4497	.398
1608	.859
2186	-.185
1609	.141
2187	.699
1610	1.273
2188	-.494
1611	.201
2189	1.075
1612	.089
2190	-.672
1613	.386
2191	.32
3920	-.005
4498	.257
3921	-.201
4499	-1.304
3922	-1.45
4500	-.166
3923	.13
4501	-.711
3924	-.672
4502	.53
3925	.194
4503	.916
1301	1.833
1879	.851
1302	.364
1880	-.142
1303	-.058
1881	-.848
1304	-.205
1882	-.684
1305	-.395
1883	-.18
1306	-.101
1884	-.231
3613	.066
4191	-.224
3614	.713
4192	-.338
3615	-.036
4193	-.116
3616	-.171
4194	2.057
3617	1.82
4195	.826
3618	1.217
4196	.665
1307	.472
1885	-.257
1308	.027
1886	-1.011
1309	-1.548
1887	.243
1310	.009
1888	.147
1311	-.018
1889	-1.068
1312	-.083
1890	.656
3619	.726
4197	.617
3620	1.204
4198	-.101
3621	-.256
4199	-.566
3622	.167
4200	.708
3623	-.219
4201	-.517
3624	.544
4202	.291
1313	-.42
1891	.112
1314	-.237
1892	.048
1315	.04
1893	-.297
1316	-.126
1894	-.601
1317	-.069
1895	-.78
1318	.596
1896	.686
3625	.914
4203	1.864
3626	-.693
4204	-.815
3627	-.782
4205	-.028
3628	-.414
4206	-1.252
3629	.08
4207	-.622
3630	-1.266
4208	-.355
1319	.109
1897	.821
1320	-.518
1898	-.399
1321	-.426
1899	.269
1322	.107
1900	-.002
1323	.089
1901	-.445
1324	-.366
1902	.05
3631	.306
4209	-.025
3632	.353
4210	.466
3633	1.024
4211	.061
3634	.099
4212	-.128
3635	-.072
4213	-1.375
3636	.35
4214	-1.468
169	-.161
747	-.986
170	.86
748	.281
171	.786
749	1.88
172	.314
750	.122
173	-.264
751	.499
174	1.274
752	.995
2481	.159
3059	-.139
2482	.605
3060	1.17
2483	.974
3061	.127
2484	.657
3062	-.772
2485	1.059
3063	1.105
2486	1.169
3064	.461
175	-.116
753	.699
176	-.262
754	.28
177	.442
755	.002
178	-.013
756	-.663
179	-1.875
757	-.69
180	.207
758	.357
2487	.862
3065	.348
2488	.186
3066	.552
2489	.538
3067	-.512
2490	.045
3068	-.113
2491	.111
3069	-1.256
2492	-1.115
3070	-1.603
181	-1.491
759	.79
182	-.122
760	-.01
183	.295
761	.013
184	.455
762	.584
185	1.007
763	-.617
186	-.825
764	.064
2493	.911
3071	-.967
2494	.064
3072	-.632
2495	.231
3073	.179
2496	.825
3074	-1.513
2497	-1.106
3075	-.963
2498	.17
3076	-1.134
187	-.681
765	-.442
188	-.098
766	.613
189	.217
767	-.9
190	-.132
768	.328
191	-.05
769	-.498
192	-.274
770	.037
2499	.275
3077	.367
2500	-.177
3078	.112
2501	1.996
3079	.064
2502	-.531
3080	2.591
2503	.392
3081	-.154
2504	-.194
3082	1.76
458	.753
1036	-.332
459	.22
1037	.55
460	-.096
1038	-1.165
461	-1.303
1039	-.511
462	.541
1040	-.736
463	.251
1041	-1.132
2770	.188
3348	.106
2771	-.093
3349	.316
2772	-.109
3350	.191
2773	-.295
3351	-.079
2774	1.007
3352	.445
2775	.264
3353	-.174
464	-.023
1042	-.275
465	-.066
1043	-.805
466	0
1044	.316
467	.162
1045	-1.622
468	-1.182
1046	-1.268
469	-.881
1047	-.632
2776	-1.293
3354	-1.798
2777	-.255
3355	.822
2778	1.475
3356	.123
2779	1.094
3357	1.269
2780	-.463
3358	1.218
2781	-.535
3359	-.618
470	.247
1048	-.98
471	-.109
1049	-.379
472	.457
1050	.265
473	.601
1051	-.292
474	.282
1052	.245
475	.748
1053	-.051
2782	-.334
3360	.082
2783	.049
3361	-.31
2784	-.104
3362	-.134
2785	1.165
3363	.24
2786	.05
3364	-.293
2787	-1.027
3365	-.911
476	-.51
1054	-.276
477	-.037
1055	-.205
478	-.019
1056	-.097
479	.395
1057	.01
480	-.015
1058	.324
481	.513
1059	.133
2788	.308
3366	.602
2789	.091
3367	.041
2790	-.013
3368	.242
2791	.359
3369	.803
2792	.538
3370	1.085
2793	1.02
3371	.88
1614	-.356
2192	-.543
1615	-.498
2193	-.105
1616	-.659
2194	.054
1617	.009
2195	-.416
1618	-.363
2196	-4.574
1619	-1.606
2197	-1.399
3926	-.842
4504	.042
3927	.633
4505	-.43
3928	.421
4506	-.157
3929	-.479
4507	-.285
3930	-.028
4508	.334
3931	-.076
4509	-.553
1620	-1.215
2198	-.498
1621	.401
2199	.195
1622	-1.404
2200	.429
1623	.258
2201	.091
1624	.134
2202	.152
1625	-.386
2203	.475
3932	1.801
4510	-.725
3933	.341
4511	1.895
3934	.71
4512	.44
3935	-.857
4513	-1.347
3936	1.932
4514	1.82
3937	-.213
4515	-.595
1626	-.064
2204	-.594
1627	.292
2205	-.737
1628	-1.12
2206	-1.656
1629	-1.774
2207	-2.465
1630	-.625
2208	.379
1631	.15
2209	1.532
3938	-.142
4516	-.381
3939	-.281
4517	-.465
3940	.247
4518	-.701
3941	-.09
4519	.349
3942	-.204
4520	.127
3943	1.608
4521	1.06
1632	.592
2210	.328
1633	.194
2211	1.095
1634	.969
2212	.71
1635	.329
2213	.087
1636	.29
2214	-.47
1637	-.42
2215	.549
3944	.896
4522	.586
3945	-.267
4523	.332
3946	.449
4524	.137
3947	.471
4525	.046
3948	.195
4526	.198
3949	.343
4527	-.148
1325	-.265
1903	-.632
1326	.905
1904	-.342
1327	-.56
1905	-.084
1328	.423
1906	-.006
1329	-.189
1907	-.002
1330	.363
1908	1.276
3637	.022
4215	-1.216
3638	.306
4216	-.229
3639	-.319
4217	-.47
3640	.045
4218	.2
3641	-.14
4219	-.486
3642	.069
4220	.355
1331	-1.425
1909	.007
1332	.427
1910	-.133
1333	-.199
1911	-.345
1334	-.199
1912	1.59
1335	2.984
1913	-.525
1336	.36
1914	.403
3643	.891
4221	.936
3644	.99
4222	.929
3645	-.324
4223	-.23
3646	-.246
4224	.608
3647	.522
4225	-.069
3648	-1.864
4226	-.72
1337	-.788
1915	1.551
1338	-.271
1916	-1.314
1339	-.043
1917	-.144
1340	.894
1918	.077
1341	.164
1919	.032
1342	.201
1920	.182
3649	.283
4227	-.703
3650	-.397
4228	-.545
3651	-1.608
4229	-1.561
3652	-1.697
4230	-1.363
3653	-.832
4231	-.238
3654	-.948
4232	-.601
1343	-1.005
1921	-.203
1344	.695
1922	-.918
1345	-.151
1923	.011
1346	-.709
1924	.135
1347	.366
1925	1.566
1348	1.959
1926	.689
3655	.101
4233	-.888
3656	-.739
4234	.649
3657	.165
4235	.185
3658	-.114
4236	-.072
3659	-1.08
4237	-.205
3660	-.921
4238	-.2
193	.437
771	-.26
194	.148
772	-.181
195	-.073
773	.218
196	.594
774	.395
197	.684
775	.074
198	-.696
776	-.739
2505	.199
3083	.817
2506	.481
3084	.244
2507	.461
3085	-.749
2508	-.24
3086	-.074
2509	-.849
3087	-1.083
2510	.942
3088	-1.808
199	.196
777	.534
200	.207
778	-.592
201	1.111
779	.698
202	.205
780	.033
203	1.001
781	-.226
204	-.352
782	.647
2511	-.508
3089	-.702
2512	-.34
3090	-1.108
2513	-.462
3091	.448
2514	-.219
3092	-.84
2515	-.652
3093	-1.191
2516	-1.519
3094	-.913
205	-1.27
783	-1.031
206	.11
784	-.243
207	.432
785	.86
208	4.487
786	1.181
209	1.63
787	4.916
210	5.159
788	1.936
2517	2.271
3095	4.558
2518	1.691
3096	.385
2519	-.097
3097	.444
2520	.787
3098	.305
2521	.959
3099	-.312
2522	-.054
3100	-1.074
211	-.689
789	-1.675
212	-1.459
790	-2.529
213	-2.017
791	-1.82
214	-1.904
792	-2.152
215	-1.713
793	-1.822
216	-1.602
794	-1.903
2523	-2.19
3101	-.171
2524	.366
3102	.703
2525	.211
3103	-.086
2526	-1.778
3104	.065
2527	-.272
3105	.498
2528	1.602
3106	.149
482	-.229
1060	-.376
483	.133
1061	-.275
484	.651
1062	-.123
485	.083
1063	.287
486	.039
1064	.037
487	-.031
1065	.47
2794	-.446
3372	.251
2795	.755
3373	-.005
2796	.543
3374	.048
2797	.357
3375	1.089
2798	.669
3376	-.732
2799	-.157
3377	.444
488	.335
1066	-.184
489	.542
1067	-.286
490	.263
1068	-.774
491	.068
1069	-.72
492	-.252
1070	-.611
493	.709
1071	.917
2800	.765
3378	.143
2801	-.77
3379	.106
2802	-1.794
3380	-.037
2803	-.252
3381	-.351
2804	-.476
3382	.305
2805	-.827
3383	-.456
494	.87
1072	-.584
495	-.881
1073	-.087
496	.045
1074	.372
497	.87
1075	-1.051
498	.371
1076	-.133
499	.315
1077	-.363
2806	-1.505
3384	.439
2807	-.548
3385	-.783
2808	-.197
3386	-.277
2809	.339
3387	.221
2810	.361
3388	.073
2811	-.15
3389	-.686
500	-.341
1078	.281
501	.541
1079	-1.012
502	-.351
1080	-2.013
503	-.24
1081	-.842
504	.883
1082	1.058
505	.833
1083	1.975
2812	.348
3390	-.45
2813	-.782
3391	-.746
2814	-.743
3392	-1.847
2815	-.918
3393	-2.568
2816	-.564
3394	-1.094
2817	-.42
3395	-.569
1638	-1.295
2216	-1.14
1639	-.778
2217	-.561
1640	-.691
2218	.428
1641	.584
2219	-.133
1642	-.152
2220	-.35
1643	2.612
2221	-.368
3950	-.005
4528	-.978
3951	-.817
4529	-.167
3952	-.51
4530	-1.336
3953	-.718
4531	.376
3954	.239
4532	-.199
3955	.103
4533	.374
1644	.572
2222	-.181
1645	-.009
2223	.173
1646	.435
2224	.367
1647	1.287
2225	-.452
1648	.06
2226	-.317
1649	-.761
2227	1.309
3956	.9
4534	.331
3957	.052
4535	.013
3958	-.545
4536	-.903
3959	.201
4537	.473
3960	1.537
4538	.267
3961	-.42
4539	-.296
1650	-.032
2228	-.557
1651	.069
2229	.693
1652	-.446
2230	-2.72
1653	.529
2231	.682
1654	.632
2232	-.56
1655	.51
2233	1.261
3962	-.189
4540	-.355
3963	-.113
4541	.233
3964	1.083
4542	.04
3965	.503
4543	.009
3966	.313
4544	.279
3967	-.808
4545	-.916
1656	-.14
2234	.282
1657	.184
2235	.025
1658	1.461
2236	.034
1659	.046
2237	-.554
1660	-.525
2238	-.686
1661	-.318
2239	-.303
3968	.789
4546	-.326
3969	.081
4547	.225
3970	-.016
4548	-.417
3971	1.462
4549	.559
3972	1.213
4550	.878
3973	-1.027
4551	-1.816
1349	.154
1927	.192
1350	-.976
1928	-.558
1351	3.381
1929	2.405
1352	.336
1930	-.199
1353	-.26
1931	-1.37
1354	-.358
1932	-.044
3661	-.073
4239	-.025
3662	.072
4240	-.695
3663	-1.404
4241	-1.072
3664	-.012
4242	.206
3665	.156
4243	.173
3666	1.695
4244	1.764
1355	1.651
1933	2.064
1356	-.657
1934	.14
1357	-.089
1935	-.082
1358	-.102
1936	-.65
1359	-.22
1937	.123
1360	-.572
1938	-.576
3667	-.437
4245	-.517
3668	-.106
4246	.152
3669	-.036
4247	-.486
3670	.625
4248	-1.169
3671	.411
4249	-2.371
3672	-.736
4250	-.658
1361	-1.049
1939	-.22
1362	-.27
1940	-.499
1363	-.345
1941	-1.904
1364	-.812
1942	-1.659
1365	-1.238
1943	-.194
1366	-.157
1944	-.042
3673	.183
4251	.467
3674	-.502
4252	.606
3675	.097
4253	-2.219
3676	-.139
4254	-.681
3677	-.06
4255	1.769
3678	.054
4256	.148
1367	1.077
1945	.64
1368	-.137
1946	2.825
1369	-.117
1947	-.175
1370	.056
1948	-.399
1371	-.469
1949	.055
1372	.428
1950	1.194
3679	-.046
4257	-.997
3680	-.268
4258	-.548
3681	-1.199
4259	-.323
3682	.035
4260	.064
3683	.03
4261	-.142
3684	-.059
4262	.461
217	-.733
795	-.436
218	-.728
796	-.49
219	-.428
797	-.322
220	.239
798	-.592
221	-.536
799	.268
222	.197
800	-.224
2529	-.121
3107	-.148
2530	-.364
3108	-.51
2531	-.31
3109	.058
2532	.58
3110	-.968
2533	-1.529
3111	-.442
2534	-1.308
3112	-.174
223	-.453
801	-.316
224	-.131
802	-.249
225	-.237
803	-.41
226	-1.743
804	.01
227	-.184
805	-.227
228	.563
806	-.824
2535	-.752
3113	-1.514
2536	-.365
3114	-1.169
2537	-.73
3115	-.651
2538	-.443
3116	-.914
2539	.053
3117	1.194
2540	.788
3118	.956
229	.476
807	.192
230	.118
808	-.186
231	-.373
809	-.697
232	.087
810	.311
233	.294
811	.097
234	1.589
812	.514
2541	.134
3119	-.077
2542	.394
3120	.323
2543	.704
3121	.454
2544	.341
3122	1.609
2545	.306
3123	.877
2546	1.001
3124	-1.017
235	.721
813	1.072
236	1.556
814	.827
237	.564
815	1.027
238	1.309
816	.58
239	1.165
817	.766
240	.356
818	.176
2547	.161
3125	.309
2548	.759
3126	.838
2549	.859
3127	1.488
2550	.451
3128	.744
2551	-.052
3129	-.022
2552	.193
3130	-.098
506	.081
1084	-.236
507	-.348
1085	-.234
508	.774
1086	-.107
509	.043
1087	.387
510	.334
1088	-.585
511	.085
1089	-.8
2818	-1.188
3396	-.24
2819	.297
3397	.253
2820	1.278
3398	.929
2821	.886
3399	.238
2822	.617
3400	.368
2823	-.09
3401	-.5
512	-.127
1090	-.216
513	-.62
1091	.26
514	1.698
1092	.789
515	-.734
1093	.085
516	-.172
1094	-.621
517	-2.193
1095	-1.25
2824	-.039
3402	-.317
2825	-.734
3403	.096
2826	-.006
3404	-.798
2827	.408
3405	-.279
2828	-1.638
3406	-.628
2829	.865
3407	.039
518	.47
1096	.32
519	1.56
1097	-.517
520	-.25
1098	-1.226
521	-.181
1099	-.512
522	-.03
1100	-.1
523	-.191
1101	-.88
2830	-.728
3408	-.487
2831	-.419
3409	-.492
2832	.713
3410	-.103
2833	-.822
3411	-1.518
2834	1.425
3412	-.174
2835	-.976
3413	-.148
524	.219
1102	.022
525	.654
1103	.188
526	-.182
1104	-.494
527	-.768
1105	-.912
528	-.567
1106	-.407
529	-.034
1107	.771
2836	.628
3414	.333
2837	.323
3415	.19
2838	1.617
3416	.82
2839	-.16
3417	.309
2840	.487
3418	.306
2841	-.242
3419	-1.865
1662	1.186
2240	2.163
1663	-.032
2241	-.288
1664	.287
2242	.287
1665	.571
2243	.034
1666	-.269
2244	.368
1667	-.061
2245	-.93
3974	-.271
4552	-.752
3975	-.243
4553	-.797
3976	.019
4554	-.599
3977	-1.555
4555	.013
3978	-.145
4556	-.15
3979	-.446
4557	-.12
1668	.39
2246	.328
1669	2.2
2247	.146
1670	-.363
2248	-.477
1671	-.503
2249	-.263
1672	.331
2250	-.883
1673	.873
2251	.062
3980	-.151
4558	.348
3981	-.512
4559	-.259
3982	.438
4560	.045
3983	.009
4561	-.706
3984	.372
4562	-.101
3985	-1.069
4563	-1.269
1674	-.885
2252	-.972
1675	-.746
2253	-.232
1676	.886
2254	-.643
1677	-1.029
2255	-.782
1678	-.049
2256	.507
1679	.362
2257	-.474
3986	-1.148
4564	-1.556
3987	-1.595
4565	-1.461
3988	-.081
4566	-3.03
3989	-.893
4567	-.644
3990	-.473
4568	-.278
3991	-.033
4569	.369
1680	.325
2258	-.943
1681	-.295
2259	-.457
1682	.023
2260	-.424
1683	-1.641
2261	-2.033
1684	-1.372
2262	-1.104
1685	-.609
2263	.174
3992	-.558
4570	1.461
3993	.937
4571	1.348
3994	2.274
4572	.005
3995	.233
4573	.16
3996	.724
4574	.895
3997	1.351
4575	1.082
1373	-.579
1951	.564
1374	1.199
1952	.593
1375	.565
1953	.488
1376	.124
1954	.385
1377	.448
1955	1.527
1378	.07
1956	1.676
3685	.593
4263	-.152
3686	.609
4264	-.749
3687	-.538
4265	-.208
3688	.094
4266	.354
3689	-.212
4267	-.446
3690	-.42
4268	-.385
1379	.631
1957	1.736
1380	-.09
1958	-.21
1381	.329
1959	-.311
1382	.142
1960	-.268
1383	1.023
1961	.052
1384	.142
1962	-.027
3691	.14
4269	-.092
3692	.003
4270	-.36
3693	-.705
4271	-1.07
3694	-.78
4272	-1.481
3695	.438
4273	.227
3696	1.203
4274	-.924
1385	-.21
1963	.259
1386	.346
1964	-.613
1387	-.3
1965	-.986
1388	-1.045
1966	-.067
1389	-.862
1967	-1.306
1390	-.011
1968	-.31
3697	.435
4275	.988
3698	-.002
4276	-.332
3699	-1.063
4277	.022
3700	-.456
4278	-.459
3701	-1.938
4279	-.659
3702	.495
4280	.631
1391	.84
1969	-.032
1392	1.01
1970	.809
1393	-.41
1971	-1.129
1394	-.203
1972	-.949
1395	-.175
1973	-.255
1396	-.413
1974	.078
3703	-.028
4281	-.903
3704	-.149
4282	.8
3705	.971
4283	.475
3706	.852
4284	1.266
3707	.288
4285	.289
3708	.527
4286	1.19
241	1.683
819	1.215
242	.57
820	1.066
243	.519
821	-.305
244	.478
822	1.574
245	-.969
823	-.442
246	-.311
824	-.358
2553	.19
3131	.562
2554	1.05
3132	.774
2555	.669
3133	-1.262
2556	-.548
3134	.293
2557	-.458
3135	2.482
2558	-.032
3136	-.682
247	.369
825	.224
248	.532
826	.241
249	.362
827	-.641
250	.023
828	.337
251	.207
829	-1.51
252	-1.338
830	-.576
2559	-.749
3137	.062
2560	-.163
3138	-1.395
2561	-.432
3139	-.567
2562	-.497
3140	-.856
2563	-.99
3141	-.844
2564	-1.532
3142	-1.902
253	-.388
831	-1.178
254	-.891
832	-.121
255	-.42
833	-.751
256	-.702
834	.395
257	-.277
835	.035
258	-.289
836	-1.265
2565	.709
3143	.501
2566	.777
3144	.232
2567	.081
3145	.725
2568	.6
3146	-.024
2569	-.746
3147	-.844
2570	.145
3148	-.059
259	.4
837	-.338
260	-.389
838	.537
261	.976
839	.187
262	.737
840	-.889
263	-.535
841	.121
264	.459
842	.192
