3176	.695
865	2.373
3172	-.249
2599	
288	.343
866	2.373
863	.11
2595	
286	.02
284	.489
3173	1.181
3177	.215
862	-.305
864	-.364
2600	-.627
2596	
285	1.151
3174	.299
3178	.373
287	1.11
2597	.373
283	.266
3175	.167
2598	.051
861	-.054
554	-.212
1132	-.627
555	.788
1133	1.596
556	.695
1134	-.627
557	.695
1135	1.958
558	-.627
1136	2.373
559	2.373
1137	
1421	2.695
1710	
1999	.788
2288	-.212
1422	
1711	.373
2000	-.627
2289	.958
1423	
1712	1.373
2001	
2290	
1424	-.434
1713	.051
2002	-.264
2291	.636
1425	1.373
1714	.011
2003	-.627
2292	-.493
1426	.151
1715	1.11
2004	.373
2293	-.042
2866	
3444	
2867	
3445	
2868	1.051
3446	
2869	
3447	1.373
2870	.142
3448	.373
2871	-.212
3449	1.11
3733	.804
4022	.833
4311	.821
4600	.373
3734	.788
4023	.736
4312	-.042
4601	.335
3735	.219
4024	.695
4313	
4602	-.093
3736	-.019
4025	-.255
4314	-.501
4603	.007
3737	.373
4026	.035
4315	1.181
4604	.274
3738	.139
4027	.09
4316	.151
4605	.1
560	.004
1138	.164
561	-.096
1139	.236
562	.151
1140	.221
563	.236
1141	-.082
564	-.064
1142	-.001
565	.032
1143	.788
1427	-.019
1716	-.149
2005	1.051
2294	1.11
1428	.525
1717	.051
2006	.859
2295	.888
1429	-.212
1718	.023
2007	-.042
2296	.167
1430	1.051
1719	.373
2008	.051
2297	-.042
1431	.373
1720	1.373
2009	.695
2298	
1432	-.042
1721	1.373
2010	1.788
2299	2.373
2872	
3450	-.212
2873	.373
3451	.11
2874	.736
3452	1.695
2875	-.042
3453	.373
2876	-.042
3454	.181
2877	.859
3455	
3739	
4028	1.695
4317	.11
4606	-.212
3740	-.434
4029	-.415
4318	-.627
4607	-1.212
3741	-.434
4030	-.212
4319	-.627
4608	.695
3742	1.373
4031	
4320	1.373
4609	.051
3743	-1.627
4032	1.373
4321	.373
4610	-.042
3744	-.112
4033	.373
4322	.695
4611	
566	-.212
1144	.566
567	.011
1145	-.949
568	.002
1146	-1.501
569	.543
1147	.039
570	.035
1148	-1.005
571	-.112
1149	.068
1433	-.212
1722	-.809
2011	.373
2300	
1434	.033
1723	.788
2012	-.212
2301	
1435	-.345
1724	-.019
2013	-.08
2302	-.222
1436	.025
1725	.373
2014	.543
2303	.44
1437	
1726	
2015	-.042
2304	.189
1438	-.086
1727	-.949
2016	-.042
2305	
2878	.084
3456	.859
2879	
3457	
2880	
3458	.736
2881	
3459	2.181
2882	1.373
3460	.123
2883	.888
3461	.17
3745	-.797
4034	-.212
4323	.373
4612	.695
3746	.19
4035	-.382
4324	-.042
4613	-.849
3747	-.112
4036	.084
4325	.373
4614	-.627
3748	.011
4037	-.379
4326	1.181
4615	.207
3749	2.373
4038	1.373
4327	1.596
4616	-1.949
3750	-.167
4039	1.373
4328	-.079
4617	-.005
572	.022
1150	.135
573	.181
1151	.596
574	.859
1152	1.266
575	-.989
1153	-.916
576	-.212
1154	-.147
577	-.627
1155	-1.501
1439	-.349
1728	-.198
2017	-.627
2306	-.453
1440	-.563
1729	-.305
2018	-.425
2307	-.493
1441	-.627
1730	-.681
2019	-.833
2308	-.29
1442	
1731	
2020	2.181
2309	-.434
1443	1.596
1732	-.627
2021	2.695
2310	1.373
1444	1.788
1733	-.042
2022	-.627
2311	-.797
2884	-.112
3462	-.501
2885	.051
3463	.373
2886	.695
3464	
2887	
3465	-.042
2888	
3466	-.002
2889	-.264
3467	.373
3751	-.212
4040	-.014
4329	-.174
4618	-.457
3752	-.264
4041	.525
4330	.373
4619	-.212
3753	-.89
4042	-1.086
4331	-.627
4620	-.279
3754	-.627
4043	-.627
4332	.274
4621	1.373
3755	-.212
4044	-.627
4333	.695
4622	
3756	-1.627
4045	-.404
4334	.213
4623	-.627
2571	-.206
3149	-.011
2572	1.051
3150	.396
2573	.011
3151	.132
2574	.084
3152	.221
2575	-.112
3153	-.026
2576	.995
3154	.373
530	.7
1108	.428
531	.092
1109	.176
852	-.539
532	.345
1110	1.011
533	.518
1111	-.769
534	.695
275	-.696
1112	.373
535	.99
853	-.112
1113	4.168
2594	.584
2842	.078
3420	.087
2843	.029
3421	.636
2844	1.11
3422	.736
2845	.566
3423	.235
2846	-.045
276	-.067
3424	.272
2847	-.181
3425	.515
536	.029
1114	.589
537	.247
1115	-.761
538	.195
1116	.029
539	1.085
1117	.562
540	1.279
1118	.002
541	-1.175
1119	.132
2848	-.372
854	-.159
2583	
3426	.474
2849	-.669
3427	.335
2850	-.121
3428	-.02
2851	.243
3429	-.028
2852	-.012
3161	.373
3430	.355
2853	1.065
3431	.022
542	.587
1120	.373
543	.422
1121	.067
2584	.373
544	.922
1122	1.336
545	1.484
1123	.028
546	.033
1124	-1.054
547	-1.013
1125	.507
2854	-.08
3162	.037
3432	.319
2855	.107
3433	1.373
2856	.811
3434	.324
2857	-.167
3435	.395
2858	-.612
3436	.264
2859	.575
3437	-.247
548	-.002
2585	.447
1126	.373
549	.016
1127	.596
3163	.119
550	1.547
1128	.71
551	1.28
1129	.265
552	.52
1130	.919
553	.032
1131	.487
2860	-.945
3438	2.575
2861	.435
3439	.34
2862	.084
3440	.569
2863	1.152
3441	.485
2864	.473
3442	.181
2865	-.33
3443	-.043
1686	-.256
2264	.317
1687	1.223
2265	.399
1688	-.161
2266	-.044
1689	-.041
2267	1.326
1690	.522
2268	.097
1691	.842
2269	-.467
3998	-.411
4576	.221
2586	-.005
3999	.926
4577	.453
4000	.892
4578	.144
4001	.283
3164	-.118
4579	-1.059
4002	1.343
4580	.455
4003	.72
4581	.373
1692	.165
2270	-.171
2587	.921
1693	.302
2271	-.458
1694	-.435
3165	-.154
2272	-.662
1695	.165
2273	.877
2588	
1696	.594
2274	.293
1697	.671
2275	-.074
4004	.657
4582	.355
4005	-.089
4583	.023
4006	-.297
3166	-.264
4584	-.248
4007	-.237
4585	-.227
4008	.499
4586	-.745
4009	.914
4587	.16
1698	.179
2276	.244
1699	1.342
2277	.144
1700	1.695
2278	.373
277	-.747
1701	.546
2279	.55
1702	1.117
2280	.373
855	-.265
1703	.51
278	.461
2281	.839
4010	.736
4588	.277
856	.107
4011	.658
4589	.242
279	3.063
4012	.231
4590	.859
4013	.831
4591	-.042
4014	-.317
4592	-.042
857	-.135
4015	.761
4593	.051
1704	-.446
2282	.144
1705	3.602
2283	.497
1706	.641
2284	.344
1707	.211
280	.829
2285	1.276
1708	-.949
2286	.051
1709	.004
2287	1.471
4016	1.001
4594	-.527
858	.395
4017	.483
4595	-.093
4018	.906
4596	.47
4019	.678
4597	-.167
4020	.673
4598	-.063
4021	.291
4599	.466
1397	.48
1975	.142
1398	-.483
1976	.522
1399	.461
1977	.239
1400	-.656
1978	-.241
1401	-.171
1979	.109
1402	-.114
1980	-.091
3709	.373
4287	.373
3710	.051
4288	.283
3711	.312
281	.466
4289	.081
3712	-.372
859	-.141
4290	-.149
3713	.795
4291	.291
282	-.353
3714	.011
4292	.138
1403	-.052
1981	-.051
1404	.158
1982	-.029
1405	-.108
1983	-.475
860	.28
1406	1.057
1984	.734
1407	.648
1985	.28
1408	.213
1986	.501
3715	-.705
4293	.876
3716	.23
2589	-1.248
4294	.176
3717	.296
4295	-.438
3718	.348
4296	.039
3719	.174
4297	.286
3720	.695
4298	.271
1409	.096
1987	.845
1410	.55
1988	.283
1411	.52
1989	.668
1412	.239
1990	1.873
1413	.051
3167	.784
1991	-.101
1414	.468
1992	.667
3721	.035
4299	-.345
3722	.547
4300	-.065
3723	5.78
4301	.912
3724	1.727
4302	.446
3725	.452
4303	-.169
3726	.511
4304	.238
1415	.41
1993	.694
1416	.022
1994	-.899
1417	.399
1995	.289
1418	.428
1996	.287
1419	.474
1997	.158
1420	.373
1998	-.079
3727	.816
2590	.859
4305	.821
3728	.092
4306	.071
3729	.326
4307	.867
3730	.091
4308	.567
3731	.745
4309	.356
3732	1.011
4310	.766
265	.562
843	.788
266	.476
844	.409
3168	-.449
2591	-.887
267	-.787
845	1.191
268	.258
846	-.158
269	.255
847	1.839
270	2.138
848	.708
2577	2.342
3169	2.359
3155	.821
2578	.939
2592	1.695
3170	.411
3156	.438
2593	.566
2579	.412
3157	.232
2580	-.006
3158	-.028
2581	-.042
3159	-.073
2582	.447
3160	.444
271	.092
849	.748
272	.6
850	-.873
273	-.212
3171	.636
851	-1.091
274	-.931
1	.249
579	-.34
2	-.325
580	-.573
3	-.054
581	-.396
4	-.914
582	.516
5	.099
583	-.093
6	.379
584	-.255
2313	-.042
2891	-.585
2314	-1.175
2892	-.215
2315	-.258
2893	-.549
2316	-.267
2894	.378
2317	-.462
2895	-.463
2318	-.341
2896	-1.264
7	-1.069
585	.409
8	.392
586	.373
9	.017
587	.076
10	.364
588	-.691
11	-.775
589	-1.07
12	-.627
590	-.691
2319	-.229
2897	.275
2320	-1.289
2898	-1.28
2321	.34
2899	.151
2322	.091
2900	.094
2323	-.78
2901	-.472
2324	.623
2902	.054
13	-.517
591	-.276
14	-.008
592	-.056
15	1.292
593	.415
16	.683
594	.355
17	-.969
595	-.854
18	-.527
596	-.543
2325	.373
2903	-.19
2326	-1.75
2904	.532
2327	.024
2905	-.241
2328	-.47
2906	.221
2329	-.293
2907	.07
2330	.135
2908	.15
19	-.273
597	-.447
20	-.129
598	.425
21	.136
599	-.074
22	4.783
600	4.19
23	3.551
601	2.518
24	1.346
602	.559
2331	.224
2909	.433
2332	.333
2910	.174
2333	-.117
2911	.085
2334	.055
2912	-.851
2335	.042
2913	.382
2336	-.042
2914	-.025
290	-.024
868	-.062
291	-.076
869	-.202
292	-.141
870	.199
293	-.412
871	.308
294	-.664
872	.132
295	-.751
873	-.161
2602	.094
3180	-.383
2603	-1.012
3181	.175
2604	-.331
3182	-.359
2605	-.424
3183	.205
2606	-.155
3184	-.89
2607	-.19
3185	-.23
296	.788
874	-.16
297	-.309
875	-.06
298	-.452
876	-.03
299	-.356
877	-.054
300	-3.309
878	.026
301	.362
879	.019
2608	-.459
3186	-.118
2609	.449
3187	.176
2610	1.068
3188	.538
2611	.39
3189	-1.013
2612	.101
3190	-1.212
2613	-.278
3191	-.025
302	-.308
880	-.472
303	-.745
881	-.65
304	-.303
882	-.101
305	.702
883	-.186
306	-.675
884	-.18
307	-.35
885	-.275
2614	-.76
3192	.169
2615	-.283
3193	-.434
2616	-.44
3194	-.664
2617	-.158
3195	.411
2618	-.262
3196	-.508
2619	-2.009
3197	-.876
308	-1.42
886	-1.799
309	-1.86
887	-2.097
310	-1.952
888	-1.657
311	-.107
889	-.251
312	-.067
890	-.474
313	-1.7
891	-.284
2620	.297
3198	.534
2621	-.676
3199	-.545
2622	-.944
3200	-.869
2623	-.371
3201	-.131
2624	-.65
3202	.484
2625	-.719
3203	-.244
1446	-1.509
2024	-1.144
1447	-1.273
2025	-.747
1448	-.385
2026	.06
1449	-.028
2027	.441
1450	.531
2028	.094
1451	-.352
2029	-.166
3758	.23
4336	.586
3759	-.172
4337	.264
3760	-.739
4338	-.392
3761	-.253
4339	-.212
3762	-1.269
4340	.161
3763	-.167
4341	-2.783
1452	.715
2030	-.399
1453	-.023
2031	-.592
1454	.707
2032	-.56
1455	-.394
2033	.07
1456	-.105
2034	.496
1457	-.012
2035	-.383
3764	.139
4342	-.666
3765	.092
4343	.156
3766	.298
4344	-.167
3767	-.021
4345	-.17
3768	-.475
4346	.036
3769	.94
4347	-.827
1458	-.438
2036	-.26
1459	-.387
2037	.777
1460	-1.131
2038	-.057
1461	-.057
2039	-.237
1462	.05
2040	.126
1463	.373
2041	.054
3770	-.463
4348	-1.259
3771	-1.408
4349	-1.235
3772	-.736
4350	-.147
3773	.037
4351	-.879
3774	-.561
4352	-.075
3775	-.223
4353	-.96
1464	-.184
2042	-.086
1465	-.356
2043	.044
1466	-.49
2044	.061
1467	-1.046
2045	-.315
1468	.339
2046	.58
1469	-.222
2047	.169
3776	-.581
4354	-.052
3777	.092
4355	-.167
3778	-.318
4356	.074
3779	-.09
4357	.027
3780	-.822
4358	-.686
3781	-.515
4359	-1.172
1157	-.977
1735	-.107
1158	.489
1736	-.047
1159	.769
1737	.807
1160	.185
1738	-.338
1161	-.598
1739	-.193
1162	-.184
1740	-.32
3469	-.844
4047	-.077
3470	-.504
4048	-1.526
3471	-.752
4049	-.925
3472	.293
4050	.241
3473	-.551
4051	.349
3474	-.238
4052	-.15
1163	-.627
1741	-.002
1164	-.513
1742	-.218
1165	-.537
1743	-.409
1166	-.362
1744	.028
1167	-.638
1745	-.91
1168	-.679
1746	-.37
3475	-.554
4053	.218
3476	-.284
4054	.361
3477	-.744
4055	.12
3478	.016
4056	-.757
3479	-.636
4057	.353
3480	.044
4058	-.007
1169	-1.146
1747	-.669
1170	-1.43
1748	.303
1171	.569
1749	-.2
1172	-.61
1750	-.462
1173	-.394
1751	-.504
1174	.053
1752	2.012
3481	1.644
4059	-.364
3482	-.941
4060	-.431
3483	-.434
4061	-.782
3484	.542
4062	.681
3485	.14
4063	-.129
3486	-.888
4064	-.337
1175	-.206
1753	.218
1176	.244
1754	1.424
1177	-.056
1755	-.7
1178	-.608
1756	-.925
1179	-.953
1757	-.678
1180	-.058
1758	-.778
3487	.182
4065	-.167
3488	.1
4066	1.175
3489	-.057
4067	1.047
3490	-.055
4068	.184
3491	-1.125
4069	-.39
3492	-1.172
4070	-.465
25	.145
603	-.6
26	.313
604	-.012
27	-.186
605	-.672
28	-.648
606	.32
29	.229
607	.12
30	.258
608	.203
2337	.52
2915	-.323
2338	-.012
2916	-.218
2339	.196
2917	-.183
2340	.063
2918	-.728
2341	-.73
2919	-.072
2342	-.312
2920	-.062
31	-.009
609	-.232
32	-.337
610	-.17
33	-.564
611	-.118
34	-.376
612	-.364
35	-.282
613	.021
36	-.017
614	.939
2343	-.659
2921	-.374
2344	-.393
2922	-.362
2345	-.608
2923	.142
2346	-.44
2924	-.436
2347	.076
2925	-.6
2348	-.573
2926	-.431
37	.135
615	-.518
38	-1.056
616	-.306
39	-.582
617	-.644
40	-.154
618	-3.165
41	.38
619	.031
42	.139
620	-.355
2349	.253
2927	.096
2350	.358
2928	.127
2351	.014
2929	-.25
2352	.477
2930	-.169
2353	-.224
2931	.158
2354	-.396
2932	-.325
43	.363
621	.206
44	-.173
622	-.178
45	-.484
623	.288
46	-.073
624	-.78
47	-1.045
625	-.456
48	-.488
626	-1.969
2355	.207
2933	.132
2356	.475
2934	.135
2357	.205
2935	1.393
2358	-.14
2936	.575
2359	-.253
2937	-.184
2360	-.232
2938	.93
314	-.16
892	.202
315	.208
893	-.284
316	-1.465
894	-.389
317	-.61
895	-.594
318	-.41
896	-.328
319	-.241
897	-.508
2626	-.708
3204	-.448
2627	-.378
3205	.303
2628	-.686
3206	-.745
2629	-.357
3207	-.01
2630	.816
3208	.185
2631	.066
3209	-.067
320	-.759
898	-.589
321	-.322
899	-.364
322	-1.226
900	-.619
323	-.932
901	-.65
324	-.342
902	-.858
325	-.86
903	-.312
2632	-.286
3210	-.893
2633	-.768
3211	.671
2634	.291
3212	-.156
2635	.43
3213	-.221
2636	-.206
3214	.174
2637	-.742
3215	-.26
326	.046
904	-.331
327	-.33
905	-.163
328	-.5
906	-.186
329	.781
907	.097
330	.145
908	-.074
331	-.248
909	-.077
2638	-.637
3216	-.473
2639	-.263
3217	-.391
2640	.019
3218	-.238
2641	.283
3219	-.004
2642	.184
3220	.048
2643	-.498
3221	-.388
332	-.354
910	-.478
333	-.068
911	.086
334	.818
912	-.047
335	.448
913	-.167
336	-.23
914	.203
337	-.132
915	-.124
2644	-.019
3222	.035
2645	.616
3223	-.415
2646	3.729
3224	3.335
2647	2.391
3225	3.087
2648	1.314
3226	2.655
2649	1.082
3227	-.916
1470	-.637
2048	-.302
1471	-.568
2049	-.574
1472	-.445
2050	-.718
1473	-.498
2051	-.208
1474	-.119
2052	.646
1475	.179
2053	-.037
3782	.186
4360	.421
3783	-.08
4361	-.266
3784	.234
4362	-.447
3785	-.458
4363	-.86
3786	-.71
4364	-.434
3787	-1.08
4365	-.747
1476	-.106
2054	.546
1477	.043
2055	.274
1478	.201
2056	-.386
1479	-.318
2057	.371
1480	-.236
2058	-.277
1481	-.723
2059	-.367
3788	-.778
4366	.008
3789	.039
4367	0
3790	.043
4368	.842
3791	.479
4369	.259
3792	.314
4370	.336
3793	-.073
4371	-.234
1482	-.831
2060	-.44
1483	-.725
2061	.048
1484	.024
2062	-.088
1485	-.096
2063	.406
1486	-.22
2064	-.148
1487	.054
2065	.384
3794	-.257
4372	-.262
3795	.196
4373	.212
3796	.314
4374	-.532
3797	.404
4375	-.062
3798	-.149
4376	-.056
3799	.124
4377	.021
1488	.014
2066	.246
1489	.303
2067	.657
1490	.577
2068	.573
1491	.103
2069	-.131
1492	-.022
2070	.183
1493	-.043
2071	.594
3800	-.514
4378	.13
3801	-.249
4379	-.869
3802	-.859
4380	-.174
3803	-.088
4381	-.327
3804	-.532
4382	.409
3805	-.221
4383	-.996
1181	-.807
1759	.657
1182	.391
1760	-.434
1183	-.562
1761	-1.148
1184	-.15
1762	-.017
1185	-.092
1763	.032
1186	-1.28
1764	-.395
3493	-.532
4071	-.782
3494	-.008
4072	-.145
3495	-.423
4073	.282
3496	.264
4074	.258
3497	-.748
4075	-.795
3498	-.978
4076	-.475
1187	.034
1765	.164
1188	.193
1766	-.531
1189	-.649
1767	-.571
1190	.09
1768	-.548
1191	-.298
1769	-.074
1192	.601
1770	.539
3499	-.501
4077	.164
3500	.836
4078	-.288
3501	-.186
4079	.001
3502	.48
4080	-.15
3503	-1.069
4081	-.375
3504	-.627
4082	-.182
1193	-.01
1771	-1.115
1194	-.875
1772	.366
1195	-.859
1773	-.495
1196	-.501
1774	.116
1197	-.388
1775	.614
1198	.471
1776	.284
3505	-.124
4083	.528
3506	.37
4084	.526
3507	.394
4085	-.488
3508	.332
4086	.145
3509	.093
4087	-.116
3510	-.143
4088	.394
1199	-.343
1777	.242
1200	.024
1778	-.316
1201	-.341
1779	.729
1202	-.772
1780	.542
1203	.235
1781	-.212
1204	-.687
1782	-.778
3511	-.089
4089	.23
3512	-.032
4090	.091
3513	-.065
4091	.181
3514	.154
4092	-1.085
3515	.658
4093	.224
3516	.242
4094	-.719
49	-.177
627	-.373
50	-.212
628	-1.016
51	-.263
629	-.171
52	.248
630	.286
53	-.127
631	-.335
54	-.243
632	.201
2361	-.275
2939	-.091
2362	-.346
2940	-.011
2363	-.675
2941	-.099
2364	-.078
2942	.275
2365	-.016
2943	.278
2366	.096
2944	.543
55	.001
633	-.014
56	-.056
634	.27
57	.521
635	-.212
58	.137
636	-.163
59	-.545
637	.11
60	-.921
638	.033
2367	.646
2945	.085
2368	-.249
2946	-.349
2369	-.343
2947	.458
2370	-.364
2948	.157
2371	-.162
2949	-1.34
2372	-.664
2950	-.31
61	.589
639	.678
62	-.651
640	-.254
63	.219
641	-.254
64	2.356
642	2.133
65	.058
643	-1.729
66	-.641
644	.016
2373	-.491
2951	.212
2374	.076
2952	
2375	-.058
2953	
2376	.092
2954	.382
2377	.096
2955	-.112
2378	-.645
2956	-.172
67	1.167
645	.039
68	.458
646	-.129
69	.058
647	1.014
70	1.714
648	1.078
71	.644
649	.962
72	.196
650	.215
2379	-.066
2957	.596
2380	.16
2958	.008
2381	.373
2959	-.28
2382	-1.053
2960	.946
2383	-.212
2961	-.002
2384	-.362
2962	.214
338	.217
916	.039
339	.509
917	-.632
340	-.083
918	-.07
341	-.192
919	.761
342	.269
920	.172
343	-.574
921	-.975
2650	-.369
3228	1.227
2651	.11
3229	.676
2652	.872
3230	-.442
2653	-.787
3231	.404
2654	4.005
3232	2.582
2655	.391
3233	-1.703
344	.107
922	-.364
345	1.114
923	1.232
346	.486
924	-.294
347	-.189
925	.212
348	
926	-.008
349	.311
927	.047
2656	-.12
3234	-.426
2657	-.493
3235	-.025
2658	.516
3236	-.175
2659	-.366
3237	-.206
2660	.72
3238	-.051
2661	-.564
3239	-.179
350	-.249
928	-.112
351	-.049
929	-.125
352	.886
930	-.337
353	1.536
931	.721
354	1.07
932	.019
355	-.426
933	-.263
2662	-.906
3240	.113
2663	-.506
3241	.307
2664	-.19
3242	-.025
2665	-.044
3243	.509
2666	.478
3244	-.533
2667	-.707
3245	-.452
356	-.241
934	.154
357	.082
935	-.22
358	-.341
936	-3.197
359	.919
937	.373
360	-.399
938	-.212
361	.853
939	.207
2668	-.099
3246	-.688
2669	.74
3247	-.279
2670	-.348
3248	-.539
2671	-.473
3249	.44
2672	-.249
3250	-.218
2673	.562
3251	-.712
1494	.923
2072	-.504
1495	-.778
2073	.323
1496	.083
2074	-.374
1497	-.112
2075	-.246
1498	-1.026
2076	-1.512
1499	-.271
2077	.1
3806	-.891
4384	-.413
3807	-.517
4385	-.279
3808	1.481
4386	-.495
3809	-1.104
4387	-1.012
3810	-.586
4388	-.911
3811	-.695
4389	.744
1500	.104
2078	.573
1501	.034
2079	-.207
1502	-.074
2080	.169
1503	-.066
2081	.057
1504	.818
2082	.118
1505	-.213
2083	.109
3812	.419
4390	1.447
3813	-.365
4391	.526
3814	-.469
4392	-.732
3815	-.478
4393	-.158
3816	-.318
4394	-.001
3817	-.095
4395	-.627
1506	.334
2084	-.161
1507	-.135
2085	-.7
1508	-.077
2086	.156
1509	-.533
2087	.058
1510	-.402
2088	-.75
1511	-.36
2089	1.33
3818	.947
4396	-.102
3819	.731
4397	.291
3820	.192
4398	-.367
3821	-.468
4399	-.298
3822	-.932
4400	-.125
3823	.022
4401	.151
1512	.141
2090	-.845
1513	-1.155
2091	-.465
1514	-.918
2092	.323
1515	.177
2093	.795
1516	-.001
2094	-.058
1517	.288
2095	.786
3824	1.182
4402	-.697
3825	.57
4403	-.227
3826	-.444
4404	.226
3827	-.504
4405	.636
3828	.093
4406	.494
3829	.309
4407	.704
1205	.025
1783	-.112
1206	-.086
1784	-.246
1207	.248
1785	-.305
1208	-.005
1786	.487
1209	.373
1787	.058
1210	.258
1788	-.501
3517	.724
4095	.255
3518	-.042
4096	.233
3519	.084
4097	-.255
3520	.198
4098	-.364
3521	-.018
4099	-1.764
3522	.958
4100	-.627
1211	.286
1789	-.005
1212	.011
1790	-.042
1213	.468
1791	.461
1214	.373
1792	.103
1215	-.835
1793	-.747
1216	-1.417
1794	-1.306
3523	-.828
4101	-.056
3524	-.858
4102	.207
3525	.443
4103	.15
3526	-.575
4104	.104
3527	-.134
4105	-.186
3528	.522
4106	.117
1217	.733
1795	.246
1218	.054
1796	.041
1219	-.939
1797	.491
1220	1.132
1798	-.325
1221	-.251
1799	-.257
1222	.143
1800	.074
3529	-.789
4107	-.501
3530	-1.543
4108	-.441
3531	-.969
4109	-.725
3532	-.221
4110	.385
3533	-.212
4111	-.805
3534	.249
4112	-.192
1223	-1.042
1801	.24
1224	-.434
1802	-.56
1225	.023
1803	.296
1226	.406
1804	.217
1227	.089
1805	.123
1228	-.193
1806	.499
3535	.589
4113	-.04
3536	.671
4114	-.056
3537	-.861
4115	-.075
3538	-.691
4116	.124
3539	.306
4117	.463
3540	.012
4118	.238
73	.219
651	.234
74	.439
652	.119
75	-2.718
653	-3.536
76	-.027
654	.003
77	.333
655	-.208
78	-.564
656	.01
2385	-.617
2963	-.433
2386	-.05
2964	2.087
2387	2.414
2965	.094
2388	-.2
2966	.372
2389	-.012
2967	.352
2390	.03
2968	1.131
79	.998
657	.353
80	.195
658	-.722
81	-.754
659	-1.347
82	-.801
660	.303
83	.121
661	-.595
84	.64
662	-.063
2391	-.411
2969	-.212
2392	-.423
2970	.655
2393	-.284
2971	1.239
2394	1.367
2972	.295
2395	.087
2973	.121
2396	.59
2974	.003
85	.084
663	.119
86	.596
664	-.071
87	-.233
665	.699
88	-.06
666	-.503
89	-.616
667	.216
90	-.105
668	.167
2397	.179
2975	-.243
2398	-1.058
2976	-.651
2399	-.752
2977	.157
2400	-.212
2978	-1.249
2401	.681
2979	-.556
2402	-.726
2980	-.266
91	-.015
669	.041
92	.054
670	.396
93	-.041
671	-.913
94	-.365
672	-.283
95	-.255
673	.426
96	-.197
674	.051
2403	-.103
2981	.048
2404	-.158
2982	-.27
2405	-.354
2983	-.75
2406	.059
2984	.117
2407	1.5
2985	-.034
2408	-.28
2986	-.223
362	-.419
940	-.016
363	-1.753
941	-1.26
364	.075
942	-.128
365	.259
943	.066
366	.269
944	.95
367	.346
945	.257
2674	.37
3252	.332
2675	-.099
3253	-.126
2676	.686
3254	.085
2677	.089
3255	-.002
2678	-.805
3256	.071
2679	-.645
3257	-.709
368	-.705
946	.552
369	.236
947	-.417
370	-1.059
948	-1.22
371	-1.014
949	-.44
372	-.652
950	-.249
373	-.461
951	-.273
2680	-.433
3258	-.643
2681	-.924
3259	-.567
2682	.073
3260	.064
2683	.472
3261	.752
2684	.061
3262	-.047
2685	-.26
3263	-.042
374	.496
952	.47
375	-.176
953	-1.511
376	-.39
954	.158
377	.711
955	.632
378	-.317
956	-.567
379	-.473
957	-.575
2686	-.539
3264	-1.023
2687	-.763
3265	-.371
2688	-.123
3266	.373
2689	-.034
3267	-.033
2690	-.08
3268	-.077
2691	-.347
3269	.43
380	.015
958	.264
381	-.456
959	.535
382	.373
960	.483
383	.388
961	-.524
384	.45
962	.475
385	.102
963	.283
2692	-.584
3270	-.538
2693	-.829
3271	-.202
2694	-1.072
3272	-.339
2695	-.427
3273	-.194
2696	-.486
3274	.963
2697	1.786
3275	1.764
1518	-.091
2096	.112
1519	.051
2097	-.351
1520	-.722
2098	-.618
1521	-.189
2099	-.509
1522	-.229
2100	.265
1523	.09
2101	-.432
3830	-.302
4408	-.482
3831	-.29
4409	.277
3832	-.41
4410	-.248
3833	-.049
4411	-.127
3834	-.929
4412	-1.398
3835	-1.44
4413	-1.473
1524	-1.306
2102	-1.302
1525	-.042
2103	.21
1526	-.739
2104	.006
1527	-.388
2105	.104
1528	.582
2106	-.438
1529	.594
2107	.147
3836	-3.683
4414	-2.897
3837	-.536
4415	-.443
3838	-.433
4416	.244
3839	.873
4417	-.087
3840	.461
4418	.272
3841	-.017
4419	.786
1530	.474
2108	.196
1531	-.4
2109	-.8
1532	-.326
2110	-.3
1533	-.319
2111	-.261
1534	-1.877
2112	.046
1535	.114
2113	.064
3842	-.162
4420	-.3
3843	-.123
4421	-.086
3844	-.12
4422	.158
3845	.536
4423	-.104
3846	-.45
4424	-.237
3847	.233
4425	.653
1536	.266
2114	-.141
1537	.114
2115	.665
1538	.129
2116	.11
1539	2.891
2117	.947
1540	.186
2118	-.486
1541	-.277
2119	-.708
3848	-.711
4426	.031
3849	-1.125
4427	-.212
3850	.114
4428	.041
3851	-.215
4429	.373
3852	.957
4430	.181
3853	.663
4431	.416
1229	.812
1807	1.191
1230	2.39
1808	1.622
1231	.827
1809	.719
1232	-.238
1810	.399
1233	.236
1811	.201
1234	.225
1812	.181
3541	.373
4119	.771
3542	.123
4120	.763
3543	1.106
4121	-.274
3544	-.419
4122	.075
3545	.596
4123	.454
3546	-.021
4124	.418
1235	.091
1813	.335
1236	.548
1814	.344
1237	.406
1815	.312
1238	.464
1816	.36
1239	-.121
1817	.078
1240	1.149
1818	-.709
3547	-.526
4125	-.859
3548	-1.358
4126	-.615
3549	-1.449
4127	.502
3550	-.257
4128	.494
3551	.37
4129	.256
3552	-.027
4130	-.391
1241	-.193
1819	-.076
1242	-1.005
1820	-.625
1243	-.326
1821	-.543
1244	-.445
1822	-.456
1245	-1.303
1823	-.063
1246	-.136
1824	.521
3553	1.724
4131	-.092
3554	-1.364
4132	.1
3555	-.402
4133	.007
3556	.134
4134	-.283
3557	-.484
4135	.288
3558	-.453
4136	-.332
1247	-.701
1825	.384
1248	-.02
1826	.775
1249	-.02
1827	-.013
1250	-.656
1828	.366
1251	-.384
1829	-.571
1252	-1.163
1830	.57
3559	-.384
4137	-.048
3560	-.225
4138	.228
3561	-1.084
4139	-.575
3562	-2.77
4140	-.185
3563	-.578
4141	-.444
3564	.834
4142	.166
97	.036
675	-.449
98	-.229
676	.118
99	-.292
677	2.264
100	-.142
678	-1.153
101	-.229
679	.006
102	-.555
680	-1.72
2409	-.202
2987	-.255
2410	-.057
2988	.011
2411	-.141
2989	.011
2412	-.337
2990	.427
2413	.373
2991	.575
2414	-.637
2992	.231
103	.56
681	-.343
104	-.364
682	-.193
105	-.575
683	-3.384
106	.139
684	-.202
107	-.537
685	-.391
108	-.754
686	.246
2415	-.347
2993	.542
2416	-.047
2994	-.071
2417	-.541
2995	-.604
2418	-.561
2996	-.086
2419	-.019
2997	.093
2420	.373
2998	.766
109	-.094
687	.308
110	.38
688	.09
111	-.249
689	-.706
112	-.631
690	.223
113	-.069
691	-.215
114	-.287
692	.061
2421	.182
2999	.448
2422	.024
3000	.05
2423	.064
3001	-.042
2424	-.233
3002	.074
2425	-.374
3003	-.215
2426	-.134
3004	.159
115	.065
693	-.496
116	-.489
694	-.078
117	-.726
695	-.62
118	-.101
696	.143
119	-.474
697	-.178
120	-.471
698	1.156
2427	1.101
3005	1.186
2428	1.555
3006	.11
2429	-.547
3007	.268
2430	-.627
3008	-.059
2431	-.296
3009	.383
2432	-.941
3010	-.227
386	-.033
964	-.394
387	.183
965	.587
388	.336
966	-.555
389	-.588
967	.072
390	
968	.191
391	.458
969	.072
2698	.096
3276	-.375
2699	.291
3277	-.367
2700	.053
3278	-.452
2701	-.249
3279	.829
2702	.717
3280	-.051
2703	.373
3281	-.121
392	-.294
970	-.123
393	-.698
971	.744
394	-.627
972	-.756
395	-.673
973	-.331
396	-.399
974	-.24
397	-.026
975	-.427
2704	.736
3282	-.063
2705	-.371
3283	-.342
2706	.226
3284	-.011
2707	.248
3285	-.183
2708	-.267
3286	-.157
2709	-1.245
3287	-.693
398	-.689
976	.284
399	-.851
977	-.53
400	-.483
978	-.756
401	-.77
979	-.547
402	.057
980	-1.955
403	-.077
981	-.797
2710	-.465
3288	-.551
2711	-.991
3289	-.609
2712	-2.097
3290	-1.013
2713	-1.129
3291	-1.583
2714	-1.727
3292	.129
2715	.233
3293	-.33
404	1.233
982	.537
405	.073
983	-.497
406	.024
984	-.205
407	-.098
985	-.05
408	-.975
986	-.382
409	-.24
987	-.238
2716	-.413
3294	-.343
2717	-.734
3295	.078
2718	-.13
3296	.128
2719	-.369
3297	.529
2720	.081
3298	-.259
2721	-.12
3299	.197
1542	-.418
2120	.317
1543	.212
2121	-.175
1544	-.28
2122	-.642
1545	.661
2123	-.013
1546	-.507
2124	-.104
1547	-.679
2125	-.333
3854	-.583
4432	.246
3855	-.066
4433	.034
3856	-.23
4434	-.298
3857	-.298
4435	.117
3858	-.114
4436	.936
3859	1.152
4437	.657
1548	.366
2126	.244
1549	-.11
2127	-.349
1550	-.22
2128	.32
1551	.468
2129	-.409
1552	.379
2130	.201
1553	.605
2131	-1.096
3860	-.135
4438	-.052
3861	.282
4439	1.157
3862	-.065
4440	-.425
3863	-.277
4441	-.021
3864	.615
4442	.77
3865	-.231
4443	-.116
1554	.439
2132	-.086
1555	.101
2133	.311
1556	.596
2134	-.219
1557	.128
2135	-.663
1558	-.864
2136	-.713
1559	-1.648
2137	-3.469
3866	-.343
4444	-.121
3867	.284
4445	.306
3868	.875
4446	.764
3869	-.373
4447	-.778
3870	-.953
4448	.163
3871	.438
4449	-.106
1560	.737
2138	.257
1561	.36
2139	.72
1562	.396
2140	.404
1563	.5
2141	-.074
1564	.42
2142	.288
1565	.184
2143	-1.665
3872	-.519
4450	.177
3873	.254
4451	-.477
3874	.096
4452	.567
3875	-.58
4453	-.451
3876	-.389
4454	-.045
3877	-.33
4455	-.083
1253	1.088
1831	.502
1254	-.324
1832	.111
1255	5.923
1833	1.076
1256	2.629
1834	4.552
1257	4.925
1835	5.418
1258	.995
1836	.667
3565	-.14
4143	-.1
3566	.157
4144	0
3567	.125
4145	.322
3568	-.055
4146	.348
3569	.554
4147	1.091
3570	0
4148	.029
1259	-.137
1837	-1.269
1260	.373
1838	.429
1261	-.116
1839	.292
1262	-.061
1840	.621
1263	-.277
1841	.35
1264	-.427
1842	.233
3571	-.965
4149	.249
3572	.057
4150	-.791
3573	-.449
4151	-.957
3574	-.814
4152	-1.28
3575	-.627
4153	-.493
3576	.337
4154	-.335
1265	.024
1843	.985
1266	.61
1844	-.186
1267	1.232
1845	.06
1268	-.209
1846	.196
1269	-.048
1847	.139
1270	-.728
1848	.075
3577	-.654
4155	-.865
3578	-.008
4156	.265
3579	-.173
4157	-.227
3580	-.46
4158	-.305
3581	-1.384
4159	-.799
3582	.148
4160	.201
1271	.373
1849	.189
1272	-.042
1850	.153
1273	.145
1851	-.225
1274	-2.122
1852	-1.551
1275	-2.28
1853	-.98
1276	.285
1854	2.876
3583	6.608
4161	.433
3584	-2.344
4162	-1.918
3585	-.288
4163	-.027
3586	-.179
4164	-.432
3587	-.032
4165	-.136
3588	-.703
4166	-.808
121	.714
699	.494
122	.041
700	.688
123	.078
701	-.05
124	.256
702	.505
125	1.165
703	-.107
126	-.178
704	-.263
2433	-.174
3011	.226
2434	.534
3012	.134
2435	-.327
3013	-.08
2436	.059
3014	.022
2437	-.293
3015	.874
2438	.215
3016	.037
127	-.453
705	.244
128	-.554
706	.451
129	.414
707	1.103
130	.171
708	.19
131	-.267
709	.731
132	1.381
710	.787
2439	.606
3017	.291
2440	.239
3018	.124
2441	.547
3019	-.141
2442	-.538
3020	.183
2443	-.514
3021	.421
2444	.348
3022	.534
133	-.058
711	.031
134	-.06
712	.213
135	-.197
713	.151
136	.411
714	.046
137	.132
715	.539
138	.564
716	.951
2445	-.238
3023	-.426
2446	-.023
3024	.102
2447	-.05
3025	-.488
2448	-2.272
3026	.892
2449	-.101
3027	.695
2450	.933
3028	1.256
139	.774
717	1.353
140	3.027
718	3.512
141	4.781
719	1.373
142	1.568
720	.043
143	-.299
721	-.509
144	3.258
722	4.316
2451	4.329
3029	3.218
2452	6.685
3030	.518
2453	-.879
3031	-.743
2454	-.082
3032	.218
2455	.99
3033	.116
2456	-.785
3034	.747
410	.328
988	.107
411	.453
989	.474
412	.124
990	.823
413	.026
991	.297
414	-1.089
992	-.397
415	.177
993	4.928
2722	5.859
3300	7.091
2723	7.424
3301	5.389
2724	-.341
3302	.525
2725	.291
3303	.525
2726	.232
3304	-.212
2727	.194
3305	.248
416	.593
994	.133
417	.482
995	.416
418	-.131
996	-.621
419	-.642
997	-.407
420	-.066
998	.233
421	.216
999	-.752
2728	-.87
3306	-.272
2729	.745
3307	.845
2730	1.379
3308	.433
2731	.273
3309	-.062
2732	.123
3310	.115
2733	.165
3311	-.186
422	.203
1000	-.015
423	.34
1001	.056
424	2.278
1002	-.24
425	-.185
1003	-.319
426	-.464
1004	-1.034
427	-.55
1005	.13
2734	.464
3312	-.212
2735	-.141
3313	-.223
2736	.154
3314	-.391
2737	-1.73
3315	-.654
2738	-.794
3316	.389
2739	.339
3317	-.364
428	-.045
1006	-.193
429	-.102
1007	-.022
430	-.04
1008	.399
431	-.808
1009	.047
432	-.037
1010	-.062
433	-.011
1011	-.066
2740	-.913
3318	-1.022
2741	-.108
3319	.022
2742	-.027
3320	.118
2743	.584
3321	.373
2744	.167
3322	.211
2745	.487
3323	.024
1566	.025
2144	-.607
1567	.551
2145	.694
1568	.175
2146	-.895
1569	-.424
2147	-.638
1570	.152
2148	-.026
1571	-.248
2149	.224
3878	-.204
4456	.265
3879	-.747
4457	.1
3880	.362
4458	.155
3881	.144
4459	-.08
3882	-.382
4460	-.375
3883	-.75
4461	.326
1572	-.156
2150	-.179
1573	.284
2151	-.055
1574	-.062
2152	-.272
1575	.292
2153	.191
1576	.309
2154	-.462
1577	.447
2155	-.201
3884	-.343
4462	-.314
3885	-.038
4463	.194
3886	-.358
4464	-.975
3887	-.888
4465	-1.115
3888	-.455
4466	-.212
3889	-.101
4467	-.436
1578	-.206
2156	-.285
1579	-.014
2157	-.273
1580	.186
2158	-.482
1581	.291
2159	.66
1582	-.086
2160	.987
1583	-.608
2161	-.302
3890	.658
4468	.847
3891	.31
4469	.322
3892	-.297
4470	1.317
3893	.998
4471	.626
3894	.762
4472	.018
3895	.199
4473	-.676
1584	.714
2162	.624
1585	.533
2163	.561
1586	.022
2164	-.141
1587	.219
2165	.225
1588	.162
2166	.371
1589	.529
2167	-.074
3896	-.434
4474	-.231
3897	.938
4475	-.488
3898	-.012
4476	.061
3899	.247
4477	.359
3900	-.817
4478	-.636
3901	-.311
4479	.396
1277	-.843
1855	.394
1278	.259
1856	.192
1279	.016
1857	.251
1280	-1.274
1858	.306
1281	.566
1859	.849
1282	1.06
1860	-.016
3589	-.049
4167	-.339
3590	-.091
4168	-.078
3591	-.3
4169	-.089
3592	-.31
4170	.287
3593	.17
4171	-.137
3594	-.719
4172	.258
1283	-.188
1861	-.262
1284	-1.177
1862	-.376
1285	-.249
1863	.725
1286	.025
1864	.064
1287	-.733
1865	.498
1288	-.716
1866	-.369
3595	-.992
4173	-.851
3596	-1.283
4174	-.932
3597	-1.136
4175	-1.864
3598	-2.157
4176	-.335
3599	-.355
4177	-.281
3600	-1.123
4178	-1.126
1289	-.236
1867	.129
1290	-1.766
1868	-.655
1291	.346
1869	-.504
1292	.296
1870	.052
1293	.264
1871	.107
1294	-.227
1872	.577
3601	-.289
4179	-.269
3602	.633
4180	-.396
3603	.262
4181	-.164
3604	.254
4182	.566
3605	-.141
4183	.887
3606	.116
4184	.222
1295	.262
1873	.143
1296	-1.048
1874	1.058
1297	.166
1875	.611
1298	-.467
1876	-.075
1299	1.07
1877	.538
1300	.151
1878	.192
3607	-1.149
4185	-.797
3608	-.321
4186	.775
3609	-.069
4187	.351
3610	.062
4188	.354
3611	1.044
4189	-.263
3612	-.554
4190	-.104
145	
723	.919
146	.215
724	.476
147	-.544
725	.309
148	.313
726	.024
149	-.342
727	-.257
150	-.444
728	-.099
2457	.224
3035	.021
2458	-1.768
3036	.151
2459	-.373
3037	.505
2460	-.047
3038	-.173
2461	-.451
3039	.118
2462	-.665
3040	.388
151	1.493
729	.714
152	.652
730	.422
153	-.071
731	-.778
154	-1.15
732	.267
155	-1.544
733	-1.005
156	-.84
734	-.125
2463	.991
3041	.513
2464	-.399
3042	.589
2465	.282
3043	-.103
2466	-.186
3044	-.822
2467	-2.086
3045	-.955
2468	-1.514
3046	-.138
157	-.627
735	.124
158	.172
736	.098
159	.387
737	1.899
160	.156
738	-.129
161	-.653
739	-.768
162	-.106
740	-.076
2469	-.483
3047	.385
2470	-.196
3048	.319
2471	-.315
3049	-.271
2472	-.126
3050	-.358
2473	.223
3051	.253
2474	.283
3052	-.422
163	-.38
741	.095
164	-.27
742	-.009
165	.823
743	1.293
166	.814
744	.968
167	.352
745	
168	-.216
746	.092
2475	-.056
3053	.543
2476	-.627
3054	-.103
2477	-.571
3055	-.261
2478	-.122
3056	.648
2479	-1.449
3057	-.377
2480	-.915
3058	-.418
434	.065
1012	-.421
435	.188
1013	.492
436	.765
1014	-.474
437	-.042
1015	-.107
438	-.971
1016	-.881
439	-.553
1017	.318
2746	.601
3324	-.164
2747	.452
3325	.38
2748	-.395
3326	-.65
2749	-.514
3327	.193
2750	.703
3328	.08
2751	.795
3329	.311
440	-.617
1018	-.105
441	-.293
1019	1.887
442	1.627
1020	1.414
443	1.946
1021	1.112
444	.698
1022	.258
445	.131
1023	.715
2752	.122
3330	-.003
2753	-.818
3331	.182
2754	.442
3332	.433
2755	.221
3333	.499
2756	.521
3334	-.761
2757	-.869
3335	-.024
446	.168
1024	.786
447	1.442
1025	.326
448	-.882
1026	-.26
449	.103
1027	.226
450	-.797
1028	.387
451	-.257
1029	.06
2758	.185
3336	.073
2759	-.21
3337	.196
2760	-.131
3338	-.659
2761	-.071
3339	-.83
2762	-.216
3340	.117
2763	-.29
3341	.79
452	.164
1030	-.651
453	-.301
1031	-.383
454	.217
1032	1.151
455	.296
1033	.076
456	.532
1034	.383
457	-.361
1035	-.807
2764	-.988
3342	-.239
2765	.248
3343	-.155
2766	.689
3344	-.545
2767	-.058
3345	-.161
2768	-.81
3346	-.288
2769	-.167
3347	-.036
1590	-1.454
2168	-.933
1591	.107
2169	-.144
1592	.002
2170	-.394
1593	-.504
2171	-.717
1594	.179
2172	-.413
1595	.149
2173	-.717
3902	-.226
4480	.204
3903	.581
4481	.101
3904	-.817
4482	-.102
3905	-.913
4483	-.247
3906	-.258
4484	-.046
3907	.681
4485	.076
1596	.141
2174	-.093
1597	.554
2175	.373
1598	2.011
2176	.593
1599	6.591
2177	4.267
1600	5.462
2178	7.611
1601	6.727
2179	5.46
3908	4.461
4486	4.811
3909	3.588
4487	-.561
3910	.124
4488	-.72
3911	.353
4489	-.011
3912	-.697
4490	.693
3913	.332
4491	1.226
1602	.196
2180	.308
1603	-.078
2181	.461
1604	1.016
2182	.8
1605	.825
2183	.038
1606	.282
2184	-.243
1607	-.391
2185	.087
3914	.486
4492	.11
3915	.373
4493	.621
3916	.283
4494	.004
3917	.424
4495	-.105
3918	.603
4496	.621
3919	.696
4497	.065
1608	.15
2186	.635
1609	.118
2187	.03
1610	.362
2188	-.159
1611	-.008
2189	.559
1612	.233
2190	-.199
1613	.132
2191	-.235
3920	-.276
4498	-.788
3921	-.524
4499	-1.426
3922	-1.001
4500	-.643
3923	.238
4501	.034
3924	-.166
4502	-.413
3925	-.859
4503	-.042
1301	.629
1879	.304
1302	-.097
1880	.166
1303	-.552
1881	-.552
1304	-.735
1882	-.469
1305	.062
1883	.275
1306	-.164
1884	.102
3613	.02
4191	-.129
3614	.455
4192	.495
3615	.22
4193	.151
3616	.207
4194	1.366
3617	.985
4195	.461
3618	1.183
4196	.527
1307	-.092
1885	-.146
1308	.594
1886	-.105
1309	-1.905
1887	.078
1310	.042
1888	.027
1311	-.038
1889	-.584
1312	-.021
1890	.168
3619	.214
4197	.364
3620	.361
4198	-.204
3621	-.365
4199	-.482
3622	-.706
4200	.199
3623	-.06
4201	-.029
3624	.757
4202	.234
1313	.196
1891	.306
1314	-.095
1892	-.083
1315	-.178
1893	-.419
1316	-.482
1894	-.598
1317	-.34
1895	-.246
1318	-.039
1896	.161
3625	-.316
4203	.157
3626	-.305
4204	-1.44
3627	-.949
4205	.076
3628	.156
4206	.01
3629	.001
4207	-.339
3630	-1.163
4208	-.037
1319	.017
1897	.173
1320	-1.265
1898	-.035
1321	-.266
1899	-.053
1322	-.399
1900	.349
1323	.579
1901	.038
1324	-.841
1902	.017
3631	-.176
4209	.12
3632	.161
4210	.711
3633	.882
4211	-.018
3634	-.238
4212	.025
3635	-.375
4213	.111
3636	-1.081
4214	-.691
169	-.002
747	.859
170	.653
748	.439
171	.189
749	1.07
172	.346
750	-.333
173	-.369
751	.402
174	.309
752	.689
2481	-.587
3059	.358
2482	.322
3060	.946
2483	.673
3061	-.191
2484	-.845
3062	-.157
2485	-.054
3063	.166
2486	-.484
3064	.56
175	.044
753	.44
176	-.13
754	.57
177	.196
755	.543
178	-.005
756	.695
179	-2.697
757	-.281
180	-.126
758	.417
2487	.373
3065	-.166
2488	.636
3066	-.259
2489	-.108
3067	.21
2490	-.811
3068	-.469
2491	-.171
3069	-.627
2492	-1.157
3070	-.976
181	-1.429
759	.326
182	-.458
760	.146
183	.591
761	.292
184	-.712
762	-.349
185	-.826
763	-.451
186	.258
764	.373
2493	-.022
3071	-.459
2494	-.234
3072	-.042
2495	-.263
3073	.251
2496	.464
3074	.057
2497	-.711
3075	.272
2498	-.118
3076	-.299
187	-.307
765	-.922
188	-.446
766	.105
189	.476
767	.084
190	.508
768	.534
191	.543
769	-.69
192	-.45
770	-.273
2499	.057
3077	.445
2500	-.419
3078	-.141
2501	1.074
3079	.43
2502	-.465
3080	.559
2503	-.203
3081	.602
2504	-.636
3082	1.65
458	.545
1036	-.259
459	.424
1037	.302
460	-.504
1038	-.267
461	-.923
1039	-.462
462	.043
1040	-.476
463	-.312
1041	-.387
2770	-.067
3348	.236
2771	-.038
3349	-.495
2772	-.093
3350	-.026
2773	.788
3351	.303
2774	.864
3352	.345
2775	.62
3353	.705
464	.137
1042	.264
465	.218
1043	.295
466	.575
1044	.236
467	-.002
1045	-.684
468	-.461
1046	-.342
469	-.329
1047	-.114
2776	-.44
3354	-.205
2777	.13
3355	-.121
2778	-.18
3356	-.074
2779	.243
3357	-.197
2780	-1.207
3358	2.23
2781	-1.238
3359	-.42
470	.373
1048	-.024
471	.2
1049	-.474
472	-.086
1050	.223
473	.158
1051	-.13
474	-.279
1052	-.047
475	-.001
1053	-.509
2782	-.298
3360	-.653
2783	-.189
3361	-.288
2784	.106
3362	-.341
2785	.317
3363	-.088
2786	-.395
3364	.151
2787	-.479
3365	-.134
476	.241
1054	.512
477	-.421
1055	-.171
478	.119
1056	-.023
479	.602
1057	-.354
480	-.807
1058	.106
481	-.572
1059	.142
2788	-.198
3366	-.16
2789	.154
3367	.082
2790	-.33
3368	.667
2791	.646
3369	.147
2792	-.351
3370	.555
2793	.448
3371	.12
1614	-.399
2192	-.339
1615	-.25
2193	.048
1616	-.429
2194	.068
1617	-.072
2195	-.33
1618	-.276
2196	-2.422
1619	-1.33
2197	-1.437
3926	-2.031
4504	1.348
3927	.526
4505	.034
3928	-.112
4506	-.529
3929	-.564
4507	-.191
3930	-.755
4508	.407
3931	.14
4509	-.06
1620	-.777
2198	.148
1621	-.049
2199	-.177
1622	-1.049
2200	.628
1623	-.095
2201	-.256
1624	-.043
2202	-.017
1625	-.286
2203	.334
3932	1.278
4510	-.396
3933	-.266
4511	1.508
3934	.191
4512	-.627
3935	-.936
4513	-.977
3936	.897
4514	.121
3937	.719
4515	-.599
1626	-.222
2204	-.287
1627	.205
2205	-.962
1628	-.425
2206	-.967
1629	-.785
2207	-.949
1630	-.236
2208	.385
1631	.115
2209	.834
3938	-.142
4516	-.052
3939	-.183
4517	-.479
3940	.213
4518	-.462
3941	.17
4519	-.154
3942	-.235
4520	-.009
3943	1.302
4521	2.042
1632	2.618
2210	.47
1633	.109
2211	.164
1634	.103
2212	.193
1635	.132
2213	.438
1636	.75
2214	-.053
1637	-.723
2215	.013
3944	.629
4522	.167
3945	-.559
4523	-.112
3946	-.264
4524	-.343
3947	-.5
4525	.173
3948	.009
4526	-.005
3949	.09
4527	.415
1325	-.561
1903	.4
1326	.546
1904	-.096
1327	-.667
1905	.061
1328	-.056
1906	-.361
1329	-.345
1907	-.125
1330	.432
1908	.919
3637	.208
4215	-1.69
3638	-.576
4216	.03
3639	-.247
4217	-.048
3640	-.118
4218	-.024
3641	-.197
4219	-.624
3642	-.842
4220	.241
1331	-1.209
1909	.121
1332	.03
1910	-.368
1333	-.4
1911	-.079
1334	-.455
1912	.42
1335	.753
1913	-.352
1336	-.219
1914	.19
3643	1.988
4221	.529
3644	.81
4222	.778
3645	-.53
4223	-.037
3646	-.22
4224	-.081
3647	-.456
4225	-.648
3648	-1.288
4226	.293
1337	.125
1915	2.141
1338	.868
1916	.493
1339	.256
1917	-.03
1340	1.694
1918	1.103
1341	.508
1919	.713
1342	.808
1920	.815
3649	.358
4227	-.017
3650	-.797
4228	-.05
3651	-.963
4229	-.717
3652	-.065
4230	.327
3653	.928
4231	.812
3654	-.139
4232	.876
1343	-.097
1921	.458
1344	.684
1922	.484
1345	.16
1923	.595
1346	.689
1924	.221
1347	.514
1925	.85
1348	.728
1926	.212
3655	.167
4233	-.723
3656	-.878
4234	.315
3657	-.408
4235	.059
3658	-.646
4236	.121
3659	-.501
4237	-.103
3660	-.167
4238	.024
193	.649
771	-.245
194	-.263
772	.227
195	-.475
773	.125
196	.415
774	.33
197	.479
775	.055
198	-.907
776	-1.407
2505	-.063
3083	.041
2506	-.841
3084	.104
2507	-.28
3085	-.268
2508	-.36
3086	-.741
2509	-.241
3087	-.225
2510	.909
3088	-.868
199	.679
777	.129
200	.049
778	-.031
201	.815
779	.641
202	-.386
780	.441
203	.135
781	-.262
204	-.292
782	.87
2511	.1
3089	.006
2512	-.221
3090	-.01
2513	.321
3091	.432
2514	.629
3092	-.048
2515	-.602
3093	-1.134
2516	-1.065
3094	-.693
205	-.62
783	-.558
206	.587
784	.334
207	.633
785	2.363
208	6.189
786	1.774
209	2.838
787	7.34
210	6.187
788	4.221
2517	3.618
3095	5.353
2518	1.718
3096	.773
2519	-.449
3097	.502
2520	-.318
3098	.736
2521	.424
3099	-.202
2522	-.092
3100	-.919
211	-1.228
789	-1.176
212	-1.425
790	-1.67
213	-2.193
791	-1.355
214	-1.887
792	-1.74
215	-1.942
793	-1.766
216	-1.985
794	-1.886
2523	-2.497
3101	-.786
2524	.457
3102	.494
2525	-.02
3103	.051
2526	
3104	.174
2527	-.058
3105	.144
2528	.556
3106	-.331
482	-1.449
1060	-.441
483	-.364
1061	.507
484	.373
1062	.319
485	.215
1063	.24
486	.435
1064	.692
487	-.074
1065	.151
2794	.625
3372	.212
2795	.092
3373	-.136
2796	.322
3374	-.015
2797	.319
3375	.308
2798	.491
3376	.12
2799	.311
3377	.491
488	.569
1066	.111
489	.525
1067	.084
490	.433
1068	-.471
491	.189
1069	-.564
492	-.475
1070	-.274
493	.075
1071	.458
2800	-.013
3378	-.578
2801	-.458
3379	-.195
2802	-1.793
3380	.173
2803	-.049
3381	.29
2804	-.278
3382	-.102
2805	-.342
3383	-.305
494	.262
1072	.029
495	.038
1073	-.029
496	-.062
1074	-.23
497	.566
1075	-.316
498	-.638
1076	-.275
499	-.309
1077	-.145
2806	-2.013
3384	-.413
2807	-.721
3385	-.225
2808	.033
3386	.364
2809	.214
3387	.02
2810	.152
3388	.064
2811	-.045
3389	.181
500	-.667
1078	-.431
501	.342
1079	-.639
502	-.54
1080	-1.261
503	-.546
1081	-.221
504	.421
1082	.226
505	.368
1083	.989
2812	.123
3390	.045
2813	-.57
3391	-.588
2814	-.622
3392	-1.579
2815	-.219
3393	-2.058
2816	-.677
3394	-.53
2817	-.648
3395	-.397
1638	-1.052
2216	-.448
1639	-.717
2217	-.535
1640	-.769
2218	.226
1641	-.063
2219	-.054
1642	-.336
2220	.098
1643	1.567
2221	-.189
3950	-.14
4528	-1.105
3951	-.589
4529	.556
3952	-.147
4530	-.419
3953	-.094
4531	.181
3954	.079
4532	.17
3955	.427
4533	-.41
1644	.603
2222	-.027
1645	.06
2223	-.085
1646	.414
2224	.462
1647	1.461
2225	.249
1648	.617
2226	-.457
1649	.042
2227	.719
3956	.822
4534	.958
3957	.264
4535	.026
3958	-.471
4536	2.287
3959	1.144
4537	.681
3960	1.403
4538	.646
3961	.278
4539	-.277
1650	-.34
2228	-.885
1651	-.914
2229	.538
1652	-1.882
2230	-2.118
1653	-.15
2231	1.262
1654	-1.71
2232	-1.992
1655	-.352
2233	.35
3962	-.453
4540	-.03
3963	.193
4541	.45
3964	1.821
4542	.804
3965	.49
4543	.084
3966	.738
4544	-.345
3967	-.572
4545	-.412
1656	-.755
2234	.075
1657	-.039
2235	-.047
1658	.503
2236	.109
1659	-.223
2237	-.266
1660	-.257
2238	-.745
1661	-.392
2239	-.241
3968	-.31
4546	-.287
3969	.543
4547	.499
3970	.43
4548	-.627
3971	1.001
4549	-.169
3972	1.122
4550	.775
3973	-.454
4551	.009
1349	-.356
1927	-.781
1350	-.897
1928	-.663
1351	1.635
1929	.4
1352	.081
1930	-.429
1353	-.112
1931	-.504
1354	-.067
1932	-.022
3661	-.089
4239	.532
3662	2.543
4240	-.078
3663	-.66
4241	-.658
3664	-.34
4242	-.03
3665	-.512
4243	-.108
3666	.317
4244	.483
1355	1.417
1933	.876
1356	-.289
1934	-.391
1357	-.676
1935	.181
1358	-.28
1936	-.201
1359	-.4
1937	-.242
1360	-.698
1938	-.805
3667	-.348
4245	-.599
3668	-.099
4246	.373
3669	-.457
4247	-.71
3670	-.194
4248	-.914
3671	-.12
4249	-1.595
3672	-.442
4250	-.849
1361	-1.141
1939	-.544
1362	.024
1940	-.499
1363	-.882
1941	-1.019
1364	-1.285
1942	-.474
1365	-.672
1943	-.229
1366	.627
1944	.208
3673	-.327
4251	.096
3674	.098
4252	-.063
3675	-.109
4253	-1.651
3676	-.506
4254	-.296
3677	.192
4255	.396
3678	.051
4256	-.08
1367	2.137
1945	1.722
1368	.306
1946	1.44
1369	-.812
1947	-.332
1370	.802
1948	-.065
1371	.444
1949	-.218
1372	.203
1950	.76
3679	.136
4257	-.411
3680	.447
4258	.141
3681	-2.756
4259	-1.611
3682	-.486
4260	.354
3683	-.09
4261	.016
3684	-.108
4262	.086
217	-.088
795	-.268
218	-.106
796	.339
219	.336
797	.676
220	-.452
798	.084
221	-.554
799	.129
222	-.092
800	.25
2529	.213
3107	.284
2530	.58
3108	.747
2531	1.025
3109	.217
2532	.242
3110	-.479
2533	-.242
3111	.227
2534	-1.88
3112	-.636
223	-.577
801	-.494
224	-.592
802	1.137
225	.355
803	.716
226	-.387
804	.91
227	-.319
805	-.532
228	.112
806	-.729
2535	-1.654
3113	-1.407
2536	-.864
3114	-.704
2537	-1.075
3115	-.592
2538	-.458
3116	-1.337
2539	-.492
3117	.055
2540	.51
3118	.301
229	-.316
807	-.172
230	.02
808	-1.196
231	-.905
809	-.841
232	-.627
810	-.202
233	.322
811	-.021
234	-.479
812	.323
2541	.165
3119	-.401
2542	.067
3120	.373
2543	.476
3121	.082
2544	.051
3122	1.646
2545	-.235
3123	-.249
2546	-.518
3124	-.535
235	.093
813	.614
236	.529
814	.465
237	.058
815	.024
238	-.049
816	.051
239	-.392
817	-.219
240	-.063
818	-.156
2547	-.166
3125	.309
2548	-.106
3126	-.112
2549	-.31
3127	.193
2550	.059
3128	.225
2551	-.779
3129	.139
2552	-.482
3130	-.125
506	.187
1084	-.41
507	-.181
1085	-.218
508	.748
1086	.203
509	-.011
1087	.107
510	-.033
1088	-.226
511	-.308
1089	-.212
2818	-.042
3396	-.538
2819	-.652
3397	-.627
2820	.235
3398	-.329
2821	-.207
3399	-.191
2822	.005
3400	-.33
2823	.095
3401	.04
512	-.511
1090	-.27
513	-.635
1091	-.37
514	.508
1092	.61
515	-.151
1093	.428
516	-.761
1094	-.328
517	-1.885
1095	-.871
2824	-.293
3402	.317
2825	-.128
3403	.291
2826	-.196
3404	-.321
2827	-.22
3405	.041
2828	-1.16
3406	.24
2829	.449
3407	.16
518	.508
1096	.094
519	.472
1097	-.701
520	-1.049
1098	-.477
521	-.362
1099	-.731
522	-.576
1100	.183
523	-.097
1101	-.226
2830	-.444
3408	-.029
2831	-.543
3409	-.582
2832	.196
3410	-.159
2833	.239
3411	.235
2834	.859
3412	.121
2835	-.56
3413	.342
524	-.109
1102	-.307
525	-.461
1103	.871
526	-.135
1104	-.396
527	-.306
1105	-.244
528	-.978
1106	.123
529	-.341
1107	.726
2836	.312
3414	.096
2837	.451
3415	.026
2838	.861
3416	.87
2839	.537
3417	-.189
2840	.246
3418	.443
2841	-1.042
3419	.197
1662	.27
2240	.402
1663	.343
2241	-.041
1664	.376
2242	.621
1665	.321
2243	-.077
1666	-.294
2244	-.37
1667	-.054
2245	-.185
3974	-.252
4552	-.413
3975	.327
4553	-.469
3976	.185
4554	-.157
3977	-1.044
4555	-.042
3978	.329
4556	.314
3979	.381
4557	-.45
1668	.183
2246	.032
1669	.86
2247	.116
1670	-.026
2248	-.245
1671	-.223
2249	-.014
1672	-.334
2250	-.508
1673	1.077
2251	-.088
3980	-.317
4558	.085
3981	-.671
4559	-.065
3982	-.254
4560	.011
3983	.055
4561	-.521
3984	.362
4562	.002
3985	-.205
4563	-.662
1674	-1.26
2252	-.611
1675	-.948
2253	.3
1676	.519
2254	-.262
1677	-1.161
2255	-.974
1678	-.387
2256	.269
1679	-.564
2257	.323
3986	-.655
4564	-1.078
3987	-.943
4565	-.282
3988	.404
4566	-3.231
3989	-.725
4567	-.674
3990	-.821
4568	-.156
3991	-.475
4569	.305
1680	-.303
2258	-.3
1681	-.129
2259	.088
1682	.013
2260	.607
1683	-.92
2261	-.645
1684	-.959
2262	-.137
1685	-.488
2263	-.01
3992	.032
4570	.649
3993	.758
4571	.731
3994	.04
4572	.092
3995	-.085
4573	.251
3996	-.342
4574	.036
3997	2.075
4575	.978
1373	.159
1951	.413
1374	1.324
1952	.248
1375	.136
1953	.144
1376	-.058
1954	.11
1377	.065
1955	.229
1378	1.236
1956	.445
3685	-.102
4263	-.193
3686	-.002
4264	-.212
3687	-.327
4265	-.025
3688	-.487
4266	-.43
3689	-.287
4267	.043
3690	-.712
4268	-.124
1379	.188
1957	1.081
1380	-1.809
1958	-.594
1381	-.014
1959	-.46
1382	.217
1960	.113
1383	.423
1961	.223
1384	-.401
1962	.037
3691	-.507
4269	.02
3692	-.22
4270	.057
3693	-1.608
4271	-.61
3694	-.928
4272	-1.057
3695	-1.421
4273	-.226
3696	.295
4274	-.391
1385	-.775
1963	.126
1386	.024
1964	-.168
1387	-.272
1965	-.302
1388	-1.178
1966	.23
1389	-.735
1967	-.157
1390	-.772
1968	.064
3697	.141
4275	-.034
3698	-1.633
4276	-.371
3699	-1.085
4277	-.108
3700	-.43
4278	.006
3701	-2.841
4279	-.126
3702	.282
4280	.246
1391	.395
1969	.181
1392	.129
1970	.35
1393	-.714
1971	-.43
1394	-.132
1972	-.197
1395	-.479
1973	-.336
1396	.139
1974	-.35
3703	-.235
4281	-.969
3704	-.844
4282	.434
3705	.531
4283	.513
3706	.952
4284	1.129
3707	-.167
4285	.588
3708	.295
4286	1.169
241	1.293
819	.319
242	-1.261
820	.933
243	.268
821	.129
244	-.161
822	.094
245	-.527
823	-.391
246	-1.011
824	-.434
2553	-1.547
3131	.777
2554	1.178
3132	-.271
2555	.026
3133	-.346
2556	-.608
3134	-.05
2557	.274
3135	.058
2558	-.726
3136	-.67
247	-.834
825	-.989
248	.008
826	.45
249	.045
827	-.338
250	-.591
828	-.055
251	-1.042
829	-.357
252	-.601
830	-.657
2559	-1.185
3137	-.045
2560	-.424
3138	-1.065
2561	-.734
3139	-.268
2562	-.891
3140	-.447
2563	-.926
3141	-.546
2564	-.54
3142	-.345
253	-.354
831	-.331
254	-.246
832	.132
255	.062
833	.373
256	-1.321
834	-.56
257	-1.475
835	-.129
258	-.534
836	-.471
2565	.161
3143	-.101
2566	.274
3144	.059
2567	-.179
3145	-.029
2568	-.568
3146	-.315
2569	-3.601
3147	-.733
2570	-.305
3148	-.141
259	-.774
837	-.841
260	-.82
838	.253
261	-.011
839	.203
262	.387
840	.458
263	.446
841	.595
264	.628
842	.313
