3176	-.374
865	-2.365
3172	-.766
2599	3.46
288	.058
866	-1.206
863	-.777
2595	.46
286	.134
284	-.18
3173	-.134
3177	-.307
862	-1.132
864	-1.348
2600	.678
2596	.401
285	.578
3174	.463
3178	-.902
287	-.16
2597	
283	-.037
3175	-.628
2598	2.723
861	-.586
554	.138
1132	-.447
555	
1133	.36
556	1.945
1134	1.055
557	-.599
1135	.723
558	-.631
1136	1.138
559	
1137	
1421	-.552
1710	-1.386
1999	1.46
2288	-.348
1422	
1711	
2000	
2289	
1423	2.253
1712	-.377
2001	.561
2290	-.506
1424	-.095
1713	-.199
2002	.177
2291	-1.135
1425	-.241
1714	.591
2003	.022
2292	-.204
1426	-.283
1715	.216
2004	.138
2293	.096
2866	-1.447
3444	.245
2867	-.103
3445	.303
2868	.503
3446	.022
2869	.816
3447	.996
2870	.196
3448	-.12
2871	.46
3449	.535
3733	.069
4022	.018
4311	.076
4600	1.553
3734	.06
4023	-.152
4312	.528
4601	.017
3735	-.052
4024	-.055
4313	-.11
4602	.108
3736	-.145
4025	-.184
4314	.05
4603	-.159
3737	.069
4026	-.006
4315	.986
4604	-.117
3738	.002
4027	-.019
4316	-.27
4605	-.157
560	.067
1138	-.193
561	-.03
1139	.224
562	.076
1140	.109
563	-.041
1141	.246
564	-.034
1142	-.147
565	.108
1143	.46
1427	.191
1716	.088
2005	-.097
2294	.945
1428	.178
1717	-.06
2006	-.67
2295	0
1429	.221
1718	-.076
2007	-.059
2296	.21
1430	-.047
1719	-.322
2008	1.723
2297	-.032
1431	1.875
1720	2.138
2009	
2298	-2.184
1432	2.138
1721	
2010	
2299	-2.67
2872	0
3450	.012
2873	
3451	
2874	-.005
3452	1.36
2875	-.184
3453	-.31
2876	-.162
3454	-.241
2877	.553
3455	-.862
3739	.298
4028	-.64
4317	-.043
4606	-.415
3740	-.31
4029	.337
4318	.055
4607	.36
3741	.482
4030	-.298
4319	.69
4608	.5
3742	.205
4031	-1.032
4320	.986
4609	-.599
3743	.138
4032	.903
4321	.308
4610	-.014
3744	.175
4033	.212
4322	0
4611	
566	.241
1144	.181
567	.055
1145	.138
568	.323
1146	.253
569	.081
1147	-.176
570	.133
1148	.528
571	.138
1149	.086
1433	.179
1722	.061
2011	.337
2300	2.308
1434	.105
1723	.685
2012	.138
2301	-.484
1435	.191
1724	-.102
2013	.256
2302	.234
1436	.277
1725	.231
2014	.138
2303	-.111
1437	-.184
1726	.138
2015	.418
2304	.273
1438	.417
1727	.875
2016	3.076
2305	
2878	.216
3456	.29
2879	2.012
3457	.437
2880	-.303
3458	.138
2881	
3459	-.114
2882	-.055
3460	.116
2883	.138
3461	.279
3745	.253
4034	.275
4323	-1.069
4612	.008
3746	.096
4035	.484
4324	.491
4613	-.055
3747	.054
4036	-.34
4325	-.348
4614	-.447
3748	.263
4037	.324
4326	-.055
4615	-.063
3749	-2.009
4038	1.401
4327	-.49
4616	-1.579
3750	.138
4039	.775
4328	.185
4617	.232
572	.646
1150	.163
573	.279
1151	.247
574	.602
1152	-1.227
575	.212
1153	.241
576	-.012
1154	.217
577	.205
1155	.36
1439	-.241
1728	.042
2017	-.115
2306	.138
1440	.101
1729	-.031
2018	.159
2307	.336
1441	-.098
1730	-.013
2019	-.02
2308	.08
1442	.138
1731	-.055
2020	.138
2309	.516
1443	
1732	-.447
2021	-.125
2310	
1444	.138
1733	-.103
2022	
2311	.46
2884	-.54
3462	-.47
2885	-.71
3463	-.415
2886	.138
3464	-.184
2887	.386
3465	.253
2888	-.348
3466	.318
2889	.11
3467	.352
3751	-.277
4040	.476
4329	.475
4618	.182
3752	-.018
4041	.138
4330	.038
4619	.237
3753	-.241
4042	.442
4331	-1.142
4620	.723
3754	-.074
4043	.138
4332	
4621	
3755	-.184
4044	.754
4333	-.078
4622	.528
3756	-.219
4045	.258
4334	-.014
4623	-.31
2571	.228
3149	-.305
2572	.183
3150	.214
2573	.157
3151	.196
2574	-.04
3152	.093
2575	-.102
3153	-.103
2576	.064
3154	-.028
530	.072
1108	-.277
531	-.118
1109	.191
852	-.241
532	-.129
1110	-.092
533	-.174
1111	-.135
534	-.414
275	-.302
1112	-.224
535	.01
853	-.188
1113	.007
2594	-.117
2842	.218
3420	.13
2843	-.631
3421	-.225
2844	-.15
3422	-.184
2845	.104
3423	.166
2846	.103
276	-.207
3424	.136
2847	.171
3425	.008
536	.388
1114	-.245
537	.198
1115	.086
538	-.067
1116	.116
539	-.163
1117	.368
540	.055
1118	-.003
541	.093
1119	.043
2848	.105
854	.424
2583	-.157
3426	.064
2849	-.052
3427	-.129
2850	.187
3428	-.065
2851	.11
3429	-.031
2852	.236
3161	-.049
3430	.189
2853	.022
3431	.281
542	.158
1120	-.072
543	.194
1121	-.299
2584	-.013
544	.141
1122	1.269
545	-.154
1123	-.131
546	-.026
1124	-.127
547	-.044
1125	.179
2854	.266
3162	-.167
3432	.084
2855	.267
3433	.022
2856	-.21
3434	-.165
2857	.287
3435	.121
2858	.112
3436	-.016
2859	.284
3437	-.068
548	-.207
2585	.265
1126	-.227
549	-.255
1127	-.64
3163	-.284
550	-.243
1128	-.167
551	-.16
1129	-.302
552	.026
1130	-.259
553	-.237
1131	-.507
2860	.177
3438	-.009
2861	.302
3439	.01
2862	.023
3440	.276
2863	-.403
3441	.213
2864	-.14
3442	-.089
2865	.39
3443	.207
1686	.164
2264	-.271
1687	.129
2265	-.011
1688	.004
2266	.235
1689	-.095
2267	.052
1690	.173
2268	-.051
1691	-.01
2269	.266
3998	.126
4576	-.206
2586	-.053
3999	-.106
4577	.208
4000	.277
4578	-.234
4001	.041
3164	.206
4579	-.076
4002	-.171
4580	-.035
4003	.28
4581	-.091
1692	-.062
2270	.461
2587	.011
1693	.186
2271	.268
1694	.097
3165	.212
2272	.163
1695	.018
2273	-.199
2588	
1696	.176
2274	-.311
1697	.304
2275	-.405
4004	-.251
4582	.241
4005	-.058
4583	.129
4006	.374
3166	-.123
4584	-.524
4007	.272
4585	.153
4008	.086
4586	-.16
4009	-.261
4587	-.109
1698	-.156
2276	-.194
1699	.111
2277	.031
1700	.088
2278	-.527
277	-.066
1701	.084
2279	-.235
1702	.293
2280	-.18
855	-.428
1703	-.101
278	-.104
2281	-.103
4010	-.203
4588	-.239
856	.252
4011	.241
4589	.343
279	.106
4012	.037
4590	-.019
4013	.165
4591	-.318
4014	.071
4592	-.353
857	-.235
4015	.198
4593	-.478
1704	-.121
2282	-.149
1705	-.006
2283	.074
1706	.023
2284	-.252
1707	-.071
280	.006
2285	-.264
1708	-.263
2286	-.42
1709	-.048
2287	.149
4016	-.098
4594	.054
858	-.173
4017	.097
4595	.08
4018	-.043
4596	-.103
4019	-.168
4597	-.13
4020	.095
4598	-.109
4021	.239
4599	-.486
1397	-.246
1975	-.202
1398	-.05
1976	.299
1399	-.098
1977	.201
1400	.378
1978	.017
1401	-.131
1979	-.164
1402	.211
1980	-.187
3709	.051
4287	-.013
3710	-.254
4288	.046
3711	.005
281	.036
4289	.2
3712	.068
859	-.372
4290	-.042
3713	.1
4291	-.047
282	.372
3714	-.078
4292	.069
1403	-.056
1981	-.083
1404	.023
1982	-.013
1405	-.481
1983	.229
860	-.54
1406	.276
1984	.146
1407	.039
1985	.058
1408	-.254
1986	-.029
3715	.08
4293	-.873
3716	-.083
2589	.326
4294	-.138
3717	-.11
4295	.061
3718	.182
4296	-.066
3719	.308
4297	.375
3720	-.208
4298	.131
1409	.031
1987	-.093
1410	.121
1988	-.113
1411	-.041
1989	-.163
1412	-.171
1990	-.074
1413	-.336
3167	-.271
1991	.087
1414	-.26
1992	-.006
3721	-.204
4299	.059
3722	.214
4300	-.002
3723	.094
4301	.122
3724	-.027
4302	.192
3725	.27
4303	.155
3726	-.374
4304	.288
1415	.001
1993	-.026
1416	-.09
1994	.044
1417	.091
1995	-.071
1418	.085
1996	.088
1419	.326
1997	-.115
1420	.026
1998	-.017
3727	-.037
2590	1.138
4305	-.052
3728	.138
4306	.081
3729	-.119
4307	.251
3730	.003
4308	.02
3731	-.118
4309	.045
3732	-.373
4310	.216
265	-.066
843	-.184
266	-.584
844	-.21
3168	.229
2591	
267	-.106
845	-.225
268	.131
846	-.066
269	-.243
847	-.181
270	-.128
848	-.338
2577	.056
3169	.067
3155	.203
2578	-.053
2592	1.875
3170	.009
3156	-.112
2593	
2579	.032
3157	-.048
2580	-.072
3158	-.167
2581	
3159	-.027
2582	-.079
3160	-.102
271	-.219
849	-.112
272	.194
850	.296
273	-.503
3171	.144
851	-.287
274	-.02
1	-.338
579	.132
2	-.313
580	.003
3	-.169
581	.158
4	-.006
582	.194
5	.084
583	.006
6	.263
584	-.034
2313	-.262
2891	.157
2314	-.103
2892	-.098
2315	.058
2893	-.132
2316	-.078
2894	.272
2317	-.144
2895	-.557
2318	.205
2896	.24
7	-.17
585	-.092
8	.101
586	.032
9	-.112
587	-.075
10	-.244
588	-.187
11	-.278
589	-.191
12	-.349
590	.142
2319	-.104
2897	.027
2320	-.064
2898	.377
2321	.123
2899	-.252
2322	-.104
2900	-.117
2323	-.062
2901	.141
2324	-.147
2902	.023
13	.362
591	-.115
14	.027
592	-.168
15	.083
593	.24
16	-.018
594	.212
17	.037
595	.156
18	-.162
596	.058
2325	.039
2903	-.2
2326	-.08
2904	-.004
2327	.055
2905	.057
2328	-.271
2906	-.23
2329	-.149
2907	.07
2330	-.643
2908	.091
19	-.15
597	.071
20	-.612
598	.095
21	-.299
599	-.146
22	-.144
600	-.166
23	-.426
601	.108
24	.05
602	.039
2331	.23
2909	-.243
2332	.098
2910	-.051
2333	-.408
2911	-.083
2334	.23
2912	.079
2335	-.13
2913	.347
2336	-.141
2914	-.24
290	-.082
868	-.116
291	-.172
869	-.014
292	-.411
870	.15
293	.042
871	.179
294	-.766
872	-.862
295	.099
873	.324
2602	-.193
3180	-.192
2603	-.021
3181	-.219
2604	-.269
3182	-.329
2605	-.195
3183	-.018
2606	-.316
3184	-.014
2607	.119
3185	-.389
296	-.385
874	-.017
297	-.128
875	.06
298	.089
876	.16
299	-.116
877	-.032
300	.183
878	.013
301	.231
879	-.203
2608	.01
3186	-.14
2609	-.059
3187	-.03
2610	.392
3188	-.268
2611	-.096
3189	-.123
2612	.073
3190	-.404
2613	.126
3191	-.021
302	.051
880	-.131
303	.249
881	-.031
304	-.096
882	-.434
305	.164
883	-.686
306	-.086
884	-.126
307	.108
885	.503
2614	.195
3192	-.254
2615	.001
3193	-.94
2616	-.01
3194	-.875
2617	.046
3195	.082
2618	.063
3196	-.172
2619	.041
3197	-.098
308	.574
886	.199
309	.299
887	.298
310	.126
888	.4
311	.256
889	-.028
312	-.047
890	.157
313	-.025
891	-.173
2620	-.193
3198	-.288
2621	-.042
3199	-.074
2622	-.186
3200	-.139
2623	.123
3201	-.019
2624	.07
3202	-.1
2625	-.131
3203	.052
1446	.15
2024	-.044
1447	.008
2025	-.02
1448	.025
2026	-.633
1449	-.227
2027	.149
1450	.117
2028	.172
1451	.033
2029	-.014
3758	-.185
4336	-.393
3759	.044
4337	.157
3760	.065
4338	-.171
3761	-.252
4339	.159
3762	.218
4340	
3763	-.299
4341	.167
1452	.059
2030	-.065
1453	.208
2031	.001
1454	.068
2032	-.139
1455	-.381
2033	-.43
1456	.282
2034	-.027
1457	-.151
2035	-.221
3764	.067
4342	-.475
3765	-.258
4343	-.229
3766	-.229
4344	-.599
3767	.021
4345	.257
3768	-.022
4346	.209
3769	.191
4347	-.241
1458	.173
2036	.223
1459	-.039
2037	-.224
1460	.018
2038	-.157
1461	-.043
2039	-.121
1462	.115
2040	-.058
1463	-.28
2041	.148
3770	-.074
4348	.045
3771	.236
4349	-.066
3772	.309
4350	.078
3773	.177
4351	-.102
3774	.317
4352	-.016
3775	-.023
4353	.019
1464	.196
2042	-.242
1465	.115
2043	-.05
1466	-.136
2044	-.011
1467	.102
2045	-.57
1468	.022
2046	-.299
1469	-.579
2047	-.222
3776	-.425
4354	-.232
3777	-.214
4355	-.286
3778	-.144
4356	-.336
3779	.343
4357	.061
3780	-.01
4358	-.038
3781	.178
4359	.148
1157	-.618
1735	-.071
1158	-.544
1736	-.016
1159	-.058
1737	.181
1160	-.06
1738	-.099
1161	-.223
1739	-.111
1162	-.041
1740	.174
3469	-.229
4047	-.059
3470	.137
4048	-.295
3471	-.496
4049	-.285
3472	.122
4050	-.24
3473	-.189
4051	.158
3474	-.237
4052	.028
1163	-.317
1741	.053
1164	-.634
1742	-.014
1165	-.537
1743	.174
1166	.271
1744	-.173
1167	-.122
1745	.042
1168	.175
1746	-.418
3475	-.304
4053	.11
3476	.11
4054	.043
3477	.159
4055	.087
3478	-.391
4056	-.122
3479	.213
4057	-.15
3480	.178
4058	-.173
1169	.211
1747	.074
1170	.294
1748	-.016
1171	-.372
1749	-.608
1172	-.118
1750	-.076
1173	.126
1751	.202
1174	-.189
1752	-.379
3481	-.222
4059	-.221
3482	-.124
4060	.33
3483	.3
4061	-.292
3484	.11
4062	.251
3485	-.132
4063	-.032
3486	-.309
4064	-.066
1175	-.243
1753	.06
1176	-.262
1754	.182
1177	-.194
1755	.114
1178	-.385
1756	.124
1179	-.209
1757	.043
1180	-.184
1758	.288
3487	-.099
4065	-.177
3488	.189
4066	-.257
3489	.04
4067	-.038
3490	-.085
4068	-.017
3491	.26
4069	.231
3492	.223
4070	.144
25	.174
603	-.041
26	.019
604	.109
27	.138
605	.173
28	.299
606	.025
29	-.613
607	-.069
30	-.536
608	-1.016
2337	.292
2915	-.116
2338	.115
2916	.09
2339	.011
2917	.154
2340	.224
2918	-.07
2341	-.195
2919	-.227
2342	.036
2920	-.268
31	.016
609	-.033
32	.303
610	.079
33	.005
611	.138
34	.113
612	-.075
35	-.226
613	.002
36	.005
614	.081
2343	.041
2921	-.072
2344	.089
2922	.276
2345	.068
2923	.057
2346	-.052
2924	-.027
2347	.082
2925	.39
2348	.122
2926	.199
37	0
615	-.12
38	-.184
616	.008
39	-.273
617	-.221
40	.095
618	.206
41	-.119
619	.367
42	.074
620	.178
2349	-.015
2927	-.114
2350	-.007
2928	-.098
2351	-.337
2929	.087
2352	.076
2930	.271
2353	-.215
2931	-.158
2354	.252
2932	-.314
43	.017
621	.013
44	-.202
622	.374
45	-.062
623	-.015
46	.211
624	.068
47	.007
625	.158
48	-.25
626	-.109
2355	-.024
2933	.054
2356	.192
2934	.03
2357	.134
2935	-.051
2358	.086
2936	.006
2359	-.111
2937	-.037
2360	.255
2938	-.081
314	-.215
892	.068
315	.068
893	.027
316	.095
894	.127
317	.068
895	-.214
318	.009
896	.108
319	.103
897	-.508
2626	-.07
3204	-.32
2627	.038
3205	-.007
2628	-.002
3206	-.273
2629	.042
3207	-.197
2630	-.006
3208	.006
2631	.19
3209	-.208
320	.419
898	.136
321	-.175
899	-.114
322	.289
900	0
323	.205
901	-.122
324	-.191
902	-.07
325	-.221
903	.011
2632	-.222
3210	-.686
2633	.116
3211	-.297
2634	-.592
3212	-.686
2635	.103
3213	-.284
2636	-.249
3214	-.049
2637	-.228
3215	-.059
326	.039
904	.174
327	.221
905	.224
328	.103
906	.161
329	.343
907	.083
330	-.114
908	-.121
331	.143
909	-.413
2638	-.391
3216	-.255
2639	-.096
3217	.023
2640	-.096
3218	-.117
2641	.101
3219	-.02
2642	-.01
3220	-.197
2643	-.004
3221	-.237
332	.162
910	.275
333	.333
911	.029
334	-.183
912	.177
335	.388
913	-.298
336	0
914	-.008
337	-.136
915	-.277
2644	.207
3222	.018
2645	.178
3223	-.215
2646	-.163
3224	-.408
2647	-.267
3225	.035
2648	-.453
3226	-.21
2649	-.259
3227	-.492
1470	-.201
2048	-.05
1471	-.128
2049	-.116
1472	.167
2050	-.074
1473	-.082
2051	-.344
1474	-.28
2052	-.06
1475	-.123
2053	-.195
3782	.275
4360	-.08
3783	.236
4361	.19
3784	-.026
4362	-.202
3785	-.232
4363	.022
3786	.051
4364	-.048
3787	-.078
4365	.066
1476	-.348
2054	.162
1477	-.7
2055	-.022
1478	-.336
2056	-.15
1479	-.096
2057	.049
1480	.216
2058	.124
1481	.19
2059	.181
3788	.126
4366	.09
3789	-.098
4367	-.192
3790	-.051
4368	-.044
3791	-.05
4369	.027
3792	.133
4370	.026
3793	.11
4371	.359
1482	.017
2060	.069
1483	.046
2061	.012
1484	-.138
2062	-.115
1485	-.009
2063	-.392
1486	-.212
2064	.08
1487	-.085
2065	.094
3794	.17
4372	.258
3795	-.206
4373	-.062
3796	.059
4374	-.169
3797	.135
4375	.259
3798	.08
4376	-.069
3799	-.04
4377	.095
1488	-.365
2066	-.35
1489	.202
2067	-.023
1490	-.109
2068	.047
1491	.019
2069	-.36
1492	-.161
2070	-.279
1493	-.095
2071	.091
3800	.174
4378	.342
3801	.199
4379	.188
3802	.211
4380	-.226
3803	.068
4381	-.176
3804	-.184
4382	-.373
3805	-.098
4383	-.94
1181	-.178
1759	.155
1182	-.019
1760	-.112
1183	.042
1761	-.233
1184	.154
1762	-.39
1185	-.107
1763	-.027
1186	.18
1764	-.008
3493	-.184
4071	-.198
3494	-.087
4072	-.328
3495	-.322
4073	-.231
3496	.004
4074	-.235
3497	-.284
4075	-.16
3498	.018
4076	-.368
1187	.229
1765	-.146
1188	-.246
1766	.072
1189	.192
1767	.091
1190	-.253
1768	-.207
1191	-.258
1769	.131
1192	-.054
1770	-.18
3499	.263
4077	.493
3500	.14
4078	-.13
3501	.022
4079	.008
3502	-.148
4080	-.014
3503	-.32
4081	-.079
3504	-.313
4082	.017
1193	-.304
1771	-.093
1194	-.453
1772	.008
1195	-.475
1773	-.045
1196	-.442
1774	.117
1197	.105
1775	-.132
1198	-.016
1776	.21
3505	.159
4083	-.064
3506	.055
4084	.028
3507	.17
4085	.09
3508	.215
4086	.148
3509	.069
4087	.095
3510	-.003
4088	.116
1199	-.398
1777	-.694
1200	.286
1778	.043
1201	.149
1779	.106
1202	-.043
1780	-.424
1203	.145
1781	-.229
1204	-.03
1782	.17
3511	-.225
4089	-.139
3512	.092
4090	.091
3513	-.268
4091	-.175
3514	.026
4092	.326
3515	.331
4093	.135
3516	.04
4094	-.199
49	-.188
627	-.362
50	-.234
628	.138
51	-.104
629	-.01
52	-.416
630	-.225
53	-.288
631	.174
54	-.394
632	.16
2361	.132
2939	-.049
2362	-.18
2940	-.104
2363	.108
2941	-.03
2364	-.335
2942	.164
2365	-.05
2943	-.056
2366	-.377
2944	-.246
55	-.684
633	-.302
56	-.035
634	-.195
57	-.191
635	-.12
58	-.275
636	-.189
59	-.193
637	-.236
60	.204
638	-.054
2367	.14
2945	-.039
2368	-.41
2946	.084
2369	-.01
2947	.044
2370	-.113
2948	-.136
2371	-.023
2949	-.131
2372	.127
2950	-.134
61	.167
639	.162
62	-.157
640	-.031
63	.288
641	.138
64	-.118
642	-.075
65	-.059
643	.035
66	.048
644	-.333
2373	-.013
2951	-.221
2374	.122
2952	-.178
2375	.187
2953	-.101
2376	.031
2954	-.094
2377	.051
2955	-.203
2378	-.04
2956	-.391
67	-.313
645	-.391
68	-.355
646	.144
69	-.03
647	-.025
70	-.195
648	-.27
71	-.48
649	.048
72	-.313
650	-.411
2379	-.214
2957	.175
2380	.178
2958	-.249
2381	-.156
2959	.058
2382	.082
2960	.072
2383	-.203
2961	.122
2384	.058
2962	.242
338	-.066
916	.12
339	.038
917	.252
340	.104
918	.144
341	-.15
919	.139
342	-.033
920	-.434
343	.212
921	-.238
2650	-.205
3228	1.025
2651	.125
3229	-.323
2652	-.183
3230	-.25
2653	.308
3231	-.038
2654	-.215
3232	-.128
2655	-.182
3233	-.02
344	-.035
922	-.119
345	.189
923	.002
346	.092
924	-.78
347	-.195
925	.45
348	-.071
926	.151
349	-.046
927	.138
2656	.066
3234	-.002
2657	.003
3235	-.265
2658	-.109
3236	-.061
2659	-.073
3237	-.178
2660	0
3238	.075
2661	.066
3239	-.294
350	-.032
928	.359
351	-.112
929	-.249
352	.076
930	-.157
353	-.166
931	-.062
354	.246
932	-.209
355	.133
933	-.073
2662	.232
3240	-.049
2663	.034
3241	-.112
2664	-.029
3242	.06
2665	.039
3243	.043
2666	.044
3244	.049
2667	-.033
3245	-.305
356	-.156
934	-.089
357	-.02
935	-.034
358	.154
936	-.006
359	-.187
937	-.402
360	.269
938	-.135
361	-.311
939	-.002
2668	.07
3246	-.087
2669	.232
3247	.094
2670	-.073
3248	-.039
2671	-.435
3249	.308
2672	-.143
3250	.218
2673	-.242
3251	-.288
1494	-.039
2072	-.208
1495	.28
2073	-.127
1496	-.059
2074	-.421
1497	.105
2075	-.257
1498	-.054
2076	-.022
1499	.16
2077	-.451
3806	-.099
4384	.142
3807	.172
4385	-.307
3808	-.065
4386	.155
3809	.031
4387	.197
3810	.1
4388	.275
3811	.024
4389	-.175
1500	-.137
2078	.052
1501	.183
2079	-.368
1502	.232
2080	-.27
1503	-.45
2081	-.139
1504	-.274
2082	-.325
1505	.305
2083	-.01
3812	.196
4390	-.209
3813	-.119
4391	.176
3814	.039
4392	.048
3815	.278
4393	.249
3816	-.257
4394	-.019
3817	.118
4395	-.176
1506	.107
2084	-.018
1507	.191
2085	-.322
1508	.281
2086	-.143
1509	.124
2087	-.202
1510	.034
2088	-.084
1511	-.345
2089	-.268
3818	.272
4396	-.112
3819	-.221
4397	-.412
3820	0
4398	.047
3821	-.049
4399	-.364
3822	-.57
4400	.095
3823	-.156
4401	-.584
1512	-.26
2090	-.044
1513	-.091
2091	-.364
1514	.432
2092	.034
1515	.291
2093	.072
1516	.153
2094	-.288
1517	.092
2095	.16
3824	.388
4402	-.07
3825	.083
4403	-.151
3826	-.217
4404	.019
3827	-.128
4405	-.407
3828	.327
4406	.113
3829	.268
4407	.186
1205	-.95
1783	-.781
1206	-.217
1784	-.504
1207	-.848
1785	-.8
1208	-.923
1786	-.123
1209	-1.447
1787	-.419
1210	-.957
1788	-.758
3517	.04
4095	-.303
3518	-.545
4096	.104
3519	-.105
4097	-.583
3520	-.705
4098	-1.148
3521	.075
4099	-.67
3522	-.953
4100	-.784
1211	-.224
1789	-.634
1212	-1.229
1790	-.523
1213	-.171
1791	-1.085
1214	-.519
1792	.153
1215	.177
1793	.083
1216	.067
1794	.11
3523	.21
4101	-.157
3524	.096
4102	-.461
3525	.125
4103	.075
3526	.12
4104	.136
3527	-.023
4105	-.035
3528	.019
4106	.063
1217	-.023
1795	-.111
1218	.038
1796	-.253
1219	.057
1797	.121
1220	.031
1798	-.132
1221	-.023
1799	.02
1222	-.251
1800	-.315
3529	-.275
4107	-.182
3530	.05
4108	-.082
3531	-.103
4109	-.028
3532	-.103
4110	-.061
3533	-.083
4111	-.332
3534	.084
4112	-.034
1223	-.131
1801	-.821
1224	-.183
1802	-.178
1225	-.03
1803	.259
1226	-.158
1804	-.093
1227	-.056
1805	.199
1228	-.217
1806	-.169
3535	.118
4113	.2
3536	.134
4114	-.142
3537	.143
4115	.049
3538	-.417
4116	-.106
3539	-.454
4117	-.2
3540	.043
4118	.087
73	-.429
651	-.228
74	-.091
652	.001
75	.107
653	.329
76	-.321
654	.138
77	-.265
655	.279
78	.042
656	.001
2385	-.256
2963	.326
2386	.05
2964	.057
2387	.248
2965	.101
2388	-.123
2966	.082
2389	-.015
2967	-.112
2390	.237
2968	-.024
79	-.009
657	-.105
80	-.091
658	-.253
81	-.567
659	-.118
82	-.227
660	-.271
83	-.265
661	.121
84	-.197
662	-.747
2391	-.127
2969	-.123
2392	.045
2970	-.079
2393	.307
2971	-.259
2394	-.389
2972	-.181
2395	.139
2973	.266
2396	.04
2974	-.101
85	.092
663	.119
86	-.308
664	.15
87	.025
665	.139
88	-.002
666	.123
89	-.214
667	-.099
90	-.127
668	-.044
2397	-.032
2975	-.067
2398	.094
2976	-.06
2399	.081
2977	-.053
2400	-.191
2978	-.122
2401	-.088
2979	-.04
2402	-.038
2980	.085
91	.077
669	.014
92	-.028
670	.04
93	.046
671	.265
94	.038
672	.026
95	-.027
673	-.094
96	-.22
674	-.05
2403	-.125
2981	.129
2404	.108
2982	.064
2405	.26
2983	-.106
2406	.108
2984	-.284
2407	.065
2985	-.175
2408	.049
2986	.014
362	-.147
940	.142
363	-.137
941	.173
364	.057
942	.318
365	.181
943	-.007
366	-.252
944	.021
367	-.017
945	.116
2674	.229
3252	.039
2675	.095
3253	-.131
2676	-.074
3254	.028
2677	.052
3255	-.433
2678	.055
3256	.14
2679	.231
3257	-.312
368	-.19
946	.072
369	.256
947	-.014
370	.337
948	.063
371	.187
949	.009
372	.117
950	.184
373	.372
951	.392
2680	-.059
3258	-.142
2681	.084
3259	.018
2682	.027
3260	-.178
2683	-.159
3261	-.013
2684	.051
3262	-.129
2685	-.052
3263	-.519
374	-.18
952	.151
375	-.053
953	.015
376	.134
954	.006
377	.357
955	.363
378	.242
956	.047
379	.076
957	-.126
2686	.103
3264	.062
2687	.074
3265	.135
2688	.018
3266	-.013
2689	-.007
3267	-.041
2690	.166
3268	-.084
2691	-.002
3269	-.084
380	-.277
958	.11
381	.092
959	.303
382	.459
960	.039
383	.048
961	.154
384	.128
962	.089
385	-.023
963	-.05
2692	.117
3270	.148
2693	.101
3271	-.061
2694	-.156
3272	-.342
2695	-.334
3273	.057
2696	.004
3274	-.214
2697	-.085
3275	.302
1518	.323
2096	-.08
1519	.05
2097	-.09
1520	-.119
2098	0
1521	-.092
2099	-.171
1522	-.093
2100	-.38
1523	-.007
2101	-.129
3830	-.133
4408	.244
3831	.046
4409	-.176
3832	-.001
4410	.16
3833	.238
4411	.079
3834	.106
4412	-.069
3835	.026
4413	0
1524	-.231
2102	-.235
1525	.247
2103	-.028
1526	.172
2104	-.147
1527	.286
2105	-.019
1528	.059
2106	-.247
1529	-.066
2107	-.054
3836	.008
4414	-.089
3837	.18
4415	-.292
3838	-.142
4416	-.384
3839	-.062
4417	.039
3840	-.143
4418	-.182
3841	.03
4419	.012
1530	-.172
2108	-.207
1531	.321
2109	-.32
1532	.296
2110	.004
1533	.324
2111	-.118
1534	.059
2112	-.102
1535	-.007
2113	-.059
3842	.528
4420	.246
3843	-.09
4421	-.09
3844	-.236
4422	.072
3845	.07
4423	.239
3846	-.102
4424	.102
3847	.005
4425	.19
1536	-.075
2114	-.381
1537	.011
2115	.051
1538	-.015
2116	-.244
1539	-.159
2117	-.064
1540	-.173
2118	-.054
1541	.187
2119	-.289
3848	-.106
4426	.087
3849	.182
4427	-.316
3850	-.059
4428	-.293
3851	-.009
4429	-.061
3852	.194
4430	.029
3853	.242
4431	-.427
1229	-.479
1807	.021
1230	-.239
1808	-.025
1231	-.85
1809	-.281
1232	-.204
1810	-.176
1233	-.447
1811	-.364
1234	-.08
1812	-.08
3541	-.385
4119	-.308
3542	-.24
4120	.143
3543	-.109
4121	.086
3544	.187
4122	-.058
3545	.23
4123	.101
3546	-.025
4124	.054
1235	-.07
1813	.12
1236	-.001
1814	-.284
1237	.134
1815	-.092
1238	-.096
1816	-.071
1239	.1
1817	-.077
1240	.006
1818	-.14
3547	.254
4125	.226
3548	.01
4126	-.079
3549	.069
4127	.152
3550	.068
4128	-.165
3551	.209
4129	.07
3552	.004
4130	.108
1241	.126
1819	.022
1242	-.522
1820	.078
1243	-.26
1821	-.155
1244	-.198
1822	-.107
1245	-.311
1823	-.282
1246	.186
1824	-.021
3553	-.117
4131	-.037
3554	-.151
4132	.169
3555	.276
4133	.042
3556	.18
4134	.122
3557	.11
4135	-.156
3558	.237
4136	.018
1247	-.012
1825	.066
1248	.028
1826	-.026
1249	.095
1827	-.077
1250	.22
1828	-.026
1251	.022
1829	.062
1252	-.11
1830	-.09
3559	.053
4137	-.007
3560	-.087
4138	-.155
3561	.105
4139	.066
3562	.096
4140	.11
3563	.253
4141	-.035
3564	-.067
4142	.248
97	-.113
675	.117
98	-.011
676	-.218
99	.242
677	-.451
100	.019
678	-.176
101	-.162
679	-.289
102	-.084
680	-.009
2409	-.019
2987	-.565
2410	.158
2988	-.549
2411	-.42
2989	-.775
2412	.037
2990	.167
2413	-.389
2991	.017
2414	.002
2992	-.017
103	-.387
681	-.04
104	-.382
682	-.182
105	-.095
683	-.253
106	-.041
684	.221
107	-.255
685	.053
108	.125
686	.029
2415	-.295
2993	-.113
2416	-.193
2994	-.054
2417	-.232
2995	-.472
2418	-.243
2996	-.334
2419	-.096
2997	.15
2420	-.244
2998	-.032
109	.11
687	-.447
110	.223
688	.124
111	.019
689	-.043
112	.063
690	-.005
113	.016
691	-.01
114	.32
692	-.032
2421	-.086
2999	-.09
2422	.235
3000	-.085
2423	.286
3001	-.043
2424	-.068
3002	-.171
2425	-.05
3003	.054
2426	.013
3004	.003
115	.08
693	.032
116	.009
694	.311
117	-.101
695	-.192
118	-.199
696	-.038
119	.057
697	.209
120	.157
698	.003
2427	.018
3005	.053
2428	.092
3006	.025
2429	.142
3007	.049
2430	.154
3008	-.283
2431	.096
3009	.002
2432	-.143
3010	-.048
386	.064
964	-.229
387	.237
965	.273
388	.345
966	.203
389	.245
967	.163
390	1.875
968	.119
391	.154
969	.142
2698	.11
3276	.186
2699	-.105
3277	-.176
2700	-.047
3278	-.064
2701	.001
3279	.102
2702	.403
3280	-.299
2703	.109
3281	-.379
392	.111
970	.358
393	.125
971	.009
394	.107
972	-.423
395	-.258
973	-.283
396	-.177
974	.251
397	.159
975	.196
2704	-.063
3282	-.125
2705	-.178
3283	-.174
2706	-.112
3284	-.118
2707	.059
3285	-.178
2708	.167
3286	-.321
2709	-.014
3287	-.037
398	.141
976	-.471
399	.483
977	.14
400	.011
978	-.189
401	-.196
979	-.147
402	-.002
980	.138
403	-.118
981	-.035
2710	.204
3288	.035
2711	-.02
3289	-.32
2712	.013
3290	.074
2713	-.025
3291	-.238
2714	-.087
3292	-.062
2715	.205
3293	-.198
404	-.008
982	-.06
405	-.031
983	-.105
406	-.113
984	.15
407	.07
985	-.192
408	-.297
986	-.465
409	-.109
987	-.016
2716	-.227
3294	-.147
2717	.085
3295	-.25
2718	-.071
3296	-.127
2719	-.171
3297	-.561
2720	.041
3298	-.862
2721	.087
3299	.133
1542	.162
2120	-.048
1543	.153
2121	-.072
1544	.262
2122	.148
1545	-.077
2123	-.2
1546	-.012
2124	-.212
1547	-.122
2125	-.189
3854	.106
4432	-.132
3855	.209
4433	-.43
3856	-.105
4434	.066
3857	.162
4435	.242
3858	.007
4436	-.031
3859	.227
4437	-.09
1548	-.077
2126	-.134
1549	.171
2127	-.246
1550	.146
2128	.014
1551	.163
2129	-.329
1552	.076
2130	-.447
1553	-.02
2131	.012
3860	.115
4438	.285
3861	.04
4439	-.006
3862	-.069
4440	.107
3863	-.051
4441	-.07
3864	.13
4442	-.261
3865	.02
4443	-.001
1554	-.085
2132	-.084
1555	.029
2133	-.084
1556	-.023
2134	-.181
1557	-.255
2135	.319
1558	-.083
2136	.061
1559	-.077
2137	-.144
3866	.02
4444	.139
3867	-.014
4445	.201
3868	-.036
4446	.11
3869	.26
4447	.286
3870	.058
4448	.044
3871	.257
4449	-.415
1560	.183
2138	.375
1561	.023
2139	.064
1562	.144
2140	-.152
1563	.255
2141	.018
1564	-.012
2142	-.015
1565	.194
2143	.161
3872	.401
4450	-.051
3873	.205
4451	.157
3874	.018
4452	-.102
3875	.06
4453	-.008
3876	-.25
4454	-.184
3877	.204
4455	-.007
1253	-.039
1831	-.166
1254	.097
1832	.166
1255	-.71
1833	-.074
1256	.184
1834	-.25
1257	-.089
1835	-.243
1258	-.161
1836	-.044
3565	.067
4143	-.028
3566	.025
4144	-.014
3567	.07
4145	.227
3568	.082
4146	-.143
3569	.296
4147	-.021
3570	.049
4148	.084
1259	-.054
1837	.315
1260	-1.682
1838	-.054
1261	-.069
1839	-.311
1262	-.369
1840	-.54
1263	-.235
1841	-.402
1264	-.002
1842	.035
3571	-.127
4149	-.048
3572	-.038
4150	-.053
3573	.08
4151	.153
3574	.318
4152	.101
3575	-.233
4153	.189
3576	-.205
4154	-.029
1265	-.132
1843	-.132
1266	.156
1844	-.027
1267	.046
1845	.103
1268	-.018
1846	.535
1269	.04
1847	.261
1270	.042
1848	.021
3577	.185
4155	.023
3578	.302
4156	.116
3579	.252
4157	.053
3580	.052
4158	.123
3581	.089
4159	-.257
3582	-.164
4160	-.277
1271	-.307
1849	.06
1272	-.176
1850	-.132
1273	-.27
1851	-.21
1274	.167
1852	.021
1275	.241
1853	.03
1276	-.263
1854	.329
3583	-.173
4161	.328
3584	.021
4162	-.004
3585	-.031
4163	-.135
3586	.116
4164	-.067
3587	-.009
4165	.018
3588	.25
4166	-.055
121	-.589
699	-.008
122	.048
700	.456
123	-.124
701	.294
124	-.227
702	.045
125	-.277
703	-.32
126	.06
704	.264
2433	-.392
3011	-.11
2434	-.152
3012	.062
2435	-.268
3013	.016
2436	.176
3014	.069
2437	.103
3015	.142
2438	-.039
3016	-.025
127	.138
705	.012
128	-.05
706	-.172
129	.116
707	.053
130	.098
708	.098
131	.123
709	-.271
132	.005
710	.074
2439	.001
3017	.203
2440	.177
3018	.004
2441	-.447
3019	.126
2442	.253
3020	.015
2443	-.08
3021	-.103
2444	-.17
3022	-.023
133	-.206
711	-.112
134	-.327
712	-.343
135	-.335
713	-.462
136	.443
714	.275
137	-.116
715	.061
138	-.263
716	-.196
2445	.117
3023	-.02
2446	-.084
3024	.089
2447	.099
3025	-.158
2448	.407
3026	-.056
2449	.171
3027	.126
2450	.048
3028	-.016
139	-.114
717	-.043
140	-.22
718	-.378
141	-.209
719	.251
142	-.277
720	.248
143	.269
721	.063
144	-.238
722	-.249
2451	-.007
3029	-.109
2452	.1
3030	.009
2453	.002
3031	-.062
2454	-.108
3032	.009
2455	-.141
3033	-.296
2456	-.098
3034	.14
410	.078
988	-.008
411	-.004
989	.013
412	-.053
990	.021
413	-.126
991	.181
414	.052
992	-.105
415	.003
993	-.213
2722	.35
3300	-.189
2723	-.211
3301	-.529
2724	.277
3302	.122
2725	.181
3303	-.053
2726	-.621
3304	-.083
2727	-.088
3305	.02
416	.008
994	.068
417	.041
995	-.379
418	-.163
996	.215
419	-.34
997	.112
420	.268
998	.241
421	.442
999	.034
2728	.003
3306	-.084
2729	.262
3307	.041
2730	.126
3308	-.143
2731	-.159
3309	.075
2732	.208
3310	-.013
2733	.065
3311	-.059
422	.129
1000	.239
423	.217
1001	-.009
424	.467
1002	-.333
425	-.191
1003	-.228
426	.019
1004	.16
427	.287
1005	-.035
2734	.007
3312	-.514
2735	-.116
3313	.422
2736	.368
3314	-.125
2737	.161
3315	-.097
2738	-.097
3316	-.06
2739	-.323
3317	.008
428	.138
1006	-.036
429	.103
1007	-.302
430	-.056
1008	-.284
431	.07
1009	-.257
432	-.062
1010	.231
433	.254
1011	.165
2740	.302
3318	-.019
2741	.18
3319	.059
2742	.3
3320	.146
2743	-.116
3321	.092
2744	.087
3322	.061
2745	.026
3323	.065
1566	.138
2144	.155
1567	.173
2145	.44
1568	.404
2146	-.074
1569	.187
2147	-.22
1570	-.066
2148	-.128
1571	.365
2149	-.085
3878	.06
4456	.156
3879	.045
4457	.146
3880	.365
4458	.352
3881	.138
4459	.129
3882	.103
4460	.138
3883	.131
4461	-.034
1572	.052
2150	-.168
1573	.16
2151	-.066
1574	.096
2152	-.038
1575	.201
2153	-.008
1576	.245
2154	-.275
1577	.442
2155	-.016
3884	.186
4462	.149
3885	.193
4463	-.362
3886	.081
4464	-.377
3887	.194
4465	.037
3888	.192
4466	-.482
3889	.066
4467	-.153
1578	-.028
2156	.18
1579	.003
2157	.001
1580	.054
2158	-.03
1581	.138
2159	-.097
1582	-.408
2160	.184
1583	.166
2161	.151
3890	-.246
4468	-.288
3891	.24
4469	.219
3892	.027
4470	.091
3893	.185
4471	.217
3894	.285
4472	.287
3895	.19
4473	-.041
1584	.094
2162	-.084
1585	.361
2163	.242
1586	-.11
2164	-.04
1587	-.079
2165	-.121
1588	.253
2166	.195
1589	.281
2167	.014
3896	.077
4474	.176
3897	.081
4475	.101
3898	.27
4476	.131
3899	.301
4477	.154
3900	.349
4478	.099
3901	.1
4479	.276
1277	-.077
1855	.348
1278	-.226
1856	.155
1279	-.214
1857	.132
1280	.08
1858	.15
1281	-.201
1859	.125
1282	-.179
1860	.182
3589	-.049
4167	.21
3590	-.107
4168	-.049
3591	.26
4169	.126
3592	.074
4170	.298
3593	-.01
4171	.041
3594	.138
4172	.04
1283	.006
1861	.112
1284	.066
1862	.323
1285	.32
1863	.138
1286	-.007
1864	.285
1287	.024
1865	.071
1288	.218
1866	.111
3595	-.032
4173	.05
3596	.061
4174	.038
3597	.16
4175	-.017
3598	.251
4176	-.017
3599	.228
4177	.14
3600	.108
4178	-.025
1289	-.023
1867	.027
1290	.232
1868	.024
1291	.507
1869	-.118
1292	.134
1870	.047
1293	-.034
1871	.025
1294	-.107
1872	-.086
3601	.006
4179	.338
3602	.243
4180	-.058
3603	.018
4181	-.179
3604	.174
4182	-.195
3605	.059
4183	.176
3606	.376
4184	.174
1295	.202
1873	.084
1296	.236
1874	.224
1297	-.374
1875	-.014
1298	-.051
1876	.133
1299	.349
1877	.165
1300	.14
1878	.222
3607	.21
4185	-.02
3608	.17
4186	.163
3609	.02
4187	.187
3610	.214
4188	.252
3611	.101
4189	.02
3612	.112
4190	-.039
145	-.055
723	.244
146	.409
724	-.09
147	.135
725	-.249
148	-.061
726	-.002
149	.13
727	-.109
150	.151
728	-.286
2457	-.138
3035	.115
2458	-.318
3036	-.09
2459	-.266
3037	-.086
2460	-.13
3038	.054
2461	.172
3039	.261
2462	.172
3040	.042
151	.006
729	.028
152	.058
730	.211
153	-.018
731	-.042
154	-.269
732	-.242
155	-.366
733	-.095
156	-.559
734	-.193
2463	-.163
3041	.2
2464	.152
3042	-.003
2465	.326
3043	.195
2466	.153
3044	.461
2467	.063
3045	.21
2468	.271
3046	.446
157	-.261
735	.081
158	-.111
736	.095
159	.096
737	.235
160	.091
738	-.1
161	-.235
739	-.262
162	.123
740	.008
2469	-.102
3047	-.06
2470	.103
3048	-.064
2471	.273
3049	.306
2472	.038
3050	.023
2473	.09
3051	-.004
2474	.233
3052	.003
163	-.227
741	-.036
164	-.001
742	-.18
165	-.047
743	-.023
166	.102
744	.04
167	.544
745	-.099
168	-.167
746	-.161
2475	.13
3053	.12
2476	-.139
3054	-.023
2477	.151
3055	-.006
2478	.03
3056	-.059
2479	-.154
3057	-.084
2480	.031
3058	-.14
434	-.039
1012	.306
435	.135
1013	.155
436	.058
1014	.206
437	-.109
1015	-.222
438	.114
1016	-.004
439	.039
1017	-.162
2746	.362
3324	-.056
2747	.233
3325	.23
2748	.002
3326	.035
2749	.057
3327	.06
2750	.153
3328	-.148
2751	-.007
3329	.085
440	.099
1018	.056
441	.357
1019	.294
442	.204
1020	.192
443	-.194
1021	.162
444	-.113
1022	-.171
445	-.171
1023	-.058
2752	.103
3330	-.07
2753	.049
3331	.099
2754	.33
3332	.116
2755	.323
3333	.027
2756	.142
3334	.205
2757	.186
3335	.279
446	.344
1024	-.166
447	-.065
1025	-.5
448	-.304
1026	-.108
449	.142
1027	.022
450	.261
1028	.224
451	-.012
1029	.12
2758	-.097
3336	.241
2759	.29
3337	.111
2760	.606
3338	.187
2761	.32
3339	.13
2762	.169
3340	-.037
2763	.008
3341	.176
452	.01
1030	.023
453	.247
1031	-.142
454	.311
1032	-.551
455	.057
1033	.187
456	-.211
1034	-.171
457	-.075
1035	.061
2764	.167
3342	.282
2765	-.122
3343	-.046
2766	-.033
3344	.303
2767	-.093
3345	-.174
2768	.078
3346	.01
2769	.133
3347	-.164
1590	-.075
2168	.03
1591	.192
2169	-.188
1592	.221
2170	-.195
1593	.16
2171	-.257
1594	.135
2172	-.021
1595	-.189
2173	.132
3902	.09
4480	.175
3903	.329
4481	.113
3904	.15
4482	.305
3905	.121
4483	.069
3906	.114
4484	-.174
3907	.138
4485	-.403
1596	-.084
2174	-.037
1597	-.011
2175	-.183
1598	.288
2176	-.29
1599	-.182
2177	-.447
1600	.038
2178	.345
1601	.102
2179	-.043
3908	.006
4486	-.308
3909	.099
4487	-.026
3910	.092
4488	-.161
3911	.025
4489	.138
3912	.238
4490	-.033
3913	.1
4491	-.043
1602	.182
2180	-.072
1603	.046
2181	-.337
1604	-.158
2182	-.277
1605	-.061
2183	.191
1606	-.129
2184	-.236
1607	-.232
2185	-.338
3914	.005
4492	-.664
3915	-.184
4493	-.236
3916	.208
4494	-.263
3917	.237
4495	-.142
3918	.178
4496	.054
3919	.149
4497	-.188
1608	-.079
2186	-.234
1609	.099
2187	-.183
1610	.023
2188	-.405
1611	.131
2189	.33
1612	.05
2190	-.08
1613	.19
2191	.016
3920	.335
4498	.083
3921	.111
4499	.199
3922	.188
4500	.002
3923	.195
4501	-.047
3924	-.014
4502	-.381
3925	.028
4503	-.134
1301	.042
1879	.173
1302	.041
1880	.358
1303	.169
1881	.049
1304	.093
1882	-.027
1305	-.271
1883	-.082
1306	.301
1884	-.146
3613	.149
4191	.152
3614	.197
4192	.164
3615	.15
4193	-.054
3616	.006
4194	-.118
3617	.01
4195	.186
3618	.06
4196	.233
1307	-.101
1885	-.248
1308	.168
1886	-.085
1309	.168
1887	-.109
1310	.12
1888	-.174
1311	.099
1889	-.11
1312	-.224
1890	-.086
3619	.002
4197	.061
3620	.066
4198	.206
3621	.024
4199	-.123
3622	.124
4200	.162
3623	.194
4201	.156
3624	-.103
4202	-.076
1313	-.069
1891	-.035
1314	.033
1892	.423
1315	-.119
1893	-.059
1316	-.009
1894	-.113
1317	.153
1895	.01
1318	-.055
1896	-.014
3625	.141
4203	.029
3626	.184
4204	.544
3627	.239
4205	.13
3628	.235
4206	.08
3629	.208
4207	.061
3630	.026
4208	.221
1319	.226
1897	.009
1320	.008
1898	.193
1321	-.268
1899	.212
1322	.282
1900	.057
1323	.135
1901	-.019
1324	.342
1902	-.135
3631	.02
4209	.355
3632	-.048
4210	.252
3633	.267
4211	.203
3634	.047
4212	.257
3635	.038
4213	.194
3636	.364
4214	.006
169	.035
747	-.806
170	.216
748	-.002
171	-.217
749	-.032
172	.166
750	-.179
173	.197
751	-.173
174	.157
752	.027
2481	.197
3059	.164
2482	-.066
3060	-.083
2483	.259
3061	.01
2484	-.346
3062	.053
2485	-.058
3063	-.039
2486	.16
3064	.112
175	-.183
753	.056
176	-.265
754	.068
177	-.11
755	-.101
178	-.264
756	-.698
179	.016
757	-.147
180	-.084
758	-.072
2487	.426
3065	.295
2488	-.141
3066	.208
2489	.25
3067	-.095
2490	.165
3068	-.06
2491	.289
3069	-.303
2492	-.201
3070	-.038
181	.052
759	.162
182	.127
760	.043
183	-.062
761	.028
184	.106
762	-.189
185	-.19
763	-.243
186	-.028
764	-.684
2493	.185
3071	-.044
2494	-.009
3072	-.131
2495	.197
3073	-.055
2496	.037
3074	.095
2497	.138
3075	-.062
2498	-.002
3076	-.298
187	-.259
765	-.198
188	-.01
766	-.146
189	-.432
767	-.71
190	-.148
768	-.188
191	-.346
769	-.178
192	-.08
770	-.183
2499	.15
3077	.072
2500	-.115
3078	.014
2501	.069
3079	.134
2502	-.191
3080	-.2
2503	.152
3081	-.034
2504	-.206
3082	.058
458	-.027
1036	-.178
459	.204
1037	-.147
460	-.158
1038	.267
461	-.123
1039	.046
462	-.215
1040	-.145
463	-.025
1041	-.131
2770	.18
3348	-.099
2771	.278
3349	-.442
2772	-.235
3350	-.057
2773	.102
3351	.195
2774	.013
3352	-.13
2775	.225
3353	-.5
464	.276
1042	-.127
465	-.069
1043	-.651
466	.151
1044	-.02
467	.049
1045	.104
468	-.059
1046	.01
469	-.106
1047	.158
2776	.064
3354	.066
2777	.235
3355	-.289
2778	.164
3356	-.055
2779	.096
3357	.113
2780	-.009
3358	.018
2781	.17
3359	-.042
470	.151
1048	-.331
471	-.243
1049	-.159
472	-.095
1050	.101
473	.12
1051	.106
474	.009
1052	.082
475	.126
1053	-.211
2782	.14
3360	.005
2783	.091
3361	.072
2784	.295
3362	.248
2785	.228
3363	.042
2786	.432
3364	-.138
2787	.118
3365	-.342
476	-.122
1054	-.142
477	.13
1055	-.012
478	.078
1056	.009
479	-.112
1057	-.076
480	-.029
1058	-.082
481	-.081
1059	.146
2788	.141
3366	-.148
2789	.068
3367	.031
2790	.09
3368	.027
2791	.016
3369	.422
2792	.091
3370	-.11
2793	-.168
3371	.021
1614	.374
2192	-.009
1615	-.008
2193	-.209
1616	.17
2194	.052
1617	.026
2195	.13
1618	.199
2196	-.078
1619	.106
2197	-.053
3926	.154
4504	-.501
3927	.326
4505	.057
3928	
4506	.162
3929	.262
4507	.318
3930	.172
4508	.151
3931	.203
4509	-.1
1620	-.082
2198	-.042
1621	-.037
2199	.004
1622	-.11
2200	-.045
1623	.031
2201	.037
1624	.155
2202	-.076
1625	.288
2203	.084
3932	.01
4510	.28
3933	.205
4511	.359
3934	.017
4512	-1.386
3935	-.266
4513	-.012
3936	-.514
4514	.004
3937	.204
4515	.177
1626	.225
2204	-.435
1627	.315
2205	-.004
1628	.213
2206	.162
1629	-.057
2207	-.326
1630	-.156
2208	-.02
1631	.103
2209	.176
3938	.154
4516	.189
3939	.261
4517	-.005
3940	.43
4518	.001
3941	.223
4519	.095
3942	.268
4520	.069
3943	.259
4521	-.067
1632	.011
2210	-.155
1633	.033
2211	.276
1634	.047
2212	.116
1635	-.015
2213	.295
1636	-.015
2214	.364
1637	.203
2215	-.052
3944	.072
4522	.001
3945	
4523	-.009
3946	.1
4524	.042
3947	.419
4525	-.048
3948	.064
4526	.026
3949	.138
4527	.027
1325	.24
1903	-.032
1326	.071
1904	-.191
1327	-.113
1905	-.103
1328	-.194
1906	.024
1329	.042
1907	.078
1330	-.014
1908	-.121
3637	-.005
4215	-.046
3638	.288
4216	.086
3639	-.463
4217	.196
3640	.106
4218	.069
3641	.197
4219	.053
3642	-.069
4220	.38
1331	-.045
1909	.01
1332	.129
1910	.206
1333	.383
1911	-.196
1334	.34
1912	-.099
1335	.003
1913	-.047
1336	.138
1914	.082
3643	.282
4221	-.262
3644	-.044
4222	-.138
3645	.11
4223	.155
3646	.154
4224	.291
3647	.174
4225	.156
3648	.053
4226	.199
1337	.089
1915	-.125
1338	.173
1916	.285
1339	-.005
1917	.087
1340	.001
1918	-.155
1341	.146
1919	-.117
1342	.333
1920	-.141
3649	.129
4227	-.049
3650	.02
4228	.116
3651	.077
4229	.157
3652	.058
4230	-.175
3653	-.253
4231	-.352
3654	.169
4232	.12
1343	-.021
1921	-.021
1344	-.047
1922	-.048
1345	-.135
1923	.093
1346	.04
1924	-.026
1347	.099
1925	.345
1348	-.033
1926	.068
3655	.158
4233	.237
3656	-.16
4234	.073
3657	.078
4235	.226
3658	.089
4236	.115
3659	-.178
4237	.064
3660	-.066
4238	.065
193	-.341
771	.076
194	.156
772	-.027
195	.138
773	.069
196	.103
774	-.105
197	.018
775	-.182
198	-.009
776	-.112
2505	-.001
3083	-.168
2506	-.212
3084	.089
2507	-.005
3085	.339
2508	.18
3086	-.157
2509	.054
3087	-.162
2510	-.065
3088	.236
199	.013
777	-.272
200	.488
778	-.034
201	.06
779	.39
202	.161
780	.16
203	.554
781	.258
204	.073
782	.154
2511	-.026
3089	-.104
2512	-.038
3090	-.234
2513	-.034
3091	-.253
2514	.192
3092	.032
2515	.202
3093	.034
2516	.219
3094	-.067
205	-.161
783	.104
206	-.081
784	-.068
207	-.174
785	-.138
208	-.331
786	-.001
209	.266
787	-.159
210	-.326
788	.021
2517	.008
3095	.236
2518	.045
3096	.373
2519	.225
3097	.176
2520	.126
3098	.148
2521	.025
3099	.078
2522	.279
3100	.268
211	.117
789	.098
212	.046
790	-.011
213	-.052
791	.331
214	.177
792	-.083
215	.457
793	-.153
216	.44
794	.021
2523	.093
3101	.114
2524	.148
3102	.103
2525	-.075
3103	-.04
2526	-1.95
3104	-.032
2527	-.077
3105	-.017
2528	.037
3106	.141
482	-.063
1060	.186
483	-.118
1061	.638
484	-.136
1062	-.167
485	-.073
1063	-.29
486	-.04
1064	.092
487	.223
1065	.179
2794	-.38
3372	-.133
2795	-.13
3373	.153
2796	.29
3374	.268
2797	.046
3375	-.002
2798	.089
3376	.053
2799	.195
3377	.083
488	.048
1066	-.021
489	-.089
1067	-.226
490	.173
1068	-.028
491	.102
1069	.05
492	.053
1070	-.103
493	.204
1071	.041
2800	.332
3378	.074
2801	.239
3379	.187
2802	.043
3380	.185
2803	-.108
3381	-.204
2804	.147
3382	-.105
2805	.051
3383	-.453
494	.192
1072	.175
495	-.313
1073	.099
496	-.094
1074	.102
497	.063
1075	.197
498	-.01
1076	-.128
499	.06
1077	-.087
2806	-.071
3384	.086
2807	.197
3385	-.121
2808	.342
3386	.176
2809	.35
3387	.193
2810	.28
3388	.051
2811	.285
3389	.166
500	.006
1078	.456
501	.015
1079	-.025
502	.021
1080	.315
503	.025
1081	.17
504	.15
1082	-.001
505	.091
1083	-.266
2812	.215
3390	.344
2813	.116
3391	.213
2814	.183
3392	.27
2815	.202
3393	-.052
2816	-.04
3394	.076
2817	-.017
3395	-.061
1638	-.01
2216	-.231
1639	-.095
2217	-.055
1640	-.105
2218	-.486
1641	-.155
2219	-.131
1642	.068
2220	.035
1643	-.234
2221	-.124
3950	.394
4528	.117
3951	.003
4529	.255
3952	.208
4530	-.051
3953	.041
4531	.176
3954	.272
4532	.039
3955	-.024
4533	-.284
1644	-.047
2222	-.163
1645	.05
2223	-.134
1646	.133
2224	.124
1647	-.216
2225	-.232
1648	-.421
2226	-.128
1649	.123
2227	.233
3956	-.057
4534	-.282
3957	.34
4535	-.334
3958	.215
4536	-.298
3959	.218
4537	-.225
3960	.204
4538	-.5
3961	.627
4539	.203
1650	.22
2228	.295
1651	.107
2229	.203
1652	.021
2230	.241
1653	.103
2231	.325
1654	.047
2232	.389
1655	-.06
2233	.051
3962	.074
4540	.177
3963	.209
4541	.341
3964	-.074
4542	-.285
3965	.111
4543	-.366
3966	.102
4544	-.131
3967	-.066
4545	.181
1656	-.064
2234	-.027
1657	.126
2235	.042
1658	-.008
2236	-.088
1659	.018
2237	-.266
1660	.035
2238	-.12
1661	.333
2239	-.048
3968	.012
4546	-.481
3969	-.199
4547	-1.94
3970	-.214
4548	-.063
3971	.145
4549	.087
3972	-.55
4550	-.101
3973	-.228
4551	-.032
1349	.273
1927	-.016
1350	-.149
1928	-.115
1351	-.154
1929	-.234
1352	.184
1930	-.095
1353	-.138
1931	.008
1354	.054
1932	.312
3661	-.071
4239	-.004
3662	-.432
4240	.4
3663	-.083
4241	-.223
3664	-.009
4242	-.026
3665	.306
4243	-.039
3666	.279
4244	-.018
1355	.068
1933	-.123
1356	.274
1934	.326
1357	.35
1935	.074
1358	.193
1936	-.253
1359	.01
1937	-.248
1360	.188
1938	-.015
3667	.096
4245	.082
3668	.229
4246	.124
3669	.07
4247	.228
3670	.323
4248	-.031
3671	.179
4249	.423
3672	.349
4250	.371
1361	-.222
1939	.061
1362	-.28
1940	.173
1363	.188
1941	.14
1364	.052
1942	.164
1365	.102
1943	-.069
1366	-.058
1944	-.093
3673	.273
4251	-.042
3674	-.13
4252	.052
3675	.103
4253	.293
3676	.068
4254	-.052
3677	.071
4255	.223
3678	-.006
4256	.047
1367	.012
1945	-.027
1368	-.048
1946	-.38
1369	-.074
1947	-.212
1370	-.073
1948	-.072
1371	.329
1949	.057
1372	.275
1950	.138
3679	.038
4257	-.291
3680	-.248
4258	-.078
3681	.076
4259	.411
3682	.112
4260	.239
3683	.077
4261	.039
3684	-.111
4262	.268
217	.082
795	.255
218	-.113
796	.052
219	.138
797	.03
220	.499
798	-.127
221	.02
799	.296
222	-.058
800	-.119
2529	-.217
3107	-.311
2530	-.136
3108	.203
2531	.085
3109	-.016
2532	.075
3110	.291
2533	.213
3111	.006
2534	-.088
3112	.033
223	-.108
801	.203
224	-.218
802	-.172
225	-.14
803	-.127
226	-.032
804	.116
227	-.111
805	-.032
228	.145
806	.014
2535	.068
3113	.01
2536	.265
3114	.156
2537	.067
3115	.09
2538	.12
3116	-.059
2539	.273
3117	-.107
2540	.272
3118	.125
229	.087
807	-.135
230	-.178
808	.166
231	.188
809	.351
232	.055
810	.404
233	-.091
811	-.156
234	.267
812	-.081
2541	.119
3119	-.009
2542	.17
3120	.227
2543	.147
3121	.041
2544	-.148
3122	.286
2545	.07
3123	-.162
2546	.054
3124	.093
235	-.163
813	-.215
236	.114
814	-.227
237	.125
815	-.288
238	-.085
816	-.247
239	-.095
817	-.261
240	-.195
818	-.111
2547	.049
3125	-.323
2548	.128
3126	-.194
2549	.179
3127	.07
2550	.549
3128	.302
2551	-.172
3129	.015
2552	.24
3130	-.084
506	-.12
1084	-.149
507	-.236
1085	-.122
508	-.195
1086	-.051
509	-.053
1087	-.292
510	.02
1088	-.38
511	-.079
1089	-.144
2818	-.065
3396	.007
2819	-.084
3397	-.091
2820	-.046
3398	-.066
2821	-.023
3399	-.301
2822	.025
3400	-.331
2823	.293
3401	-.016
512	-.172
1090	-.298
513	.085
1091	-.041
514	-.208
1092	-.098
515	-.244
1093	-.015
516	-.098
1094	-.302
517	.138
1095	.069
2824	.437
3402	-.068
2825	.004
3403	.24
2826	-.044
3404	.132
2827	.154
3405	-.095
2828	.112
3406	.339
2829	.065
3407	-.013
518	.037
1096	-.109
519	-.196
1097	-.047
520	.278
1098	-.072
521	-.081
1099	-.147
522	.172
1100	-.051
523	-.003
1101	-.507
2830	-.095
3408	.046
2831	.003
3409	.06
2832	.158
3410	-.314
2833	.23
3411	.123
2834	.13
3412	-.144
2835	.334
3413	.327
524	-.28
1102	.064
525	-.005
1103	.416
526	-.042
1104	-.147
527	-.006
1105	-.318
528	.108
1106	-.115
529	.025
1107	-.044
2836	-.065
3414	-.093
2837	-.447
3415	-.051
2838	-.098
3416	-.058
2839	-.396
3417	-.027
2840	.16
3418	.143
2841	.19
3419	.277
1662	.002
2240	.027
1663	.106
2241	-.234
1664	-.156
2242	-.126
1665	-.361
2243	-.54
1666	.09
2244	-.15
1667	-.055
2245	-.211
3974	.033
4552	-.105
3975	-.062
4553	.241
3976	.256
4554	.002
3977	.27
4555	-.267
3978	.129
4556	.028
3979	.038
4557	-.017
1668	.11
2246	.084
1669	.013
2247	.114
1670	.053
2248	.39
1671	.066
2249	.366
1672	.076
2250	.175
1673	.246
2251	.098
3980	.058
4558	.109
3981	.165
4559	.025
3982	-.077
4560	.12
3983	.188
4561	.46
3984	.203
4562	.198
3985	.214
4563	.271
1674	.091
2252	-.016
1675	.041
2253	-.133
1676	.077
2254	-.211
1677	.307
2255	-.113
1678	.032
2256	.013
1679	.214
2257	-.022
3986	.07
4564	-.021
3987	.237
4565	.16
3988	.308
4566	.261
3989	-.113
4567	-.171
3990	.043
4568	.174
3991	-.129
4569	.069
1680	.062
2258	-.254
1681	-.044
2259	-.19
1682	.09
2260	-.167
1683	-.223
2261	-.108
1684	-.254
2262	-.146
1685	-.039
2263	-.237
3992	-.082
4570	-.519
3993	.158
4571	-.223
3994	-.09
4572	-.085
3995	.285
4573	-.1
3996	.021
4574	.124
3997	.179
4575	.203
1373	.091
1951	.357
1374	.16
1952	.155
1375	-.078
1953	.175
1376	-.071
1954	.073
1377	.199
1955	-.55
1378	-1.055
1956	-.124
3685	.081
4263	.173
3686	.023
4264	.005
3687	-.148
4265	.138
3688	.143
4266	.28
3689	.018
4267	.103
3690	.129
4268	.062
1379	-.042
1957	.235
1380	-.1
1958	.13
1381	-.314
1959	.051
1382	-.323
1960	-.013
1383	.09
1961	-.149
1384	.041
1962	-.08
3691	.001
4269	.04
3692	-.157
4270	.237
3693	.396
4271	.032
3694	.035
4272	.238
3695	.096
4273	-.038
3696	.133
4274	-.151
1385	.248
1963	-.153
1386	.149
1964	-.151
1387	.063
1965	-.276
1388	.156
1966	.008
1389	.069
1967	.339
1390	.017
1968	.185
3697	.361
4275	-.102
3698	.03
4276	-.017
3699	.006
4277	-.098
3700	.11
4278	.121
3701	.084
4279	.159
3702	.175
4280	.265
1391	.238
1969	-.023
1392	-.168
1970	-.185
1393	.176
1971	-.221
1394	.101
1972	-.036
1395	-.184
1973	.061
1396	.131
1974	.2
3703	.007
4281	.116
3704	.066
4282	.516
3705	.277
4283	.044
3706	.17
4284	.218
3707	.092
4285	.229
3708	.047
4286	.073
241	-.238
819	.251
242	-.106
820	.036
243	-.054
821	.489
244	-.203
822	-.233
245	-.156
823	.017
246	.252
824	.015
2553	.238
3131	-.156
2554	-.006
3132	-.167
2555	.248
3133	-.068
2556	-.264
3134	.162
2557	-.328
3135	.093
2558	.164
3136	-.264
247	.251
825	-.22
248	-.06
826	-.286
249	-.118
827	-.017
250	-.07
828	-.031
251	.102
829	.134
252	-.108
830	.177
2559	.215
3137	.181
2560	.176
3138	-.071
2561	.007
3139	-.12
2562	.023
3140	.032
2563	.002
3141	-.139
2564	-.105
3142	-.434
253	-.016
831	.062
254	.249
832	-.199
255	.272
833	-.015
256	-.255
834	-.118
257	-.28
835	-.14
258	-.117
836	-.258
2565	.149
3143	-.405
2566	-.205
3144	.142
2567	.164
3145	-.325
2568	-.159
3146	.144
2569	.106
3147	-.066
2570	-.219
3148	.159
259	-.077
837	.16
260	-.137
838	-.106
261	-.173
839	.254
262	-.148
840	-.159
263	-.205
841	-.202
264	-.042
842	-.212
