3176	.128
865	
3172	-1.263
2599	.798
288	.45
866	.45
863	-.081
2595	1.772
286	.409
284	1.187
3173	.035
3177	.334
862	.035
864	-.55
2600	
2596	.45
285	1.45
3174	.227
3178	-1.135
287	-.872
2597	-.55
283	.772
3175	.298
2598	1.45
861	.128
554	-.148
1132	-.128
555	-.107
1133	-.198
556	-.245
1134	-.071
557	-.114
1135	-.188
558	-.178
1136	-.01
559	.45
1137	-.036
1421	-.773
1710	-.991
1999	-.036
2288	.45
1422	.035
1711	1.45
2000	.45
2289	-.228
1423	1.035
1712	-.135
2001	1.035
2290	.739
1424	-1.55
1713	-.358
2002	-.872
2291	
1425	
1714	
2003	-1.135
2292	.45
1426	.45
1715	
2004	
2293	-.965
2866	1.035
3444	-1.135
2867	
3445	.45
2868	1.035
3446	
2869	.45
3447	-.55
2870	1.45
3448	-.55
2871	-.55
3449	
3733	-1.55
4022	.45
4311	.035
4600	.035
3734	.45
4023	.45
4312	.45
4601	.128
3735	.45
4024	-.55
4313	-1.135
4602	-1.135
3736	1.035
4025	.772
4314	.227
4603	2.035
3737	.45
4026	.865
4315	-1.872
4604	.128
3738	-1.135
4027	.45
4316	.035
4605	-1.872
560	1.035
1138	
561	1.187
1139	-.55
562	
1140	.128
563	-.55
1141	-.55
564	2.772
1142	.45
565	.45
1143	-.287
1427	-.287
1716	-.135
2005	.45
2294	1.035
1428	
1717	.45
2006	-.55
2295	.187
1429	2.035
1718	2.035
2007	1.035
2296	-.135
1430	1.942
1719	1.45
2008	1.035
2297	.035
1431	-1.135
1720	
2009	-1.55
2298	.45
1432	-.135
1721	.45
2010	-.135
2299	1.45
2872	.45
3450	
2873	-.55
3451	.45
2874	
3452	-.55
2875	-.135
3453	1.035
2876	.45
3454	
2877	.865
3455	
3739	.45
4028	-.55
4317	2.035
4606	-.135
3740	-.425
4029	
4318	-.55
4607	.865
3741	
4030	
4319	
4608	
3742	
4031	.45
4320	
4609	1.45
3743	-.135
4032	
4321	-.55
4610	
3744	
4033	-.55
4322	.45
4611	1.035
566	
1144	1.035
567	
1145	.772
568	
1146	
569	1.035
1147	
570	.865
1148	
571	
1149	-1.287
1433	
1722	
2011	1.45
2300	-.398
1434	
1723	-.55
2012	.128
2301	-1.053
1435	.45
1724	-1.55
2013	1.035
2302	.035
1436	
1725	2.149
2014	
2303	
1437	1.035
1726	
2015	.45
2304	
1438	
1727	
2016	
2305	
2878	
3456	
2879	
3457	
2880	
3458	
2881	
3459	
2882	
3460	1.45
2883	
3461	
3745	
4034	1.45
4323	
4612	
3746	2.035
4035	1.45
4324	
4613	
3747	
4036	
4325	
4614	
3748	
4037	
4326	.45
4615	
3749	1.45
4038	-1.135
4327	.45
4616	
3750	
4039	
4328	
4617	.035
572	1.45
1150	
573	1.45
1151	
574	
1152	.45
575	
1153	
576	
1154	
577	.45
1155	
1439	1.565
1728	1.45
2017	
2306	
1440	
1729	-.55
2018	.45
2307	-1.872
1441	
1730	1.45
2019	
2308	
1442	
1731	
2020	.45
2309	
1443	
1732	
2021	
2310	2.376
1444	
1733	
2022	
2311	
2884	
3462	1.45
2885	
3463	
2886	
3464	
2887	
3465	
2888	
3466	
2889	-.036
3467	
3751	.45
4040	
4329	
4618	-.872
3752	
4041	-.55
4330	-1.872
4619	-.135
3753	
4042	
4331	
4620	
3754	1.035
4043	
4332	1.45
4621	-.55
3755	.45
4044	
4333	1.45
4622	
3756	1.772
4045	1.035
4334	-.55
4623	-1.55
2571	.45
3149	-.076
2572	1.617
3150	-.759
2573	1.45
3151	-.575
2574	.642
3152	-.529
2575	-.571
3153	.283
2576	.289
3154	.269
530	.214
1108	.128
531	.302
1109	.399
852	-.291
532	.128
1110	.202
533	.028
1111	-1.872
534	.45
275	-.387
1112	-.122
535	1.094
853	-.382
1113	2.539
2594	.608
2842	-.015
3420	-.093
2843	.103
3421	-.358
2844	2.035
3422	.209
2845	.543
3423	.158
2846	-.058
276	1.056
3424	.403
2847	-.294
3425	1.528
536	.822
1114	.499
537	.11
1115	-.592
538	1.062
1116	-.278
539	.854
1117	.76
540	-.145
1118	.716
541	-1.653
1119	.328
2848	.337
854	.161
2583	.819
3426	.283
2849	-1.078
3427	1.187
2850	-.321
3428	.137
2851	1.572
3429	.15
2852	.201
3161	.45
3430	-.077
2853	.682
3431	.938
542	.386
1120	.215
543	.727
1121	.764
2584	-.232
544	.86
1122	.667
545	1.537
1123	.371
546	.379
1124	-2.11
547	-1.874
1125	.264
2854	-2.286
3162	.537
3432	-.163
2855	-.088
3433	.312
2856	.202
3434	.844
2857	-.11
3435	.44
2858	-.628
3436	-.241
2859	1.102
3437	.504
548	.755
2585	1.209
1126	.082
549	-.429
1127	.078
3163	.272
550	1.847
1128	.305
551	.059
1129	-.055
552	.333
1130	.45
553	2.46
1131	2.539
2860	-1.19
3438	.323
2861	.704
3439	-.22
2862	.379
3440	.379
2863	-.38
3441	.404
2864	.61
3442	1.087
2865	-1.261
3443	-.417
1686	-.005
2264	.174
1687	-.247
2265	.612
1688	.283
2266	.228
1689	.51
2267	.252
1690	.652
2268	.018
1691	.417
2269	-.143
3998	.176
4576	.865
2586	.964
3999	.269
4577	.118
4000	1.306
4578	-.438
4001	.359
3164	.367
4579	-1.55
4002	1.687
4580	.75
4003	-1.123
4581	.293
1692	.733
2270	.257
2587	.784
1693	.286
2271	.333
1694	-.841
3165	-.419
2272	-1.349
1695	.945
2273	.703
2588	.758
1696	.182
2274	.196
1697	.193
2275	-.645
4004	.656
4582	.846
4005	.139
4583	.31
4006	1.035
3166	-.304
4584	.798
4007	.125
4585	-1.128
4008	.935
4586	-1.237
4009	.964
4587	-.746
1698	.334
2276	.865
1699	1.565
2277	.795
1700	.365
2278	.187
277	.061
1701	.402
2279	.227
1702	-.095
2280	.808
855	.157
1703	.365
278	.901
2281	.236
4010	.713
4588	-1.32
856	.997
4011	.892
4589	.682
279	2.437
4012	-.076
4590	.62
4013	.847
4591	.36
4014	-.01
4592	.411
857	-.342
4015	.849
4593	.762
1704	.404
2282	.25
1705	-.846
2283	.085
1706	.862
2284	.704
1707	.224
280	1.838
2285	.992
1708	.45
2286	.73
1709	.768
2287	2.167
4016	.575
4594	.076
858	.716
4017	.526
4595	-.608
4018	1.457
4596	-.19
4019	.514
4597	.293
4020	.809
4598	-.254
4021	-.325
4599	.517
1397	.111
1975	.138
1398	-.109
1976	-.351
1399	1.764
1977	-.225
1400	.385
1978	-.219
1401	-.216
1979	-.408
1402	-2.344
1980	
3709	
4287	1.128
3710	.45
4288	.372
3711	1.63
281	1.321
4289	-.175
3712	-.221
859	-.645
4290	.386
3713	1.548
4291	.547
282	.247
3714	.865
4292	-.145
1403	.575
1981	.091
1404	.423
1982	.312
1405	.951
1983	-.058
860	.32
1406	.933
1984	.942
1407	1.206
1985	.213
1408	.45
1986	1.218
3715	-.053
4293	1.102
3716	.319
2589	.268
4294	-.597
3717	.236
4295	-.235
3718	.917
4296	.339
3719	.029
4297	.357
3720	1.62
4298	.272
1409	1.115
1987	1.46
1410	.744
1988	.154
1411	.188
1989	3.163
1412	.732
1990	.373
1413	.849
3167	.763
1991	.209
1414	.002
1992	.472
3721	.605
4299	-.509
3722	1.442
4300	1.271
3723	5.513
4301	.946
3724	2.45
4302	-.331
3725	-.464
4303	-.236
3726	.897
4304	-.172
1415	1.545
1993	2.181
1416	1.059
1994	-.505
1417	1.789
1995	1.407
1418	.331
1996	.367
1419	.591
1997	-.813
1420	.812
1998	.077
3727	1.331
2590	1.102
4305	.57
3728	.201
4306	.217
3729	.865
4307	1.772
3730	1.145
4308	.307
3731	.557
4309	.429
3732	.312
4310	.786
265	.62
843	2.45
266	1.739
844	.785
3168	-.221
2591	.078
267	-1.152
845	4.565
268	.727
846	-.666
269	.383
847	1.136
270	1.221
848	.667
2577	2.862
3169	2.79
3155	-.091
2578	1.45
2592	1.642
3170	.167
3156	.131
2593	-.498
2579	.276
3157	-2.588
2580	.68
3158	-.052
2581	1.6
3159	-.253
2582	.622
3160	-.626
271	.614
849	.656
272	.347
850	-1.224
273	1.257
3171	.756
851	-1.674
274	.273
1	-.748
579	-1.402
2	-3.165
580	-1.01
3	-.339
581	-1.297
4	-1.135
582	.64
5	-.345
583	-.181
6	-.23
584	.073
2313	-.016
2891	-.727
2314	-.149
2892	-1.242
2315	-.313
2893	-.588
2316	-.461
2894	.205
2317	.005
2895	.222
2318	-.337
2896	-.616
7	-.429
585	.495
8	.855
586	.548
9	.495
587	.722
10	.761
588	-1.297
11	-1.778
589	-1.27
12	.091
590	-.43
2319	.049
2897	.51
2320	-.334
2898	-1.809
2321	-.537
2899	-.8
2322	-.209
2900	-.535
2323	-1.107
2901	-1.819
2324	.156
2902	.255
13	.346
591	-.575
14	-.92
592	-.706
15	.356
593	-.542
16	-.986
594	-1.437
17	-2.696
595	-3.246
18	-1.347
596	.008
2325	.348
2903	-.228
2326	-.512
2904	2.146
2327	1.156
2905	-.455
2328	.156
2906	-.01
2329	-.622
2907	-.286
2330	-.218
2908	.195
19	-.892
597	-.538
20	.094
598	.401
21	1.007
599	-.184
22	4.415
600	4.25
23	3.395
601	2.14
24	.639
602	.901
2331	.303
2909	.557
2332	-.312
2910	1.004
2333	.755
2911	.646
2334	-.428
2912	.187
2335	-.016
2913	.328
2336	.071
2914	.081
290	-.358
868	-.422
291	.273
869	.046
292	-.065
870	.207
293	-.236
871	.202
294	-.275
872	-.069
295	-1
873	-.962
2602	.146
3180	-.896
2603	-1.688
3181	-1.626
2604	-1.35
3182	-.945
2605	-.762
3183	1.429
2606	.16
3184	-.743
2607	-.085
3185	.035
296	2.097
874	.708
297	.828
875	.042
298	.291
876	-.598
299	-.629
877	-.294
300	-3.276
878	-.076
301	-.085
879	.426
2608	-.733
3186	-.181
2609	.556
3187	.365
2610	1.59
3188	-.207
2611	.603
3189	-.002
2612	.427
3190	-.316
2613	-.353
3191	-1.371
302	-1.594
880	-1.655
303	-.722
881	-.768
304	-.21
882	.181
305	.763
883	-.257
306	-.519
884	.013
307	-1.725
885	-1.675
2614	-1.795
3192	-.328
2615	.243
3193	-.202
2616	-.67
3194	-.55
2617	-.01
3195	-.544
2618	.178
3196	-1.69
2619	-1.385
3197	-1.904
308	-2.597
886	-2.269
309	-2.543
887	-2.681
310	-2.464
888	-1.953
311	-.275
889	-1.452
312	-1.014
890	-1.245
313	-1.437
891	-.263
2620	-.09
3198	-.827
2621	-1.291
3199	-1.22
2622	-.456
3200	1.006
2623	.201
3201	.114
2624	.429
3202	1.543
2625	.743
3203	-.206
1446	-1.834
2024	-2.072
1447	-1.758
2025	-1.664
1448	1.223
2026	.227
1449	
2027	-.239
1450	
2028	-.198
1451	-.475
2029	-.069
3758	.284
4336	.904
3759	.111
4337	.45
3760	-.255
4338	.107
3761	.431
4339	-1.128
3762	-1.698
4340	-.241
3763	-.038
4341	-.568
1452	.809
2030	.094
1453	-1.368
2031	-.9
1454	.473
2032	-1.068
1455	-.274
2033	-.275
1456	-.379
2034	.356
1457	.708
2035	.433
3764	.264
4342	-.39
3765	.374
4343	.595
3766	.602
4344	.747
3767	.914
4345	.014
3768	.214
4346	-.349
3769	1.508
4347	-.415
1458	-.795
2036	-.634
1459	-.159
2037	1.159
1460	-.5
2038	.984
1461	.274
2039	-.245
1462	.197
2040	-.811
1463	.691
2041	.664
3770	.177
4348	-.266
3771	-.588
4349	-.494
3772	-.012
4350	.031
3773	.168
4351	-1.223
3774	-.573
4352	-.093
3775	-.332
4353	-.958
1464	-.276
2042	-.235
1465	-.154
2043	-.665
1466	-.169
2044	.139
1467	.426
2045	-.55
1468	.648
2046	.889
1469	-.251
2047	.163
3776	-.07
4354	.056
3777	
4355	.725
3778	.581
4356	.273
3779	-.729
4357	.188
3780	-.851
4358	-.741
3781	
4359	.513
1157	-1.213
1735	-.305
1158	2.756
1736	.45
1159	1.26
1737	-.051
1160	-.038
1738	-1.221
1161	.225
1739	-.137
1162	-.531
1740	-.493
3469	-.461
4047	-.646
3470	.215
4048	-1.109
3471	-.005
4049	-1.01
3472	.148
4050	1.304
3473	.198
4051	.943
3474	.32
4052	-1.581
1163	-.159
1741	-.124
1164	-.261
1742	-.709
1165	-.741
1743	-.498
1166	.4
1744	-.194
1167	-.808
1745	-1.117
1168	-1.633
1746	-.377
3475	-.367
4053	.304
3476	-.664
4054	2.441
3477	2.479
4055	.46
3478	.177
4056	-.609
3479	-.484
4057	.78
3480	.201
4058	-.092
1169	-1.26
1747	-.516
1170	-.374
1748	.901
1171	1.147
1749	-.056
1172	-1.796
1750	-1.656
1173	-.85
1751	.414
1174	2.98
1752	.025
3481	-.463
4059	-.253
3482	-.265
4060	-.334
3483	-1.026
4061	-.55
3484	.646
4062	.987
3485	-.043
4063	.661
3486	-.34
4064	-.212
1175	-.22
1753	.835
1176	.364
1754	1.179
1177	.1
1755	-1.046
1178	.047
1756	-.365
1179	-.303
1757	.363
1180	1.469
1758	-.757
3487	.829
4065	.055
3488	.745
4066	-.79
3489	.241
4067	-1.144
3490	-1.567
4068	-2.036
3491	-1.435
4069	-1.269
3492	-.424
4070	-1.339
25	.989
603	-.074
26	.493
604	.463
27	.515
605	-2.281
28	-1.811
606	.115
29	.094
607	-.509
30	.399
608	.324
2337	.874
2915	.298
2338	.137
2916	.345
2339	.402
2917	-1.289
2340	.317
2918	-1.872
2341	-.904
2919	.015
2342	.638
2920	-.236
31	-.568
609	-.259
32	.902
610	.872
33	.304
611	-.077
34	1.026
612	.333
35	.343
613	-.35
36	.235
614	.956
2343	-.477
2921	-.332
2344	.278
2922	-.263
2345	.168
2923	.9
2346	-.64
2924	-.971
2347	-.19
2925	-1.531
2348	-.694
2926	-.44
37	-.931
615	-.915
38	-.768
616	-.638
39	-.208
617	-.433
40	.055
618	-.89
41	.634
619	.179
42	.696
620	-1.004
2349	-.368
2927	-.058
2350	-.142
2928	.173
2351	-.048
2929	-1.054
2352	-.409
2930	.16
2353	-.065
2931	.078
2354	-.336
2932	-.794
43	.352
621	.301
44	.187
622	-.296
45	-.538
623	-.28
46	-.272
624	-.893
47	.192
625	-.55
48	-.114
626	-.689
2355	-.786
2933	-.188
2356	.88
2934	.211
2357	.924
2935	.175
2358	.216
2936	1.192
2359	.853
2937	.213
2360	-1.306
2938	.336
314	-.679
892	-1.096
315	-.342
893	-.224
316	-.678
894	.455
317	-.358
895	.015
318	-.403
896	.299
319	.218
897	-.396
2626	-.384
3204	-.006
2627	.328
3205	-.247
2628	-.021
3206	-.747
2629	-.535
3207	-.741
2630	.434
3208	-.093
2631	-.543
3209	-.442
320	-.347
898	-.588
321	-.475
899	-.234
322	-.173
900	-1.639
323	-.718
901	-.931
324	-.65
902	-.775
325	-.506
903	-.527
2632	.099
3210	-.777
2633	-.945
3211	.876
2634	.672
3212	.123
2635	.02
3213	-.104
2636	-.218
3214	-.279
2637	-.786
3215	-1.446
326	-.609
904	.21
327	-.184
905	-.681
328	-1.247
906	-.471
329	.365
907	.016
330	.241
908	.356
331	-.41
909	-.348
2638	-.255
3216	-.6
2639	.03
3217	-.668
2640	-.171
3218	-.862
2641	.027
3219	-.085
2642	1.045
3220	1.19
2643	1.279
3221	.052
332	-.025
910	-.909
333	-.337
911	-.567
334	.48
912	.102
335	.419
913	-.208
336	.383
914	.412
337	1.112
915	-.191
2644	-.334
3222	-.762
2645	-.127
3223	.504
2646	4.047
3224	3.624
2647	2.483
3225	2.008
2648	1.8
3226	2.369
2649	3.551
3227	-.216
1470	.021
2048	-.18
1471	.571
2049	.418
1472	1.461
2050	1.116
1473	-.539
2051	.157
1474	-.3
2052	-.418
1475	-.377
2053	-1.373
3782	-1.399
4360	.055
3783	1.187
4361	-.265
3784	
4362	.434
3785	-.614
4363	-1.536
3786	
4364	-1.735
3787	-.415
4365	-1.188
1476	-1.376
2054	.256
1477	-.01
2055	-.477
1478	-.726
2056	-1.596
1479	-1.753
2057	-1.848
1480	-2.041
2058	-2.398
1481	-2.128
2059	-2.359
3788	-2.269
4366	-1.807
3789	.401
4367	.56
3790	-.068
4368	-.177
3791	
4369	-1.243
3792	.45
4370	-1.799
3793	
4371	-1.018
1482	-1.229
2060	-1.419
1483	-1.529
2061	.46
1484	-.091
2062	-.065
1485	-.287
2063	-.027
1486	-.006
2064	-.184
1487	-.105
2065	-1.05
3794	
4372	-1.461
3795	.075
4373	-.314
3796	.194
4374	.023
3797	-.223
4375	-.082
3798	
4376	.597
3799	
4377	-.032
1488	-.202
2066	.314
1489	.897
2067	.522
1490	.625
2068	1.245
1491	1.503
2069	2.614
1492	3.563
2070	1.503
1493	-.199
2071	.519
3800	.413
4378	.45
3801	-.714
4379	-1.564
3802	-1.178
4380	.111
3803	.496
4381	.236
3804	.616
4382	1.45
3805	1.5
4383	.15
1181	-.489
1759	.507
1182	.998
1760	.203
1183	-.53
1761	-.522
1184	-.354
1762	.846
1185	-.197
1763	1.146
1186	.253
1764	.086
3493	.516
4071	-.043
3494	.412
4072	.295
3495	.401
4073	.3
3496	.375
4074	.362
3497	-.643
4075	-1.035
3498	-.414
4076	-.41
1187	-.168
1765	.023
1188	.227
1766	-.243
1189	-.35
1767	-1.015
1190	.343
1768	-.741
1191	-.135
1769	.335
1192	.978
1770	1.275
3499	-.522
4077	.265
3500	1.894
4078	.105
3501	.022
4079	.149
3502	.16
4080	.28
3503	.273
4081	.968
3504	.541
4082	-.006
1193	.477
1771	-.944
1194	-.205
1772	2.216
1195	1.909
1773	-.688
1196	-.297
1774	-.674
1197	.135
1775	.547
1198	-.298
1776	-.936
3505	-1.09
4083	.206
3506	.331
4084	-.213
3507	-.889
4085	-1.983
3508	-.554
4086	-.651
3509	.21
4087	-.915
3510	-1.268
4088	.271
1199	-.347
1777	-.273
1200	-1.534
1778	-1.944
1201	-.15
1779	1.292
1202	-.155
1780	.884
1203	.741
1781	-.415
1204	-.746
1782	-.768
3511	-.55
4089	.317
3512	.005
4090	.149
3513	-.287
4091	-.029
3514	-1.243
4092	-1.038
3515	-.222
4093	1.304
3516	1.171
4094	-.149
49	-.282
627	-.453
50	-.476
628	-1.359
51	-1.061
629	-1.174
52	.803
630	.28
53	-.228
631	-1.047
54	.176
632	-1.118
2361	-1.069
2939	-.43
2362	-.594
2940	.45
2363	-.592
2941	-.011
2364	-.098
2942	1.266
2365	.689
2943	1.132
2366	1.357
2944	1.855
55	1.694
633	.24
56	-.116
634	.506
57	.076
635	-.845
58	-.672
636	-.478
59	-.501
637	.436
60	-.658
638	-.737
2367	.519
2945	.581
2368	.257
2946	.748
2369	.556
2947	.909
2370	.45
2948	.334
2371	.48
2949	-1.309
2372	-.878
2950	-.516
61	-.316
639	.636
62	-.173
640	-.634
63	-.401
641	-1.354
64	.277
642	-.27
65	.103
643	2.595
66	-.282
644	.071
2373	-.48
2951	.038
2374	-.499
2952	.314
2375	.242
2953	1.892
2376	.681
2954	.512
2377	.497
2955	.23
2378	.383
2956	.384
67	2.09
645	.687
68	-.119
646	.196
69	.405
647	2.506
70	3.712
648	3.818
71	2.257
649	1.777
72	.763
650	.353
2379	.842
2957	-.46
2380	.145
2958	.014
2381	.81
2959	-.411
2382	.222
2960	.431
2383	.106
2961	.404
2384	.167
2962	.943
338	.659
916	-.669
339	-1.864
917	-1.345
340	.119
918	.078
341	-.112
919	.899
342	.222
920	.964
343	.513
921	.389
2650	.866
3228	.734
2651	-.414
3229	-.206
2652	.58
3230	-.459
2653	-1.533
3231	.011
2654	1.528
3232	-.094
2655	.191
3233	-1.983
344	.458
922	-1.075
345	-.348
923	.086
346	-.144
924	-.313
347	-.157
925	-.533
348	.883
926	1.39
349	.544
927	.207
2656	.283
3234	-.176
2657	.193
3235	-.309
2658	.087
3236	-.522
2659	-1.464
3237	-1.445
2660	.949
3238	-.017
2661	-.403
3239	-.55
350	-.987
928	-.245
351	.105
929	.124
352	.531
930	.284
353	.194
931	.873
354	1.376
932	.809
355	-.519
933	-.44
2662	-1.234
3240	-.072
2663	-.521
3241	.63
2664	.395
3242	-.029
2665	.255
3243	.577
2666	-.349
3244	-1.54
2667	-.56
3245	-1.177
356	-.665
934	.128
357	-.237
935	1.153
358	.67
936	-.022
359	.693
937	.249
360	-.019
938	.597
361	.051
939	-.182
2668	.516
3246	-1.19
2669	-.1
3247	-1.424
2670	-.022
3248	-.831
2671	-.174
3249	.15
2672	-.337
3250	.419
2673	.142
3251	-.282
1494	.082
2072	-.731
1495	-.561
2073	-.033
1496	-.063
2074	-.182
1497	1.385
2075	-.061
1498	-2.469
2076	-2.624
1499	.222
2077	.314
3806	-1.186
4384	-1.437
3807	-.765
4385	.329
3808	1.892
4386	-.499
3809	.015
4387	-1.596
3810	-.405
4388	-1.524
3811	-1.274
4389	-.361
1500	.238
2078	-.091
1501	-.211
2079	-.213
1502	-.199
2080	1.075
1503	.023
2081	.852
1504	.15
2082	-.233
1505	.047
2083	-.439
3812	.408
4390	-.231
3813	-.697
4391	-.167
3814	-1.241
4392	-1.217
3815	-1.398
4393	.423
3816	-.224
4394	-.102
3817	.044
4395	-.244
1506	.301
2084	-.899
1507	-1.046
2085	-1.031
1508	-1.25
2086	.516
1509	-.97
2087	-.208
1510	-1.271
2088	-.896
1511	-1.248
2089	.694
3818	.782
4396	-.429
3819	.241
4397	.096
3820	.462
4398	-.212
3821	-.18
4399	-.3
3822	-.655
4400	-.298
3823	.662
4401	.45
1512	.415
2090	-.341
1513	-.752
2091	-.823
1514	-.674
2092	-.443
1515	.169
2093	.754
1516	.116
2094	.202
1517	.696
2095	.751
3824	1.415
4402	.169
3825	.724
4403	-.142
3826	-.036
4404	.488
3827	.271
4405	.602
3828	.511
4406	.951
3829	.966
4407	1.994
1205	-.55
1783	-1.135
1206	-.743
1784	-.65
1207	-.55
1785	-.55
1208	-1.872
1786	-.135
1209	-1.55
1787	-.178
1210	.187
1788	-.457
3517	1.132
4095	.651
3518	-.135
4096	.209
3519	.035
4097	-1.425
3520	-1.965
4098	-.202
3521	.599
4099	-3.135
3522	.45
4100	-.55
1211	-.228
1789	-1.358
1212	-.872
1790	-.773
1213	-.01
1791	-.425
1214	-.773
1792	-.965
1215	-.777
1793	-.753
1216	-1.308
1794	-1.164
3523	-.474
4101	.584
3524	-.328
4102	.324
3525	2.004
4103	.059
3526	-.287
4104	.204
3527	.303
4105	-.892
3528	1.199
4106	-.083
1217	-.061
1795	-.564
1218	.15
1796	-.184
1219	-.17
1797	-.27
1220	.518
1798	-.513
1221	-.445
1799	-1.187
1222	1.222
1800	-.329
3529	-1.113
4107	-.431
3530	-1.376
4108	-.621
3531	-1.351
4109	-.798
3532	-.018
4110	.721
3533	-.072
4111	-1.321
3534	.499
4112	-.428
1223	-.879
1801	-.086
1224	-.081
1802	-1.217
1225	-1.49
1803	-1.931
1226	.791
1804	.842
1227	1.163
1805	.552
1228	.275
1806	.248
3535	.128
4113	.487
3536	-.152
4114	.34
3537	-.466
4115	-.773
3538	.45
4116	.732
3539	1.019
4117	.885
3540	.055
4118	.415
73	-.135
651	.105
74	.301
652	.103
75	-2.55
653	-3.963
76	-.135
654	-.836
77	.578
655	-.191
78	-.309
656	-.773
2385	-.57
2963	-.755
2386	.636
2964	3.673
2387	3.452
2965	-.604
2388	-.504
2966	-.732
2389	-.014
2967	.316
2390	.204
2968	1.095
79	.342
657	.937
80	-1.349
658	-2.076
81	-1.111
659	-3.376
82	-2.051
660	-3.751
83	-2.552
661	-.48
84	-.135
662	-.613
2391	-.287
2969	-.115
2392	-1.114
2970	-.167
2393	-.168
2971	.261
2394	-.999
2972	-1.964
2395	-1.742
2973	-1.717
2396	-.184
2974	-.227
85	-.152
663	.318
86	.62
664	-.457
87	-.398
665	.027
88	-.308
666	-.775
89	-.123
667	.54
90	.484
668	.246
2397	.578
2975	-.09
2398	-.519
2976	-.309
2399	-.387
2977	-.087
2400	.087
2978	-1.146
2401	-.72
2979	.226
2402	.22
2980	-.135
91	.575
669	.005
92	.603
670	.377
93	.543
671	-.118
94	-.818
672	-.952
95	-.926
673	.599
96	.156
674	-.621
2403	-.596
2981	-.79
2404	.43
2982	-1.102
2405	-1.09
2983	-1.943
2406	1.02
2984	-.178
2407	1.009
2985	.223
2408	.177
2986	-.294
362	.192
940	.954
363	-2.394
941	-1.586
364	.575
942	-.281
365	.183
943	.713
366	.739
944	1.529
367	-.362
945	-.368
2674	-.247
3252	-.074
2675	-.324
3253	.644
2676	.776
3254	-.174
2677	.655
3255	-.03
2678	-.567
3256	-.495
2679	-.994
3257	-.628
368	-.826
946	.601
369	.781
947	-.114
370	-1.135
948	-.796
371	-1.714
949	-1.017
372	-2.362
950	-.932
373	-.624
951	-1.838
2680	2.606
3258	.621
2681	.174
3259	.044
2682	.421
3260	.087
2683	.812
3261	.038
2684	.235
3262	-.68
2685	.047
3263	-.946
374	-.718
952	-.345
375	.05
953	.16
376	.039
954	-.7
377	1.146
955	-.582
378	-.644
956	-.836
379	-.9
957	-1.003
2686	-1.745
3264	-1.946
2687	-1.796
3265	-1.381
2688	-.12
3266	-.024
2689	-.009
3267	-.253
2690	.234
3268	.096
2691	-.3
3269	-.311
380	-.324
958	-.418
381	-.985
959	-.258
382	.32
960	.941
383	1.137
961	-1.111
384	.273
962	.815
385	1.038
963	.593
2692	-.03
3270	-.839
2693	-.292
3271	-.599
2694	-.382
3272	-.529
2695	-.129
3273	-.678
2696	-.184
3274	.305
2697	.862
3275	.412
1518	-.55
2096	-.423
1519	.074
2097	-.846
1520	-1.3
2098	-.516
1521	-1.068
2099	-.806
1522	-.028
2100	1.297
1523	.698
2101	-.216
3830	-.325
4408	-.581
3831	.043
4409	.545
3832	-1.135
4410	-1.037
3833	-.452
4411	.435
3834	-.761
4412	-.936
3835	-1.313
4413	-1.358
1524	-1.46
2102	-1.55
1525	-.55
2103	.54
1526	-1.092
2104	.491
1527	.806
2105	-.027
1528	.026
2106	-.776
1529	.204
2107	-.711
3836	-3.287
4414	-2.561
3837	.283
4415	-.039
3838	-.455
4416	.055
3839	.029
4417	-.594
3840	-.843
4418	.605
3841	.056
4419	.843
1530	.183
2108	.475
1531	-.319
2109	1.16
1532	1.544
2110	-.062
1533	-.32
2111	-.358
1534	-1.17
2112	-.297
1535	.257
2113	-.164
3842	-.206
4420	-.762
3843	-.385
4421	.285
3844	-.72
4422	-.659
3845	-.476
4423	-.659
3846	-.272
4424	.066
3847	-.084
4425	-.218
1536	-.695
2114	-1.135
1537	-1.047
2115	-.295
1538	.029
2116	.109
1539	-.569
2117	-.062
1540	.033
2118	-.763
1541	-.895
2119	-1.433
3848	-.574
4426	-.245
3849	-1.111
4427	.625
3850	-.156
4428	.087
3851	-.585
4429	.047
3852	-.306
4430	-.808
3853	-1.037
4431	-.919
1229	-.773
1807	.52
1230	.165
1808	.052
1231	.16
1809	.499
1232	-.18
1810	-.421
1233	.174
1811	.624
1234	-.221
1812	.224
3541	.238
4119	.324
3542	-.287
4120	-.383
3543	-.436
4121	-.524
3544	-.312
4122	.779
3545	.537
4123	-.091
3546	.343
4124	-.413
1235	.634
1813	-.152
1236	.57
1814	.17
1237	1.219
1815	.669
1238	2.513
1816	1.79
1239	.29
1817	-.094
1240	.639
1818	-.611
3547	-.124
4125	-.638
3548	-1.086
4126	-.851
3549	-.857
4127	-2.443
3550	-3.014
4128	-.493
3551	.37
4129	.713
3552	.089
4130	-.51
1241	.439
1819	.298
1242	.248
1820	-1.092
1243	-1.464
1821	-1.571
1244	-.823
1822	-1.008
1245	-.151
1823	.72
1246	2.187
1824	.768
3553	4.315
4131	.713
3554	.638
4132	.204
3555	-.064
4133	-.706
3556	.27
4134	.035
3557	.145
4135	.575
3558	.738
4136	.198
1247	.767
1825	.474
1248	.328
1826	1.019
1249	.148
1827	.016
1250	-.312
1828	.699
1251	-.198
1829	-1.469
1252	-1.108
1830	.06
3559	.087
4137	.672
3560	.642
4138	.184
3561	-.732
4139	-.528
3562	-2.158
4140	-.664
3563	-1.431
4141	-1.613
3564	.599
4142	-.226
97	.45
675	-.666
98	.725
676	.906
99	-.234
677	.925
100	-.516
678	-1.408
101	-.411
679	-.519
102	-1.795
680	.112
2409	-.293
2987	-.312
2410	.096
2988	.28
2411	-.167
2989	.265
2412	.012
2990	-.025
2413	.324
2991	.214
2414	.189
2992	-.145
103	-.076
681	-.046
104	-1.55
682	-.776
105	-.938
683	-3.626
106	-.004
684	-.71
107	-.486
685	-.872
108	-.586
686	-.174
2415	.227
2993	1.708
2416	.537
2994	.935
2417	.721
2995	.414
2418	.105
2996	-.432
2419	.31
2997	.501
2420	.57
2998	1.076
109	1.054
687	.672
110	.338
688	-.054
111	-.305
689	-1.269
112	-1.273
690	-.14
113	1.325
691	.602
114	.662
692	-.691
2421	.45
2999	.759
2422	.999
3000	.143
2423	.204
3001	.103
2424	-.299
3002	-.311
2425	.027
3003	-.888
2426	-.384
3004	-.336
115	.233
693	-1.078
116	-1.315
694	-1.91
117	-1.969
695	-2.681
118	.336
696	.313
119	.183
697	-1.403
120	-.202
698	.832
2427	2.044
3005	2.064
2428	2.556
3006	-.12
2429	1.035
3007	-.787
2430	.963
3008	1.464
2431	-.072
3009	-.459
2432	-.076
3010	-1.084
386	.24
964	-.228
387	.177
965	-.507
388	.288
966	-.482
389	-1.518
967	-.358
390	-1.478
968	-1.35
391	-.969
969	-.65
2698	1.217
3276	-.222
2699	.742
3277	-.466
2700	.031
3278	-.976
2701	.45
3279	.857
2702	-.01
3280	-.363
2703	.172
3281	-.594
392	-.753
970	-.963
393	-1.194
971	.803
394	-.76
972	-.766
395	-.503
973	.413
396	-.773
974	-.833
397	-.621
975	-.129
2704	.557
3282	.45
2705	.409
3283	-.373
2706	.672
3284	.261
2707	.633
3285	-.782
2708	-.796
3286	-.804
2709	-1.38
3287	-1.803
398	-.937
976	1.587
399	-.058
977	-.749
400	-.383
978	-.864
401	-.795
979	-.325
402	-1.184
980	-2.493
403	-.157
981	-.627
2710	-.16
3288	-.353
2711	-.519
3289	-.85
2712	-2.958
3290	-2.049
2713	-1.118
3291	-1.618
2714	-1.656
3292	-.119
2715	.36
3293	-1.125
404	1.027
982	1.375
405	-.22
983	-.933
406	-.927
984	-.411
407	-.765
985	-.26
408	-1.192
986	-.65
409	-.37
987	-.451
2716	.115
3294	-.167
2717	-.103
3295	-.245
2718	.039
3296	-.5
2719	-.325
3297	.807
2720	1.51
3298	1.102
2721	.971
3299	-.776
1542	-1.045
2120	-.012
1543	.105
2121	-.149
1544	.312
2122	-.957
1545	1.367
2123	.867
1546	-.277
2124	.096
1547	-.693
2125	-1.363
3854	-.502
4432	.713
3855	-.41
4433	.41
3856	-.107
4434	-.243
3857	.04
4435	.38
3858	1.055
4436	1.599
3859	.277
4437	.008
1548	.223
2126	-.128
1549	-.572
2127	.106
1550	.464
2128	.787
1551	.482
2129	-.495
1552	-.154
2130	.403
1553	-.501
2131	-1.899
3860	.084
4438	.725
3861	-.001
4439	1.167
3862	.246
4440	-.02
3863	.089
4441	.436
3864	.578
4442	-1.01
3865	-1.15
4443	-1.047
1554	.588
2132	1.04
1555	.969
2133	.041
1556	.557
2134	.472
1557	-.146
2135	-.118
1558	-.789
2136	-1.618
1559	-1.994
2137	-3.726
3866	-2.029
4444	-1.818
3867	-.021
4445	.937
3868	.61
4446	.608
3869	.224
4447	.485
3870	.42
4448	1.865
3871	1.479
4449	.45
1560	.867
2138	1.011
1561	.09
2139	.573
1562	.129
2140	.265
1563	-.258
2141	-.4
1564	.214
2142	.359
1565	.239
2143	-.671
3872	.324
4450	.891
3873	.683
4451	0
3874	.332
4452	.83
3875	.552
4453	-.097
3876	-.204
4454	-.385
3877	-.072
4455	.002
1253	.219
1831	.024
1254	-.209
1832	.516
1255	4.6
1833	1.772
1256	2.071
1834	2.7
1257	3.929
1835	5.959
1258	1.232
1836	.572
3565	.4
4143	-.159
3566	.091
4144	.215
3567	.487
4145	-.671
3568	-.418
4146	.423
3569	.513
4147	1.179
3570	-.753
4148	-.018
1259	.128
1837	-1.357
1260	.312
1838	.58
1261	-.004
1839	.45
1262	.547
1840	.98
1263	.006
1841	-.204
1264	.054
1842	.51
3571	-.485
4149	.551
3572	1.273
4150	-.358
3573	-.116
4151	-1.118
3574	-.983
4152	-1.06
3575	-.512
4153	.2
3576	.796
4154	.924
1265	.407
1843	.22
1266	-.075
1844	-.84
1267	.99
1845	.589
1268	.281
1846	-.276
1269	.081
1847	-.155
1270	-1.654
1848	-1.415
3577	.263
4155	-2.164
3578	-1.323
4156	-1.733
3579	-1.395
4157	-1.365
3580	-.734
4158	-.466
3581	-1.087
4159	-.807
3582	.411
4160	1.049
1271	.28
1849	.223
1272	-.028
1850	.23
1273	.601
1851	1.343
1274	-1.227
1852	-1.257
1275	-1.857
1853	-1.586
1276	.024
1854	2.625
3583	5.474
4161	.852
3584	-1.461
4162	-1.36
3585	1.734
4163	.273
3586	-.55
4164	-.496
3587	.352
4165	-.287
3588	-.555
4166	-.597
121	.61
699	1.566
122	-.24
700	.389
123	.543
701	.014
124	.568
702	.718
125	2.489
703	.407
126	.136
704	-1.251
2433	-.057
3011	.28
2434	.334
3012	.45
2435	.45
3013	.067
2436	1.117
3014	-.022
2437	.253
3015	.69
2438	1.172
3016	-.284
127	-.523
705	.399
128	.149
706	.294
129	.559
707	2.389
130	.997
708	-.465
131	-.18
709	.705
132	1.095
710	.311
2439	-.057
3017	-.211
2440	.899
3018	.306
2441	.807
3019	-.736
2442	.541
3020	.03
2443	-.135
3021	-.398
2444	.294
3022	.166
133	-.218
711	-.172
134	.049
712	.518
135	.049
713	.212
136	.73
714	1.02
137	1.494
715	.9
138	-.003
716	-.039
2445	-.042
3023	-.571
2446	.207
3024	-.196
2447	1.82
3025	.402
2448	-2.049
3026	1.868
2449	1.181
3027	.9
2450	.753
3028	.069
139	.397
717	.249
140	1.732
718	4.399
141	3.532
719	1.187
142	1.227
720	-.979
143	-1.498
721	-1.2
144	1.733
722	2.986
2451	3.805
3029	2.074
2452	5.228
3030	1.348
2453	-.443
3031	-.662
2454	1.735
3032	1.599
2455	.681
3033	.349
2456	-.485
3034	1.986
410	1.125
988	.381
411	.379
989	.6
412	.043
990	.377
413	.874
991	-.406
414	.537
992	-.166
415	-.284
993	3.055
2722	4.467
3300	6.106
2723	6.905
3301	4.872
2724	.351
3302	.902
2725	1.094
3303	.595
2726	1.329
3304	-.55
2727	.147
3305	.195
416	.735
994	.896
417	1.555
995	.783
418	.002
996	-.74
419	.083
997	-.903
420	-.385
998	.931
421	.165
999	.515
2728	1.134
3306	-1.168
2729	.397
3307	1.382
2730	1.795
3308	.128
2731	.683
3309	-.326
2732	-.09
3310	-.859
2733	.796
3311	.489
422	.333
1000	-.51
423	-.43
1001	-.861
424	.818
1002	-.141
425	-.494
1003	-.201
426	-.235
1004	-1.648
427	-.403
1005	.085
2734	1.194
3312	-.55
2735	.334
3313	-1.189
2736	-.581
3314	-1.161
2737	-1.375
3315	-.998
2738	-.681
3316	-.059
2739	.713
3317	-.683
428	1.222
1006	-.004
429	.581
1007	-1.317
430	.103
1008	.421
431	-.725
1009	-.163
432	-.078
1010	.063
433	.309
1011	.225
2740	-1.062
3318	-1.961
2741	.259
3319	.293
2742	.159
3320	.567
2743	.61
3321	.076
2744	.514
3322	.99
2745	1.129
3323	-.536
1566	.28
2144	-.218
1567	-.554
2145	.436
1568	-.087
2146	-1.158
1569	-.193
2147	-.559
1570	1.435
2148	.488
1571	.439
2149	-1.247
3878	-.099
4456	.22
3879	-1.207
4457	.359
3880	1.134
4458	.001
3881	.336
4459	-1.068
3882	-.5
4460	.018
3883	-.491
4461	.515
1572	.632
2150	.461
1573	1.083
2151	-.366
1574	-.021
2152	-.612
1575	-.459
2153	-.111
1576	-.548
2154	-.51
1577	-.64
2155	-1.032
3884	-.908
4462	-1.218
3885	-.678
4463	-.453
3886	-.058
4464	.28
3887	-.596
4465	-.767
3888	-.607
4466	.324
3889	.433
4467	-.421
1578	-1.301
2156	-1.256
1579	-.508
2157	-.561
1580	-.5
2158	.124
1581	.309
2159	.683
1582	-.085
2160	.856
1583	-.37
2161	-.453
3890	1.035
4468	1.266
3891	-.981
4469	-.543
3892	-.727
4470	.322
3893	-.208
4471	-.259
3894	.187
4472	-.208
3895	.658
4473	.211
1584	.826
2162	.326
1585	.481
2163	1.154
1586	-.127
2164	.067
1587	-.207
2165	-.055
1588	-1.305
2166	-.285
1589	1.4
2167	.187
3896	-.011
4474	-1.333
3897	.508
4475	.203
3898	.063
4476	.246
3899	-.199
4477	.286
3900	-1.122
4478	-.048
3901	-.003
4479	.614
1277	-.783
1855	-.513
1278	1.717
1856	.666
1279	.222
1857	.019
1280	-.588
1858	-.912
1281	.005
1859	.405
1282	.789
1860	-.962
3589	.932
4167	.19
3590	-.253
4168	-.327
3591	.03
4169	.331
3592	.432
4170	-.267
3593	.633
4171	.917
3594	-.625
4172	.088
1283	-.878
1861	-.386
1284	-.854
1862	-1.027
1285	-.261
1863	1.437
1286	-.287
1864	-.487
1287	-.257
1865	.414
1288	-2.29
1866	-.563
3595	-.436
4173	-1.449
3596	-.992
4174	-1.319
3597	-1.012
4175	-2.622
3598	-2.62
4176	-.547
3599	-.445
4177	.246
3600	-.03
4178	-.277
1289	.251
1867	-.113
1290	-1.629
1868	-1.238
1291	-.719
1869	-.774
1292	.617
1870	-.245
1293	1.428
1871	.576
1294	-.295
1872	-.185
3601	.254
4179	-.55
3602	.929
4180	-.242
3603	.324
4181	-.559
3604	.077
4182	.391
3605	.418
4183	1.603
3606	.512
4184	-.026
1295	-.033
1873	-.34
1296	-.491
1874	1.054
1297	-.494
1875	-.961
1298	-.392
1876	-.395
1299	.518
1877	-.321
1300	-.262
1878	-1.131
3607	-.609
4185	-.813
3608	-.5
4186	-.35
3609	-.193
4187	.316
3610	.145
4188	.449
3611	.842
4189	.16
3612	-.487
4190	.065
145	.211
723	.881
146	.552
724	.474
147	-.049
725	.022
148	.324
726	.287
149	.009
727	-.052
150	-.274
728	-.242
2457	.45
3035	.075
2458	.379
3036	.196
2459	.52
3037	1.071
2460	.977
3038	.253
2461	.272
3039	.366
2462	-.607
3040	-.43
151	-1.26
729	.697
152	-1.349
730	.475
153	.124
731	-1.371
154	-1.123
732	-.181
155	-1.182
733	-.941
156	-.55
734	.16
2463	.822
3041	.543
2464	-.459
3042	.745
2465	.18
3043	-1.509
2466	-1.689
3044	-1.612
2467	-1.316
3045	-1.358
2468	-.591
3046	-1.163
157	-.02
735	-.179
158	.693
736	-.093
159	-.139
737	2.664
160	.904
738	.263
161	-.24
739	-.241
162	-.208
740	-.509
2469	.374
3047	.22
2470	.624
3048	.425
2471	.727
3049	-.135
2472	.811
3050	.624
2473	1.211
3051	.949
2474	.014
3052	-1.675
163	-1.425
741	-.953
164	-1.048
742	-1.314
165	-2.121
743	-1.53
166	-1.856
744	-.72
167	-.207
745	-1.823
168	-1.105
746	.706
2475	.576
3053	.598
2476	1.009
3054	.285
2477	.292
3055	-.806
2478	-.262
3056	.311
2479	-1.439
3057	-1.517
2480	-.361
3058	-1.023
434	-.277
1012	-1.153
435	-.484
1013	-.593
436	1.051
1014	.132
437	-.085
1015	-.287
438	-1.297
1016	-1.227
439	-1.046
1017	-.458
2746	.431
3324	-.01
2747	.755
3325	.564
2748	-.278
3326	-1.065
2749	-.299
3327	.073
2750	.786
3328	.213
2751	.348
3329	-.202
440	-1.268
1018	-.827
441	-1.251
1019	-.152
442	-.268
1020	.503
443	.932
1021	-.233
444	.178
1022	-.239
445	-.577
1023	1.315
2752	.519
3330	.19
2753	-.099
3331	.066
2754	-.08
3332	-.389
2755	.119
3333	.225
2756	-.288
3334	-.687
2757	-.707
3335	-.333
446	.007
1024	-1.258
447	-.056
1025	-.498
448	-.634
1026	-.263
449	.483
1027	-.069
450	-1.148
1028	.377
451	.071
1029	.481
2758	.847
3336	-.258
2759	-.545
3337	-.206
2760	.743
3338	.679
2761	.016
3339	-.91
2762	.426
3340	.423
2763	.273
3341	1.247
452	-.165
1030	-.54
453	-1.016
1031	-1.456
454	.421
1032	.806
455	.592
1033	-.192
456	-.083
1034	-.158
457	.273
1035	.846
2764	-.413
3342	.231
2765	.197
3343	.147
2766	1.203
3344	.172
2767	.257
3345	.383
2768	-.462
3346	-.387
2769	.698
3347	.814
1590	-1.44
2168	-.931
1591	-.305
2169	-.063
1592	-.154
2170	-.595
1593	-.691
2171	-.44
1594	.21
2172	.19
1595	.222
2173	-1.284
3902	-.206
4480	.166
3903	.433
4481	-.536
3904	-1.261
4482	-.97
3905	-1.651
4483	-1.135
3906	-.586
4484	-1.103
3907	.404
4485	.597
1596	.467
2174	.053
1597	.486
2175	.2
1598	.807
2176	.332
1599	6.198
2177	4.066
1600	4.571
2178	6.99
1601	6.888
2179	5.977
3908	4.024
4486	3.714
3909	2.909
4487	-.249
3910	.558
4488	-.372
3911	.964
4489	-.205
3912	-.509
4490	.298
3913	.411
4491	-.034
1602	1.476
2180	.957
1603	.744
2181	.214
1604	1.565
2182	.102
1605	1.482
2183	-.171
1606	.742
2184	.042
1607	.705
2185	.45
3914	.625
4492	.017
3915	1.419
4493	1.972
3916	1.126
4494	.909
3917	1.08
4495	1.368
3918	1.295
4496	1.779
3919	.774
4497	1.035
1608	.976
2186	-.539
1609	.45
2187	.663
1610	1.825
2188	-.421
1611	-.296
2189	.262
1612	-.17
2190	-.52
1613	.524
2191	.587
3920	.092
4498	.417
3921	-.139
4499	-1.318
3922	-1.267
4500	-.124
3923	.031
4501	-.917
3924	-.945
4502	.747
3925	.417
4503	1.842
1301	2.466
1879	1.425
1302	.6
1880	1.138
1303	1.065
1881	-.478
1304	-.02
1882	-.119
1305	.329
1883	.266
1306	-.027
1884	-.072
3613	-.241
4191	-.112
3614	.797
4192	-.274
3615	.585
4193	.319
3616	.482
4194	2.035
3617	2.32
4195	.282
3618	.353
4196	.246
1307	.424
1885	-.228
1308	-.211
1886	-1.441
1309	-1.791
1887	.441
1310	.51
1888	.185
1311	-.029
1889	-.813
1312	-.087
1890	.092
3619	.637
4197	.556
3620	.957
4198	-.604
3621	-.767
4199	-.281
3622	.263
4200	.734
3623	.28
4201	-.591
3624	.425
4202	-.036
1313	-.036
1891	.365
1314	-.135
1892	-.294
1315	.117
1893	-.443
1316	.348
1894	-.238
1317	-.192
1895	-.445
1318	.481
1896	.621
3625	.867
4203	1.835
3626	-.2
4204	-1.415
3627	-1.139
4205	-.498
3628	-.927
4206	-1.666
3629	-.211
4207	-.403
3630	-1.714
4208	-.449
1319	.227
1897	1.347
1320	-.489
1898	-.344
1321	-.55
1899	-.064
1322	.155
1900	.336
1323	.546
1901	-.276
1324	-.405
1902	-.122
3631	.112
4209	-.866
3632	.468
4210	.134
3633	.206
4211	-.283
3634	-.377
4212	-.431
3635	.207
4213	-1.758
3636	.09
4214	-.588
169	.271
747	-.425
170	.595
748	-.099
171	1.087
749	2.195
172	.893
750	.214
173	-.53
751	.355
174	1.691
752	.639
2481	.12
3059	.214
2482	-.127
3060	.388
2483	.487
3061	.09
2484	.688
3062	-.175
2485	.734
3063	1.709
2486	.981
3064	.659
175	.091
753	.405
176	-.226
754	-.183
177	.899
755	.848
178	-.411
756	-.39
179	-1.882
757	-.441
180	.133
758	.766
2487	1.179
3065	.412
2488	.819
3066	.855
2489	.393
3067	.009
2490	.354
3068	-.447
2491	-.292
3069	-.804
2492	-1.209
3070	-1.125
181	-1.565
759	.345
182	-.836
760	-.321
183	.106
761	.478
184	.885
762	1.195
185	1.065
763	-.53
186	-.614
764	.332
2493	.931
3071	-.439
2494	.059
3072	-.502
2495	.121
3073	-.481
2496	.555
3074	-.503
2497	-1.004
3075	-.533
2498	.284
3076	-.593
187	-.598
765	-.684
188	-.1
766	1.006
189	.691
767	-.172
190	-.089
768	.191
191	.62
769	-.478
192	-.358
770	-.333
2499	.012
3077	.55
2500	-.119
3078	.263
2501	2.442
3079	.08
2502	.075
3080	2.367
2503	.661
3081	-.232
2504	-.165
3082	.73
458	.123
1036	.108
459	.048
1037	.969
460	-.39
1038	-1.415
461	-1.447
1039	-.663
462	.518
1040	-.483
463	-.186
1041	-.727
2770	.376
3348	-.308
2771	-.172
3349	.137
2772	.071
3350	-.182
2773	.071
3351	.237
2774	.684
3352	.111
2775	.38
3353	-.053
464	-.174
1042	-.081
465	-.163
1043	.035
466	.367
1044	.425
467	-.057
1045	-1.575
468	-1.22
1046	-1.499
469	-1.364
1047	-.909
2776	-1.436
3354	-1.914
2777	-.623
3355	.904
2778	1.57
3356	.376
2779	1.023
3357	1.267
2780	.017
3358	2.159
2781	-.716
3359	-.367
470	-.232
1048	-.439
471	-.228
1049	-.678
472	-.022
1050	-.352
473	.722
1051	-.418
474	.581
1052	.474
475	.327
1053	-.444
2782	-.512
3360	-1.103
2783	.31
3361	-.043
2784	.111
3362	-.287
2785	1.2
3363	.544
2786	.137
3364	.092
2787	-.96
3365	-.938
476	-.922
1054	-.55
477	-.83
1055	-.497
478	-.458
1056	-.225
479	.26
1057	-.503
480	.514
1058	.751
481	.78
1059	.292
2788	.144
3366	.526
2789	.222
3367	-.413
2790	.162
3368	.597
2791	.906
3369	.291
2792	.943
3370	1.355
2793	1.265
3371	.044
1614	-.623
2192	-.065
1615	-.101
2193	.209
1616	-.773
2194	-.12
1617	.163
2195	-.558
1618	-.621
2196	-3.237
1619	-1.943
2197	-1.945
3926	-1.554
4504	-.358
3927	.748
4505	-.82
3928	-.144
4506	-.729
3929	-.853
4507	-.808
3930	.066
4508	.078
3931	.149
4509	-.58
1620	-1.644
2198	-1.494
1621	-.329
2199	-.294
1622	-1.223
2200	.35
1623	.945
2201	.375
1624	.099
2202	.755
1625	-.677
2203	-.066
3932	.713
4510	-1.431
3933	.319
4511	1.591
3934	1.284
4512	1.476
3935	.241
4513	-.643
3936	
4514	2.37
3937	-.183
4515	-.571
1626	.089
2204	-.39
1627	-.251
2205	-.829
1628	-.805
2206	-1.905
1629	-2.066
2207	-1.891
1630	-.169
2208	.132
1631	.44
2209	1.45
3938	-.031
4516	-.878
3939	-.882
4517	-.753
3940	-.459
4518	-1.339
3941	-.869
4519	-.52
3942	-.564
4520	.109
3943	1.323
4521	1.681
1632	.367
2210	-.2
1633	-.201
2211	1.169
1634	1.452
2212	.762
1635	.353
2213	.463
1636	.176
2214	-.912
1637	-.425
2215	.818
3944	1.023
4522	.959
3945	-.234
4523	.549
3946	.839
4524	.1
3947	.219
4525	-.054
3948	.698
4526	.119
3949	.227
4527	.53
1325	-.616
1903	-.009
1326	.827
1904	.105
1327	-.398
1905	-.029
1328	.749
1906	-.871
1329	-.384
1907	-.788
1330	.557
1908	1.637
3637	.745
4215	-.965
3638	.439
4216	.812
3639	.575
4217	-.255
3640	.531
4218	.432
3641	.43
4219	-.615
3642	-.617
4220	.077
1331	-1.564
1909	-.189
1332	-.087
1910	-.492
1333	-.278
1911	-.301
1334	-.755
1912	1.731
1335	3.413
1913	-.989
1336	-.188
1914	.819
3643	.94
4221	1.002
3644	1.069
4222	1.05
3645	.135
4223	-.36
3646	.096
4224	.317
3647	.468
4225	-.265
3648	-1.538
4226	-.977
1337	-1.135
1915	.901
1338	-.59
1916	-1.378
1339	-.135
1917	.083
1340	.277
1918	.201
1341	0
1919	-.322
1342	.218
1920	.055
3649	.066
4227	-.607
3650	-.305
4228	-.479
3651	-1.443
4229	-1.857
3652	-1.978
4230	-1.206
3653	-1.392
4231	-.851
3654	-1.566
4232	-1.408
1343	-1.22
1921	-.776
1344	.844
1922	-.788
1345	-.091
1923	-.146
1346	-.735
1924	-.107
1347	.724
1925	1.661
1348	2.458
1926	1.082
3655	-.197
4233	-.68
3656	-.991
4234	.084
3657	.306
4235	-.175
3658	-.349
4236	-.123
3659	.096
4237	.319
3660	.312
4238	-.146
193	2.094
771	-.352
194	.087
772	-.35
195	-.422
773	-.573
196	1.499
774	1.154
197	.954
775	.542
198	-.48
776	-.79
2505	.912
3083	.962
2506	.559
3084	.242
2507	.865
3085	-.581
2508	-.394
3086	.149
2509	-.476
3087	-1.115
2510	-.048
3088	-2.028
199	.525
777	.691
200	.004
778	-1.155
201	.809
779	.581
202	-.188
780	.352
203	.693
781	.284
204	-.601
782	1.493
2511	-.01
3089	-.048
2512	.139
3090	-.036
2513	.63
3091	.45
2514	-.086
3092	-1.025
2515	-.866
3093	-1.303
2516	-1.226
3094	-1.331
205	-.898
783	-1.142
206	.613
784	.32
207	.369
785	2.001
208	5.613
786	2.188
209	2.433
787	6.951
210	6.128
788	2.127
2517	2.94
3095	3.943
2518	1.009
3096	-.393
2519	-.069
3097	.888
2520	.942
3098	-.186
2521	.815
3099	.057
2522	.113
3100	-1.228
211	-.997
789	-1.52
212	-1.905
790	-2.814
213	-2.797
791	-2.011
214	-1.876
792	-1.753
215	-1.834
793	-2.232
216	-1.794
794	-2.205
2523	-2.117
3101	-.539
2524	-.308
3102	.486
2525	.848
3103	.357
2526	2.035
3104	.304
2527	.45
3105	.197
2528	1.294
3106	.107
482	-.382
1060	-.058
483	.358
1061	-.765
484	.801
1062	.45
485	.263
1063	.687
486	1.012
1064	.81
487	.219
1065	.476
2794	.45
3372	.459
2795	.772
3373	-.172
2796	.713
3374	-.207
2797	.731
3375	1.078
2798	1.281
3376	-.252
2799	.105
3377	.752
488	-.137
1066	-.391
489	1.012
1067	.137
490	.055
1068	-.778
491	.035
1069	-.249
492	-.335
1070	-.324
493	1.097
1071	1.145
2800	.143
3378	-.382
2801	-.802
3379	-.404
2802	-1.595
3380	-.219
2803	.146
3381	-.095
2804	-.673
3382	.054
2805	-1.157
3383	-.151
494	.6
1072	-.801
495	-1.267
1073	-.469
496	.095
1074	-.034
497	1.07
1075	-1.617
498	.01
1076	-.528
499	.11
1077	-.945
2806	-1.606
3384	.618
2807	-.617
3385	-.686
2808	-.283
3386	-.107
2809	.236
3387	-.688
2810	.59
3388	.395
2811	-.236
3389	-.353
500	-.202
1078	.206
501	.686
1079	-1.069
502	-.269
1080	-1.949
503	-.53
1081	-.833
504	.544
1082	1.017
505	.972
1083	2.053
2812	.376
3390	-.441
2813	-1.33
3391	-.836
2814	-.558
3392	-2.41
2815	-.569
3393	-2.167
2816	-.017
3394	-.811
2817	-.057
3395	-.38
1638	-1.256
2216	-.84
1639	-.853
2217	-.358
1640	-.695
2218	-.55
1641	.904
2219	.173
1642	-.253
2220	.45
1643	2.282
2221	-.167
3950	-.063
4528	-.64
3951	-.924
4529	-.002
3952	-.371
4530	-.523
3953	.201
4531	.642
3954	-.042
4532	.37
3955	.45
4533	.045
1644	.43
2222	.181
1645	.139
2223	-.005
1646	.185
2224	-.026
1647	.585
2225	-.487
1648	.269
2226	.057
1649	-.031
2227	1.069
3956	1.422
4534	.602
3957	.408
4535	.211
3958	-.631
4536	-.309
3959	-.287
4537	.45
3960	.973
4538	1.128
3961	.328
4539	-.13
1650	.045
2228	-.992
1651	.369
2229	.198
1652	-.581
2230	-2.414
1653	.681
2231	-.319
1654	-.016
2232	-.792
1655	.424
2233	.701
3962	.068
4540	-.211
3963	-.228
4541	.527
3964	.625
4542	.379
3965	.537
4543	.324
3966	.563
4544	.633
3967	-.213
4545	-.491
1656	.064
2234	.12
1657	.077
2235	.201
1658	1.98
2236	-.598
1659	.283
2237	-.093
1660	-.279
2238	-.687
1661	-.603
2239	.094
3968	.968
4546	-.213
3969	.935
4547	.98
3970	1.035
4548	-.596
3971	.89
4549	.649
3972	.964
4550	.45
3973	-1.254
4551	-1.582
1349	.022
1927	.114
1350	-.295
1928	.179
1351	4.48
1929	4.069
1352	.282
1930	-.632
1353	.562
1931	-1.429
1354	-.166
1932	-.51
3661	-.684
4239	-.029
3662	1.357
4240	-1.025
3663	-1.905
4241	-2.049
3664	.02
4242	.02
3665	-.477
4243	-.11
3666	2.371
4244	1.865
1355	2.691
1933	2.814
1356	-.822
1934	-.159
1357	-.525
1935	-.048
1358	.387
1936	-.459
1359	.024
1937	-.358
1360	-.506
1938	-.605
3667	-.233
4245	-.393
3668	.04
4246	.109
3669	-.101
4247	-.609
3670	.018
4248	-1.036
3671	.369
4249	-2.263
3672	-1.18
4250	-.655
1361	-.398
1939	-.151
1362	.312
1940	-.362
1363	-.152
1941	-2.122
1364	-1.054
1942	-1.583
1365	-1.376
1943	-.494
1366	.365
1944	.227
3673	.043
4251	.66
3674	.367
4252	.231
3675	-.158
4253	-1.9
3676	-.197
4254	-.729
3677	.918
4255	1.805
3678	.45
4256	.047
1367	.719
1945	.52
1368	.707
1946	2.309
1369	-.335
1947	-.719
1370	.397
1948	.41
1371	.376
1949	-.072
1372	.686
1950	1.227
3679	.552
4257	-.266
3680	.45
4258	.553
3681	-1.736
4259	-1.366
3682	.017
4260	.145
3683	-.101
4261	.317
3684	.412
4262	.778
217	-1.166
795	-1.475
218	-1.076
796	-1.104
219	-.886
797	-.791
220	-.335
798	-1.247
221	-1.029
799	-.077
222	.337
800	.187
2529	.087
3107	.695
2530	-.307
3108	-.638
2531	-.432
3109	-.116
2532	.674
3110	-1.242
2533	-2.365
3111	-1.225
2534	-.994
3112	-.155
223	-.872
801	-.538
224	-.422
802	-.917
225	-.311
803	-1.035
226	-3.222
804	-.443
227	-.434
805	-.96
228	-.046
806	-.979
2535	-.764
3113	-1.436
2536	-.623
3114	-1.405
2537	-.76
3115	-.97
2538	-.839
3116	-1.022
2539	-.013
3117	.962
2540	.296
3118	1.225
229	.687
807	.005
230	.668
808	-.299
231	-.39
809	-.706
232	-.341
810	.121
233	.486
811	-.043
234	2.24
812	.501
2541	.301
3119	-.07
2542	.598
3120	.616
2543	.355
3121	.211
2544	.45
3122	.476
2545	.608
3123	1.022
2546	1.286
3124	-.638
235	1.302
813	1.45
236	2.015
814	1.352
237	.88
815	2.12
238	2.432
816	1.724
239	2.428
817	1.064
240	.793
818	-.087
2547	.209
3125	.37
2548	.531
3126	.751
2549	1.543
3127	2.436
2550	.336
3128	.565
2551	.973
3129	.789
2552	.656
3130	.37
506	-.06
1084	-.349
507	-.572
1085	-.073
508	.64
1086	-.144
509	.195
1087	.602
510	.117
1088	.054
511	-.125
1089	-.708
2818	-.01
3396	-.074
2819	.482
3397	.227
2820	1.997
3398	1.226
2821	1.136
3399	.329
2822	.986
3400	1.236
2823	.241
3401	.142
512	-.115
1090	-.243
513	-1.289
1091	.02
514	1.866
1092	.858
515	-.084
1093	-.39
516	-.59
1094	-.49
517	-2.173
1095	-.976
2824	-.118
3402	-.166
2825	.106
3403	.212
2826	-.151
3404	-.47
2827	.189
3405	.141
2828	-.687
3406	-.968
2829	.893
3407	-.251
518	.047
1096	-.059
519	1.389
1097	-.661
520	-.77
1098	-.712
521	-.187
1099	-.387
522	.035
1100	.659
523	-.623
1101	-1.466
2830	-1.241
3408	-1.108
2831	-1.057
3409	-.946
2832	1.639
3410	-.623
2833	-1.156
3411	-2.033
2834	1.002
3412	-.27
2835	-.965
3413	-.354
524	.143
1102	-.052
525	1.129
1103	-.06
526	-.24
1104	-.309
527	-.753
1105	-.71
528	-.509
1106	-.691
529	-.452
1107	.973
2836	1.054
3414	-.128
2837	1.142
3415	.019
2838	1.672
3416	1.023
2839	.651
3417	.035
2840	-.012
3418	-.36
2841	-.226
3419	-1.64
1662	2.577
2240	3.444
1663	-.268
2241	-.625
1664	.133
2242	-.127
1665	.422
2243	.273
1666	-.26
2244	-.117
1667	.009
2245	-.577
3974	-.238
4552	-.036
3975	-.268
4553	-.055
3976	-.176
4554	-.5
3977	-1.758
4555	-.071
3978	-.089
4556	.803
3979	-.51
4557	.494
1668	.836
2246	.019
1669	.717
2247	-.249
1670	-.185
2248	-.919
1671	-.614
2249	.189
1672	.821
2250	-.821
1673	.276
2251	-.046
3980	-.273
4558	-.433
3981	-1.063
4559	.124
3982	.42
4560	-.065
3983	-.377
4561	-1.55
3984	.02
4562	-.61
3985	-1.616
4563	-1.42
1674	-1.038
2252	-1.713
1675	-.838
2253	-.364
1676	.45
2254	-.483
1677	-1.411
2255	-1.553
1678	-.135
2256	.73
1679	-.244
2257	-1.699
3986	-1.043
4564	-1.358
3987	-1.791
4565	-1.953
3988	.233
4566	-2.59
3989	-1.008
4567	-.729
3990	-.458
4568	-.203
3991	.141
4569	.48
1680	.411
2258	-.561
1681	-.064
2259	-.447
1682	-.389
2260	-1.533
1683	-1.657
2261	-1.953
1684	-1.661
2262	-1.152
1685	-.029
2263	-.799
3992	.786
4570	1.298
3993	.594
4571	1.369
3994	2.453
4572	-.287
3995	-.376
4573	.006
3996	.525
4574	.443
3997	.982
4575	.57
1373	.45
1951	.548
1374	1.33
1952	.31
1375	.44
1953	.477
1376	.343
1954	.721
1377	.294
1955	1.087
1378	1.772
1956	1.364
3685	.554
4263	.362
3686	1.076
4264	-.135
3687	.174
4265	.607
3688	-.086
4266	.425
3689	-.76
4267	-.211
3690	-.453
4268	-.401
1379	.683
1957	1.388
1380	-.118
1958	-.048
1381	.315
1959	-.635
1382	-.028
1960	.01
1383	1.304
1961	-.118
1384	-.317
1962	-.216
3691	.015
4269	-.662
3692	.087
4270	-.13
3693	-.959
4271	-.867
3694	-.846
4272	-1.393
3695	-.978
4273	-.062
3696	1.071
4274	-.321
1385	-.095
1963	.098
1386	.535
1964	-.238
1387	.717
1965	-.692
1388	-1.745
1966	-.557
1389	-.55
1967	-1.637
1390	-.056
1968	.243
3697	.406
4275	.704
3698	-.48
4276	-.328
3699	-1.4
4277	.153
3700	-.386
4278	-.053
3701	-2.303
4279	-.987
3702	.458
4280	.442
1391	.571
1969	.136
1392	.846
1970	.718
1393	-.913
1971	-.973
1394	.61
1972	-.421
1395	-.486
1973	-.319
1396	-.398
1974	.162
3703	-.46
4281	-.819
3704	.197
4282	.504
3705	.237
4283	.272
3706	.799
4284	1.086
3707	.994
4285	.71
3708	2.609
4286	1.337
241	2.491
819	1.037
242	.653
820	1.283
243	.611
821	-.701
244	.066
822	1.465
245	-1.36
823	-1.135
246	-.593
824	-.202
2553	.499
3131	1.358
2554	1.806
3132	.804
2555	.76
3133	-.881
2556	-.45
3134	.179
2557	-.036
3135	2.766
2558	.262
3136	-.226
247	.637
825	.148
248	1.138
826	-.345
249	-.006
827	-.324
250	-.03
828	.439
251	.932
829	-.75
252	-.408
830	-.726
2559	-.446
3137	.461
2560	-.015
3138	-.791
2561	-.633
3139	-.558
2562	-.143
3140	-.495
2563	-.773
3141	-.639
2564	-1.225
3142	-1.66
253	-.763
831	-1.139
254	-1.034
832	-.244
255	-.254
833	-.11
256	-.135
834	.248
257	.217
835	-.087
258	-.417
836	-.913
2565	.488
3143	1.399
2566	1.559
3144	-.228
2567	-.328
3145	-.387
2568	.656
3146	-.099
2569	-.519
3147	-.717
2570	.575
3148	.002
259	.336
837	-.746
260	-.258
838	.811
261	1.369
839	-.134
262	.515
840	-1.073
263	-.908
841	-.64
264	-.157
842	-.222
