1	
2	2.20916
3	
4	1.15741
5	4.57477
6	29.3136
7	
8	
9	
10	3.41811
11	
12	
13	1
14	2.31145
15	8.988
16	1.11814
17	
18	3.068
19	1.13974
20	
21	1.26874
22	
23	1.06164
24	
25	2.12447
26	
27	2.78408
28	6.24759
29	
30	
31	1.74739
32	
33	
34	
35	2.14771
36	
37	
38	
39	
40	1.55391
41	1.42494
42	
43	
44	
45	
46	
47	1.74581
48	
49	
50	1.75991
51	1.54392
52	1.12599
53	8.43975
54	1.3055
55	
56	2.4158
57	
58	
59	2.65259
60	
61	1.40318
62	1.7939
63	
64	1.14338
65	34.8962
66	
67	
68	
69	
70	5.7394
71	
72	
73	1.38089
74	1.36538
75	2.5681
76	14.451
77	4.88108
78	1.95843
79	2.04968
80	1.97014
81	
82	2.56312
83	
84	
85	34.612
86	23.1141
87	41.4414
88	81.804
89	64.9879
90	
91	
92	
93	1.42218
94	
95	
96	1.75528
97	
98	
99	
100	1.0927
101	4.01083
102	8.22605
103	
104	
105	
106	1.28263
107	
108	1.7593
109	2.72565
110	
111	
112	10.1239
113	6.3037
114	3.34847
115	
116	1.0196
117	
118	
119	1.04261
120	
121	1.09802
122	6.84097
123	1.63524
124	
125	
126	
127	
128	
129	1.75115
130	3.13464
131	1.34938
132	
133	1.19931
134	
135	
136	1.85922
137	2.26923
138	
139	4.90992
140	4.91707
141	6.14026
142	
143	
144	1.70716
145	3.05781
146	
147	1.21285
148	
149	2.97296
150	2.33626
151	
152	
153	1.83375
154	
155	2.9775
156	
157	
158	
159	
160	1.95179
161	
162	3.10652
163	
164	
165	11.5482
166	
167	10.5817
168	
169	
170	1.39407
171	1.60503
172	1.3521
173	
174	7.54489
175	
176	
177	13.7733
178	
179	
180	
181	
182	
183	
184	
185	
186	
187	
188	
189	
190	
191	
192	
193	
194	2.34648
195	3.08421
196	1.96864
197	
198	1.65473
199	
200	1.45549
201	4.07048
202	
203	
204	
205	
206	3.27615
207	
208	
209	1.10573
210	1.8269
211	20.8215
212	1.01924
213	
214	
215	1.41255
216	
217	
218	
219	
220	
221	1.29855
222	1.20706
223	
224	1.65107
225	1.39697
226	
227	
228	
229	
230	
231	
232	
233	
234	
235	1.40678
236	5.12624
237	1.12412
238	
239	
240	
241	
242	
243	
244	
245	
246	2.39164
247	
248	1.21352
249	
250	1.87931
251	
252	3.23642
253	
254	6.86424
255	
256	
257	1.33709
258	1.27597
259	
260	
261	
262	
263	
264	
265	
266	
267	1.38348
268	
269	
270	6.82959
271	2.12579
272	1.03075
273	
274	2.30521
275	
276	
277	3.61301
278	
279	
280	
281	1.34583
282	3.1277
283	
284	2.19679
285	
286	
287	
288	
289	
290	1.05249
291	
292	
293	
294	
295	
296	
297	
298	1.02456
299	1.56971
300	
301	1.69878
302	
303	
304	105.369
305	
306	
307	
308	
309	
310	
311	
312	
313	9.86077
314	2.33011
315	2.28802
316	1.46571
317	1.57691
318	
319	
320	
321	1.63354
322	33.389
323	3.16017
324	55.7848
325	
326	
327	
328	
329	
330	
331	
332	
333	
334	
335	
336	
337	
338	
339	
340	
341	
342	
343	
344	
345	
346	
347	
348	
349	
350	
351	
352	
353	
354	
355	
356	
357	
358	
359	
360	
361	
362	
363	
364	
365	2.61335
366	34.1899
367	1.55822
368	1.71677
369	
370	
371	
372	
373	1.54071
374	4.02503
375	1.50984
376	
377	
378	
379	2.30282
380	1.59549
381	
382	
383	36.3706
384	
385	2.40777
386	
387	1.09962
388	
389	
390	2.1492
391	2.50429
392	
393	
394	2.00097
395	1.76957
396	
397	
398	
399	
400	1.09217
401	1.35707
402	1.66382
403	1.73628
404	
405	2.92878
406	1.43366
407	
408	
409	1.7262
410	
411	2.44172
412	3.04006
413	10.0165
414	1.12623
415	1.25666
416	1.81139
417	1.65657
418	
419	7.39679
420	1.48648
421	1.3492
422	2.72792
423	2.02651
424	
425	3.55045
426	
427	1.84548
428	7.92329
429	
430	3.24159
431	1.42701
432	7.97343
433	
434	1.19524
435	2.34551
436	1.26646
437	
438	
439	1.2844
440	13.1119
441	1.92893
442	2.17498
443	1.27969
444	1.22629
445	1.6956
446	1.83706
447	2.08248
448	6.93887
449	3.2841
450	
451	8.07801
452	
453	1.28744
454	1.9062
455	
456	5.69304
457	
458	1.51467
459	1.2314
460	1.36254
461	1.42287
462	
463	
464	
465	
466	1.09187
467	
468	
469	
470	1.11837
471	4.16813
472	20.5847
473	18.5455
474	
475	
476	2.71471
477	
478	
479	1.23157
480	
481	2.13199
482	
483	
484	
485	
486	1.23782
487	
488	2.00736
489	1.03161
490	
491	1.47366
492	3.38041
493	1.19094
494	1.36566
495	1.3616
496	
497	
498	6.08434
499	6.71599
500	1.70752
501	2.5003
502	
503	9.86761
504	1.13061
505	
506	2.1114
507	
508	
509	
510	1.63173
511	
512	
513	1.08576
514	
515	
516	
517	2.11374
518	
519	
520	24.0656
521	
522	1.60036
523	
524	
525	
526	1.45448
527	2.19847
528	
529	
530	
531	
532	
533	
534	
535	
536	
537	
538	2.11096
539	
540	1.87918
541	18.3448
542	
543	15.4207
544	2.90573
545	
546	
547	3.90115
548	
549	
550	
551	
552	2.18147
553	
554	
555	1.13658
556	1.88766
557	1.57233
558	
559	
560	
561	
562	4.62259
563	
564	
565	
566	25.8986
567	
568	1.04268
569	1.45035
570	57.2856
571	
572	5.24666
573	
574	
575	3.66598
576	
577	
578	
579	2.30665
580	
581	
582	2.57255
583	
584	
585	
586	14.5859
587	2.22237
588	
589	
590	1.36368
591	
592	
593	
594	
595	
596	
597	
598	
599	
600	
601	1.91919
602	
603	
604	
605	
606	
607	
608	3.1488
609	2.06122
610	
611	3.61927
612	
613	1.2404
614	
615	
616	
617	
618	
619	
620	
621	
622	2.66956
623	
624	
625	1.04986
626	
627	2.44765
628	
629	
630	2.06852
631	
632	
633	
634	
635	
636	
637	
638	
639	
640	
641	
642	
643	1.53028
644	
645	1.45448
646	
647	1.66417
648	
649	5.87301
650	
651	
652	
653	1.895
654	
655	2.08046
656	1.37088
657	1
658	
659	
660	
661	
662	
663	
664	
665	
666	2.62388
667	
668	
669	
670	
671	
672	
673	2.29294
674	3.77663
675	2.06322
676	
677	1.75528
678	
679	
680	
681	
682	
683	
684	1.00842
685	
686	
687	
688	
689	
690	
691	
692	
693	
694	
695	
696	
697	
698	
699	
700	
701	
702	
703	
704	
705	
706	
707	
708	
709	
710	
711	
712	
713	
714	
715	
716	
717	
718	
719	
720	
721	9.01046
722	
723	
724	1.04384
725	
726	
727	1.31969
728	2.51333
729	9.09138
730	
731	2.51961
732	
733	2.06051
734	
735	
736	
737	
738	
739	
740	
741	
742	8.79144
743	2.21115
744	
745	1.05095
746	
747	
748	
749	3.02807
750	
751	
752	6.52872
753	1.57527
754	
755	11.8614
756	7.23253
757	
758	1.1814
759	2.03313
760	
761	
762	
763	1.06526
764	1.44784
765	2.97234
766	3.69148
767	
768	
769	26.6082
770	
771	
772	4.37717
773	
774	
775	1.7944
776	
777	
778	4.59511
779	
780	
781	16.6413
782	
783	2.16475
784	
785	
786	
787	1.18296
788	
789	
790	1.26146
791	2.05908
792	3.72412
793	
794	14.9752
795	1.99101
796	
797	
798	6.09447
799	
800	
801	1.65107
802	
803	9.58714
804	17.1805
805	8.90552
806	1.63853
807	
808	1.79651
809	2.96802
810	1.2676
811	
812	1.46236
813	1.69009
814	4.13618
815	1.46185
816	1.81139
817	
818	7.96238
819	
820	
821	1.42632
822	2.87269
823	
824	
825	93.7275
826	
827	6.09067
828	1.03218
829	1.22103
830	1.38819
831	6.95427
832	
833	
834	4.73676
835	
836	
837	1.60937
838	
839	7.20051
840	1.55617
841	3.70224
842	
843	
844	
845	
846	
847	
848	9.61642
849	
850	2.06881
851	7.7061
852	2.67994
853	1.41952
854	
855	
856	
857	
858	1.11119
859	
860	1.00312
861	
862	
863	1.15805
864	3.56401
865	2.37314
866	
867	
868	2.97378
869	
870	
871	
872	
873	1.7632
874	1.28023
875	2.30569
876	1.16288
877	
878	3.79053
879	
880	
881	2.54365
882	14.7915
883	2.57326
884	2.25012
885	
886	
887	2.40044
888	
889	
890	
891	1.16054
892	
893	
894	10.7488
895	
896	
897	
898	
899	1.11404
900	2.78717
901	1.23337
902	3.02157
903	
904	
905	
906	
907	
908	
909	
910	
911	
912	8.18907
913	1.31658
914	
915	6.15219
916	
917	
918	14.9254
919	
920	1.59549
921	
922	1.4285
923	
924	2.20045
925	2.86037
926	2.27553
927	9.08446
928	
929	
930	
931	1.48751
932	
933	
934	1.30134
935	1.46358
936	
937	
938	
939	4.27908
940	4.41007
941	
942	6.23764
943	
944	15.9657
945	
946	2.73587
947	
948	4.74892
949	
950	
951	
952	
953	37.923
954	45.0015
955	2.14399
956	2.44189
957	
958	
959	
960	
961	
962	
963	
964	3.07929
965	
966	
967	161.804
968	
969	
970	
971	
972	7.15623
973	
974	
975	
976	
977	
978	
979	
980	
981	1.12498
982	
983	1.57276
984	
985	
986	1.77571
987	
988	1.43495
989	2.51961
990	5.16511
991	1.60436
992	
993	
994	2.95427
995	18.6228
996	10.7525
997	
998	
999	1.27934
1000	
1001	
1002	
1003	2.6148
1004	
1005	
1006	
1007	2.09812
1008	
1009	14.7547
1010	
1011	3.55488
1012	
1013	1.61507
1014	2.93549
1015	
1016	
1017	2.04585
1018	
1019	13.7571
1020	
1021	
1022	
1023	
1024	
1025	1.96237
1026	
1027	
1028	
1029	
1030	
1031	
1032	
1033	
1034	5.76332
1035	4.36717
1036	53.3901
1037	
1038	
1039	
1040	
1041	
1042	
1043	
1044	
1045	
1046	
1047	
1048	
1049	1.06703
1050	
1051	
1052	
1053	
1054	
1055	
1056	
1057	
1058	
1059	
1060	
1061	
1062	
1063	
1064	
1065	
1066	
1067	
1068	
1069	
1070	
1071	
1072	
1073	
1074	
1075	
1076	
1077	
1078	
1079	
1080	
1081	1.35736
1082	7.42144
1083	6.71646
1084	13.1119
1085	
1086	1.34667
1087	1.9363
1088	3.46247
1089	1.58436
1090	2.67345
1091	
1092	
1093	
1094	3.06694
1095	
1096	7.05575
1097	1.1029
1098	
1099	
1100	
1101	
1102	1.06467
1103	100.302
1104	
1105	
1106	
1107	9.35281
1108	1.20723
1109	3.60475
1110	2.64653
1111	1.21092
1112	
1113	4.60181
1114	
1115	3.10114
1116	
1117	7.50525
1118	1.29083
1119	5.17802
1120	
1121	1.03426
1122	
1123	3.174
1124	1.00891
1125	
1126	1.42001
1127	
1128	
1129	
1130	
1131	
1132	
1133	
1134	18.7719
1135	2.35888
1136	
1137	2.44799
1138	2.98866
1139	4.00139
1140	
1141	1.32611
1142	
1143	2.61154
1144	
1145	
1146	
1147	
1148	1.71321
1149	3.66776
1150	
1151	
1152	9.09138
1153	
1154	2.22499
1155	
1156	1.50473
1157	2.12992
1158	
1159	17.1068
1160	
1161	
1162	
1163	2.20733
1164	5.29856
1165	
1166	5.42755
1167	15.7611
1168	2.01489
1169	2.25137
1170	10.7719
1171	
1172	
1173	
1174	
1175	3.53767
1176	
1177	
1178	
1179	1.18814
1180	
1181	
1182	1.27996
1183	1.53188
1184	3.88739
1185	7.13592
1186	1.19706
1187	2.94547
1188	4.41833
1189	1.07073
1190	
1191	
1192	
1193	
1194	1.51866
1195	1.03025
1196	
1197	
1198	
1199	2.25168
1200	1.70421
1201	10.3295
1202	
1203	
1204	
1205	
1206	1.94329
1207	
1208	1.80125
1209	
1210	
1211	
1212	
1213	
1214	
1215	
1216	5.52012
1217	2.08493
1218	6.86139
1219	1.17389
1220	2.10337
1221	3.0646
1222	
1223	1.84446
1224	6.16286
1225	1.27218
1226	12.7967
1227	
1228	1
1229	5.27547
1230	18.9852
1231	
1232	3.38417
1233	
1234	3.65127
1235	4.90754
1236	1.38003
1237	
1238	
1239	
1240	1.98082
1241	1.57713
1242	
1243	1.71202
1244	
1245	
1246	
1247	
1248	
1249	3.80923
1250	1.40435
1251	
1252	
1253	
1254	
1255	
1256	1.79602
1257	1.02066
1258	24.7267
1259	
1260	
1261	
1262	
1263	
1264	6.86614
1265	
1266	
1267	1.69784
1268	2.99156
1269	3.82431
1270	1.1674
1271	17.2988
1272	1.12943
1273	
1274	
1275	1.32556
1276	
1277	1.24894
1278	
1279	7.215
1280	4.03565
1281	4.33761
1282	4.34995
1283	3.48413
1284	
1285	2.3395
1286	
1287	
1288	
1289	
1290	
1291	1.34639
1292	1.91627
1293	8.47375
1294	8.32009
1295	
1296	
1297	1.13336
1298	
1299	
1300	46.0618
1301	1.94369
1302	2.65112
1303	
1304	
1305	
1306	
1307	
1308	1.15733
1309	
1310	1.26392
1311	
1312	
1313	
1314	
1315	
1316	
1317	
1318	
1319	6.91486
1320	
1321	
1322	
1323	
1324	
1325	3.90223
1326	
1327	
1328	
1329	
1330	
1331	2.83726
1332	
1333	
1334	2.44189
1335	
1336	
1337	1.43326
1338	
1339	
1340	
1341	
1342	
1343	
1344	2.60449
1345	
1346	
1347	
1348	
1349	4.0228
1350	
1351	1.64126
1352	1.32767
1353	
1354	
1355	3.31613
1356	
1357	1.85446
1358	1.84805
1359	
1360	5.91796
1361	1.02193
1362	
1363	
1364	
1365	1.39136
1366	
1367	
1368	5.80059
1369	
1370	2.56045
1371	
1372	
1373	
1374	
1375	
1376	
1377	1.6106
1378	
1379	2.2304
1380	1.43217
1381	
1382	12.8189
1383	
1384	2.18298
1385	
1386	1.86878
1387	
1388	
1389	
1390	
1391	
1392	
1393	
1394	2.42402
1395	
1396	
1397	
1398	1.9587
1399	
1400	3.91904
1401	
1402	
1403	
1404	
1405	
1406	
1407	
1408	
1409	
1410	
1411	
1412	
1413	
1414	
1415	
1416	
1417	
1418	
1419	
1420	
1421	
1422	
1423	
1424	
1425	
1426	
1427	
1428	
1429	
1430	
1431	
1432	
1433	
1434	
1435	
1436	
1437	
1438	
1439	
1440	
1441	14.0315
1442	
1443	
1444	
1445	
1446	2.75051
1447	
1448	
1449	
1450	
1451	
1452	
1453	2.04217
1454	72.8168
1455	9.14384
1456	1.86671
1457	1.03369
1458	1.37898
1459	1.45115
1460	1.12148
1461	
1462	1.05074
1463	1.17593
1464	1.89067
1465	
1466	
1467	17.6109
1468	1.21706
1469	1.48134
1470	
1471	
1472	1.07975
1473	
1474	
1475	1.0242
1476	
1477	1.24833
1478	2.12904
1479	
1480	2.19314
1481	
1482	1.7526
1483	
1484	
1485	
1486	1.44764
1487	
1488	1.2902
1489	
1490	
1491	
1492	1.8045
1493	22.5085
1494	
1495	2.58686
1496	1.0984
1497	
1498	11.5075
1499	
1500	1.18304
1501	1.99115
1502	
1503	
1504	11.4438
1505	1.90435
1506	
1507	1.25536
1508	
1509	
1510	
1511	
1512	
1513	2.17784
1514	
1515	
1516	8.52796
1517	11.5899
1518	3.07226
1519	1.24479
1520	
1521	
1522	
1523	
1524	1.46348
1525	26.695
1526	17.6293
1527	120.217
1528	37.7708
1529	57.6401
1530	5.6545
1531	
1532	
1533	
1534	3.66497
1535	
1536	
1537	
1538	2.805
1539	1.22179
1540	1.60681
1541	
1542	
1543	
1544	
1545	
1546	
1547	2.54189
1548	
1549	4.93107
1550	
1551	
1552	
1553	21.1825
1554	
1555	
1556	
1557	1.90541
1558	
1559	1.43983
1560	
1561	
1562	11.2169
1563	2.91905
1564	
1565	
1566	
1567	1.13682
1568	
1569	3.45336
1570	
1571	1.57975
1572	
1573	
1574	
1575	
1576	3.37316
1577	1.01171
1578	1.13469
1579	2.3743
1580	3.82962
1581	
1582	5.20717
1583	3.06694
1584	3.50521
1585	1.18698
1586	3.5566
1587	
1588	4.27908
1589	
1590	1.49123
1591	
1592	
1593	
1594	
1595	
1596	
1597	1.02059
1598	1.2498
1599	21.8218
1600	2.13554
1601	
1602	
1603	
1604	
1605	17.8803
1606	3.10501
1607	57.5084
1608	1.02747
1609	
1610	4.21607
1611	
1612	2.49874
1613	
1614	19.4662
1615	
1616	
1617	
1618	1.91494
1619	
1620	
1621	
1622	
1623	
1624	
1625	3.03459
1626	8.75374
1627	
1628	
1629	
1630	1.2089
1631	
1632	
1633	13.2388
1634	
1635	
1636	2.65424
1637	1.28387
1638	
1639	
1640	
1641	1.78386
1642	1.52785
1643	
1644	3.39803
1645	
1646	
1647	2.37627
1648	3.17136
1649	
1650	
1651	
1652	2.02146
1653	1.00305
1654	
1655	42.0869
1656	
1657	3.55784
1658	
1659	
1660	6.06035
1661	1.85793
1662	
1663	
1664	5.76971
1665	3.01383
1666	
1667	
1668	
1669	
1670	
1671	
1672	
1673	
1674	
1675	16.0867
1676	
1677	
1678	
1679	
1680	
1681	1.06091
1682	
1683	
1684	
1685	
1686	1.38396
1687	
1688	
1689	
1690	
1691	1.19541
1692	
1693	
1694	
1695	
1696	
1697	
1698	5.15117
1699	
1700	
1701	1.17829
1702	
1703	2.14965
1704	
1705	2.65958
1706	
1707	1.3123
1708	1.14902
1709	
1710	1.30613
1711	
1712	
1713	
1714	3.22523
1715	1.71927
1716	7.27577
1717	3.76931
1718	2.35659
1719	
1720	
1721	1.06636
1722	2.53995
1723	2.1901
1724	4.87533
1725	1.03836
1726	1.3992
1727	
1728	
1729	
1730	
1731	1.50118
1732	
1733	
1734	4.26664
1735	
1736	
1737	
1738	1.25336
1739	2.53713
1740	
1741	
1742	
1743	
1744	
1745	1.99004
1746	1.51162
1747	
1748	
1749	
1750	
1751	
1752	
1753	1.10934
1754	
1755	
1756	
1757	
1758	
1759	
1760	
1761	
1762	1.72226
1763	
1764	1.15461
1765	
1766	
1767	
1768	
1769	
1770	
1771	
1772	
1773	
1774	
1775	
1776	
1777	
1778	
1779	
1780	
1781	
1782	
1783	
1784	
1785	
1786	
1787	
1788	
1789	
1790	
1791	
1792	
1793	
1794	
1795	
1796	
1797	
1798	
1799	
1800	
1801	1.20197
1802	1.08553
1803	
1804	
1805	1.97411
1806	13.2829
1807	
1808	
1809	
1810	
1811	
1812	5.33948
1813	3.87608
1814	
1815	
1816	
1817	
1818	
1819	3.129
1820	1.87631
1821	2.66438
1822	7.18755
1823	
1824	4.16929
1825	4.71122
1826	
1827	
1828	
1829	
1830	
1831	21.1077
1832	1.17568
1833	
1834	1.0752
1835	1.60759
1836	1.94019
1837	
1838	
1839	11.6439
1840	
1841	5.73065
1842	3.67107
1843	1.27271
1844	5.7247
1845	1.2789
1846	2.12255
1847	
1848	9.8765
1849	10.2092
1850	1.47949
1851	
1852	
1853	
1854	2.32898
1855	1.46724
1856	1.25032
1857	4.0086
1858	
1859	1.92412
1860	
1861	2.77272
1862	13.0955
1863	2.55992
1864	
1865	
1866	1.21706
1867	1.37602
1868	1.29441
1869	
1870	
1871	6.77208
1872	
1873	
1874	1
1875	1.10711
1876	
1877	3.73809
1878	2.40978
1879	4.44875
1880	
1881	
1882	
1883	1.48586
1884	2.70082
1885	2.17769
1886	
1887	
1888	3.4395
1889	5.13442
1890	
1891	7.24608
1892	
1893	3.04428
1894	
1895	
1896	2.12771
1897	1.06349
1898	
1899	1.02172
1900	
1901	2.83137
1902	
1903	1.37793
1904	
1905	
1906	
1907	155.46
1908	1.7358
1909	
1910	
1911	1.06807
1912	2.79588
1913	55.9397
1914	7.02355
1915	
1916	
1917	
1918	
1919	
1920	
1921	1.84446
1922	
1923	
1924	
1925	
1926	2.45922
1927	
1928	
1929	2.46724
1930	1.15701
1931	4.27345
1932	2.85383
1933	
1934	2.20901
1935	5.49036
1936	
1937	1.48576
1938	7.39884
1939	
1940	
1941	6.93406
1942	1.69737
1943	1.50347
1944	
1945	
1946	1.81882
1947	2.11374
1948	5.02631
1949	1.628
1950	2.88006
1951	
1952	1.26453
1953	
1954	
1955	
1956	
1957	
1958	1.70208
1959	1.44053
1960	18.6474
1961	1.95315
1962	
1963	2.73246
1964	2.03581
1965	1.2043
1966	
1967	1.26593
1968	9.2792
1969	
1970	2.58166
1971	21.0405
1972	
1973	
1974	
1975	
1976	4.42875
1977	
1978	4.01138
1979	
1980	
1981	109.19
1982	2.43479
1983	1.33709
1984	2.70045
1985	1.85935
1986	
1987	
1988	3.38534
1989	
1990	1.50274
1991	
1992	1.35745
1993	
1994	5.00129
1995	10.8739
1996	
1997	1.86788
1998	
1999	32.08
2000	13.3762
2001	
2002	2.18011
2003	3.03185
2004	
2005	3.32718
2006	
2007	
2008	1.75966
2009	
2010	1.14727
2011	9.01545
2012	
2013	2.09609
2014	
2015	
2016	
2017	1.3103
2018	
2019	
2020	
2021	
2022	
2023	3.7249
2024	1.98261
2025	
2026	
2027	
2028	
2029	
2030	
2031	
2032	
2033	
2034	
2035	
2036	
2037	
2038	
2039	
2040	
2041	2.25511
2042	
2043	
2044	
2045	
2046	1.14782
2047	
2048	
2049	
2050	
2051	1.51961
2052	
2053	7.46116
2054	
2055	
2056	
2057	
2058	4.63317
2059	
2060	2.34795
2061	
2062	30.5924
2063	
2064	
2065	1.27474
2066	3.9578
2067	2.71509
2068	
2069	
2070	
2071	
2072	
2073	
2074	
2075	1.30017
2076	
2077	
2078	
2079	
2080	
2081	
2082	1.34006
2083	2.22808
2084	2.98328
2085	
2086	
2087	
2088	
2089	1.65336
2090	
2091	
2092	1.13037
2093	
2094	
2095	
2096	
2097	1.14045
2098	1.55154
2099	
2100	1.25745
2101	
2102	2.95161
2103	
2104	
2105	
2106	
2107	
2108	
2109	
2110	
2111	
2112	
2113	
2114	
2115	1.74763
2116	27.4684
2117	
2118	
2119	15.1065
2120	
2121	
2122	1.19119
2123	
2124	2.46844
2125	
2126	
2127	
2128	5.06127
2129	
2130	
2131	
2132	
2133	
2134	
2135	
2136	
2137	
2138	
2139	
2140	
2141	
2142	
2143	
2144	
2145	
2146	
2147	
2148	
2149	
2150	
2151	
2152	
2153	
2154	
2155	
2156	
2157	
2158	
2159	
2160	
2161	7.90793
2162	3.79974
2163	
2164	1.93308
2165	
2166	
2167	2.33804
2168	1.76431
2169	
2170	
2171	7.22201
2172	1.86736
2173	37.1194
2174	
2175	2.02933
2176	1.25701
2177	
2178	
2179	1.13375
2180	
2181	1.68144
2182	2.52888
2183	5.33135
2184	1.5756
2185	2.59566
2186	
2187	
2188	
2189	
2190	3.68995
2191	2.23287
2192	15.2835
2193	1.52404
2194	
2195	3.6698
2196	8.95752
2197	
2198	4.09198
2199	15.7012
2200	2.04316
2201	13.3281
2202	1.64376
2203	
2204	
2205	1.11288
2206	5.90608
2207	
2208	
2209	3.11795
2210	
2211	
2212	2.46913
2213	4.52212
2214	
2215	
2216	
2217	
2218	
2219	
2220	
2221	1.12428
2222	2.15412
2223	1
2224	10.1394
2225	
2226	
2227	1.27165
2228	
2229	
2230	
2231	1.39959
2232	6.1326
2233	1.67388
2234	1.23191
2235	
2236	
2237	
2238	13.062
2239	1.52562
2240	1.2498
2241	17.4288
2242	
2243	8.27982
2244	11.3451
2245	33.4075
2246	1.12576
2247	
2248	
2249	
2250	1.71499
2251	1.06792
2252	
2253	
2254	1.11814
2255	1.84344
2256	
2257	1.94208
2258	
2259	4.88717
2260	1.11558
2261	1.03261
2262	6.3718
2263	2.02694
2264	
2265	3.97512
2266	1.63003
2267	1.48195
2268	
2269	1.50347
2270	
2271	4.07641
2272	
2273	
2274	3.04723
2275	
2276	
2277	1.40795
2278	1.12646
2279	
2280	3.32949
2281	
2282	
2283	
2284	
2285	
2286	
2287	
2288	1.12397
2289	2.11506
2290	2.88626
2291	1.00305
2292	4.11388
2293	
2294	
2295	
2296	2.00153
2297	1.46003
2298	1.48823
2299	3.99031
2300	
2301	2.51438
2302	
2303	
2304	1.65405
2305	
2306	1.04826
2307	
2308	4.07048
2309	
2310	
2311	1.5154
2312	2.47084
2313	
2314	
2315	1.96755
2316	1.23183
2317	
2318	
2319	2.93142
2320	1.02264
2321	
2322	1.40737
2323	
2324	
2325	
2326	1.51835
2327	3.19275
2328	4.95368
2329	
2330	9.3418
2331	
2332	2.14801
2333	2.10731
2334	
2335	
2336	
2337	
2338	
2339	
2340	
2341	1.88557
2342	
2343	
2344	1.30315
2345	
2346	8.9321
2347	
2348	2.11917
2349	1.47202
2350	
2351	3.22634
2352	
2353	
2354	
2355	
2356	
2357	
2358	
2359	
2360	11.9166
2361	2.43547
2362	
2363	
2364	
2365	
2366	
2367	2.18419
2368	
2369	6.61344
2370	2.51682
2371	
2372	1.11489
2373	
2374	
2375	
2376	
2377	
2378	32.975
2379	
2380	1.5987
2381	1.43535
2382	
2383	
2384	
2385	
2386	
2387	
2388	
2389	1.0134
2390	
2391	
2392	1.14822
2393	3.64697
2394	61.6445
2395	
2396	1.79689
2397	
2398	
2399	
2400	
2401	
2402	2.64011
2403	
2404	1.26138
2405	
2406	
2407	
2408	
2409	
2410	
2411	
2412	
2413	
2414	
2415	
2416	
2417	
2418	
2419	
2420	
2421	1.34071
2422	1.50932
2423	1.53135
2424	2.97832
2425	
2426	2.2966
2427	5.0006
2428	
2429	1.91574
2430	
2431	
2432	15.0334
2433	
2434	3.16148
2435	1.67191
2436	1.90066
2437	
2438	
2439	
2440	
2441	
2442	
2443	3.9964
2444	
2445	
2446	
2447	
2448	1.15141
2449	8.30109
2450	4.3217
2451	
2452	2.2509
2453	
2454	
2455	2.34193
2456	
2457	
2458	
2459	
2460	5.84539
2461	1.84472
2462	1.44013
2463	
2464	1.95301
2465	
2466	1.39571
2467	
2468	
2469	
2470	
2471	
2472	
2473	7.13493
2474	2.04698
2475	
2476	
2477	
2478	1.3251
2479	
2480	
2481	
2482	
2483	4.72168
2484	
2485	
2486	4.91026
2487	
2488	
2489	1.33339
2490	7.96845
2491	
2492	
2493	
2494	
2495	
2496	
2497	
2498	
2499	
2500	
2501	
2502	
2503	
2504	
2505	
2506	
2507	
2508	
2509	
2510	
2511	
2512	
2513	
2514	
2515	
2516	
2517	
2518	
2519	
2520	
2521	
2522	
2523	4.06794
2524	2.88006
2525	
2526	38.8408
2527	2.65351
2528	
2529	2.15039
2530	1.01171
2531	
2532	1.07378
2533	4.58525
2534	6.29105
2535	22.607
2536	1.71737
2537	
2538	
2539	
2540	1.83885
2541	2.11668
2542	
2543	1.71999
2544	11.6528
2545	5.47364
2546	6.41967
2547	
2548	1.85433
2549	1.2361
2550	2.37117
2551	3.11795
2552	1.3567
2553	
2554	
2555	35.7606
2556	1.2212
2557	2.05708
2558	
2559	2.76217
2560	
2561	
2562	2.39678
2563	3.19032
2564	1.69185
2565	
2566	1.11752
2567	
2568	1.18814
2569	
2570	
2571	5.73026
2572	1.53443
2573	
2574	
2575	
2576	
2577	
2578	6.85521
2579	2.03355
2580	
2581	1.61239
2582	1.71665
2583	4.31033
2584	
2585	
2586	
2587	1.11304
2588	
2589	
2590	1.24928
2591	
2592	2.78273
2593	
2594	1.98894
2595	
2596	
2597	4.45492
2598	
2599	1.50535
2600	1.09764
2601	1.02534
2602	
2603	
2604	
2605	1.13226
2606	
2607	
2608	
2609	
2610	8.22092
2611	
2612	
2613	
2614	
2615	12.0829
2616	
2617	
2618	1.30631
2619	3.09835
2620	
2621	
2622	2.08147
2623	5.2354
2624	18.2472
2625	
2626	4.51586
2627	1.08636
2628	
2629	
2630	
2631	
2632	
2633	
2634	
2635	1.22289
2636	
2637	
2638	
2639	1.36547
2640	
2641	2.56578
2642	
2643	1.1591
2644	
2645	
2646	3.99584
2647	
2648	2.09493
2649	
2650	1.77129
2651	2.11609
2652	1.5945
2653	
2654	
2655	
2656	9.47483
2657	
2658	
2659	1.68716
2660	
2661	1.78943
2662	
2663	
2664	3.5164
2665	1.2861
2666	
2667	2.26781
2668	1.15365
2669	1.43614
2670	3.05273
2671	1.64137
2672	1.21445
2673	
2674	2.3592
2675	
2676	
2677	
2678	
2679	
2680	
2681	
2682	
2683	35.9769
2684	1.07617
2685	
2686	
2687	
2688	1.0196
2689	1.46429
2690	
2691	
2692	
2693	
2694	
2695	
2696	69.0419
2697	5.54236
2698	46.6272
2699	
2700	
2701	2.75586
2702	
2703	1.13453
2704	13.305
2705	5.90649
2706	
2707	1.18239
2708	
2709	
2710	
2711	1.41588
2712	
2713	
2714	1.07811
2715	5.55082
2716	
2717	
2718	
2719	
2720	
2721	1.95911
2722	5.92083
2723	
2724	4.61938
2725	2.51542
2726	4.11388
2727	1.41745
2728	
2729	
2730	
2731	3.64192
2732	2.08971
2733	1.03226
2734	
2735	1.56873
2736	
2737	2.82588
2738	1.26208
2739	1.22061
2740	32.1512
2741	
2742	
2743	
2744	
2745	
2746	
2747	1.99308
2748	
2749	
2750	1.00118
2751	1.22154
2752	
2753	
2754	
2755	
2756	
2757	2.49147
2758	2.37611
2759	
2760	
2761	1.51498
2762	
2763	
2764	
2765	
2766	1.22052
2767	
2768	14.2689
2769	2.09101
2770	
2771	1.10957
2772	2.4375
2773	2.81571
2774	
2775	
2776	
2777	
2778	
2779	10.4744
2780	
2781	1.48267
2782	5.3188
2783	
2784	
2785	8.6981
2786	
2787	
2788	
2789	3.4851
2790	
2791	5.12233
2792	1.13532
2793	1.21985
2794	48.8098
2795	
2796	1.63433
2797	
2798	
2799	
2800	
2801	
2802	4.79623
2803	1.21782
2804	
2805	
2806	
2807	
2808	
2809	1.79689
2810	
2811	1.40444
2812	
2813	1.54349
2814	5.96615
2815	1.47151
2816	2.1685
2817	
2818	
2819	1.22213
2820	
2821	
2822	11.8294
2823	
2824	4.14077
2825	
2826	5.52778
2827	
2828	
2829	
2830	
2831	
2832	
2833	
2834	1.1145
2835	
2836	
2837	2.03284
2838	3.84504
2839	
2840	4.02671
2841	
2842	
2843	1.45397
2844	1.71511
2845	4.47659
2846	
2847	
2848	
2849	
2850	
2851	
2852	
2853	
2854	1.4756
2855	3.25397
2856	
2857	
2858	
2859	
2860	
2861	
2862	
2863	
2864	
2865	
2866	
2867	
2868	
2869	
2870	
2871	
2872	
2873	
2874	
2875	
2876	
2877	
2878	
2879	
2880	
2881	3.99031
2882	
2883	
2884	
2885	
2886	1.17487
2887	
2888	
2889	
2890	
2891	1.67807
2892	
2893	2.91824
2894	1.51278
2895	5.59834
2896	3.08464
2897	1.97083
2898	1.79104
2899	
2900	4.72987
2901	
2902	
2903	
2904	
2905	5.41627
2906	
2907	21.6696
2908	1.79266
2909	1.46378
2910	
2911	4.90006
2912	4.67025
2913	1.36377
2914	
2915	1.07103
2916	91.0824
2917	
2918	
2919	
2920	
2921	1.80688
2922	
2923	
2924	1.23885
2925	1.10988
2926	
2927	5.13762
2928	1.97219
2929	2.61679
2930	
2931	
2932	5.52242
2933	2.27379
2934	1.55455
2935	6.99101
2936	
2937	1.57178
2938	
2939	
2940	
2941	1.05504
2942	1.98178
2943	
2944	1.30441
2945	1.58568
2946	4.422
2947	
2948	
2949	1.14061
2950	1.06452
2951	
2952	
2953	2.33221
2954	1.2585
2955	
2956	
2957	1.78435
2958	2.26043
2959	
2960	
2961	
2962	
2963	1
2964	1.58282
2965	1.17332
2966	11.0793
2967	58.3597
2968	35.4693
2969	58.2667
2970	85.0418
2971	
2972	1.80463
2973	1.48545
2974	
2975	1.67133
2976	
2977	
2978	
2979	
2980	2.18904
2981	3.91931
2982	40.6787
2983	1.61116
2984	1.01389
2985	1.14766
2986	1.38367
2987	1.27509
2988	10.7465
2989	1.25954
2990	1.64353
2991	
2992	4.05978
2993	
2994	
2995	
2996	1.20941
2997	4.28234
2998	
2999	
3000	
3001	
3002	2.1628
3003	1.67667
3004	1.76786
3005	
3006	
3007	3.07695
3008	
3009	2.07585
3010	1.18526
3011	4.60819
3012	
3013	
3014	2.1783
3015	
3016	12.7171
3017	
3018	12.6582
3019	2.49562
3020	15.2021
3021	2.86076
3022	2.80111
3023	
3024	6.62215
3025	
3026	5.37811
3027	7.2985
3028	2.62406
3029	
3030	2.01252
3031	
3032	2.77272
3033	1.05402
3034	
3035	
3036	
3037	1.29047
3038	
3039	
3040	
3041	2.57666
3042	3.76461
3043	
3044	
3045	
3046	9.6719
3047	14.6721
3048	
3049	1.10114
3050	
3051	
3052	
3053	
3054	
3055	
3056	
3057	
3058	1.63263
3059	
3060	
3061	
3062	
3063	
3064	
3065	
3066	
3067	
3068	
3069	12.1535
3070	1.42336
3071	1.11065
3072	
3073	1.2147
3074	
3075	
3076	
3077	
3078	
3079	5.30922
3080	
3081	
3082	2.96226
3083	1.1814
3084	
3085	2.51002
3086	1.88596
3087	8.6987
3088	1.14353
3089	2.1076
3090	1.22027
3091	2.64396
3092	
3093	
3094	1.01826
3095	
3096	
3097	
3098	2.26561
3099	1.18017
3100	
3101	
3102	4.82992
3103	
3104	
3105	1.87839
3106	
3107	
3108	
3109	
3110	
3111	
3112	1.00654
3113	
3114	
3115	
3116	
3117	
3118	
3119	
3120	
3121	2.01684
3122	1.61373
3123	
3124	1.03197
3125	
3126	
3127	1.65118
3128	
3129	11.2395
3130	4.59161
3131	1.35999
3132	1.72094
3133	
3134	2.99198
3135	
3136	
3137	
3138	7.61002
3139	
3140	
3141	
3142	1.74231
3143	
3144	1.89934
3145	
3146	
3147	1.7604
3148	6.36782
3149	
3150	
3151	
3152	1.19483
3153	
3154	
3155	
3156	4.51023
3157	2.03313
3158	
3159	
3160	
3161	
3162	
3163	
3164	3.68509
3165	1.14021
3166	
3167	2.03355
3168	1.23936
3169	
3170	
3171	
3172	
3173	
3174	
3175	
3176	5.3188
3177	
3178	
3179	
3180	
3181	57.2023
3182	
3183	
3184	
3185	
3186	
3187	
3188	
3189	
3190	
3191	
3192	
3193	
3194	
3195	3.54946
3196	2.73057
3197	1.58931
3198	10.8634
3199	4.62194
3200	1.27006
3201	
3202	1.12303
3203	4.0934
3204	70.0979
3205	
3206	
3207	
3208	
3209	
3210	
3211	
3212	
3213	
3214	
3215	
3216	
3217	
3218	
3219	
3220	
3221	
3222	
3223	
3224	
3225	
3226	
3227	
3228	
3229	
3230	
3231	
3232	
3233	
3234	
3235	
3236	
3237	
3238	
3239	
3240	
3241	
3242	1.38444
3243	
3244	
3245	
3246	4.66313
3247	
3248	
3249	
3250	
3251	
3252	3.24204
3253	12.433
3254	1.383
3255	
3256	
3257	
3258	
3259	
3260	3.82299
3261	
3262	1.16603
3263	
3264	12.4244
3265	1.33682
3266	
3267	
3268	
3269	
3270	
3271	1.33867
3272	2.25105
3273	5.28829
3274	44.9018
3275	
3276	2.21299
3277	
3278	
3279	
3280	1.77289
3281	1.58348
3282	3.45288
3283	
3284	1.25119
3285	2.32028
3286	1.82197
3287	
3288	34.4397
3289	3.17158
3290	
3291	4.22368
3292	6.5138
3293	
3294	3.98865
3295	
3296	11.0671
3297	
3298	
3299	
3300	2.40361
3301	1.54007
3302	3.19231
3303	3.54676
3304	1.83566
3305	24.5934
3306	1.31212
3307	1.12264
3308	
3309	1.10023
3310	
3311	1.3521
3312	
3313	
3314	4.01083
3315	1.36945
3316	
3317	1.42731
3318	
3319	1.01487
3320	1.15813
3321	
3322	
3323	
3324	
3325	1.22944
3326	4.19625
3327	1.10819
3328	4.51335
3329	
3330	
3331	
3332	
3333	7.50057
3334	
3335	
3336	1.15773
3337	
3338	1.0946
3339	1.59196
3340	2.74518
3341	3.09384
3342	1.85665
3343	
3344	5.90567
3345	
3346	
3347	1.62417
3348	
3349	4.04209
3350	5.61116
3351	1.26251
3352	5.50636
3353	81.521
3354	2.76006
3355	
3356	1.57757
3357	2.64579
3358	
3359	1.2023
3360	
3361	4.91333
3362	1.22918
3363	1.30215
3364	
3365	
3366	5.90157
3367	5.26743
3368	
3369	2.29756
3370	
3371	1.22273
3372	
3373	
3374	1.4708
3375	
3376	1.53336
3377	
3378	
3379	1.43088
3380	
3381	
3382	
3383	1.05329
3384	
3385	
3386	3.15907
3387	1.60425
3388	
3389	
3390	10.2326
3391	
3392	
3393	
3394	
3395	
3396	
3397	
3398	3.07631
3399	2.1786
3400	
3401	3.27478
3402	3.55759
3403	
3404	
3405	1.05074
3406	
3407	1.39281
3408	6.56002
3409	9.70885
3410	2.08074
3411	1.53273
3412	
3413	
3414	
3415	1.33988
3416	1.30224
3417	
3418	
3419	
3420	
3421	
3422	
3423	4.05724
3424	
3425	8.45029
3426	
3427	1.37554
3428	1.36056
3429	1.0949
3430	1.56103
3431	1.69267
3432	
3433	
3434	3.29871
3435	
3436	
3437	6.9881
3438	
3439	1.23825
3440	
3441	1.29092
3442	3.88361
3443	4.13762
3444	
3445	
3446	3.82935
3447	
3448	3.63839
3449	3.04322
3450	
3451	1.01974
3452	
3453	3.68254
3454	
3455	
3456	
3457	79.3963
3458	
3459	
3460	
3461	
3462	
3463	
3464	
3465	
3466	
3467	
3468	
3469	
3470	
3471	
3472	
3473	
3474	
3475	
3476	
3477	
3478	
3479	4.86082
3480	
3481	
3482	
3483	
3484	
3485	
3486	1.73568
3487	
3488	
3489	8.36868
3490	
3491	
3492	1.87957
3493	
3494	12.9601
3495	
3496	
3497	
3498	2.59854
3499	
3500	2.00111
3501	
3502	
3503	1.81718
3504	
3505	
3506	
3507	1.68039
3508	
3509	
3510	
3511	
3512	1.03735
3513	1.46846
3514	
3515	
3516	1.67481
3517	
3518	
3519	
3520	
3521	1
3522	3.06248
3523	3.83839
3524	
3525	
3526	2.0734
3527	
3528	
3529	
3530	
3531	1.97931
3532	1.15525
3533	9.39309
3534	3.37597
3535	
3536	
3537	7.58947
3538	
3539	
3540	
3541	
3542	
3543	
3544	3.72464
3545	1.29711
3546	
3547	
3548	
3549	
3550	
3551	
3552	
3553	3.40322
3554	
3555	1.83974
3556	
3557	
3558	
3559	4.14882
3560	4.322
3561	
3562	
3563	
3564	3.47136
3565	
3566	
3567	
3568	
3569	
3570	
3571	
3572	
3573	
3574	
3575	
3576	
3577	
3578	
3579	
3580	
3581	
3582	
3583	
3584	
3585	
3586	
3587	
3588	
3589	
3590	
3591	
3592	
3593	
3594	
3595	
3596	
3597	
3598	
3599	
3600	
3601	11.9207
3602	1.18995
3603	
3604	125.784
3605	
3606	
3607	7.33298
3608	1.34509
3609	
3610	
3611	
3612	8.75617
3613	28.842
3614	
3615	1.03526
3616	1.10343
3617	20.4128
3618	1.34835
3619	3.51738
3620	2.1114
3621	
3622	
3623	
3624	1.31094
3625	
3626	
3627	10.2043
3628	
3629	
3630	1.65095
3631	39.7037
3632	2.02581
3633	
3634	45.8198
3635	
3636	8.79327
3637	
3638	3.22769
3639	
3640	
3641	1.24272
3642	1.86581
3643	
3644	3.83466
3645	1.17462
3646	1.15277
3647	
3648	1.08117
3649	
3650	
3651	
3652	
3653	
3654	
3655	1.90885
3656	
3657	1.72405
3658	
3659	
3660	
3661	16.1796
3662	2.00166
3663	1.42939
3664	
3665	2.01503
3666	1.54039
3667	2.37413
3668	1.89054
3669	3.87286
3670	
3671	7.26166
3672	3.99446
3673	
3674	
3675	1
3676	
3677	
3678	5.76931
3679	2.05609
3680	10.112
3681	1.73508
3682	2.33966
3683	
3684	9.76757
3685	
3686	
3687	
3688	1.2598
3689	
3690	2.7353
3691	
3692	1.0697
3693	
3694	
3695	
3696	
3697	
3698	1.70291
3699	
3700	
3701	
3702	
3703	1.6017
3704	3.85358
3705	1.64
3706	
3707	1.79253
3708	2.54541
3709	
3710	8.62127
3711	2.08233
3712	
3713	2.55337
3714	17.5075
3715	
3716	
3717	
3718	1.70362
3719	
3720	
3721	
3722	
3723	2.9674
3724	
3725	
3726	
3727	
3728	4.30078
3729	
3730	10.9815
3731	
3732	1.33173
3733	
3734	
3735	
3736	
3737	1.86038
3738	
3739	7.72535
3740	1.54114
3741	2.50689
3742	
3743	
3744	2.58506
3745	1.264
3746	4.67835
3747	
3748	1.01889
3749	
3750	
3751	
3752	
3753	2.23009
3754	4.95127
3755	
3756	
3757	
3758	
3759	
3760	2.02399
3761	1.63955
3762	
3763	
3764	1.60681
3765	
3766	1.79353
3767	3.70635
3768	
3769	2.54294
3770	
3771	3.88631
3772	4.25424
3773	
3774	4.3277
3775	
3776	2.80403
3777	
3778	
3779	
3780	
3781	1.471
3782	
3783	3.49841
3784	57.9445
3785	
3786	
3787	1.34639
3788	36.3177
3789	1.50828
3790	
3791	
3792	
3793	
3794	
3795	
3796	1.14013
3797	
3798	10.0234
3799	
3800	4.71841
3801	6.34579
3802	1.33997
3803	1.13571
3804	3.90277
3805	3.79921
3806	
3807	
3808	1.68611
3809	1.48535
3810	1.23465
3811	
3812	1.95315
3813	
3814	
3815	6.41878
3816	3.17048
3817	5.54735
3818	
3819	
3820	1.63717
3821	
3822	
3823	
3824	
3825	1.1029
3826	1.55574
3827	41.3868
3828	
3829	
3830	1.02484
3831	
3832	8.35014
3833	2.10337
3834	4.04517
3835	
3836	1.12685
3837	2.77502
3838	
3839	1.49061
3840	
3841	
3842	5.15975
3843	2.92878
3844	2.31225
3845	
3846	1.72393
3847	
3848	
3849	1.65176
3850	1.00521
3851	
3852	
3853	
3854	
3855	
3856	
3857	
3858	5.17335
3859	
3860	
3861	
3862	2.17739
3863	3.85385
3864	
3865	
3866	8.32471
3867	5.01239
3868	
3869	1.93992
3870	
3871	
3872	1.6017
3873	1.21546
3874	1.4709
3875	
3876	5.25285
3877	
3878	
3879	
3880	
3881	
3882	
3883	2.78446
3884	
3885	
3886	9.44205
3887	2.55478
3888	
3889	
3890	12.3685
3891	2.85621
3892	
3893	
3894	5.08201
3895	
3896	
3897	
3898	
3899	2.2428
3900	3.8259
3901	
3902	
3903	
3904	
3905	
3906	
3907	
3908	
3909	
3910	
3911	
3912	
3913	
3914	
3915	
3916	
3917	15.9491
3918	
3919	
3920	
3921	1.1704
3922	
3923	
3924	1.21478
3925	6.21089
3926	
3927	
3928	
3929	
3930	
3931	
3932	
3933	
3934	
3935	
3936	
3937	
3938	
3939	
3940	
3941	
3942	
3943	
3944	
3945	
3946	
3947	
3948	
3949	
3950	
3951	
3952	
3953	
3954	
3955	
3956	
3957	
3958	
3959	
3960	
3961	
3962	
3963	3.20295
3964	3.74327
3965	1.19681
3966	
3967	6.22166
3968	
3969	
3970	4.68549
3971	
3972	3.87689
3973	20.0969
3974	2.62733
3975	
3976	
3977	
3978	2.06609
3979	
3980	19.7516
3981	
3982	
3983	
3984	1.0071
3985	
3986	
3987	1.57614
3988	
3989	2.23767
3990	3.13616
3991	
3992	1.20264
3993	1.52182
3994	6.33744
3995	19.0471
3996	1.5826
3997	1.41922
3998	13.847
3999	5.02666
4000	
4001	
4002	
4003	5.89544
4004	
4005	1.24083
4006	
4007	
4008	24.6566
4009	2.8048
4010	6.07886
4011	
4012	1.25693
4013	
4014	
4015	
4016	2.72622
4017	1.41883
4018	8.32702
4019	1.53283
4020	8.99236
4021	
4022	
4023	1.63252
4024	3.48027
4025	
4026	
4027	
4028	
4029	1.50629
4030	1.02505
4031	1.39552
4032	32.6226
4033	2.18874
4034	1.66994
4035	6.10419
4036	
4037	
4038	
4039	
4040	
4041	3.53326
4042	
4043	
4044	1.16627
4045	2.1936
4046	
4047	1.77448
4048	5.1773
4049	
4050	
4051	
4052	
4053	
4054	1.27483
4055	
4056	1.16772
4057	1.04841
4058	
4059	3.52885
4060	
4061	
4062	1.35023
4063	
4064	2.79684
4065	
4066	2.10264
4067	
4068	1.19267
4069	
4070	
4071	1.71975
4072	
4073	3.23799
4074	
4075	
4076	
4077	
4078	
4079	1.04304
4080	
4081	1.32694
4082	
4083	1.04739
4084	
4085	2.16775
4086	
4087	
4088	
4089	
4090	
4091	
4092	2.01922
4093	2.62952
4094	
4095	
4096	4.08603
4097	
4098	2.20259
4099	1.29056
4100	1.74569
4101	
4102	1.80926
4103	1.26505
4104	
4105	1.45085
4106	
4107	
4108	1.88257
4109	
4110	5.08624
4111	1.81039
4112	
4113	
4114	
4115	
4116	
4117	
4118	2.52066
4119	
4120	8.97617
4121	1.93818
4122	
4123	
4124	1.88583
4125	1.32629
4126	
4127	
4128	
4129	
4130	2.03341
4131	2.87528
4132	1.92759
4133	1.94828
4134	
4135	
4136	2.16625
4137	
4138	1.05365
4139	1.38674
4140	
4141	4.68549
4142	
4143	
4144	
4145	16.4453
4146	
4147	
4148	
4149	1.11458
4150	
4151	
4152	
4153	
4154	1.40269
4155	
4156	
4157	1.81064
4158	
4159	21.2148
4160	
4161	2.53907
4162	1.15765
4163	2.60738
4164	
4165	
4166	7.44308
4167	1.89961
4168	6.33041
4169	
4170	1.12568
4171	
4172	
4173	
4174	2.06637
4175	3.74898
4176	14.6833
4177	
4178	
4179	
4180	8.71802
4181	
4182	2.20626
4183	1.57483
4184	
4185	
4186	3.8095
4187	
4188	1.38252
4189	17.7839
4190	
4191	
4192	
4193	
4194	
4195	
4196	
4197	1.0697
4198	
4199	1.10045
4200	1.52954
4201	28.0961
4202	
4203	1.36188
4204	
4205	1.68378
4206	5.42228
4207	
4208	5.8722
4209	
4210	5.70766
4211	4.17362
4212	1.23132
4213	
4214	
4215	
4216	1.16433
4217	
4218	
4219	
4220	
4221	
4222	
4223	1.28628
4224	
4225	
4226	
4227	
4228	
4229	
4230	5.74776
4231	
4232	
4233	1.88479
4234	83.2512
4235	
4236	
4237	
4238	2.39978
4239	
4240	3.68101
4241	1.25379
4242	1.87177
4243	
4244	2.36068
4245	
4246	
4247	
4248	
4249	4.35086
4250	
4251	
4252	4.60787
4253	2.40511
4254	
4255	31.7503
4256	3.96055
4257	
4258	2.29915
4259	1.75942
4260	1.43993
4261	1.75735
4262	
4263	6.64652
4264	
4265	
4266	
4267	
4268	
4269	
4270	
4271	
4272	
4273	1.52891
4274	
4275	
4276	2.56365
4277	
4278	4.00527
4279	1.04109
4280	2.42167
4281	1.18871
4282	3.76122
4283	
4284	1.2003
4285	
4286	
4287	
4288	
4289	
4290	
4291	
4292	
4293	
4294	
4295	
4296	
4297	
4298	
4299	
4300	
4301	
4302	
4303	
4304	
4305	
4306	
4307	
4308	
4309	
4310	
4311	
4312	
4313	
4314	
4315	
4316	
4317	
4318	
4319	
4320	
4321	
4322	6.91151
4323	5.0873
4324	
4325	
4326	
4327	2.64451
4328	
4329	
4330	1.0643
4331	31.0603
4332	
4333	
4334	
4335	3.00945
4336	6.70204
4337	
4338	2.63646
4339	2.167
4340	3.57217
4341	3.45144
4342	94.4907
4343	
4344	1.78015
4345	1.50306
4346	
4347	38.0388
4348	
4349	1.0127
4350	7.41939
4351	4.79556
4352	1.06836
4353	
4354	1.59273
4355	1.00438
4356	6.88712
4357	
4358	2.6559
4359	
4360	
4361	1.14591
4362	
4363	
4364	
4365	
4366	
4367	1.42989
4368	1.9822
4369	
4370	
4371	
4372	
4373	2.36543
4374	2.75872
4375	1.29639
4376	4.80688
4377	1.31795
4378	2.95919
4379	
4380	
4381	1.15445
4382	
4383	1.21445
4384	
4385	
4386	10.397
4387	
4388	3.18811
4389	1.56125
4390	
4391	1
4392	1.65107
4393	
4394	
4395	1.27899
4396	2.93813
4397	1.23688
4398	
4399	
4400	
4401	
4402	1.21951
4403	2.13509
4404	
4405	8.30627
4406	72.5297
4407	37.2534
4408	27.0602
4409	32.804
4410	35.3809
4411	1.232
4412	1.10742
4413	
4414	
4415	
4416	25.3111
4417	
4418	2.63792
4419	
4420	
4421	1.08658
4422	2.50602
4423	1.15133
4424	
4425	
4426	1.78584
4427	
4428	1.52404
4429	5.08624
4430	2.61317
4431	1.00083
4432	
4433	1.1774
4434	4.20877
4435	
4436	
4437	
4438	
4439	
4440	1.97356
4441	
4442	
4443	2.00083
4444	4.36112
4445	
4446	
4447	1.35472
4448	1.58942
4449	5.43131
4450	1.62845
4451	17.1377
4452	
4453	
4454	1.73833
4455	1.58129
4456	1.84433
4457	3.70635
4458	
4459	1.62822
4460	1.92987
4461	1.11597
4462	1.60447
4463	
4464	1.58854
4465	1.25206
4466	2.26232
4467	19.7256
4468	
4469	1.01537
4470	1.33441
4471	
4472	1.72991
4473	
4474	
4475	
4476	
4477	1.15525
4478	2.81845
4479	
4480	6.96054
4481	
4482	23.8845
4483	1.67644
4484	
4485	
4486	
4487	9.08194
4488	
4489	
4490	
4491	1.39755
4492	
4493	
4494	
4495	2.93427
4496	
4497	
4498	
4499	
4500	
4501	
4502	1.21386
4503	
4504	11.5811
4505	
4506	
4507	
4508	
4509	
4510	
4511	
4512	
4513	
4514	
4515	
4516	
4517	
4518	
4519	1.94302
4520	
4521	
4522	1.13634
4523	5.58555
4524	2.03482
4525	
4526	2.58668
4527	1.04928
4528	4.92594
4529	
4530	7.87729
4531	1.37974
4532	4.26841
4533	105.026
4534	
4535	1.92146
4536	
4537	
4538	
4539	
4540	
4541	
4542	1.40289
4543	5.00164
4544	1.69913
4545	
4546	2.38816
4547	
4548	
4549	
4550	
4551	
4552	
4553	
4554	1.02619
4555	
4556	
4557	
4558	
4559	
4560	
4561	10.4831
4562	
4563	
4564	
4565	
4566	
4567	
4568	
4569	9.7439
4570	
4571	
4572	
4573	3.81716
4574	
4575	
4576	
4577	
4578	
4579	
4580	
4581	
4582	7.55379
4583	
4584	
4585	
4586	
4587	
4588	
4589	
4590	
4591	8.11336
4592	1.88792
4593	
4594	25.809
4595	
4596	2.08464
4597	
4598	1.44884
4599	
4600	
4601	
4602	
4603	1.15189
4604	
4605	3.60875
4606	4.00305
4607	1.09847
4608	
4609	
4610	
4611	
4612	
4613	
4614	
4615	
4616	
4617	
4618	
4619	1.11791
4620	
4621	
4622	29.7806
4623	
4624	
4625	
4626	1.7526
4627	
4628	
4629	
4630	
4631	
4632	
4633	
4634	1.00465
4635	
4636	
4637	
4638	1.94087
4639	1.4203
4640	
4641	
4642	
4643	
4644	
4645	
4646	
4647	
4648	
4649	
4650	
4651	
4652	
4653	
4654	
4655	
4656	
4657	
4658	
4659	
4660	
4661	
4662	
4663	
4664	
4665	
4666	
4667	
4668	
4669	
4670	
4671	
4672	
4673	
4674	
4675	
4676	
4677	
4678	
4679	
4680	
4681	
4682	
4683	
4684	
4685	
4686	4.41863
4687	
4688	
4689	
4690	1.29819
4691	
4692	
4693	1.34146
4694	2.37775
4695	
4696	
4697	
4698	
4699	
4700	
4701	
4702	
4703	
4704	
4705	
4706	
4707	4.73873
4708	
4709	
4710	
4711	
4712	6.05615
4713	
4714	2.227
4715	1.37088
4716	2.17875
4717	
4718	3.05146
4719	
4720	2.65995
4721	
4722	1.45307
4723	
4724	
4725	1.19152
4726	
4727	
4728	
4729	1.8119
4730	
4731	
4732	
4733	7.86802
4734	1.67226
4735	
4736	4.5096
4737	2.3692
4738	3.57266
4739	
4740	
4741	3.33572
4742	6.45537
4743	2.74994
4744	2.73625
4745	
4746	3.89872
4747	
4748	
4749	
4750	2.88106
4751	
4752	
4753	
4754	
4755	2.87388
4756	4.61714
4757	
4758	
4759	
4760	2.51141
4761	
4762	
4763	2.96596
4764	3.72051
4765	4.43397
4766	1.0987
4767	
4768	1.47591
4769	1.85819
4770	
4771	4.54601
4772	1.50462
4773	
4774	1.02087
4775	
4776	
4777	
4778	2.94364
4779	
4780	2.98018
4781	2.45922
4782	
4783	1.87826
4784	
4785	
4786	
4787	1.82033
4788	1.47498
4789	2.76083
4790	4.63896
4791	8.70534
4792	1.9545
4793	15.8279
4794	2.96946
4795	
4796	
4797	1.38953
4798	
4799	4.33821
4800	1.32565
4801	1.1883
4802	4.53028
4803	1.05607
4804	1.75844
4805	
4806	10.1605
4807	
4808	1.32583
4809	
4810	
4811	
4812	
4813	
4814	
4815	
4816	1.78757
4817	1.27121
4818	
4819	
4820	1.39079
4821	3.15338
4822	2.89668
4823	
4824	3.48075
4825	
4826	
4827	
4828	
4829	
4830	
4831	
4832	1.72477
4833	
4834	
4835	
4836	
4837	2.00861
4838	4.95643
4839	
4840	5.70766
4841	
4842	
4843	
4844	
4845	2.51211
4846	3.24698
4847	
4848	4.47721
4849	10.4331
4850	
4851	
4852	
4853	
4854	
4855	
4856	1.13163
4857	
4858	
4859	
4860	
4861	
4862	7.54071
4863	
4864	4.39633
4865	
4866	
4867	
4868	
4869	1.56993
4870	1.46968
4871	
4872	
4873	2.11111
4874	1.95396
4875	2.98204
4876	
4877	1.07356
4878	
4879	1.03555
4880	5.72986
4881	2.8122
4882	
4883	
4884	1.0471
4885	
4886	
4887	2.30857
4888	1.3668
4889	3.21474
4890	
4891	
4892	1.31549
4893	1.81278
4894	2.95222
4895	
4896	3.07801
4897	2.40611
4898	50.8191
4899	1.51089
4900	
4901	
4902	1.55887
4903	
4904	
4905	7.83319
4906	
4907	
4908	2.0025
4909	
4910	
4911	
4912	
4913	3.20761
4914	
4915	
4916	
4917	1.00493
4918	
4919	3.74691
4920	
4921	6.12581
4922	1.51582
4923	2.28453
4924	
4925	
4926	
4927	1.00605
4928	4.3355
4929	76.7184
4930	
4931	1.66948
4932	
4933	1.90145
4934	2.35953
4935	
4936	
4937	
4938	
4939	
4940	
4941	
4942	1.19309
4943	
4944	
4945	1.45528
4946	
4947	1.11829
4948	
4949	
4950	
4951	
4952	
4953	1.18403
4954	1.09794
4955	1.87177
4956	
4957	
4958	
4959	
4960	1.53783
4961	
4962	
4963	
4964	
4965	1.60581
4966	1.72441
4967	2.44647
4968	
4969	
4970	2.9775
4971	
4972	1.49692
4973	
4974	
4975	1.26085
4976	
4977	2.00166
4978	1.20807
4979	
4980	
4981	2.09319
4982	
4983	
4984	
4985	4.07331
4986	
4987	
4988	
4989	
4990	
4991	
4992	
4993	
4994	1.32519
4995	
4996	13.6242
4997	
4998	
4999	32.5188
5000	
5001	1.44924
5002	
5003	3.33757
5004	
5005	
5006	
5007	
5008	
5009	
5010	
5011	
5012	
5013	
5014	
5015	
5016	2.24903
5017	
5018	
5019	
5020	
5021	
5022	
5023	
5024	
5025	
5026	
5027	
5028	
5029	
5030	
5031	
5032	
5033	
5034	
5035	
5036	
5037	
5038	
5039	
5040	
5041	20.1373
5042	1.3931
5043	2.89869
5044	
5045	
5046	1.45427
5047	
5048	
5049	5.07779
5050	
5051	11.4637
5052	
5053	27.5676
5054	
5055	1.29056
5056	1.39794
5057	
5058	
5059	13.3512
5060	
5061	
5062	4.4006
5063	
5064	3.06099
5065	1.30179
5066	
5067	
5068	
5069	3.50521
5070	
5071	2.2035
5072	1.39204
5073	
5074	2.6792
5075	2.4321
5076	7.89862
5077	55.9436
5078	
5079	1.57582
5080	10.9155
5081	
5082	
5083	1.11011
5084	
5085	
5086	1.81844
5087	
5088	
5089	2.457
5090	
5091	
5092	1.33607
5093	1.43028
5094	1.21866
5095	
5096	
5097	6.5755
5098	
5099	1.07818
5100	
5101	10.0631
5102	
5103	4.47442
5104	3.39756
5105	
5106	
5107	3.20539
5108	
5109	1.49609
5110	6.1603
5111	23.7145
5112	2.57006
5113	1.0122
5114	1.34807
5115	
5116	
5117	
5118	
5119	
5120	
5121	
5122	
5123	
5124	5.19816
5125	
5126	
5127	2.89909
5128	
5129	
5130	
5131	
5132	
5133	
5134	1.80438
5135	9.2298
5136	
5137	1.55574
5138	
5139	
5140	
5141	
5142	2.31482
5143	1.30107
5144	1.49931
5145	
5146	
5147	3.99169
5148	
5149	
5150	2.76408
5151	
5152	
5153	2.56845
5154	
5155	
5156	
5157	1.29334
5158	2.22407
5159	
5160	2.86314
5161	1.13485
5162	
5163	
5164	
5165	
5166	
5167	8.3623
5168	4.24569
5169	
5170	1.6915
5171	
5172	2.07441
5173	1.63105
5174	
5175	
5176	
5177	2.45241
5178	1.82627
5179	59.7679
5180	4.46327
5181	1.12319
5182	3.78082
5183	
5184	
5185	
5186	
5187	
5188	
5189	
5190	
5191	7.36456
5192	
5193	3.24473
5194	4.90686
5195	
5196	13.6308
5197	
5198	3.40865
5199	
5200	
5201	1.03147
5202	4.24687
5203	
5204	6.55456
5205	1.20932
5206	
5207	1.76308
5208	
5209	
5210	1.3133
5211	
5212	1.39745
5213	
5214	3.90332
5215	
5216	
5217	
5218	
5219	11.2441
5220	
5221	
5222	23.3104
5223	1.0579
5224	
5225	
5226	
5227	3.72722
5228	
5229	2.36395
5230	
5231	
5232	
5233	
5234	3.15841
5235	1.08485
5236	
5237	
5238	
5239	
5240	
5241	2.97296
5242	
5243	
5244	
5245	7.02696
5246	1.62969
5247	1.31339
5248	1.01607
5249	
5250	
5251	
5252	
5253	
5254	3.99667
5255	
5256	
5257	
5258	
5259	
5260	
5261	
5262	
5263	
5264	
5265	3.74275
5266	11.9538
5267	3.20117
5268	1
5269	2.54753
5270	1.47498
5271	
5272	
5273	
5274	8.70232
5275	1.07214
5276	
5277	2.45462
5278	
5279	1.19061
5280	
5281	
5282	
5283	1.96401
5284	
5285	
5286	1.18222
5287	26.1239
5288	3.70455
5289	1.19499
5290	
5291	1.48658
5292	
5293	
5294	1.60703
5295	
5296	
5297	
5298	
5299	1.01305
5300	
5301	
5302	2.68812
5303	
5304	
5305	
5306	10.8898
5307	9.20552
5308	1.61463
5309	
5310	3.2105
5311	1.64069
5312	
5313	2.79123
5314	
5315	2.66235
5316	1.23593
5317	
5318	
5319	
5320	
5321	1.91534
5322	
5323	3.24361
5324	
5325	3.21808
5326	
5327	13.4553
5328	1.0329
5329	2.00945
5330	13.5188
5331	1.79527
5332	
5333	3.03922
5334	
5335	
5336	1.30577
5337	
5338	
5339	50.116
5340	2.30489
5341	
5342	
5343	
5344	
5345	
5346	4.73052
5347	
5348	
5349	
5350	
5351	
5352	
5353	
5354	
5355	1.0841
5356	2.71942
5357	
5358	
5359	
5360	12.8589
5361	1.8719
5362	
5363	
5364	
5365	
5366	
5367	
5368	
5369	
5370	
5371	
5372	
5373	
5374	
5375	
5376	
5377	
5378	
5379	
5380	
5381	
5382	
5383	
5384	
5385	
5386	
5387	
5388	
5389	
5390	
5391	
5392	
5393	
5394	
5395	
5396	
5397	
5398	
5399	
5400	
5401	
5402	
5403	10.1577
5404	3.52323
5405	1.06747
5406	
5407	
5408	
5409	1.43834
5410	2.93773
5411	1.11853
5412	
5413	1.07654
5414	
5415	
5416	20.4227
5417	2.04911
5418	1.3422
5419	
5420	19.4757
5421	2.02286
5422	
5423	
5424	
5425	
5426	1.68063
5427	3.51762
5428	
5429	3.26776
5430	3.60525
5431	3.102
5432	
5433	5.00823
5434	3.75705
5435	3.28069
5436	1.396
5437	1.15037
5438	11.7762
5439	2.64066
5440	
5441	
5442	
5443	
5444	
5445	34.2872
5446	
5447	5.37662
5448	
5449	
5450	
5451	
5452	
5453	
5454	
5455	5.01483
5456	1.52298
5457	
5458	2.56454
5459	3.24721
5460	4.83763
5461	
5462	1.73351
5463	
5464	2.08175
5465	
5466	
5467	2.89086
5468	
5469	4.82892
5470	
5471	
5472	1.85793
5473	1.49185
5474	
5475	1.61765
5476	
5477	
5478	2.53766
5479	
5480	
5481	
5482	1.65176
5483	7.22752
5484	1.41265
5485	
5486	2.09319
5487	
5488	1.14973
5489	
5490	
5491	
5492	
5493	
5494	1.21008
5495	1.13658
5496	1.18173
5497	1.31951
5498	
5499	1.02705
5500	
5501	1.19715
5502	
5503	
5504	
5505	4.72233
5506	5.07497
5507	1.6465
5508	3.51811
5509	
5510	1.00132
5511	38.8327
5512	
5513	1.35032
5514	
5515	1.14934
5516	
5517	
5518	
5519	
5520	1.20297
5521	2.72678
5522	
5523	
5524	5.68949
5525	
5526	
5527	
5528	
5529	
5530	
5531	
5532	5.84985
5533	8.92839
5534	
5535	
5536	2.02918
5537	10.2831
5538	4.22954
5539	
5540	2.01001
5541	
5542	9.77773
5543	8.25919
5544	1.04754
5545	
5546	
5547	4.49525
5548	2.9229
5549	
5550	2.23954
5551	
5552	1.29549
5553	1.02222
5554	
5555	
5556	
5557	
5558	1.34985
5559	
5560	
5561	2.69055
5562	
5563	
5564	1.6349
5565	2.44732
5566	
5567	
5568	
5569	34.9616
5570	2.30953
5571	
5572	1.26365
5573	
5574	
5575	1
5576	1.21799
5577	1.77842
5578	4.07218
5579	35.0927
5580	1.68448
5581	14.3781
5582	
5583	
5584	
5585	5.71796
5586	
5587	
5588	
5589	
5590	1.61619
5591	
5592	3.488
5593	2.77368
5594	
5595	
5596	1.11435
5597	
5598	
5599	
5600	
5601	10.0631
5602	
5603	
5604	4.75419
5605	
5606	3.16017
5607	
5608	7.06309
5609	2.26373
5610	
5611	
5612	
5613	
5614	
5615	1.35463
5616	
5617	
5618	
5619	
5620	1.23542
5621	1.56928
5622	1.17838
5623	1.38511
5624	
5625	1.30098
5626	
5627	
5628	2.93467
5629	26.1221
5630	
5631	
5632	
5633	
5634	
5635	
5636	
5637	1.45105
5638	
5639	
5640	
5641	8.87594
5642	1.77793
5643	
5644	1.10206
5645	
5646	8.45146
5647	
5648	
5649	2.23938
5650	
5651	19.153
5652	3.47208
5653	1.038
5654	
5655	1.02441
5656	
5657	
5658	
5659	2.03637
5660	
5661	
5662	1.0398
5663	
5664	
5665	
5666	
5667	
5668	
5669	1.11365
5670	2.37957
5671	
5672	
5673	
5674	1.58271
5675	1.68728
5676	
5677	
5678	
5679	
5680	
5681	1.10519
5682	
5683	2.59926
5684	5.93851
5685	
5686	2.87587
5687	1.13776
5688	
5689	
5690	3.48003
5691	1.62913
5692	
5693	
5694	2.50238
5695	
5696	3.11105
5697	3.36849
5698	
5699	2.33836
5700	
5701	1.94922
5702	
5703	6.41078
5704	
5705	
5706	
5707	
5708	
5709	
5710	
5711	
5712	
5713	1.25823
5714	
5715	
5716	9.15145
5717	
5718	
5719	
5720	
5721	
5722	1.62687
5723	
5724	
5725	
5726	
5727	
5728	
5729	
5730	
5731	
5732	
5733	
5734	8.06067
5735	3.72567
5736	
5737	
5738	
5739	
5740	
5741	
5742	
5743	
5744	
5745	
5746	
5747	
5748	
5749	
5750	
5751	
5752	
5753	
5754	
5755	
5756	
5757	
5758	
5759	
5760	
