1632	.47
1631	.584
1635	.472
1634	.489
1633	-.342
1636	-.068
2141	1.877
2134	.511
2116	.84
2113	
2108	
2091	1.008
2068	-.116
2065	
2064	
2140	-.256
2138	.827
2137	-.336
2135	-.1
2133	-.017
2114	-.186
2093	-.018
2067	-.026
2117	-.1
2107	.165
2089	-.047
2088	-.215
2060	-.066
2136	-.222
2115	-.22
2110	-.315
2066	-.403
2063	-.125
2139	-.262
2112	-.22
2111	1.225
2109	-.65
2092	.198
2062	1.016
2061	1.015
2059	1.553
2058	.348
2090	.375
2069	.057
2357	.377
2358	.341
2355	1.112
2354	.243
2356	.674
2353	.044
2862	1.295
2857	1.249
2856	1.992
2855	-.422
2835	.25
2831	-.157
2814	.861
2784	.115
2783	.172
2863	.132
2839	-.004
2834	.211
2832	-.176
2810	-.238
2789	-.35
2787	.241
2785	.026
2860	.08
2836	-.184
2833	-.417
2811	-.254
2786	.307
2859	-.025
2858	-.048
2838	-.148
2837	-.112
2830	-.007
2815	.031
2813	-.065
2788	-.436
2861	.309
2829	-.454
2812	1.144
2791	.139
2790	.18
2782	.89
2781	
2780	-.051
4517	.106
4524	-.034
4522	.001
4516	.237
4523	.034
4520	-.108
4519	-.104
4521	-.021
4514	.019
4513	-.037
5029	-.202
4998	-.3
4980	.186
4518	.046
4515	.025
5028	.19
5025	.685
5024	.321
5018	.894
5004	.069
5003	.181
4997	.419
4957	.629
5240	.306
5239	.321
5237	.356
5026	.702
5019	.748
5005	-.292
5002	-.08
4999	.09
4956	.193
4951	.16
4947	.148
5027	-.01
5023	-.074
5022	-.049
5020	-.142
5001	.052
4995	.125
4994	.048
4979	.052
4977	.244
4955	.322
4952	.051
4946	.152
4954	.346
4953	.174
4949	.247
4948	.094
4944	1.254
4943	.748
5021	.102
5000	.14
4996	.159
4981	.338
4978	-.047
4976	-.034
4950	-.032
4945	-.016
4942	.005
5246	-.162
5238	-.163
5235	-.282
5243	-.034
5236	-.216
5748	-.289
5747	-.252
5724	-.141
5723	-.146
5718	-.142
5700	-.17
5698	-.28
5678	-.075
5676	-.306
5671	-.351
5670	.154
5665	-.4
5663	-.004
5244	.16
5241	-.462
5245	.125
5242	.167
5749	-.225
5745	.484
5743	.497
5727	-.11
5750	-.36
5744	-.482
5741	-.352
5751	-.24
5746	-.222
5742	-.067
5740	-.437
5702	-.364
5701	-.388
5699	-.431
5679	-.344
5675	-.172
5673	-.099
5669	-.085
5668	-.02
5677	-.029
5672	-.129
5666	.04
5726	-.228
5722	-.114
5721	-.401
5667	-.161
5664	-.293
5725	-.119
5720	-.417
5719	-.158
5717	-.085
5716	-.151
5703	-.399
5674	-.229
1200	-.193
1881	-.238
1168	.316
1888	.228
1558	.182
2280	-.102
4441	.313
3401	.219
2725	-.108
5366	-.032
3478	-1.053
213	-.163
3104	.128
5735	-.47
5014	.451
5736	-.26
2131	.27
5015	-.201
5737	-.129
5016	-.439
5738	-.032
5017	-.335
2854	-.492
5739	-.324
2130	.203
2853	.841
2852	.941
2132	-.351
2103	-.276
2102	.024
4041	-.23
2094	-.244
2095	.037
2096	.116
2097	.082
2098	.317
2099	-.07
2100	.144
2101	-.049
2104	.007
2105	-.279
2816	.22
2817	-.203
2818	-.113
2819	-.139
2820	-.029
2821	.172
2822	-.082
2823	.197
2824	-.442
2825	.076
2826	-.367
2827	-.037
4982	.45
4983	-.176
4984	-.124
4985	-.055
4986	-.068
4987	-.178
5704	-.055
5705	.086
5706	-.047
5707	-.143
5708	-.232
5709	-.042
221	.396
217	.272
942	-.032
3108	.316
3109	.446
3830	-.133
3832	.175
1974	-.53
5695	-.285
4974	-.344
5696	-.334
4975	-.323
5697	-.366
4901	-.757
956	-.36
5623	-.223
3317	.157
4039	.151
3318	1.418
4040	.638
3319	.501
313	-.425
3320	.259
4042	-.368
3321	-.065
4043	-.295
1493	-.534
2215	.027
1494	.187
1035	-.586
2216	1.357
314	1.118
1495	-.408
2217	1.376
1496	.896
1036	.014
2218	.521
1497	.233
2219	.391
1498	-.325
2220	.488
4381	-.543
5103	-1.164
4382	.038
5104	.106
4383	.118
5105	-.343
4384	-.229
5106	-.217
4385	-.319
5107	-.437
4386	-.441
5108	-.062
1499	.254
2221	.331
1500	-.364
2222	-.005
3122	.011
3843	-.03
102	-.643
1006	.564
824	.313
2985	-.535
315	-.139
3707	-.147
1037	-.232
2986	.082
3708	.401
2987	.184
3709	.521
316	.053
2988	-.082
3710	.491
1038	.202
2989	.321
3711	.111
285	-.059
2990	-.161
317	-.228
1007	-.505
3712	.098
103	-.235
825	.071
104	-.258
826	-.969
265	-1.083
105	.185
4902	-1.334
5624	-1.751
4903	-.567
5625	.033
2016	.629
2738	-.702
2017	-.06
2739	.492
2018	.077
2740	.805
2019	.247
2741	.729
2020	-.317
2742	-.725
2021	.405
4904	-.366
5626	-.044
4905	-.15
5627	-.052
4906	-.512
5628	-.294
4907	.026
1039	-.15
5629	-.19
4908	-.07
5630	-.488
4909	-.448
235	-.362
5631	-.258
3176	-.089
3363	.796
4085	-.166
476	-.204
1198	-.016
477	.22
1199	.338
318	.403
478	.176
479	.008
1040	.064
3898	.057
1201	.23
480	.238
1202	.507
481	.239
626	-.162
1203	.203
1348	-.829
3364	-.287
4086	-.52
3365	.312
4087	-.054
3366	1.219
4088	.535
3367	.097
4089	.147
3368	.083
4090	.068
627	-.52
1349	-.021
2041	.381
3369	-.35
2763	-1.275
2042	1.984
2764	-.222
2043	.086
2765	-.126
2044	-.742
2766	-.578
2045	.565
2767	1.431
4928	.316
5650	.103
955	-.055
4929	-.307
2552	-.175
1831	1.12
2553	.182
1832	-.136
2554	.075
3201	-.23
3876	.048
1833	.201
2555	.181
3923	.179
1834	.133
2696	.085
1975	.274
2913	.193
2697	-.146
1976	.054
2698	.647
1977	.697
2699	1.013
1978	-.038
2700	.149
1979	-.16
2701	.096
4862	.304
5584	-.008
4863	-.374
5585	-.242
4864	-.18
5586	-.329
4865	-.105
5587	.813
4866	2.522
5588	.626
4867	1.034
5589	.548
1980	.679
2702	.044
1981	.315
2703	.315
1982	.508
2704	-.004
1983	-.427
2705	-.283
5651	.655
4930	-.13
5652	-.017
268	.408
2196	-.203
4931	.328
4357	-.191
5079	-.69
4358	-.565
3202	-1.155
5080	-.843
4359	-1.544
5081	-1.531
990	-1.315
4360	-1.497
5082	-1.633
4361	-1.838
269	-2.13
5083	-1.683
991	-1.369
4362	-2.055
270	-2.274
5084	-.511
1475	-1.442
2197	-.208
1476	-.074
2198	-.374
1477	-.606
2199	.769
992	.07
1478	-.058
2200	.551
1479	.774
3153	.64
2201	.244
1480	.308
2202	.378
4363	.412
5085	.464
4364	1.269
5086	.188
4365	.748
3875	-.083
5087	.072
4366	-.122
232	-.376
5653	-.65
4932	-.125
5654	-.096
4933	.498
5655	.428
241	.443
963	-.108
242	-.233
964	.219
3924	.31
243	.36
965	-.151
244	.006
966	.248
245	.534
3440	.589
4162	.344
3441	.04
4163	.386
1613	.133
2335	2.696
1614	.673
2336	.078
279	.229
1615	-.064
2337	.65
1616	-.294
2338	.231
1617	-.065
3203	.048
2339	.519
1618	-.57
2340	-.009
4501	-.085
5223	-.197
4502	-.177
5224	-.138
4503	.057
5225	-.339
4504	0
4505	.005
5226	.056
5227	-.123
4506	-.646
5228	-.249
1619	-.772
2341	.636
1620	-.097
246	.105
967	-.156
2342	-.294
968	.253
3129	1.101
3851	.661
3130	.261
3852	.465
3131	.331
3853	.639
3132	1.485
3854	.372
3133	.159
3855	.101
3134	.012
3856	.41
247	.6
969	2.743
248	-.351
970	-.266
3925	-.024
249	-.292
971	-.03
250	.034
4858	.17
2828	-.517
5580	-.191
4859	-.141
5581	-.004
4860	-.437
5582	.317
4861	.549
5583	.343
169	.003
3204	-.23
891	.503
170	-.1
892	.257
171	.453
893	.461
172	.486
894	-.006
972	.021
251	-.041
252	.709
974	-.341
3135	.063
3857	.07
3926	.422
3136	.417
3205	.524
3858	.136
3137	.525
3859	.711
3138	.494
3860	.725
3139	.848
3927	.901
3206	.478
3861	.459
3140	.368
3862	.858
253	.389
975	.413
254	.094
976	.006
255	.548
977	.085
256	-.311
978	.108
4848	.129
3523	.006
3928	-.188
5570	.283
4849	.638
5571	.305
1962	.735
2684	.814
1963	.253
2685	-.023
1964	.127
2686	-.061
1965	.585
2687	.547
1966	.07
2688	-.366
1967	.023
2689	.311
4850	-.475
5572	.427
4851	-.454
5573	-1.371
4852	-.31
5574	-.056
4853	.107
4245	-.244
5575	-.089
4854	-.052
5576	-.47
4855	.119
5577	-.181
1968	.506
2690	-.212
319	.33
1969	.002
2691	.116
1970	.373
2692	.466
1971	.163
2693	.256
1972	.183
3524	.42
2694	.38
845	-.135
124	.014
846	1.416
125	.397
847	.312
126	.247
1041	.351
848	.324
320	.023
1515	.094
1042	.141
2237	.263
321	.226
1516	.11
1043	-.646
2238	.8
4399	-.166
5121	-.089
4400	.214
5122	.088
4401	-.219
5123	-.493
4402	-.435
5124	-.21
4403	-.449
5125	-.255
1004	-.213
1854	.066
4404	.162
5126	.079
2576	.197
1855	-.108
322	.184
2577	.319
1856	.091
2578	-.682
1857	.536
2579	.157
1858	.305
2580	-.018
1859	.075
257	-.17
979	.154
1044	.362
323	.06
258	-.122
980	-.058
1045	.382
3141	-.031
3863	.054
324	.431
3142	-.126
3864	.239
3143	.207
3865	-.219
3144	.063
3866	.414
3145	-.275
1046	-.621
3867	.232
3146	-.042
3868	-.057
259	-.057
981	.042
3207	.531
260	.789
982	.712
261	-.19
983	.063
3929	-.007
262	.116
4641	-.101
5222	.122
1950	.009
2672	-.181
1951	.264
3208	-.058
2673	-.24
1952	-.195
2674	-.096
1953	.003
2675	-.028
1954	.252
2676	.099
1955	.158
2677	.052
4838	.109
5560	-.579
4839	-.123
3844	-.34
5561	-.051
3642	-.243
2921	-.067
3643	.042
3729	.046
3008	.022
3930	.044
3209	-.058
3730	.027
458	.017
1180	-.277
459	.039
1181	.215
460	.286
3931	.153
1182	.229
461	-.003
988	.22
1183	-.213
462	.544
1184	.405
463	-.033
3174	.237
1185	.017
3896	.145
3346	.471
4068	-.272
3210	.928
3347	.973
4069	.411
3348	-.096
4070	-.122
3349	.202
3932	-.34
4071	-.721
3350	-.104
2928	.004
4072	-.108
3351	-.176
3175	.088
4073	-.107
45	-.283
984	.226
263	.058
985	-.013
264	.106
986	.466
3147	-.124
3869	.223
3148	.172
3870	-.473
3149	-.073
3871	.023
3150	-.222
3872	-.103
3151	-.309
3873	.114
3211	.298
3152	.208
602	-.103
3874	-.185
4988	.098
1324	-.218
603	-.133
1835	-.182
1325	.731
2556	.053
604	-.282
1326	-.135
605	-.09
1327	-.162
606	-.271
1328	.387
607	.771
1329	1.784
3490	.242
4212	2.952
3491	1.864
3933	.624
4213	.428
3492	.31
4214	.059
3493	.582
4215	.336
3494	1.169
1537	.568
2259	.858
1538	.434
2260	.284
1539	.099
2261	.635
1540	-.22
2262	-.124
4423	1.105
5145	.091
4424	1.489
5146	.172
4425	.287
5147	-.283
4426	-.135
5148	.647
4427	.2
5149	.208
4428	.868
3212	-.055
5150	.094
1878	.678
2600	-.114
1879	.121
2601	.197
3170	-.225
1880	.309
2602	.03
3934	-.574
2603	.135
1882	.093
3649	-.955
2604	-.358
1883	-.008
2605	.151
666	-.267
4766	-.019
325	.148
5488	.259
101	-.051
4767	.084
823	.012
4270	-.315
3549	-.216
4271	-.389
662	1.272
1384	1.908
663	.151
1385	-.416
664	-.417
1386	-.01
665	-.103
1387	.054
2475	.349
4621	-.217
5343	.369
4622	.313
5344	.238
4623	-.029
1047	.029
5345	.219
4624	
326	1.18
5346	.682
4625	
1048	.262
5347	.217
4626	
5348	.079
1739	.246
2461	.448
1740	-.046
2462	.8
1741	.455
2463	.959
1742	.081
2464	.637
1743	.464
2465	.145
1744	.074
2466	-.04
4627	
5349	.205
4628	-.585
5350	.697
4629	
5351	.315
4630	-.203
5352	-.174
4631	.48
5353	.135
4632	.149
5354	.159
327	.575
1745	.809
2467	2.207
1746	.925
2468	.323
1754	.143
4216	1.754
3495	.481
4217	-.476
608	-.86
1330	-.25
609	.134
1049	-.811
1331	-1.164
610	.133
1332	.067
328	-.862
611	-.306
1333	-.252
612	.111
1334	.313
613	-.305
1335	-.386
1050	.224
3496	.055
4218	-.076
3497	.236
4219	-.179
3498	-.157
4220	-.858
3499	.419
453	-.175
4221	-.023
1174	.193
452	.246
4061	-.928
3339	.264
3169	-.17
4060	-.075
3338	.426
4059	-.022
3337	.131
4058	.02
3336	.516
4057	.079
3335	.187
329	.026
4056	.317
3334	.231
1173	-.036
451	.246
1051	.347
1172	0
330	-.09
450	.63
1171	.04
449	.1
3890	.258
1170	.633
448	.471
1169	
447	.595
446	.059
3168	.358
4055	.329
3333	.334
1052	-.442
4054	.811
3332	.328
4053	.637
3213	.391
3331	-.06
3889	.248
4052	.465
3330	.297
3935	-.063
4051	.076
1388	.083
3329	.343
667	-.373
1389	.166
3550	.154
4272	-.314
3551	-.081
4273	.195
1394	.366
3214	.424
3552	1.323
3936	.615
3215	-.176
4274	-.16
3553	-.283
4275	-.28
3554	
673	-.22
3937	-.044
3555	
4276	.117
4277	.169
668	.143
3216	.371
1390	.168
3938	-.01
669	1.004
3217	1
1391	.64
3939	.597
1395	.387
3218	.376
670	.925
3940	.963
331	-.57
1392	-.804
3650	-.672
2929	-.091
1053	-.19
3651	.007
2930	.197
332	-.541
3652	.282
43	-.131
765	.291
671	.049
1054	.225
333	-.359
1393	-.555
672	-.624
1055	-.877
2474	-.12
4379	-.408
5100	.369
4378	-1.339
5099	-.362
4377	.173
5098	-.141
4376	.243
5097	.373
4375	-.186
2214	.587
334	.224
1492	.146
2213	.25
1056	.248
1491	-.109
1490	-.383
2212	.932
2211	.388
1489	.273
1488	-.311
2210	.526
2209	.586
1487	.09
335	-.572
5096	-.247
5710	-.552
3500	-.965
4374	-.128
4222	-.26
3501	2.288
4223	2.268
614	2.287
1336	.881
615	-.06
1337	.438
616	.481
1338	.153
617	.097
5489	.328
4768	-.031
5490	.126
4769	.18
5491	-.452
4770	-.055
674	.057
5492	-.035
4771	.216
5493	-.961
1884	-.798
2606	-1.152
1885	-.845
2607	-1.33
1886	.078
1887	.208
2608	.375
3892	.316
1396	.242
2609	.32
283	-.018
2610	.05
1889	.052
2611	-.069
4772	.039
5494	-.167
4773	-.365
5495	-.275
4774	-.284
675	-.033
5496	-.019
4775	-.184
1005	.075
1397	-.137
5497	-.111
4776	4.02
5498	1.947
4777	-.286
5499	.131
1890	-.062
2612	-.188
1891	-.166
2613	-.304
1892	-.427
2614	-.132
1893	-.04
2615	-.275
1894	.048
2616	.689
1895	.755
2617	1.016
4643	.093
4778	.453
5365	-.048
1339	.277
618	.092
1340	-.242
619	.047
676	-.127
1341	.061
1398	.035
3502	-.113
3562	-.286
4224	-.218
3503	.009
4225	.129
3504	.225
4226	-.113
3505	.17
4227	-.047
3506	-.047
4228	-.13
3507	.487
4284	.217
4229	.485
620	.238
1342	.552
3563	-.055
621	.838
4285	-.214
1343	.21
3564	.224
622	.39
1344	.678
4286	.523
623	.459
1345	.374
624	.031
1346	-.102
625	.361
1587	.162
2309	.801
1588	.244
2310	-.327
4471	-.506
5193	-.691
4472	-.258
5194	.082
632	.161
4473	-.081
5195	-.137
4474	.522
1354	-.071
5196	.074
4475	.096
5197	.078
4476	.129
5198	-.409
1926	-.097
2648	-.272
680	-.304
1927	-.045
2649	.12
1928	.639
633	.005
2650	.478
1929	.179
2651	-.055
2470	.018
1930	.285
2652	.045
1931	.425
2653	.235
4814	-.137
5536	0
4815	.205
5537	1.055
4816	3.108
5538	.205
1347	.078
4817	.151
3508	.88
4230	.268
3509	.847
130	-.021
4231	-.221
851	.123
3510	.232
4232	.087
5440	-.465
4718	
2557	.061
4153	-.013
3431	.239
4152	-.099
1402	.553
3430	.269
1269	.341
681	.324
547	.428
1268	.163
546	.446
1267	.306
545	.171
3511	.458
4233	.218
3512	.899
4234	-.123
3513	.196
4235	.748
1685	1.008
2407	.63
1686	.301
2408	.452
1687	.362
2409	.928
1688	.819
2410	.252
1689	.026
2411	.039
1403	-.068
1690	-.028
682	-.047
2412	.443
4573	.006
5295	.119
4574	.297
5296	1.531
4575	-.18
4642	-.15
1404	.024
5297	.15
3568	.14
4576	.507
4577	-.017
5298	.605
5299	.031
4578	.047
5357	.234
5300	.013
1691	.198
2413	.238
1692	-.01
2414	.761
1693	-.055
2415	.485
1694	-.265
2416	1.684
1695	.803
2417	.56
4290	.406
1696	.045
2418	.252
4579	-.047
5301	.283
4580	-.713
5302	.357
4581	.385
5303	.697
4582	.304
5304	1.525
4583	1.401
5305	.254
4584	
5306	-.173
1697	.114
2419	.275
1698	.452
2420	-.494
1699	-.386
2421	.424
3569	.199
1700	-.131
2422	-.027
1701	.874
4291	.015
2423	1.252
3025	.917
3747	.617
3026	.121
139	-.048
3748	.342
861	.483
140	-.148
862	-.17
141	-.173
863	.262
142	-.121
864	-.493
143	-1.005
865	.365
144	-.307
747	.81
3570	.338
866	.137
3027	-1.194
3749	.122
3028	.338
3750	-.339
3029	-.065
3751	.384
3030	.026
3752	-.018
3031	.01
3753	.606
3032	.536
3754	.511
482	-.154
1204	-.166
483	-.171
1205	.341
484	.81
1206	.195
3516	.423
42	.665
485	.77
1207	-.013
3556	.374
4278	-.101
3557	-.284
4279	-.38
3558	-.218
4292	-.397
4280	.184
3559	-.109
4281	-.063
3560	-.141
4282	-.085
3561	-.18
686	.04
4283	.054
1733	-.179
2455	.544
1734	-.177
2456	.315
1735	-.301
2457	.679
1736	-.615
2458	.203
1737	.123
2459	.219
1738	-.033
2460	.221
2346	.423
3846	.366
1624	.355
2345	-.318
1623	-1.208
1001	-1.105
2344	-.427
1622	-.237
4989	.09
1144	.136
1621	0
2343	.447
422	.448
4031	.401
3309	.519
4030	.326
3308	-.091
4029	-.299
3307	.144
4028	.351
3306	.54
4027	.116
3305	.796
4026	-1.256
3304	.338
1143	.264
421	.078
1142	.192
420	.087
1141	.026
419	-.308
280	.026
1140	.069
418	.226
1139	.137
417	-.707
1138	-.164
266	.003
416	.054
4025	-.079
3303	.068
4024	-.143
3302	.302
4023	.026
3301	.323
4022	.093
3300	.484
4021	.894
1702	1.167
3299	-.256
2424	2.089
4585	.973
5307	.865
4640	-.197
4586	-.323
3344	.304
5308	-.12
5363	.399
4587	.179
5309	.203
4644	-.514
4588	
5310	1.963
4589	
5311	1.842
1408	1.003
4590	-.115
5312	-.854
1127	.007
1703	-.971
406	-1.123
1128	-.117
407	.217
1129	.415
408	.26
1130	-.508
409	.142
1131	.059
3292	-.129
4014	2.435
3293	.83
4015	-.006
3294	.463
4016	-.001
3295	.317
3296	.436
4017	-.056
687	-.063
4018	-.026
3297	.329
4019	.099
1469	-.11
2191	.108
1470	.014
2192	.099
1471	-.161
267	-.161
2193	-1.043
989	-.203
1472	-.121
2194	.126
2917	-1.583
4038	-1.527
3316	.362
1155	.281
433	-.157
1154	-.077
432	.514
1153	.4
431	.162
1152	.035
430	.108
1151	-.061
429	.31
1150	-.153
428	-.068
4037	.201
3315	.673
281	-.226
4036	-.183
3314	.451
4035	.054
3313	.428
4034	-.652
3312	.583
4033	.098
1002	-.187
1409	-.326
3311	.464
3433	1.026
4032	.353
3310	.679
1149	.017
427	.197
688	.07
1148	-.167
426	.137
1147	.433
425	.115
1146	.296
424	.408
1145	1.086
423	.57
4210	.182
3489	.464
4211	.063
1661	.086
2383	.715
1662	
2384	1.487
1663	.338
2385	1.194
1664	3.352
2386	.809
1665	.829
2387	.782
1666	-.087
2388	.805
4549	.211
5271	-.074
4550	.23
5272	.18
645	.343
1410	.086
4551	.069
1367	.117
3574	.053
5273	-.071
4552	-.017
5274	.142
4553	.25
5275	1.234
4554	1.065
5276	-.216
1667	-.21
2389	.135
1668	-.207
4639	-.459
2390	-.123
646	1.208
1669	.981
2391	.537
1670	.896
2392	.673
1671	.319
2393	-.103
4296	-.265
1672	.702
3575	.764
1368	.116
2394	.577
4297	-.009
647	-.244
3576	-.476
4555	-.203
5277	-.146
4556	-.079
1369	.208
4298	-.249
5278	-.01
4557	-.093
5279	.892
4558	-.003
5280	-.913
4559	.153
5281	-.061
4560	-.079
5282	-.282
1673	.442
692	.627
2395	.459
1674	.71
1414	.453
2396	.119
1675	.07
2397	1.779
1676	-.261
2398	-.153
1677	.029
2399	-.144
1678	.58
2400	-.015
464	-.134
1186	.056
465	.073
1187	.401
466	-.178
1188	.871
467	.199
1189	.323
468	.244
1190	-.235
469	.018
3897	-.3
1191	-.026
3352	.025
4074	-.045
3353	.76
4075	.549
3354	1.24
4076	2.834
3355	4.529
4077	2.861
3356	.523
4078	-.031
1837	.135
4729	.023
2559	-.223
1838	.287
2560	-.089
1839	-.111
2561	.027
693	.196
1840	-.022
1415	.168
2562	.045
1841	-.272
694	.111
2563	.216
4724	.314
5446	-.179
4725	-.092
5447	.091
4726	.599
5448	-.063
4727	-.184
5449	.467
4728	1.241
5450	.805
5711	-.124
5451	.185
1842	.337
1416	.11
2564	.072
1843	-.52
2565	.148
1844	-.185
2566	.363
1845	.788
3155	.622
2567	.064
1846	-.144
1283	-.247
2568	-.19
562	-.117
1284	.269
3580	.08
563	2.667
1285	1.955
564	.124
1286	.074
4302	-.465
565	.234
1287	.482
3581	.991
3448	.761
1364	.311
4170	-.125
3449	-.175
4171	.417
3450	.718
4172	.074
3451	.234
4173	.465
3452	.203
4174	-.246
3453	-.418
4175	-.109
566	.527
643	.215
1288	.326
567	.175
1365	.154
954	.274
1289	.556
5088	-.094
4367	.013
5089	.668
4368	.125
5090	.734
1481	2.345
2203	1.066
1482	.123
2204	.334
1483	1.809
2205	-.043
1484	-.249
2206	.437
1485	.177
2207	.466
4303	-.05
1486	-.345
2208	.42
3154	-.323
4369	.062
5091	.501
4370	.295
5092	-.217
4371	.245
5093	.063
4372	.198
233	.015
5094	.116
4373	.382
5095	.3
5441	.394
4720	.162
3582	-.415
5442	.102
3656	2.436
4721	.701
5443	.65
4722	.304
5444	0
4304	-.178
4723	-.242
5445	.043
1836	-.4
568	.119
2477	-.081
2558	.51
3526	.042
1290	.303
4248	-.628
677	.059
569	-.039
1291	.028
3527	.09
570	-.142
1399	.076
1292	.078
571	.091
678	-.073
1293	-.027
3454	-.311
4176	-.425
3455	.357
4177	-.578
3456	-.937
4178	-.44
1400	.355
3457	-.092
4249	.178
4179	-.301
3458	-.115
4180	.246
3459	.568
4181	.243
679	.151
572	.274
1294	.576
573	-.549
4244	-1.392
5569	-1.212
4847	.427
5568	-.051
4846	-.024
5567	-.18
4845	.432
5566	-.298
4844	.091
2683	-.01
1961	.012
2682	.255
1960	.09
2681	-.159
1959	.873
2680	.19
3522	.259
1958	-.475
2679	-.042
1957	.01
2678	-.833
1956	-.151
1401	-.17
2471	.474
1749	-.274
5565	.685
4843	.987
5564	-.104
4842	.026
5563	-.021
4841	-.463
5562	.487
4840	.169
239	.077
887	.387
5539	-.121
4818	-.157
5540	2.516
4819	3.072
5541	.19
1932	.28
2654	-.331
1933	-.199
2655	-.234
1934	.356
2656	.455
1935	.721
2657	.545
1936	.425
2658	-.008
1937	.396
2659	-.006
4820	.261
5542	-.076
4821	-.386
3565	-.031
5543	-.156
4822	-.432
1355	-.319
5544	-.456
4823	-.235
5545	-.353
4824	-.236
5546	-.311
4825	-.4
5547	-.233
1938	-.339
2660	.277
1939	.06
2661	.264
3839	-.046
1003	-.219
1501	-.091
2223	.248
1502	.158
2224	.499
1503	.058
2225	.775
1504	-.199
2226	.651
4387	-.021
282	.398
4287	.153
5109	-.115
4388	.113
5110	-.055
4389	.147
5111	1.574
4390	.084
5112	.053
4391	.599
3566	.3
5113	-.01
4392	.27
5114	-.035
1505	.036
2227	.79
5459	.21
1506	.271
4738	-.287
2228	1.161
5460	.528
1507	.92
4739	.235
2229	1.122
3117	.341
5461	-.091
4740	.465
5462	.57
4741	.281
5463	.138
49	.07
771	.232
50	.127
772	-.489
3878	.311
51	.114
773	.645
4288	.848
52	.05
3567	.056
774	.133
53	-.011
775	.263
54	.858
776	.605
3157	.4
2937	.6
3879	-.161
4289	-.37
3659	.976
2938	-.147
3660	-.408
2939	.049
3661	.176
2940	.982
3158	-.535
3662	.625
2941	.452
271	.521
134	.273
3880	.226
3663	.595
856	-.473
135	-.034
857	.124
136	-.024
858	.088
137	-.186
859	-.162
138	.341
860	.168
3021	.186
3743	.191
3022	-.142
3744	-.223
683	-.035
3023	.406
3745	.202
3024	.173
3746	.138
5500	-.084
4779	.203
5501	.238
4780	.133
5502	-.189
4781	.256
5503	.392
4782	.085
5504	1.337
4783	-.055
5505	-.008
1896	.387
284	-.072
1405	.13
2618	.011
1897	.709
2619	-.066
1898	-.007
2620	-.185
1899	.43
2621	.006
1900	.595
2622	.823
684	.625
1901	.987
2623	.068
4784	.255
5506	-.238
4785	.313
5507	.962
4786	.563
1406	.364
5508	.316
4787	.521
5509	.143
4788	.136
5510	.522
4789	.341
5511	.037
685	-.19
97	.034
819	.456
98	.18
1407	-.252
820	.391
99	.109
3571	.012
821	-.502
4500	-.041
100	-.245
5221	-.21
822	-.438
4499	-.176
5220	-.472
4498	-.183
5219	-.433
4497	.097
5218	.48
4293	.17
4496	.24
5217	.046
4495	-.399
2334	-.449
1612	.292
2333	-.238
3572	-.167
1611	.251
2332	-.079
1610	.066
2331	-.217
4294	-.618
1609	-.086
3573	-.154
4243	-.44
2330	1.335
4295	.103
1608	.268
3521	.383
2329	-.038
1607	.16
5216	.214
4494	.243
5215	.025
4493	.608
689	.034
4242	-.113
5214	.02
4492	.429
1411	.201
3520	.273
5213	-.145
4491	-.46
1295	-.111
574	.118
1296	.055
575	-.177
1297	-.046
576	.216
690	.208
1298	.19
577	-.133
3094	1.413
1299	1.091
3528	-.416
3460	1.363
4182	1.122
3461	.481
4183	1.1
3462	.141
1412	.03
4250	.071
4184	-.222
3463	-.356
4185	-.119
3464	.128
4186	.155
3465	-.13
4187	.512
1637	1.129
2359	.037
1638	-.329
2360	.554
1639	.566
1753	-1.402
2361	1.138
5527	.655
2916	.378
3638	.197
1748	.04
691	-.005
3639	.09
2918	.466
4806	.271
5528	.318
4807	.373
5529	.406
1920	-.33
2642	.08
1921	.196
3640	.64
2643	.75
1922	-.107
2644	.442
1923	.294
2645	.934
1924	-.285
2646	.11
1925	-.397
2647	.137
1413	-.486
4808	-.397
5530	.492
4809	-.057
5531	-.767
4810	-.087
5532	-.836
4811	-.324
5533	-.06
4812	-.149
5534	.339
4813	.345
631	.199
5535	.284
121	-.527
843	-.308
122	-.387
844	-.019
1353	.175
123	-.014
3328	.727
4050	-.128
1167	.242
445	.245
1166	.454
444	.021
1165	.06
443	-.121
2923	.012
3577	.321
3644	.3
2425	.538
2922	.14
1704	.138
973	.501
2426	.483
1705	.43
3126	.512
3848	-.203
3127	.144
3849	1.388
999	1.396
1595	1.335
3128	2.125
5204	-.048
4299	-.132
4482	-.165
5203	.458
4481	.177
5202	-.49
4480	-.02
5201	.285
4479	.268
5200	-.132
4478	-.008
5199	-.884
4477	-.333
2316	-.251
1594	.421
3578	-.631
2315	.833
1593	.396
2314	.207
4300	-.48
1592	-.057
3579	.136
2313	.239
1591	.205
2312	1.178
1590	.259
2311	.161
4301	-.299
1589	.174
4139	-.089
3417	.455
4138	-.437
3416	.331
3380	.399
4101	.015
3379	1.115
4100	-.152
3378	.57
4099	-.152
3377	.113
4098	-.137
3376	.188
1215	.12
3517	-.34
695	0
493	.252
4238	.8
1214	.873
492	.419
1213	.411
491	-.071
1212	-.146
490	.105
1211	.183
238	.115
489	.836
1417	.52
696	.581
1210	.789
488	.429
4097	-.021
3375	.479
4096	.319
3374	.201
4095	-.175
3373	-.48
4094	.551
3372	1.682
4093	1.477
3371	1.588
4092	-.79
3370	.385
1209	.272
487	.475
1208	.588
486	.354
959	.57
2427	.389
1706	.214
2428	.176
1707	.221
2429	.188
1708	-.365
1847	.285
2430	.591
2569	.235
4730	-.278
5452	-.555
4731	-.727
5453	-.836
4732	.585
5454	.319
3156	.152
4733	.143
5455	-.132
4734	.113
1418	-.08
5456	-.243
4735	-.207
5457	-.164
1848	-.388
2570	-.251
1849	-.145
2571	-.204
1850	.2
2572	.445
697	.004
1851	.059
2573	-.185
1852	-.041
2574	-.104
1419	.41
1853	.502
2575	.155
4736	.163
5458	.058
234	.093
4737	.108
3673	.57
2952	-.539
3884	.048
3674	.094
3057	-.009
2953	-.352
3675	.044
2954	.308
3583	-.004
3676	.623
67	-.19
789	.126
68	.117
790	.324
69	.136
3163	.102
791	-.038
70	-.106
792	.337
71	.129
793	.254
3885	.04
4305	.218
72	.429
3164	.052
794	.234
3886	.211
2955	.632
3584	-.05
3677	.247
2956	.347
4306	.45
3678	-.001
757	-.031
2957	.273
36	-.067
758	.049
3679	.061
2919	.352
3641	.219
2920	.471
5364	.245
4591	-.383
5313	-.113
4592	.017
4990	-.031
5314	.484
4593	.551
5315	.027
4594	-.074
5316	-.086
4595	-.158
5317	.152
4596	-.099
3585	-.047
5318	-.615
2046	.071
4636	.287
4004	-.523
3283	-.052
4005	-.185
3284	.392
4006	-.087
3285	-.086
4007	-.367
398	.015
1120	-.155
399	.072
1121	.074
400	.173
1122	.069
401	.075
1123	.047
402	-.157
1124	-.197
403	-.657
1125	-.393
3286	.209
4008	-.181
3287	.039
4009	.283
3288	.524
4010	-.339
3289	.141
4011	.376
3290	.362
4012	-.333
3291	.331
4013	-.059
404	-.171
1126	-.04
405	-.132
2768	.1
2047	.347
386	-.045
994	.095
2769	.14
273	.038
1108	-.22
387	.083
995	-.108
274	.013
1109	.402
388	.168
1110	.349
389	-.165
1111	-.032
390	.217
1112	.152
4307	-.251
391	.272
1113	.404
996	.345
3274	-.085
275	.043
3996	.303
3275	1.716
3997	.084
3276	.881
3998	-.563
3277	.068
3999	.119
3278	.335
1057	-.544
4000	-.166
3279	-1.525
237	-.016
4001	-.14
392	-.012
3009	.113
1114	.214
3731	.131
393	-.055
3010	.142
1115	-.051
3732	-.026
3011	.009
3733	-.247
394	-.293
3012	-.456
3514	-.239
1116	-.216
3734	.035
395	.113
3013	.3
1117	.487
3735	.416
396	.344
3014	.335
1118	.237
3736	.323
127	-.235
397	-.27
849	.214
128	-.081
1119	-.34
4236	-.303
850	-.5
129	-.209
852	-.257
3515	.1
131	.29
853	.099
132	.122
336	-.057
854	.384
4237	.259
3015	.193
3737	.085
3016	-.134
3738	.052
3017	.293
3739	-.042
3018	.138
3740	.406
3019	-.327
3741	-.107
3020	-.218
3742	-.304
133	1.161
855	.251
3280	-.661
4002	-.06
3281	-.318
4003	.119
3282	-.054
2048	.907
2770	.192
2049	.029
2771	1.076
2050	1.031
2772	.549
2051	.576
2773	-.014
4934	-.194
5656	.091
4935	.499
5657	-.161
4936	.204
5712	-.046
5658	-.069
4937	.339
5659	.14
4938	.523
5660	-.059
4939	.223
5661	.084
2052	-.008
2774	.14
2053	.038
1058	.137
2775	-.227
2054	.335
2776	.994
2055	2.071
2777	1.461
2056	.986
2778	1.399
3694	.902
2972	.424
3693	-.041
2971	.281
4411	-.14
2250	.212
1528	-.648
2249	.083
1527	.211
2248	.555
3219	.176
1526	.476
2247	.296
1525	.676
2246	-.136
1524	-.411
2245	.049
1523	-.468
3941	-.917
5132	-.661
4410	.036
5131	.559
4409	.179
5130	-.485
4408	.719
5129	.196
4407	-.532
5128	.079
4406	-.035
5127	.579
4405	.642
2244	.785
2308	.796
1586	-.169
987	-.159
1522	.614
2307	-.052
3220	-.172
4241	.029
1585	.012
2243	1.052
1521	-.148
2306	.6
1584	.798
3121	.63
748	.349
2305	.726
1583	.6
3519	.62
5192	.533
4240	-.267
4470	-.383
3518	.185
5191	.114
4469	-.265
5190	.076
4468	-.001
5189	.724
4467	.492
5188	.843
4466	.148
5187	-.206
4465	.35
2304	.488
1582	-1.139
3942	-1.076
2303	.213
1581	.021
2302	.547
1580	-.006
2301	-.209
1579	-.107
2300	.643
1578	-.079
2299	.135
1577	-.069
3221	-.466
5186	-.235
2983	.377
4464	.092
3704	-.105
2982	.315
3703	.226
2981	-.367
3702	.316
2980	.326
3701	-.059
2979	.385
818	-.28
96	-.479
817	-.109
95	-.476
816	-1.157
94	-.91
815	.182
93	.333
814	.292
92	.137
813	-.175
91	-.365
3943	-.378
3700	-.758
2978	.532
3699	.112
2977	.053
3698	.202
2976	.529
3697	.522
2975	.32
3696	-.041
2974	.17
3695	-.247
2973	-.29
812	.099
90	.07
811	.023
2933	.05
89	.292
810	.393
88	.144
3222	.546
809	.449
87	.239
808	.304
86	.301
807	.57
85	.225
2057	-.271
2779	-1.16
4940	-.352
5662	-.264
4941	-.144
5603	-.289
4881	.131
5602	-.217
4880	-.113
2719	.519
1997	.111
2718	.205
1996	-.121
2717	.107
1995	.231
2716	-.122
1994	-.345
2715	.292
1993	-.1
2714	-.12
1992	-.113
5601	-.346
4879	-.221
5600	-.218
4878	.088
5599	-.272
4877	.5
5598	.156
4876	.33
5597	.89
4875	.73
5596	-.062
4874	.061
2713	.094
1991	.058
2712	-.176
1990	-.478
2711	-.377
1989	.379
2710	.313
1988	.17
2709	-.892
1987	-.383
2708	-.104
1986	.175
5595	-.18
4873	-.261
5693	-.094
5594	-.208
5690	-.172
4969	-.08
5691	.352
2082	-.298
2804	-.178
2083	.2
2805	-.166
2084	-.048
2806	-.078
2085	1.118
2807	.096
2086	.188
2808	.042
1984	-.001
2087	.311
4719	
2809	.042
4970	-.555
5556	-.065
4834	-.261
5555	.088
4833	.265
3944	-.071
5554	.378
3223	-.333
4832	-.341
2671	.055
1949	.24
2670	-.235
3945	-.415
1948	-.447
3224	.048
2669	.263
1947	.42
2668	.274
1946	.547
2667	.467
1945	.586
2666	.056
1944	-.159
4831	-.481
5553	-.582
5552	-.14
4830	.19
5551	-.035
4829	.09
5550	.04
4828	.041
5549	-.242
4827	-.054
5548	-.529
4826	.231
2665	-1.103
1943	-.078
2664	.614
1942	-.013
2663	.108
1941	-.277
240	.272
2662	.246
961	.416
1940	.563
4561	.483
5283	.981
4562	1.205
5284	.073
4563	.152
5285	-.129
4564	-.449
5286	-.235
4565	
5287	-.39
4566	-.342
5288	-.167
1679	-.121
2401	-.198
1680	
2402	-.703
1681	-1.845
2403	-1.349
1682	.096
2404	.782
3946	-.081
1683	.032
2405	.415
1684	.707
2406	.877
4567	.466
5289	.187
4568	.802
5290	.467
648	.401
4569	.734
5291	.146
4570	.124
5292	-.269
1757	.038
4571	.367
5293	.127
1370	-.182
2479	-.091
4572	.629
5294	1.898
1758	.271
2022	.373
2744	1.806
3845	1.623
5362	.015
5579	.104
4857	-.176
5578	-.069
4856	-.019
2695	.063
1973	.186
2023	.473
2745	.527
2024	.126
2317	.657
1596	.213
2318	.627
1597	.016
2319	1.059
2480	.116
1598	-.234
2320	-.244
2936	-.698
1599	-.387
2321	.648
1600	.053
1759	.284
2322	.604
4483	-.529
5205	-.666
4484	-.366
5206	.433
4485	-.025
5207	.29
4486	-.466
2481	-.233
5208	-.315
1359	.233
1760	-.32
4487	-.059
5209	-.112
4488	-.233
2482	-.019
5210	.072
1601	.23
2323	.435
1602	.318
2324	.743
1603	.353
2325	1.936
1604	.416
1761	.541
2326	.033
1605	.27
2327	.238
1606	.396
2328	.386
4489	.002
2483	.196
5211	-.093
4490	-.142
1762	1.028
5212	-.067
4635	-.335
2746	-.347
2025	.41
2747	.308
4435	-.127
5157	.186
4436	.107
5158	-1.099
4437	.681
5159	1.033
4438	.393
5160	.169
4439	-.175
5161	-.329
4440	1.571
5162	.028
1553	.14
2275	.472
1554	-.087
2276	.177
1555	-.297
2277	-.061
1556	-.195
2278	1.414
1557	.394
1350	-.208
2484	.388
2279	.733
5163	-.244
4442	-.502
5164	-.258
236	.632
4443	.202
4795	.284
5516	.176
4794	.171
5515	.633
957	.277
4793	-.007
5514	.042
4792	.099
5513	-.191
4791	-.284
5512	.032
4790	.142
2629	.106
1907	-.166
2628	.128
1906	.031
2627	-.79
1905	
2626	.216
1904	-.626
2625	.023
1903	-.058
2624	.222
4645	-.072
1902	-.17
5174	.153
4452	-.072
5173	-.311
4451	-.024
5367	.177
4646	.01
5172	.123
4450	-.686
5171	-.068
629	.099
4449	.194
5368	.277
5170	.49
4448	.247
5169	.374
4447	.577
2286	.245
2026	.306
2748	.706
2027	.077
2749	.126
4910	1.298
5632	.169
4647	-.167
4911	.096
5633	-.078
4912	.142
5634	-.36
4913	.428
5358	.108
5635	.148
4914	.11
5636	.358
4915	.745
5637	-.188
2028	.256
2750	-.158
2029	-.115
2751	.137
2030	.284
4637	0
2752	.138
2031	.023
3705	-1.205
2984	.054
3706	.152
434	-.154
1156	.023
435	-.116
1157	-.21
436	-.057
1158	.099
437	.052
1159	-.225
438	-.433
1160	.718
439	.521
1161	.088
3167	.827
3322	.637
4044	.15
3323	.441
4045	.148
3324	-.362
4046	-.012
3325	-.035
4047	.176
3326	.166
4048	.065
3327	.341
5369	.067
4049	.156
4648	-.028
440	.405
1162	.405
441	.193
506	-.527
1163	-.28
442	.295
1228	.179
507	.193
1164	.464
1229	.071
29	.55
508	1.232
750	.808
1230	.287
509	-.048
1231	.01
510	-.072
1232	-.093
511	-.143
636	.183
1233	.005
3394	.587
4116	.266
3395	.564
4117	.535
3396	-.19
4118	-.779
3397	-.336
4119	-.103
751	-.43
5370	-.236
30	-.083
3834	-.11
752	-2.396
3113	-2.628
3398	-2.425
3835	-1.653
3114	-3.131
4120	-2.61
3115	-1.797
3836	-1.542
3635	-1.866
3116	-1.868
2914	-1.977
3837	-1.879
3838	-2.017
229	-1.73
230	-1.531
951	-.637
3636	-1.333
231	-.296
952	-.634
3399	.053
2915	-1.352
3637	.351
637	-.293
1358	-.029
4121	.3
2753	-.5
2032	-.039
2754	-.398
2033	.05
4649	-.213
2755	.008
4916	.942
5638	-.528
4917	-.385
5639	-.211
4918	.405
5640	-.369
4919	-.284
5359	.21
5641	-.108
4920	-.089
2290	.269
1568	1.221
2289	-.482
1567	-.168
2288	1.135
1566	-.004
2287	-.536
1565	-.246
4115	-.233
3393	.013
4114	-.256
3392	-.216
4113	-.033
3391	-.115
4112	.234
3390	.7
4111	-.182
3389	-.034
4110	-.257
3388	.098
1227	.161
505	-.139
4239	.356
1226	.134
504	-1.001
1225	-1.276
503	-.078
1224	.158
502	.228
1223	-.035
501	-.099
1222	-.168
500	.147
4109	-.386
3387	.326
4108	-.474
3386	.553
4107	-.363
3385	-.584
4106	-.3
3384	.116
4105	.243
3383	.122
4104	-.072
3382	.293
1221	.126
165	.173
886	-.139
164	-.449
885	.16
163	-.009
3772	.57
3050	.223
3771	.064
3049	-.003
5371	-.189
3770	.145
3048	.055
3769	.201
3047	.148
3768	.332
3046	.83
3767	.2
3045	.522
884	.662
162	.174
883	.228
161	-.389
882	.485
160	-.133
881	-.121
4507	.146
159	.322
4650	.048
5229	.294
4508	.785
5372	.04
5230	-.074
4509	-1.454
5231	-.604
4510	-.302
5232	-.466
4511	-.272
5233	.045
1763	.085
4247	.145
4512	.001
5234	.029
638	.426
1625	.177
2347	.977
1626	.214
2348	.512
1360	-.334
1627	-.241
2349	-.192
1628	-.687
2472	-.459
2350	-.258
1629	-.037
2485	-.191
1764	.422
2486	-.228
4633	-.527
1564	.265
5355	-.525
2285	.287
2931	.4
1563	-.238
2284	.29
1562	-.189
2283	-.004
1561	-.032
2282	.457
1560	.342
2281	.696
1559	.159
5168	.544
4446	-.068
5167	.41
4445	.667
770	.907
48	.414
5166	-.774
769	-.05
4444	.409
5165	.251
47	.546
471	.45
1192	.699
470	.17
4079	.33
2274	.543
3357	.787
1552	-.115
2273	.936
1551	-.237
2272	.692
1550	.647
2271	.842
1549	.983
2270	1.073
1548	.766
2269	.711
1547	-.133
628	.146
1765	-.097
5156	.344
4434	.39
5155	.463
4433	.431
5154	.215
4432	.133
5153	-.138
4431	.324
5152	-.056
4430	-.081
5151	.156
4429	-.866
2268	.515
1546	.324
2267	.609
1545	.367
2266	.341
1544	-.189
2265	.163
1543	.096
2264	.699
1542	-.008
2263	.279
1541	.156
3123	.264
4091	.212
3405	.782
4126	.029
3404	.594
4125	.38
3403	.237
4124	.112
3402	.433
4123	.022
3654	.305
2932	.913
4122	.703
3400	.758
1239	.019
517	.248
1238	.066
516	-.35
1237	-.109
515	.155
25	.165
1236	.208
2487	.335
514	.328
1235	.091
513	.336
1234	.097
512	.932
1766	.751
962	.078
1640	.011
2362	.615
1641	.281
2363	1.073
1642	.271
2364	.332
4525	.146
5247	.288
4526	.405
5248	.507
4527	.979
5249	-.28
4528	-.378
5250	-.245
4529	-.635
5251	.915
4530	1.023
5252	.238
1643	-.174
2365	.208
1644	.969
2366	.885
1645	.598
2367	-.126
1646	-.494
2368	1.099
1647	.359
2369	.216
1648	.026
2370	.33
4531	.091
5253	.329
4532	.487
5254	.791
4533	.279
5255	-.172
4534	.199
5256	-.433
4535	-.256
5257	
4536	-1.474
5258	-.035
1649	.306
2488	.152
3529	.497
2371	.724
1650	.063
2372	.437
1651	.103
2373	.096
1652	-.175
2374	.862
1756	.145
2958	1.162
3680	1.309
2959	1.644
3681	.248
2960	.46
3682	.491
28	.184
410	.218
749	.299
1132	-.258
411	.24
1133	-.001
412	.442
1134	-.095
413	.11
1135	-.197
414	-.291
1136	.148
415	1.141
1137	-.041
277	-.066
3298	.284
4020	.228
1653	.026
2375	.1
1654	.474
2376	.222
4537	-.322
5259	-.218
4538	-.176
5260	-.199
31	-.264
753	.37
4539	.077
2590	.081
1868	.495
2589	.802
1867	-.392
2588	-.153
1866	.214
5475	-.023
1767	.489
3119	.295
4753	.625
5474	.345
4752	.203
5473	-.051
4751	.021
5472	-.181
4750	.202
5471	.115
2489	.414
3165	.088
3840	.125
4638	.018
4749	.473
5470	.044
4748	.247
2587	.226
1865	-.48
2586	.031
1864	.122
2585	-.013
1863	-.621
2584	.219
27	.097
1862	-.219
2583	.069
1861	.248
4634	.722
4872	.539
5593	-1.001
4871	-.031
5592	-.075
4870	.14
5591	-.449
4869	-.243
5590	-.803
4868	-.698
2707	-.449
1985	.321
2706	-.13
3719	-.261
2997	-.128
836	.269
114	.057
835	-.049
113	-.02
288	-.167
834	.211
112	.045
833	.324
111	.553
832	.278
110	.048
831	-.308
109	.516
3718	.245
2996	-.615
1768	.382
3717	.687
2490	.128
2995	-.017
3716	.414
2994	.861
3715	.751
2993	.584
3714	.559
2992	1.378
1009	.012
3713	-.032
4651	-.251
2991	.751
830	-.119
5373	.033
108	-.262
287	.23
829	.341
107	-.281
828	-.089
106	-.136
1008	-.264
4652	-.231
286	-.244
827	.143
958	-1.194
4991	-.997
1474	.074
4882	-.072
2195	1.104
1473	-.147
953	.71
2242	.301
1520	.223
2241	.205
1519	-.245
2240	-.163
1518	.151
2239	.474
1517	0
4067	.201
3345	.384
4066	.576
3891	.139
5374	.038
4065	.113
3343	.219
3342	.668
4064	.083
4063	-.16
3341	.435
3340	-.077
4062	.587
1179	.576
457	-.102
1178	-.326
456	.06
1177	-1.078
455	-.22
1176	
454	.239
1175	
4127	-.531
518	-.764
1240	-1.262
519	-.167
4653	.049
1241	-.038
520	.052
1242	-.012
521	-.482
1243	.13
522	.212
1244	.095
523	-.069
5375	-.191
1245	.081
3406	.208
4128	.16
3407	.168
4654	.278
4129	-.299
5376	-.098
3408	.242
4130	.474
3409	.339
4131	.472
3410	.06
4132	.156
4655	-.109
3411	.596
4133	.35
524	.286
1246	.533
525	.559
1247	.522
526	.128
1248	-.056
527	.175
1249	.252
528	.65
1250	1.72
529	-.081
1251	-.277
3412	.174
4134	.111
3413	.137
4135	.153
3414	-.51
4136	-.036
3415	.414
4137	.09
5261	-.004
4540	.397
5262	.067
4541	-.539
5377	-.295
997	.346
2942	-.226
276	-.098
3664	.3
55	.163
777	.268
56	.237
778	1.438
57	-.162
998	1.158
779	1.243
58	-.127
780	.066
59	-.28
781	-.118
60	.65
3159	.124
782	1.292
3881	.591
2943	.392
3665	.487
2944	.297
4656	.329
3666	.548
2945	.188
3667	.238
2946	-.163
3668	.153
3655	.962
2947	.188
3669	.486
2948	.968
3670	.54
61	.311
783	.027
3160	-.076
5378	.431
2934	6.667
62	1.36
3653	1.116
784	.533
3882	.293
63	-.094
785	.743
64	-.316
786	-.522
65	-.303
787	.592
66	-.065
3161	.045
788	-.163
1769	.268
3883	.321
2581	-.497
3162	.074
2949	-.352
4742	-.343
5464	-.169
2491	1.624
4743	1.321
5465	.19
4744	.352
5466	-.111
4745	
5467	.255
4746	-.2
5468	-.11
4747	.13
5469	.133
1860	.004
2582	-.557
3118	.062
5604	-.255
4883	-.451
5605	-.634
4884	-.159
1770	.267
5606	.001
4885	-.79
639	.378
2492	-.161
5607	0
193	-.084
915	1.588
194	1.4
916	1.612
195	-.252
917	.156
196	.195
918	.715
197	.473
919	.364
198	.399
920	1.116
3081	-.152
3803	-.188
3082	-.334
3804	-.112
3083	-.042
3805	.101
3084	.289
3806	.385
3085	.238
3807	-.04
3086	-.014
3808	.035
199	-.108
921	.185
200	-.212
922	.149
201	-.044
923	.018
202	-.456
924	.017
203	-.112
2743	.277
925	-.18
204	-.046
926	.222
3087	-.44
3809	.366
3088	.1
3810	.1
3089	.105
3811	.689
3090	.453
3812	.445
3091	.185
3813	.14
3092	.621
3814	.35
205	.468
927	.679
206	.26
1771	.074
928	.593
207	.292
1361	.973
929	.624
208	.213
3120	-.044
2493	.035
3692	.261
2970	.123
3691	-.04
2969	.504
3690	.176
2968	.341
3689	-.318
2967	-.05
806	.141
84	-.158
805	.257
83	-.075
804	.473
82	-.266
803	.239
81	-.189
802	.32
80	.055
801	.05
3166	-.035
3888	.293
79	-1.124
3688	-.949
2966	-.103
3687	-.221
2965	-.248
3686	.098
2964	-.358
3685	-.063
2963	.284
3684	.125
2962	.222
3683	-.014
2961	.516
800	-.29
1772	.192
78	.571
799	.059
2494	.616
77	-.208
798	-.039
76	.071
797	.329
75	-.043
796	.094
1773	-.01
3887	-.313
74	.762
795	.958
73	1.282
5487	.457
3361	.382
4765	1.111
4082	1.011
3360	.98
4081	.267
3359	.484
4080	-.629
3358	.374
1197	-.002
475	-.25
2495	.078
1196	-.139
474	.561
1195	-.033
473	-.16
1774	.251
1194	
472	-.183
209	-.311
930	.014
1193	.244
931	.183
210	-.235
932	.096
3093	-.161
3815	.175
5713	-.19
3816	.04
640	-.669
3095	-.45
3817	.572
3096	.079
3818	.356
3097	.759
3819	.377
3098	.129
5517	.38
1908	.571
2496	.05
2630	.394
1747	.738
1909	.865
2469	.708
2631	-.041
1910	.512
2632	.268
630	.3
1351	.709
1911	.19
2633	.192
1912	-.018
2634	-.182
1913	.012
2635	.279
4796	.243
4797	.259
5518	.218
5519	.65
4798	.276
5520	.169
4799	.071
5521	.286
4800	.176
5522	.207
4801	.271
4657	.118
5523	.159
1914	.441
5379	.093
2636	-.093
1915	.317
2637	.071
1916	.38
2638	.027
1917	.139
2639	-.102
1918	.756
2640	-.119
1919	.061
2641	.001
4802	.198
5524	.025
1352	.129
4803	.358
5525	-.072
4804	-.225
5526	-.408
4102	-.353
4805	-.254
3381	.818
4103	-.071
494	.75
1216	.276
495	-.14
1217	.285
496	.149
1218	.348
497	.029
1219	.303
498	-.054
1220	.744
499	.68
32	-.33
4658	-.553
754	-.242
33	-.063
755	1.686
34	1.449
756	1.153
35	1.017
5263	.562
3645	1.04
4542	.808
2924	.386
3646	.562
37	.1
5380	.122
759	.179
38	-.047
760	.181
39	.242
3842	.628
761	.504
4084	.449
3362	1.538
4083	-.492
40	-.905
762	.013
41	-.395
763	.055
960	-.294
44	.219
5185	-.206
4463	-.593
5184	-.589
4462	-.599
5183	-.251
4461	-.584
5182	-.051
4460	-.34
5181	-.31
4459	-.255
2298	-1.202
1576	.037
4659	-.579
1575	.083
2297	.011
2296	.113
1574	.413
2295	-.152
5381	-.075
766	.136
1573	.114
2294	.375
1572	-.252
2293	.806
1571	.751
5180	.85
4458	.329
5179	-.148
4457	-.115
5178	-.025
4456	-.102
5177	.239
4455	.183
5176	.153
4454	.112
5175	-.256
4453	.064
2292	.237
4660	.109
1570	-.193
2291	-.502
1569	-.772
5264	-.909
1655	-.388
2377	.598
1656	.23
2378	.721
1657	-.436
2379	-.092
1658	.095
2380	.315
1659	.101
2381	1.107
1660	.303
2382	.312
4543	.249
5265	.646
4251	.545
4544	.487
5266	.585
4545	-.535
5267	-.619
4546	
5268	.382
4547	-.269
5269	.375
4548	.423
5270	.155
1998	.045
2720	.174
1999	.043
2721	.119
2000	.4
2722	.36
2001	-.087
2723	.473
2002	-.065
2724	-.071
2003	.063
4886	1.488
5608	.118
4887	.099
5609	-.194
4888	.147
5382	.102
5610	.2
4889	
5611	-.15
4890	
5612	-.09
4891	-.047
5613	-.053
2004	.101
2726	.768
2005	.329
2727	.374
2006	.1
2728	-.194
2007	-.018
2729	-.043
2008	-.052
2730	.645
2009	.766
4661	.787
2731	.101
4892	-.327
5383	-.144
5614	-.452
4893	-.152
5615	-.002
3007	.856
4894	.624
3728	1.049
3006	.546
3727	.35
3005	.147
3726	.314
3004	-.086
4662	-.229
3725	-.134
3003	-.813
842	.038
5384	.292
120	.249
841	.47
3895	.253
119	-.309
840	-.378
3173	.143
4992	-.317
118	.043
117	.002
839	.424
3894	.297
838	.07
116	-.142
837	-.102
115	-.392
3172	-.542
3724	-.182
3002	.104
3723	.26
3001	.418
3722	.125
3000	0
3893	-.148
3171	-.167
3721	.094
2999	-.653
3720	.151
1010	.506
2998	.107
5616	.046
4895	.143
5617	-.187
4896	-.933
5618	-.479
4897	-.406
1775	-.025
5619	-.672
2010	-.186
2732	-.341
2011	-.084
1869	-.437
2591	.105
1870	.464
2592	.607
1871	.89
2593	.703
4754	-.261
5476	-.055
4755	.035
5477	-.314
4756	-.012
5478	.085
5714	-.179
4757	.163
5479	.597
4758	.649
5480	.753
26	.144
4759	.15
5481	-.081
1872	.244
2594	-.187
1873	.094
2497	-.185
2595	-.195
1874	-.079
2596	.005
1875	1.591
2597	-.026
1876	.737
2598	.541
1877	-.375
2599	-.142
4760	
5482	-.008
4761	.086
5483	-.075
4762	
5484	-.862
4763	.165
4764	
5485	-.663
3841	-.641
5486	-.308
1776	-1.113
3036	-1.177
3757	-.751
3035	-.013
3756	-.123
3034	-.269
3755	.248
3033	.146
872	.4
3112	.3
150	.686
3111	1.777
3833	.197
228	1.579
272	1.489
950	2.28
949	1.282
3647	1.357
227	1.619
226	1.748
948	1.918
2925	2.143
225	-.043
947	.223
764	.348
946	-.165
871	.028
149	-.337
870	-.255
2498	-.105
148	.117
993	-.451
869	-.701
147	-.866
868	-.9
146	-.541
867	-.702
145	.236
5559	-1.213
4837	-1.066
5558	-.36
4836	-1.281
5557	-.772
2478	-.707
4835	-.986
3850	-.898
578	-.55
1300	-.101
579	.864
1301	-.13
580	.033
1302	.325
581	.095
1303	.05
582	.103
1304	-.749
583	-.994
1305	.103
3466	.095
4188	-.115
3467	.997
4189	.181
3468	.382
4190	.347
3469	.311
4191	-.044
3470	.221
4192	-.194
3471	.861
4193	.1
584	.238
1306	.041
585	.493
1307	-.03
586	.343
1308	.03
587	-.051
1309	-.198
588	-.033
1310	.405
589	.784
1311	-.025
3472	3.922
4194	.011
3473	1.056
4195	.08
1777	-.599
3474	-.514
4196	-.246
3475	.446
1266	.074
4197	-.078
544	.29
1265	.422
543	.266
1264	.593
542	.203
4151	.307
3429	-.088
4150	-.116
3428	.876
4149	.343
3427	-.143
4148	-.142
3426	-.069
4147	.183
3124	.167
3425	-.371
4146	.025
3424	-.011
1263	-.395
541	.232
3657	.593
1262	-.406
540	.089
4261	.475
3540	.233
4262	.107
3541	.004
4263	.606
3542	.241
4264	-.595
3543	-.451
4265	-.115
656	-.058
1378	-.381
657	-.223
1379	.249
658	.207
1380	.821
2499	1.223
659	-.026
1381	.075
660	.098
1382	.22
661	.165
1778	.082
1383	-.364
3544	.117
4266	.646
3545	-.171
4267	-.584
3546	-.442
4268	-.395
3547	-.298
4269	-.232
3548	.288
2473	.608
3476	.486
4198	.144
2500	-.312
3477	-.522
4199	.2
590	.106
3064	-.211
1779	
3786	-.133
3065	-1.123
3787	.23
3066	-.074
3788	.117
3067	.057
3789	.069
3068	.163
3790	.238
181	-.105
903	.275
182	.071
904	.006
183	-.138
905	.215
184	.273
906	.149
185	.057
907	-.113
186	-.544
4246	-.435
908	-.014
3069	.691
3791	.554
3070	-.474
2935	.282
3792	-.061
3071	-.106
3793	.387
3072	.22
2501	1.286
3794	.656
1780	
3073	-.234
3525	.015
3795	-.27
2502	.314
3074	.138
3796	.011
187	-.756
909	.403
188	.202
189	.053
910	.026
911	-.584
5101	-.102
4663	-.918
4380	.152
5102	-.507
1312	-.016
1830	-.046
591	-.087
1313	-.341
592	-.042
1314	.151
593	.083
1315	-.091
594	-.011
1316	-.58
595	-.355
3530	-.167
1317	-.014
4200	-.276
3479	-.124
4201	-.083
3480	-.222
4252	.025
4202	.366
3481	.139
4203	.343
3482	-.125
4204	-.027
3483	-.533
3531	1.256
4205	.621
596	-.065
1318	.074
597	.316
1319	-.281
598	.086
1320	-.061
599	-.252
1321	-.173
600	-.003
1322	.104
4253	-.001
601	.229
1323	.127
3484	-.284
4206	-.314
3485	.324
4207	-.082
5356	.109
3486	-.065
4208	-.203
3487	.045
644	.132
4209	.048
5385	.206
1366	.209
1362	.115
3488	.27
3820	.238
211	-.484
933	-.302
3125	.292
212	-.208
934	.553
935	.341
3847	.282
214	.164
936	.209
215	-.26
937	-.214
216	-.403
938	.149
3099	.404
3821	.494
3100	-.222
3822	.059
3101	.323
3823	-.054
3102	-.072
641	.266
3824	.514
3103	-.546
3825	.031
3826	.624
554	.037
1276	.06
555	-.146
1277	.476
556	.382
1278	.479
557	.091
1279	.468
558	.234
1280	-.291
559	.181
1281	.152
3442	.313
4164	.104
3443	.078
4165	.017
3444	-.227
4166	.267
3445	-.21
4167	-.12
1363	.186
3446	-.119
4664	.168
4168	-.182
3447	-1.374
4169	.184
560	.016
2927	-.024
1282	.165
642	.216
561	.086
5386	-.171
1261	-.136
539	.17
3648	.087
2926	.22
1260	.585
538	.513
1259	.019
4665	.212
537	.192
1258	.401
536	.581
4145	.783
3423	2.099
4144	.159
3422	.045
4143	-.161
3421	-.087
5387	.132
4142	.278
3420	.224
4141	-.4
3658	-.128
3419	.06
4140	.461
1750	-.132
3418	.226
1257	.106
535	.386
1256	.012
4666	-.203
534	.257
1255	.402
533	.766
1254	.274
532	.006
1253	.499
531	-.118
190	.375
912	.211
191	-.306
5388	-.113
913	.129
192	.236
4667	-.133
914	.105
3075	.088
5389	-.077
3797	.623
3076	.293
3798	-.223
3077	.397
3799	-.327
3078	.005
3800	.024
3079	.043
3801	-.062
4668	-.165
3080	-.17
3802	.306
530	.019
290	.167
1252	-.126
1012	.562
291	.202
1013	.47
292	-.254
1014	.404
293	-.717
1015	-.037
294	.243
1016	.272
3177	-.028
3899	.273
3178	.209
3900	.618
3179	
3901	-.228
3180	.023
3902	.162
3181	.478
3903	.552
3182	.292
3904	.211
5390	-.156
295	.152
1017	-.101
296	-.282
1018	-.419
297	-.032
1019	.259
298	-.112
1020	-2.236
299	.121
1021	-1.464
300	-.567
4993	-.111
1022	.056
3183	.197
3905	-.077
3184	.687
3906	-.085
3185	-.011
3186	-.316
3907	-.024
3908	.452
3187	.204
3909	-.459
3188	-.516
2118	-.43
3910	-.24
5642	-.551
4921	-.6
5643	-.705
2034	-.368
2756	-.248
2035	-.595
2757	-.38
2036	-.173
2758	.504
2037	.621
2759	.129
2038	.416
2760	-.141
1751	-.284
2039	.456
2840	-.322
1752	-.493
2761	.203
4922	-.199
5644	.007
2476	-.241
4923	-.099
1755	.203
2119	-.335
5645	.155
4924	.227
2841	-.133
5361	-.114
5646	-.156
4925	.799
5647	.134
2120	-.304
4926	.033
5648	-.037
4927	.538
5649	.639
2040	.147
2762	-.049
880	.707
158	.53
879	.161
157	.671
3766	.251
3044	-.263
3765	-.055
3043	-.173
3764	.31
3042	-.328
3763	-.22
3041	.414
3762	.331
3040	.443
3761	.91
3039	.712
878	.35
156	-.091
2842	-.245
877	-.103
155	-.285
876	.027
154	-.041
875	.304
153	.144
874	-.187
152	.183
873	.425
151	.226
3038	-.019
3760	.789
3759	.228
3037	.209
173	-.808
3758	-.2
895	.154
174	-.011
896	.477
2106	-.305
2121	-.221
5715	-.483
3779	.16
3058	.139
3780	.402
3059	-.041
3781	.175
2843	.446
3060	.131
3782	.149
3061	.066
3783	.214
3062	.273
3784	.335
175	.096
897	.448
176	-.763
898	-.004
2122	.432
177	-.026
899	.348
178	-.124
900	.021
179	-.099
901	-.198
2844	.696
180	.41
2123	.117
902	.625
3063	.346
3785	.195
649	-.54
1371	-.006
3532	.266
4254	-.944
3533	.247
2845	.181
4255	.345
2951	.641
3534	-.054
3672	.112
2950	.165
3671	.051
4161	-.348
1000	-.315
3439	.318
5006	.004
4160	.687
3438	.424
4159	-.534
3437	.057
4158	.288
3436	.651
1275	.558
5728	.292
553	.787
5007	.471
1274	-.091
552	.183
1273	.407
551	.501
1272	.396
550	.849
1271	.95
278	.171
549	.26
5729	-.088
1270	-.397
548	-.812
4157	-.834
3435	-.827
4156	-1.347
3434	.2
5360	-.126
5008	-.229
1033	.267
4155	-.171
311	.185
1032	.498
4154	.117
310	.05
3432	.575
1031	.072
309	-.74
1030	-.487
308	-.071
1029	.483
307	.37
3916	-.275
3194	-.171
3915	-.212
3193	-.22
3914	-.353
3192	-.694
3913	-.267
3191	.219
3912	.131
3190	.442
3911	-.428
3189	-.151
1028	.074
306	.3
1027	.674
305	.437
1026	.307
304	1.046
1025	-.102
303	-.256
1024	-.498
5730	-.553
302	.502
1023	-.024
301	-.182
4256	-.097
5009	.108
3535	.331
5731	-.214
4257	.217
3536	
4258	.128
3537	.336
5010	-.095
4259	-.42
5732	-.179
1709	.144
2431	.703
1710	.366
2432	-.092
5011	-1.004
1711	.077
2433	.495
1712	.525
2434	-.099
1713	-.126
2435	.607
5733	-.194
1714	-.236
2436	.163
4597	-.275
5319	-.157
4598	.267
2124	-.217
5320	.006
4599	.284
5321	-.078
4600	-.036
5322	-.058
4601	.08
5323	-.333
4602	-.285
5324	.693
1715	.157
2437	-.128
2846	.169
1716	-.068
2438	-.497
1717	.686
2439	-.088
1718	-.007
2440	-.439
1719	-.301
2441	-.577
1720	-.016
2442	.649
4603	.402
5325	-.065
2125	.322
4604	
5326	-.557
4605	.24
5327	-.201
4606	-.095
5328	-.295
4607	-.337
5329	-.056
2847	-.887
4608	
5330	.529
1721	.308
2443	.461
1722	.281
2444	1.247
1723	-.466
2445	-.299
1724	-.457
2446	.144
1725	-.072
2447	.109
4960	-.325
1726	.168
2448	.218
4609	-.19
5331	.075
4610	
5332	.387
4611	.258
5333	-.005
4612	-.273
5334	-1.117
4613	-.36
5335	-.205
4614	-.045
5336	.138
1727	-.193
2449	-.112
1728	-.23
2450	.497
1729	-.069
2451	-.289
1730	-.386
2452	.148
1731	.127
2453	.105
1732	.281
2454	.357
4615	-.079
5337	-.12
4616	-.008
5338	-.596
4617	-.503
5339	-.883
4618	-.811
5340	-.026
4619	.058
5341	-.467
4620	-.174
5342	.085
2070	-.131
2792	-.065
2071	.198
2793	.257
2126	-.158
2072	-.189
2794	-.242
2073	-.375
2795	-1.366
2074	-.465
2796	1.763
2075	1.344
1508	.41
2797	1.946
2230	.493
1509	.689
2231	.455
1510	.44
2232	.465
4393	.473
1011	-.192
5115	.471
4394	-.256
5116	-.48
4395	-.193
5117	-.546
4396	.239
5118	-.019
4397	.772
5119	.353
4398	-.014
5120	-.544
1511	.642
2233	.136
1512	-.004
2234	1.01
1513	-.3
2235	.201
1514	.513
767	-.124
46	-.448
768	-.004
2236	.766
5692	-.169
4958	.562
5680	.071
4959	-.546
5681	-.381
5682	-.43
4961	1.042
5683	-.348
223	.35
224	.025
945	.048
4962	.277
2848	-.311
5684	-.002
4963	-.562
5685	-.078
2076	-.12
2798	-.104
2077	.162
2799	-.529
2078	-.102
3778	.186
1357	.347
3056	-.168
3777	.451
3055	.354
3776	.508
635	-.135
3054	.172
3775	.293
3053	.113
3774	.077
3052	-.211
3773	-.795
3051	.375
890	.748
168	.513
889	-.083
2127	.212
167	.205
1356	.122
888	.399
166	.206
634	.495
2258	-.215
1536	.088
2257	.431
1535	-.059
5144	.14
2849	-.151
4422	.187
5143	-.038
4421	.155
5142	.871
4420	.393
5141	-.117
4419	.389
5140	-.131
2128	.169
4418	.334
5139	.885
4417	.036
1534	.268
2256	.321
289	-.642
2255	.134
1533	.566
2254	-.539
1532	.041
2253	.535
1531	.014
3877	.025
2252	1.033
1530	1.663
2251	1.623
1529	.257
5138	.291
4416	.762
5137	1.024
4415	.124
5136	.173
4414	.049
2850	.155
5135	.2
4413	-.049
5134	.138
4971	.328
4412	.821
5133	.148
2800	.701
2079	.553
2801	.417
2080	.275
2802	.044
2081	.604
2803	.678
4964	.042
5686	.125
4965	.422
5687	.158
4966	.71
2129	1.157
5688	.043
4967	.64
5689	.388
3539	.455
4968	.842
4260	.464
3538	.342
1377	.095
655	.085
2851	.352
1376	.384
654	.079
1375	.063
653	-.078
1374	-.124
652	.287
5012	-.173
1373	-.053
651	-.257
1372	.297
650	.111
3922	-.372
3200	.405
3921	.182
5734	-.355
3199	-.403
3920	-.233
3198	.032
3919	.231
3197	-.26
5013	-.144
3918	-.203
3196	.232
3917	-.153
3195	-.077
1034	-.049
312	.544
2733	-.185
2012	.02
2734	-.269
2013	
2735	-.018
2014	.29
2736	.29
2015	-.249
2737	-.447
4898	-.188
5620	-.236
4899	-.36
5621	-.383
4900	.229
5622	.23
358	.061
353	.407
340	.06
339	.163
360	.23
359	.081
355	.178
352	.186
349	.267
348	-7.063
341	
337	-.396
222	-.203
356	-.567
354	-.217
347	-2.429
346	-1.245
345	-.037
342	-.065
338	-.491
218	-.667
351	-.125
344	-.323
343	.273
220	-.687
357	.049
350	.218
219	.303
12	.198
9	.287
5	.235
1	.148
710	.928
707	-.328
703	-.246
701	.158
699	.073
15	-.052
11	.109
7	.295
6	.987
706	-.019
705	-.457
700	
21	.122
20	
19	-.742
18	-.124
16	-.553
13	.356
8	
4	.275
3	.108
721	.566
719	.053
718	.116
715	.116
711	.258
709	.193
708	.236
702	.317
24	-6.019
23	-1.658
10	-.621
716	.025
704	-.276
698	
22	-.025
17	
14	.113
2	-.644
720	-.919
717	-.784
714	2.793
713	-1.532
712	-1.737
382	.588
378	1.639
362	.124
1082	.245
1074	.348
1066	.378
1065	.177
384	.063
377	-.337
375	
372	
367	
1080	
1078	
1076	-.277
1075	.128
1069	.389
1068	.396
1064	.66
385	.501
383	-.509
376	
374	-1.713
369	
365	-1.031
363	-1.744
1070	.826
1061	-.246
1059	-1.083
381	-.144
380	-.338
379	.246
368	.085
1079	1.74
1071	
1067	.177
1063	.202
1060	-6.525
944	-3.59
941	
373	.931
371	-.939
370	
366	
364	-.589
1081	-1.27
1077	-.222
1073	2.353
1072	
1062	.329
943	
940	-.286
939	
736	
729	
740	.257
737	.242
734	.307
732	.349
726	.265
1440	.315
1439	.285
1431	.211
1422	-.048
744	.51
725	.158
1435	.491
1424	.81
1423	.612
1420	.196
745	-.252
743	.187
742	.004
735	-.457
733	-.93
730	-.277
727	-.658
724	-1.289
1443	-1.135
1442	-.904
1441	.075
1438	
1436	
1429	-.608
1428	.252
746	.19
741	.197
739	.156
738	.032
731	.282
728	-5.27
723	-1.006
1434	-.402
1433	.055
1426	-.328
1421	-1.563
1437	-2.182
1432	-1.649
1430	
1427	-1.075
1425	-1.277
1101	-.394
1094	-1.173
1093	-.34
1802	-.777
1099	-.981
1095	-.532
1087	.3
1086	.213
1085	.415
1803	.373
1796	.254
1795	.595
1789	.314
1788	.43
1787	.018
1786	.738
1106	.681
1102	.493
1100	.531
1091	-.6
1084	2.753
1107	.543
1105	.303
1103	.84
1097	.138
1089	3.628
1088	.65
1804	1.624
1798	1.109
1797	
1793	.264
1791	.742
1790	
1785	-.293
1104	.121
1098	
1096	-.854
1092	.394
1090	
1801	
1800	.203
1799	.469
1783	.202
1794	.395
1792	.165
1784	.666
1782	-7.885
1781	-.199
1630	6.397
1459	.118
1457	.677
1455	.087
1450	.968
2162	-.484
2159	1.263
2158	1.143
1468	.525
1466	.397
1465	
1448	.783
1445	-.482
2164	
2160	.415
2157	.264
2154	.291
2153	.235
2152	.26
2146	.225
2144	.246
1463	-.019
1462	-.117
1458	-.022
1456	.32
1454	.15
1451	-.085
1449	.065
2165	.178
2156	0
2155	.256
2148	.021
1467	.237
1460	.515
1453	-.775
1452	
1447	4.946
1446	.297
2163	.495
2151	.365
2143	-.032
1464	.055
1461	.052
2161	.036
2150	.014
2149	.177
2147	-7.76
2145	-2.087
2142	-.639
1827	-.462
1821	-.318
1820	-1.972
1818	
1813	-1.239
1811	
1810	-.287
1829	
1824	-2.243
1823	-.629
1817	5.285
1816	-.825
1807	
2521	-2.332
1826	.177
1822	.174
1812	.279
1808	.344
2523	.32
2522	.226
2520	.26
2517	
2514	-.407
2512	-.089
1819	.232
1815	.669
1809	.575
2526	
2524	
2518	
2515	
2511	-.202
2504	.209
2519	-4.982
2510	-.832
2508	-4.694
2506	-1.139
2352	.479
1806	.031
2525	.177
2513	.018
2509	-.372
2351	.77
1828	-1.461
1825	.149
1814	.234
2516	.146
2507	.203
2505	.113
2503	.131
2172	-6.285
2887	-.147
2876	
2869	
2188	
2184	
2178	
2177	.811
2175	-2.834
2170	-1.497
2169	-.107
2168	-1.711
2884	
2883	.325
2880	2.681
2878	-.895
2877	.672
2873	.221
2868	.346
2866	.447
2186	.304
2179	.381
2885	.277
2875	.089
2874	.511
2867	.717
2865	1.541
2189	.392
2185	2.242
2183	-.018
2180	.752
2171	.574
2879	1.079
2872	3.92
2871	1.289
2190	1.253
2187	.387
2182	.688
2181	-1.64
2176	
2174	-.176
2173	
2167	.022
2886	-.01
2882	.116
2881	.141
2870	.195
2864	.152
2551	-5.736
2550	-2.561
2544	-1.139
2536	-.778
2531	-1.118
3248	
3244	
3241	
3239	
3227	
3225	
2547	
2540	
2534	-.625
2532	-1.168
3246	.028
3245	.251
3234	.059
2548	.103
2545	-.582
2543	.345
2542	.189
2541	.293
2537	-8.907
2533	-.5
2530	.227
3247	-.502
3243	-.175
3242	2.512
3238	-.475
3236	.986
3235	-.474
3232	.705
3231	-.417
2539	.839
2538	.965
2529	-.44
3237	-.147
3230	
3229	1.164
3226	1.256
3105	.149
3110	.105
3106	.276
2912	.979
2908	.117
2897	.48
2894	.242
2893	.367
2549	.166
2546	.276
2535	.821
2528	.72
3240	.651
3233	1.219
3228	.574
3107	.639
2907	.567
2901	.706
2889	.743
2910	-.283
2909	.238
2906	-.409
2903	-.038
2898	
2896	
2892	-.124
2905	.222
2904	.231
2902	.181
2900	.23
2895	.592
2891	-.177
3271	-.092
3266	.428
3253	.362
3606	.14
3273	-.026
3264	.18
3262	.46
3261	-.214
3258	.369
3256	.265
3607	
3603	
3601	-.716
3595	.468
2911	.172
2899	.365
2890	-.549
3272	-.025
3269	
3267	
3265	.244
3257	.173
3254	.07
3604	.04
3602	.251
3587	.32
3259	.188
3252	-6.023
3609	-1.005
3608	-.555
3605	-.439
3600	-.031
3598	-.437
3597	-.65
3596	.022
3593	.32
3592	.081
3594	-1.443
3591	-.613
3590	-.145
3588	-.413
3970	-.494
3963	.101
3961	.417
3959	.255
3956	.221
3954	.241
3968	.195
3967	.27
3955	.313
3953	.715
3951	.017
3947	.176
3270	.219
3268	.21
3263	.096
3260	.487
3255	.6
3251	-.053
3250	.205
3599	.251
3589	.863
3586	-.092
3958	0
3957	.174
3949	1.029
3948	.167
3831	.39
3829	.076
3969	-.227
3966	.109
3960	-.053
3828	.088
3634	-.046
3628	-.004
3619	.122
3617	-6.566
3613	-.629
3995	-.346
4328	-.316
3965	-.173
3964	-.516
3962	1.782
3952	-.197
3950	.916
3827	-.624
3631	
3622	-.659
3612	
3611	.105
3991	
3986	.354
3633	
3630	.165
3629	.159
3624	.211
3632	.262
3627	.234
3626	.041
3623	-.089
3621	-1.017
3615	-.366
3614	.108
3993	.049
3989	.377
3977	1.387
3974	.068
3973	.467
4319	.115
4312	.085
4691	.74
4688	.116
4680	
4673	-.429
4672	-1.256
4670	
4669	-1.293
3625	
3620	.173
3618	.114
3616	.265
3982	.193
4331	.149
4327	.092
4326	-6.114
4320	
4317	.495
4315	
4311	
4309	
3994	
3992	
3990	
3984	-3.634
3979	-1.688
3976	-1.548
3975	
4323	
4321	-4.183
4314	.22
4325	
4324	.259
4322	.197
4318	.267
4313	.357
4308	.373
4685	
4676	-.045
4675	-.096
4674	-.476
4354	.176
4349	-.414
4345	.724
4343	-.033
4340	.148
3988	.069
3987	-.158
3985	-.984
3983	-.252
3981	-.738
3980	-.492
3978	-.826
3972	.054
4330	-.32
4329	-.802
4316	.566
4310	-.165
4689	.124
4683	.527
4682	.206
4679	.011
4678	.192
4677	.085
4671	.102
4692	.077
4687	-6.432
4686	.259
4716	
4705	-.515
4703	-.717
4697	-1.333
4694	-.444
5052	
5046	-1.133
5043	-.782
5040	
5037	-1.403
5035	.133
5032	-1.299
5031	-2.763
4690	-.898
4684	-.664
4681	.217
4355	.2
4352	.21
4348	.166
4346	.046
4337	.026
4336	-.447
4335	-.57
4356	-.452
4353	-.28
4351	-.301
4344	.328
4342	.408
4708	.057
4706	-.51
4702	-.414
4699	-.451
4698	-.796
4347	1.027
4339	-.219
4333	-.787
4710	-.219
4704	-.77
5053	
5049	.042
5039	-.082
5036	.057
5408	-.035
5404	.082
5402	.084
5394	.17
5393	-6.685
4350	-.01
4341	.544
4338	-.503
4334	-.225
4717	-.703
4712	-.236
4709	-.633
4707	-.4
4695	.222
5050	-.488
5038	.157
5034	-.203
5033	-.303
4973	.276
5051	
5048	
5044	.228
5041	.18
5030	.15
5414	.141
5413	.073
5411	.018
5406	-.323
5395	-.43
5069	-.376
5439	-.142
5438	.121
5436	.086
5434	-.013
5430	-.32
4715	-.367
4714	-.268
4713	-.289
4711	-.071
4701	.55
4700	-.283
4696	.01
5047	.548
5045	-.483
5042	-.111
4972	-.433
5407	-.068
5400	-.199
5397	-.136
5396	.006
5392	-.125
5412	-.058
5410	.006
5405	-5.889
5403	-.862
5391	-.405
5424	.065
5771	-.34
5769	-1.014
5752	-.647
5409	-.413
5401	-.109
5399	-.798
5398	-.078
5077	-.294
5062	-.873
5061	-.302
5059	
5056	
5055	-1.929
5078	.049
5076	.131
5074	.153
5068	.097
5060	-.001
5058	.309
5437	.298
5426	.268
5425	.155
5420	-5.306
5417	-.05
5774	.117
5770	-.498
5075	-.302
5073	-.437
5072	-.048
5067	.603
5066	-.636
5065	-.393
5064	.908
5431	-.481
5423	-.468
5418	-.047
5773	-.101
5767	.421
5766	-.667
5765	.369
5764	.268
5760	.276
5758	.269
5071	.243
5070	.255
5063	.317
5057	.185
5432	.023
5421	.533
5416	.275
5775	.333
5772	.26
5768	-.006
5763	.291
5435	-.07
5433	.067
5429	.19
5428	
5427	-.083
5422	-.507
5419	
5761	.321
5759	
5756	-.285
5755	-.571
5753	-.045
5694	.139
5762	-.467
5757	.177
5754	.146
