1	0.02603
2	1.347
3	1.286
4	0.7976
5	
6	0.2164
7	-0.1983
8	0.497
9	0.109
10	-0.06392
11	-0.2405
12	0.7537
13	-0.05728
14	-0.5952
15	-0.06915
16	-0.05997
17	-0.05942
18	-0.07725
19	-0.2019
20	-0.2518
21	-0.3099
22	-0.04313
23	1.552
24	
25	0.6185
26	0.6597
27	-0.1322
28	
29	
30	
31	0.6977
32	2.969
33	2.465
34	-0.1103
35	-0.4869
36	-0.2624
37	0.4228
38	-0.4002
39	-0.3645
40	-0.4089
41	-0.3464
42	-0.4676
43	-0.4197
44	-0.2272
45	-0.3199
46	-0.154
47	-0.3875
48	0.1451
49	-0.03157
50	0.1137
51	0.5548
52	0.1879
53	0.152
54	
55	-0.1808
56	-0.2923
57	-0.1005
58	-0.04295
59	
60	-0.05005
61	-0.2468
62	0.08882
63	-0.2074
64	0.0568
65	0.3038
66	-0.09968
67	-0.4852
68	
69	0.04697
70	-0.08998
71	-0.7366
72	-0.07606
73	-0.391
74	-0.3642
75	
76	
77	0.6181
78	
79	-0.03926
80	
81	0.07967
82	0.2269
83	
84	0.06653
85	0.453
86	0.4834
87	
88	0.03746
89	
90	0.3154
91	0.01241
92	0.2899
93	0.308
94	0.3254
95	0.2239
96	0.1105
97	
98	0.5352
99	-0.1312
100	
101	-0.03919
102	0.2232
103	-0.1524
104	0.004514
105	
106	-0.2574
107	
108	-0.4458
109	0.7287
110	-0.006286
111	-0.3284
112	-0.1316
113	0.936
114	2.106
115	1.499
116	0.9146
117	-0.3996
118	1.05
119	0.03723
120	0.5781
121	0.8108
122	0.0002251
123	
124	
125	0.05361
126	1.194
127	0.6179
128	0.05338
129	0.26
130	0.3773
131	0.8129
132	0.149
133	0.1915
134	0.6547
135	-0.124
136	-0.3235
137	
138	-0.2828
139	
140	-0.3144
141	
142	
143	0.4862
144	0.2031
145	0.446
146	-0.08534
147	-0.05151
148	
149	
150	-0.06541
151	-0.165
152	0.02205
153	-0.3032
154	0.1891
155	-0.6308
156	
157	-0.1353
158	-0.1064
159	
160	-0.105
161	-0.2067
162	
163	-0.07308
164	-0.399
165	0.4313
166	0.969
167	0.3554
168	0.8009
169	1.314
170	0.4312
171	0.8986
172	0.4234
173	0.2172
174	0.4014
175	
176	0.03641
177	0.5252
178	0.5818
179	0.6264
180	0.5474
181	0.1668
182	0.3032
183	-0.1157
184	0.1029
185	0.4504
186	0.6054
187	-0.09326
188	-0.1616
189	
190	0.1511
191	-0.119
192	-0.1216
193	-0.2921
194	1.264
195	0.02592
196	0.7034
197	1.219
198	0.488
199	0.7091
200	0.3189
201	
202	
203	
204	
205	
206	
207	0.06202
208	
209	0.1817
210	-0.04753
211	-0.05383
212	-0.1468
213	-0.09979
214	-0.1297
215	0.04096
216	
217	-0.2892
218	-0.1739
219	-0.1997
220	-0.8077
221	-0.07763
222	0.3934
223	0.3773
224	0.4988
225	0.008439
226	0.2804
227	-0.2988
228	0.4266
229	-0.3066
230	-0.1562
231	-0.2094
232	-0.1727
233	
234	0.4456
235	-0.1664
236	0.04625
237	0.7031
238	0.538
239	0.0989
240	0.4289
241	0.337
242	0.4196
243	-0.09676
244	
245	-0.1165
246	0.01843
247	
248	-0.1183
249	0.2178
250	-0.1319
251	-0.09201
252	-0.5569
253	-0.3502
254	-0.1758
255	-0.4657
256	-0.0683
257	-0.2193
258	-0.1489
259	0.4072
260	0.1855
261	0.1859
262	0.1234
263	-0.1695
264	-0.1586
265	-0.1765
266	-0.2387
267	-0.1816
268	0.108
269	
270	-0.4408
271	
272	0.6865
273	2.809
274	-0.1289
275	-0.2817
276	-0.9777
277	-0.173
278	
279	-0.2615
280	-0.1237
281	-0.2521
282	-0.2343
283	-0.3345
284	-0.4103
285	-0.2233
286	-0.2133
287	0.46
288	-0.04489
289	-0.2923
290	-0.1679
291	-0.244
292	-0.3127
293	0.3151
294	-0.4604
295	
296	-0.3753
297	-0.1351
298	-0.1034
299	-0.2377
300	-0.4609
301	-0.2518
302	0.1987
303	
304	-0.1999
305	-0.528
306	0.9592
307	-0.3354
308	-0.2748
309	-0.1732
310	-0.4801
311	-0.06458
312	-0.1636
313	-0.1184
314	
315	0.1632
316	-0.004899
317	0.03345
318	
319	-0.2717
320	-0.3234
321	-0.384
322	
323	-0.2551
324	
325	-0.8597
326	0.6166
327	-0.06681
328	-0.1906
329	-1.146
330	-0.2744
331	-0.2775
332	
333	0.2529
334	-0.4432
335	-0.4526
336	1.273
337	1.098
338	
339	-0.07971
340	-0.1859
341	-0.267
342	-0.2224
343	-0.4925
344	-0.1517
345	0.04269
346	-0.109
347	-0.4991
348	-0.2075
349	-0.2893
350	
351	-0.2154
352	-0.2436
353	-0.3748
354	-0.03366
355	
356	-0.4565
357	-0.6433
358	-0.2809
359	-0.1182
360	0.167
361	-0.06036
362	0.07024
363	-0.01741
364	-0.1474
365	0.1003
366	-0.01049
367	0.3161
368	-0.0705
369	0.5851
370	1.097
371	-0.3949
372	-0.4658
373	-0.1591
374	0.7592
375	
376	-0.09518
377	-0.05219
378	
379	-0.5106
380	-0.4295
381	0.1453
382	-0.8375
383	-0.2589
384	-0.6933
385	-0.4668
386	0.1263
387	-0.1454
388	-1.361
389	0.196
390	-0.2166
391	0.493
392	
393	0.3548
394	-0.08008
395	0.05602
396	-0.281
397	-0.1813
398	-0.0388
399	-0.113
400	0.2045
401	0.3599
402	0.04896
403	
404	-0.02971
405	0.0007013
406	0.383
407	0.2978
408	0.03175
409	0.4284
410	-0.2431
411	0.5425
412	-0.119
413	0.02535
414	0.7089
415	0.6087
416	0.4942
417	-0.004758
418	-0.09725
419	-0.3936
420	0.2058
421	0.2794
422	0.2111
423	0.02646
424	0.114
425	-0.05946
426	-0.1593
427	-0.2001
428	0.719
429	1.03
430	0.7251
431	1.198
432	0.4682
433	-0.09593
434	0.358
435	-0.8765
436	0.9824
437	0.1203
438	-0.5731
439	0.1768
440	-0.1718
441	0.3475
442	-0.4483
443	-0.201
444	0.0322
445	-0.05516
446	0.2272
447	-0.6168
448	-0.05842
449	-0.3894
450	1.899
451	
452	0.1088
453	-0.7771
454	-0.08792
455	
456	0.1497
457	-0.5103
458	0.4374
459	0.137
460	-0.128
461	0.2985
462	0.4779
463	
464	
465	
466	-0.1512
467	0.1604
468	0.08424
469	0.472
470	0.3022
471	0.4586
472	
473	-0.4908
474	1.168
475	-0.1786
476	-0.2096
477	0.08811
478	0.1342
479	-0.009452
480	-0.4266
481	0.1522
482	0.1042
483	0.1488
484	0.608
485	-0.8233
486	-0.5522
487	-0.368
488	-0.1769
489	-0.2136
490	-0.09149
491	-0.1473
492	0.06202
493	0.2826
494	0.06202
495	0.2654
496	-0.03046
497	
498	-0.2961
499	-0.02905
500	-0.3854
501	-0.0643
502	-0.109
503	0.04383
504	-0.4541
505	-0.255
506	
507	-0.01787
508	-0.4094
509	0.3986
510	-0.2445
511	-0.3978
512	-0.06969
513	-0.137
514	-0.3061
515	-0.1553
516	-0.2437
517	0.02549
518	0.1995
519	-0.06121
520	-0.1796
521	0.2122
522	1.039
523	0.7602
524	0.1524
525	0.05252
526	0.2093
527	-0.1732
528	0.3083
529	
530	
531	0.007112
532	-0.2469
533	-0.1867
534	0.1209
535	-0.2507
536	
537	-0.141
538	-0.4272
539	-0.1004
540	-0.169
541	-0.1332
542	-0.1336
543	-0.3746
544	
545	0.01979
546	-0.09063
547	-0.07595
548	0.2979
549	0.01915
550	-0.2022
551	-0.006205
552	0.5798
553	-0.05439
554	-0.3594
555	-0.02084
556	0.1799
557	0.2535
558	0.1648
559	
560	-0.4085
561	
562	-0.2373
563	-0.383
564	-0.7187
565	-0.1418
566	-0.1006
567	-0.2887
568	-0.2964
569	-0.4028
570	-0.5746
571	
572	-1.391
573	-0.5374
574	-0.3742
575	-0.3804
576	-0.1337
577	-0.0661
578	-0.02922
579	
580	-0.2368
581	-0.7236
582	-0.01006
583	0.7707
584	1.639
585	0.134
586	0.3562
587	-0.4725
588	0.07358
589	
590	
591	0.146
592	0.3364
593	0.6168
594	0.9349
595	0.5073
596	0.634
597	0.6503
598	0.7268
599	0.2043
600	
601	-0.2773
602	-0.2436
603	-0.3208
604	-0.03208
605	-0.3298
606	-0.1308
607	0.09382
608	-0.5147
609	0.1989
610	0.1551
611	0.03543
612	-0.1208
613	-0.04119
614	-0.3413
615	0.2119
616	-0.1334
617	-0.08998
618	0.5044
619	-0.3341
620	-0.3814
621	-0.1739
622	-0.3677
623	
624	-0.1115
625	
626	-0.5004
627	-0.1951
628	0.6639
629	-0.1379
630	0.3095
631	0.4749
632	0.88
633	0.1647
634	0.05853
635	0.3316
636	0.6285
637	0.1287
638	
639	0.1832
640	0.02448
641	-0.05283
642	0.5128
643	-1.076
644	-0.2304
645	-0.2859
646	-0.417
647	
648	0.08965
649	-0.161
650	-0.3917
651	0.1227
652	-0.03714
653	-0.05244
654	0.1326
655	
656	0.4969
657	
658	-0.1123
659	-0.5802
660	
661	
662	-0.6189
663	0.2634
664	
665	
666	
667	0.1635
668	
669	
670	
671	-0.04232
672	
673	
674	0.8047
675	0.1664
676	0.1959
677	-0.05756
678	0.6027
679	-0.1595
680	0.6153
681	-0.2491
682	0.7599
683	0.537
684	-0.1656
685	0.005234
686	-0.1332
687	0.3788
688	-0.1971
689	-0.01088
690	-0.3385
691	-0.3288
692	-0.4265
693	-0.1552
694	0.01009
695	-0.2317
696	0.04839
697	0.3306
698	-0.4361
699	
700	
701	0.2279
702	0.4191
703	0.1137
704	-0.0379
705	-0.1777
706	-0.2531
707	-0.238
708	-0.5585
709	0.3037
710	-0.05724
711	-1.241
712	-0.1206
713	-0.08759
714	-0.1634
715	-0.09231
716	
717	0.6995
718	
719	-0.5127
720	0.5428
721	
722	-0.08394
723	0.08445
724	0.4078
725	
726	0.7119
727	0.6779
728	0.5547
729	0.5433
730	-0.02999
731	-0.2788
732	
733	0.03161
734	-0.1169
735	-0.006151
736	0.5079
737	0.6142
738	0.3306
739	0.5887
740	0.4201
741	0.1405
742	0.07649
743	
744	
745	
746	
747	
748	
749	
750	0.44
751	-0.04744
752	-0.001943
753	-0.4307
754	1.325
755	0.2086
756	-0.1108
757	0.007719
758	0.01045
759	0.2201
760	0.9149
761	0.2052
762	
763	0.04478
764	-0.307
765	-0.1784
766	0.5738
767	
768	-0.5312
769	
770	
771	
772	-0.08431
773	0.18
774	0.7386
775	0.5018
776	0.05166
777	0.1174
778	0.05543
779	0.1719
780	-0.2154
781	0.03634
782	-0.1073
783	0.9262
784	0.1151
785	-0.2194
786	-0.06226
787	0.0851
788	0.1377
789	
790	-0.3866
791	-0.2827
792	
793	-0.1162
794	-0.3578
795	-0.1772
796	0.04138
797	0.1461
798	
799	0.02046
800	
801	0.5331
802	0.01679
803	0.3201
804	
805	0.7458
806	-0.4271
807	0.6593
808	
809	
810	1.038
811	1.577
812	-2.224
813	0.5824
814	-0.3622
815	-0.02585
816	
817	0.08488
818	0.028
819	
820	0.1696
821	
822	
823	-0.4981
824	-0.2916
825	0.02672
826	-0.03616
827	0.2004
828	1.096
829	-1.52
830	1.252
831	0.6006
832	0.2156
833	0.05394
834	-0.2138
835	0.3574
836	-0.32
837	-0.4149
838	-0.01689
839	-0.7828
840	0.04278
841	-0.1482
842	-0.149
843	
844	0.5908
845	-0.1402
846	0.2775
847	0.03995
848	
849	-0.2588
850	0.6932
851	-0.07728
852	-0.03204
853	0.1633
854	0.2242
855	0.1616
856	-0.1072
857	-0.1983
858	-0.03043
859	0.3942
860	2.66
861	0.1445
862	0.0459
863	
864	0.6433
865	-0.8596
866	-0.2447
867	-0.2821
868	-0.5135
869	-0.2529
870	-0.0001549
871	-0.9784
872	-0.4149
873	
874	0.4605
875	
876	-0.07109
877	0.05553
878	-0.2034
879	-0.2214
880	-0.3362
881	0.08332
882	0.7209
883	
884	0.7738
885	-0.05569
886	0.3979
887	0.1639
888	0.1905
889	
890	0.3218
891	0.1849
892	0.08485
893	0.4644
894	-0.2651
895	-0.235
896	-0.4025
897	-1.642
898	-0.02044
899	-0.2261
900	-0.4107
901	-0.2527
902	-0.2016
903	-0.01683
904	-0.4887
905	0.4382
906	-0.3426
907	0.5579
908	0.7796
909	0.289
910	0.6121
911	0.5119
912	
913	
914	0.5569
915	-0.3989
916	0.2169
917	
918	0.2637
919	0.62
920	-0.2302
921	0.449
922	0.1619
923	0.2898
924	0.3884
925	-0.1836
926	0.6798
927	0.1066
928	0.8854
929	0.9697
930	0.8613
931	0.6025
932	0.4147
933	-0.3185
934	-0.1401
935	0.02355
936	-0.2058
937	0.2726
938	
939	
940	-0.2278
941	-0.1743
942	0.02325
943	0.0677
944	-0.1793
945	0.8229
946	-0.06248
947	0.2579
948	0.2529
949	0.2684
950	-0.3645
951	-0.07576
952	0.176
953	-1.339
954	-0.2402
955	0.05532
956	-0.08007
957	0.1406
958	0.1896
959	0.5056
960	0.2596
961	
962	-0.03346
963	0.1481
964	-0.2746
965	-0.02178
966	-0.0292
967	0.1766
968	0.5888
969	-0.1083
970	0.8245
971	
972	-0.2718
973	-0.2895
974	0.2421
975	-0.1429
976	-0.1604
977	-0.2669
978	-0.425
979	-0.7147
980	0.4209
981	-0.111
982	-0.3862
983	-0.3699
984	0.03702
985	-0.09809
986	-0.2906
987	-0.1911
988	-0.4006
989	-0.1283
990	
991	-0.2679
992	-0.3471
993	-0.1467
994	-0.3289
995	-0.1921
996	-0.1868
997	-0.3844
998	-0.104
999	0.1047
1000	-0.7553
1001	-0.08816
1002	-0.427
1003	-0.0547
1004	-1.8
1005	
1006	-0.7181
1007	-0.05187
1008	-0.1841
1009	0.2675
1010	0.07574
1011	-0.3233
1012	0.02725
1013	0.08741
1014	
1015	0.7286
1016	0.357
1017	0.3504
1018	0.9079
1019	
1020	-0.2991
1021	-0.1689
1022	-0.1277
1023	-0.2248
1024	0.2334
1025	0.5794
1026	-0.1019
1027	0.2913
1028	-0.1003
1029	-0.04093
1030	
1031	
1032	
1033	0.3526
1034	0.1577
1035	0.3138
1036	
1037	-0.4245
1038	-0.378
1039	-0.1931
1040	-1.015
1041	0.3555
1042	0.553
1043	0.2988
1044	0.292
1045	-0.1787
1046	-0.2263
1047	-0.3057
1048	0.3678
1049	0.1896
1050	-1.299
1051	-1.612
1052	-0.1701
1053	-0.09231
1054	-0.02981
1055	1.14
1056	-0.07027
1057	
1058	0.2358
1059	0.1878
1060	0.9484
1061	0.3907
1062	1.555
1063	0.2059
1064	-0.1704
1065	
1066	0.5514
1067	0.1637
1068	-0.1327
1069	-0.1408
1070	-0.02104
1071	-0.1549
1072	-0.3427
1073	-0.2724
1074	0.2687
1075	-0.201
1076	-0.2107
1077	-0.2359
1078	-0.08293
1079	-0.2479
1080	-0.1519
1081	-0.02567
1082	-0.4968
1083	
1084	
1085	0.4135
1086	0.2629
1087	
1088	0.6632
1089	-0.3049
1090	0.08028
1091	0.6502
1092	0.6531
1093	0.7947
1094	0.3734
1095	0.3178
1096	
1097	-0.2615
1098	0.2504
1099	0.8981
1100	0.006095
1101	0.9321
1102	1.029
1103	0.2693
1104	0.07246
1105	-0.1597
1106	0.1911
1107	0.123
1108	0.1577
1109	1.973
1110	0.1307
1111	0.1475
1112	-0.06287
1113	-0.1178
1114	0.4595
1115	-0.18
1116	0.3913
1117	0.3326
1118	0.07279
1119	-0.1376
1120	0.2491
1121	-0.2941
1122	
1123	-0.0149
1124	0.1656
1125	0.3342
1126	0.6048
1127	-0.2025
1128	0.5339
1129	-0.2656
1130	0.5181
1131	0.9916
1132	0.424
1133	0.1259
1134	0.03292
1135	0.1759
1136	0.5309
1137	-0.06146
1138	0.1122
1139	-0.1377
1140	-0.6218
1141	-0.316
1142	0.1737
1143	0.1978
1144	0.2119
1145	-0.4082
1146	-0.2327
1147	-0.3922
1148	0.2223
1149	-0.173
1150	0.2258
1151	
1152	-0.4217
1153	
1154	-0.129
1155	0.04558
1156	0.278
1157	-0.2079
1158	-0.2614
1159	
1160	
1161	-0.08134
1162	0.2396
1163	0.5421
1164	-0.1489
1165	-0.003668
1166	-0.279
1167	-0.1351
1168	-0.2357
1169	-0.4625
1170	0.607
1171	0.1427
1172	0.1136
1173	0.1794
1174	0.123
1175	0.4481
1176	0.6634
1177	0.4887
1178	-0.5366
1179	
1180	0.09107
1181	-0.003901
1182	
1183	
1184	-0.2959
1185	0.02084
1186	0.4064
1187	0.5879
1188	
1189	1.094
1190	0.6344
1191	0.1248
1192	0.07549
1193	0.2892
1194	0.4563
1195	-0.4935
1196	
1197	-0.9895
1198	0.3258
1199	0.2107
1200	0.6906
1201	-0.3679
1202	-0.01198
1203	0.3409
1204	0.01553
1205	-0.1724
1206	-0.3357
1207	
1208	0.5523
1209	
1210	-0.1665
1211	0.3226
1212	-0.1253
1213	0.171
1214	
1215	0.5769
1216	0.09707
1217	-0.5425
1218	-0.5856
1219	-0.3654
1220	-0.1395
1221	-0.1009
1222	-0.3925
1223	-0.3279
1224	-0.3115
1225	-0.2961
1226	-0.2205
1227	-0.2519
1228	-0.08215
1229	0.3879
1230	
1231	
1232	0.6486
1233	0.7166
1234	-0.1632
1235	-0.2717
1236	-0.2098
1237	-0.1644
1238	0.907
1239	-0.3242
1240	-0.4188
1241	-0.1334
1242	
1243	1.522
1244	0.7296
1245	0.9384
1246	1.344
1247	0.8079
1248	0.3239
1249	0.3461
1250	-0.3964
1251	0.4859
1252	0.5905
1253	-0.4542
1254	-0.1864
1255	0.2934
1256	-0.1477
1257	-0.2804
1258	-0.9512
1259	-0.5398
1260	-1.548
1261	-1.947
1262	-2.312
1263	-3.196
1264	-3.518
1265	-0.02002
1266	0.2006
1267	0.2179
1268	-0.2924
1269	0.5196
1270	0.04685
1271	0.2101
1272	0.387
1273	0.03294
1274	0.1814
1275	0.8131
1276	-0.2015
1277	0.1743
1278	0.2043
1279	0.02497
1280	0.05836
1281	0.9453
1282	
1283	0.5452
1284	0.4771
1285	-0.6196
1286	1.516
1287	2.887
1288	0.5449
1289	-0.227
1290	-0.1073
1291	-0.1419
1292	-0.4893
1293	-0.272
1294	0.0945
1295	0.06202
1296	-0.1958
1297	-0.4224
1298	-0.2559
1299	0.4284
1300	-0.2703
1301	-0.501
1302	-0.3051
1303	-0.2131
1304	-0.1249
1305	-0.06887
1306	-0.2846
1307	-0.008198
1308	-0.2447
1309	-0.2559
1310	-0.6251
1311	-0.6377
1312	-0.3601
1313	-0.2546
1314	-0.679
1315	-0.5791
1316	-0.3546
1317	-0.7361
1318	-0.362
1319	-0.238
1320	-0.1728
1321	0.1084
1322	-0.7531
1323	-0.03662
1324	-0.4895
1325	-0.2165
1326	0.06806
1327	0.004618
1328	-0.4316
1329	-0.3633
1330	-0.2093
1331	0.4481
1332	0.3564
1333	-0.1234
1334	0.5108
1335	0.1977
1336	-0.3625
1337	-0.3828
1338	-0.5874
1339	-0.6836
1340	0.1469
1341	-0.5099
1342	-0.6405
1343	
1344	0.1088
1345	-0.1778
1346	-0.1359
1347	
1348	
1349	
1350	-0.1414
1351	0.4205
1352	-0.167
1353	0.3088
1354	-0.2473
1355	-0.4394
1356	-0.6342
1357	-1.137
1358	-0.5008
1359	-0.5824
1360	-0.8056
1361	-0.1829
1362	-0.2974
1363	-0.3132
1364	-1.116
1365	-0.8738
1366	-0.7606
1367	0.1097
1368	-0.5007
1369	-0.269
1370	0.5867
1371	-0.1011
1372	-0.2589
1373	-0.5761
1374	-0.8197
1375	-0.3197
1376	-0.4302
1377	-0.4829
1378	0.06202
1379	0.3182
1380	0.1036
1381	-0.3179
1382	-0.4112
1383	-0.8712
1384	-1.025
1385	-0.6296
1386	-0.05984
1387	0.02683
1388	-0.684
1389	-0.6414
1390	-0.5259
1391	-0.7681
1392	-0.7913
1393	-0.8809
1394	
1395	
1396	-0.6619
1397	-0.3217
1398	-0.5461
1399	-0.5569
1400	-0.5923
1401	-0.1904
1402	0.03765
1403	0.2936
1404	-0.2075
1405	-0.1211
1406	-0.4969
1407	-0.1749
1408	-0.7527
1409	-0.8915
1410	-0.3215
1411	-0.3181
1412	0.06202
1413	-0.1112
1414	0.07628
1415	0.003276
1416	0.03132
1417	-0.08728
1418	-0.1196
1419	-0.5954
1420	0.009109
1421	-0.05936
1422	0.133
1423	
1424	
1425	-1.27
1426	0.2667
1427	-0.002935
1428	-0.8542
1429	-0.2119
1430	0.1759
1431	-0.6202
1432	
1433	-0.7501
1434	-0.3831
1435	-0.1387
1436	-0.9724
1437	-0.3907
1438	0.1683
1439	-0.4385
1440	-0.4538
1441	-0.2449
1442	-0.4156
1443	-0.4168
1444	-0.6841
1445	-0.4872
1446	-0.4593
1447	-0.4801
1448	-0.003433
1449	-0.8597
1450	-0.9161
1451	
1452	1.117
1453	-0.7321
1454	0.1729
1455	-0.1807
1456	1.352
1457	
1458	-0.5514
1459	-0.6024
1460	
1461	-0.2599
1462	-0.8965
1463	-0.7405
1464	0.3436
1465	-0.3421
1466	-0.2819
1467	-0.3062
1468	-0.2472
1469	-0.3133
1470	-0.7281
1471	
1472	
1473	-0.2119
1474	0.7001
1475	0.2439
1476	-0.1316
1477	-0.1079
1478	-0.9202
1479	0.3124
1480	-1.124
1481	-0.9656
1482	-1.123
1483	-0.3025
1484	-0.7094
1485	0.5227
1486	0.8058
1487	-0.07301
1488	0.1786
1489	-0.2927
1490	-0.4626
1491	-0.6112
1492	-1.104
1493	-1.696
1494	
1495	-0.02267
1496	-0.2838
1497	-1.229
1498	-0.8805
1499	-0.7527
1500	-0.7848
1501	-0.7461
1502	-0.4355
1503	-0.2974
1504	-0.506
1505	-1.281
1506	-0.6195
1507	-0.3037
1508	
1509	-0.114
1510	-0.2887
1511	-0.3872
1512	-0.2216
1513	-0.6276
1514	-0.672
1515	-0.4305
1516	-0.2094
1517	0.4242
1518	-0.684
1519	-0.6967
1520	
1521	-0.0981
1522	
1523	-0.06418
1524	-0.07631
1525	-0.4013
1526	-0.2577
1527	-0.8164
1528	0.006669
1529	
1530	0.3595
1531	-0.1146
1532	0.1884
1533	0.1601
1534	-0.1427
1535	-0.0966
1536	
1537	
1538	0.05107
1539	0.2157
1540	0.2132
1541	-0.2446
1542	-0.4468
1543	-0.6227
1544	-0.04862
1545	-0.5738
1546	-0.157
1547	-0.8096
1548	-0.2208
1549	-0.8505
1550	-0.5779
1551	-0.1713
1552	-0.5969
1553	0.2328
1554	-0.5761
1555	-0.7666
1556	-0.8736
1557	
1558	0.01881
1559	-0.6698
1560	-0.2398
1561	0.2165
1562	-0.1556
1563	-0.1491
1564	-0.326
1565	-0.2202
1566	-0.3773
1567	-0.4548
1568	-0.1508
1569	-0.4548
1570	-0.1769
1571	-0.261
1572	-0.1583
1573	-0.2926
1574	
1575	-0.4201
1576	-0.1123
1577	-0.2256
1578	-0.2415
1579	-0.4938
1580	
1581	-0.1546
1582	-0.01623
1583	0.04562
1584	-0.2966
1585	-0.2916
1586	-0.5168
1587	-0.3107
1588	-0.459
1589	-0.6341
1590	-0.95
1591	-0.6365
1592	-0.4177
1593	0.1046
1594	-0.1551
1595	
1596	0.3911
1597	-0.1004
1598	-0.4542
1599	-0.6835
1600	-0.8751
1601	-0.7965
1602	-0.07689
1603	-0.1027
1604	0.7522
1605	0.005265
1606	-0.3448
1607	0.07522
1608	-0.1839
1609	0.007401
1610	
1611	
1612	0.3095
1613	0.4967
1614	-0.4993
1615	-0.5837
1616	0.1858
1617	-0.3659
1618	-0.04251
1619	
1620	-0.2165
1621	-0.4722
1622	-0.1677
1623	-0.1917
1624	0.723
1625	-0.5489
1626	-0.9084
1627	0.04049
1628	0.3633
1629	0.2517
1630	0.02241
1631	-0.4736
1632	0.1546
1633	0.04988
1634	-0.09772
1635	-0.2557
1636	-0.357
1637	0.4417
1638	0.2322
1639	-0.1504
1640	0.4482
1641	-0.1905
1642	0.2935
1643	-0.2641
1644	-1.108
1645	-0.6054
1646	-0.6726
1647	-0.5104
1648	-0.9673
1649	-0.3165
1650	0.2094
1651	0.211
1652	0.01908
1653	-0.08143
1654	0.2609
1655	0.4574
1656	-0.14
1657	-0.05591
1658	0.06202
1659	-0.2966
1660	-0.228
1661	-0.4963
1662	
1663	
1664	-0.179
1665	
1666	
1667	-0.7973
1668	-0.7406
1669	-0.4859
1670	-0.1391
1671	-0.03301
1672	-0.7108
1673	-0.6417
1674	-1.166
1675	-0.7887
1676	0.2854
1677	-1.088
1678	-1.108
1679	0.04197
1680	0.4288
1681	0.5238
1682	0.4384
1683	-0.1735
1684	0.452
1685	0.3027
1686	-0.3599
1687	0.09991
1688	-0.2756
1689	-0.6536
1690	-0.727
1691	-1.42
1692	-0.2609
1693	0.09577
1694	-0.3888
1695	-0.9749
1696	-0.7253
1697	
1698	-0.7119
1699	-0.4761
1700	-0.2323
1701	0.1478
1702	0.9421
1703	-0.04443
1704	-0.03769
1705	-0.03801
1706	0.393
1707	-0.2229
1708	-0.2496
1709	0.4702
1710	-0.3084
1711	-0.4084
1712	-0.923
1713	-0.4634
1714	-0.4593
1715	
1716	-0.4527
1717	-0.3214
1718	0.3322
1719	
1720	0.1426
1721	-0.7466
1722	0.2097
1723	-0.401
1724	-1.002
1725	-0.292
1726	0.2551
1727	0.2387
1728	-0.5768
1729	1.635
1730	-0.1516
1731	-0.9753
1732	-0.8905
1733	-0.3705
1734	-0.3194
1735	-0.3613
1736	-0.1375
1737	-0.5709
1738	-0.1032
1739	-0.4628
1740	0.4645
1741	-0.5714
1742	0.3121
1743	-0.7239
1744	0.1195
1745	-0.7408
1746	-0.3035
1747	0.9401
1748	-0.3346
1749	-0.005094
1750	-0.8473
1751	-0.1483
1752	-0.2108
1753	0.04614
1754	-0.4897
1755	-0.4887
1756	-1.068
1757	-0.6777
1758	-1.228
1759	-0.03452
1760	-0.3428
1761	1.079
1762	-0.2366
1763	-0.1187
1764	0.6522
1765	0.3317
1766	0.5729
1767	0.1096
1768	-0.1237
1769	-0.3013
1770	-0.2205
1771	-0.1255
1772	-1.324
1773	-1.007
1774	-0.9065
1775	-0.3828
1776	-0.3543
1777	-0.6422
1778	-0.102
1779	0.2891
1780	0.5996
1781	-0.003132
1782	0.4011
1783	-1.078
1784	-1.031
1785	0.02595
1786	-0.5167
1787	-0.5309
1788	-0.8687
1789	0.1224
1790	-0.7911
1791	-0.6566
1792	-0.2726
1793	0.03394
1794	0.358
1795	-0.07816
1796	-0.7941
1797	0.6552
1798	-0.7968
1799	-0.8947
1800	-0.1538
1801	-0.7045
1802	-0.3225
1803	-0.443
1804	
1805	-0.1912
1806	-0.5249
1807	0.3859
1808	-0.2962
1809	0.08763
1810	-0.2899
1811	-0.2353
1812	-0.07012
1813	
1814	0.2046
1815	-0.4175
1816	-0.323
1817	0.2644
1818	0.2916
1819	-0.2981
1820	-0.1979
1821	0.06694
1822	0.4091
1823	0.5589
1824	1.12
1825	-0.4716
1826	0.05168
1827	-0.06273
1828	-0.3813
1829	0.248
1830	0.2712
1831	0.5682
1832	0.0004255
1833	-0.6657
1834	0.03614
1835	-0.0761
1836	-1.306
1837	-0.4713
1838	0.3243
1839	-0.03714
1840	0.5076
1841	0.2601
1842	0.03208
1843	-0.4351
1844	-0.1504
1845	-0.1837
1846	0.05414
1847	-0.06066
1848	0.291
1849	0.5934
1850	0.1933
1851	0.5141
1852	0.2725
1853	0.2564
1854	
1855	-0.08264
1856	0.1026
1857	0.1202
1858	-0.7087
1859	0.1311
1860	0.08212
1861	-0.1353
1862	-0.06574
1863	0.1906
1864	0.5169
1865	0.1975
1866	0.4747
1867	-0.08383
1868	-0.03031
1869	0.1057
1870	-0.1671
1871	-0.5166
1872	-0.2828
1873	-0.5769
1874	-0.5768
1875	-0.3187
1876	0.6348
1877	0.1762
1878	-1.09
1879	-0.4866
1880	-0.9436
1881	-0.05025
1882	-0.05388
1883	-0.2954
1884	-0.2425
1885	-0.2019
1886	-0.3096
1887	
1888	-0.1525
1889	-0.3074
1890	-0.3152
1891	-0.2672
1892	-0.2821
1893	-0.3816
1894	-0.1042
1895	0.2615
1896	-0.8903
1897	-0.4844
1898	0.4071
1899	0.005234
1900	-0.4563
1901	-0.3854
1902	-0.1869
1903	0.2902
1904	-0.205
1905	-0.4013
1906	0.2918
1907	-0.2211
1908	0.4819
1909	
1910	
1911	
1912	-0.05672
1913	0.01122
1914	-0.1047
1915	
1916	-0.3733
1917	0.4373
1918	0.106
1919	0.6602
1920	2.02
1921	-0.2093
1922	-0.3258
1923	-0.2441
1924	-0.3317
1925	-0.1287
1926	-0.1287
1927	-1.134
1928	0.4384
1929	0.07938
1930	-0.1373
1931	-0.3176
1932	-0.8124
1933	0.2188
1934	-0.8301
1935	0.3017
1936	-0.1645
1937	-0.3914
1938	-0.1588
1939	-0.2299
1940	-0.1093
1941	-0.5135
1942	-0.01343
1943	-0.1015
1944	0.0771
1945	-0.6241
1946	-0.1848
1947	-0.1814
1948	-0.2371
1949	-0.1201
1950	-0.1054
1951	-0.3373
1952	0.01374
1953	-0.3642
1954	
1955	-0.2017
1956	-0.7844
1957	-0.3211
1958	0.2149
1959	0.1484
1960	-0.07347
1961	0.2473
1962	-0.01644
1963	-0.1582
1964	-1.065
1965	0.4959
1966	-0.1523
1967	-1.17
1968	-0.4157
1969	0.4003
1970	-0.9228
1971	-1.367
1972	-0.9469
1973	0.4301
1974	-0.2334
1975	
1976	-0.1864
1977	
1978	
1979	0.2704
1980	0.2064
1981	1.24
1982	0.4023
1983	0.216
1984	
1985	-0.08854
1986	
1987	0.2271
1988	0.2521
1989	
1990	-0.3911
1991	-0.2656
1992	0.1179
1993	-0.227
1994	0.5591
1995	-0.1319
1996	0.1849
1997	0.2755
1998	-0.2862
1999	-0.2718
2000	-0.1632
2001	-0.3791
2002	-0.2855
2003	
2004	
2005	
2006	0.02996
2007	0.1188
2008	-0.07372
2009	-0.299
2010	-0.1533
2011	0.373
2012	1.372
2013	1.481
2014	0.5351
2015	-0.3848
2016	0.4931
2017	0.2963
2018	
2019	0.3404
2020	0.3128
2021	0.8367
2022	0.396
2023	0.4634
2024	0.8212
2025	0.9094
2026	1.081
2027	0.3238
2028	0.04013
2029	0.6718
2030	0.5159
2031	0.0244
2032	-0.2534
2033	
2034	0.3892
2035	-0.2638
2036	
2037	0.1331
2038	0.1142
2039	0.3055
2040	0.2227
2041	0.1939
2042	0.4556
2043	-0.06864
2044	-0.3145
2045	-0.1741
2046	-0.04011
2047	-0.2153
2048	-0.381
2049	-0.05045
2050	0.1202
2051	0.1962
2052	0.1433
2053	
2054	-0.1147
2055	-0.07636
2056	-0.171
2057	0.008249
2058	
2059	-0.1518
2060	-0.19
2061	-0.2656
2062	0.01452
2063	-0.4966
2064	0.2656
2065	0.1188
2066	0.3426
2067	
2068	-0.1768
2069	-0.2461
2070	-0.181
2071	
2072	-0.1848
2073	0.5526
2074	-0.2237
2075	-0.4273
2076	-0.05502
2077	-0.6101
2078	-0.3083
2079	0.1971
2080	-1.704
2081	0.2214
2082	
2083	0.1303
2084	-0.1772
2085	
2086	-0.4017
2087	-0.435
2088	
2089	-0.2973
2090	-0.03658
2091	0.5255
2092	0.7068
2093	0.8864
2094	1.162
2095	1.294
2096	0.8156
2097	-0.5925
2098	-0.02204
2099	-0.1508
2100	-0.3099
2101	0.04528
2102	-0.3629
2103	0.1259
2104	-0.1255
2105	-0.04816
2106	-0.0557
2107	-0.1966
2108	
2109	-0.3316
2110	0.1873
2111	
2112	
2113	0.2295
2114	0.5454
2115	-0.3831
2116	-0.2716
2117	-0.3016
2118	0.06655
2119	-0.1954
2120	-0.1375
2121	-0.006857
2122	-0.08662
2123	-0.2019
2124	
2125	-0.2105
2126	
2127	-0.6457
2128	-0.4483
2129	0.6774
2130	-0.1368
2131	-0.8168
2132	0.007158
2133	0.4416
2134	0.2636
2135	0.08121
2136	-0.06868
2137	-0.7642
2138	-0.2341
2139	-0.06769
2140	-0.13
2141	
2142	-0.1976
2143	-0.01408
2144	-0.311
2145	-0.3867
2146	-0.3268
2147	-0.2326
2148	-0.2567
2149	-0.314
2150	-0.1345
2151	-0.1878
2152	0.6794
2153	1.81
2154	0.2665
2155	0.9812
2156	1.068
2157	-0.2545
2158	-0.2372
2159	-0.2882
2160	-0.06177
2161	0.977
2162	
2163	
2164	-0.2691
2165	-0.1747
2166	-0.2768
2167	-0.2672
2168	-0.2461
2169	-0.1382
2170	-0.3294
2171	0.1478
2172	-0.169
2173	0.1264
2174	
2175	
2176	0.1582
2177	0.5166
2178	0.02648
2179	-0.151
2180	-0.05314
2181	-0.06248
2182	-0.1142
2183	0.3223
2184	-0.2114
2185	0.5146
2186	0.2982
2187	0.1432
2188	0.4585
2189	
2190	-0.181
2191	-0.1571
2192	0.4519
2193	0.3296
2194	-0.3395
2195	0.7159
2196	-0.3005
2197	0.1172
2198	-0.1676
2199	-0.1332
2200	0.3904
2201	
2202	-0.1344
2203	0.2188
2204	-0.3257
2205	
2206	-0.2742
2207	-0.1301
2208	-0.2509
2209	-0.1009
2210	1.169
2211	0.4889
2212	-0.3933
2213	-0.2599
2214	-0.006889
2215	-0.849
2216	0.206
2217	0.6347
2218	0.3397
2219	-0.2642
2220	-0.09126
2221	-0.1596
2222	-0.3875
2223	-0.2966
2224	-0.3467
2225	-0.3162
2226	-0.2288
2227	-0.1612
2228	-0.07092
2229	0.7815
2230	-0.4168
2231	0.8718
2232	0.3572
2233	-0.07247
2234	0.3302
2235	0.4525
2236	-0.007882
2237	0.02166
2238	-0.06072
2239	0.2405
2240	-0.6027
2241	-0.3714
2242	0.006622
2243	-0.3638
2244	-0.2767
2245	-0.06297
2246	-0.3196
2247	0.1808
2248	-0.4164
2249	0.04041
2250	0.05868
2251	0.2429
2252	
2253	-0.3027
2254	-0.4685
2255	-0.4006
2256	-0.2972
2257	-0.211
2258	-0.201
2259	-0.4941
2260	0.1036
2261	0.6241
2262	-0.262
2263	
2264	-0.3246
2265	0.2895
2266	-1.105
2267	
2268	0.02822
2269	0.3943
2270	-0.02616
2271	
2272	-0.2554
2273	-0.3145
2274	-0.3061
2275	-0.1695
2276	-0.2458
2277	0.2919
2278	-0.396
2279	-0.09552
2280	-0.1024
2281	-0.3056
2282	-0.07738
2283	-0.2194
2284	-0.1612
2285	0.2353
2286	0.3617
2287	
2288	
2289	-0.3095
2290	0.2138
2291	0.1779
2292	-0.3118
2293	-0.3453
2294	0.29
2295	0.1027
2296	0.6614
2297	1.017
2298	-0.2643
2299	0.2471
2300	-0.2707
2301	-0.2237
2302	-0.01783
2303	-0.02131
2304	-0.3155
2305	-0.1735
2306	0.5749
2307	0.4488
2308	0.2218
2309	1.417
2310	-0.04353
2311	0.288
2312	1.276
2313	0.4298
2314	0.2433
2315	0.2814
2316	0.03981
2317	
2318	
2319	
2320	0.4435
2321	0.1137
2322	
2323	-1.23
2324	-0.3948
2325	-0.1166
2326	-0.6902
2327	-0.07125
2328	0.3028
2329	0.6901
2330	0.5745
2331	0.04576
2332	0.07459
2333	-0.1056
2334	-0.3546
2335	-0.1401
2336	-0.2754
2337	-0.177
2338	-0.6316
2339	
2340	-0.1146
2341	-0.1086
2342	-0.5173
2343	
2344	0.2339
2345	-0.1877
2346	-0.2692
2347	0.5239
2348	
2349	-0.357
2350	0.2153
2351	0.1017
2352	0.4612
2353	0.03595
2354	-0.3215
2355	-0.2494
2356	-0.2089
2357	-0.2634
2358	-0.1554
2359	
2360	-0.317
2361	-0.1214
2362	
2363	
2364	-0.1649
2365	
2366	-0.02478
2367	-0.3017
2368	0.01452
2369	-0.07655
2370	-0.01699
2371	-0.3369
2372	0.199
2373	-0.1537
2374	-0.1898
2375	-0.1367
2376	
2377	-0.1824
2378	0.2068
2379	0.377
2380	-0.4149
2381	0.3392
2382	-0.2026
2383	
2384	-0.3558
2385	-0.4734
2386	-0.02405
2387	-0.1703
2388	0.143
2389	-0.1138
2390	-0.06081
2391	0.02365
2392	0.6227
2393	0.7519
2394	0.006347
2395	-0.174
2396	
2397	
2398	-0.1998
2399	-0.1129
2400	1.091
2401	
2402	
2403	
2404	
2405	0.2255
2406	-0.3948
2407	-0.07799
2408	-0.508
2409	-0.2251
2410	0.1355
2411	-0.2249
2412	-0.3226
2413	
2414	1.135
2415	0.01002
2416	0.1057
2417	-0.2029
2418	-0.1236
2419	-0.3463
2420	0.07008
2421	1.566
2422	1.916
2423	1.425
2424	1.692
2425	2.087
2426	-0.04901
2427	0.6076
2428	0.1381
2429	-0.05772
2430	0.06501
2431	
2432	-0.274
2433	-0.1703
2434	0.276
2435	-0.3289
2436	
2437	-0.1963
2438	
2439	-0.1374
2440	-0.3283
2441	-0.3664
2442	0.02372
2443	-0.1895
2444	
2445	0.1685
2446	
2447	-0.4677
2448	-0.1523
2449	
2450	0.2517
2451	-0.1151
2452	-0.4596
2453	-0.4171
2454	-0.2748
2455	
2456	-0.2416
2457	0.1259
2458	
2459	-0.2742
2460	-0.3832
2461	-0.2019
2462	-0.3499
2463	0.2166
2464	-1.33
2465	-1.345
2466	0.01992
2467	0.5387
2468	-0.07095
2469	-0.07318
2470	-0.2117
2471	-0.2436
2472	0.0517
2473	0.1326
2474	-0.2013
2475	-0.1151
2476	0.6626
2477	0.3125
2478	0.7026
2479	0.328
2480	0.3535
2481	0.5848
2482	0.1367
2483	
2484	-0.6292
2485	-0.1348
2486	-0.6131
2487	-0.349
2488	-0.1816
2489	
2490	-0.2126
2491	-0.2735
2492	
2493	0.3019
2494	0.08883
2495	-0.3289
2496	
2497	1.347
2498	1.515
2499	
2500	
2501	0.5978
2502	0.0342
2503	-0.4214
2504	0.1874
2505	-0.1195
2506	-0.353
2507	1.195
2508	0.4763
2509	0.4651
2510	
2511	-0.0145
2512	0.5498
2513	0.3684
2514	0.8138
2515	0.2318
2516	0.5716
2517	0.01347
2518	0.693
2519	-0.09302
2520	
2521	0.1112
2522	0.01592
2523	
2524	0.2065
2525	-0.01446
2526	0.4435
2527	0.03699
2528	-0.3056
2529	-0.02963
2530	0.6187
2531	0.7162
2532	0.2137
2533	0.7405
2534	-0.3885
2535	-0.7619
2536	-0.3422
2537	-0.3208
2538	0.1385
2539	
2540	-0.09058
2541	-0.4133
2542	-0.2736
2543	-0.2754
2544	-0.2208
2545	0.2512
2546	-0.2432
2547	
2548	-0.3211
2549	-0.5681
2550	0.04499
2551	1.11
2552	-0.4774
2553	0.1004
2554	-0.4135
2555	-0.03654
2556	
2557	0.5888
2558	-0.2922
2559	0.01139
2560	-0.09513
2561	-0.2466
2562	-0.07738
2563	0.1365
2564	0.0415
2565	0.2118
2566	0.3224
2567	0.3688
2568	0.3791
2569	0.707
2570	0.05268
2571	0.1026
2572	-0.5599
2573	-0.4935
2574	0.1059
2575	-0.03863
2576	-0.15
2577	0.4399
2578	-0.6171
2579	0.5518
2580	0.1535
2581	0.08067
2582	
2583	0.181
2584	-0.09611
2585	-0.04348
2586	0.158
2587	0.2864
2588	
2589	
2590	
2591	
2592	-0.5961
2593	-0.1619
2594	0.103
2595	1.041
2596	0.1616
2597	-0.1403
2598	0.8676
2599	-0.8624
2600	-2.791
2601	-3.784
2602	0.4311
2603	
2604	0.6165
2605	0.08149
2606	
2607	1.164
2608	-0.04907
2609	0.6769
2610	0.2374
2611	0.2885
2612	0.008657
2613	
2614	0.3194
2615	0.0288
2616	-0.02143
2617	0.01218
2618	-0.2531
2619	-0.05231
2620	0.304
2621	
2622	-0.09783
2623	-0.01876
2624	0.000244
2625	
2626	0.223
2627	
2628	-0.3854
2629	
2630	0.01895
2631	
2632	-0.1204
2633	-0.201
2634	
2635	-0.241
2636	0.1448
2637	-0.3867
2638	
2639	-0.1851
2640	0.1086
2641	-0.1227
2642	-0.1604
2643	0.4121
2644	0.5749
2645	0.1666
2646	
2647	
2648	0.2151
2649	0.1668
2650	0.4452
2651	0.7182
2652	
2653	
2654	
2655	-0.1945
2656	-0.02893
2657	-0.3068
2658	-0.3339
2659	-0.6469
2660	-0.4797
2661	-0.5179
2662	-0.3277
2663	-0.2263
2664	-0.5704
2665	-1.266
2666	-0.3347
2667	0.2869
2668	-0.2638
2669	
2670	0.03671
2671	
2672	-0.7803
2673	0.2624
2674	0.2408
2675	0.08328
2676	0.2767
2677	0.4465
2678	1.001
2679	1.498
2680	0.2271
2681	-0.4234
2682	0.2473
2683	
2684	0.4081
2685	0.4925
2686	-0.03369
2687	-1.047
2688	-0.09682
2689	0.1872
2690	0.2464
2691	
2692	
2693	
2694	
2695	
2696	0.2022
2697	0.903
2698	-0.2256
2699	0.2018
2700	-0.04232
2701	-0.1713
2702	-0.4008
2703	-0.3383
2704	
2705	-0.2973
2706	-0.03736
2707	0.02739
2708	
2709	-0.3382
2710	
2711	0.8352
2712	-0.3321
2713	0.06202
2714	-0.1492
2715	-0.2214
2716	-0.09142
2717	-0.383
2718	-0.3389
2719	0.01328
2720	-0.2216
2721	0.008581
2722	0.1254
2723	
2724	
2725	-0.5783
2726	-0.0987
2727	-0.1417
2728	0.04334
2729	-0.514
2730	
2731	-0.07455
2732	0.2257
2733	0.3818
2734	-0.3363
2735	-0.498
2736	0.3879
2737	-0.1253
2738	-0.004783
2739	0.3558
2740	-0.3939
2741	-0.4792
2742	-0.1933
2743	0.2446
2744	0.1027
2745	0.1565
2746	0.5696
2747	0.2073
2748	0.9605
2749	
2750	1.505
2751	2.25
2752	2.287
2753	
2754	
2755	0.471
2756	-0.1391
2757	0.2956
2758	-0.1667
2759	-0.1418
2760	-0.3226
2761	-0.1999
2762	1.93
2763	1.827
2764	2.036
2765	0.1989
2766	-0.008801
2767	0.122
2768	-0.3025
2769	0.518
2770	-0.3473
2771	0.5094
2772	-0.07156
2773	-0.2123
2774	-0.1864
2775	-0.2869
2776	-0.3415
2777	-0.07368
2778	
2779	0.6157
2780	0.7616
2781	0.2614
2782	-0.2222
2783	0.04201
2784	0.236
2785	-0.11
2786	0.2879
2787	-0.3553
2788	-0.2127
2789	
2790	
2791	
2792	
2793	0.02654
2794	0.06202
2795	0.2928
2796	0.3294
2797	-0.3334
2798	-0.3916
2799	-0.485
2800	-0.4674
2801	-0.3321
2802	-0.257
2803	-0.3911
2804	-0.3057
2805	0.02222
2806	-0.1197
2807	0.2207
2808	0.07021
2809	-0.7498
2810	0.1831
2811	0.1303
2812	-0.2302
2813	0.3752
2814	
2815	
2816	
2817	
2818	2.15
2819	0.5537
2820	0.3634
2821	-0.3033
2822	
2823	-0.2242
2824	-0.05679
2825	-0.1499
2826	0.3897
2827	0.3785
2828	0.4398
2829	0.4192
2830	0.1118
2831	-0.3079
2832	-0.2985
2833	-0.1423
2834	0.5617
2835	-0.2619
2836	-0.08482
2837	0.107
2838	0.4839
2839	0.2119
2840	0.3396
2841	0.1075
2842	-0.3062
2843	-0.2675
2844	0.06607
2845	0.1485
2846	0.2186
2847	-0.3667
2848	0.2666
2849	-0.2185
2850	0.2878
2851	
2852	-0.3604
2853	0.3317
2854	-0.124
2855	-0.05215
2856	-0.1426
2857	0.106
2858	-0.01566
2859	0.6551
2860	-0.01985
2861	0.2818
2862	-0.2466
2863	-0.7472
2864	
2865	-0.1414
2866	0.1128
2867	-0.6017
2868	-0.4021
2869	-0.1833
2870	-0.3811
2871	0.1006
2872	-0.3739
2873	-0.3192
2874	-0.3204
2875	-0.453
2876	-0.1738
2877	-0.2271
2878	-0.3481
2879	
2880	-0.5068
2881	-0.2507
2882	0.1466
2883	0.9318
2884	-0.2861
2885	-0.1957
2886	
2887	
2888	-0.3078
2889	-0.3559
2890	0.7505
2891	-0.09464
2892	-0.0951
2893	0.2126
2894	-0.03178
2895	0.2876
2896	0.7022
2897	-0.09661
2898	0.3347
2899	-0.8145
2900	0.4534
2901	0.2948
2902	-0.1242
2903	1.389
2904	1.044
2905	1.435
2906	0.3472
2907	-0.1233
2908	0.4938
2909	0.6606
2910	-0.2292
2911	
2912	-0.2521
2913	0.787
2914	0.2942
2915	-0.233
2916	0.3504
2917	-0.2872
2918	-0.0138
2919	-0.3127
2920	-0.3426
2921	-0.4663
2922	-0.1035
2923	0.2837
2924	-0.3965
2925	0.8262
2926	0.5238
2927	-0.01714
2928	-0.07043
2929	-0.3596
2930	-0.2618
2931	-0.3744
2932	0.1109
2933	-0.2252
2934	-0.1932
2935	0.9887
2936	-0.1048
2937	0.2332
2938	0.8308
2939	0.2262
2940	0.8391
2941	0.3474
2942	1.156
2943	0.1399
2944	-0.1542
2945	-0.2876
2946	0.3815
2947	0.5858
2948	0.1344
2949	0.05746
2950	-0.2634
2951	-0.08511
2952	0.2251
2953	0.429
2954	0.172
2955	0.2052
2956	-0.4514
2957	
2958	-0.2278
2959	-0.4407
2960	0.07449
2961	0.02923
2962	-0.07703
2963	0.2291
2964	0.1501
2965	0.3434
2966	-0.3516
2967	
2968	
2969	0.06554
2970	-0.3964
2971	0.007006
2972	-0.3814
2973	-0.3724
2974	
2975	
2976	-0.3723
2977	0.1243
2978	0.138
2979	-0.1876
2980	-0.2648
2981	-0.3247
2982	0.5994
2983	-0.3413
2984	0.002754
2985	0.234
2986	-0.2612
2987	-0.4493
2988	
2989	-0.1958
2990	-0.3924
2991	0.0899
2992	
2993	-0.4517
2994	
2995	
2996	
2997	-0.4202
2998	
2999	0.1485
3000	-0.04716
3001	-0.1037
3002	0.5697
3003	-0.9562
3004	-0.01922
3005	0.6173
3006	0.6511
3007	0.2615
3008	0.7604
3009	-0.4063
3010	-0.2936
3011	-0.4882
3012	-1.01
3013	-0.8499
3014	-0.01382
3015	0.1987
3016	0.4196
3017	0.2228
3018	0.05168
3019	0.1504
3020	-0.2867
3021	-0.2085
3022	0.08503
3023	0.1725
3024	-0.3955
3025	-0.1563
3026	-0.397
3027	-0.0622
3028	0.2274
3029	0.3299
3030	0.151
3031	0.2093
3032	-0.05692
3033	0.04262
3034	0.2006
3035	0.2972
3036	0.07661
3037	0.1938
3038	-0.3474
3039	0.2793
3040	0.5743
3041	0.7647
3042	0.02123
3043	0.1395
3044	0.434
3045	-0.09038
3046	-0.0179
3047	-0.1193
3048	-0.2478
3049	-0.2781
3050	-0.5372
3051	-0.2945
3052	0.1143
3053	-0.07975
3054	-0.02276
3055	-0.0702
3056	0.6958
3057	-0.09527
3058	0.2368
3059	0.3693
3060	-0.4068
3061	0.8513
3062	-0.3344
3063	-0.2896
3064	-0.03509
3065	0.6978
3066	-0.1999
3067	0.2195
3068	-0.02599
3069	
3070	0.1669
3071	-0.2505
3072	-0.4666
3073	-0.4944
3074	-0.3564
3075	0.1212
3076	
3077	-0.2477
3078	-0.5138
3079	-0.1216
3080	
3081	
3082	-0.3065
3083	0.1035
3084	0.1792
3085	-0.05569
3086	-0.2031
3087	0.1742
3088	-0.205
3089	1.182
3090	-0.1359
3091	-0.3102
3092	-0.414
3093	-0.5043
3094	-0.06932
3095	0.2118
3096	0.07416
3097	-0.7305
3098	-0.9275
3099	-0.1521
3100	-0.1794
3101	-0.1872
3102	-0.8654
3103	
3104	
3105	0.08194
3106	-0.1584
3107	0.4892
3108	-0.1958
3109	0.3008
3110	-0.4142
3111	-0.07723
3112	0.1415
3113	-0.1247
3114	-0.2876
3115	
3116	0.2856
3117	-0.3441
3118	
3119	0.1976
3120	-0.2224
3121	-0.04623
3122	-0.04917
3123	
3124	-0.6537
3125	-0.3818
3126	-0.1417
3127	-0.2575
3128	-0.3665
3129	0.3379
3130	-0.2086
3131	-0.07548
3132	-0.2104
3133	-0.1885
3134	-0.07379
3135	-0.6944
3136	0.2604
3137	
3138	0.04364
3139	
3140	0.6633
3141	0.7999
3142	0.06532
3143	-0.1394
3144	
3145	-0.3253
3146	-0.1562
3147	0.4879
3148	-0.133
3149	-0.201
3150	0.3386
3151	0.2839
3152	-0.2776
3153	-0.4346
3154	-0.2908
3155	-0.01803
3156	-0.113
3157	-0.1084
3158	-0.4963
3159	-0.3103
3160	0.241
3161	-0.7569
3162	0.4893
3163	-0.06702
3164	1.333
3165	0.4284
3166	0.2086
3167	0.376
3168	0.6551
3169	0.5778
3170	-0.004399
3171	
3172	2.656
3173	-0.452
3174	
3175	-0.7699
3176	0.2573
3177	0.3385
3178	0.04659
3179	-0.02704
3180	0.2225
3181	-0.7011
3182	
3183	0.223
3184	0.01863
3185	0.3008
3186	0.4175
3187	0.06623
3188	
3189	-0.3928
3190	0.3598
3191	0.05219
3192	0.5158
3193	0.03128
3194	0.2964
3195	0.4101
3196	0.2983
3197	-0.06392
3198	0.3998
3199	0.2714
3200	0.1378
3201	-0.1394
3202	0.3584
3203	-0.154
3204	0.4488
3205	0.1853
3206	0.1689
3207	-0.08633
3208	-0.1483
3209	-0.2083
3210	0.1316
3211	0.006738
3212	1.466
3213	0.4801
3214	0.3288
3215	-0.3699
3216	-0.2268
3217	0.02827
3218	0.4071
3219	-0.2002
3220	-0.01802
3221	-0.4126
3222	-0.5039
3223	0.603
3224	-0.287
3225	1.153
3226	0.2627
3227	-0.2393
3228	0.4445
3229	0.3414
3230	0.7914
3231	0.9047
3232	-0.02326
3233	-0.1484
3234	0.2316
3235	0.2293
3236	-0.0824
3237	0.8683
3238	-0.304
3239	0.1158
3240	0.01484
3241	-0.2243
3242	-0.2687
3243	0.06939
3244	0.6305
3245	-0.1735
3246	-0.2063
3247	0.2547
3248	0.2052
3249	-0.07864
3250	0.2812
3251	0.922
3252	-0.1067
3253	0.1074
3254	0.1211
3255	0.7785
3256	0.8106
3257	0.1565
3258	0.1516
3259	-0.1253
3260	-0.5807
3261	1.262
3262	-0.0911
3263	0.02005
3264	-0.02323
3265	-0.1213
3266	-0.2893
3267	0.8441
3268	-0.3321
3269	-0.1988
3270	-0.3133
3271	-0.1845
3272	
3273	
3274	
3275	
3276	
3277	
3278	
3279	0.675
3280	0.1802
3281	0.2812
3282	0.01471
3283	0.2021
3284	0.8773
3285	0.1634
3286	-0.1282
3287	0.2334
3288	-0.09536
3289	0.269
3290	0.1511
3291	
3292	-0.1152
3293	0.1001
3294	0.5599
3295	0.6056
3296	1.145
3297	0.3768
3298	0.4543
3299	-0.179
3300	0.6299
3301	0.5305
3302	-0.1626
3303	0.5821
3304	0.9676
3305	0.7597
3306	1.189
3307	0.7241
3308	0.8065
3309	
3310	0.8719
3311	
3312	
3313	0.5574
3314	0.8697
3315	0.3347
3316	1.096
3317	1.073
3318	0.7945
3319	0.5225
3320	0.1959
3321	0.6706
3322	-0.2863
3323	-0.2481
3324	-0.2632
3325	-0.2669
3326	-0.3699
3327	-0.1343
3328	0.1203
3329	-0.2181
3330	0.01701
3331	
3332	-0.3626
3333	
3334	
3335	
3336	-0.2841
3337	1.026
3338	
3339	1.084
3340	0.6985
3341	0.1865
3342	0.8856
3343	0.333
3344	-0.1473
3345	0.04819
3346	0.1426
3347	0.5225
3348	0.09889
3349	
3350	-0.111
3351	0.1373
3352	0.0902
3353	-0.1099
3354	0.09459
3355	0.332
3356	-0.01037
3357	0.4811
3358	0.1958
3359	1.604
3360	-0.179
3361	-0.4327
3362	-0.107
3363	0.4252
3364	0.5353
3365	-0.3597
3366	0.5666
3367	0.2975
3368	0.2127
3369	-0.07494
3370	0.003298
3371	
3372	-0.2098
3373	-0.1662
3374	-0.4117
3375	-0.2925
3376	0.0659
3377	-0.3314
3378	
3379	
3380	-0.2259
3381	
3382	-0.02895
3383	-0.1314
3384	0.5147
3385	0.1998
3386	0.1738
3387	0.2644
3388	0.4054
3389	0.03689
3390	0.0973
3391	-0.2252
3392	-0.2219
3393	-0.2001
3394	-0.1798
3395	-0.6305
3396	0.1917
3397	0.07771
3398	-0.2249
3399	-0.1932
3400	0.05455
3401	-0.06362
3402	-0.1069
3403	0.4994
3404	
3405	0.04761
3406	
3407	0.4633
3408	0.2653
3409	0.259
3410	0.01543
3411	-0.05733
3412	-0.1431
3413	0.01272
3414	0.4937
3415	-0.227
3416	-0.3357
3417	-0.5369
3418	0.312
3419	0.2276
3420	
3421	-0.3034
3422	-0.3874
3423	-0.08792
3424	-0.1115
3425	0.1995
3426	
3427	
3428	-0.2031
3429	-0.2855
3430	-0.3423
3431	-0.06339
3432	-0.1926
3433	1.537
3434	-0.01966
3435	-0.257
3436	-0.0983
3437	-0.4742
3438	0.1542
3439	0.05091
3440	0.1489
3441	-0.08164
3442	-0.05148
3443	0.007094
3444	-0.2278
3445	-0.49
3446	0.3921
3447	-0.5912
3448	-0.4936
3449	
3450	0.03196
3451	-0.002454
3452	-0.3406
3453	-0.4229
3454	0.9262
3455	
3456	0.6919
3457	0.5977
3458	0.9237
3459	0.09846
3460	-0.07609
3461	0.1756
3462	0.4642
3463	0.1856
3464	0.243
3465	0.13
3466	-0.2196
3467	-0.2675
3468	0.4001
3469	0.09626
3470	0.1454
3471	0.5243
3472	0.4985
3473	0.2489
3474	
3475	-0.3162
3476	-0.5075
3477	-0.1351
3478	-0.3682
3479	-0.1617
3480	-0.464
3481	0.0428
3482	-0.1511
3483	0.03879
3484	
3485	-0.01943
3486	-0.4903
3487	-0.5568
3488	-0.4291
3489	0.03463
3490	-0.2298
3491	0.3569
3492	-0.1643
3493	0.5252
3494	-0.177
3495	-0.3194
3496	-0.1336
3497	-0.02169
3498	-0.1736
3499	0.1058
3500	0.7574
3501	-0.3105
3502	-0.2573
3503	-0.1951
3504	-0.1953
3505	0.4103
3506	-0.1915
3507	-0.0991
3508	-0.2181
3509	-1.412
3510	-1.734
3511	-0.534
3512	-1.396
3513	-0.01627
3514	-0.7115
3515	-0.7137
3516	-0.4343
3517	-1.5
3518	
3519	-0.5899
3520	-0.1226
3521	-0.386
3522	-0.5835
3523	-0.0721
3524	-0.7156
3525	-0.3138
3526	0.2627
3527	-0.3163
3528	-0.1871
3529	-0.07159
3530	-0.02904
3531	-0.5103
3532	0.0007646
3533	-0.3424
3534	-0.3421
3535	-0.09989
3536	-0.2794
3537	-0.06798
3538	-0.1506
3539	-0.05346
3540	0.9785
3541	0.6478
3542	0.1708
3543	0.4105
3544	1.477
3545	
3546	-0.04489
3547	-0.02544
3548	-0.1519
3549	0.07546
3550	0.1553
3551	0.113
3552	-0.1202
3553	0.7365
3554	0.3324
3555	-1.506
3556	0.8311
3557	-0.2304
3558	
3559	0.2531
3560	0.428
3561	
3562	0.1955
3563	
3564	-0.346
3565	0.04283
3566	-0.4605
3567	-0.3627
3568	-0.4281
3569	-0.3053
3570	-0.2061
3571	-0.1802
3572	0.2542
3573	0.1095
3574	
3575	
3576	
3577	-0.1718
3578	
3579	-0.215
3580	-0.1142
3581	-0.155
3582	-0.1747
3583	-0.2407
3584	-0.2304
3585	-0.1971
3586	
3587	-0.4122
3588	-0.4585
3589	0.4393
3590	0.0277
3591	-0.08185
3592	-0.1872
3593	
3594	
3595	-0.004431
3596	
3597	
3598	
3599	-0.3952
3600	-0.414
3601	-0.4247
3602	
3603	-0.168
3604	-0.1001
3605	-0.2546
3606	0.5686
3607	-0.04507
3608	0.191
3609	0.2531
3610	0.3244
3611	0.4279
3612	
3613	0.05689
3614	
3615	
3616	-0.348
3617	-0.1764
3618	
3619	0.4264
3620	0.2548
3621	0.04042
3622	0.08104
3623	0.03771
3624	0.04284
3625	-0.2244
3626	-0.2539
3627	-0.09861
3628	
3629	0.32
3630	0.1004
3631	-0.03946
3632	-0.1168
3633	0.03075
3634	-0.1112
3635	-0.1203
3636	0.1551
3637	0.3489
3638	-0.2443
3639	0.6891
3640	0.5998
3641	
3642	-0.08958
3643	0.4166
3644	0.3999
3645	-1.364
3646	0.4321
3647	
3648	0.2459
3649	0.06103
3650	0.1042
3651	0.09151
3652	-0.03144
3653	-0.2852
3654	
3655	-0.01444
3656	
3657	-0.4371
3658	
3659	
3660	0.1287
3661	1.366
3662	
3663	0.0827
3664	
3665	0.1211
3666	-0.4314
3667	-0.1327
3668	0.1539
3669	0.267
3670	0.4831
3671	0.4822
3672	0.1999
3673	-0.1984
3674	-0.2778
3675	
3676	0.06607
3677	-0.1614
3678	
3679	-0.04152
3680	-0.3591
3681	0.3082
3682	
3683	-0.41
3684	0.02276
3685	0.2978
3686	-0.2737
3687	-0.05346
3688	-0.4634
3689	-0.1651
3690	
3691	-0.5542
3692	-0.5137
3693	
3694	0.1816
3695	-0.1683
3696	
3697	
3698	-0.08744
3699	0.1034
3700	-0.1096
3701	0.527
3702	-0.1057
3703	0.1759
3704	0.3025
3705	
3706	0.3459
3707	0.124
3708	-0.03752
3709	-0.2896
3710	
3711	-0.231
3712	-0.3692
3713	-0.07799
3714	0.9116
3715	0.05762
3716	-0.1597
3717	-0.01091
3718	-0.3422
3719	-0.3243
3720	1.716
3721	0.3162
3722	-0.03854
3723	-0.1968
3724	0.1077
3725	0.3208
3726	-0.2098
3727	-0.1607
3728	-0.2469
3729	-0.4785
3730	
3731	0.4024
3732	0.1335
3733	1.015
3734	0.9399
3735	0.02367
3736	0.129
3737	0.2263
3738	0.369
3739	0.04798
3740	-0.01951
3741	0.1093
3742	0.1679
3743	0.1179
3744	0.7679
3745	-0.3612
3746	-0.4277
3747	-0.08334
3748	
3749	0.1017
3750	-0.3158
3751	0.5743
3752	
3753	-0.2465
3754	
3755	-0.1052
3756	
3757	
3758	
3759	
3760	
3761	
3762	0.303
3763	0.3641
3764	0.09082
3765	0.4213
3766	-0.166
3767	1.054
3768	0.6046
3769	0.7949
3770	0.875
3771	1.005
3772	0.59
3773	-0.06621
3774	1.168
3775	0.1348
3776	-0.01805
3777	
3778	0.1185
3779	-0.02376
3780	0.4973
3781	0.4973
3782	0.1484
3783	0.7642
3784	0.05201
3785	0.276
3786	0.2037
3787	0.2744
3788	0.04888
3789	0.1798
3790	0.1163
3791	0.2992
3792	-0.1881
3793	0.04572
3794	-0.06164
3795	0.3184
3796	
3797	
3798	
3799	
3800	-0.01049
3801	-0.3018
3802	0.0737
3803	0.08188
3804	0.01982
3805	0.3839
3806	0.1201
3807	-1.173
3808	-0.2495
3809	0.01834
3810	0.3664
3811	0.3371
3812	
3813	-0.02201
3814	
3815	-0.3472
3816	0.444
3817	0.0437
3818	-0.3919
3819	-0.2978
3820	-0.2166
3821	0.1903
3822	0.2386
3823	0.4379
3824	-0.05827
3825	-0.09644
3826	0.5453
3827	0.108
3828	-0.01642
3829	1.345
3830	0.3237
3831	-0.03635
3832	-0.2755
3833	0.5552
3834	0.1044
3835	-0.06951
3836	-0.122
3837	0.2291
3838	0.1526
3839	-0.2094
3840	
3841	
3842	-0.0913
3843	-0.3182
3844	-0.05749
3845	-0.3607
3846	-0.09756
3847	0.4725
3848	-0.1125
3849	
3850	0.03881
3851	
3852	
3853	
3854	
3855	
3856	-0.3058
3857	-0.262
3858	
3859	-0.08121
3860	0.1577
3861	-0.09253
3862	
3863	0.4443
3864	
3865	0.5923
3866	-0.337
3867	-0.2851
3868	1.879
3869	1.617
3870	2.89
3871	1.222
3872	0.4832
3873	-0.04925
3874	-0.3749
3875	-0.02679
3876	0.05551
3877	-0.5229
3878	-0.3683
3879	-0.1948
3880	
3881	
3882	-0.3792
3883	
3884	
3885	
3886	0.1247
3887	-0.1551
3888	-0.4085
3889	
3890	
3891	0.01585
3892	-0.2405
3893	
3894	-0.1436
3895	
3896	-0.1721
3897	-0.2624
3898	-0.275
3899	-0.3638
3900	-0.2216
3901	-0.06155
3902	0.494
3903	-0.4355
3904	-0.1969
3905	0.02151
3906	0.04665
3907	-0.3054
3908	0.9867
3909	-0.02833
3910	
3911	-0.1205
3912	-0.07644
3913	-0.05794
3914	-0.2878
3915	-0.2914
3916	0.1043
3917	2.4
3918	0.01674
3919	0.5588
3920	0.08084
3921	
3922	
3923	
3924	0.0308
3925	-0.2242
3926	-0.4178
3927	-0.189
3928	
3929	0.4029
3930	-0.02231
3931	0.1723
3932	0.1461
3933	-0.1467
3934	0.224
3935	-0.08764
3936	0.2919
3937	-0.1972
3938	0.1484
3939	0.9218
3940	1.059
3941	1.551
3942	0.1208
3943	0.5468
3944	
3945	-0.9344
3946	
3947	-0.1215
3948	0.1637
3949	0.1162
3950	-0.2494
3951	-0.2346
3952	-0.4772
3953	0.159
3954	-0.3001
3955	0.6244
3956	0.9302
3957	2.042
3958	2.191
3959	2.256
3960	2.445
3961	0.5862
3962	0.4951
3963	0.2288
3964	
3965	0.1859
3966	0.9398
3967	0.1499
3968	
3969	
3970	
3971	
3972	-0.0553
3973	0.08227
3974	-0.4423
3975	0.0718
3976	
3977	
3978	
3979	
3980	1.069
3981	0.5189
3982	0.0993
3983	0.4902
3984	0.5894
3985	0.07961
3986	
3987	0.5265
3988	0.7465
3989	-0.2564
3990	-0.1048
3991	-0.2685
3992	
3993	-0.3217
3994	-0.4513
3995	0.08439
3996	-0.005303
3997	-0.06405
3998	0.03059
3999	0.4551
4000	-0.3564
4001	0.1407
4002	
4003	-0.5041
4004	-0.08498
4005	0.2167
4006	0.9515
4007	
4008	
4009	
4010	
4011	-0.2534
4012	-0.3108
4013	0.49
4014	-0.09574
4015	0.2339
4016	0.147
4017	-0.4547
4018	-0.3242
4019	0.2627
4020	-0.437
4021	0.383
4022	-0.3692
4023	0.1898
4024	0.828
4025	0.1909
4026	0.4488
4027	0.003676
4028	0.02837
4029	
4030	
4031	-0.5382
4032	-0.277
4033	0.3697
4034	
4035	-0.05686
4036	-0.09333
4037	-0.164
4038	-0.1718
4039	-0.1939
4040	-0.3959
4041	0.2817
4042	0.1832
4043	0.3377
4044	0.01881
4045	-0.3688
4046	-0.1476
4047	0.04291
4048	0.2087
4049	0.2852
4050	-0.3018
4051	-0.4308
4052	0.133
4053	0.3402
4054	0.1471
4055	-0.03878
4056	0.1085
4057	-0.3468
4058	0.1088
4059	0.162
4060	-0.2637
4061	0.3132
4062	
4063	-0.1479
4064	0.8902
4065	0.1911
4066	-0.3672
4067	-0.325
4068	-0.2982
4069	-0.3035
4070	-0.339
4071	-0.2659
4072	-0.2495
4073	-0.2492
4074	-0.4058
4075	-0.2485
4076	-0.3556
4077	
4078	0.2808
4079	
4080	-0.2765
4081	-0.393
4082	-0.005957
4083	-0.2365
4084	
4085	
4086	-0.5408
4087	-0.5409
4088	0.3706
4089	
4090	0.08017
4091	0.2397
4092	
4093	0.08468
4094	0.07183
4095	-0.3735
4096	-0.2201
4097	0.09272
4098	-0.2237
4099	
4100	0.2806
4101	0.09597
4102	-0.3176
4103	0.3063
4104	-0.2673
4105	-0.3303
4106	-0.2613
4107	-0.1951
4108	-0.1231
4109	-0.4082
4110	0.1128
4111	0.2963
4112	-0.2772
4113	-0.2128
4114	-0.1808
4115	-0.4571
4116	-0.2645
4117	-0.1574
4118	-0.1633
4119	-0.1093
4120	0.07924
4121	0.2605
4122	-0.3871
4123	-0.1241
4124	
4125	-0.1913
4126	-0.181
4127	0.06584
4128	0.1862
4129	-0.1842
4130	-0.4735
4131	0.6614
4132	-0.1423
4133	-0.07032
4134	
4135	0.07672
4136	0.3693
4137	0.1433
4138	0.2261
4139	-0.2354
4140	-0.363
4141	-0.3165
4142	-0.1235
4143	-0.3374
4144	0.2572
4145	-0.2587
4146	0.4934
4147	0.7183
4148	-0.1676
4149	-0.7567
4150	-0.01029
4151	0.01401
4152	-0.3987
4153	-0.2347
4154	-0.4529
4155	-0.227
4156	-0.07934
4157	0.1175
4158	0.1995
4159	-0.1712
4160	0.4656
4161	0.1359
4162	-0.1518
4163	
4164	
4165	
4166	0.01389
4167	-0.6174
4168	-0.08207
4169	-0.5702
4170	-0.1448
4171	0.3065
4172	0.1976
4173	-0.4214
4174	0.4958
4175	0.4387
4176	-0.07166
4177	0.2144
4178	-0.06664
4179	-0.04463
4180	0.07114
4181	
4182	-0.5679
4183	0.3612
4184	-0.2464
4185	0.1168
4186	-0.2063
4187	-1.239
4188	-0.4708
4189	-0.3116
4190	-0.02364
4191	-0.2447
4192	-0.2416
4193	-0.5192
4194	0.2618
4195	0.1326
4196	-0.2962
4197	-0.1259
4198	
4199	-0.001756
4200	1.436
4201	1.381
4202	0.9548
4203	0.6498
4204	-0.143
4205	-0.2339
4206	0.08425
4207	0.2842
4208	0.4124
4209	
4210	0.1301
4211	-0.217
4212	0.1732
4213	-0.1677
4214	0.2313
4215	0.2508
4216	-0.06351
4217	-0.9413
4218	0.1605
4219	0.1761
4220	-0.1995
4221	-0.1548
4222	0.07706
4223	-0.191
4224	-0.1592
4225	-0.1383
4226	0.6434
4227	-0.3378
4228	0.2386
4229	
4230	-0.4727
4231	
4232	0.3407
4233	0.1467
4234	-0.5821
4235	0.5026
4236	-0.1657
4237	0.01437
4238	-0.5451
4239	-0.1808
4240	-0.4773
4241	-0.05854
4242	0.9382
4243	1.523
4244	1.235
4245	1.871
4246	0.2683
4247	-0.02634
4248	-0.5098
4249	-0.03473
4250	-0.01566
4251	0.1533
4252	0.006879
4253	
4254	2.697
4255	0.2585
4256	0.1028
4257	-0.3758
4258	0.2709
4259	0.02433
4260	0.09315
4261	0.228
4262	0.04519
4263	-0.2885
4264	-0.1147
4265	
4266	-0.2935
4267	0.03369
4268	-0.1885
4269	-0.6401
4270	
4271	-0.4216
4272	0.3399
4273	
4274	-0.01142
4275	0.03569
4276	0.07055
4277	
4278	-0.2678
4279	1.186
4280	
4281	0.06673
4282	0.1003
4283	-0.001776
4284	0.07541
4285	-0.3309
4286	-0.04489
4287	0.2057
4288	-0.04578
4289	-0.09675
4290	0.418
4291	0.3585
4292	0.5581
4293	0.6176
4294	-0.1671
4295	0.07399
4296	0.07312
4297	-0.2898
4298	0.2603
4299	-0.07872
4300	0.04757
4301	0.05874
4302	0.4458
4303	-0.2349
4304	
4305	-0.1273
4306	-0.32
4307	-0.2299
4308	0.4581
4309	-0.09079
4310	-0.004443
4311	0.03235
4312	0.0008058
4313	-0.1648
4314	0.8434
4315	0.1196
4316	-0.01467
4317	-0.09192
4318	-0.1716
4319	0.2898
4320	-0.201
4321	0.05642
4322	0.08124
4323	-0.008981
4324	0.1949
4325	
4326	-0.1722
4327	-0.1722
4328	0.06202
4329	-0.01515
4330	-0.3165
4331	0.3654
4332	-0.03801
4333	-0.2976
4334	-0.2309
4335	-0.7853
4336	-0.2761
4337	-0.4098
4338	0.1503
4339	0.5163
4340	-0.3708
4341	-0.4315
4342	-0.03885
4343	-0.1393
4344	-0.3177
4345	-0.2323
4346	-0.3459
4347	0.2963
4348	0.0542
4349	-0.09157
4350	-0.03966
4351	-0.08998
4352	0.2806
4353	
4354	
4355	-0.1375
4356	-0.2291
4357	-0.3136
4358	0.01139
4359	
4360	-0.1056
4361	-0.2833
4362	-0.231
4363	-0.03074
4364	-0.2987
4365	-0.2769
4366	-0.4625
4367	0.3206
4368	
4369	
4370	
4371	0.1896
4372	-0.2542
4373	
4374	0.2576
4375	0.2955
4376	-1.116
4377	-0.5278
4378	-0.1736
4379	-0.2662
4380	-0.1907
4381	-0.7163
4382	-0.2082
4383	-0.4532
4384	-0.2665
4385	0.4083
4386	0.03255
4387	0.02648
4388	0.3877
4389	0.2209
4390	-0.008369
4391	0.07366
4392	-0.3273
4393	-0.1841
4394	0.506
4395	0.4016
4396	0.1238
4397	0.1556
4398	0.5962
4399	-0.2906
4400	-0.3699
4401	0.1062
4402	0.2521
4403	-0.04924
4404	
4405	
