1	-0.054
2	-0.515
3	-0.054
4	-0.25
5	-0.278
6	-0.315
7	-0.311
8	-0.185
9	-0.21
10	-0.361
11	-0.241
12	-0.527
13	-0.386
14	0.415
15	0.108
16	0.533
17	0.084
18	-0.033
19	-0.038
20	0.066
22	-0.304
23	2.648
24	-0.391
25	0.234
26	-0.443
27	-0.448
28	-0.365
29	-0.215
30	-0.37
31	-0.386
32	0.06
33	-0.74
34	-0.432
35	-0.409
36	-0.205
37	-0.29
38	-0.212
39	0.177
40	-0.185
41	0.104
42	-0.156
43	0.178
44	-0.345
45	-0.023
46	0.53
47	-0.086
48	-0.07
49	0.232
50	-0.278
51	-0.116
52	0.003
53	0.05
54	-0.271
55	-0.291
56	-0.355
57	-0.48
58	-0.41
59	-0.453
60	-0.436
61	-0.465
62	0.232
63	1.634
64	0.132
65	
66	0.06
67	0.002
68	1.417
69	0.127
70	-0.165
71	0.086
72	-0.111
73	0.256
74	-0.235
75	-0.221
76	-0.141
77	0.024
78	0.017
79	0.052
80	0.022
81	0.137
82	-0.287
83	-0.138
84	-0.017
85	-0.108
86	0.091
87	1.057
88	
89	-0.024
90	-0.106
91	-0.338
92	0.137
93	-0.053
94	0.004
95	0.084
96	0.083
97	
98	0.251
99	-0.078
100	0.268
101	-0.066
102	0.131
103	-0.649
104	-0.331
105	-0.433
106	0.068
107	0.056
108	-0.414
109	-0.21
110	-0.325
111	0.208
112	0.273
113	0.536
114	1.113
115	0.722
116	
117	0.57
118	
119	0.194
120	0.032
121	-0.179
122	0.451
123	-0.075
124	0.24
125	-0.087
126	-0.193
127	-0.289
128	-0.052
129	-0.202
130	-0.041
131	-0.581
132	-0.253
133	-0.055
134	0.144
135	0.197
136	-0.004
137	0.684
138	0.146
139	0.107
140	-0.055
141	-0.104
142	-0.254
143	0.008
144	-0.181
145	-0.044
146	0.287
147	0.372
148	0.253
149	-0.061
150	-0.139
151	0.172
152	0.029
153	-1.046
154	-0.085
155	-0.203
156	-0.118
157	0.008
158	0.203
159	16.339
160	5.036
161	
162	
163	0.914
164	-0.049
165	-0.052
166	-0.025
167	-0.223
168	-0.203
169	-0.089
170	-0.268
171	-0.257
172	-0.275
173	-0.419
174	-0.213
175	-0.327
176	-0.452
177	-0.312
178	-0.386
179	-0.392
180	-0.074
181	-0.192
182	0.657
183	0.744
184	0.193
185	-0.024
186	0.01
187	0.159
188	0.179
189	0.197
190	0.133
191	0.158
192	0.094
193	-0.065
194	0.516
195	
196	-0.203
197	0.38
198	-0.15
199	-0.193
200	-0.058
201	-0.246
202	-0.884
203	0.143
204	-0.304
205	0.992
206	-1.971
207	0.131
208	0.477
209	1.555
210	2.746
211	0.972
212	0.36
213	1.166
214	
215	
216	0.975
217	0.449
218	-0.097
219	0.3
220	0.207
221	-0.169
222	-0.473
223	0.039
224	-0.421
225	0.126
226	-0.209
227	-0.069
228	-0.169
229	
230	0.398
231	0.89
232	0.143
233	0.092
234	-0.224
235	0.598
236	0.223
237	0.746
238	-0.066
239	0.968
240	0.398
241	1.13
242	-0.622
243	-0.644
244	-0.668
245	0.142
246	0.282
247	-2.216
248	-0.278
249	-0.109
250	-0.371
251	-0.211
252	0.904
253	0.196
254	1.602
255	
256	0.53
257	0.814
258	-0.374
259	0.994
260	0.242
261	1.234
262	0.004
263	0.384
264	-0.354
265	0.099
266	-0.074
267	-1.752
268	0.098
269	0.113
270	-0.339
271	-0.318
272	-0.042
273	0.198
274	-0.296
275	0.458
276	-0.02
277	-0.188
278	1.097
279	0.137
281	-0.081
282	1.214
283	0.711
284	0.24
285	0.443
286	0.394
287	0.165
288	-0.016
289	0.085
290	-1.017
291	-0.006
292	-0.185
293	-0.196
294	0.05
295	-0.366
296	0.055
297	-0.275
298	-0.199
299	-0.134
300	-0.334
301	-0.09
302	-0.219
303	0.378
304	0.362
305	0.385
306	
307	3.536
308	1.07
309	0.362
310	-0.108
311	0.443
312	0.519
313	
314	0.581
315	-0.026
316	-0.291
317	-0.239
318	-0.163
319	-0.114
320	-0.149
321	0.249
322	0.412
323	-0.027
324	0.073
325	0.051
326	0.066
327	
328	
329	
330	0.295
331	0.622
332	0.685
333	
334	0.097
335	0.085
336	0.558
337	0.934
338	0.133
339	0.298
340	-0.123
341	0.831
342	0.443
343	2.515
344	1.158
345	0.917
346	-0.116
347	-0.029
348	-0.309
349	-0.447
350	-0.408
351	1.55
352	0.247
353	0.351
354	0.128
355	2.236
356	1.353
357	
358	3.521
359	
360	0.583
361	1.318
362	-0.094
363	-0.036
364	0.49
365	-0.075
366	-0.292
367	-0.009
368	-0.219
369	0.124
370	1.188
371	0.303
372	0.204
373	0.485
374	0.036
375	0.717
376	0.23
377	1.276
378	0.618
379	
380	1.115
381	-0.011
382	0.314
383	-0.411
384	0.409
385	0.262
386	0.624
387	-0.14
388	0.303
389	-0.088
390	0.286
391	-0.36
392	-0.368
393	-0.172
394	-0.553
395	-0.253
396	-0.29
397	-0.201
398	-1.52
399	0.053
400	0.088
401	0.175
402	-0.197
403	-0.084
404	0.581
405	-0.29
406	-0.447
407	-0.065
408	0.314
409	-0.253
410	-0.42
411	-0.41
412	0.42
413	0.18
414	0.305
415	-0.1
416	-0.362
417	-0.456
418	-0.029
419	-0.271
420	-0.319
421	-0.399
422	-0.359
423	-0.315
424	-0.167
425	-0.369
426	-0.142
427	-0.344
428	-0.235
429	-0.225
430	-0.098
431	-0.315
432	-0.32
433	-0.308
434	-0.28
435	-0.301
436	-0.164
437	-0.196
438	-0.356
439	-0.145
440	-0.355
441	-0.043
442	-0.133
443	-0.345
444	-0.029
445	-0.262
446	-0.279
447	-0.129
448	-0.01
449	-0.057
450	-0.011
451	1.691
452	-0.029
453	0.358
454	0.546
455	-0.065
456	0.372
457	0.002
458	0.53
459	0.028
460	-0.241
461	-0.416
462	-0.316
463	-0.305
464	-0.43
465	-0.151
466	-0.456
467	-0.226
468	-0.557
469	-0.133
470	-0.086
471	-0.162
472	-0.285
473	0.039
474	0.157
475	-0.002
476	0.046
477	-0.124
478	-0.111
479	-0.115
480	-0.172
481	-0.143
482	0.562
483	-0.251
484	-0.407
485	-0.101
486	-0.073
487	-0.226
488	-0.394
489	-0.577
490	-0.384
491	-0.173
492	-0.107
493	-0.045
494	-0.271
495	-0.288
496	-1.449
497	0.292
498	-0.11
499	0.051
500	-0.053
501	0.71
502	-0.187
503	-0.433
504	-0.226
505	-0.192
506	-0.108
507	-0.123
508	-0.22
509	-0.1
510	-0.233
511	-0.394
512	-0.436
513	-0.4
514	-0.393
515	-0.106
516	-0.335
517	-0.367
518	-1.307
519	0.051
520	-0.615
521	-0.183
522	-0.339
523	-5.358
524	-0.774
525	-0.037
526	-0.332
527	0.194
528	-0.501
529	-0.249
530	-0.336
531	-0.172
532	-0.117
533	-0.339
534	-0.077
535	-0.232
536	-0.23
537	-0.202
538	-0.167
539	-0.401
540	0.064
541	-0.642
542	-0.288
543	-0.636
544	-0.438
545	-0.269
546	-0.324
547	-0.338
548	1.483
549	0.055
550	-0.122
551	-0.391
552	-0.213
553	-0.326
554	-0.081
555	-0.247
556	-0.639
557	-0.311
558	-0.461
559	-0.438
560	-0.505
561	-0.083
562	-0.475
563	-0.498
564	-0.384
565	0.029
566	-0.322
567	0.052
568	-0.035
569	-0.656
570	-0.23
571	-0.217
572	-0.797
573	-0.146
574	-0.203
575	
576	-0.379
577	-0.165
578	-0.232
579	-0.048
580	-0.291
581	0.083
582	-0.028
583	-0.485
584	-0.136
585	-0.19
586	-0.019
587	-0.371
588	-0.556
589	-0.294
590	-0.24
591	
592	-1.984
593	0.416
594	0.875
595	
596	1.403
597	1.255
598	0.268
599	
600	0.087
601	0.399
602	-0.262
603	-0.233
604	-0.12
605	0.032
606	0.108
607	-0.208
608	-0.476
609	-0.393
610	-0.476
611	-0.246
612	0.209
613	-0.213
614	-0.04
615	-0.06
616	
617	-0.087
618	0.003
619	0.781
620	0.364
621	1.141
622	0.218
623	0.966
624	
625	0.108
626	0.004
627	-0.177
628	-0.274
629	-0.306
630	-0.124
631	-0.238
632	0.729
633	0.1
634	-0.218
635	-0.247
636	-0.308
637	-0.452
638	-0.265
639	-0.068
640	-0.074
641	0.247
642	-0.014
643	-0.072
644	-0.386
645	0.652
646	0.103
647	3.397
648	0.045
649	0.068
650	-0.057
651	-0.266
652	-0.447
653	-0.316
654	-0.347
655	-0.093
656	-0.134
657	-0.055
658	-0.255
659	0.02
660	0.043
661	-0.16
662	-0.154
663	1.677
664	0.015
665	
666	0.009
667	0.81
668	0.189
669	-0.145
670	-0.193
671	-0.061
672	-0.007
673	0.416
674	0.247
675	-0.032
676	0.036
677	0.202
678	-0.018
679	0.485
680	0.169
681	-0.337
682	-0.307
683	-0.039
684	-0.196
685	-0.289
686	-0.264
687	-0.016
688	-0.254
689	0.204
690	0.22
691	-0.083
692	0.023
693	-0.237
694	-0.279
695	-0.246
696	0.078
697	-0.329
698	-0.124
699	-0.356
700	-0.197
701	-0.096
702	-0.289
703	-0.445
704	-0.302
705	-0.424
706	-0.406
707	-0.513
708	-0.352
709	-0.252
710	-0.355
711	-0.446
712	-0.317
713	0.234
714	0.196
715	0.003
716	-0.277
717	-0.247
718	-0.3
719	-0.338
720	-0.233
721	-0.266
722	-0.25
723	-0.194
724	-0.298
725	-0.329
726	-0.308
727	0.531
728	0.287
729	0.171
730	-0.279
731	-0.157
732	-0.213
733	0.187
734	-0.196
735	-0.18
736	-0.162
737	2.411
738	1.178
739	0.201
740	0.176
741	-0.231
742	0.156
743	0.159
744	-0.123
745	0.29
746	-0.148
747	-0.303
748	-0.485
749	-0.297
751	0.032
752	-0.193
753	-0.151
754	-0.368
755	-0.074
756	-0.073
757	-0.032
758	-0.165
759	-0.073
760	-0.128
761	-0.13
762	-0.081
763	-0.275
764	-0.198
765	-0.378
766	-0.018
767	-0.004
768	-0.021
769	0.533
770	0.486
771	0.196
772	-0.205
773	0.839
774	-0.245
775	-0.629
776	-0.366
777	-0.292
778	-0.33
779	-0.434
780	-0.277
781	-0.411
782	-0.084
783	-0.387
784	-0.194
785	-0.114
786	-0.513
787	-1.518
788	0.652
789	0.494
790	-0.022
791	-0.287
792	0.134
793	0.494
794	0.314
795	-0.472
797	-0.644
798	-0.368
799	-0.387
800	-0.995
801	-0.448
802	-0.421
803	-0.266
804	-0.417
805	-0.198
806	-0.216
807	-0.315
808	0.134
809	-0.032
810	-0.357
811	-0.028
812	-0.286
813	-0.331
814	-0.143
815	0.021
816	-0.277
817	-0.083
818	-0.275
819	-0.229
820	0.006
821	0.528
822	-0.037
823	-0.292
824	-0.407
825	-0.365
826	-0.177
827	-0.05
828	0.004
829	-0.597
830	0.069
831	-0.168
832	-0.512
833	-0.341
834	-0.066
835	-0.063
836	0.001
837	-0.084
838	-0.026
840	0.384
841	-0.353
842	0.294
843	-0.001
844	-0.139
845	-0.316
846	-0.352
847	-0.347
848	-1.175
849	-0.122
850	0.028
851	0.002
852	0.852
853	0.922
854	0.426
855	-0.508
856	-0.304
857	-0.056
858	0.071
859	0.089
860	-0.095
861	-0.05
862	0.197
863	0.5
864	0.233
865	-0.318
866	-0.623
867	-0.135
868	-0.13
869	-0.184
870	-0.239
871	-0.069
872	-0.026
873	-0.252
874	-0.081
875	-0.123
876	-0.303
877	-0.258
878	-0.155
879	-0.083
880	-0.323
881	-0.286
882	0.12
883	0.056
884	-0.162
885	-0.126
886	-0.029
887	-0.057
888	-0.078
889	-0.444
890	1.258
891	0.546
892	0.906
893	-0.099
894	-0.139
895	-0.557
896	-0.308
897	0.022
898	-0.29
899	-0.187
900	-0.537
901	-0.268
902	-0.263
903	-0.37
904	-0.341
905	-0.267
906	-0.33
907	-0.207
908	0.043
909	-0.574
910	0.064
911	-0.186
912	-0.284
913	-0.286
914	-0.153
915	-0.11
916	-0.517
917	-0.356
918	-0.287
919	-0.066
920	-0.419
921	-0.308
922	-0.098
923	-0.756
924	-0.076
925	-0.121
926	-0.417
927	-0.316
928	-0.255
929	-0.669
930	-0.238
931	-0.268
932	0.306
933	-0.174
934	0.238
935	0.125
936	-0.091
937	-0.165
938	-0.26
939	-0.299
940	-0.167
941	-0.422
942	-0.192
943	-0.392
944	-0.301
945	-0.35
946	-0.33
947	-0.675
948	0.003
949	-0.196
950	-0.543
951	-0.136
952	-0.352
953	-0.202
954	-0.128
955	-0.503
956	-0.099
957	-0.283
958	-0.015
959	0.039
960	0.136
961	-0.288
962	0.288
963	-0.296
964	0.038
965	0.02
966	-1.874
967	
968	-0.374
969	-0.386
970	3.273
971	1.009
972	0.01
973	
974	1.024
975	-0.971
976	3.188
977	
978	
979	
980	
981	
982	0.639
983	
985	-0.735
986	
988	0.157
989	
990	
991	
992	-0.153
993	0.449
994	1.429
995	-1.371
996	-0.907
997	-1.745
998	0.144
999	-0.138
1000	-0.108
1001	-0.33
1002	-0.4
1003	-0.012
1004	0.255
1005	
1006	0.53
1007	1.664
1008	0.287
1009	0.699
1010	0.062
1011	-0.041
1012	0.245
1013	0.014
1014	1.456
1015	0.399
1016	-0.553
1017	-1.174
1018	-0.454
1019	-1.774
1020	1.081
1021	-0.749
1022	0.133
1023	-0.704
1024	-0.44
1025	-0.273
1026	-0.253
1027	-0.878
1028	-3.292
1029	-0.68
1030	-1.346
1031	0.299
1032	0.404
1033	0.31
1034	0.164
1035	1.393
1036	0.33
1037	0.934
1038	0.364
1039	0.439
1040	-0.073
1041	-0.516
1042	-0.266
1043	-0.299
1044	-0.258
1045	-0.202
1046	0.294
1047	-0.746
1048	-0.057
1049	0.525
1050	-0.059
1051	0.226
1052	0.159
1053	-0.016
1054	0.278
1055	1.452
1056	0.179
1057	0.267
1058	
1059	1.074
1060	
1061	0.31
1062	0.604
1063	0.112
1064	1.351
1065	-0.052
1066	-0.645
1067	-0.095
1068	0.071
1069	-0.084
1070	-0.306
1071	-0.067
1072	-0.126
1073	-0.087
1074	0.213
1075	0.002
1077	
1078	0.447
1079	0.11
1080	0.128
1081	1.962
1082	0.255
1083	3.587
1084	0.885
1085	0.23
1086	0.031
1087	-0.429
1088	0.047
1089	0.059
1090	-0.185
1091	-0.146
1092	-0.17
1093	-0.154
1094	-0.063
1095	0.224
1097	-0.073
1098	0.084
1099	-0.041
1100	-0.072
1102	0.355
1103	-0.341
1104	-0.18
1105	-0.184
1106	0.158
1107	-0.365
1108	-0.01
1109	-0.165
1110	0.417
1111	-0.028
1112	0.127
1113	-0.206
1114	0.578
1115	0.117
1116	-0.119
1117	-0.367
1118	-0.101
1119	-0.192
1120	-0.42
1121	-0.32
1122	-0.314
1123	-0.41
1124	-0.269
1125	-0.504
1126	-0.418
1127	-0.095
1128	0.219
1129	0.181
1130	-0.029
1131	0.804
1132	-0.488
1133	0.306
1134	0.219
1135	0.435
1136	-1.063
1137	0.104
1138	-0.678
1139	0.051
1140	-0.846
1141	-0.504
1142	-0.135
1143	0.043
1144	-0.223
1145	-0.017
1146	-0.337
1147	-0.046
1148	-0.121
1149	0.042
1150	-0.04
1151	0.543
1152	-0.332
1153	1.765
1154	-0.676
1155	1.35
1156	
1157	-0.132
1158	
1159	0.069
1160	0.311
1161	-2.145
1162	0.312
1163	-0.399
1164	-0.258
1165	-0.173
1166	-0.32
1167	0.149
1168	0.14
1169	-0.172
1170	-0.246
1171	-0.037
1172	-0.386
1173	-0.298
1174	-0.569
1175	-0.395
1176	0.051
1177	0.012
1178	0.1
1179	0.052
1180	0.058
1181	-0.038
1182	-0.062
1183	-0.182
1184	-0.269
1185	-0.008
1186	-0.121
1187	-0.279
1188	-0.168
1189	-0.649
1190	-0.17
1191	-0.215
1192	-0.168
1193	-0.087
1194	-0.111
1195	-0.295
1196	-0.365
1197	-0.323
1198	-0.068
1199	0.207
1200	0.108
1201	0.253
1202	-0.083
1203	0.169
1204	-0.198
1205	-0.466
1206	-0.515
1207	-0.143
1208	-0.174
1209	0.116
1210	0.325
1211	-0.485
1212	-0.237
1213	-0.384
1214	-0.065
1215	-0.298
1216	-0.365
1217	-0.242
1218	-0.092
1219	-0.186
1220	-0.356
1221	-0.118
1222	-2.097
1223	-0.436
1224	-0.181
1225	-0.271
1226	0.992
1227	0.159
1228	0.205
1229	0.165
1230	0.244
1231	0.141
1232	0.249
1233	-0.026
1234	-0.058
1235	-0.201
1236	-0.168
1237	-0.655
1238	-0.314
1239	-0.397
1240	-0.495
1241	-0.29
1242	-0.262
1243	-0.216
1244	-0.235
1245	-0.273
1246	-0.623
1247	-0.281
1248	0.06
1249	0.001
1250	-0.125
1251	-0.133
1252	-0.216
1253	-0.207
1254	-0.48
1255	-0.027
1256	-0.315
1257	-0.033
1258	-0.087
1259	-0.229
1260	-0.21
1261	-0.32
1262	-0.53
1263	-0.405
1264	-0.06
1265	-0.007
1266	-0.275
1267	-0.398
1268	-0.308
1269	-0.367
1270	-0.395
1271	-0.279
1272	-0.145
1273	0.774
1274	-0.163
1275	0.162
1276	-0.199
1277	0.442
1278	0.169
1279	-0.243
1280	-0.119
1281	-0.04
1282	-0.039
1283	-0.187
1284	-0.397
1285	-0.198
1286	0.097
1287	-0.327
1288	-0.333
1289	-0.391
1290	-0.389
1291	-0.402
1292	-0.413
1293	-0.213
1294	-0.172
1295	0.927
1296	0.729
1297	0.293
1298	0.17
1299	0.955
1300	-0.097
1301	0.803
1302	0.222
1303	-0.17
1304	-0.212
1305	0.194
1306	0.097
1307	-0.256
1308	-0.197
1309	-0.402
1310	-0.313
1311	-0.313
1312	-0.13
1313	-0.43
1314	-0.297
1315	-0.207
1316	-0.258
1317	-0.234
1318	-0.434
1319	-0.293
1320	-0.33
1321	-0.45
1322	-0.525
1323	0.234
1324	0.223
1325	-0.05
1326	0.128
1327	0.224
1328	-0.22
1329	-0.073
1330	-0.229
1331	-0.132
1332	-0.094
1333	-0.088
1334	-0.456
1335	0.069
1336	-0.252
1337	-0.288
1338	-0.361
1339	-0.4
1340	-0.689
1341	-0.152
1342	-0.37
1343	-0.167
1344	-0.235
1345	0.071
1346	0.022
1347	0.189
1348	-0.233
1349	-0.3
1350	-0.017
1351	-0.342
1352	-0.039
1353	0.214
1354	-0.13
1355	-0.027
1356	0.068
1357	0.354
1358	1.135
1359	-0.353
1360	0.41
1361	-0.31
1362	-0.237
1363	-0.121
1364	1.051
1365	0.654
1366	-0.031
1367	0.362
1368	
1369	3.457
1370	0.199
1371	0.796
1372	-0.08
1373	-0.049
1374	0.078
1375	-0.151
1376	0.057
1377	0.141
1378	-0.083
1379	0.084
1380	-0.047
1381	0.138
1382	-1.362
1383	0.076
1384	-0.721
1385	-0.058
1386	0.086
1387	-0.099
1388	0.277
1389	-0.394
1390	-0.04
1391	
1392	0.94
1393	0.326
1394	0.363
1395	0.393
1396	-0.154
1397	-0.059
1398	0.188
1399	0.534
1400	-0.044
1401	0.973
1402	0.046
1403	0.154
1404	0.018
1405	0.051
1406	-0.285
1407	-0.194
1408	-0.274
1409	-0.361
1410	0.146
1411	-0.104
1412	0.035
1413	0.035
1414	-0.087
1415	0.706
1416	0.236
1417	0.8
1418	0.295
1419	-0.014
1420	0.179
1421	0.202
1422	0.363
1423	0.471
1424	0.617
1425	0.202
1426	0.184
1427	-0.021
1428	-0.254
1429	-0.195
1430	-0.614
1431	-0.33
1432	-0.323
1433	-0.179
1434	-0.376
1435	-0.156
1436	-0.534
1437	-0.336
1438	-0.057
1439	-0.097
1440	1.455
1441	0.324
1442	0.48
1443	0.075
1444	0.074
1445	-0.009
1446	-0.252
1447	-0.182
1448	0.074
1449	0.991
1450	-0.144
1451	-0.168
1452	-0.213
1453	-0.31
1454	-0.304
1455	-0.299
1456	-0.326
1457	-0.312
1458	-0.382
1459	-0.161
1460	-0.252
1462	-0.165
1463	-0.05
1465	-0.486
1466	-0.129
1467	1.085
1468	1.954
1469	0.314
1470	0.435
1471	1.123
1472	0.475
1473	-0.117
1474	-0.161
1475	-0.013
1476	-0.036
1477	-0.168
1478	-0.154
1479	-0.331
1480	-0.015
1481	0.124
1482	-0.187
1483	-0.381
1484	-0.187
1485	-0.032
1486	-0.286
1487	0.037
1488	-0.299
1489	0.093
1490	0.241
1491	0.122
1492	0.024
1493	0.024
1494	
1495	-0.203
1496	-0.33
1497	0.575
1498	0.354
1499	-0.179
1500	-0.012
1501	-0.14
1502	0.328
1503	-0.176
1504	-0.126
1505	-0.662
1506	-0.133
1507	-0.25
1508	0.112
1509	0.116
1510	-0.095
1511	-0.121
1512	-0.471
1513	0.077
1514	0.202
1515	-0.767
1516	0.083
1517	1.41
1518	
1519	-0.998
1520	0.69
1521	-0.171
1522	0.719
1523	0.205
1524	0.729
1525	-0.32
1526	-0.358
1527	-0.485
1528	0.056
1529	0.02
1530	0.023
1531	0.088
1532	-0.311
1533	-0.23
1534	0.014
1535	0.112
1536	-0.275
1537	0.098
1538	0.722
1539	0.547
1540	-0.117
1541	-1.755
1542	1.587
1543	0.019
1544	0.038
1545	0.137
1546	0.598
1547	0.101
1548	-0.003
1549	-0.011
1550	-0.502
1551	-0.15
1552	-0.133
1553	-0.303
1554	-0.289
1555	-0.187
1556	-0.412
1557	-0.224
1558	-0.311
1559	-0.592
1560	0.046
1561	-0.177
1562	-0.437
1563	0.025
1564	-1.353
1565	0.615
1566	
1567	0.248
1568	0.712
1569	0.6
1570	0.047
1571	0.004
1572	0.014
1573	-0.403
1574	-0.406
1575	-0.421
1576	-0.43
1577	-0.086
1578	0.025
1579	-0.219
1580	-0.232
1581	-0.386
1582	-0.505
1583	-0.292
1584	-0.25
1585	-0.051
1586	-0.271
1587	0.617
1588	-0.176
1589	0.509
1590	1.582
1591	0.159
1592	0.336
1593	0.301
1594	0.04
1595	0.183
1596	-0.152
1597	-0.212
1598	0.001
1599	-0.069
1600	-0.036
1601	-0.342
1602	-0.362
1603	-0.485
1604	1.802
1605	-0.243
1606	-0.337
1607	-0.115
1608	-0.224
1609	0.127
1610	0.191
1611	-0.002
1612	0.822
1613	0.639
1614	0.426
1615	0.16
1616	0.631
1617	-0.008
1618	0.101
1619	0.542
1620	-0.062
1621	-0.246
1622	-0.213
1623	-0.474
1624	-0.353
1625	-0.372
1626	-0.454
1627	-0.272
1628	-0.313
1629	-0.271
1630	-0.52
1631	-0.033
1632	-0.453
1633	-0.039
1634	2.188
1635	0.352
1636	0.161
1637	0.282
1638	-0.139
1639	-0.082
1640	-0.095
1641	0.007
1642	-0.216
1643	-0.322
1644	-0.137
1645	-0.244
1646	-0.302
1647	-0.153
1648	0.001
1649	-0.171
1650	-0.241
1651	-0.398
1652	-0.116
1653	-0.167
1654	-0.05
1655	-0.189
1656	-0.374
1657	0.383
1658	0.067
1659	1.432
1660	0.243
1661	0.192
1662	-0.092
1663	0.558
1664	-0.363
1665	-0.204
1666	-0.385
1667	-0.168
1668	-0.292
1669	-0.328
1670	-0.299
1671	-0.477
1672	0.081
1673	-0.031
1674	0.05
1675	-0.239
1676	-0.009
1677	0.182
1678	-0.207
1679	-0.287
1680	-0.348
1681	0.976
1682	0.274
1683	0.268
1684	-0.067
1685	1.04
1686	0.052
1687	-0.016
1688	-0.312
1689	0.019
1690	0.069
1691	-0.286
1692	-0.386
1693	-0.066
1694	-0.182
1695	-0.284
1696	-0.398
1697	-0.137
1698	-0.097
1699	-0.027
1700	-0.406
1701	-0.209
1702	0.429
1703	-0.134
1704	-0.21
1705	0.036
1706	-0.039
1707	-0.247
1708	-0.001
1709	-0.279
1710	-0.436
1711	0.366
1712	0.046
1713	-0.383
1714	0.44
1715	-0.006
1716	0.144
1717	-0.022
1718	-0.132
1719	-0.344
1720	-0.187
1721	-0.398
1722	-0.229
1723	-0.354
1724	-0.217
1725	-0.319
1726	-0.104
1727	0.139
1728	-0.327
1729	2.396
1730	0.319
1731	0.477
1732	0.104
1733	-0.217
1734	-0.181
1735	
1736	-1.042
1737	-2.444
1738	0.116
1739	0.977
1740	-0.129
1741	0.061
1742	-0.304
1743	-0.158
1744	-0.22
1745	0.745
1746	0.049
1747	-0.063
1748	-0.036
1749	-0.079
1750	0.212
1751	-0.099
1752	-0.011
1753	
1754	0.389
1755	0.972
1756	0.198
1757	
1758	0.493
1759	0.142
1760	-0.001
1761	-0.039
1762	0.721
1763	-0.076
1764	0.073
1765	-0.006
1767	0.061
1768	-0.004
1769	0.35
1770	-0.252
1771	-0.131
1772	-0.159
1773	-0.149
1774	-0.191
1775	-0.007
1776	-0.38
1777	-0.235
1778	0.388
1779	0.276
1780	0.605
1781	0.232
1782	0.28
1783	-0.274
1784	0.175
1785	0.517
1786	0.541
1787	-0.151
1788	0.118
1789	0.104
1790	0.056
1791	0.56
1792	0.287
1793	-0.17
1794	0.003
1795	-0.047
1796	-0.068
1797	-0.072
1798	-0.147
1799	0.429
1800	0.11
1801	-0.017
1802	0.23
1803	-0.015
1804	0.314
1805	-0.267
1806	0.004
1807	0.187
1808	1.13
1809	-0.117
1810	0.59
1811	0.161
1812	0.273
1813	5.144
1814	0.04
1815	0.795
1816	0.034
1817	0.42
1818	0.275
1819	0.49
1820	1.356
1821	0.22
1822	-0.044
1823	0.013
1824	0.013
1825	-0.298
1826	
1827	0.23
1828	0.229
1829	0.107
1830	
1832	-0.134
1833	1.083
1834	1.422
1835	0.113
1836	0.065
1837	1.181
1838	0.578
1839	-0.411
1840	-0.276
1841	-0.33
1842	-0.151
1843	-0.098
1844	-0.073
1845	-0.011
1846	-0.324
1847	0.116
1848	-0.14
1849	0.17
1850	-0.127
1851	-0.106
1852	1.357
1853	-0.122
1854	0.074
1855	-0.05
1856	-0.01
1857	-0.102
1858	-0.026
1859	-0.141
1860	0.133
1861	0.082
1862	-0.006
1863	-0.314
1864	-0.32
1865	0.054
1866	-0.158
1867	-0.132
1868	0.164
1869	-0.137
1870	-0.119
1871	-0.16
1872	-0.346
1873	-0.13
1874	-0.259
1875	0.2
1876	0.242
1877	0.153
1878	0.278
1879	0.447
1880	1.52
1881	0.007
1882	0.126
1883	0.05
1884	-0.159
1885	-0.215
1886	-0.221
1887	-0.082
1888	0.192
1889	0.124
1890	-0.166
1891	0.217
1892	0.113
1893	0.328
1894	-0.101
1895	-0.495
1896	0.124
1897	0.026
1898	0.055
1899	-0.305
1900	-0.259
1901	-0.178
1902	0.661
1903	0.198
1904	0.389
1905	-0.252
1906	-0.148
1907	-0.187
1908	0.934
1909	0.256
1910	0.783
1911	-0.115
1912	-0.188
1913	0.37
1914	-0.345
1915	-0.318
1916	-0.138
1917	0.052
1918	-0.186
1919	0.144
1920	-0.286
1921	-0.174
1922	-0.146
1923	0.296
1924	0.423
1925	-0.212
1926	0.371
1927	0.147
1928	0.02
1929	0.202
1930	0.172
1931	-0.263
1933	0.344
1934	0.04
1935	-0.124
1936	-0.224
1937	-0.43
1938	-0.154
1939	0.051
1940	-0.226
1941	-0.16
1942	-0.658
1943	0.019
1944	-0.535
1945	0.401
1946	-0.131
1947	-0.387
1948	0.293
1949	1.818
1950	0.344
1951	
1952	1.258
1953	0.251
1954	0.129
1955	0.317
1956	-0.052
1957	-0.066
1958	-0.05
1959	-0.262
1960	-0.366
1961	-0.437
1962	-0.586
1963	-0.019
1964	-0.271
1965	0.023
1966	0.058
1967	-0.411
1968	-0.13
1969	0.249
1970	0.162
1971	-0.061
1972	-0.225
1973	0.525
1974	0.137
1975	0.153
1976	0.05
1977	0.162
1978	0.258
1979	-0.001
1980	0.431
1981	
1982	0.118
1983	2.655
1984	-1.406
1985	-1.732
1986	-0.983
1987	-0.547
1988	-1.023
1989	-1.288
1990	-0.102
1991	-0.433
1992	-0.313
1993	-0.416
1994	-0.705
1995	-0.5
1996	0.39
1997	0.609
1998	0.116
1999	-0.22
2000	0.262
2001	0.774
2002	-0.142
2003	1.288
2004	-0.152
2005	-0.276
2006	0.366
2007	0.198
2008	0.08
2009	-0.067
2010	-0.345
2011	0.614
2012	0.04
2013	-0.419
2014	0.018
2015	-0.193
2016	-0.08
2017	-0.173
2018	0.049
2019	-0.304
2020	0.154
2021	
2022	0.374
2023	1.385
2024	-0.133
2025	-0.029
2026	0.715
2027	1.522
2028	0.376
2029	0.13
2030	0.067
2031	1.089
2032	0.05
2033	-0.389
2034	-0.06
2035	-0.247
2036	-0.336
2037	0.018
2038	0.041
2039	-0.077
2040	0.184
2041	-0.216
2042	-0.076
2043	0.066
2044	2.064
2045	1.691
2046	16.339
2047	2.337
2048	0.442
2049	0.421
2050	0.771
2051	-0.002
2052	3.816
2053	0.331
2054	0.42
2055	0.973
2056	-0.135
2057	-0.2
2058	-0.159
2059	0.61
2060	-0.237
2061	-0.214
2062	-0.166
2063	-0.311
2064	-0.353
2065	-0.061
2066	-0.17
2067	-0.015
2068	0.53
2069	-0.128
2070	1.598
2071	0.376
2072	7.014
2073	0.273
2074	0.799
2075	0.332
2076	-0.005
2077	-0.077
2078	0.631
2079	-0.245
2080	-0.3
2081	0.022
2082	-0.142
2083	-0.179
2084	-0.1
2085	-0.241
2086	-0.122
2087	-0.321
2088	-0.479
2089	-0.438
2090	0.027
2091	-0.544
2092	0.269
2093	0.334
2094	0.503
2095	-0.168
2096	-0.212
2097	-0.31
2099	-0.001
2100	0.149
2101	1.271
2102	0.34
2103	
2104	0.674
2105	0.054
2106	-0.167
2107	-0.254
2108	-0.159
2109	-0.088
2110	-0.218
2111	-0.287
2112	-0.242
2113	-0.141
2114	0.433
2115	0.005
2116	-0.145
2117	-0.025
2118	0.557
2119	0.336
2120	0.135
2121	0.508
2122	0.408
2123	
2124	
2125	-0.129
2126	-0.036
2127	0.149
2128	0.334
2129	0.028
2130	0.07
2131	0.125
2132	0.118
2133	-0.086
2134	0.002
2135	-0.2
2136	-0.169
2137	-0.239
2138	0.18
2139	-2.666
2140	-0.126
2141	0.482
2142	-0.016
2143	0.29
2144	0.125
2145	0.118
2146	0.143
2147	0.89
2148	0.169
2149	0.985
2150	0.285
2151	
2152	0.295
2153	-0.191
2154	-0.298
2155	-0.377
2156	0.012
2157	-0.213
2158	0.59
2159	0.057
2160	0.194
2161	0.321
2162	-0.19
2163	-0.322
2164	0.074
2165	0.47
2166	-0.124
2167	0.543
2168	0.208
2169	0.634
2170	0.108
2171	1.285
2172	0.055
2173	0.186
2174	0.123
2175	0.002
2176	-0.035
2177	-0.177
2178	-0.222
2179	-0.149
2180	-0.011
2181	-0.393
2182	-0.026
2183	-0.153
2184	-0.018
2185	-0.024
2186	0.018
2187	-0.214
2188	-0.178
2189	0.795
2190	0.865
2191	0.77
2192	0.179
2193	0.219
2194	0.195
2195	0.111
2196	0.522
2197	0.404
2198	0.046
2199	0.101
2200	0.003
2201	-0.031
2202	-0.805
2203	0.014
2204	-0.152
2205	-0.429
2206	-0.925
2207	-0.301
2208	-0.384
2209	-0.323
2210	-0.341
2211	-0.358
2212	-0.23
2213	0.333
2214	-0.235
2215	0.128
2216	-0.073
2217	0.354
2218	-0.036
2219	0.625
2220	-0.043
2221	1.226
2222	0.073
2223	0.534
2224	0.164
2225	-0.19
2226	0.043
2227	-0.19
2228	-0.02
2229	-0.257
2230	-0.211
2231	-0.251
2232	-0.181
2233	-0.315
2234	-0.248
2235	-0.154
2236	-0.268
2237	0.756
2238	0.066
2239	1.227
2240	0.521
2241	0.394
2242	0.77
2243	0.225
2244	0.101
2245	0.575
2246	0.187
2247	-1.14
2248	0.676
2249	0.27
2250	-0.091
2251	0.029
2252	0.052
2253	0.099
2254	-0.151
2255	-0.274
2256	0.747
2257	-0.105
2258	0.795
2259	0.98
2260	1.008
2261	1.1
2262	1.19
2263	0.854
2264	
2265	0.008
2266	
2267	0.121
2268	0.265
2269	1.322
2270	0.167
2271	0.421
2272	0.223
2273	-0.254
2274	-0.353
2275	-0.333
2276	-0.232
2277	0.515
2278	-0.24
2279	-0.056
2280	-0.193
2281	-0.167
2282	-0.055
2283	0.992
2284	-0.073
2285	
2286	-0.004
2287	
2288	1.091
2289	0.977
2290	
2291	-0.042
2292	
2293	
2294	-0.075
2295	0.444
2296	
2297	
2298	0.252
2299	-0.262
2300	-0.33
2301	-0.298
2302	-0.061
2303	-0.239
2304	0.028
2305	-0.641
2306	0.059
2307	-0.202
2308	-0.861
2309	
2310	0.442
2311	0.201
2312	0.32
2313	0.301
2314	0.082
2315	0.448
2316	0.6
2317	0.086
2318	0.049
2319	0.711
2320	0.363
2321	0.152
2322	0.052
2323	-0.271
2324	-0.425
2325	-0.418
2326	-0.281
2327	-0.794
2328	-0.195
2329	-0.208
2330	-0.366
2331	-0.377
2332	-0.1
2333	0.36
2334	3.536
2335	0.47
2336	0.296
2337	0.316
2338	2.159
2339	-0.022
2340	0.133
2341	-0.085
2342	-0.038
2343	-0.177
2344	0.584
2345	0.381
2346	-0.141
2347	0.454
2348	-0.24
2349	0.069
2350	-0.243
2351	-0.053
2352	-0.427
2353	-0.299
2354	-0.307
2355	-0.297
2356	-0.083
2357	
2358	0.337
2359	0.667
2360	0.26
2361	0.132
2362	-0.094
2363	-0.057
2364	-0.096
2365	-0.114
2366	0.055
2367	0.374
2368	-0.311
2369	-0.393
2370	-0.127
2371	-0.28
2372	-0.207
2373	-0.292
2374	-0.227
2375	-0.073
2376	-0.071
2377	-0.157
2378	-0.071
2379	0.068
2380	-0.313
2381	-0.061
2382	-0.151
2383	-0.246
2384	0.25
2385	-0.235
2386	1.127
2387	0.004
2388	0.38
2389	-0.061
2390	-0.042
2391	0.068
2392	0.007
2393	-0.08
2394	0.231
2395	-0.382
2396	-0.621
2397	0.432
2398	-0.082
2399	0.338
2400	-0.512
2401	-1.354
2402	-0.486
2403	-0.038
2404	-0.499
2405	-0.174
2406	0.636
2407	-0.447
2408	-0.406
2409	-0.506
2410	-0.301
2411	-0.289
2412	0.169
2413	-0.145
2414	-0.108
2415	-0.071
2416	0.711
2417	0.188
2418	-0.462
2419	-0.349
2420	-0.494
2421	-0.666
2422	-0.412
2423	0.057
2424	0.005
2425	-0.354
2426	-0.081
2427	0.101
2428	-0.188
2429	0.05
2430	-0.107
2431	
2432	-0.009
2433	-0.066
2434	-0.183
2435	0.456
2436	0.009
2437	0.142
2438	-0.093
2439	1.09
2440	0.056
2441	-0.128
2442	-0.218
2443	-0.271
2444	0.143
2445	0.067
2446	-0.277
2447	-0.15
2448	-0.189
2449	-0.141
2450	-0.433
2451	-0.284
2452	-0.298
2453	-0.265
2454	0.113
2455	0.465
2456	-0.315
2457	-0.234
2458	0.033
2459	-0.03
2460	-0.235
2461	-0.384
2462	-0.079
2463	0.094
2464	0.01
2465	-0.143
2466	0.112
2467	
2468	-0.158
2469	0.05
2470	0.008
2471	0.073
2472	0.015
2473	-0.252
2474	-0.049
2475	-0.332
2476	-0.091
2477	-0.347
2478	0.017
2479	2.551
2480	0.074
2481	0.265
2482	0.245
2483	0.15
2484	-0.236
2485	-0.163
2486	-0.142
2487	0.043
2488	-0.222
2489	-0.269
2490	-0.386
2491	-0.417
2492	-0.49
2493	-0.372
2494	-0.287
2495	0.033
2496	-0.388
2497	-0.305
2498	-0.327
2499	-0.42
2500	-0.452
2501	-0.078
2502	-0.171
2503	0.1
2504	1.101
2505	2.831
2506	-0.087
2507	
2508	0.959
2509	0.024
2510	-0.136
2511	-0.244
2512	-0.464
2513	-0.174
2514	-0.121
2515	-0.084
2516	-0.299
2517	-0.29
2518	-0.416
2519	0.024
2520	-0.297
2521	-0.054
2522	0.618
2523	-0.096
2524	-0.035
2525	-0.006
2526	0.438
2527	0.121
2528	0.224
2529	0.716
2530	1.799
2531	0.758
2532	0.351
2533	1.125
2534	0.178
2535	0.124
2536	-0.162
2537	0.015
2538	0.544
2539	-0.458
2540	0.963
2541	0.229
2542	0.396
2543	-0.027
2544	-0.042
2545	-0.055
2546	-0.173
2547	-0.194
2548	0.06
2549	0.168
2550	0.356
2551	0.769
2552	0.207
2553	2.424
2554	0.109
2555	0.628
2556	0.064
2557	
2558	0.524
2559	3.433
2560	1.084
2561	2.438
2562	-0.176
2563	-0.273
2564	-0.052
2565	-0.257
2566	-0.162
2567	0.169
2568	-0.14
2569	-0.288
2570	-0.368
2571	-0.194
2572	-0.367
2573	0.426
2574	-0.044
2575	0.487
2576	0.233
2577	0.545
2578	1.278
2579	0.568
2580	-0.133
2581	0.559
2582	2.891
2583	0.456
2584	-0.223
2585	-0.008
2586	-0.358
2587	-0.211
2588	-0.327
2589	0.011
2590	0.223
2591	-0.079
2592	-0.314
2593	0.222
2594	0.223
2595	-0.292
2596	-0.006
2597	0.189
2598	-0.126
2599	2.384
2600	0.037
2601	-0.012
2602	-0.07
2603	0.156
2604	0.074
2605	0.158
2606	1.032
2607	-0.259
2608	0.027
2609	-0.387
2610	-0.184
2611	-0.222
2612	-0.253
2613	0.047
2614	-0.235
2615	0.171
2616	-0.17
2617	-0.17
2618	0.229
2619	-0.263
2620	0.115
2621	0.704
2622	-0.209
2623	3.28
2624	1.246
2625	0.442
2626	-0.13
2627	0.373
2628	-0.007
2629	0.377
2630	0.218
2631	0.318
2632	0.066
2633	0.052
2634	0.304
2635	0.43
2636	-0.107
2637	-0.065
2638	0.189
2639	-3.514
2640	0.343
2641	-0.143
2642	0.145
2643	1.314
2644	0.231
2645	0.049
2646	0.642
2647	3.455
2648	-0.038
2649	0.028
2650	0.232
2651	2.916
2652	1.741
2653	2.689
2654	0.506
2655	0.646
2656	0.243
2657	0.026
2658	0.051
2659	0.253
2660	0.24
2661	-0.092
2662	0.084
2663	0.264
2664	-0.148
2665	-0.557
2666	-0.184
2667	-0.342
2668	0.57
2669	0.765
2670	0.716
2671	
2672	0.039
2673	0.26
2674	
2675	0.255
2676	0.677
2677	0.394
2678	1.239
2679	0.303
2680	0.933
2681	0.239
2682	-0.025
2683	-0.067
2684	-0.365
2685	0.097
2686	0.402
2687	-0.064
2688	-0.092
2689	-0.173
2690	-0.326
2691	-0.108
2692	-0.1
2693	-0.081
2694	-0.074
2695	0.104
2696	-0.243
2697	0.043
2698	-0.028
2699	0.599
2700	-0.053
2701	0.592
2702	0.476
2703	0.28
2704	1.375
2705	-0.235
2706	0.355
2707	-0.348
2708	-0.302
2709	-0.112
2710	-0.206
2711	0.059
2712	-0.337
2713	-0.151
2714	-0.138
2715	-0.075
2716	-0.414
2717	0.216
2718	0.072
2719	-0.055
2720	0.133
2721	1.282
2722	1.638
2723	0.007
2724	-0.071
2725	0.123
2726	0.254
2727	0.05
2728	0.288
2729	-0.09
2730	0.081
2731	-0.293
2732	-0.146
2733	-0.324
2734	-0.429
2735	-0.338
2736	-0.209
2737	0.02
2738	-0.331
2739	-0.056
2740	0.055
2741	-0.164
2742	0.362
2743	0.574
2744	0.819
2745	-0.05
2746	
2747	-0.147
2748	0.192
2749	-0.218
2750	0.24
2751	-0.375
2752	-0.008
2753	-0.175
2754	-0.218
2755	-0.237
2756	-0.261
2757	-0.143
2759	0.104
2760	-0.191
2761	-0.151
2762	0.027
2763	-0.157
2764	0.093
2765	
2766	-0.085
2767	0.79
2768	0.468
2769	0.165
2770	-0.27
2771	0.802
2772	0.051
2773	1.213
2774	0.051
2775	0.135
2776	0.003
2777	0.85
2778	-0.551
2779	-0.242
2780	-0.714
2781	-0.61
2782	0.07
2783	1.423
2784	-0.149
2785	0.066
2786	-0.124
2787	-0.061
2788	-0.225
2789	-0.299
2790	-0.061
2791	-0.44
2792	-0.223
2793	0.602
2794	-0.053
2795	-0.131
2796	-0.205
2797	0.096
2798	-0.209
2799	-0.039
2800	-0.224
2801	0.004
2802	-0.293
2803	-0.347
2804	-0.162
2805	-0.261
2806	-0.191
2807	-0.29
2808	-0.554
2809	-0.544
2810	-0.269
2811	-0.146
2812	-0.33
2813	-0.082
2814	0.344
2815	-0.03
2816	0.347
2817	0.15
2818	2.502
2819	0.039
2820	0.391
2821	0.226
2822	-0.923
2823	0.053
2824	0.777
2825	0.238
2826	-0.122
2827	0.157
2828	-0.058
2829	-0.793
2830	1.229
2831	-0.21
2832	-0.169
2833	-0.544
2834	-0.419
2835	-0.259
2836	-0.535
2837	-0.184
2838	0.276
2839	-0.127
2840	1.013
2841	2.181
2842	0.393
2843	0.477
2844	0.069
2845	-0.173
2846	0.284
2847	-0.043
2848	0.273
2849	0.087
2850	-0.186
2851	-0.068
2852	-0.261
2853	-0.258
2854	-0.28
2855	-0.104
2856	-0.078
2857	-0.05
2858	-0.004
2859	-0.209
2860	-0.158
2861	-0.292
2862	0.134
2863	1.652
2864	0.724
2865	
2866	0.074
2867	0.017
2868	0.687
2869	0.17
2870	0.512
2871	0.67
2872	0.101
2873	-0.467
2874	-0.477
2875	-0.172
2876	-0.388
2877	-0.467
2878	0.015
2879	-0.237
2880	0.108
2881	-0.151
2882	-0.104
2883	0.16
2884	-0.368
2885	-0.276
2886	0.152
2887	-0.006
2888	0.223
2889	0.343
2890	0.483
2891	-0.9
2892	0.547
2893	-0.191
2894	0.88
2895	-0.235
2896	0.166
2897	0.15
2898	-0.292
2899	-0.204
2900	-0.422
2901	0.827
2902	-0.238
2903	-0.012
2904	-0.259
2905	-0.113
2906	0.209
2907	-0.17
2908	0.157
2909	1.272
2910	
2911	0.064
2912	0.572
2913	
2914	0.669
2915	2.205
2916	2.457
2917	1.437
2918	-0.345
2919	-0.282
2920	-0.059
2921	-0.028
2922	-0.333
2923	0.035
2924	-0.16
2925	-0.309
2926	-0.326
2927	-0.005
2928	0.01
2929	0.18
2930	0.006
2931	-0.209
2932	-0.096
2933	-0.289
2934	0.808
2935	
2936	0.732
2937	0.896
2938	0.025
2939	0.276
2940	0.054
2941	0.622
2942	0.079
2943	-0.173
2944	-0.382
2945	-0.171
2946	-0.035
2947	0.808
2948	1.198
2949	3.598
2950	2.151
2951	0.676
2952	0.074
2953	0.949
2954	0.434
2955	0.783
2956	0.19
2957	-0.12
2958	0.572
2959	0.269
2960	1.751
2961	1.392
2962	1.568
2963	0.397
2964	1.436
2965	1.162
2966	0.791
2967	-0.082
2968	0.937
2969	0.058
2970	-0.268
2971	-0.028
2972	-0.41
2973	-0.269
2974	-0.246
2975	-0.024
2976	-0.522
2977	0.009
2978	-0.171
2979	0.197
2980	0.023
2981	0.306
2982	0.49
2983	0.746
2984	0.956
2985	2.199
2986	0.436
2987	0.236
2988	0.384
2989	
2990	
2991	0.474
2992	1.743
2993	0.635
2994	0.214
2995	-0.174
2996	-0.175
2997	-0.079
2998	-0.122
2999	-0.218
3000	-0.009
3001	-0.131
3002	-0.084
3003	-0.229
3004	-0.494
3005	-0.25
3006	0.276
3007	2.164
3008	3.132
3009	0.339
3010	0.534
3011	0.045
3012	-0.003
3013	0.042
3014	
3015	0.204
3016	1.216
3017	1.178
3018	-0.284
3019	-0.419
3020	-0.369
3021	-0.079
3022	-0.333
3023	-0.221
3024	0.043
3025	-0.405
3026	0.094
3027	-0.092
3028	-0.323
3029	-0.343
3030	1.088
3031	0.007
3032	1.329
3033	1.024
3034	0.18
3035	0.12
3036	0.135
3037	0.188
3038	
3039	-0.04
3040	0.042
3041	0.228
3042	-0.081
3043	0.154
3044	0.342
3045	-0.325
3046	-0.248
3047	-0.227
3048	-0.031
3049	0.077
3050	0.171
3051	-0.181
3052	0.087
3053	-0.001
3054	0.332
3055	0.573
3056	7.005
3057	0.131
3058	-0.055
3059	0.11
3060	0.495
3061	0.132
3062	0.522
3063	0.057
3064	3.26
3065	0.461
3066	-0.211
3067	-0.073
3068	-0.061
3069	0.014
3070	-0.025
3071	0.129
3072	0.214
3073	0.306
3074	0.067
3075	-0.115
3076	0.018
3077	-0.193
3078	1.687
3079	0.236
3080	-0.328
3081	0.492
3082	0.059
3083	0.196
3084	0.335
3085	0.161
3086	0.908
3087	1.209
3088	1.629
3089	0.423
3090	-0.059
3091	-0.295
3092	-0.332
3093	0.129
3094	-0.253
3095	-0.071
3096	0.374
3097	0.53
3098	-0.056
3099	-0.076
3100	-0.282
3101	-0.197
3102	-0.038
3103	-0.009
3104	0.515
3105	0.654
3106	0.559
3107	0.333
3108	0.257
3109	
3110	-0.241
3111	0.082
3112	0.177
3113	0.278
3114	0.07
3115	1.966
3116	-0.316
3117	-0.357
3118	-0.192
3119	-0.399
3120	0.073
3121	-0.402
3122	-0.152
3123	-0.347
3124	-0.384
3125	-0.522
3126	
3127	
3128	0.713
3129	
3130	0.758
3131	
3132	-0.035
3133	0.018
3134	-0.489
3135	-0.262
3136	-0.167
3137	-0.082
3138	-0.265
3139	-0.423
3140	0.049
3141	-0.72
3142	0.059
3143	0.575
3144	-0.044
3145	0.067
3146	-0.215
3147	-0.591
3148	-0.104
3149	-0.642
3150	0.023
3151	0.393
3152	0.383
3153	0.434
3154	-0.163
3155	4.838
3156	-0.234
3157	-0.11
3158	-0.183
3159	-0.51
3160	0.035
3161	0.017
3162	-0.224
3163	-0.362
3164	-0.355
3165	-0.413
3166	-0.397
3167	-0.574
3168	-0.368
3169	-0.4
3170	-0.3
3171	-0.553
3172	-0.34
3173	-0.397
3174	-0.424
3175	0.129
3176	0.561
3177	0.409
3178	1.431
3179	-0.079
3180	
3181	0.258
3182	0.544
3183	0.808
3184	-0.138
3185	0.621
3186	0.108
3187	0.388
3188	-0.497
3189	-0.382
3190	-0.259
3191	-0.438
3192	0.095
3193	-0.116
3194	-0.054
3195	-0.098
3196	-0.242
3197	0.218
3198	
3199	0.495
3200	
3201	0.377
3202	
3203	0.364
3204	0.225
3205	0.616
3206	4.294
3207	0.409
3208	0.071
3209	-0.175
3210	-0.273
3211	-0.151
3212	0.238
3213	-0.006
3214	-0.182
3215	-0.293
3216	-0.272
3217	-0.377
3218	-0.238
3219	-0.486
3220	-0.271
3221	0.345
3222	0.017
3223	0.072
3224	0.152
3225	-0.055
3226	0.236
3227	0.209
3228	0.068
3229	0.11
3230	-0.124
3231	0.148
3232	0.271
3233	-0.046
3234	-0.138
3235	-0.108
3236	-0.127
3237	-0.408
3238	-0.19
3239	-0.284
3240	-0.139
3241	-0.165
3242	-0.158
3243	-0.297
3244	-0.231
3245	-0.639
3246	1.269
3247	0.668
3248	0.187
3249	-0.057
3250	-0.258
3251	0.092
3252	0.854
3253	-0.264
3254	-0.059
3255	0.106
3256	0.3
3257	-0.117
3258	0.068
3259	-0.313
3260	-0.086
3261	-0.224
3262	-0.415
3263	-0.317
3264	-0.39
3265	0.092
3266	-0.207
3267	-0.044
3268	-0.527
3269	-0.317
3270	0.733
3271	0.36
3272	1.077
3273	0.086
3274	-0.092
3275	-0.231
3276	0.157
3277	-0.173
3278	0.234
3279	0.035
3280	1.614
3281	-0.148
3282	-0.165
3283	-0.307
3284	0.082
3285	-0.202
3286	-0.088
3287	0.18
3288	-0.071
3289	0.1
3290	0.552
3291	0.183
3292	-0.076
3293	-0.123
3294	0.622
3295	0.924
3296	
3297	0.045
3298	0.046
3299	0.981
3300	0.896
3301	0.09
3302	0.181
3303	0.428
3304	
3305	0.207
3306	-0.138
3307	0.236
3308	-0.436
3309	-0.477
3310	-0.345
3311	0.069
3312	-0.175
3313	0.422
3314	0.019
3315	-0.271
3316	-0.408
3317	-0.214
3318	0.575
3319	0.192
3320	0.502
3321	0.497
3322	2.798
3323	1.082
3324	-0.025
3325	0.359
3326	0.601
3327	0.616
3328	0.711
3329	
3330	-0.289
3331	0.038
3332	-0.076
3333	0.07
3334	-0.29
3335	-0.332
3336	-0.199
3337	-0.372
3338	-0.211
3339	1.706
3340	4.373
3341	
3342	0.033
3343	1.598
3344	2.283
3345	0.983
3346	0.998
3347	-0.081
3348	0.151
3349	0.172
3350	0.394
3351	0.609
3352	1.432
3353	0.881
3354	0.163
3355	1.129
3356	-0.013
3357	0.213
3358	0.07
3359	0.318
3360	
3362	0.793
3363	0.167
3365	0.352
3366	0.004
3367	-0.037
3368	1.388
3369	
3370	
3371	
3372	
3373	1.444
3374	0.823
3375	0.023
3376	
3377	0.311
3378	0.383
3379	-0.059
3380	-0.285
3381	-0.202
3382	0.092
3383	-0.098
3384	0.09
3385	0.042
3386	0.001
3387	0.081
3388	0.107
3389	0.637
3390	-0.053
3391	0.122
3392	1.839
3393	0.199
3394	0.957
3395	0.104
3396	
3397	-0.783
3398	
3399	1.655
3400	0.654
3401	0.374
3402	0.425
3403	0.603
3404	0.035
3405	-0.228
3406	0.813
3407	-0.048
3408	0.042
3409	-0.136
3410	0.454
3411	0.037
3412	1.496
3413	0.034
3414	0.522
3415	-0.291
3416	0.348
3417	0.155
3418	
3419	0.41
3420	0.996
3421	2.083
3422	
3423	0.282
3424	0.16
3425	
3426	0.37
3427	0.172
3428	-0.202
3429	-0.175
3430	0.077
3431	-0.164
3432	0.395
3433	0.179
3434	0.493
3435	0.053
3436	-0.041
3437	-0.236
3438	-0.246
3439	0.175
3440	0.043
3441	-0.029
3442	2.083
3443	0.308
3444	1.484
3445	1.13
3446	0.155
3447	1.14
3448	4.17
3449	2.413
3450	
3451	0.413
3452	0.171
3453	-0.283
3454	0.067
3455	-0.01
3456	0.299
3457	-0.219
3458	0.099
3459	-0.185
3460	-0.182
3461	-0.282
3462	-0.186
3463	0.077
3464	
3465	0.621
3466	
3467	
3468	
3469	-3.21
3470	
3471	1.388
3472	
3473	0.653
3474	0.457
3475	-0.232
3476	-0.309
3477	-0.31
3478	-0.183
3479	-0.177
3480	-0.333
3481	-0.179
3482	-0.043
3483	-0.391
3484	-0.958
3485	-0.306
3486	-0.152
3487	0.072
3488	-0.019
3489	
3490	0.434
3491	-0.013
3492	-0.421
3493	0.027
3494	-0.193
3495	-0.145
3496	-0.313
3497	-0.373
3498	-0.136
3499	0.036
3500	-0.368
3501	-0.113
3502	-0.221
3503	0.015
3504	-0.237
3505	0.063
3506	0.078
3507	-0.073
3508	0.069
3509	-0.159
3510	-0.085
3511	-0.148
3512	-0.119
3513	0.085
3514	-0.177
3515	-0.201
3516	0.017
3517	-0.049
3518	-0.003
3519	0.143
3520	-0.069
3521	0.215
3522	-0.033
3523	-0.067
3524	0.206
3525	0.259
3526	-0.12
3528	0.019
3529	-0.976
3530	-0.15
3531	0.001
3532	-0.165
3533	0.32
3534	-0.571
3537	-0.122
3538	-0.211
3539	0.224
3540	-0.325
3541	-0.548
3542	-1.004
3543	-0.088
3544	-0.696
3545	-0.84
3546	-0.308
3547	-0.126
3548	-0.011
3549	-0.143
3550	-0.268
3551	-0.111
3552	-0.987
3553	-0.379
3554	-0.078
3555	-0.306
3556	-0.152
3557	-0.179
3558	-0.191
3559	-0.077
3560	-0.432
3561	-0.246
3562	-0.416
3563	-0.153
3564	2.051
3565	-0.218
3566	0.095
3567	-0.117
3568	0.114
3569	-0.16
3570	-0.046
3571	-0.12
3572	0.76
3573	-0.234
3574	-0.347
3575	0.263
3576	-0.2
3577	-0.127
3578	-0.199
3579	-0.106
3580	-0.153
3581	-0.163
3582	-0.003
3583	-0.174
3584	-0.289
3585	-0.189
3586	0.015
3587	2.687
3588	0.642
3589	0.103
3590	0.005
3591	-0.145
3592	-0.174
3593	-0.055
3594	-0.299
3595	-0.204
3596	-0.158
3597	-0.123
3598	0.041
3599	-0.077
3600	0.041
3601	-0.103
3602	-0.317
3603	-0.224
3604	-0.18
3605	-0.213
3606	-0.3
3607	-0.11
3608	-0.126
3609	-0.111
3610	-0.153
3611	-0.009
3612	-0.081
3613	-0.073
3614	-0.14
3615	-0.092
3616	-0.042
3617	-0.278
3619	-0.078
3620	-0.195
3621	-0.113
3622	-0.046
3623	-0.176
3624	0.005
3625	-0.066
3626	-0.208
3627	-0.02
3628	-0.394
3629	-0.163
3630	-0.623
3631	-0.422
3632	-0.359
3633	-0.279
3634	-0.192
3635	-0.376
3636	-0.621
3637	-0.686
3638	-0.978
3639	-0.992
3640	-0.085
3641	-0.084
3642	-0.324
3643	-0.161
3644	-0.174
3645	-0.173
3646	-0.183
3647	-0.103
3648	-0.012
3649	-0.204
3650	-0.325
3651	-0.252
3652	-0.158
3653	-0.263
3654	-0.227
3655	-0.324
3656	-0.133
3657	-0.297
3658	-0.394
3659	-0.349
3660	-0.093
3661	0.157
3662	
3663	0.54
3664	0.154
3665	0.069
3666	0.319
3667	0.239
3668	0.149
3669	-0.215
3670	-0.131
3671	-0.454
3672	-0.091
3673	0.279
3674	-0.137
3675	0.105
3676	-0.142
3677	-0.078
3678	0.037
3679	-0.082
3680	-0.242
3681	-0.336
3682	-0.194
3683	-0.207
3684	0.281
3685	0.335
3686	-0.094
3687	0.318
3688	-0.012
3689	-0.145
3690	-0.159
3691	-0.159
3692	-0.039
3693	-0.124
3694	-0.078
3695	-0.096
3696	-0.366
3697	-0.099
3698	0.169
3699	0.087
3700	-3.092
3701	-0.28
3702	-0.325
3703	-0.27
3704	-0.228
3705	-0.12
3706	-0.089
3707	-0.186
3708	0.054
3709	0.12
3710	0.024
3711	0.233
3712	-0.037
3713	0.129
3714	-0.02
3715	-0.142
3716	-0.071
3717	-0.334
3718	-0.236
3719	-0.194
3720	-0.034
3721	0.106
3722	-0.508
3723	-0.259
3724	-0.234
3725	-0.057
3726	0.032
3727	-0.098
3728	0.098
3729	-0.116
3730	-0.277
3731	-0.219
3732	0.143
3733	0.158
3734	-0.175
3735	0.049
3736	0.041
3737	0.048
3738	0.095
3739	-0.084
3740	-0.008
3741	0.006
3742	-0.267
3743	-0.097
3744	-0.185
3745	-0.376
3746	-0.18
3747	-0.114
3748	-0.352
3749	-0.224
3750	-0.226
3751	-0.109
3752	-0.048
3753	-0.152
3754	-0.281
3755	-0.441
3756	0.495
3757	0.264
3758	0.44
3759	-0.031
3760	-0.147
3761	0.106
3762	0.531
3763	0.686
3764	0.521
3765	
3766	0.673
3767	0.987
3768	0.034
3769	-0.388
3770	-0.325
3771	-0.718
3772	0.334
3773	0.098
3774	0.751
3775	-0.094
3776	-0.275
3777	-0.333
3778	-0.139
3779	-0.116
3780	-0.079
3781	0.232
3782	0.38
3783	0.095
3784	0.045
3785	-0.227
3786	-0.049
3787	-0.208
3788	-0.075
3789	-0.25
3790	-0.068
3791	-0.099
3792	-0.121
3793	-0.166
3794	-0.105
3795	0.626
3796	-0.299
3797	-0.232
3798	-0.236
3799	-0.024
3800	-0.135
3801	-0.075
3802	-0.122
3803	-0.221
3804	
3805	0.031
3806	0.151
3807	1.212
3808	0.57
3809	-0.135
3810	0.203
3811	-0.025
3812	-0.211
3813	-0.295
3814	-0.207
3815	-0.144
3816	-0.113
3817	-0.48
3818	-0.341
3819	-0.149
3820	-0.142
3821	-0.123
3822	0.1
3823	0.217
3824	0.039
3825	-0.089
3826	-0.329
3827	-0.16
3828	-0.109
3829	-0.238
3830	0.114
3831	0.052
3832	0.355
3833	0.135
3834	0.07
3835	-0.229
3836	-0.079
3837	-0.091
3838	-0.222
3839	0.116
3840	-0.303
3841	-0.254
3842	-0.322
3843	-0.132
3844	-0.177
3845	0.252
3846	-0.127
3847	-0.031
3848	-0.104
3849	-0.288
3850	-0.318
3851	-0.181
3852	-1.769
3853	0.141
3854	0.265
3855	-0.156
3856	0.569
3857	0.242
3858	0.121
3859	0.141
3860	0.216
3861	0.203
3862	0.543
3863	0.369
3864	-0.74
3865	-0.245
3866	-0.429
3867	-1.02
3868	-0.24
3869	-0.237
3870	-0.057
3871	-0.479
3872	-0.653
3873	-0.168
3874	-0.232
3875	-0.189
3876	-0.274
3877	0.096
3878	-0.218
3879	0.104
3880	-0.259
3881	-0.387
3882	-0.368
3883	-0.136
3884	-0.108
3885	-0.178
3886	-0.156
3887	-0.13
3888	-0.095
3889	-0.165
3890	-0.137
3891	-0.335
3892	-0.229
3893	-0.207
3894	-0.226
3895	-0.108
3896	-0.214
3897	-0.206
3898	-0.27
3899	-0.267
3900	0.187
3901	0.342
3902	0.051
3903	-0.061
3904	0.007
3905	-0.227
3906	-0.092
3907	0.099
3908	-0.174
3909	-0.28
3910	-0.125
3911	-0.293
3912	-0.102
3913	-0.046
3914	-0.07
3915	-0.106
3916	-0.11
3917	0.056
3918	-0.044
3919	-0.263
3920	-0.309
3921	-0.251
3922	-0.364
3923	-0.275
3924	0.35
3925	0.217
3926	-0.012
3927	0.203
3928	0.011
3929	-0.123
3930	-0.298
3931	-0.112
3932	-0.357
3933	-0.351
3934	-0.293
3935	-0.457
3936	-0.09
3937	-0.262
3938	-0.425
3939	-0.178
3940	-0.213
3941	-0.157
3942	-0.266
3943	-0.435
3944	-0.382
3945	-0.479
3946	-0.274
3947	-0.29
3948	-0.191
3949	-0.112
3950	-0.198
3951	-0.02
3952	-0.101
3953	-0.164
3954	-0.09
3955	-0.174
3956	0.12
3957	0.372
3958	-0.264
1464	0.13
3959	-0.23
3960	-0.216
3961	-0.26
3962	-0.362
3963	-0.333
3964	-0.234
3965	0.7
3966	-0.469
3967	-0.475
3968	-0.268
3969	-0.187
3970	-0.173
1766	0.855
3971	-0.895
3972	0.194
3973	-0.103
3974	0.55
3975	-0.086
3976	0.087
3977	-0.221
3978	-0.255
3979	-0.167
3980	-0.267
3981	-0.411
1932	-0.135
3982	-0.121
3983	-0.347
3984	-0.047
3985	-0.191
3986	0.256
3987	-0.185
3988	-0.136
3989	-0.202
3990	-0.032
3991	-0.224
3992	-0.244
3993	-0.072
3994	-0.091
2098	0.014
3995	0.149
3996	0.046
3997	-0.023
3998	0.215
3999	-0.225
4000	-0.095
4001	-0.22
4002	-0.218
4003	-0.197
4004	-0.214
4005	-0.018
4006	-0.187
4007	-0.098
4008	0.302
4009	-0.08
4010	-0.034
4011	-0.054
4012	-0.135
4013	-0.232
4014	-0.334
4015	-0.262
4016	0.053
4017	0.027
4018	-0.129
4019	0.085
4020	-0.127
4021	-0.031
4022	-0.046
4023	-0.264
4024	-0.331
4025	-0.36
4026	-0.423
4027	-0.23
4028	-0.109
2758	-0.236
4029	-0.139
4030	-0.188
4031	-0.198
4032	-0.243
4033	0.132
4034	-0.023
4035	-0.418
4036	-0.5
4037	-0.426
4038	-0.422
4039	0.516
4040	-0.202
4041	0.065
4042	-0.11
4043	-0.305
4044	-0.078
4045	-0.182
4046	-0.113
4047	-0.165
4048	-0.271
4049	-0.045
4050	-0.155
4051	-0.146
4052	-1.437
4053	-0.153
4054	-0.226
4055	-0.201
4056	-0.321
4057	-0.235
4058	-0.293
4059	-0.251
4060	-0.026
4061	-0.147
4062	-0.146
4063	
4064	0.006
3361	
3364	0.196
4065	-0.021
4066	-0.191
4067	0.402
4068	0.322
4069	-0.111
3527	-0.087
4070	-0.121
4071	-0.173
4072	-0.076
3618	-0.105
4073	-0.216
4074	0.008
4075	-0.262
4076	-0.065
4077	-0.211
4078	-0.173
4079	-0.244
4080	-0.348
4081	-0.146
4082	-0.26
4083	0.042
4084	0.769
4085	0.677
4086	-0.05
4087	0.341
4088	0.3
4089	0.339
4090	0.314
21	0.403
4091	-0.185
4092	-0.226
4093	-0.271
4094	-0.204
4095	-0.2
4096	-0.056
4097	-0.07
4098	0.06
4099	0.475
4100	-0.195
4101	-0.262
4102	-0.219
4103	-0.267
4104	-0.287
4105	-0.356
4106	-0.159
4107	-0.179
4108	0.007
4109	0.093
4110	-0.081
4111	-0.109
4112	-0.157
4113	-0.351
4114	-0.348
4115	-0.234
4116	-0.207
4117	-0.36
4118	-0.167
796	-0.191
4119	-0.179
4120	-0.173
4121	-0.26
839	-0.196
4122	0.28
4123	-0.063
4124	-0.051
4125	-0.099
4126	-0.351
4127	-0.201
4128	0.511
4129	0.163
987	0.393
4130	0.288
4131	0.94
4132	0.147
4133	0.252
4134	0.442
4135	-0.129
1076	0.182
4136	
4137	0.254
1101	-0.117
4138	-0.131
4139	-1.209
4140	-0.285
4141	-0.523
4142	-0.315
4143	-0.21
4144	-0.212
4145	-0.179
4146	-0.166
984	-0.223
1096	-0.112
4147	-0.068
4148	0.085
4149	-0.289
4150	-0.271
4151	-0.207
4152	-0.276
4153	0.253
4154	-0.099
4155	-0.122
4156	-0.164
4157	-0.243
4158	-0.207
4159	-0.131
4160	0.09
4161	-0.081
4162	-0.111
4163	-0.119
4164	-0.283
4165	-0.036
4166	-0.101
4167	-0.403
4168	-0.179
4169	-0.348
4170	-0.265
4171	0.382
280	0.008
4172	-0.064
4173	-0.112
4174	-0.007
4175	0.582
4176	0.008
4177	0.046
4178	0.199
4179	-0.228
4180	-0.192
4181	-0.107
4182	-0.119
750	-0.106
4183	-0.073
4184	-0.364
4185	0.186
4186	0.08
4187	0.049
4188	-0.134
4189	-0.16
4190	-0.221
4191	-0.222
4192	-0.217
4193	-0.041
4194	-0.088
4195	-0.261
4196	-0.259
4197	-0.048
4198	-0.101
4199	-0.136
4200	-0.25
4201	-0.142
4202	-0.267
4203	-0.253
4204	-0.018
4205	-0.717
4206	-0.484
4207	0.056
4208	-0.158
4209	-0.253
4210	-0.038
4211	-0.513
4212	-0.175
4213	-0.143
4214	-0.375
4215	-0.104
4216	-0.263
4217	0.329
4218	-0.083
4219	-0.088
4220	-0.145
4221	
4222	0.096
4223	0.263
4224	0.061
4225	0.29
4226	0.195
4227	
4228	0.331
4229	-0.035
4230	0.669
4231	-0.28
4232	0.943
4233	0.069
4234	0.144
4235	0.269
4236	-0.256
4237	0.194
4238	-0.538
4239	0.053
4240	0.534
4241	1.02
4242	
4243	
4244	1.389
4245	0.097
4246	-0.343
3535	-0.044
3536	0.632
4247	0.115
4248	0.898
4249	-0.201
4250	0.601
4251	-0.04
4252	-0.078
4253	-0.725
4254	0.046
4255	0.012
4256	0.142
4257	-0.609
4258	-0.3
4259	-0.299
4260	-0.027
1831	0.187
4261	-0.111
4262	0.847
4263	0.871
4264	0.183
4265	0.837
4266	0.312
4267	0.663
4268	0.646
4269	0.212
4270	0.029
4271	-0.04
4272	-0.01
4273	-0.23
4274	-0.218
4275	0.141
4276	0.038
4277	-0.152
4278	-0.188
4279	-0.095
4280	-0.093
4281	-0.19
4282	-0.092
4283	-0.61
1461	-0.051
4284	-0.335
4285	-0.26
4286	0.591
4287	1.35
4288	-0.323
4289	-0.213
4290	-0.228
4291	
4292	0.792
4293	-0.192
4294	-0.148
4295	0.351
