1	-0.236
2	-0.209
3	0.115
4	0.004
5	-0.339
6	-0.262
7	-0.062
8	0.004
9	0.004
10	-0.005
11	-0.251
12	-0.052
13	-0.034
14	0.033
15	0.029
16	0.212
17	-0.081
18	0.062
19	0.045
20	-0.143
22	0.003
23	0.27
24	0.029
25	0.057
26	-0.335
27	-0.063
28	0.066
29	0.011
30	-0.156
31	0.121
32	1.381
33	0.075
34	-0.142
35	0.125
36	0.306
37	-0.109
38	-0.035
39	-0.237
40	-0.227
41	-0.187
42	-0.197
43	0.155
44	-0.181
45	-0.139
46	-0.126
47	-0.171
48	-0.111
49	0.072
50	0.106
51	0.026
52	-0.007
53	0.144
54	-0.091
55	-0.055
56	-0.171
57	-0.303
58	-0.073
59	-0.117
60	-0.321
61	-0.199
62	0.121
63	1.238
64	-0.094
65	2.026
66	-0.278
67	-0.166
68	0.662
69	-0.333
70	0.153
71	0.097
72	0.191
73	-0.075
74	0.02
75	0.154
76	0.075
77	0.096
78	-0.037
79	-0.172
80	-0.202
81	0.387
82	-0.075
83	-0.081
84	-0.217
85	0.111
86	0.159
87	-0.08
88	0.511
89	-0.055
90	0.125
91	0.414
92	0.106
93	0.023
94	0.095
95	0.058
96	-0.341
97	2.74
98	0.107
99	0.03
100	-0.119
101	0.021
102	0.336
103	-0.029
104	0.035
105	0.419
106	1.085
107	-0.13
108	-0.102
109	-0.167
110	0.101
111	-0.165
112	-0.147
113	-0.221
114	-0.287
115	0.089
116	0.538
117	-0.073
118	0.246
119	-0.207
120	-0.319
121	-0.208
122	0.511
123	0.016
124	0.066
125	0.171
126	-0.178
127	-0.03
128	0.07
129	0.119
130	-0.209
131	0.038
132	-0.002
133	0.048
134	-0.313
135	-0.017
136	-0.14
137	-0.306
138	-0.149
139	-0.204
140	-0.001
141	-0.068
142	-0.148
143	-0.107
144	-0.136
145	-0.474
146	-0.371
147	-0.172
148	-0.274
149	-0.32
150	-0.157
151	0.08
152	0.174
153	0.582
154	-0.174
155	-0.031
156	-0.067
157	-0.283
158	-0.031
159	0.22
160	0.254
161	0.976
162	0.41
163	0.202
164	-0.092
165	-0.167
166	-0.196
167	-0.035
168	-0.163
169	-0.168
170	-0.19
171	-0.022
172	-0.253
173	0.078
174	-0.28
175	-0.035
176	-0.067
177	0.122
178	-0.173
179	-0.168
180	-0.036
181	0.269
182	0.066
183	0.28
184	0.062
185	-0.043
186	-0.063
187	-0.063
188	-0.226
189	-0.248
190	-0.115
191	-0.214
192	-0.164
193	-0.314
194	
195	0.593
196	1.617
197	-0.094
198	-0.242
199	-0.135
200	-0.137
201	-0.227
202	-0.907
203	0.009
204	0.02
205	-0.895
206	0.351
207	-0.065
208	-0.133
209	-0.213
210	0.024
211	-0.029
212	-0.279
213	0.069
214	0.456
215	-0.058
216	0.149
217	-0.151
218	0.039
219	0.184
220	0.377
221	-0.142
222	-0.013
223	-0.459
224	0.005
225	-0.013
226	0.085
227	0.005
228	0.038
229	0.219
230	-0.126
231	-0.185
232	-0.178
233	0.716
234	0.675
235	-0.131
236	0.306
237	-0.027
238	-0.078
239	-0.301
240	-1.261
241	0.057
242	-0.003
243	0.186
244	0.067
245	0.338
246	-0.095
247	0.253
248	-0.135
249	-0.016
250	-0.096
251	0.08
252	0.056
253	0.676
254	0
255	-0.142
256	-0.191
257	-0.365
258	-0.124
259	0.104
260	0.181
261	0.653
262	0.165
263	0.284
264	0.304
265	0.314
266	0.202
267	0.066
268	0.212
269	-0.259
270	0.123
271	-0.259
272	-0.902
273	-0.221
274	-0.148
275	0.13
276	-0.243
277	-0.299
278	-0.264
279	-0.103
281	-0.224
282	-0.298
283	-0.001
284	-0.256
285	-0.229
286	-0.072
287	-0.273
288	-0.283
289	-0.293
290	-0.744
291	-0.176
292	-0.131
293	-0.152
294	-0.064
295	-0.011
296	0.195
297	-0.066
298	-0.006
299	-0.192
300	-0.211
301	-0.11
302	-0.14
303	-0.155
304	-0.125
305	-0.118
306	0.113
307	0.084
308	0.163
309	-0.08
310	-0.092
311	-0.323
312	0.228
313	0.626
314	-0.145
315	-0.124
316	-0.09
317	-0.115
318	-0.027
319	-0.107
320	0.17
321	0.245
322	0.485
323	-0.019
324	-0.01
325	0.405
326	0.256
327	0.332
328	1.046
329	1.212
330	-0.159
331	0.196
332	0.361
333	-0.033
334	-0.265
335	-0.071
336	-0.254
337	-0.166
338	-0.233
339	0.298
340	-0.009
341	0.034
342	-0.041
343	-0.128
344	-0.006
345	0.015
346	0.226
347	-0.15
348	-0.001
349	1.273
350	0.358
351	0.569
352	-0.041
353	-0.272
354	-0.193
355	0.025
356	0.201
357	1.172
358	0.261
359	-0.084
360	0.165
361	0.135
362	-0.05
363	-0.11
364	0.758
365	-0.22
366	0.016
367	0.262
368	-0.019
369	-0.17
370	1.581
371	0.279
372	0.013
373	0.216
374	0.158
375	0.064
376	0.369
377	0.514
378	0.755
379	0.532
380	1.079
381	-0.302
382	0.168
383	0.075
384	0.151
385	-0.106
386	-0.117
387	-0.028
388	-0.004
389	0.078
390	0.226
391	-0.009
392	-0.025
393	-0.018
394	0.244
395	0.283
396	-0.034
397	0.709
398	
399	-0.023
400	0.061
401	-0.113
402	-0.189
403	-0.018
404	0.185
405	-0.051
406	-0.258
407	0.104
408	0.018
409	-0.026
410	0.049
411	0.046
412	-0.147
413	-0.22
414	-0.375
415	-0.055
416	-0.059
417	0.016
418	-0.301
419	0.097
420	-0.052
421	-0.093
422	0.133
423	-0.007
424	-0.226
425	-0.152
426	0.138
427	-0.11
428	-0.12
429	0.043
430	0.017
431	-0.043
432	-0.143
433	-0.193
434	-0.052
435	-0.125
436	-0.054
437	0.049
438	-0.155
439	-0.116
440	0.151
441	-0.026
442	-0.248
443	-0.122
444	-0.046
445	-0.04
446	-0.105
447	-0.053
448	0.106
449	-0.114
450	0.084
451	0.227
452	-0.231
453	-0.104
454	-0.006
455	-0.109
456	0.295
457	-0.221
458	-0.092
459	-0.565
460	-0.125
461	0.118
462	-0.028
463	0.002
464	-0.114
465	-0.136
466	-0.173
467	-0.065
468	-0.091
469	-0.108
470	-0.181
471	-0.107
472	-0.072
473	-0.014
474	0.012
475	-0.098
476	-0.345
477	-0.301
478	-0.3
479	-0.128
480	-0.155
481	-0.272
482	-0.169
483	0.12
484	0.056
485	-0.133
486	-0.177
487	0.039
488	0.078
489	0.045
490	0.152
491	-0.21
492	-0.072
493	-0.188
494	-0.11
495	-0.148
496	0.637
497	-0.018
498	-0.042
499	-0.15
500	-0.059
501	0.038
502	-0.268
503	-0.078
504	-0.017
505	-0.147
506	-0.092
507	-0.092
508	-0.059
509	0.027
510	-0.104
511	-0.292
512	-0.197
513	-0.14
514	0.065
515	-0.072
516	0.169
517	-0.193
518	0.612
519	0.149
520	0.113
521	-0.099
522	-0.003
523	-0.456
524	0.002
525	-0.241
526	0.079
527	0.016
528	0.009
529	0.062
530	0.002
531	-0.028
532	-0.11
533	-0.256
534	-0.088
535	-0.263
536	-0.124
537	-0.054
538	-0.112
539	-0.183
540	-0.158
541	-0.03
542	-0.001
543	0.092
544	-0.085
545	0.014
546	-0.06
547	-0.18
548	-0.119
549	-0.185
550	-0.158
551	-0.174
552	-0.231
553	0.034
554	0.043
555	0.108
556	0.198
557	-0.005
558	-0.057
559	0.08
560	0.056
561	-0.17
562	-0.451
563	0.012
564	0.051
565	-0.074
566	0.042
567	-0.183
568	-0.172
569	-0.24
570	-0.008
571	-0.165
572	0.246
573	-0.019
574	-0.032
575	1.085
576	-0.026
577	0.071
578	0.011
579	-0.175
580	0.066
581	0.028
582	-0.16
583	-0.322
584	-0.035
585	0.088
586	0.005
587	1.01
588	0.752
589	0.022
590	0.269
591	0.543
592	0.267
593	0.171
594	1.271
595	
596	0.055
597	-0.075
598	-0.239
599	0.039
600	-0.204
601	-0.155
602	1.081
603	0.459
604	-0.072
605	0.474
606	0.201
607	0.102
608	-0.008
609	0.975
610	-0.148
611	-0.021
612	-0.019
613	-0.035
614	0.272
615	-0.101
616	1.005
617	-0.173
618	-0.033
619	0.033
620	0.403
621	0.651
622	0.126
623	0.187
624	0.152
625	-0.016
626	-0.092
627	0.05
628	-0.307
629	-0.233
630	0.004
631	0.44
632	0.513
633	0.015
634	-0.209
635	-0.228
636	-0.207
637	-0.148
638	-0.275
639	-0.174
640	-0.249
641	-0.067
642	0.016
643	0.035
644	0.041
645	-0.017
646	-0.263
647	-0.025
648	-0.231
649	-0.206
650	-0.014
651	0.032
652	0.1
653	-0.013
654	-0.035
655	-0.001
656	-0.128
657	-0.285
658	0.159
659	0.018
660	0.028
661	-0.093
662	-0.227
663	0.783
664	-0.025
665	-0.142
666	-0.177
667	-0.163
668	0.14
669	-0.105
670	-0.001
671	-0.028
672	-0.115
673	0.027
674	-0.14
675	-0.172
676	-0.278
677	-0.39
678	-0.034
679	-0.04
680	0.1
681	-0.07
682	-0.31
683	0.032
684	-0.111
685	-0.055
686	0.119
687	-0.382
688	0.033
689	-0.201
690	-0.098
691	0.036
692	0.069
693	-0.006
694	-0.079
695	-0.026
696	-0.056
697	-0.113
698	-0.171
699	0.067
700	-0.016
701	0.168
702	-0.054
703	-0.083
704	-0.043
705	-0.075
706	-0.011
707	-0.17
708	-0.055
709	-0.084
710	-0.159
711	-0.005
712	0.147
713	-0.14
714	-0.17
715	-0.197
716	-0.215
717	-0.075
718	-0.045
719	-0.211
720	0.038
721	-0.163
722	-0.101
723	-0.062
724	-0.14
725	-0.071
726	-0.194
727	-0.236
728	0.014
729	-0.095
730	-0.133
731	-0.046
732	-0.197
733	-0.258
734	-0.09
735	-0.117
736	-0.036
737	0.494
738	0.146
739	0.021
740	-0.258
741	-0.233
742	-0.338
743	-0.087
744	-0.041
745	-0.196
746	-0.13
747	-0.127
748	-0.165
749	0.015
751	-0.064
752	-0.118
753	-0.077
754	-0.175
755	-0.289
756	-0.266
757	-0.188
758	-0.139
759	-0.117
760	-0.217
761	-0.022
762	-0.156
763	-0.14
764	-0.127
765	0.187
766	-0.137
767	-0.054
768	-0.054
769	0.222
770	-0.046
771	-0.113
772	0.014
773	0.053
774	0.128
775	-0.081
776	-0.109
777	-0.197
778	-0.043
779	0.01
780	-0.181
781	-0.065
782	-0.002
783	-0.078
784	-0.164
785	-0.047
786	-0.05
787	0.201
788	-0.115
789	0.013
790	0.02
791	-0.221
792	-0.028
793	-0.081
794	-0.218
795	-0.168
797	0.273
798	0.29
799	-0.201
800	-0.122
801	-0.127
802	-0.242
803	0.099
804	-0.208
805	-0.116
806	0.423
807	-0.181
808	-0.178
809	-0.278
810	-0.267
811	-0.223
812	-0.134
813	-0.084
814	-0.23
815	-0.099
816	-0.012
817	-0.206
818	-0.133
819	-0.263
820	0.289
821	0.205
822	-0.062
823	0.015
824	0.214
825	0.013
826	-0.268
827	0.231
828	-0.164
829	0.029
830	-0.251
831	0.089
832	1.107
833	-0.037
834	-0.048
835	-0.115
836	0.215
837	-0.038
838	-0.132
840	0.128
841	0.009
842	0.228
843	0.061
844	-0.008
845	0.429
846	0.581
847	0.223
848	0.339
849	0.11
850	-0.017
851	-0.151
852	-0.324
853	-0.189
854	0.087
855	-0.081
856	-0.038
857	0.403
858	-0.108
859	-0.362
860	-0.028
861	-0.247
862	-0.227
863	-0.05
864	-0.234
865	-0.296
866	-0.067
867	-0.081
868	-0.052
869	-0.049
870	-0.147
871	0.14
872	-0.076
873	-0.181
874	-0.087
875	-0.057
876	-0.243
877	-0.328
878	-0.293
879	0.09
880	-0.155
881	-0.124
882	-0.341
883	-0.086
884	-0.221
885	-0.083
886	0.047
887	-0.017
888	-0.084
889	-0.03
890	-0.517
891	-0.404
892	0.14
893	-0.425
894	-0.108
895	0.263
896	-0.285
897	-0.225
898	0.301
899	0.678
900	0.288
901	-0.163
902	0.058
903	0.02
904	0.064
905	-0.019
906	-0.099
907	-0.083
908	-0.163
909	0.074
910	-0.079
911	-0.08
912	-0.261
913	-0.178
914	-0.266
915	0.02
916	-0.094
917	0.248
918	0.026
919	-0.153
920	0.229
921	-0.05
922	-0.104
923	
924	0.002
925	-0.203
926	-0.329
927	-0.113
928	-0.069
929	0.108
930	-0.183
931	0.115
932	0.128
933	0.016
934	-0.094
935	0.035
936	-0.169
937	-0.3
938	-0.059
939	-0.412
940	-0.2
941	-0.133
942	-0.033
943	0.148
944	-0.139
945	0.065
946	-0.11
947	-0.097
948	0.414
949	0.344
950	-0.154
951	0.061
952	-0.139
953	0.122
954	-0.15
955	0.04
956	-0.097
957	0.029
958	-0.015
959	-0.084
960	-0.141
961	-0.105
962	-0.02
963	-0.093
964	-0.012
965	-0.109
966	
967	
968	-2.712
969	
970	
971	1.114
972	-0.014
973	
974	
975	
976	
977	
978	0.667
979	
980	-0.175
981	
982	0.832
983	-2.23
985	-0.768
986	-0.389
988	0.041
989	1.559
990	-0.639
991	-0.752
992	0.105
993	
994	
995	
996	
997	-2.597
998	
999	
1000	-0.212
1001	-0.073
1002	0.098
1003	-0.203
1004	-0.039
1005	0.381
1006	-0.242
1007	1.075
1008	-0.033
1009	0.042
1010	0.028
1011	-0.191
1012	-0.079
1013	-0.176
1014	0.043
1015	0.076
1016	-0.202
1017	-0.495
1018	-0.195
1019	-0.56
1020	-0.466
1021	-0.031
1022	-0.019
1023	0.04
1024	-0.071
1025	-0.216
1026	-0.152
1027	0.246
1028	0.037
1029	-0.18
1030	-0.268
1031	-0.057
1032	-0.078
1033	0.095
1034	0.168
1035	0.837
1036	0.045
1037	0.305
1038	-0.014
1039	0.048
1040	-0.259
1041	0.765
1042	-0.21
1043	-0.002
1044	-0.14
1045	-0.132
1046	0
1047	0.44
1048	-0.234
1049	-0.033
1050	0.211
1051	-0.108
1052	0.011
1053	-0.111
1054	0.079
1055	0.147
1056	-0.229
1057	-0.072
1058	0.427
1059	0.125
1060	2.444
1061	0.079
1062	-0.064
1063	-0.046
1064	0.475
1065	-0.199
1066	0.035
1067	0.074
1068	0.207
1069	0.015
1070	-0.131
1071	-0.026
1072	-0.243
1073	0.165
1074	0.215
1075	-0.145
1077	-0.132
1078	-0.208
1079	-0.17
1080	-0.183
1081	-0.115
1082	-0.064
1083	-0.003
1084	-0.327
1085	-0.211
1086	-0.186
1087	-0.05
1088	-0.054
1089	-0.128
1090	-0.2
1091	-0.105
1092	-0.073
1093	-0.113
1094	-0.02
1095	-0.113
1097	0.217
1098	0.962
1099	0.12
1100	-0.379
1102	-0.247
1103	-0.963
1104	0.033
1105	0.057
1106	-0.072
1107	-0.323
1108	-0.054
1109	-0.222
1110	-0.128
1111	-0.094
1112	0.024
1113	-0.35
1114	0.108
1115	0.238
1116	-0.19
1117	-0.134
1118	-0.077
1119	-0.242
1120	-0.133
1121	-0.232
1122	0.069
1123	-0.187
1124	-0.085
1125	0.095
1126	0.117
1127	-0.148
1128	0.025
1129	0.326
1130	0.261
1131	0.292
1132	0.122
1133	0.079
1134	0.177
1135	0.148
1136	-0.052
1137	0.129
1138	-0.051
1139	0.158
1140	1.216
1141	0.722
1142	0.049
1143	-0.194
1144	0.135
1145	-0.07
1146	0.104
1147	0.202
1148	-0.021
1149	0.307
1150	-0.177
1151	-0.239
1152	0.095
1153	-0.027
1154	-0.042
1155	0.365
1156	1.015
1157	0.221
1158	-0.692
1159	-0.122
1160	0.154
1161	-0.557
1162	-0.05
1163	0.196
1164	0.01
1165	-0.041
1166	-0.109
1167	-0.159
1168	-0.094
1169	-0.026
1170	-0.011
1171	-0.149
1172	-0.436
1173	-0.091
1174	0.015
1175	-0.106
1176	-0.311
1177	-0.209
1178	-0.327
1179	-0.315
1180	0.033
1181	-0.244
1182	-0.097
1183	-0.231
1184	-0.174
1185	-0.161
1186	-0.12
1187	-0.054
1188	-0.076
1189	-0.229
1190	-0.588
1191	-0.444
1192	-0.427
1193	-0.228
1194	-0.155
1195	-0.332
1196	-0.029
1197	0.011
1198	0.386
1199	0.155
1200	0.226
1201	-0.013
1202	-0.144
1203	0.081
1204	-0.192
1205	0.32
1206	-0.095
1207	-0.242
1208	-0.178
1209	0.054
1210	0.08
1211	0.053
1212	-0.143
1213	0.325
1214	0.011
1215	-0.002
1216	-0.255
1217	-0.082
1218	-0.135
1219	-0.106
1220	-0.19
1221	-0.185
1222	0.109
1223	-0.306
1224	0.064
1225	-0.168
1226	-0.06
1227	-0.018
1228	-0.313
1229	-0.049
1230	0.027
1231	-0.12
1232	-0.132
1233	-0.196
1234	-0.101
1235	-0.03
1236	-0.073
1237	-0.069
1238	-0.298
1239	-0.086
1240	-0.168
1241	-0.083
1242	-0.065
1243	-0.107
1244	0.005
1245	-0.158
1246	0.534
1247	-0.236
1248	-0.232
1249	-0.264
1250	-0.29
1251	-0.311
1252	-0.22
1253	0.049
1254	0.196
1255	-0.141
1256	-0.033
1257	-0.203
1258	-0.054
1259	-0.044
1260	0.06
1261	0.137
1262	0.141
1263	0.143
1264	-0.157
1265	-0.069
1266	-0.169
1267	-0.025
1268	0.015
1269	-0.007
1270	-0.077
1271	-0.232
1272	-0.017
1273	0.394
1274	-0.028
1275	0.025
1276	-0.171
1277	-0.059
1278	0.232
1279	-0.283
1280	-0.193
1281	0.177
1282	0.025
1283	0.02
1284	0.002
1285	-0.257
1286	0.215
1287	0.002
1288	0.127
1289	-0.04
1290	-0.205
1291	-0.002
1292	-0.067
1293	-0.097
1294	-0.107
1295	-0.335
1296	-0.085
1297	-0.026
1298	-0.062
1299	-0.162
1300	0.014
1301	0.278
1302	-0.026
1303	-0.029
1304	-0.177
1305	-0.106
1306	-0.124
1307	-0.114
1308	-0.229
1309	0.101
1310	0.065
1311	-0.217
1312	-0.068
1313	0.094
1314	0.002
1315	0.026
1316	-0.108
1317	0.039
1318	-0.063
1319	-0.077
1320	0.046
1321	-0.014
1322	0.141
1323	-0.074
1324	-0.137
1325	-0.111
1326	0.091
1327	-0.087
1328	0.118
1329	0.066
1330	-0.214
1331	-0.062
1332	-0.089
1333	-0.236
1334	-0.059
1335	0.035
1336	0.046
1337	0.117
1338	-0.012
1339	0.121
1340	0.439
1341	-0.061
1342	-0.243
1343	-0.103
1344	-0.067
1345	-0.139
1346	-0.02
1347	-0.117
1348	-0.025
1349	-0.092
1350	-0.055
1351	-0.078
1352	0.134
1353	-0.028
1354	-0.197
1355	0.042
1356	-0.036
1357	-0.015
1358	0.862
1359	0.466
1360	0.213
1361	0.235
1362	-0.255
1363	0.192
1364	
1365	0.02
1366	0.226
1367	0.062
1368	5.915
1369	0.161
1370	-0.031
1371	0.316
1372	-0.004
1373	-0.243
1374	-0.071
1375	-0.247
1376	-0.006
1377	-0.157
1378	-0.244
1379	0.02
1380	-0.171
1381	-0.187
1382	-0.077
1383	-0.175
1384	0.23
1385	0.08
1386	0.391
1387	-0.127
1388	0.187
1389	-0.121
1390	0.027
1391	-0.086
1392	-0.231
1393	-0.186
1394	-0.006
1395	-0.092
1396	-0.159
1397	-0.162
1398	-0.026
1399	-0.194
1400	-0.179
1401	-0.139
1402	-0.064
1403	-0.05
1404	-0.177
1405	0.167
1406	-0.029
1407	-0.099
1408	-0.065
1409	0.187
1410	-0.106
1411	-0.114
1412	-0.073
1413	0.66
1414	-0.129
1415	0.031
1416	0.028
1417	-0.241
1418	-0.144
1419	-0.251
1420	-0.058
1421	-0.07
1422	-0.114
1423	-0.337
1424	0.166
1425	-0.087
1426	0.062
1427	0.193
1428	-0.233
1429	-0.168
1430	0.095
1431	0.047
1432	-0.193
1433	-0.055
1434	0.155
1435	0.097
1436	-0.092
1437	0.163
1438	-0.008
1439	-0.048
1440	0.106
1441	0.248
1442	0.07
1443	-0.049
1444	-0.083
1445	-0.055
1446	-0.069
1447	-0.142
1448	-0.127
1449	0.005
1450	-0.134
1451	-0.439
1452	-0.09
1453	0.084
1454	0.112
1455	-0.131
1456	-0.164
1457	-0.095
1458	-0.069
1459	-0.231
1460	-0.036
1462	0.102
1463	0.015
1465	-0.254
1466	-0.224
1467	0.345
1468	0.481
1469	-0.043
1470	0.038
1471	-0.172
1472	-0.067
1473	-0.275
1474	-0.144
1475	-0.129
1476	0.102
1477	-0.165
1478	-0.174
1479	-0.179
1480	-0.31
1481	-0.276
1482	-0.048
1483	-0.038
1484	-0.032
1485	-0.048
1486	-0.088
1487	-0.388
1488	-0.006
1489	-0.029
1490	-0.055
1491	-0.022
1492	-0.13
1493	0.022
1494	0.117
1495	-0.069
1496	-0.082
1497	-0.009
1498	-0.192
1499	-0.049
1500	-0.236
1501	0.242
1502	0.928
1503	-0.149
1504	0.106
1505	0.023
1506	-0.102
1507	-0.144
1508	-0.124
1509	-0.013
1510	-0.122
1511	0.364
1512	-0.313
1513	-0.151
1514	-0.028
1515	0.704
1516	0.118
1517	0.098
1518	0.073
1519	-0.177
1520	-0.083
1521	0.028
1522	0.162
1523	0.133
1524	0.028
1525	-0.086
1526	0.222
1527	-0.146
1528	-0.049
1529	-0.054
1530	-0.132
1531	0.163
1532	0.103
1533	-0.176
1534	-0.035
1535	0.068
1536	0.101
1537	0.025
1538	0.315
1539	-0.147
1540	
1541	-0.291
1542	0.092
1543	-0.279
1544	-0.069
1545	-0.16
1546	-0.032
1547	-0.299
1548	-0.112
1549	0.555
1550	-0.11
1551	0.136
1552	-0.125
1553	0.068
1554	0.485
1555	-0.044
1556	-0.259
1557	0.025
1558	-0.038
1559	-0.174
1560	-0.148
1561	0.151
1562	0.094
1563	0.739
1564	0.202
1565	1.104
1566	0.424
1567	-0.033
1568	-0.034
1569	0.448
1570	-0.182
1571	-0.057
1572	-0.131
1573	0.146
1574	0.589
1575	0.191
1576	-0.175
1577	0.072
1578	-0.261
1579	-0.021
1580	-0.08
1581	-0.088
1582	0.066
1583	0.007
1584	0.095
1585	0.338
1586	-0.583
1587	0.413
1588	-0.029
1589	0.079
1590	0.171
1591	-0.058
1592	0.212
1593	0.045
1594	0.109
1595	0.214
1596	-0.055
1597	0.057
1598	-0.073
1599	0.059
1600	-0.016
1601	-0.052
1602	0.086
1603	-0.303
1604	-0.65
1605	-0.046
1606	-0.263
1607	-0.049
1608	-0.074
1609	0.007
1610	-0.059
1611	-0.089
1612	-0.233
1613	-0.086
1614	-0.12
1615	-0.12
1616	0.029
1617	-0.018
1618	-0.08
1619	0.07
1620	-0.108
1621	-0.022
1622	-0.058
1623	0.116
1624	-0.228
1625	0.071
1626	0.043
1627	-0.156
1628	-0.031
1629	0
1630	-0.09
1631	0.234
1632	0.552
1633	0.03
1634	-0.029
1635	-0.22
1636	-0.122
1637	-0.19
1638	-0.023
1639	-0.091
1640	-0.112
1641	-0.068
1642	-0.007
1643	0.033
1644	-0.124
1645	-0.134
1646	0.023
1647	-0.041
1648	-0.159
1649	-0.073
1650	-0.004
1651	-0.149
1652	0.106
1653	0.053
1654	0.099
1655	0.054
1656	0.071
1657	-0.336
1658	-0.235
1659	-0.009
1660	0.005
1661	-0.078
1662	-0.065
1663	-0.159
1664	-0.188
1665	-0.366
1666	-0.198
1667	-0.16
1668	-0.163
1669	-0.033
1670	-0.214
1671	-0.031
1672	-0.027
1673	0.192
1674	0.734
1675	-0.053
1676	0.23
1677	-0.421
1678	-0.04
1679	0.354
1680	0.604
1681	1.239
1682	0.232
1683	0.274
1684	0.055
1685	0.118
1686	0.159
1687	0.017
1688	0.035
1689	0.032
1690	-0.147
1691	-0.041
1692	-0.168
1693	-0.106
1694	1.196
1695	-0.11
1696	-0.051
1697	0.018
1698	-0.11
1699	-0.136
1700	0.269
1701	-0.008
1702	-0.242
1703	0.178
1704	-0.004
1705	-0.066
1706	0.013
1707	0.037
1708	0.18
1709	-0.031
1710	0.022
1711	-0.08
1712	-0.023
1713	-0.144
1714	0.252
1715	-0.168
1716	-0.076
1717	1.687
1718	0.006
1719	0.032
1720	0.184
1721	0.28
1722	0.109
1723	0.159
1724	0.055
1725	0.2
1726	0.85
1727	0.941
1728	-0.085
1729	0.217
1730	-0.056
1731	-0.03
1732	-0.163
1733	-0.252
1734	-0.132
1735	0.315
1736	0.339
1737	0.11
1738	3.976
1739	-0.173
1740	0.089
1741	0.39
1742	-0.08
1743	0.013
1744	-0.113
1745	0.959
1746	0.895
1747	0.173
1748	-0.022
1749	0.231
1750	-0.175
1751	0.534
1752	-0.298
1753	-0.211
1754	-0.082
1755	-0.084
1756	0.201
1757	0.499
1758	0.135
1759	-0.023
1760	-0.043
1761	-0.021
1762	0.065
1763	0
1764	-0.008
1765	-0.13
1767	-0.46
1768	0.181
1769	0.063
1770	0.094
1771	-0.126
1772	0.409
1773	-0.292
1774	-0.023
1775	-0.177
1776	0.009
1777	0.687
1778	-0.234
1779	-0.077
1780	0.035
1781	0.043
1782	-0.088
1783	-0.144
1784	-0.211
1785	-0.219
1786	-0.083
1787	-0.174
1788	-0.257
1789	-0.019
1790	-0.012
1791	-0.15
1792	-0.199
1793	-0.083
1794	-0.179
1795	-0.202
1796	-0.228
1797	-0.421
1798	-0.086
1799	0.154
1800	0.073
1801	-0.146
1802	-0.242
1803	0.018
1804	-0.144
1805	-0.249
1806	-0.316
1807	-0.194
1808	0.066
1809	-0.142
1810	-0.097
1811	0.141
1812	-0.113
1813	0.497
1814	0.11
1815	0.184
1816	0.17
1817	0.125
1818	1.31
1819	-0.058
1820	-0.115
1821	-0.127
1822	-0.113
1823	-0.314
1824	0.313
1825	-0.394
1826	-0.134
1827	0.017
1828	-0.103
1829	0.069
1830	0.687
1832	-0.085
1833	-0.021
1834	-0.018
1835	-0.023
1836	-0.248
1837	-0.078
1838	-0.078
1839	-0.147
1840	-0.046
1841	-0.101
1842	-0.185
1843	-0.181
1844	-0.189
1845	-0.108
1846	-0.106
1847	-0.134
1848	0.223
1849	0.385
1850	-0.086
1851	-0.164
1852	0.148
1853	-0.023
1854	-0.09
1855	-0.205
1856	0.167
1857	-0.181
1858	-0.137
1859	-0.096
1860	0.109
1861	0.017
1862	-0.07
1863	-0.178
1864	0.101
1865	0.19
1866	0.037
1867	0.073
1868	0.291
1869	-0.134
1870	0.191
1871	0.223
1872	0.059
1873	-0.066
1874	-0.264
1875	-0.132
1876	0.022
1877	-0.192
1878	0.007
1879	-0.11
1880	0.259
1881	0.033
1882	-0.003
1883	-0.072
1884	-0.063
1885	-0.215
1886	-0.173
1887	-0.102
1888	-0.09
1889	-0.121
1890	-0.073
1891	0.009
1892	0.043
1893	-0.001
1894	-0.18
1895	-0.233
1896	-0.037
1897	-0.129
1898	-0.112
1899	-0.291
1900	-0.226
1901	-0.157
1902	-0.175
1903	-0.01
1904	0.056
1905	-0.233
1906	-0.068
1907	-0.153
1908	-0.082
1909	-0.078
1910	0.135
1911	0.102
1912	-0.135
1913	-0.154
1914	0.078
1915	-0.26
1916	-0.117
1917	-0.055
1918	-0.253
1919	0.216
1920	-0.057
1921	0.004
1922	-0.111
1923	-0.294
1924	-0.074
1925	-0.141
1926	0.01
1927	0.45
1928	-0.071
1929	-0.094
1930	0.006
1931	0.011
1933	-0.199
1934	-0.199
1935	-0.103
1936	-0.142
1937	0.043
1938	-0.066
1939	-0.043
1940	-0.104
1941	-0.058
1942	0.291
1943	0.368
1944	0.137
1945	0.231
1946	0.165
1947	-0.198
1948	0.113
1949	0.883
1950	0.22
1951	0.274
1952	0.517
1953	0.119
1954	0.026
1955	0.288
1956	0.022
1957	-0.103
1958	-0.161
1959	0.33
1960	-0.073
1961	0.965
1962	0.237
1963	0.294
1964	0.702
1965	-0.211
1966	-0.202
1967	-0.15
1968	-0.107
1969	0.214
1970	-0.202
1971	0.009
1972	-0.303
1973	0.162
1974	-0.059
1975	-0.176
1976	0.311
1977	-0.049
1978	-0.054
1979	-0.05
1980	0.261
1981	2.22
1982	0.273
1983	0.854
1984	-0.618
1985	0.278
1986	-1.379
1987	0.026
1988	-0.309
1989	0.595
1990	0.326
1991	-0.187
1992	-0.302
1993	-0.009
1994	0.255
1995	0.006
1996	0.253
1997	0.151
1998	-0.133
1999	-0.386
2000	-0.027
2001	0.303
2002	-0.116
2003	-0.081
2004	-0.447
2005	-0.251
2006	-0.102
2007	0.167
2008	0.043
2009	0.005
2010	1.16
2011	0.061
2012	0.621
2013	0.069
2014	1.39
2015	0.213
2016	0.127
2017	-0.101
2018	0.47
2019	0.011
2020	0.043
2021	0.248
2022	-0.056
2023	0.095
2024	0.032
2025	-0.061
2026	0.186
2027	-0.123
2028	0.386
2029	0.069
2030	-0.115
2031	-0.009
2032	0.023
2033	-0.106
2034	0.031
2035	0.041
2036	-0.312
2037	0.141
2038	-0.226
2039	-0.106
2040	0.179
2041	0.139
2042	0.018
2043	0.287
2044	0.539
2045	0.607
2046	-0.294
2047	0.146
2048	0.057
2049	-0.223
2050	-0.146
2051	-0.337
2052	0.465
2053	0.332
2054	0.226
2055	0.164
2056	0.466
2057	0.244
2058	-0.036
2059	-0.335
2060	0.04
2061	-0.1
2062	0.014
2063	0.111
2064	-0.03
2065	0.034
2066	-0.102
2067	0.218
2068	0.077
2069	-0.164
2070	-0.099
2071	-0.092
2072	-0.001
2073	-0.031
2074	0.006
2075	0.173
2076	-0.032
2077	0.109
2078	0.55
2079	0.084
2080	0.136
2081	0.326
2082	-0.116
2083	-0.091
2084	0.25
2085	0.147
2086	0.021
2087	0.127
2088	0.099
2089	-0.149
2090	0.167
2091	-0.072
2092	-0.012
2093	-0.014
2094	-0.039
2095	-0.2
2096	-0.093
2097	-0.211
2099	-0.032
2100	-0.044
2101	0.058
2102	0.578
2103	
2104	0.238
2105	0.118
2106	0.057
2107	-0.256
2108	-0.039
2109	-0.193
2110	-0.144
2111	0.107
2112	-0.198
2113	-0.257
2114	0.953
2115	0.011
2116	0.11
2117	-0.105
2118	0.235
2119	0.059
2120	-0.243
2121	-0.124
2122	0.336
2123	0.447
2124	0.168
2125	-0.186
2126	-0.137
2127	-0.174
2128	0.06
2129	-0.108
2130	-0.106
2131	-0.124
2132	0.193
2133	0.105
2134	-0.021
2135	-0.011
2136	-0.051
2137	0.096
2138	-0.005
2139	-2.48
2140	-0.256
2141	-0.019
2142	-0.047
2143	-0.001
2144	-0.024
2145	-0.083
2146	-0.01
2147	-0.024
2148	-0.281
2149	-0.125
2150	-0.117
2151	-0.149
2152	-0.14
2153	-0.284
2154	-0.191
2155	-0.008
2156	-0.176
2157	-0.041
2158	-0.068
2159	-0.007
2160	-0.26
2161	-0.086
2162	-0.191
2163	-0.39
2164	-0.103
2165	0.012
2166	0.05
2167	-0.068
2168	0.106
2169	-0.033
2170	0.023
2171	-0.212
2172	-0.204
2173	-0.278
2174	-0.26
2175	-0.268
2176	-0.255
2177	-0.429
2178	-0.121
2179	0.059
2180	-0.064
2181	0.008
2182	-0.375
2183	0.485
2184	-0.09
2185	-0.164
2186	0.083
2187	0.098
2188	0.048
2189	-0.153
2190	0.03
2191	-0.093
2192	0.168
2193	-0.05
2194	-0.043
2195	0.031
2196	-0.066
2197	-0.056
2198	-0.22
2199	-0.16
2200	-0.101
2201	-0.352
2202	-0.071
2203	-0.189
2204	0.019
2205	-0.099
2206	0.138
2207	-0.063
2208	0.092
2209	-0.175
2210	-0.005
2211	-0.104
2212	-0.176
2213	-0.021
2214	-0.126
2215	-0.224
2216	-0.014
2217	0.045
2218	-0.144
2219	-0.054
2220	-0.075
2221	-0.209
2222	0.001
2223	-0.159
2224	-0.159
2225	-0.171
2226	-0.044
2227	-0.068
2228	-0.149
2229	-0.069
2230	-0.082
2231	-0.198
2232	-0.089
2233	-0.069
2234	-0.073
2235	-0.214
2236	-0.19
2237	0.024
2238	-0.079
2239	-0.042
2240	-0.034
2241	-0.129
2242	-0.116
2243	0.045
2244	-0.013
2245	-0.15
2246	0.131
2247	-0.074
2248	-0.008
2249	-0.227
2250	-0.129
2251	-0.251
2252	0.021
2253	-0.176
2254	-0.025
2255	-0.177
2256	-0.139
2257	-0.266
2258	-0.206
2259	-0.319
2260	-0.153
2261	-0.208
2262	-0.213
2263	-0.217
2264	-0.066
2265	0.002
2266	1.838
2267	-0.039
2268	-0.065
2269	-0.311
2270	0.173
2271	-0.191
2272	0.082
2273	0.003
2274	0.065
2275	-0.139
2276	-0.023
2277	0.231
2278	0.057
2279	0.003
2280	0.157
2281	-0.218
2282	0.211
2283	-0.619
2284	-0.027
2285	-1.177
2286	0.263
2287	
2288	0.783
2289	0.697
2290	
2291	-0.133
2292	
2293	
2294	-0.086
2295	0.059
2296	0.752
2297	-0.231
2298	0.396
2299	-0.384
2300	-0.187
2301	0.005
2302	-0.009
2303	0.158
2304	0.115
2305	-0.222
2306	0.085
2307	-0.132
2308	-0.301
2309	-0.081
2310	-0.215
2311	-0.32
2312	-0.178
2313	-0.324
2314	-0.165
2315	-0.232
2316	-0.032
2317	-0.256
2318	-0.269
2319	-0.176
2320	0.047
2321	0.066
2322	0.172
2323	-0.106
2324	1.616
2325	-0.122
2326	0.709
2327	0.839
2328	0.023
2329	-0.178
2330	-0.023
2331	0.068
2332	-2.231
2333	0.824
2334	0.697
2335	0.045
2336	0.364
2337	0.42
2338	0.178
2339	0.379
2340	0.191
2341	-0.018
2342	-0.125
2343	-0.074
2344	0.009
2345	-0.468
2346	0.523
2347	0.287
2348	0.169
2349	0.246
2350	0.034
2351	0.271
2352	4.208
2353	0.075
2354	-0.056
2355	0.068
2356	-0.13
2357	0.18
2358	-0.171
2359	0.003
2360	-0.038
2361	-0.163
2362	-0.383
2363	-0.154
2364	-0.189
2365	-0.119
2366	0.03
2367	0.011
2368	-0.18
2369	-0.155
2370	-0.059
2371	0.273
2372	0.055
2373	0.034
2374	-0.269
2375	-0.062
2376	0.165
2377	0.194
2378	0.086
2379	0.007
2380	0.059
2381	-0.033
2382	0.029
2383	-0.237
2384	0.056
2385	-0.066
2386	-0.187
2387	-0.093
2388	-0.174
2389	-0.218
2390	-0.113
2391	-0.256
2392	-0.218
2393	-0.161
2394	0.282
2395	0.447
2396	0.314
2397	0.419
2398	-0.323
2399	-0.222
2400	0.451
2401	0.509
2402	0.336
2403	-0.077
2404	-0.233
2405	-0.187
2406	-0.05
2407	-0.228
2408	0.002
2409	0.01
2410	0.034
2411	-0.073
2412	-0.477
2413	-0.116
2414	0.091
2415	0.117
2416	0.199
2417	0.542
2418	0.13
2419	0.07
2420	-0.055
2421	-0.166
2422	-0.181
2423	0.071
2424	0.04
2425	-0.209
2426	-0.281
2427	-0.128
2428	-0.114
2429	0.046
2430	0.03
2431	1.048
2432	0.153
2433	-0.093
2434	-0.083
2435	-0.161
2436	-0.259
2437	0.034
2438	0.152
2439	0.332
2440	-0.138
2441	0.081
2442	-0.219
2443	-0.286
2444	-0.558
2445	-0.696
2446	0.018
2447	-0.286
2448	-0.35
2449	0.18
2450	0.531
2451	-0.179
2452	0.395
2453	0.361
2454	-0.041
2455	-0.037
2456	-0.246
2457	-0.106
2458	-0.235
2459	-0.082
2460	-0.017
2461	-0.07
2462	-0.192
2463	-0.136
2464	-0.238
2465	0.118
2466	0.063
2467	0.399
2468	-0.066
2469	-0.188
2470	-0.278
2471	-0.377
2472	0.028
2473	-0.109
2474	0.261
2475	-0.101
2476	-0.078
2477	-0.071
2478	-0.133
2479	-0.546
2480	0.076
2481	-0.164
2482	0.083
2483	-0.075
2484	-0.129
2485	0.16
2486	0.04
2487	0.135
2488	-0.018
2489	0.123
2490	0.117
2491	-0.025
2492	-0.082
2493	0.043
2494	1.434
2495	0.621
2496	-0.041
2497	0.055
2498	0.175
2499	-0.171
2500	-0.022
2501	-0.188
2502	-0.166
2503	-0.284
2504	0.536
2505	0.787
2506	-0.053
2507	0.267
2508	0.172
2509	-0.093
2510	0.065
2511	-0.109
2512	-0.126
2513	0.139
2514	-0.159
2515	-0.093
2516	-0.3
2517	-0.089
2518	-0.052
2519	0.006
2520	-0.108
2521	1.546
2522	0.562
2523	0.036
2524	-0.013
2525	-0.085
2526	-0.114
2527	-0.02
2528	0.113
2529	0.045
2530	0.283
2531	0.31
2532	-0.073
2533	-0.144
2534	-0.102
2535	0.063
2536	-0.211
2537	-0.124
2538	-0.224
2539	0.068
2540	-0.456
2541	-0.18
2542	-0.171
2543	-0.167
2544	0.032
2545	-0.302
2546	-0.122
2547	-0.177
2548	-0.075
2549	-0.182
2550	-0.107
2551	-0.202
2552	-0.273
2553	0.024
2554	-0.016
2555	-0.188
2556	-0.089
2557	
2558	-0.204
2559	0.341
2560	0.4
2561	
2562	1.916
2563	-0.042
2564	0.072
2565	0.433
2566	0.12
2567	0.161
2568	0.155
2569	0.228
2570	0.027
2571	-0.154
2572	-0.011
2573	-0.486
2574	-0.292
2575	0.118
2576	-0.005
2577	-0.29
2578	0.009
2579	-0.079
2580	-0.114
2581	-0.001
2582	0.252
2583	0.135
2584	-0.071
2585	0.12
2586	0.418
2587	0.121
2588	-0.039
2589	0.173
2590	-0.202
2591	-0.003
2592	-0.21
2593	0.289
2594	0.138
2595	0.137
2596	-0.236
2597	-0.153
2598	-0.228
2599	-0.002
2600	-0.225
2601	-0.413
2602	-0.062
2603	-0.036
2604	-0.089
2605	0.162
2606	-0.101
2607	-0.382
2608	0.134
2609	0.11
2610	0.023
2611	-0.135
2612	0.172
2613	0.027
2614	0.034
2615	0.007
2616	-0.092
2617	-0.029
2618	-0.115
2619	-0.139
2620	0.081
2621	-0.14
2622	-0.17
2623	-0.069
2624	0.296
2625	0.078
2626	0.066
2627	-0.136
2628	-0.183
2629	-0.148
2630	-0.064
2631	-0.022
2632	0.008
2633	-0.276
2634	0.19
2635	-0.113
2636	0.04
2637	-0.302
2638	0.09
2639	0.55
2640	0.756
2641	-0.102
2642	0.119
2643	-0.155
2644	0.112
2645	-0.009
2646	0.351
2647	0.143
2648	-0.366
2649	-0.283
2650	0.037
2651	0.888
2652	0.222
2653	-0.133
2654	-0.082
2655	-0.172
2656	-0.128
2657	-0.281
2658	-0.368
2659	-0.236
2660	0.731
2661	0.193
2662	0.933
2663	0.338
2664	-0.023
2665	0.198
2666	0.202
2667	0.02
2668	0.378
2669	0.25
2670	0.816
2671	0.552
2672	0.633
2673	-0.221
2674	0.003
2675	-0.112
2676	-0.2
2677	0.41
2678	0.838
2679	-0.272
2680	-0.16
2681	0.136
2682	0.215
2683	0.126
2684	-0.13
2685	-0.039
2686	0.246
2687	-0.057
2688	0.062
2689	0.024
2690	-0.132
2691	0.101
2692	-0.03
2693	-0.05
2694	0.01
2695	-0.068
2696	0.119
2697	0.041
2698	-0.053
2699	-0.176
2700	0.033
2701	-0.101
2702	0.886
2703	0.477
2704	0.578
2705	0.426
2706	2.82
2707	-0.01
2708	-0.172
2709	0.07
2710	-0.223
2711	0.094
2712	-0.063
2713	0.031
2714	-0.072
2715	-0.122
2716	-0.025
2717	0.111
2718	-0.131
2719	-0.189
2720	-0.059
2721	-0.129
2722	0.052
2723	0.044
2724	-0.17
2725	-0.128
2726	0.068
2727	-0.168
2728	-0.084
2729	0.063
2730	-0.144
2731	0.053
2732	-0.024
2733	-0.113
2734	0.358
2735	0.043
2736	0.88
2737	-0.108
2738	-0.17
2739	-1.491
2740	0.162
2741	-0.071
2742	-0.044
2743	0.446
2744	0.165
2745	-0.131
2746	3.518
2747	-0.301
2748	-0.075
2749	-0.027
2750	0.012
2751	0.098
2752	-0.092
2753	0.109
2754	-0.004
2755	0.066
2756	-0.187
2757	0.027
2759	0.215
2760	-0.198
2761	-0.055
2762	0.13
2763	-0.074
2764	0.514
2765	1.21
2766	-0.004
2767	0.056
2768	-0.078
2769	-0.04
2770	-0.237
2771	0.167
2772	-0.295
2773	-0.093
2774	0.24
2775	0.211
2776	0.15
2777	0.302
2778	0.297
2779	0.084
2780	-0.038
2781	-0.254
2782	0.293
2783	16.221
2784	0.546
2785	-0.061
2786	0.361
2787	0.212
2788	0.314
2789	-0.022
2790	-0.06
2791	0.358
2792	-0.009
2793	0.05
2794	-0.001
2795	-0.093
2796	-0.004
2797	-0.319
2798	0.061
2799	0.114
2800	0.188
2801	-0.276
2802	-0.27
2803	
2804	0.535
2805	0.323
2806	0.037
2807	0.006
2808	0.174
2809	-0.052
2810	0.356
2811	0.099
2812	0.106
2813	0.197
2814	0.399
2815	-0.183
2816	0.017
2817	-0.067
2818	0.182
2819	0.108
2820	0.937
2821	0.264
2822	-0.126
2823	0.144
2824	0.19
2825	0.153
2826	0.206
2827	0.772
2828	-0.067
2829	
2830	2.064
2831	0.482
2832	-0.168
2833	-0.076
2834	-0.008
2835	
2836	0.128
2837	-0.082
2838	-0.127
2839	-0.257
2840	-0.11
2841	1.154
2842	-0.159
2843	0.537
2844	-0.167
2845	0.036
2846	-0.087
2847	-0.213
2848	-0.219
2849	-0.017
2850	0.489
2851	-0.055
2852	0.804
2853	-0.125
2854	-0.004
2855	-0.065
2856	-0.078
2857	-0.076
2858	-0.065
2859	0.066
2860	-0.08
2861	0.097
2862	-0.041
2863	-0.406
2864	-0.012
2865	0.49
2866	0.014
2867	0.009
2868	-0.042
2869	-0.019
2870	-0.116
2871	0.185
2872	-0.042
2873	0.069
2874	-0.025
2875	0.013
2876	-0.013
2877	0.009
2878	-0.089
2879	-0.169
2880	0.554
2881	0.071
2882	0.091
2883	0.416
2884	0.048
2885	-0.082
2886	-0.211
2887	-0.11
2888	-0.005
2889	0.039
2890	-0.156
2891	0.3
2892	-0.011
2893	-0.156
2894	0.098
2895	-0.035
2896	-0.097
2897	-0.042
2898	-0.095
2899	-0.142
2900	0.051
2901	-0.185
2902	-0.015
2903	-0.043
2904	0.062
2905	-0.05
2906	-0.092
2907	-0.206
2908	0.29
2909	0.771
2910	0.408
2911	0.065
2912	-0.161
2913	2.96
2914	0.156
2915	-0.037
2916	0.178
2917	-0.181
2918	-0.084
2919	0.075
2920	0.058
2921	-0.247
2922	0.05
2923	-0.137
2924	-0.141
2925	-0.17
2926	0.012
2927	0.042
2928	-0.155
2929	0.018
2930	0.108
2931	-0.198
2932	0.171
2933	-0.091
2934	0.058
2935	0.385
2936	-0.135
2937	-0.113
2938	-0.145
2939	-0.104
2940	0.013
2941	0.179
2942	-0.162
2943	-0.034
2944	-0.015
2945	-0.249
2946	-0.145
2947	-0.047
2948	-0.408
2949	-0.332
2950	-0.231
2951	-0.297
2952	-0.131
2953	-0.15
2954	-0.107
2955	-0.204
2956	-0.013
2957	-0.239
2958	-0.229
2959	-0.001
2960	0.191
2961	0.156
2962	0.01
2963	-0.011
2964	-0.279
2965	-0.308
2966	-0.232
2967	-0.151
2968	-0.123
2969	0.074
2970	-0.189
2971	-0.299
2972	0.002
2973	-0.152
2974	0.136
2975	-0.15
2976	-0.149
2977	-0.122
2978	0.762
2979	0.36
2980	0.091
2981	0.407
2982	-0.095
2983	0.235
2984	-0.22
2985	-0.149
2986	-0.246
2987	-0.173
2988	-0.383
2989	0.659
2990	0.865
2991	0.808
2992	0.013
2993	-0.003
2994	-0.034
2995	-0.02
2996	-0.078
2997	0.008
2998	0.05
2999	0.011
3000	0.366
3001	-0.243
3002	-0.057
3003	-0.03
3004	-0.045
3005	0.209
3006	0.215
3007	0.243
3008	0.2
3009	-0.166
3010	0.037
3011	-0.026
3012	-0.149
3013	-0.003
3014	0.241
3015	0.287
3016	-0.177
3017	0.307
3018	-0.063
3019	0.021
3020	0.115
3021	0.04
3022	-0.139
3023	-0.114
3024	0.097
3025	0.191
3026	-0.172
3027	0.105
3028	-0.103
3029	-0.151
3030	0.219
3031	-0.058
3032	0.066
3033	0.012
3034	-0.209
3035	0.083
3036	-0.225
3037	-0.161
3038	4.026
3039	-0.063
3040	0.015
3041	-0.087
3042	-0.064
3043	0.166
3044	0.207
3045	0.112
3046	-0.096
3047	0.024
3048	-0.031
3049	0.018
3050	-0.058
3051	0.15
3052	-0.173
3053	-0.095
3054	0.18
3055	-0.041
3056	0.055
3057	0.015
3058	-0.006
3059	0.168
3060	-0.156
3061	0
3062	0.001
3063	-0.084
3064	-0.074
3065	-0.196
3066	-1.263
3067	-0.094
3068	0.039
3069	-0.121
3070	-0.039
3071	0.296
3072	0.311
3073	0.074
3074	-0.196
3075	-0.145
3076	-0.212
3077	0.034
3078	-0.046
3079	0.278
3080	0.175
3081	0.234
3082	-0.151
3083	-0.045
3084	-0.042
3085	-0.005
3086	0.064
3087	0.213
3088	0.064
3089	0.458
3090	0.227
3091	-0.283
3092	-0.244
3093	0.287
3094	0.002
3095	-0.106
3096	0.641
3097	0.596
3098	0.098
3099	0.009
3100	0.072
3101	0.049
3102	-0.206
3103	0.071
3104	-0.087
3105	-0.286
3106	-0.209
3107	-0.167
3108	-0.002
3109	0.391
3110	0.701
3111	0.874
3112	-0.041
3113	0.007
3114	0.507
3115	0.824
3116	-0.218
3117	0.121
3118	-0.058
3119	-0.126
3120	0.05
3121	0.125
3122	-0.06
3123	-0.033
3124	0.146
3125	0.621
3126	1.819
3127	0.926
3128	0.483
3129	0.648
3130	0.5
3131	0.817
3132	-0.017
3133	-0.158
3134	-0.333
3135	-0.264
3136	-0.291
3137	-0.076
3138	0.095
3139	-0.122
3140	0.65
3141	0.501
3142	0.884
3143	1.219
3144	0.259
3145	0.35
3146	1.439
3147	-0.282
3148	-0.279
3149	-0.033
3150	0.017
3151	-0.01
3152	0.654
3153	-0.18
3154	0.129
3155	0.346
3156	-0.153
3157	-0.167
3158	-0.006
3159	-0.319
3160	-0.033
3161	-0.2
3162	-0.117
3163	-0.072
3164	0.093
3165	-0.267
3166	0.124
3167	-0.146
3168	-0.026
3169	0.021
3170	-0.059
3171	0.032
3172	0.046
3173	-0.13
3174	0.026
3175	-0.152
3176	-0.499
3177	-0.031
3178	0.1
3179	0.054
3180	1.569
3181	-0.077
3182	-0.15
3183	0.405
3184	0.169
3185	-0.244
3186	-0.363
3187	1.106
3188	0.228
3189	-0.197
3190	0.039
3191	0.502
3192	0.433
3193	0.013
3194	2.121
3195	-0.126
3196	-0.089
3197	-0.183
3198	
3199	-0.12
3200	0.061
3201	-0.098
3202	0.173
3203	-0.031
3204	0.298
3205	-0.129
3206	-0.077
3207	0.061
3208	0.045
3209	0.183
3210	-0.162
3211	-3.952
3212	0.078
3213	-3
3214	-0.182
3215	-0.294
3216	0.094
3217	0.094
3218	0.393
3219	0.434
3220	-0.066
3221	0.112
3222	-0.015
3223	0.072
3224	0.08
3225	-0.107
3226	0.102
3227	0.027
3228	-0.089
3229	0.202
3230	-0.151
3231	0.015
3232	-0.151
3233	0.017
3234	-0.11
3235	0.135
3236	-0.218
3237	0.193
3238	-0.06
3239	-0.128
3240	-0.122
3241	-0.232
3242	0.036
3243	0.169
3244	-0.128
3245	0.434
3246	-0.609
3247	-0.358
3248	0.074
3249	0.046
3250	-0.01
3251	-0.029
3252	0.001
3253	0.107
3254	-0.249
3255	-0.155
3256	0.268
3257	-0.099
3258	-0.45
3259	0.223
3260	0.009
3261	-0.048
3262	-0.13
3263	-0.165
3264	0.113
3265	-0.252
3266	-0.06
3267	0.086
3268	0.226
3269	-0.046
3270	0.052
3271	0.054
3272	0.02
3273	0.16
3274	-0.073
3275	-0.025
3276	-0.063
3277	-0.002
3278	0.086
3279	0.156
3280	0.568
3281	-0.023
3282	-0.081
3283	0.064
3284	0.016
3285	-0.111
3286	-0.059
3287	0.256
3288	-0.024
3289	-0.014
3290	0.705
3291	-0.04
3292	0.09
3293	0.28
3294	-0.018
3295	-0.025
3296	0.348
3297	-0.06
3298	-0.351
3299	-0.007
3300	-0.239
3301	-0.201
3302	-0.349
3303	-0.109
3304	-0.242
3305	-0.123
3306	-0.155
3307	0.104
3308	-0.104
3309	-0.168
3310	0.062
3311	0.034
3312	-0.302
3313	0.139
3314	0.608
3315	-0.068
3316	0.083
3317	-0.093
3318	-0.118
3319	-0.005
3320	-0.207
3321	0.057
3322	-0.123
3323	-0.15
3324	-0.112
3325	0.374
3326	-0.029
3327	-0.026
3328	-0.225
3329	0.008
3330	0.16
3331	-0.045
3332	0.232
3333	0.034
3334	0.03
3335	-0.319
3336	-0.046
3337	0.035
3338	0.134
3339	3.554
3340	1.321
3341	
3342	-0.108
3343	0.096
3344	0.197
3345	-0.01
3346	0.124
3347	0.091
3348	-0.209
3349	0.101
3350	0.789
3351	-0.193
3352	0.321
3353	0.242
3354	-0.368
3355	-0.331
3356	-0.129
3357	-0.189
3358	-0.229
3359	-0.06
3360	1.253
3362	1.686
3363	0.935
3365	-0.144
3366	0.348
3367	0.05
3368	0.72
3369	0.428
3370	-1.026
3371	0.481
3372	-0.028
3373	-0.356
3374	-0.103
3375	-0.033
3376	-0.125
3377	0.188
3378	0.196
3379	-0.115
3380	-0.544
3381	-0.052
3382	-0.172
3383	-0.052
3384	-0.297
3385	0.256
3386	-0.137
3387	-0.008
3388	-0.157
3389	0.576
3390	-0.42
3391	0.182
3392	-0.095
3393	0.113
3394	0.44
3395	-0.126
3396	0.103
3397	-0.083
3398	-0.058
3399	0.293
3400	-0.026
3401	0.281
3402	-0.789
3403	0.031
3404	-0.283
3405	0.176
3406	0.384
3407	-0.228
3408	-0.439
3409	-0.232
3410	-0.161
3411	0.03
3412	1.481
3413	0.142
3414	0.289
3415	-0.123
3416	0.223
3417	0.883
3418	0.263
3419	0.083
3420	-0.037
3421	0.301
3422	0.147
3423	-0.085
3424	-0.017
3425	0.395
3426	-0.219
3427	-0.095
3428	-0.052
3429	-0.151
3430	-0.125
3431	-0.124
3432	-0.16
3433	-0.051
3434	-0.159
3435	-0.139
3436	-0.032
3437	-0.274
3438	-0.037
3439	0.101
3440	0.059
3441	-0.016
3442	-0.193
3443	-0.086
3444	0.252
3445	0.197
3446	0.022
3447	2.852
3448	-0.051
3449	0.262
3450	0.377
3451	0.001
3452	0.093
3453	0.154
3454	-0.075
3455	0.018
3456	0.112
3457	-0.272
3458	0.029
3459	-0.131
3460	-0.192
3461	-0.12
3462	-0.084
3463	0.202
3464	0.611
3465	0.864
3466	
3467	
3468	0.256
3469	
3470	-0.067
3471	0.028
3472	0.773
3473	0.218
3474	0.067
3475	-0.016
3476	-0.244
3477	-0.128
3478	-0.19
3479	-0.333
3480	0.026
3481	0.023
3482	0.123
3483	-0.083
3484	-0.089
3485	-0.052
3486	-0.124
3487	-0.181
3488	0.245
3489	0.536
3490	1.147
3491	-0.161
3492	-0.174
3493	-0.14
3494	-0.166
3495	-0.186
3496	-0.387
3497	-0.028
3498	-0.141
3499	-0.12
3500	-0.022
3501	-0.194
3502	-0.023
3503	-0.234
3504	0.014
3505	-0.178
3506	-0.25
3507	-0.108
3508	-0.065
3509	-0.027
3510	-0.126
3511	-0.082
3512	-0.043
3513	-0.056
3514	-0.087
3515	0.018
3516	-0.148
3517	-0.064
3518	-0.132
3519	-0.123
3520	-0.19
3521	-0.178
3522	-0.189
3523	-0.121
3524	0.663
3525	0.005
3526	0.238
3528	-0.383
3529	-0.085
3530	-0.081
3531	-0.059
3532	-0.098
3533	-0.297
3534	-0.097
3537	-0.254
3538	-0.156
3539	0.284
3540	-0.256
3541	-0.152
3542	-0.059
3543	-0.207
3544	-0.027
3545	-0.142
3546	-0.085
3547	-0.103
3548	-0.306
3549	-0.206
3550	-0.157
3551	0.087
3552	0.995
3553	0.225
3554	0.138
3555	-0.063
3556	-0.064
3557	-0.083
3558	-0.084
3559	-0.291
3560	-0.108
3561	0.092
3562	0.053
3563	0.126
3564	0.075
3565	-0.162
3566	0.045
3567	-0.074
3568	-0.056
3569	-0.325
3570	-0.066
3571	0.019
3572	0.104
3573	-0.031
3574	0.133
3575	0.627
3576	-0.072
3577	0.013
3578	-0.032
3579	-0.128
3580	0.043
3581	0.925
3582	0.193
3583	-0.049
3584	-0.029
3585	-0.198
3586	-0.176
3587	0.599
3588	-0.038
3589	0.118
3590	-0.178
3591	-0.05
3592	-0.207
3593	-0.159
3594	-0.139
3595	-0.129
3596	-0.071
3597	-0.095
3598	-0.143
3599	0.086
3600	0.042
3601	-0.153
3602	-0.215
3603	-0.026
3604	-0.052
3605	-0.27
3606	-0.138
3607	-0.11
3608	-0.122
3609	-0.043
3610	-0.004
3611	-0.077
3612	0.01
3613	0.039
3614	-0.116
3615	-0.187
3616	-0.11
3617	-0.148
3619	-0.014
3620	-0.263
3621	-0.084
3622	-0.134
3623	-0.213
3624	-0.155
3625	-0.134
3626	0.007
3627	-0.159
3628	0.047
3629	-0.028
3630	-0.02
3631	-0.028
3632	-0.046
3633	-0.085
3634	-0.09
3635	-0.111
3636	-0.117
3637	-0.133
3638	-0.152
3639	-0.092
3640	-0.199
3641	-0.104
3642	-0.098
3643	-0.026
3644	-0.186
3645	-0.073
3646	-0.119
3647	0.048
3648	0.029
3649	-0.033
3650	-0.094
3651	-0.137
3652	-0.035
3653	-0.134
3654	-0.091
3655	-0.037
3656	-0.24
3657	-0.107
3658	0.124
3659	0.056
3660	-0.086
3661	-0.012
3662	
3663	0.002
3664	-0.023
3665	-0.227
3666	-0.057
3667	-0.039
3668	-0.222
3669	-0.185
3670	0.09
3671	-0.159
3672	0.898
3673	0.611
3674	0.007
3675	0.25
3676	-0.158
3677	-0.191
3678	0.644
3679	-0.1
3680	-0.114
3681	-0.102
3682	-0.076
3683	-0.126
3684	0.014
3685	-0.143
3686	-0.082
3687	-0.059
3688	-0.067
3689	-0.051
3690	-0.145
3691	-0.161
3692	-0.192
3693	-0.102
3694	-0.11
3695	-0.096
3696	-0.104
3697	-0.182
3698	-0.268
3699	0.024
3700	-0.187
3701	-0.167
3702	-0.085
3703	-0.098
3704	-0.184
3705	-0.16
3706	-0.158
3707	-0.201
3708	-0.143
3709	-0.236
3710	-0.265
3711	-0.147
3712	-0.218
3713	-0.043
3714	-0.027
3715	-0.08
3716	-0.078
3717	-0.086
3718	-0.155
3719	-0.054
3720	-0.146
3721	-0.004
3722	-0.245
3723	-0.106
3724	-0.29
3725	-0.069
3726	0.215
3727	-0.164
3728	-0.221
3729	-0.348
3730	0.045
3731	-0.205
3732	-0.217
3733	-0.015
3734	-0.134
3735	-0.009
3736	-0.132
3737	-0.036
3738	-0.21
3739	-0.154
3740	-0.176
3741	-0.096
3742	-0.063
3743	-0.116
3744	-0.244
3745	-0.037
3746	-0.078
3747	-0.157
3748	-0.24
3749	-0.166
3750	-0.045
3751	-0.028
3752	-0.046
3753	-0.096
3754	0.045
3755	0.047
3756	-0.27
3757	-0.148
3758	-0.068
3759	-0.206
3760	-0.194
3761	-0.133
3762	-0.067
3763	-0.155
3764	1.122
3765	0.303
3766	0.742
3767	0.127
3768	0.498
3769	0.401
3770	-0.025
3771	0.055
3772	-0.035
3773	-0.168
3774	
3775	-0.047
3776	-0.176
3777	-0.063
3778	-0.125
3779	-0.116
3780	-0.018
3781	0.079
3782	-0.112
3783	-0.088
3784	0.094
3785	-0.219
3786	-0.4
3787	-0.067
3788	-0.118
3789	-0.145
3790	-0.117
3791	-0.088
3792	-0.207
3793	-0.159
3794	0.145
3795	0.168
3796	-0.135
3797	-0.092
3798	-0.07
3799	0.01
3800	-0.224
3801	-0.174
3802	-0.227
3803	-0.21
3804	0.036
3805	-0.129
3806	-0.038
3807	0.155
3808	0.046
3809	0.054
3810	0.007
3811	-0.164
3812	-0.146
3813	-0.06
3814	-0.215
3815	-0.148
3816	-0.031
3817	-0.098
3818	-0.108
3819	-0.129
3820	-0.145
3821	-0.138
3822	-0.282
3823	-0.208
3824	-0.311
3825	-0.218
3826	-0.196
3827	-0.196
3828	0.037
3829	-0.013
3830	-0.186
3831	-0.132
3832	0.099
3833	-0.052
3834	-0.032
3835	-0.077
3836	-0.195
3837	-0.125
3838	-0.131
3839	-0.111
3840	0.078
3841	-0.092
3842	-0.109
3843	-0.001
3844	-0.042
3845	-0.192
3846	-0.246
3847	-0.208
3848	-0.352
3849	-0.007
3850	0.066
3851	-0.015
3852	0.635
3853	-0.099
3854	-0.128
3855	-0.102
3856	-0.044
3857	0.112
3858	-0.015
3859	0.032
3860	-0.02
3861	-0.039
3862	0.414
3863	0.415
3864	0.068
3865	-0.08
3866	-0.01
3867	0.528
3868	-0.231
3869	-0.218
3870	-0.131
3871	0.038
3872	-0.027
3873	-0.157
3874	-0.111
3875	-0.243
3876	-0.135
3877	0.085
3878	-0.088
3879	0.114
3880	-0.157
3881	0.065
3882	-0.041
3883	0.023
3884	-0.359
3885	-0.312
3886	-0.335
3887	-0.21
3888	-0.186
3889	-0.217
3890	-0.197
3891	-0.15
3892	-0.099
3893	-0.179
3894	-0.304
3895	-0.382
3896	-0.177
3897	-0.383
3898	-0.256
3899	-0.202
3900	-0.271
3901	-0.244
3902	-0.46
3903	-0.299
3904	-0.608
3905	-0.125
3906	-0.203
3907	-0.213
3908	-0.147
3909	-0.147
3910	-0.216
3911	-0.074
3912	-0.151
3913	-0.303
3914	-0.318
3915	-0.255
3916	-0.221
3917	-0.158
3918	-0.484
3919	0.053
3920	-0.176
3921	-0.293
3922	-0.009
3923	-0.242
3924	-0.086
3925	-0.114
3926	-0.119
3927	-0.068
3928	-0.104
3929	-0.281
3930	-0.192
3931	-0.294
3932	0.011
3933	-0.168
3934	-0.125
3935	-0.088
3936	-0.116
3937	-0.089
3938	0.013
3939	-0.076
3940	-0.227
3941	-0.079
3942	-0.023
3943	0.056
3944	-0.042
3945	-0.124
3946	-0.097
3947	-0.075
3948	-0.079
3949	-0.049
3950	-0.142
3951	-0.383
3952	-0.153
3953	-0.127
3954	0.101
3955	0.108
3956	-0.338
3957	0.183
3958	0.141
1464	0.11
3959	-0.07
3960	0.052
3961	-0.17
3962	-0.094
3963	-0.002
3964	-0.053
3965	-0.42
3966	-0.191
3967	0.141
3968	-0.142
3969	-0.288
3970	-0.294
1766	-0.397
3971	-0.217
3972	0.078
3973	-0.026
3974	-0.026
3975	-0.008
3976	-0.168
3977	-0.156
3978	-0.185
3979	-0.285
3980	-0.177
3981	-0.269
1932	0.245
3982	-0.052
3983	-0.011
3984	-0.092
3985	-0.336
3986	0.106
3987	-0.182
3988	-0.022
3989	-0.092
3990	-0.093
3991	-0.218
3992	-0.138
3993	-0.089
3994	-0.15
2098	-0.128
3995	-0.052
3996	-0.255
3997	-0.251
3998	-0.154
3999	-0.008
4000	-0.135
4001	-0.219
4002	-0.13
4003	-0.101
4004	0.327
4005	-0.055
4006	0.119
4007	-0.164
4008	-0.166
4009	-0.074
4010	-0.42
4011	-0.148
4012	-0.258
4013	-0.168
4014	-0.044
4015	-0.077
4016	-0.121
4017	-0.429
4018	-0.193
4019	-0.094
4020	-0.151
4021	-0.534
4022	-0.136
4023	-0.2
4024	-0.174
4025	0.008
4026	-0.057
4027	-0.128
4028	0.302
2758	-0.054
4029	0.055
4030	-0.095
4031	-0.013
4032	0.03
4033	-0.201
4034	-0.161
4035	0.177
4036	0.029
4037	-0.026
4038	-0.169
4039	0.075
4040	-0.137
4041	-0.17
4042	-0.031
4043	-0.17
4044	-0.193
4045	-0.21
4046	-0.127
4047	-0.185
4048	0.515
4049	-0.118
4050	-0.175
4051	0.203
4052	0.68
4053	-0.21
4054	-0.036
4055	-0.071
4056	-0.153
4057	-0.017
4058	0.004
4059	0.03
4060	-0.34
4061	-0.393
4062	-0.335
4063	
4064	0.222
3361	2.037
3364	0.286
4065	-0.15
4066	-0.129
4067	0.158
4068	0.026
4069	-0.235
3527	-0.383
4070	-0.146
4071	-0.245
4072	-0.003
3618	-0.152
4073	-0.261
4074	0.121
4075	-0.382
4076	-0.279
4077	-0.323
4078	-0.161
4079	-0.099
4080	-0.075
4081	-0.228
4082	-0.063
4083	-0.027
4084	0.341
4085	-0.03
4086	-0.036
4087	-0.155
4088	-0.372
4089	-0.088
4090	-0.173
21	-0.133
4091	-0.188
4092	-0.08
4093	-0.072
4094	-0.086
4095	-0.122
4096	-0.193
4097	-0.125
4098	-0.133
4099	-0.166
4100	-0.26
4101	-0.014
4102	-0.214
4103	-0.191
4104	-0.23
4105	-0.024
4106	-0.165
4107	-0.227
4108	-0.168
4109	0.004
4110	-0.103
4111	-0.016
4112	-0.117
4113	-0.28
4114	-0.201
4115	-0.148
4116	-0.146
4117	-0.253
4118	-0.12
796	0.024
4119	-0.181
4120	-0.11
4121	0.01
839	-0.078
4122	-0.49
4123	0.193
4124	-0.109
4125	-0.083
4126	-0.112
4127	0.154
4128	0.168
4129	-0.008
987	-0.179
4130	-0.079
4131	0.235
4132	-0.021
4133	0.999
4134	0.31
4135	-0.161
1076	0.01
4136	-0.229
4137	0.363
1101	-0.019
4138	-0.317
4139	0.592
4140	0.078
4141	0.002
4142	0.08
4143	-0.229
4144	-0.123
4145	-0.017
4146	-0.284
984	-0.071
1096	-0.236
4147	-0.068
4148	0.048
4149	-0.068
4150	-0.273
4151	-0.272
4152	-0.121
4153	0.156
4154	-0.187
4155	-0.323
4156	-0.28
4157	-0.473
4158	-0.247
4159	-0.173
4160	-0.259
4161	-0.388
4162	-0.186
4163	-0.431
4164	-0.437
4165	-0.146
4166	-0.167
4167	-0.107
4168	-0.233
4169	-0.167
4170	-0.151
4171	0.05
280	-0.175
4172	-0.154
4173	-0.162
4174	-0.186
4175	-0.087
4176	-0.117
4177	-0.119
4178	-0.096
4179	-0.226
4180	-0.041
4181	-0.122
4182	-0.071
750	-0.086
4183	-0.188
4184	-0.081
4185	0.168
4186	-0.516
4187	0
4188	0.013
4189	-0.286
4190	-0.011
4191	-0.207
4192	-0.157
4193	-0.09
4194	-0.138
4195	-0.382
4196	-0.381
4197	-0.397
4198	-0.152
4199	-0.162
4200	0.144
4201	-0.023
4202	-0.059
4203	-0.187
4204	-0.099
4205	-0.183
4206	-0.173
4207	-0.064
4208	-0.006
4209	-0.037
4210	0.23
4211	-0.225
4212	-0.137
4213	0.1
4214	0.047
4215	-0.191
4216	-0.383
4217	0
4218	0.113
4219	-0.033
4220	-0.238
4221	0.03
4222	-0.491
4223	-0.017
4224	-0.152
4225	0.172
4226	-0.026
4227	0.846
4228	0.115
4229	1.872
4230	1.537
4231	1.878
4232	1.026
4233	0.09
4234	0.611
4235	0.22
4236	-0.086
4237	1.459
4238	1.385
4239	-0.24
4240	0.143
4241	0.218
4242	2.327
4243	
4244	0.228
4245	0.625
4246	-0.379
3535	-0.078
3536	0.091
4247	0.147
4248	0.123
4249	1.861
4250	0.447
4251	0.019
4252	-0.195
4253	0.193
4254	-0.11
4255	1.965
4256	0.379
4257	0.061
4258	0.2
4259	0.009
4260	-0.102
1831	0.198
4261	-0.082
4262	0.26
4263	0.503
4264	0.354
4265	-0.099
4266	0.234
4267	0.52
4268	0.342
4269	0.032
4270	0.214
4271	-0.12
4272	-0.146
4273	0.005
4274	-0.26
4275	0.245
4276	0.079
4277	0.203
4278	-0.026
4279	0.061
4280	0.148
4281	0.329
4282	0.513
4283	2.179
1461	0.035
4284	0.245
4285	-0.381
4286	0.185
4287	0.889
4288	-0.122
4289	-0.119
4290	-0.134
4291	
4292	-0.072
4293	0.096
4294	0.107
4295	0.308
